# File generated by CMD 3.3 (http://stev.oapd.inaf.it/cmd) on Mon Apr  6 19:59:48 CEST 2020
# isochrones based on PARSEC release v1.2S +  COLIBRI S_35
# Basic references: Bressan et al. (2012), MNRAS, 427, 127 + Chen et al. (2014, 2015), MNRAS, 444, 2525 + MNRAS, 452, 1068 + Tang et al. (2014), MNRAS, 445, 4287 + Marigo et al. (2017), ApJ, 835, 77 + Pastorelli al. (2019), MNRAS in press
# Thermal pulse cycles included 
# On RGB, assumed Reimers mass loss with efficiency eta=0.2
# Photometric system: <i>UBVRIJHK</i> (cf. Maiz-Apellaniz 2006 + Bessell 1990)
# Using YBC version of bolometric corrections as in Chen et al. (2019)
# O-rich circumstellar dpmod60alox40 dust from Groenewegen (2006)
# C-rich circumstellar AMCSIC15 dust from Groenewegen (2006)
# IMF: Kroupa (2001, 2002) + Kroupa et al. (2013) canonical two-part-power law IMF corrected for unresolved binaries 
# Kind of output: luminosity functions
# age     Z  magbinc 	 mbolmag  Umag    Bmag    Vmag    Rmag    Imag    Jmag    Hmag    Kmag
1.37e+10 0.00004 -14.975         0        0        0        0        0        0        0        0        0
1.37e+10 0.00004 -14.925         0        0        0        0        0        0        0        0        0
1.37e+10 0.00004 -14.875         0        0        0        0        0        0        0        0        0
1.37e+10 0.00004 -14.825         0        0        0        0        0        0        0        0        0
1.37e+10 0.00004 -14.775         0        0        0        0        0        0        0        0        0
1.37e+10 0.00004 -14.725         0        0        0        0        0        0        0        0        0
1.37e+10 0.00004 -14.675         0        0        0        0        0        0        0        0        0
1.37e+10 0.00004 -14.625         0        0        0        0        0        0        0        0        0
1.37e+10 0.00004 -14.575         0        0        0        0        0        0        0        0        0
1.37e+10 0.00004 -14.525         0        0        0        0        0        0        0        0        0
1.37e+10 0.00004 -14.475         0        0        0        0        0        0        0        0        0
1.37e+10 0.00004 -14.425         0        0        0        0        0        0        0        0        0
1.37e+10 0.00004 -14.375         0        0        0        0        0        0        0        0        0
1.37e+10 0.00004 -14.325         0        0        0        0        0        0        0        0        0
1.37e+10 0.00004 -14.275         0        0        0        0        0        0        0        0        0
1.37e+10 0.00004 -14.225         0        0        0        0        0        0        0        0        0
1.37e+10 0.00004 -14.175         0        0        0        0        0        0        0        0        0
1.37e+10 0.00004 -14.125         0        0        0        0        0        0        0        0        0
1.37e+10 0.00004 -14.075         0        0        0        0        0        0        0        0        0
1.37e+10 0.00004 -14.025         0        0        0        0        0        0        0        0        0
1.37e+10 0.00004 -13.975         0        0        0        0        0        0        0        0        0
1.37e+10 0.00004 -13.925         0        0        0        0        0        0        0        0        0
1.37e+10 0.00004 -13.875         0        0        0        0        0        0        0        0        0
1.37e+10 0.00004 -13.825         0        0        0        0        0        0        0        0        0
1.37e+10 0.00004 -13.775         0        0        0        0        0        0        0        0        0
1.37e+10 0.00004 -13.725         0        0        0        0        0        0        0        0        0
1.37e+10 0.00004 -13.675         0        0        0        0        0        0        0        0        0
1.37e+10 0.00004 -13.625         0        0        0        0        0        0        0        0        0
1.37e+10 0.00004 -13.575         0        0        0        0        0        0        0        0        0
1.37e+10 0.00004 -13.525         0        0        0        0        0        0        0        0        0
1.37e+10 0.00004 -13.475         0        0        0        0        0        0        0        0        0
1.37e+10 0.00004 -13.425         0        0        0        0        0        0        0        0        0
1.37e+10 0.00004 -13.375         0        0        0        0        0        0        0        0        0
1.37e+10 0.00004 -13.325         0        0        0        0        0        0        0        0        0
1.37e+10 0.00004 -13.275         0        0        0        0        0        0        0        0        0
1.37e+10 0.00004 -13.225         0        0        0        0        0        0        0        0        0
1.37e+10 0.00004 -13.175         0        0        0        0        0        0        0        0        0
1.37e+10 0.00004 -13.125         0        0        0        0        0        0        0        0        0
1.37e+10 0.00004 -13.075         0        0        0        0        0        0        0        0        0
1.37e+10 0.00004 -13.025         0        0        0        0        0        0        0        0        0
1.37e+10 0.00004 -12.975         0        0        0        0        0        0        0        0        0
1.37e+10 0.00004 -12.925         0        0        0        0        0        0        0        0        0
1.37e+10 0.00004 -12.875         0        0        0        0        0        0        0        0        0
1.37e+10 0.00004 -12.825         0        0        0        0        0        0        0        0        0
1.37e+10 0.00004 -12.775         0        0        0        0        0        0        0        0        0
1.37e+10 0.00004 -12.725         0        0        0        0        0        0        0        0        0
1.37e+10 0.00004 -12.675         0        0        0        0        0        0        0        0        0
1.37e+10 0.00004 -12.625         0        0        0        0        0        0        0        0        0
1.37e+10 0.00004 -12.575         0        0        0        0        0        0        0        0        0
1.37e+10 0.00004 -12.525         0        0        0        0        0        0        0        0        0
1.37e+10 0.00004 -12.475         0        0        0        0        0        0        0        0        0
1.37e+10 0.00004 -12.425         0        0        0        0        0        0        0        0        0
1.37e+10 0.00004 -12.375         0        0        0        0        0        0        0        0        0
1.37e+10 0.00004 -12.325         0        0        0        0        0        0        0        0        0
1.37e+10 0.00004 -12.275         0        0        0        0        0        0        0        0        0
1.37e+10 0.00004 -12.225         0        0        0        0        0        0        0        0        0
1.37e+10 0.00004 -12.175         0        0        0        0        0        0        0        0        0
1.37e+10 0.00004 -12.125         0        0        0        0        0        0        0        0        0
1.37e+10 0.00004 -12.075         0        0        0        0        0        0        0        0        0
1.37e+10 0.00004 -12.025         0        0        0        0        0        0        0        0        0
1.37e+10 0.00004 -11.975         0        0        0        0        0        0        0        0        0
1.37e+10 0.00004 -11.925         0        0        0        0        0        0        0        0        0
1.37e+10 0.00004 -11.875         0        0        0        0        0        0        0        0        0
1.37e+10 0.00004 -11.825         0        0        0        0        0        0        0        0        0
1.37e+10 0.00004 -11.775         0        0        0        0        0        0        0        0        0
1.37e+10 0.00004 -11.725         0        0        0        0        0        0        0        0        0
1.37e+10 0.00004 -11.675         0        0        0        0        0        0        0        0        0
1.37e+10 0.00004 -11.625         0        0        0        0        0        0        0        0        0
1.37e+10 0.00004 -11.575         0        0        0        0        0        0        0        0        0
1.37e+10 0.00004 -11.525         0        0        0        0        0        0        0        0        0
1.37e+10 0.00004 -11.475         0        0        0        0        0        0        0        0        0
1.37e+10 0.00004 -11.425         0        0        0        0        0        0        0        0        0
1.37e+10 0.00004 -11.375         0        0        0        0        0        0        0        0        0
1.37e+10 0.00004 -11.325         0        0        0        0        0        0        0        0        0
1.37e+10 0.00004 -11.275         0        0        0        0        0        0        0        0        0
1.37e+10 0.00004 -11.225         0        0        0        0        0        0        0        0        0
1.37e+10 0.00004 -11.175         0        0        0        0        0        0        0        0        0
1.37e+10 0.00004 -11.125         0        0        0        0        0        0        0        0        0
1.37e+10 0.00004 -11.075         0        0        0        0        0        0        0        0        0
1.37e+10 0.00004 -11.025         0        0        0        0        0        0        0        0        0
1.37e+10 0.00004 -10.975         0        0        0        0        0        0        0        0        0
1.37e+10 0.00004 -10.925         0        0        0        0        0        0        0        0        0
1.37e+10 0.00004 -10.875         0        0        0        0        0        0        0        0        0
1.37e+10 0.00004 -10.825         0        0        0        0        0        0        0        0        0
1.37e+10 0.00004 -10.775         0        0        0        0        0        0        0        0        0
1.37e+10 0.00004 -10.725         0        0        0        0        0        0        0        0        0
1.37e+10 0.00004 -10.675         0        0        0        0        0        0        0        0        0
1.37e+10 0.00004 -10.625         0        0        0        0        0        0        0        0        0
1.37e+10 0.00004 -10.575         0        0        0        0        0        0        0        0        0
1.37e+10 0.00004 -10.525         0        0        0        0        0        0        0        0        0
1.37e+10 0.00004 -10.475         0        0        0        0        0        0        0        0        0
1.37e+10 0.00004 -10.425         0        0        0        0        0        0        0        0        0
1.37e+10 0.00004 -10.375         0        0        0        0        0        0        0        0        0
1.37e+10 0.00004 -10.325         0        0        0        0        0        0        0        0        0
1.37e+10 0.00004 -10.275         0        0        0        0        0        0        0        0        0
1.37e+10 0.00004 -10.225         0        0        0        0        0        0        0        0        0
1.37e+10 0.00004 -10.175         0        0        0        0        0        0        0        0        0
1.37e+10 0.00004 -10.125         0        0        0        0        0        0        0        0        0
1.37e+10 0.00004 -10.075         0        0        0        0        0        0        0        0        0
1.37e+10 0.00004 -10.025         0        0        0        0        0        0        0        0        0
1.37e+10 0.00004 -9.975         0        0        0        0        0        0        0        0        0
1.37e+10 0.00004 -9.925         0        0        0        0        0        0        0        0        0
1.37e+10 0.00004 -9.875         0        0        0        0        0        0        0        0        0
1.37e+10 0.00004 -9.825         0        0        0        0        0        0        0        0        0
1.37e+10 0.00004 -9.775         0        0        0        0        0        0        0        0        0
1.37e+10 0.00004 -9.725         0        0        0        0        0        0        0        0        0
1.37e+10 0.00004 -9.675         0        0        0        0        0        0        0        0        0
1.37e+10 0.00004 -9.625         0        0        0        0        0        0        0        0        0
1.37e+10 0.00004 -9.575         0        0        0        0        0        0        0        0        0
1.37e+10 0.00004 -9.525         0        0        0        0        0        0        0        0        0
1.37e+10 0.00004 -9.475         0        0        0        0        0        0        0        0        0
1.37e+10 0.00004 -9.425         0        0        0        0        0        0        0        0        0
1.37e+10 0.00004 -9.375         0        0        0        0        0        0        0        0        0
1.37e+10 0.00004 -9.325         0        0        0        0        0        0        0        0        0
1.37e+10 0.00004 -9.275         0        0        0        0        0        0        0        0        0
1.37e+10 0.00004 -9.225         0        0        0        0        0        0        0        0        0
1.37e+10 0.00004 -9.175         0        0        0        0        0        0        0        0        0
1.37e+10 0.00004 -9.125         0        0        0        0        0        0        0        0        0
1.37e+10 0.00004 -9.075         0        0        0        0        0        0        0        0        0
1.37e+10 0.00004 -9.025         0        0        0        0        0        0        0        0        0
1.37e+10 0.00004 -8.975         0        0        0        0        0        0        0        0        0
1.37e+10 0.00004 -8.925         0        0        0        0        0        0        0        0        0
1.37e+10 0.00004 -8.875         0        0        0        0        0        0        0        0        0
1.37e+10 0.00004 -8.825         0        0        0        0        0        0        0        0        0
1.37e+10 0.00004 -8.775         0        0        0        0        0        0        0        0        0
1.37e+10 0.00004 -8.725         0        0        0        0        0        0        0        0        0
1.37e+10 0.00004 -8.675         0        0        0        0        0        0        0        0        0
1.37e+10 0.00004 -8.625         0        0        0        0        0        0        0        0        0
1.37e+10 0.00004 -8.575         0        0        0        0        0        0        0        0        0
1.37e+10 0.00004 -8.525         0        0        0        0        0        0        0        0        0
1.37e+10 0.00004 -8.475         0        0        0        0        0        0        0        0        0
1.37e+10 0.00004 -8.425         0        0        0        0        0        0        0        0        0
1.37e+10 0.00004 -8.375         0        0        0        0        0        0        0        0        0
1.37e+10 0.00004 -8.325         0        0        0        0        0        0        0        0        0
1.37e+10 0.00004 -8.275         0        0        0        0        0        0        0        0        0
1.37e+10 0.00004 -8.225         0        0        0        0        0        0        0        0        0
1.37e+10 0.00004 -8.175         0        0        0        0        0        0        0        0        0
1.37e+10 0.00004 -8.125         0        0        0        0        0        0        0        0        0
1.37e+10 0.00004 -8.075         0        0        0        0        0        0        0        0        0
1.37e+10 0.00004 -8.025         0        0        0        0        0        0        0        0        0
1.37e+10 0.00004 -7.975         0        0        0        0        0        0        0        0        0
1.37e+10 0.00004 -7.925         0        0        0        0        0        0        0        0        0
1.37e+10 0.00004 -7.875         0        0        0        0        0        0        0        0        0
1.37e+10 0.00004 -7.825         0        0        0        0        0        0        0        0        0
1.37e+10 0.00004 -7.775         0        0        0        0        0        0        0        0        0
1.37e+10 0.00004 -7.725         0        0        0        0        0        0        0        0        0
1.37e+10 0.00004 -7.675         0        0        0        0        0        0        0        0        0
1.37e+10 0.00004 -7.625         0        0        0        0        0        0        0        0        0
1.37e+10 0.00004 -7.575         0        0        0        0        0        0        0        0        0
1.37e+10 0.00004 -7.525         0        0        0        0        0        0        0        0        0
1.37e+10 0.00004 -7.475         0        0        0        0        0        0        0        0        0
1.37e+10 0.00004 -7.425         0        0        0        0        0        0        0        0        0
1.37e+10 0.00004 -7.375         0        0        0        0        0        0        0        0        0
1.37e+10 0.00004 -7.325         0        0        0        0        0        0        0        0        0
1.37e+10 0.00004 -7.275         0        0        0        0        0        0        0        0        0
1.37e+10 0.00004 -7.225         0        0        0        0        0        0        0        0        0
1.37e+10 0.00004 -7.175         0        0        0        0        0        0        0        0        0
1.37e+10 0.00004 -7.125         0        0        0        0        0        0        0        0        0
1.37e+10 0.00004 -7.075         0        0        0        0        0        0        0        0        0
1.37e+10 0.00004 -7.025         0        0        0        0        0        0        0        0        0
1.37e+10 0.00004 -6.975         0        0        0        0        0        0        0        0        0
1.37e+10 0.00004 -6.925         0        0        0        0        0        0        0        0        0
1.37e+10 0.00004 -6.875         0        0        0        0        0        0        0        0        0
1.37e+10 0.00004 -6.825         0        0        0        0        0        0        0        0        0
1.37e+10 0.00004 -6.775         0        0        0        0        0        0        0        0        0
1.37e+10 0.00004 -6.725         0        0        0        0        0        0        0        0        0
1.37e+10 0.00004 -6.675         0        0        0        0        0        0        0        0        0
1.37e+10 0.00004 -6.625         0        0        0        0        0        0        0        0        0
1.37e+10 0.00004 -6.575         0        0        0        0        0        0        0        0        0
1.37e+10 0.00004 -6.525         0        0        0        0        0        0        0        0        0
1.37e+10 0.00004 -6.475         0        0        0        0        0        0        0        0        0
1.37e+10 0.00004 -6.425         0        0        0        0        0        0        0        0        0
1.37e+10 0.00004 -6.375         0        0        0        0        0        0        0        0        0
1.37e+10 0.00004 -6.325         0        0        0        0        0        0        0        0        0
1.37e+10 0.00004 -6.275         0        0        0        0        0        0        0        0        0
1.37e+10 0.00004 -6.225         0        0        0        0        0        0        0        0        0
1.37e+10 0.00004 -6.175         0        0        0        0        0        0        0        0        0
1.37e+10 0.00004 -6.125         0        0        0        0        0        0        0        0        0
1.37e+10 0.00004 -6.075         0        0        0        0        0        0        0        0        0
1.37e+10 0.00004 -6.025         0        0        0        0        0        0        0        0        0
1.37e+10 0.00004 -5.975         0        0        0        0        0        0        0        0        0
1.37e+10 0.00004 -5.925         0        0        0        0        0        0        0        0        0
1.37e+10 0.00004 -5.875         0        0        0        0        0        0        0        0        0
1.37e+10 0.00004 -5.825         0        0        0        0        0        0        0        0        0
1.37e+10 0.00004 -5.775         0        0        0        0        0        0        0        0        0
1.37e+10 0.00004 -5.725         0        0        0        0        0        0        0        0        0
1.37e+10 0.00004 -5.675         0        0        0        0        0        0        0        0        0
1.37e+10 0.00004 -5.625         0        0        0        0        0        0        0        0        0
1.37e+10 0.00004 -5.575         0        0        0        0        0        0        0        0 6.40e-07
1.37e+10 0.00004 -5.525         0        0        0        0        0        0        0        0 8.69e-07
1.37e+10 0.00004 -5.475         0        0        0        0        0        0        0 8.69e-07 9.15e-07
1.37e+10 0.00004 -5.425         0        0        0        0        0        0        0 8.69e-07 1.23e-06
1.37e+10 0.00004 -5.375         0        0        0        0        0        0        0 1.03e-06 1.23e-06
1.37e+10 0.00004 -5.325         0        0        0        0        0        0        0 1.17e-06 1.23e-06
1.37e+10 0.00004 -5.275         0        0        0        0        0        0        0 1.23e-06 1.30e-06
1.37e+10 0.00004 -5.225         0        0        0        0        0        0        0 1.30e-06 1.17e-06
1.37e+10 0.00004 -5.175         0        0        0        0        0        0        0 1.30e-06 1.14e-06
1.37e+10 0.00004 -5.125         0        0        0        0        0        0        0 1.14e-06 1.12e-06
1.37e+10 0.00004 -5.075         0        0        0        0        0        0        0 1.14e-06 1.23e-06
1.37e+10 0.00004 -5.025         0        0        0        0        0        0        0 1.14e-06 1.23e-06
1.37e+10 0.00004 -4.975         0        0        0        0        0        0        0 1.23e-06 1.49e-06
1.37e+10 0.00004 -4.925         0        0        0        0        0        0        0 1.30e-06 1.87e-06
1.37e+10 0.00004 -4.875         0        0        0        0        0        0 5.49e-07 1.55e-06 2.12e-06
1.37e+10 0.00004 -4.825         0        0        0        0        0        0 9.14e-07 1.90e-06 2.10e-06
1.37e+10 0.00004 -4.775         0        0        0        0        0        0 9.60e-07 2.19e-06 2.06e-06
1.37e+10 0.00004 -4.725         0        0        0        0        0        0 1.30e-06 1.99e-06 1.96e-06
1.37e+10 0.00004 -4.675         0        0        0        0        0        0 1.23e-06 2.03e-06 1.96e-06
1.37e+10 0.00004 -4.625         0        0        0        0        0        0 1.37e-06 1.96e-06 2.10e-06
1.37e+10 0.00004 -4.575         0        0        0        0        0        0 1.30e-06 2.03e-06 2.15e-06
1.37e+10 0.00004 -4.525         0        0        0        0        0        0 1.23e-06 2.10e-06 2.17e-06
1.37e+10 0.00004 -4.475         0        0        0        0        0        0 1.19e-06 2.08e-06 2.12e-06
1.37e+10 0.00004 -4.425         0        0        0        0        0        0 1.28e-06 2.17e-06 2.12e-06
1.37e+10 0.00004 -4.375         0        0        0        0        0        0 1.23e-06 2.15e-06 2.19e-06
1.37e+10 0.00004 -4.325         0        0        0        0        0        0 1.37e-06 2.10e-06 2.40e-06
1.37e+10 0.00004 -4.275         0        0        0        0        0        0 1.85e-06 2.22e-06 2.63e-06
1.37e+10 0.00004 -4.225         0        0        0        0        0        0 2.08e-06 2.40e-06 2.63e-06
1.37e+10 0.00004 -4.175         0        0        0        0        0        0 2.17e-06 2.76e-06 2.86e-06
1.37e+10 0.00004 -4.125         0        0        0        0        0        0 2.12e-06 2.60e-06 2.76e-06
1.37e+10 0.00004 -4.075         0        0        0        0        0 6.86e-07 2.08e-06 2.76e-06 2.95e-06
1.37e+10 0.00004 -4.025         0        0        0        0        0 1.05e-06 2.03e-06 2.88e-06 3.29e-06
1.37e+10 0.00004 -3.975         0        0        0        0        0 1.17e-06 2.12e-06 2.90e-06 3.72e-06
1.37e+10 0.00004 -3.925         0        0        0        0        0 1.37e-06 2.22e-06 3.52e-06 3.81e-06
1.37e+10 0.00004 -3.875         0        0        0        0        0 1.44e-06 2.22e-06 3.68e-06 3.88e-06
1.37e+10 0.00004 -3.825         0        0        0        0        0 1.51e-06 2.24e-06 3.88e-06 3.95e-06
1.37e+10 0.00004 -3.775         0        0        0        0        0 1.37e-06 2.24e-06 3.81e-06 4.02e-06
1.37e+10 0.00004 -3.725         0        0        0        0        0 1.28e-06 2.35e-06 3.93e-06 4.07e-06
1.37e+10 0.00004 -3.675         0        0        0        0        0 1.33e-06 2.47e-06 4.07e-06 4.07e-06
1.37e+10 0.00004 -3.625         0        0        0        0        0 1.44e-06 2.65e-06 4.23e-06 4.18e-06
1.37e+10 0.00004 -3.575         0        0        0        0        0 1.53e-06 2.86e-06 4.07e-06 4.07e-06
1.37e+10 0.00004 -3.525         0        0        0        0        0 2.15e-06 2.88e-06 4.07e-06 4.29e-06
1.37e+10 0.00004 -3.475         0        0        0        0        0 2.33e-06 2.90e-06 4.23e-06 4.71e-06
1.37e+10 0.00004 -3.425         0        0        0        0 1.05e-06 2.31e-06 3.06e-06 4.34e-06 4.75e-06
1.37e+10 0.00004 -3.375  9.14e-08        0        0        0 1.10e-06 2.19e-06 3.70e-06 4.75e-06 4.43e-06
1.37e+10 0.00004 -3.325  1.01e-06        0        0        0 1.51e-06 2.22e-06 3.93e-06 4.75e-06 4.66e-06
1.37e+10 0.00004 -3.275  1.01e-06        0        0        0 1.58e-06 2.22e-06 3.97e-06 4.48e-06 4.71e-06
1.37e+10 0.00004 -3.225  1.35e-06        0        0        0 1.65e-06 2.38e-06 3.97e-06 4.66e-06 4.80e-06
1.37e+10 0.00004 -3.175  1.37e-06        0        0        0 1.58e-06 2.42e-06 4.23e-06 4.66e-06 5.51e-06
1.37e+10 0.00004 -3.125  1.51e-06        0        0        0 1.46e-06 2.35e-06 4.27e-06 5.19e-06 6.03e-06
1.37e+10 0.00004 -3.075  1.49e-06        0        0        0 1.49e-06 2.35e-06 4.27e-06 5.64e-06 5.85e-06
1.37e+10 0.00004 -3.025  1.28e-06        0        0        0 1.58e-06 2.49e-06 4.27e-06 6.10e-06 5.83e-06
1.37e+10 0.00004 -2.975  1.33e-06        0        0        0 2.17e-06 2.60e-06 4.32e-06 5.80e-06 5.83e-06
1.37e+10 0.00004 -2.925  1.39e-06        0        0        0 2.44e-06 2.90e-06 4.27e-06 6.05e-06 6.38e-06
1.37e+10 0.00004 -2.875  1.44e-06        0        0        0 2.58e-06 2.97e-06 4.66e-06 5.87e-06 6.28e-06
1.37e+10 0.00004 -2.825  2.03e-06        0        0        0 2.49e-06 3.11e-06 5.07e-06 6.47e-06 6.92e-06
1.37e+10 0.00004 -2.775  2.31e-06        0        0        0 2.47e-06 3.02e-06 4.80e-06 6.49e-06 7.22e-06
1.37e+10 0.00004 -2.725  2.38e-06        0        0        0 2.42e-06 3.68e-06 4.71e-06 7.22e-06 1.33e-05
1.37e+10 0.00004 -2.675  2.44e-06        0        0 5.94e-07 2.63e-06 3.93e-06 4.89e-06 7.22e-06 1.52e-05
1.37e+10 0.00004 -2.625  2.31e-06        0        0 1.42e-06 2.54e-06 4.22e-06 5.16e-06 1.71e-05 1.15e-05
1.37e+10 0.00004 -2.575  2.31e-06        0        0 1.85e-06 2.58e-06 4.13e-06 5.82e-06 1.32e-05 9.31e-06
1.37e+10 0.00004 -2.525  2.47e-06        0        0 1.92e-06 2.63e-06 4.32e-06 6.10e-06 1.05e-05 9.14e-06
1.37e+10 0.00004 -2.475  2.49e-06        0        0 2.03e-06 2.74e-06 4.52e-06 6.17e-06 9.42e-06 9.31e-06
1.37e+10 0.00004 -2.425  2.47e-06        0        0 1.78e-06 2.86e-06 4.52e-06 6.35e-06 9.14e-06 8.90e-06
1.37e+10 0.00004 -2.375  2.47e-06        0        0 1.87e-06 3.20e-06 4.52e-06 6.19e-06 9.10e-06 8.78e-06
1.37e+10 0.00004 -2.325  2.65e-06        0        0 2.51e-06 3.15e-06 4.52e-06 6.58e-06 8.85e-06 1.18e-05
1.37e+10 0.00004 -2.275  2.70e-06        0        0 3.08e-06 3.22e-06 4.52e-06 6.88e-06 9.08e-06 1.31e-05
1.37e+10 0.00004 -2.225  3.06e-06        0        0 3.22e-06 3.75e-06 4.82e-06 7.31e-06 1.60e-05 7.70e-06
1.37e+10 0.00004 -2.175  3.08e-06        0        0 3.11e-06 4.25e-06 5.30e-06 7.49e-06 8.15e-06 8.04e-06
1.37e+10 0.00004 -2.125  3.22e-06        0        0 2.92e-06 4.32e-06 5.07e-06 1.73e-05 8.02e-06 8.59e-06
1.37e+10 0.00004 -2.075  3.13e-06        0        0 3.13e-06 4.45e-06 4.93e-06 1.38e-05 8.25e-06 8.93e-06
1.37e+10 0.00004 -2.025  4.18e-06        0        0 3.08e-06 4.54e-06 5.21e-06 1.06e-05 8.93e-06 8.98e-06
1.37e+10 0.00004 -1.975  4.20e-06        0        0 2.83e-06 4.57e-06 5.80e-06 9.81e-06 8.61e-06 9.16e-06
1.37e+10 0.00004 -1.925  4.41e-06        0        0 3.22e-06 4.73e-06 6.01e-06 9.44e-06 9.53e-06 9.65e-06
1.37e+10 0.00004 -1.875  4.34e-06        0        0 3.20e-06 4.73e-06 6.56e-06 9.19e-06 9.16e-06 1.04e-05
1.37e+10 0.00004 -1.825  4.66e-06        0        0 3.43e-06 4.77e-06 6.51e-06 9.19e-06 1.03e-05 1.04e-05
1.37e+10 0.00004 -1.775  4.52e-06        0        0 3.52e-06 4.73e-06 6.49e-06 1.52e-05 1.04e-05 1.05e-05
1.37e+10 0.00004 -1.725  4.73e-06        0        0 3.68e-06 5.14e-06 6.67e-06 9.63e-06 1.04e-05 1.09e-05
1.37e+10 0.00004 -1.675  4.73e-06        0        0 4.20e-06 5.48e-06 7.33e-06 8.02e-06 1.09e-05 1.13e-05
1.37e+10 0.00004 -1.625  4.68e-06        0        0 4.66e-06 5.35e-06 7.49e-06 8.34e-06 1.09e-05 1.20e-05
1.37e+10 0.00004 -1.575  4.71e-06        0        0 4.82e-06 5.21e-06 8.04e-06 8.75e-06 1.17e-05 1.24e-05
1.37e+10 0.00004 -1.525  5.30e-06        0        0 4.82e-06 5.73e-06 7.77e-06 9.28e-06 1.25e-05 1.35e-05
1.37e+10 0.00004 -1.475  5.35e-06        0        0 4.93e-06 6.03e-06 2.08e-05 9.19e-06 1.31e-05 1.36e-05
1.37e+10 0.00004 -1.425  5.12e-06        0        0 5.14e-06 6.53e-06 1.33e-05 9.53e-06 1.36e-05 1.41e-05
1.37e+10 0.00004 -1.375  5.26e-06        0        0 5.14e-06 6.85e-06 9.92e-06 1.02e-05 1.36e-05 1.47e-05
1.37e+10 0.00004 -1.325  5.82e-06        0        0 5.02e-06 6.72e-06 9.95e-06 1.04e-05 1.46e-05 1.48e-05
1.37e+10 0.00004 -1.275  6.12e-06        0        0 5.14e-06 6.79e-06 9.61e-06 1.09e-05 1.48e-05 1.60e-05
1.37e+10 0.00004 -1.225  6.62e-06        0 7.32e-07 5.05e-06 7.54e-06 1.27e-05 1.09e-05 1.61e-05 1.62e-05
1.37e+10 0.00004 -1.175  6.79e-06        0 3.54e-06 5.85e-06 7.77e-06 1.35e-05 1.16e-05 1.63e-05 1.73e-05
1.37e+10 0.00004 -1.125  6.56e-06        0 6.82e-06 5.62e-06 7.95e-06 7.97e-06 1.23e-05 1.65e-05 1.81e-05
1.37e+10 0.00004 -1.075  6.74e-06        0 5.87e-06 5.67e-06 8.32e-06 8.20e-06 1.30e-05 1.88e-05 1.91e-05
1.37e+10 0.00004 -1.025  7.36e-06        0 9.87e-06 6.10e-06 1.88e-05 8.66e-06 1.26e-05 1.84e-05 2.02e-05
1.37e+10 0.00004 -0.975  7.77e-06        0 7.54e-06 6.37e-06 1.46e-05 9.05e-06 1.43e-05 2.00e-05 2.07e-05
1.37e+10 0.00004 -0.925  8.13e-06        0 5.32e-06 6.81e-06 1.09e-05 9.62e-06 1.43e-05 2.08e-05 2.18e-05
1.37e+10 0.00004 -0.875  8.13e-06        0 5.55e-06 7.24e-06 1.02e-05 9.92e-06 1.54e-05 2.15e-05 2.31e-05
1.37e+10 0.00004 -0.825  2.00e-05        0 6.42e-06 7.01e-06 9.74e-06 9.90e-06 1.60e-05 2.35e-05 2.32e-05
1.37e+10 0.00004 -0.775  1.40e-05        0 6.48e-06 7.15e-06 1.68e-05 1.04e-05 1.67e-05 2.41e-05 2.64e-05
1.37e+10 0.00004 -0.725  1.06e-05        0 6.81e-06 8.15e-06 9.20e-06 1.13e-05 1.80e-05 2.58e-05 2.77e-05
1.37e+10 0.00004 -0.675  9.88e-06        0 6.53e-06 8.13e-06 8.24e-06 1.15e-05 1.85e-05 2.86e-05 2.86e-05
1.37e+10 0.00004 -0.625  1.00e-05 5.53e-06 6.44e-06 8.50e-06 8.34e-06 1.23e-05 2.03e-05 2.79e-05 3.07e-05
1.37e+10 0.00004 -0.575  1.66e-05 6.78e-06 6.69e-06 8.64e-06 8.98e-06 1.24e-05 2.12e-05 3.25e-05 3.24e-05
1.37e+10 0.00004 -0.525  9.20e-06 3.66e-06 6.53e-06 2.07e-05 9.35e-06 1.29e-05 2.38e-05 3.24e-05 3.36e-05
1.37e+10 0.00004 -0.475  7.97e-06 3.19e-06 6.17e-06 1.44e-05 9.62e-06 1.36e-05 2.51e-05 3.39e-05 3.64e-05
1.37e+10 0.00004 -0.425  8.57e-06 2.09e-05 6.28e-06 1.07e-05 1.03e-05 1.51e-05 2.78e-05 3.51e-05 3.68e-05
1.37e+10 0.00004 -0.375  8.98e-06 2.30e-05 6.58e-06 1.04e-05 1.03e-05 1.57e-05 2.96e-05 3.92e-05 4.04e-05
1.37e+10 0.00004 -0.325  9.12e-06 1.63e-05 6.92e-06 1.81e-05 1.09e-05 1.74e-05 3.11e-05 3.82e-05 3.94e-05
1.37e+10 0.00004 -0.275  9.96e-06 1.24e-05 7.45e-06 8.24e-06 1.18e-05 1.92e-05 3.29e-05 4.16e-05 4.16e-05
1.37e+10 0.00004 -0.225  1.00e-05 1.13e-05 7.26e-06 8.24e-06 1.25e-05 2.07e-05 3.64e-05 4.06e-05 4.32e-05
1.37e+10 0.00004 -0.175  1.03e-05 1.56e-05 7.33e-06 8.56e-06 1.25e-05 2.39e-05 3.69e-05 4.31e-05 4.24e-05
1.37e+10 0.00004 -0.125  1.07e-05 1.72e-05 8.06e-06 8.98e-06 1.31e-05 2.77e-05 3.86e-05 4.22e-05 4.52e-05
1.37e+10 0.00004 -0.075  1.17e-05 9.96e-06 8.06e-06 9.39e-06 1.48e-05 3.18e-05 3.91e-05 4.45e-05 4.66e-05
1.37e+10 0.00004 -0.025  1.25e-05 1.03e-05 8.68e-06 9.96e-06 1.71e-05 3.49e-05 3.98e-05 4.58e-05 4.45e-05
1.37e+10 0.00004  0.025  1.25e-05 1.05e-05 9.09e-06 1.00e-05 2.04e-05 3.80e-05 4.04e-05 4.44e-05 4.93e-05
1.37e+10 0.00004  0.075  1.26e-05 1.05e-05 9.14e-06 1.10e-05 2.37e-05 3.92e-05 3.96e-05 4.90e-05 4.93e-05
1.37e+10 0.00004  0.125  1.51e-05 1.11e-05 9.66e-06 1.13e-05 3.32e-05 3.97e-05 4.31e-05 5.06e-05 5.28e-05
1.37e+10 0.00004  0.175  1.66e-05 1.09e-05 1.83e-05 1.27e-05 4.03e-05 3.85e-05 4.32e-05 5.17e-05 5.37e-05
1.37e+10 0.00004  0.225  2.08e-05 2.52e-05 1.69e-05 1.34e-05 4.78e-05 3.86e-05 4.52e-05 5.49e-05 5.52e-05
1.37e+10 0.00004  0.275  2.48e-05 2.04e-05 1.41e-05 1.68e-05 4.61e-05 3.88e-05 4.80e-05 5.43e-05 5.68e-05
1.37e+10 0.00004  0.325  3.94e-05 9.89e-06 1.59e-05 2.80e-05 4.30e-05 4.15e-05 4.59e-05 5.68e-05 5.81e-05
1.37e+10 0.00004  0.375  5.51e-05 1.04e-05 9.07e-06 7.26e-05 4.19e-05 4.19e-05 5.12e-05 5.89e-05 6.01e-05
1.37e+10 0.00004  0.425  6.33e-05 1.04e-05 8.79e-06 8.07e-05 4.14e-05 4.34e-05 5.01e-05 6.14e-05 6.16e-05
1.37e+10 0.00004  0.475  6.67e-05 1.04e-05 9.07e-06 5.35e-05 4.37e-05 4.38e-05 5.34e-05 6.31e-05 6.49e-05
1.37e+10 0.00004  0.525  7.32e-05 1.06e-05 9.30e-06 4.82e-05 4.20e-05 4.63e-05 5.58e-05 6.44e-05 6.60e-05
1.37e+10 0.00004  0.575  8.99e-05 1.29e-05 9.82e-05 4.49e-05 4.38e-05 4.83e-05 5.84e-05 6.85e-05 6.94e-05
1.37e+10 0.00004  0.625  2.25e-04 1.20e-04 1.34e-04 4.43e-05 4.70e-05 5.16e-05 6.13e-05 7.13e-05 7.13e-05
1.37e+10 0.00004  0.675  3.51e-05 1.31e-04 8.88e-05 4.57e-05 4.84e-05 5.55e-05 6.60e-05 7.48e-05 7.89e-05
1.37e+10 0.00004  0.725  2.06e-05 1.00e-04 6.34e-05 4.96e-05 5.39e-05 6.05e-05 7.04e-05 8.03e-05 7.91e-05
1.37e+10 0.00004  0.775  2.09e-05 1.43e-04 6.45e-05 5.83e-05 6.16e-05 6.81e-05 8.12e-05 9.00e-05 8.98e-05
1.37e+10 0.00004  0.825  2.21e-05 9.83e-05 1.35e-04 8.24e-05 8.44e-05 9.40e-05 9.97e-05 1.09e-04 1.09e-04
1.37e+10 0.00004  0.875  2.22e-05 1.74e-05 2.24e-05 9.91e-05 1.06e-04 1.07e-04 1.20e-04 1.24e-04 1.27e-04
1.37e+10 0.00004  0.925  2.41e-05 1.48e-05 1.82e-05 2.99e-05 3.65e-05 4.59e-05 5.84e-05 6.71e-05 6.97e-05
1.37e+10 0.00004  0.975  2.51e-05 1.54e-05 1.37e-05 2.30e-05 3.25e-05 4.09e-05 5.71e-05 6.77e-05 6.76e-05
1.37e+10 0.00004  1.025  2.50e-05 1.59e-05 1.38e-05 2.22e-05 3.00e-05 4.25e-05 5.38e-05 6.25e-05 6.37e-05
1.37e+10 0.00004  1.075  2.70e-05 1.68e-05 1.44e-05 2.29e-05 3.19e-05 4.09e-05 5.59e-05 6.37e-05 6.62e-05
1.37e+10 0.00004  1.125  2.74e-05 1.76e-05 1.50e-05 2.30e-05 3.22e-05 4.36e-05 5.66e-05 6.58e-05 6.70e-05
1.37e+10 0.00004  1.175  2.99e-05 1.84e-05 1.60e-05 2.51e-05 3.37e-05 4.47e-05 5.96e-05 6.86e-05 6.67e-05
1.37e+10 0.00004  1.225  2.88e-05 1.85e-05 1.66e-05 2.51e-05 3.51e-05 4.67e-05 5.78e-05 6.71e-05 7.15e-05
1.37e+10 0.00004  1.275  3.18e-05 2.06e-05 1.73e-05 2.70e-05 3.56e-05 4.76e-05 6.27e-05 7.15e-05 6.86e-05
1.37e+10 0.00004  1.325  3.22e-05 2.10e-05 1.78e-05 2.81e-05 3.92e-05 4.99e-05 6.27e-05 7.46e-05 7.67e-05
1.37e+10 0.00004  1.375  3.36e-05 2.20e-05 1.86e-05 2.81e-05 3.76e-05 5.16e-05 6.47e-05 7.44e-05 7.56e-05
1.37e+10 0.00004  1.425  3.51e-05 2.30e-05 1.87e-05 3.10e-05 4.20e-05 5.29e-05 6.46e-05 7.94e-05 7.94e-05
1.37e+10 0.00004  1.475  3.54e-05 2.34e-05 2.06e-05 3.11e-05 4.26e-05 5.29e-05 6.51e-05 7.94e-05 8.19e-05
1.37e+10 0.00004  1.525  3.92e-05 2.38e-05 2.07e-05 3.35e-05 4.24e-05 5.83e-05 6.86e-05 8.94e-05 9.16e-05
1.37e+10 0.00004  1.575  3.76e-05 2.46e-05 2.26e-05 3.36e-05 4.67e-05 5.59e-05 7.01e-05 9.16e-05 8.74e-05
1.37e+10 0.00004  1.625  4.19e-05 2.61e-05 2.19e-05 3.51e-05 4.67e-05 5.91e-05 7.27e-05 9.39e-05 1.03e-04
1.37e+10 0.00004  1.675  4.09e-05 2.70e-05 2.38e-05 3.65e-05 4.96e-05 6.19e-05 7.45e-05 1.03e-04 9.70e-05
1.37e+10 0.00004  1.725  4.37e-05 2.71e-05 2.38e-05 3.79e-05 4.99e-05 6.03e-05 7.76e-05 1.03e-04 1.11e-04
1.37e+10 0.00004  1.775  4.67e-05 3.02e-05 2.57e-05 3.92e-05 5.37e-05 6.51e-05 8.15e-05 1.13e-04 1.10e-04
1.37e+10 0.00004  1.825  4.67e-05 2.92e-05 2.61e-05 3.97e-05 5.29e-05 6.52e-05 8.69e-05 1.25e-04 1.18e-04
1.37e+10 0.00004  1.875  4.75e-05 3.31e-05 2.71e-05 4.42e-05 5.54e-05 6.70e-05 8.72e-05 1.23e-04 1.32e-04
1.37e+10 0.00004  1.925  5.20e-05 3.34e-05 2.92e-05 4.26e-05 5.83e-05 6.94e-05 9.73e-05 1.32e-04 1.32e-04
1.37e+10 0.00004  1.975  5.17e-05 3.52e-05 2.88e-05 4.67e-05 5.83e-05 6.99e-05 1.03e-04 1.32e-04 1.31e-04
1.37e+10 0.00004  2.025  5.29e-05 3.74e-05 3.22e-05 4.67e-05 6.11e-05 7.07e-05 1.16e-04 1.51e-04 1.53e-04
1.37e+10 0.00004  2.075  5.50e-05 3.83e-05 3.17e-05 4.92e-05 6.19e-05 7.62e-05 1.16e-04 1.64e-04 1.64e-04
1.37e+10 0.00004  2.125  5.79e-05 3.93e-05 3.48e-05 5.20e-05 6.30e-05 8.10e-05 1.28e-04 1.64e-04 1.74e-04
1.37e+10 0.00004  2.175  5.83e-05 4.02e-05 3.48e-05 5.20e-05 6.75e-05 8.05e-05 1.32e-04 1.92e-04 1.96e-04
1.37e+10 0.00004  2.225  5.91e-05 4.39e-05 3.64e-05 5.70e-05 6.75e-05 8.71e-05 1.45e-04 2.10e-04 2.10e-04
1.37e+10 0.00004  2.275  6.42e-05 4.46e-05 3.65e-05 5.50e-05 6.94e-05 9.45e-05 1.49e-04 2.17e-04 2.39e-04
1.37e+10 0.00004  2.325  6.28e-05 4.75e-05 4.08e-05 5.88e-05 7.04e-05 9.84e-05 1.56e-04 2.69e-04 2.57e-04
1.37e+10 0.00004  2.375  6.51e-05 4.66e-05 4.07e-05 6.08e-05 7.13e-05 1.09e-04 1.75e-04 2.69e-04 2.70e-04
1.37e+10 0.00004  2.425  6.75e-05 5.08e-05 4.14e-05 6.17e-05 7.89e-05 1.15e-04 1.86e-04 2.90e-04 3.21e-04
1.37e+10 0.00004  2.475  6.94e-05 5.08e-05 4.42e-05 6.19e-05 7.91e-05 1.36e-04 2.11e-04 3.84e-04 4.03e-04
1.37e+10 0.00004  2.525  7.21e-05 5.59e-05 4.58e-05 6.50e-05 8.64e-05 1.38e-04 2.24e-04 3.98e-04 3.99e-04
1.37e+10 0.00004  2.575  7.13e-05 5.61e-05 4.87e-05 7.00e-05 8.65e-05 1.62e-04 2.41e-04 4.17e-04 4.26e-04
1.37e+10 0.00004  2.625  7.83e-05 5.74e-05 4.88e-05 6.75e-05 1.02e-04 1.63e-04 2.93e-04 4.83e-04 4.87e-04
1.37e+10 0.00004  2.675  7.93e-05 6.11e-05 5.16e-05 7.41e-05 1.02e-04 1.75e-04 2.82e-04 4.80e-04 4.80e-04
1.37e+10 0.00004  2.725  8.94e-05 6.33e-05 5.41e-05 7.04e-05 1.20e-04 1.88e-04 3.27e-04 4.81e-04 4.88e-04
1.37e+10 0.00004  2.775  8.95e-05 6.56e-05 5.57e-05 7.68e-05 1.26e-04 2.07e-04 4.23e-04 5.22e-04 5.60e-04
1.37e+10 0.00004  2.825  1.02e-04 6.66e-05 5.70e-05 8.26e-05 1.54e-04 2.20e-04 4.16e-04 6.46e-04 6.87e-04
1.37e+10 0.00004  2.875  1.06e-04 6.88e-05 5.94e-05 8.49e-05 1.61e-04 2.65e-04 4.54e-04 7.02e-04 7.04e-04
1.37e+10 0.00004  2.925  1.28e-04 7.25e-05 6.08e-05 9.54e-05 1.84e-04 2.62e-04 4.97e-04 7.06e-04 7.07e-04
1.37e+10 0.00004  2.975  1.33e-04 7.72e-05 6.32e-05 9.66e-05 1.99e-04 3.18e-04 5.01e-04 7.92e-04 8.00e-04
1.37e+10 0.00004  3.025  1.62e-04 7.69e-05 6.46e-05 1.13e-04 2.02e-04 3.18e-04 5.01e-04 8.22e-04 8.60e-04
1.37e+10 0.00004  3.075  1.79e-04 8.13e-05 6.65e-05 1.19e-04 2.38e-04 3.59e-04 5.90e-04 8.27e-04 8.44e-04
1.37e+10 0.00004  3.125  1.98e-04 8.43e-05 7.17e-05 1.43e-04 2.36e-04 4.48e-04 6.63e-04 9.20e-04 9.68e-04
1.37e+10 0.00004  3.175  2.28e-04 9.51e-05 7.24e-05 1.75e-04 2.93e-04 4.51e-04 7.04e-04 9.72e-04 9.75e-04
1.37e+10 0.00004  3.225  2.43e-04 1.03e-04 7.43e-05 1.95e-04 2.87e-04 4.82e-04 7.08e-04 9.40e-04 9.85e-04
1.37e+10 0.00004  3.275  2.51e-04 1.19e-04 7.66e-05 2.13e-04 3.42e-04 5.12e-04 8.10e-04 1.07e-03 1.14e-03
1.37e+10 0.00004  3.325  2.89e-04 1.42e-04 8.12e-05 2.52e-04 3.43e-04 5.23e-04 7.89e-04 1.15e-03 1.15e-03
1.37e+10 0.00004  3.375  3.08e-04 1.69e-04 8.75e-05 2.56e-04 4.18e-04 5.24e-04 8.44e-04 1.16e-03 1.18e-03
1.37e+10 0.00004  3.425  3.58e-04 2.49e-04 9.69e-05 2.84e-04 4.54e-04 6.33e-04 9.29e-04 1.23e-03 1.35e-03
1.37e+10 0.00004  3.475  3.67e-04 3.27e-04 1.07e-04 3.18e-04 4.86e-04 7.04e-04 9.36e-04 1.36e-03 1.37e-03
1.37e+10 0.00004  3.525  4.22e-04 3.82e-04 1.20e-04 3.37e-04 5.07e-04 6.75e-04 9.03e-04 1.37e-03 1.48e-03
1.37e+10 0.00004  3.575  4.70e-04 3.85e-04 1.36e-04 3.67e-04 5.22e-04 7.37e-04 1.09e-03 1.49e-03 1.55e-03
1.37e+10 0.00004  3.625  4.86e-04 3.98e-04 1.87e-04 3.91e-04 5.45e-04 7.86e-04 1.11e-03 1.55e-03 1.70e-03
1.37e+10 0.00004  3.675  5.25e-04 3.97e-04 2.38e-04 4.51e-04 5.66e-04 7.90e-04 1.07e-03 1.70e-03 1.77e-03
1.37e+10 0.00004  3.725  5.42e-04 4.40e-04 3.05e-04 4.85e-04 6.68e-04 8.24e-04 1.21e-03 1.80e-03 1.90e-03
1.37e+10 0.00004  3.775  5.45e-04 4.41e-04 3.56e-04 5.00e-04 7.03e-04 8.92e-04 1.26e-03 1.91e-03 2.06e-03
1.37e+10 0.00004  3.825  6.08e-04 5.08e-04 3.78e-04 5.49e-04 6.76e-04 8.98e-04 1.32e-03 1.98e-03 2.06e-03
1.37e+10 0.00004  3.875  6.65e-04 5.38e-04 3.86e-04 5.43e-04 7.50e-04 9.06e-04 1.44e-03 2.05e-03 2.34e-03
1.37e+10 0.00004  3.925  7.04e-04 5.49e-04 4.16e-04 5.59e-04 7.52e-04 1.02e-03 1.45e-03 2.29e-03 2.39e-03
1.37e+10 0.00004  3.975  6.76e-04 5.84e-04 4.28e-04 6.18e-04 7.92e-04 1.07e-03 1.60e-03 2.30e-03 2.51e-03
1.37e+10 0.00004  4.025  7.60e-04 5.66e-04 4.47e-04 6.55e-04 8.45e-04 1.03e-03 1.63e-03 2.39e-03 2.52e-03
1.37e+10 0.00004  4.075  7.52e-04 6.30e-04 5.05e-04 6.74e-04 8.55e-04 1.16e-03 1.74e-03 2.47e-03 2.68e-03
1.37e+10 0.00004  4.125  7.56e-04 6.75e-04 5.20e-04 6.87e-04 8.60e-04 1.21e-03 1.90e-03 2.55e-03 2.93e-03
1.37e+10 0.00004  4.175  8.47e-04 7.04e-04 5.35e-04 7.49e-04 9.25e-04 1.22e-03 1.86e-03 2.72e-03 2.95e-03
1.37e+10 0.00004  4.225  8.94e-04 7.07e-04 5.63e-04 7.53e-04 1.02e-03 1.33e-03 2.09e-03 2.85e-03 3.26e-03
1.37e+10 0.00004  4.275  8.61e-04 7.34e-04 5.66e-04 7.69e-04 9.83e-04 1.35e-03 2.07e-03 3.09e-03 3.47e-03
1.37e+10 0.00004  4.325  8.89e-04 7.88e-04 6.08e-04 8.51e-04 1.03e-03 1.44e-03 2.23e-03 3.19e-03 3.56e-03
1.37e+10 0.00004  4.375  9.76e-04 7.59e-04 6.35e-04 8.57e-04 1.09e-03 1.50e-03 2.27e-03 3.27e-03 3.68e-03
1.37e+10 0.00004  4.425  9.83e-04 8.50e-04 6.73e-04 8.23e-04 1.16e-03 1.56e-03 2.44e-03 3.43e-03 3.85e-03
1.37e+10 0.00004  4.475  9.90e-04 8.17e-04 6.76e-04 9.01e-04 1.17e-03 1.68e-03 2.46e-03 3.57e-03 4.01e-03
1.37e+10 0.00004  4.525  1.13e-03 8.61e-04 7.14e-04 9.77e-04 1.28e-03 1.71e-03 2.60e-03 3.75e-03 4.18e-03
1.37e+10 0.00004  4.575  1.11e-03 8.89e-04 7.15e-04 9.84e-04 1.30e-03 1.74e-03 2.66e-03 3.79e-03 4.31e-03
1.37e+10 0.00004  4.625  1.12e-03 9.33e-04 7.19e-04 9.48e-04 1.34e-03 1.90e-03 2.89e-03 3.93e-03 4.47e-03
1.37e+10 0.00004  4.675  1.23e-03 9.40e-04 7.57e-04 1.10e-03 1.45e-03 1.92e-03 2.93e-03 4.11e-03 4.50e-03
1.37e+10 0.00004  4.725  1.24e-03 9.89e-04 8.15e-04 1.06e-03 1.44e-03 2.07e-03 3.08e-03 4.13e-03 4.78e-03
1.37e+10 0.00004  4.775  1.29e-03 1.02e-03 8.19e-04 1.12e-03 1.52e-03 2.07e-03 3.22e-03 4.38e-03 4.74e-03
1.37e+10 0.00004  4.825  1.34e-03 1.06e-03 7.85e-04 1.23e-03 1.63e-03 2.15e-03 3.24e-03 4.49e-03 5.04e-03
1.37e+10 0.00004  4.875  1.42e-03 1.07e-03 8.77e-04 1.19e-03 1.65e-03 2.27e-03 3.42e-03 4.60e-03 5.00e-03
1.37e+10 0.00004  4.925  1.47e-03 1.13e-03 9.36e-04 1.29e-03 1.69e-03 2.31e-03 3.45e-03 4.55e-03 5.31e-03
1.37e+10 0.00004  4.975  1.52e-03 1.13e-03 8.99e-04 1.34e-03 1.76e-03 2.38e-03 3.58e-03 4.83e-03 5.28e-03
1.37e+10 0.00004  5.025  1.51e-03 1.19e-03 9.12e-04 1.37e-03 1.83e-03 2.48e-03 3.56e-03 4.96e-03 5.04e-03
1.37e+10 0.00004  5.075  1.54e-03 1.23e-03 1.00e-03 1.41e-03 1.92e-03 2.63e-03 3.89e-03 4.90e-03 5.17e-03
1.37e+10 0.00004  5.125  1.75e-03 1.24e-03 1.06e-03 1.49e-03 1.94e-03 2.68e-03 3.85e-03 4.84e-03 5.31e-03
1.37e+10 0.00004  5.175  1.69e-03 1.28e-03 1.02e-03 1.50e-03 2.10e-03 2.73e-03 4.09e-03 4.96e-03 5.65e-03
1.37e+10 0.00004  5.225  1.77e-03 1.25e-03 1.13e-03 1.53e-03 2.06e-03 2.86e-03 4.02e-03 5.09e-03 5.60e-03
1.37e+10 0.00004  5.275  1.79e-03 1.36e-03 1.08e-03 1.59e-03 2.18e-03 2.84e-03 4.28e-03 5.21e-03 5.75e-03
1.37e+10 0.00004  5.325  1.90e-03 1.37e-03 1.19e-03 1.69e-03 2.22e-03 2.91e-03 4.21e-03 5.35e-03 6.13e-03
1.37e+10 0.00004  5.375  1.90e-03 1.38e-03 1.18e-03 1.75e-03 2.29e-03 3.09e-03 4.48e-03 5.70e-03 6.28e-03
1.37e+10 0.00004  5.425  2.03e-03 1.44e-03 1.25e-03 1.79e-03 2.38e-03 3.05e-03 4.41e-03 5.64e-03 7.63e-03
1.37e+10 0.00004  5.475  2.03e-03 1.45e-03 1.23e-03 1.82e-03 2.40e-03 3.12e-03 4.69e-03 5.79e-03 7.49e-03
1.37e+10 0.00004  5.525  2.06e-03 1.47e-03 1.33e-03 1.89e-03 2.53e-03 3.15e-03 4.62e-03 6.58e-03 7.93e-03
1.37e+10 0.00004  5.575  2.21e-03 1.49e-03 1.36e-03 1.92e-03 2.51e-03 3.29e-03 4.54e-03 7.42e-03 8.09e-03
1.37e+10 0.00004  5.625  2.20e-03 1.53e-03 1.37e-03 2.00e-03 2.62e-03 3.39e-03 4.84e-03 7.27e-03 8.26e-03
1.37e+10 0.00004  5.675  2.31e-03 1.56e-03 1.32e-03 2.05e-03 2.56e-03 3.45e-03 4.96e-03 7.70e-03 8.12e-03
1.37e+10 0.00004  5.725  2.35e-03 1.61e-03 1.52e-03 2.02e-03 2.71e-03 3.68e-03 4.87e-03 7.54e-03 9.05e-03
1.37e+10 0.00004  5.775  2.39e-03 1.56e-03 1.45e-03 2.17e-03 2.76e-03 3.59e-03 5.20e-03 8.00e-03 9.54e-03
1.37e+10 0.00004  5.825  2.52e-03 1.68e-03 1.55e-03 2.20e-03 2.79e-03 3.66e-03 5.33e-03 8.16e-03 1.01e-02
1.37e+10 0.00004  5.875  2.46e-03 1.63e-03 1.58e-03 2.24e-03 2.82e-03 3.74e-03 5.24e-03 8.65e-03 1.04e-02
1.37e+10 0.00004  5.925  2.60e-03 1.73e-03 1.60e-03 2.28e-03 2.87e-03 3.99e-03 5.60e-03 9.58e-03 1.03e-02
1.37e+10 0.00004  5.975  2.51e-03 1.62e-03 1.64e-03 2.26e-03 2.92e-03 3.89e-03 6.92e-03 9.43e-03 1.09e-02
1.37e+10 0.00004  6.025  2.75e-03 1.73e-03 1.69e-03 2.34e-03 3.06e-03 3.97e-03 6.87e-03 9.65e-03 1.17e-02
1.37e+10 0.00004  6.075  2.70e-03 1.76e-03 1.71e-03 2.38e-03 3.28e-03 4.05e-03 7.29e-03 1.03e-02 1.30e-02
1.37e+10 0.00004  6.125  2.74e-03 1.78e-03 1.78e-03 2.49e-03 3.18e-03 4.33e-03 7.12e-03 1.01e-02 1.30e-02
1.37e+10 0.00004  6.175  2.86e-03 1.71e-03 1.80e-03 2.41e-03 3.23e-03 4.23e-03 7.56e-03 1.16e-02 1.34e-02
1.37e+10 0.00004  6.225  3.02e-03 1.73e-03 1.80e-03 2.55e-03 3.29e-03 4.32e-03 7.39e-03 1.25e-02 1.38e-02
1.37e+10 0.00004  6.275  3.09e-03 1.78e-03 1.86e-03 2.50e-03 3.52e-03 4.41e-03 7.84e-03 1.30e-02 1.43e-02
1.37e+10 0.00004  6.325  3.30e-03 1.84e-03 1.93e-03 2.54e-03 3.41e-03 4.51e-03 8.24e-03 1.28e-02 1.49e-02
1.37e+10 0.00004  6.375  3.20e-03 1.76e-03 1.86e-03 2.63e-03 3.48e-03 4.61e-03 8.82e-03 1.38e-02 1.48e-02
1.37e+10 0.00004  6.425  3.26e-03 1.81e-03 1.98e-03 2.69e-03 3.54e-03 4.92e-03 9.39e-03 1.37e-02 1.60e-02
1.37e+10 0.00004  6.475  3.49e-03 1.81e-03 1.92e-03 2.77e-03 3.79e-03 4.82e-03 9.22e-03 1.48e-02 1.65e-02
1.37e+10 0.00004  6.525  3.38e-03 1.83e-03 1.98e-03 2.97e-03 3.68e-03 4.92e-03 9.43e-03 1.47e-02 1.72e-02
1.37e+10 0.00004  6.575  3.44e-03 1.85e-03 2.04e-03 2.86e-03 3.93e-03 5.96e-03 1.01e-02 1.59e-02 1.59e-02
1.37e+10 0.00004  6.625  3.68e-03 1.86e-03 1.97e-03 2.91e-03 3.82e-03 6.27e-03 9.89e-03 1.58e-02 1.49e-02
1.37e+10 0.00004  6.675  3.57e-03 1.90e-03 2.05e-03 3.12e-03 4.09e-03 6.37e-03 1.27e-02 1.64e-02 1.54e-02
1.37e+10 0.00004  6.725  3.64e-03 1.82e-03 2.16e-03 3.01e-03 3.97e-03 6.77e-03 1.18e-02 1.63e-02 1.59e-02
1.37e+10 0.00004  6.775  3.90e-03 1.89e-03 2.07e-03 3.05e-03 4.25e-03 6.59e-03 1.27e-02 1.54e-02 1.71e-02
1.37e+10 0.00004  6.825  3.98e-03 1.94e-03 2.17e-03 3.28e-03 4.13e-03 6.70e-03 1.30e-02 1.53e-02 1.70e-02
1.37e+10 0.00004  6.875  4.05e-03 1.90e-03 2.10e-03 3.16e-03 4.43e-03 6.81e-03 1.35e-02 1.58e-02 1.77e-02
1.37e+10 0.00004  6.925  4.14e-03 2.14e-03 2.23e-03 3.21e-03 4.30e-03 6.93e-03 1.34e-02 1.63e-02 1.42e-02
1.37e+10 0.00004  6.975  4.22e-03 2.01e-03 2.11e-03 3.45e-03 4.61e-03 7.65e-03 1.45e-02 1.76e-02 1.44e-02
1.37e+10 0.00004  7.025  4.31e-03 2.03e-03 2.36e-03 3.32e-03 4.49e-03 8.09e-03 1.50e-02 1.75e-02 1.49e-02
1.37e+10 0.00004  7.075  4.40e-03 2.22e-03 2.29e-03 3.57e-03 5.73e-03 8.25e-03 1.48e-02 1.48e-02 1.53e-02
1.37e+10 0.00004  7.125  4.49e-03 2.08e-03 2.48e-03 3.63e-03 5.70e-03 8.42e-03 1.60e-02 1.43e-02 1.58e-02
1.37e+10 0.00004  7.175  4.59e-03 2.11e-03 2.51e-03 3.70e-03 6.07e-03 8.59e-03 1.66e-02 1.48e-02 1.63e-02
1.37e+10 0.00004  7.225  4.68e-03 2.30e-03 2.39e-03 3.57e-03 6.17e-03 8.77e-03 1.51e-02 1.52e-02 1.69e-02
1.37e+10 0.00004  7.275  5.73e-03 2.16e-03 2.58e-03 3.83e-03 5.96e-03 8.55e-03 1.49e-02 1.57e-02 1.74e-02
1.37e+10 0.00004  7.325  5.97e-03 2.18e-03 2.62e-03 3.91e-03 6.36e-03 1.04e-02 1.47e-02 1.69e-02 1.63e-02
1.37e+10 0.00004  7.375  6.35e-03 2.38e-03 2.49e-03 3.98e-03 6.15e-03 1.10e-02 1.59e-02 1.68e-02 1.40e-02
1.37e+10 0.00004  7.425  6.16e-03 2.24e-03 2.69e-03 3.84e-03 6.56e-03 1.14e-02 1.65e-02 1.73e-02 1.37e-02
1.37e+10 0.00004  7.475  6.55e-03 2.26e-03 2.73e-03 4.13e-03 6.78e-03 1.17e-02 1.70e-02 1.75e-02 1.47e-02
1.37e+10 0.00004  7.525  6.36e-03 2.47e-03 2.59e-03 4.21e-03 7.27e-03 1.20e-02 1.69e-02 1.39e-02 1.45e-02
1.37e+10 0.00004  7.575  6.77e-03 2.32e-03 2.81e-03 4.44e-03 7.40e-03 1.18e-02 1.43e-02 1.37e-02 1.56e-02
1.37e+10 0.00004  7.625  6.57e-03 2.35e-03 2.85e-03 5.07e-03 7.91e-03 1.28e-02 1.44e-02 1.47e-02 1.61e-02
1.37e+10 0.00004  7.675  7.24e-03 2.56e-03 2.71e-03 5.42e-03 7.68e-03 1.32e-02 1.48e-02 1.51e-02 1.55e-02
1.37e+10 0.00004  7.725  7.65e-03 2.41e-03 2.93e-03 5.50e-03 7.82e-03 1.37e-02 1.53e-02 1.55e-02 1.49e-02
1.37e+10 0.00004  7.775  8.17e-03 2.63e-03 3.16e-03 5.57e-03 8.38e-03 1.35e-02 1.58e-02 1.60e-02 1.47e-02
1.37e+10 0.00004  7.825  7.96e-03 2.66e-03 3.02e-03 5.65e-03 8.14e-03 1.45e-02 1.63e-02 1.63e-02 1.47e-02
1.37e+10 0.00004  7.875  8.50e-03 2.70e-03 3.07e-03 5.73e-03 9.26e-03 1.50e-02 1.68e-02 1.49e-02 1.40e-02
1.37e+10 0.00004  7.925  8.28e-03 2.73e-03 3.31e-03 5.82e-03 1.06e-02 1.53e-02 1.74e-02 1.53e-02 1.37e-02
1.37e+10 0.00004  7.975  8.85e-03 2.57e-03 3.17e-03 5.90e-03 1.08e-02 1.34e-02 1.70e-02 1.47e-02 1.47e-02
1.37e+10 0.00004  8.025  8.63e-03 2.80e-03 3.21e-03 5.67e-03 1.06e-02 1.38e-02 1.40e-02 1.40e-02 1.51e-02
1.37e+10 0.00004  8.075  1.09e-02 2.84e-03 3.27e-03 6.52e-03 1.14e-02 1.42e-02 1.43e-02 1.44e-02 1.48e-02
1.37e+10 0.00004  8.125  1.13e-02 2.88e-03 3.53e-03 6.95e-03 1.12e-02 1.47e-02 1.47e-02 1.47e-02 1.49e-02
1.37e+10 0.00004  8.175  1.15e-02 2.92e-03 3.37e-03 6.69e-03 1.20e-02 1.51e-02 1.52e-02 1.51e-02 1.21e-02
1.37e+10 0.00004  8.225  1.13e-02 2.75e-03 3.43e-03 7.19e-03 1.19e-02 1.56e-02 1.56e-02 1.56e-02 1.24e-02
1.37e+10 0.00004  8.275  1.22e-02 3.00e-03 3.70e-03 6.92e-03 1.28e-02 1.69e-02 1.61e-02 1.46e-02 1.27e-02
1.37e+10 0.00004  8.325  1.25e-02 3.04e-03 3.54e-03 7.44e-03 1.32e-02 1.32e-02 1.61e-02 1.27e-02 1.30e-02
1.37e+10 0.00004  8.375  1.24e-02 3.09e-03 3.60e-03 7.17e-03 1.30e-02 1.31e-02 1.56e-02 1.24e-02 1.33e-02
1.37e+10 0.00004  8.425  1.34e-02 3.13e-03 4.66e-03 7.70e-03 1.40e-02 1.41e-02 1.61e-02 1.33e-02 1.36e-02
1.37e+10 0.00004  8.475  1.38e-02 3.15e-03 4.83e-03 7.43e-03 1.45e-02 1.38e-02 1.49e-02 1.36e-02 1.39e-02
1.37e+10 0.00004  8.525  1.43e-02 3.94e-03 4.60e-03 1.02e-02 1.37e-02 1.49e-02 1.41e-02 1.33e-02 1.36e-02
1.37e+10 0.00004  8.575  1.47e-02 3.98e-03 4.94e-03 9.79e-03 1.28e-02 1.47e-02 1.51e-02 1.43e-02 9.57e-03
1.37e+10 0.00004  8.625  1.52e-02 4.02e-03 4.71e-03 9.99e-03 1.32e-02 1.58e-02 1.55e-02 1.40e-02 9.73e-03
1.37e+10 0.00004  8.675  1.41e-02 4.06e-03 5.07e-03 1.02e-02 1.36e-02 1.56e-02 1.60e-02 1.25e-02 9.89e-03
1.37e+10 0.00004  8.725  1.36e-02 4.10e-03 4.83e-03 1.05e-02 1.40e-02 1.61e-02 1.64e-02 1.01e-02 9.57e-03
1.37e+10 0.00004  8.775  1.40e-02 4.15e-03 5.19e-03 1.07e-02 1.44e-02 1.52e-02 1.36e-02 9.78e-03 1.02e-02
1.37e+10 0.00004  8.825  1.44e-02 3.89e-03 5.26e-03 1.10e-02 1.49e-02 1.34e-02 1.34e-02 9.94e-03 1.04e-02
1.37e+10 0.00004  8.875  1.55e-02 4.23e-03 5.01e-03 1.14e-02 1.54e-02 1.32e-02 1.38e-02 1.06e-02 1.06e-02
1.37e+10 0.00004  8.925  1.53e-02 4.27e-03 5.43e-03 1.17e-02 1.37e-02 1.42e-02 1.41e-02 1.03e-02 1.08e-02
1.37e+10 0.00004  8.975  1.59e-02 4.32e-03 5.79e-03 1.20e-02 1.30e-02 1.39e-02 1.51e-02 1.05e-02 1.04e-02
1.37e+10 0.00004  9.025  1.55e-02 4.37e-03 5.88e-03 1.24e-02 1.27e-02 1.49e-02 1.48e-02 1.12e-02 1.11e-02
1.37e+10 0.00004  9.075  1.29e-02 4.41e-03 6.34e-03 1.27e-02 1.31e-02 1.54e-02 1.52e-02 1.08e-02 1.13e-02
1.37e+10 0.00004  9.125  1.39e-02 4.66e-03 6.05e-03 1.37e-02 1.41e-02 1.49e-02 1.36e-02 1.16e-02 1.16e-02
1.37e+10 0.00004  9.175  1.36e-02 4.72e-03 6.53e-03 1.35e-02 1.38e-02 1.43e-02 1.15e-02 1.13e-02 9.83e-03
1.37e+10 0.00004  9.225  1.40e-02 5.14e-03 6.24e-03 1.15e-02 1.49e-02 1.53e-02 1.17e-02 1.15e-02 8.77e-03
1.37e+10 0.00004  9.275  1.51e-02 4.83e-03 6.34e-03 1.24e-02 1.46e-02 1.42e-02 1.19e-02 1.12e-02 9.36e-03
1.37e+10 0.00004  9.325  1.49e-02 5.27e-03 6.84e-03 1.21e-02 1.58e-02 1.33e-02 1.17e-02 9.64e-03 9.51e-03
1.37e+10 0.00004  9.375  1.60e-02 4.95e-03 6.54e-03 1.31e-02 1.55e-02 1.37e-02 1.24e-02 9.79e-03 9.16e-03
1.37e+10 0.00004  9.425  1.58e-02 5.40e-03 7.51e-03 1.35e-02 1.30e-02 1.47e-02 1.27e-02 9.47e-03 9.79e-03
1.37e+10 0.00004  9.475  1.71e-02 5.08e-03 9.17e-03 1.32e-02 1.23e-02 1.44e-02 1.29e-02 1.01e-02 9.44e-03
1.37e+10 0.00004  9.525  1.28e-02 5.54e-03 8.81e-03 1.43e-02 1.33e-02 1.48e-02 1.32e-02 1.03e-02 1.01e-02
1.37e+10 0.00004  9.575  1.36e-02 5.21e-03 9.00e-03 1.40e-02 1.36e-02 1.49e-02 1.30e-02 9.93e-03 5.11e-03
1.37e+10 0.00004  9.625  1.33e-02 5.68e-03 9.71e-03 1.21e-02 1.33e-02 1.26e-02 1.38e-02 1.06e-02        0
1.37e+10 0.00004  9.675  1.43e-02 5.35e-03 9.40e-03 1.18e-02 1.43e-02 1.24e-02 1.16e-02 5.11e-03        0
1.37e+10 0.00004  9.725  1.40e-02 6.98e-03 9.61e-03 1.21e-02 1.47e-02 1.26e-02 1.21e-02        0        0
1.37e+10 0.00004  9.775  1.51e-02 7.63e-03 9.83e-03 1.24e-02 1.41e-02 1.29e-02 1.19e-02        0        0
1.37e+10 0.00004  9.825  1.48e-02 7.82e-03 1.01e-02 1.27e-02 1.36e-02 1.32e-02 1.26e-02        0        0
1.37e+10 0.00004  9.875  1.50e-02 7.47e-03 1.10e-02 1.30e-02 1.40e-02 1.41e-02 1.23e-02        0        0
1.37e+10 0.00004  9.925  1.44e-02 7.60e-03 1.07e-02 1.34e-02 1.44e-02 1.38e-02 1.31e-02        0        0
1.37e+10 0.00004  9.975  1.48e-02 8.26e-03 1.15e-02 1.37e-02 1.27e-02 1.42e-02 4.60e-03        0        0
1.37e+10 0.00004 10.025  1.36e-02 7.89e-03 1.12e-02 1.41e-02 1.30e-02 1.05e-02        0        0        0
1.37e+10 0.00004 10.075  1.35e-02 8.57e-03 1.15e-02 1.45e-02 1.33e-02 1.02e-02        0        0        0
1.37e+10 0.00004 10.125  1.44e-02 8.19e-03 1.25e-02 1.39e-02 1.36e-02 1.04e-02        0        0        0
1.37e+10 0.00004 10.175  1.42e-02 8.95e-03 1.21e-02 1.15e-02 1.40e-02 1.10e-02        0        0        0
1.37e+10 0.00004 10.225  1.45e-02 8.62e-03 1.10e-02 1.24e-02 1.43e-02 1.07e-02        0        0        0
1.37e+10 0.00004 10.275  1.49e-02 9.38e-03 1.11e-02 1.21e-02 1.25e-02 1.09e-02        0        0        0
1.37e+10 0.00004 10.325  1.38e-02 9.58e-03 1.14e-02 1.23e-02 1.17e-02 1.16e-02        0        0        0
1.37e+10 0.00004 10.375  1.22e-02 9.79e-03 1.24e-02 1.26e-02 1.19e-02 1.13e-02        0        0        0
1.37e+10 0.00004 10.425  1.24e-02 9.38e-03 1.20e-02 1.29e-02 1.22e-02 1.16e-02        0        0        0
1.37e+10 0.00004 10.475  1.27e-02 1.02e-02 1.23e-02 1.33e-02 1.18e-02 1.23e-02        0        0        0
1.37e+10 0.00004 10.525  1.24e-02 1.05e-02 1.27e-02 1.36e-02 1.27e-02 1.20e-02        0        0        0
1.37e+10 0.00004 10.575  1.33e-02 1.07e-02 1.30e-02 1.24e-02 1.29e-02 1.19e-02        0        0        0
1.37e+10 0.00004 10.625  1.36e-02 9.57e-03 1.31e-02 1.32e-02 1.32e-02 1.06e-02        0        0        0
1.37e+10 0.00004 10.675  1.39e-02 9.78e-03 1.03e-02 1.28e-02 1.29e-02 1.08e-02        0        0        0
1.37e+10 0.00004 10.725  1.32e-02 9.36e-03 1.12e-02 1.17e-02 9.09e-03 1.14e-02        0        0        0
1.37e+10 0.00004 10.775  9.59e-03 1.02e-02 1.08e-02 1.16e-02 9.23e-03 1.12e-02        0        0        0
1.37e+10 0.00004 10.825  1.02e-02 9.76e-03 1.17e-02 1.25e-02 9.38e-03 1.14e-02        0        0        0
1.37e+10 0.00004 10.875  9.91e-03 1.06e-02 1.13e-02 1.21e-02 9.53e-03 1.21e-02        0        0        0
1.37e+10 0.00004 10.925  1.06e-02 1.02e-02 1.23e-02 1.24e-02 9.68e-03 5.62e-03        0        0        0
1.37e+10 0.00004 10.975  1.03e-02 1.11e-02 1.19e-02 1.26e-02 9.84e-03        0        0        0        0
1.37e+10 0.00004 11.025  1.04e-02 1.07e-02 1.29e-02 1.36e-02 1.00e-02        0        0        0        0
1.37e+10 0.00004 11.075  1.11e-02 1.17e-02 1.32e-02 1.17e-02 9.65e-03        0        0        0        0
1.37e+10 0.00004 11.125  1.08e-02 1.07e-02 1.28e-02 9.94e-03 1.03e-02        0        0        0        0
1.37e+10 0.00004 11.175  1.15e-02 9.13e-03 1.39e-02 1.01e-02 1.05e-02        0        0        0        0
1.37e+10 0.00004 11.225  1.12e-02 9.31e-03 1.11e-02 1.09e-02 1.07e-02        0        0        0        0
1.37e+10 0.00004 11.275  1.14e-02 9.49e-03 1.10e-02 1.05e-02 1.09e-02        0        0        0        0
1.37e+10 0.00004 11.325  1.20e-02 1.03e-02 1.06e-02 1.13e-02 1.11e-02        0        0        0        0
1.37e+10 0.00004 11.375  9.62e-03 9.88e-03 1.15e-02 1.09e-02 8.78e-03        0        0        0        0
1.37e+10 0.00004 11.425  1.02e-02 1.01e-02 1.10e-02 1.17e-02 8.80e-03        0        0        0        0
1.37e+10 0.00004 11.475  9.93e-03 1.03e-02 1.13e-02 1.13e-02 8.93e-03        0        0        0        0
1.37e+10 0.00004 11.525  1.06e-02 1.05e-02 1.22e-02 1.22e-02 9.05e-03        0        0        0        0
1.37e+10 0.00004 11.575  1.03e-02 1.07e-02 1.18e-02 8.49e-03 9.19e-03        0        0        0        0
1.37e+10 0.00004 11.625  1.09e-02 1.10e-02 1.28e-02 7.33e-03 9.81e-03        0        0        0        0
1.37e+10 0.00004 11.675  1.06e-02 1.12e-02 1.16e-02 7.89e-03 9.47e-03        0        0        0        0
1.37e+10 0.00004 11.725  4.09e-03 1.15e-02 1.17e-02 8.00e-03 9.61e-03        0        0        0        0
1.37e+10 0.00004 11.775         0 1.25e-02 1.20e-02 7.63e-03 4.09e-03        0        0        0        0
1.37e+10 0.00004 11.825         0 9.01e-03 1.20e-02 8.21e-03        0        0        0        0        0
1.37e+10 0.00004 11.875         0 9.17e-03 1.02e-02 8.32e-03        0        0        0        0        0
1.37e+10 0.00004 11.925         0 8.71e-03 1.04e-02 7.94e-03        0        0        0        0        0
1.37e+10 0.00004 11.975         0 9.49e-03 1.12e-02 8.55e-03        0        0        0        0        0
1.37e+10 0.00004 12.025         0 9.67e-03 1.08e-02 8.67e-03        0        0        0        0        0
1.37e+10 0.00004 12.075         0 9.85e-03 1.17e-02 8.28e-03        0        0        0        0        0
1.37e+10 0.00004 12.125         0 1.00e-02 1.13e-02 8.92e-03        0        0        0        0        0
1.37e+10 0.00004 12.175         0 1.02e-02 1.22e-02 9.05e-03        0        0        0        0        0
1.37e+10 0.00004 12.225         0 1.04e-02 1.14e-02 8.64e-03        0        0        0        0        0
1.37e+10 0.00004 12.275         0 1.06e-02 8.76e-03 9.31e-03        0        0        0        0        0
1.37e+10 0.00004 12.325         0 1.05e-02 8.90e-03 9.14e-03        0        0        0        0        0
1.37e+10 0.00004 12.375         0 9.70e-03 9.04e-03 7.32e-03        0        0        0        0        0
1.37e+10 0.00004 12.425         0 9.88e-03 9.76e-03 7.41e-03        0        0        0        0        0
1.37e+10 0.00004 12.475         0 1.07e-02 9.34e-03 7.50e-03        0        0        0        0        0
1.37e+10 0.00004 12.525         0 9.80e-03 9.49e-03 7.59e-03        0        0        0        0        0
1.37e+10 0.00004 12.575         0 8.42e-03 9.65e-03 7.68e-03        0        0        0        0        0
1.37e+10 0.00004 12.625         0 9.17e-03 1.04e-02 7.77e-03        0        0        0        0        0
1.37e+10 0.00004 12.675         0 9.32e-03 9.99e-03 7.87e-03        0        0        0        0        0
1.37e+10 0.00004 12.725         0 8.84e-03 1.02e-02 7.97e-03        0        0        0        0        0
1.37e+10 0.00004 12.775         0 9.63e-03 1.03e-02 8.07e-03        0        0        0        0        0
1.37e+10 0.00004 12.825         0 9.80e-03 6.35e-03 6.63e-03        0        0        0        0        0
1.37e+10 0.00004 12.875         0 9.30e-03 5.96e-03        0        0        0        0        0        0
1.37e+10 0.00004 12.925         0 1.01e-02 6.48e-03        0        0        0        0        0        0
1.37e+10 0.00004 12.975         0 1.03e-02 6.55e-03        0        0        0        0        0        0
1.37e+10 0.00004 13.025         0 7.54e-03 6.15e-03        0        0        0        0        0        0
1.37e+10 0.00004 13.075         0 7.16e-03 6.69e-03        0        0        0        0        0        0
1.37e+10 0.00004 13.125         0 7.25e-03 6.77e-03        0        0        0        0        0        0
1.37e+10 0.00004 13.175         0 7.35e-03 6.35e-03        0        0        0        0        0        0
1.37e+10 0.00004 13.225         0 7.44e-03 6.92e-03        0        0        0        0        0        0
1.37e+10 0.00004 13.275         0 8.12e-03 7.00e-03        0        0        0        0        0        0
1.37e+10 0.00004 13.325         0 7.64e-03 6.57e-03        0        0        0        0        0        0
1.37e+10 0.00004 13.375         0 7.75e-03 7.16e-03        0        0        0        0        0        0
1.37e+10 0.00004 13.425         0 7.85e-03 7.24e-03        0        0        0        0        0        0
1.37e+10 0.00004 13.475         0 7.96e-03 6.80e-03        0        0        0        0        0        0
1.37e+10 0.00004 13.525         0 8.07e-03 7.41e-03        0        0        0        0        0        0
1.37e+10 0.00004 13.575         0 8.18e-03 7.50e-03        0        0        0        0        0        0
1.37e+10 0.00004 13.625         0 8.94e-03 7.05e-03        0        0        0        0        0        0
1.37e+10 0.00004 13.675         0 7.77e-03 7.68e-03        0        0        0        0        0        0
1.37e+10 0.00004 13.725         0 4.98e-03 7.77e-03        0        0        0        0        0        0
1.37e+10 0.00004 13.775         0 4.57e-03 5.47e-03        0        0        0        0        0        0
1.37e+10 0.00004 13.825         0 4.60e-03 5.98e-03        0        0        0        0        0        0
1.37e+10 0.00004 13.875         0 4.64e-03 5.57e-03        0        0        0        0        0        0
1.37e+10 0.00004 13.925         0 4.67e-03 6.09e-03        0        0        0        0        0        0
1.37e+10 0.00004 13.975         0 4.71e-03 6.15e-03        0        0        0        0        0        0
1.37e+10 0.00004 14.025         0 4.75e-03 5.73e-03        0        0        0        0        0        0
1.37e+10 0.00004 14.075         0 5.27e-03 6.27e-03        0        0        0        0        0        0
1.37e+10 0.00004 14.125         0 4.83e-03 5.84e-03        0        0        0        0        0        0
1.37e+10 0.00004 14.175         0 4.87e-03 6.39e-03        0        0        0        0        0        0
1.37e+10 0.00004 14.225         0 4.91e-03 6.46e-03        0        0        0        0        0        0
1.37e+10 0.00004 14.275         0 4.95e-03 6.02e-03        0        0        0        0        0        0
1.37e+10 0.00004 14.325         0 4.99e-03 6.58e-03        0        0        0        0        0        0
1.37e+10 0.00004 14.375         0 5.03e-03 4.60e-03        0        0        0        0        0        0
1.37e+10 0.00004 14.425         0 5.58e-03        0        0        0        0        0        0        0
1.37e+10 0.00004 14.475         0 5.12e-03        0        0        0        0        0        0        0
1.37e+10 0.00004 14.525         0 5.16e-03        0        0        0        0        0        0        0
1.37e+10 0.00004 14.575         0 5.20e-03        0        0        0        0        0        0        0
1.37e+10 0.00004 14.625         0 5.25e-03        0        0        0        0        0        0        0
1.37e+10 0.00004 14.675         0 5.29e-03        0        0        0        0        0        0        0
1.37e+10 0.00004 14.725         0 5.34e-03        0        0        0        0        0        0        0
1.37e+10 0.00004 14.775         0 5.93e-03        0        0        0        0        0        0        0
1.37e+10 0.00004 14.825         0 5.44e-03        0        0        0        0        0        0        0
1.37e+10 0.00004 14.875         0 5.48e-03        0        0        0        0        0        0        0
1.37e+10 0.00004 14.925         0 5.53e-03        0        0        0        0        0        0        0
1.37e+10 0.00004 14.975         0 5.16e-03        0        0        0        0        0        0        0
1.37e+10 0.00004 15.025         0 3.65e-03        0        0        0        0        0        0        0
1.37e+10 0.00004 15.075         0 4.14e-03        0        0        0        0        0        0        0
1.37e+10 0.00004 15.125         0 4.16e-03        0        0        0        0        0        0        0
1.37e+10 0.00004 15.175         0 4.19e-03        0        0        0        0        0        0        0
1.37e+10 0.00004 15.225         0 4.22e-03        0        0        0        0        0        0        0
1.37e+10 0.00004 15.275         0 4.25e-03        0        0        0        0        0        0        0
1.37e+10 0.00004 15.325         0 3.80e-03        0        0        0        0        0        0        0
1.37e+10 0.00004 15.375         0 4.30e-03        0        0        0        0        0        0        0
1.37e+10 0.00004 15.425         0 4.33e-03        0        0        0        0        0        0        0
1.37e+10 0.00004 15.475         0 4.36e-03        0        0        0        0        0        0        0
1.37e+10 0.00004 15.525         0 4.39e-03        0        0        0        0        0        0        0
1.37e+10 0.00004 15.575         0 4.42e-03        0        0        0        0        0        0        0
1.37e+10 0.00004 15.625         0 4.45e-03        0        0        0        0        0        0        0
1.37e+10 0.00004 15.675         0 3.98e-03        0        0        0        0        0        0        0
1.37e+10 0.00004 15.725         0 4.51e-03        0        0        0        0        0        0        0
1.37e+10 0.00004 15.775         0 4.54e-03        0        0        0        0        0        0        0
1.37e+10 0.00004 15.825         0 4.58e-03        0        0        0        0        0        0        0
1.37e+10 0.00004 15.875         0 3.07e-03        0        0        0        0        0        0        0
1.37e+10 0.00004 15.925         0        0        0        0        0        0        0        0        0
1.37e+10 0.00004 15.975         0        0        0        0        0        0        0        0        0
1.37e+10 0.00004 16.025         0        0        0        0        0        0        0        0        0
1.37e+10 0.00004 16.075         0        0        0        0        0        0        0        0        0
1.37e+10 0.00004 16.125         0        0        0        0        0        0        0        0        0
1.37e+10 0.00004 16.175         0        0        0        0        0        0        0        0        0
1.37e+10 0.00004 16.225         0        0        0        0        0        0        0        0        0
1.37e+10 0.00004 16.275         0        0        0        0        0        0        0        0        0
1.37e+10 0.00004 16.325         0        0        0        0        0        0        0        0        0
1.37e+10 0.00004 16.375         0        0        0        0        0        0        0        0        0
1.37e+10 0.00004 16.425         0        0        0        0        0        0        0        0        0
1.37e+10 0.00004 16.475         0        0        0        0        0        0        0        0        0
1.37e+10 0.00004 16.525         0        0        0        0        0        0        0        0        0
1.37e+10 0.00004 16.575         0        0        0        0        0        0        0        0        0
1.37e+10 0.00004 16.625         0        0        0        0        0        0        0        0        0
1.37e+10 0.00004 16.675         0        0        0        0        0        0        0        0        0
1.37e+10 0.00004 16.725         0        0        0        0        0        0        0        0        0
1.37e+10 0.00004 16.775         0        0        0        0        0        0        0        0        0
1.37e+10 0.00004 16.825         0        0        0        0        0        0        0        0        0
1.37e+10 0.00004 16.875         0        0        0        0        0        0        0        0        0
1.37e+10 0.00004 16.925         0        0        0        0        0        0        0        0        0
1.37e+10 0.00004 16.975         0        0        0        0        0        0        0        0        0
1.37e+10 0.00004 17.025         0        0        0        0        0        0        0        0        0
1.37e+10 0.00004 17.075         0        0        0        0        0        0        0        0        0
1.37e+10 0.00004 17.125         0        0        0        0        0        0        0        0        0
1.37e+10 0.00004 17.175         0        0        0        0        0        0        0        0        0
1.37e+10 0.00004 17.225         0        0        0        0        0        0        0        0        0
1.37e+10 0.00004 17.275         0        0        0        0        0        0        0        0        0
1.37e+10 0.00004 17.325         0        0        0        0        0        0        0        0        0
1.37e+10 0.00004 17.375         0        0        0        0        0        0        0        0        0
1.37e+10 0.00004 17.425         0        0        0        0        0        0        0        0        0
1.37e+10 0.00004 17.475         0        0        0        0        0        0        0        0        0
1.37e+10 0.00004 17.525         0        0        0        0        0        0        0        0        0
1.37e+10 0.00004 17.575         0        0        0        0        0        0        0        0        0
1.37e+10 0.00004 17.625         0        0        0        0        0        0        0        0        0
1.37e+10 0.00004 17.675         0        0        0        0        0        0        0        0        0
1.37e+10 0.00004 17.725         0        0        0        0        0        0        0        0        0
1.37e+10 0.00004 17.775         0        0        0        0        0        0        0        0        0
1.37e+10 0.00004 17.825         0        0        0        0        0        0        0        0        0
1.37e+10 0.00004 17.875         0        0        0        0        0        0        0        0        0
1.37e+10 0.00004 17.925         0        0        0        0        0        0        0        0        0
1.37e+10 0.00004 17.975         0        0        0        0        0        0        0        0        0
1.37e+10 0.00004 18.025         0        0        0        0        0        0        0        0        0
1.37e+10 0.00004 18.075         0        0        0        0        0        0        0        0        0
1.37e+10 0.00004 18.125         0        0        0        0        0        0        0        0        0
1.37e+10 0.00004 18.175         0        0        0        0        0        0        0        0        0
1.37e+10 0.00004 18.225         0        0        0        0        0        0        0        0        0
1.37e+10 0.00004 18.275         0        0        0        0        0        0        0        0        0
1.37e+10 0.00004 18.325         0        0        0        0        0        0        0        0        0
1.37e+10 0.00004 18.375         0        0        0        0        0        0        0        0        0
1.37e+10 0.00004 18.425         0        0        0        0        0        0        0        0        0
1.37e+10 0.00004 18.475         0        0        0        0        0        0        0        0        0
1.37e+10 0.00004 18.525         0        0        0        0        0        0        0        0        0
1.37e+10 0.00004 18.575         0        0        0        0        0        0        0        0        0
1.37e+10 0.00004 18.625         0        0        0        0        0        0        0        0        0
1.37e+10 0.00004 18.675         0        0        0        0        0        0        0        0        0
1.37e+10 0.00004 18.725         0        0        0        0        0        0        0        0        0
1.37e+10 0.00004 18.775         0        0        0        0        0        0        0        0        0
1.37e+10 0.00004 18.825         0        0        0        0        0        0        0        0        0
1.37e+10 0.00004 18.875         0        0        0        0        0        0        0        0        0
1.37e+10 0.00004 18.925         0        0        0        0        0        0        0        0        0
1.37e+10 0.00004 18.975         0        0        0        0        0        0        0        0        0
1.37e+10 0.00004 19.025         0        0        0        0        0        0        0        0        0
1.37e+10 0.00004 19.075         0        0        0        0        0        0        0        0        0
1.37e+10 0.00004 19.125         0        0        0        0        0        0        0        0        0
1.37e+10 0.00004 19.175         0        0        0        0        0        0        0        0        0
1.37e+10 0.00004 19.225         0        0        0        0        0        0        0        0        0
1.37e+10 0.00004 19.275         0        0        0        0        0        0        0        0        0
1.37e+10 0.00004 19.325         0        0        0        0        0        0        0        0        0
1.37e+10 0.00004 19.375         0        0        0        0        0        0        0        0        0
1.37e+10 0.00004 19.425         0        0        0        0        0        0        0        0        0
1.37e+10 0.00004 19.475         0        0        0        0        0        0        0        0        0
1.37e+10 0.00004 19.525         0        0        0        0        0        0        0        0        0
1.37e+10 0.00004 19.575         0        0        0        0        0        0        0        0        0
1.37e+10 0.00004 19.625         0        0        0        0        0        0        0        0        0
1.37e+10 0.00004 19.675         0        0        0        0        0        0        0        0        0
1.37e+10 0.00004 19.725         0        0        0        0        0        0        0        0        0
1.37e+10 0.00004 19.775         0        0        0        0        0        0        0        0        0
1.37e+10 0.00004 19.825         0        0        0        0        0        0        0        0        0
1.37e+10 0.00004 19.875         0        0        0        0        0        0        0        0        0
1.37e+10 0.00004 19.925         0        0        0        0        0        0        0        0        0
1.37e+10 0.00004 19.975         0        0        0        0        0        0        0        0        0
#isochrone terminated
