# File generated by CMD 3.3 (http://stev.oapd.inaf.it/cmd) on Tue Sep 15 20:48:28 CEST 2020
# isochrones based on PARSEC release v1.2S +  COLIBRI S_35
# Basic references: Bressan et al. (2012), MNRAS, 427, 127 + Chen et al. (2014, 2015), MNRAS, 444, 2525 + MNRAS, 452, 1068 + Tang et al. (2014), MNRAS, 445, 4287 + Marigo et al. (2017), ApJ, 835, 77 + Pastorelli al. (2019), MNRAS in press
# Thermal pulse cycles included 
# On RGB, assumed Reimers mass loss with efficiency eta=0.2
# Photometric system: WFIRST proposed filters, Vegamags
# Using YBC version of bolometric corrections as in Chen et al. (2019)
# O-rich circumstellar dpmod60alox40 dust from Groenewegen (2006)
# C-rich circumstellar AMCSIC15 dust from Groenewegen (2006)
# IMF: Kroupa (2001, 2002) + Kroupa et al. (2013) canonical two-part-power law IMF corrected for unresolved binaries 
# Kind of output: isochrone tables
# Zini     MH   logAge Mini        int_IMF         Mass   logL    logTe  logg  label   McoreTP C_O  period0 period1 pmode  Mloss  tau1m   X   Y   Xc  Xn  Xo  Cexcess  Z 	 mbolmag  R062mag  Z087mag  Y106mag  J129mag  H158mag  F184mag  W149mag
0.0152 0.01508 10.13672 0.0900000036 1.0816895962    0.090 -3.422  3.3626  5.217    1  0.000  0.545     0.00     0.00 -1 -3.91e-17      0.00 7.076e-01 2.772e-01 2.746e-03 7.408e-04 6.719e-03 -1.000 1.527e-02 13.325 16.385 12.970 11.836 11.193 10.766 10.656 11.206
0.0152 0.01508 10.13672 0.1000000015 1.1711064577    0.100 -3.240  3.3885  5.184    1  0.000  0.545     0.00     0.00 -1 -1.42e-22      0.00 7.070e-01 2.778e-01 2.746e-03 7.408e-04 6.719e-03 -1.000 1.527e-02 12.869 15.920 12.514 11.379 10.738 10.312 10.199 10.751
0.0152 0.01508 10.13672 0.1200000122 1.3193155527    0.120 -2.974  3.4235  5.137    1  0.000  0.545     0.00     0.00 -1 -1.04e-16      0.00 7.058e-01 2.789e-01 2.746e-03 7.408e-04 6.719e-03 -1.000 1.527e-02 12.206 15.080 11.809 10.716 10.086 9.661 9.539 10.095
0.0152 0.01508 10.13672 0.1215317696 1.3293278217    0.121 -2.959  3.4251  5.134    1  0.000  0.545     0.00     0.00 -1 -5.43e-17      0.00 7.057e-01 2.790e-01 2.746e-03 7.408e-04 6.719e-03 -1.000 1.527e-02 12.168 14.996 11.759 10.678 10.051 9.625 9.502 10.058
0.0152 0.01508 10.13672 0.1400000006 1.4384527206    0.140 -2.791  3.4437  5.101    1  0.000  0.545     0.00     0.00 -1 -1.69e-20      0.00 7.047e-01 2.800e-01 2.746e-03 7.408e-04 6.719e-03 -1.000 1.527e-02 11.746 14.123 11.213 10.256 9.657 9.231 9.094 9.656
0.0152 0.01508 10.13672 0.1599999964 1.5372931957    0.160 -2.648  3.4573  5.072    1  0.000  0.545     0.00     0.00 -1 -5.37e-18      0.00 7.038e-01 2.809e-01 2.746e-03 7.408e-04 6.719e-03 -1.000 1.527e-02 11.391 13.464 10.779 9.906 9.324 8.898 8.754 9.317
0.0152 0.01508 10.13672 0.2000000030 1.6938791275    0.200 -2.426  3.4761  5.021    1  0.000  0.545     0.00     0.00 -1 -5.79e-22      0.00 7.024e-01 2.823e-01 2.746e-03 7.408e-04 6.719e-03 -1.000 1.527e-02 10.835 12.546 10.133 9.361 8.802 8.375 8.223 8.788
0.0152 0.01508 10.13672 0.2500000000 1.8403258324    0.250 -2.209  3.4923  4.966    1  0.000  0.545     0.00     0.00 -1 -1.59e-19      0.00 7.014e-01 2.833e-01 2.746e-03 7.408e-04 6.719e-03 -1.000 1.527e-02 10.294 11.723 9.531 8.835 8.294 7.865 7.707 8.273
0.0152 0.01508 10.13672 0.3000000119 1.9529139996    0.300 -2.043  3.5028  4.922    1  0.000  0.545     0.00     0.00 -1 -1.87e-20      0.00 7.012e-01 2.835e-01 2.746e-03 7.408e-04 6.719e-03 -1.000 1.527e-02 9.879 11.164 9.086 8.430 7.899 7.467 7.308 7.874
0.0152 0.01508 10.13672 0.3031491339 1.9591778517    0.303 -2.034  3.5034  4.919    1  0.000  0.545     0.00     0.00 -1 -1.34e-20      0.00 7.018e-01 2.830e-01 2.746e-03 7.408e-04 6.719e-03 -1.000 1.527e-02 9.855 11.132 9.060 8.406 7.876 7.444 7.284 7.850
0.0152 0.01508 10.13672 0.3500000238 2.0434176922    0.350 -1.900  3.5115  4.881    1  0.000  0.545     0.00     0.00 -1 -1.75e-22      0.00 7.087e-01 2.760e-01 2.746e-03 7.408e-04 6.719e-03 -1.000 1.527e-02 9.521 10.696 8.706 8.081 7.558 7.123 6.961 7.529
0.0152 0.01508 10.13672 0.3866009414 2.0996289253    0.387 -1.792  3.5199  4.849    1  0.000  0.545     0.00     0.00 -1 -6.86e-18      0.00 7.090e-01 2.757e-01 2.746e-03 7.408e-04 6.719e-03 -1.000 1.527e-02 9.251 10.327 8.419 7.821 7.305 6.867 6.701 7.271
0.0152 0.01508 10.13672 0.4000000358 2.1185026169    0.400 -1.755  3.5228  4.838    1  0.000  0.545     0.00     0.00 -1  -3.3e-16      0.00 7.091e-01 2.756e-01 2.746e-03 7.408e-04 6.719e-03 -1.000 1.527e-02 9.158 10.204 8.322 7.733 7.219 6.779 6.611 7.183
0.0152 0.01508 10.13672 0.4500000477 2.1822810173    0.450 -1.603  3.5354  4.788    1  0.000  0.545     0.00     0.00 -1 -1.88e-15      0.00 7.091e-01 2.756e-01 2.746e-03 7.408e-04 6.719e-03 -1.000 1.527e-02 8.779 9.697 7.923 7.372 6.867 6.419 6.244 6.823
0.0152 0.01508 10.13672 0.5000000000 2.2374541759    0.500 -1.442  3.5513  4.736    1  0.000  0.545     0.00     0.00 -1 -9.58e-16      0.00 7.092e-01 2.755e-01 2.746e-03 7.408e-04 6.719e-03 -1.000 1.527e-02 8.374 9.146 7.502 6.993 6.498 6.042 5.856 6.445
0.0152 0.01508 10.13672 0.5500000119 2.2836582661    0.550 -1.255  3.5724  4.675    1  0.000  0.544     0.00     0.00 -1 -3.24e-15      0.00 7.397e-01 2.464e-01 2.476e-03 6.684e-04 6.064e-03 -1.000 1.382e-02 7.908 8.489 7.023 6.567 6.085 5.616 5.418 6.019
0.0152 0.01508 10.13672 0.6000000238 2.3211214542    0.600 -1.074  3.5987  4.637    1  0.000  0.544     0.00     0.00 -1 -6.58e-15      0.00 7.442e-01 2.423e-01 2.440e-03 6.588e-04 5.978e-03 -1.000 1.358e-02 7.454 7.830 6.569 6.167 5.696 5.212 5.010 5.618
0.0152 0.01508 10.13672 0.6499999762 2.3520355225    0.650 -0.885  3.6314  4.614    1  0.000  0.544     0.00     0.00 -1    -1e-14      0.00 7.482e-01 2.385e-01 2.408e-03 6.503e-04 5.903e-03 -1.000 1.339e-02 6.983 7.146 6.105 5.756 5.298 4.821 4.639 5.225
0.0152 0.01508 10.13672 0.6669596434 2.3613185883    0.667 -0.820  3.6428  4.605    1  0.000  0.544     0.00     0.00 -1 -1.16e-14      0.00 7.495e-01 2.372e-01 2.397e-03 6.475e-04 5.877e-03 -1.000 1.334e-02 6.821 6.914 5.948 5.617 5.167 4.701 4.527 5.099
0.0152 0.01508 10.13672 0.7000000477 2.3779268265    0.700 -0.698  3.6641  4.589    1  0.000  0.544     0.00     0.00 -1 -1.53e-14      0.00 7.520e-01 2.347e-01 2.377e-03 6.421e-04 5.829e-03 -1.000 1.326e-02 6.515 6.491 5.646 5.350 4.930 4.506 4.353 4.879
0.0152 0.01508 10.13672 0.7153239846 2.3850336075    0.715 -0.641  3.6736  4.579    1  0.000  0.541     0.00     0.00 -1 -1.74e-14      0.00 7.533e-01 2.335e-01 2.356e-03 6.388e-04 5.803e-03 -1.000 1.320e-02 6.372 6.306 5.504 5.223 4.820 4.418 4.273 4.776
0.0152 0.01508 10.13672 0.7317921519 2.3922905922    0.732 -0.579  3.6835  4.567    1  0.000  0.539     0.00     0.00 -1 -1.92e-19      0.00 7.547e-01 2.321e-01 2.333e-03 6.354e-04 5.775e-03 -1.000 1.313e-02 6.217 6.113 5.353 5.088 4.702 4.323 4.188 4.666
0.0152 0.01508 10.13672 0.7473009825 2.3987894058    0.747 -0.521  3.6926  4.555    1  0.000  0.536     0.00     0.00 -1 -3.28e-15      0.00 7.561e-01 2.308e-01 2.312e-03 6.321e-04 5.748e-03 -1.000 1.308e-02 6.072 5.938 5.212 4.961 4.589 4.230 4.102 4.560
0.0152 0.01508 10.13672 0.7500000000 2.3998889923    0.750 -0.511  3.6942  4.552    1  0.000  0.536     0.00     0.00 -1 -2.37e-14      0.00 7.563e-01 2.306e-01 2.309e-03 6.315e-04 5.743e-03 -1.000 1.304e-02 6.046 5.908 5.188 4.939 4.570 4.214 4.088 4.541
0.0152 0.01508 10.13672 0.7585643530 2.4033184052    0.758 -0.479  3.6985  4.543    1  0.000  0.536     0.00     0.00 -1 -2.56e-14      0.00 7.573e-01 2.297e-01 2.301e-03 6.293e-04 5.724e-03 -1.000 1.300e-02 5.967 5.816 5.112 4.870 4.507 4.160 4.038 4.482
0.0152 0.01508 10.13672 0.7714645267 2.4083189964    0.771 -0.431  3.7049  4.527    1  0.000  0.536     0.00     0.00 -1 -6.44e-19      0.00 7.588e-01 2.282e-01 2.289e-03 6.261e-04 5.694e-03 -1.000 1.296e-02 5.847 5.679 4.997 4.764 4.412 4.078 3.962 4.390
0.0152 0.01508 10.13672 0.7840343714 2.4130101204    0.784 -0.383  3.7109  4.511    1  0.000  0.536     0.00     0.00 -1  -2.4e-19      0.00 7.602e-01 2.269e-01 2.277e-03 6.230e-04 5.667e-03 -1.000 1.290e-02 5.729 5.546 4.884 4.660 4.318 3.997 3.886 4.300
0.0152 0.01508 10.13672 0.7951829433 2.4170281887    0.795 -0.341  3.7162  4.496    1  0.000  0.536     0.00     0.00 -1 -1.04e-15      0.00 7.615e-01 2.257e-01 2.267e-03 6.202e-04 5.643e-03 -1.000 1.284e-02 5.623 5.429 4.784 4.568 4.234 3.922 3.816 4.219
0.0152 0.01508 10.13672 0.8000000119 2.4187245369    0.799 -0.323  3.7184  4.489    1  0.000  0.536     0.00     0.00 -1  -3.8e-14      0.00 7.620e-01 2.252e-01 2.263e-03 6.191e-04 5.632e-03 -1.000 1.282e-02 5.577 5.378 4.740 4.528 4.197 3.890 3.785 4.183
0.0152 0.01508 10.13672 0.8026701808 2.4196548462    0.802 -0.312  3.7196  4.485    1  0.000  0.536     0.00     0.00 -1  -3.9e-14      0.00 7.624e-01 2.248e-01 2.260e-03 6.183e-04 5.626e-03 -1.000 1.281e-02 5.551 5.350 4.716 4.505 4.176 3.871 3.767 4.163
0.0152 0.01508 10.13672 0.8148592710 2.4238123894    0.814 -0.264  3.7248  4.465    1  0.000  0.536     0.00     0.00 -1 -5.64e-19      0.00 7.639e-01 2.234e-01 2.247e-03 6.149e-04 5.595e-03 -1.000 1.273e-02 5.431 5.221 4.602 4.398 4.078 3.782 3.683 4.067
0.0152 0.01508 10.13672 0.8261249661 2.4275298119    0.825 -0.219  3.7295  4.444    1  0.000  0.535     0.00     0.00 -1 -7.72e-22      0.00 7.654e-01 2.220e-01 2.236e-03 6.118e-04 5.567e-03 -1.000 1.264e-02 5.318 5.100 4.495 4.297 3.984 3.698 3.602 3.976
0.0152 0.01508 10.13672 0.8370007873 2.4310095310    0.836 -0.174  3.7338  4.422    1  0.000  0.535     0.00     0.00 -1 -3.25e-18      0.00 7.667e-01 2.207e-01 2.225e-03 6.090e-04 5.541e-03 -1.000 1.261e-02 5.206 4.981 4.389 4.198 3.892 3.612 3.521 3.885
0.0152 0.01508 10.13672 0.8469255567 2.4340956211    0.846 -0.132  3.7376  4.400    1  0.000  0.535     0.00     0.00 -1 -6.35e-15      0.00 7.679e-01 2.196e-01 2.216e-03 6.064e-04 5.519e-03 -1.000 1.257e-02 5.100 4.871 4.290 4.104 3.803 3.530 3.442 3.798
0.0152 0.01508 10.13672 0.8500000238 2.4350347519    0.849 -0.119  3.7387  4.393    1  0.000  0.535     0.00     0.00 -1 -6.56e-14      0.00 7.682e-01 2.192e-01 2.213e-03 6.056e-04 5.512e-03 -1.000 1.256e-02 5.068 4.837 4.260 4.075 3.776 3.505 3.417 3.771
0.0152 0.01508 10.13672 0.8507769108 2.4352707863    0.850 -0.116  3.7390  4.391    1  0.000  0.535     0.00     0.00 -1 -6.62e-14      0.00 7.683e-01 2.191e-01 2.212e-03 6.054e-04 5.509e-03 -1.000 1.255e-02 5.059 4.828 4.252 4.067 3.769 3.498 3.411 3.764
0.0152 0.01508 10.13672 0.8622007966 2.4386861324    0.861 -0.065  3.7425  4.361    1  0.000  0.535     0.00     0.00 -1 -7.65e-14      0.00 7.699e-01 2.176e-01 2.200e-03 6.021e-04 5.480e-03 -1.000 1.246e-02 4.934 4.699 4.133 3.953 3.660 3.395 3.311 3.656
0.0152 0.01508 10.13672 0.8733832240 2.4419295788    0.872 -0.016  3.7454  4.328    1  0.000  0.535     0.00     0.00 -1 -2.18e-18      0.00 7.711e-01 2.165e-01 2.190e-03 5.996e-04 5.458e-03 -1.000 1.239e-02 4.810 4.572 4.015 3.839 3.550 3.290 3.208 3.547
0.0152 0.01508 10.13672 0.8829243779 2.4446227551    0.882  0.029  3.7475  4.297    1  0.000  0.535     0.00     0.00 -1 -2.11e-19      0.00 7.711e-01 2.165e-01 2.191e-03 5.998e-04 5.460e-03 -1.000 1.239e-02 4.698 4.460 3.908 3.735 3.449 3.192 3.112 3.447
0.0152 0.01508 10.13672 0.8859700561 2.4454681873    0.885  0.043  3.7481  4.286    1  0.000  0.535     0.00     0.00 -1 -2.29e-18      0.00 7.709e-01 2.167e-01 2.193e-03 6.005e-04 5.466e-03 -1.000 1.240e-02 4.662 4.423 3.873 3.701 3.415 3.159 3.080 3.414
0.0152 0.01508 10.13672 0.8919686079 2.4471142292    0.891  0.073  3.7489  4.262    1  0.000  0.535     0.00     0.00 -1 -2.51e-16      0.00 7.699e-01 2.176e-01 2.203e-03 6.031e-04 5.490e-03 -1.000 1.248e-02 4.587 4.347 3.800 3.628 3.344 3.089 3.010 3.343
0.0152 0.01508 10.13672 0.8995758295 2.4491655827    0.898  0.112  3.7493  4.228    1  0.000  0.535     0.00     0.00 -1 -9.49e-14      0.00 7.684e-01 2.190e-01 2.217e-03 6.071e-04 5.527e-03 -1.000 1.259e-02 4.489 4.249 3.704 3.532 3.248 2.994 2.916 3.247
0.0152 0.01508 10.13672 0.9000000358 2.4492788315    0.899  0.115  3.7493  4.226    1  0.000  0.535     0.00     0.00 -1 -1.32e-13      0.00 7.683e-01 2.191e-01 2.218e-03 6.074e-04 5.529e-03 -1.000 1.260e-02 4.483 4.244 3.698 3.526 3.243 2.989 2.910 3.242
0.0152 0.01508 10.13672 0.9074737430 2.4512534142    0.906  0.156  3.7486  4.186    1  0.000  0.535     0.00     0.00 -1 -1.51e-13      0.00 7.658e-01 2.214e-01 2.243e-03 6.142e-04 5.592e-03 -1.000 1.273e-02 4.381 4.142 3.595 3.422 3.137 2.882 2.803 3.136
0.0152 0.01508 10.13672 0.9116032124 2.4523284435    0.910  0.179  3.7477  4.161    1  0.000  0.535     0.00     0.00 -1 -1.64e-13      0.00 7.640e-01 2.232e-01 2.262e-03 6.195e-04 5.640e-03 -1.000 1.282e-02 4.323 4.085 3.535 3.362 3.075 2.818 2.739 3.074
0.0152 0.01508 10.13672 0.9144138694 2.4530537128    0.913  0.195  3.7462  4.140    2  0.000  0.535     0.00     0.00 -1 -2.33e-14      0.00 7.616e-01 2.255e-01 2.284e-03 6.257e-04 5.697e-03 -1.000 1.295e-02 4.282 4.046 3.492 3.316 3.028 2.768 2.687 3.026
0.0152 0.01508 10.13672 0.9208908677 2.4547059536    0.919  0.232  3.7414  4.087    2  0.000  0.535     0.00     0.00 -1 -1.49e-17      0.00 7.541e-01 2.326e-01 2.352e-03 6.441e-04 5.864e-03 -1.000 1.334e-02 4.189 3.957 3.391 3.209 2.913 2.645 2.560 2.909
0.0152 0.01508 10.13672 0.9262678623 2.4560573101    0.925  0.260  3.7320  4.024    2  0.000  0.535     0.00     0.00 -1 -8.59e-17      0.00 7.451e-01 2.411e-01 2.428e-03 6.647e-04 6.048e-03 -1.000 1.378e-02 4.120 3.901 3.310 3.115 2.804 2.520 2.427 2.796
0.0152 0.01508 10.13672 0.9292808175 2.4568066597    0.928  0.272  3.7220  3.974    2  0.000  0.536     0.00     0.00 -1 -3.63e-20      0.00 7.385e-01 2.475e-01 2.480e-03 6.786e-04 6.173e-03 -1.000 1.403e-02 4.091 3.889 3.269 3.059 2.732 2.430 2.328 2.720
0.0152 0.01508 10.13672 0.9312666655 2.4572975636    0.930  0.282  3.7127  3.927    2  0.000  0.536     0.00     0.00 -1 -1.06e-19      0.00 7.336e-01 2.522e-01 2.517e-03 6.885e-04 6.261e-03 -1.000 1.425e-02 4.065 3.882 3.234 3.011 2.668 2.347 2.237 2.651
0.0152 0.01508 10.13672 0.9330522418 2.4577369690    0.931  0.304  3.7037  3.870    2  0.000  0.536     0.00     0.00 -1 -4.74e-19      0.00 7.289e-01 2.566e-01 2.551e-03 6.974e-04 6.340e-03 -1.000 1.443e-02 4.011 3.849 3.173 2.936 2.578 2.240 2.121 2.556
0.0152 0.01508 10.13672 0.9346526265 2.4581289291    0.933  0.340  3.6966  3.806    2  0.000  0.537     0.00     0.00 -1 -1.89e-18      0.00 7.246e-01 2.609e-01 2.579e-03 7.049e-04 6.406e-03 -1.000 1.458e-02 3.919 3.777 3.077 2.829 2.459 2.107 1.981 2.433
0.0152 0.01508 10.13672 0.9352866411 2.4582839012    0.934  0.359  3.6941  3.778    2  0.000  0.537     0.00     0.00 -1 -3.31e-18      0.00 7.228e-01 2.626e-01 2.589e-03 7.077e-04 6.431e-03 -1.000 1.464e-02 3.873 3.737 3.029 2.777 2.404 2.046 1.918 2.375
0.0152 0.01508 10.13672 0.9358704090 2.4584262371    0.934  0.383  3.6925  3.748    2  0.000  0.537     0.00     0.00 -1 -5.62e-18      0.00 7.212e-01 2.642e-01 2.597e-03 7.098e-04 6.450e-03 -1.000 1.465e-02 3.814 3.683 2.969 2.715 2.338 1.977 1.848 2.309
0.0152 0.01508 10.13672 0.9368461967 2.4586639404    0.935  0.426  3.6902  3.696    3  0.000  0.537     0.00     0.00 -1 -1.38e-17      0.00 7.182e-01 2.671e-01 2.609e-03 7.134e-04 6.481e-03 -1.000 1.471e-02 3.705 3.581 2.860 2.601 2.221 1.854 1.723 2.190
0.0152 0.01508 10.13672 0.9378643632 2.4589111805    0.936  0.479  3.6884  3.636    3  0.000  0.536     0.00     0.00 -1  -3.6e-17      0.00 7.148e-01 2.704e-01 2.617e-03 7.174e-04 6.509e-03 -1.000 1.480e-02 3.573 3.455 2.728 2.466 2.083 1.712 1.579 2.050
0.0152 0.01508 10.13672 0.9386875033 2.4591107368    0.937  0.526  3.6872  3.584    3  0.000  0.534     0.00     0.00 -1 -7.98e-17      0.00 7.118e-01 2.734e-01 2.613e-03 7.238e-04 6.528e-03 -1.000 1.482e-02 3.454 3.340 2.610 2.346 1.960 1.587 1.452 1.926
0.0152 0.01508 10.13672 0.9393768907 2.4592776299    0.938  0.569  3.6862  3.537    3  0.000  0.529     0.00     0.00 -1 -1.57e-16      0.00 7.091e-01 2.760e-01 2.597e-03 7.375e-04 6.543e-03 -1.000 1.487e-02 3.346 3.236 2.502 2.237 1.849 1.474 1.338 1.815
0.0152 0.01508 10.13672 0.9400348663 2.4594364166    0.938  0.614  3.6853  3.490    3  0.000  0.521     0.00     0.00 -1 -3.03e-16      0.00 7.064e-01 2.786e-01 2.564e-03 7.703e-04 6.554e-03 -1.000 1.491e-02 3.235 3.128 2.391 2.124 1.735 1.358 1.221 1.700
0.0152 0.01508 10.13672 0.9406516552 2.4595851898    0.939  0.659  3.6844  3.441    3  0.000  0.512     0.00     0.00 -1  -5.7e-16      0.00 7.041e-01 2.809e-01 2.522e-03 8.189e-04 6.564e-03 -1.000 1.497e-02 3.123 3.018 2.279 2.010 1.619 1.240 1.102 1.584
0.0152 0.01508 10.13672 0.9412277937 2.4597239494    0.939  0.705  3.6834  3.392    3  0.000  0.504     0.00     0.00 -1 -1.04e-15      0.00 7.022e-01 2.828e-01 2.482e-03 8.681e-04 6.571e-03 -1.000 1.496e-02 3.008 2.907 2.164 1.894 1.501 1.120 0.981 1.465
0.0152 0.01508 10.13672 0.9417212605 2.4598426819    0.940  0.747  3.6824  3.346    3  0.000  0.496     0.00     0.00 -1 -1.77e-15      0.00 7.006e-01 2.844e-01 2.447e-03 9.128e-04 6.576e-03 -1.000 1.498e-02 2.903 2.805 2.059 1.787 1.392 1.010 0.870 1.356
0.0152 0.01508 10.13672 0.9422273636 2.4599642754    0.940  0.793  3.6813  3.295    3  0.000  0.489     0.00     0.00 -1 -3.08e-15      0.00 6.990e-01 2.860e-01 2.416e-03 9.536e-04 6.581e-03 -1.000 1.497e-02 2.786 2.691 1.942 1.668 1.271 0.887 0.745 1.234
0.0152 0.01508 10.13672 0.9426599145 2.4600679874    0.941  0.837  3.6802  3.247    3  0.000  0.485     0.00     0.00 -1 -5.02e-15      0.00 6.981e-01 2.869e-01 2.397e-03 9.786e-04 6.585e-03 -1.000 1.499e-02 2.678 2.587 1.833 1.557 1.159 0.772 0.629 1.121
0.0152 0.01508 10.13672 0.9430601001 2.4601638317    0.941  0.880  3.6790  3.199    3  0.000  0.482     0.00     0.00 -1 -7.99e-15      0.00 6.972e-01 2.878e-01 2.380e-03 1.001e-03 6.587e-03 -1.000 1.501e-02 2.570 2.483 1.725 1.447 1.046 0.657 0.512 1.007
0.0152 0.01508 10.13672 0.9434123635 2.4602482319    0.941  0.921  3.6777  3.153    3  0.000  0.480     0.00     0.00 -1 -1.22e-14      0.00 6.966e-01 2.884e-01 2.370e-03 1.014e-03 6.589e-03 -1.000 1.502e-02 2.466 2.384 1.622 1.341 0.938 0.546 0.400 0.898
0.0152 0.01508 10.13672 0.9437413216 2.4603269100    0.942  0.963  3.6763  3.106    3  0.000  0.478     0.00     0.00 -1 -1.82e-14      0.00 6.962e-01 2.889e-01 2.362e-03 1.024e-03 6.590e-03 -1.000 1.499e-02 2.362 2.285 1.517 1.234 0.829 0.434 0.287 0.788
0.0152 0.01508 10.13672 0.9440495968 2.4604005814    0.942  1.005  3.6749  3.058    3  0.000  0.477     0.00     0.00 -1  -2.7e-14      0.00 6.958e-01 2.891e-01 2.357e-03 1.031e-03 6.591e-03 -1.000 1.501e-02 2.257 2.184 1.412 1.126 0.718 0.320 0.171 0.676
0.0152 0.01508 10.13672 0.9443361163 2.4604690075    0.942  1.048  3.6733  3.009    3  0.000  0.476     0.00     0.00 -1 -3.93e-14      0.00 6.957e-01 2.893e-01 2.354e-03 1.035e-03 6.592e-03 -1.000 1.499e-02 2.149 2.083 1.305 1.016 0.605 0.204 0.053 0.562
0.0152 0.01508 10.13672 0.9445865750 2.4605288506    0.942  1.089  3.6718  2.963    3  0.000  0.476     0.00     0.00 -1 -5.53e-14      0.00 6.956e-01 2.894e-01 2.353e-03 1.036e-03 6.592e-03 -1.000 1.502e-02 2.048 1.987 1.204 0.913 0.499 0.094 -0.059 0.454
0.0152 0.01508 10.13672 0.9448192120 2.4605844021    0.942  1.129  3.6702  2.916    3  0.000  0.476     0.00     0.00 -1 -7.67e-14      0.00 6.956e-01 2.894e-01 2.353e-03 1.037e-03 6.592e-03 -1.000 1.502e-02 1.948 1.892 1.103 0.809 0.392 -0.015 -0.170 0.347
0.0152 0.01508 10.13672 0.9450970888 2.4606506824    0.943  1.182  3.6680  2.854    3  0.000  0.476     0.00     0.00 -1 -1.15e-13      0.00 6.956e-01 2.894e-01 2.352e-03 1.038e-03 6.593e-03 -1.000 1.502e-02 1.816 1.769 0.972 0.674 0.253 -0.159 -0.317 0.206
0.0152 0.01508 10.13672 0.9452911615 2.4606969357    0.943  1.222  3.6662  2.807    3  0.000  0.476     0.00     0.00 -1 -1.55e-13      0.00 6.956e-01 2.894e-01 2.352e-03 1.038e-03 6.593e-03 -1.000 1.502e-02 1.716 1.676 0.873 0.572 0.148 -0.269 -0.428 0.099
0.0152 0.01508 10.13672 0.9455235004 2.4607522488    0.943  1.274  3.6639  2.746    3  0.000  0.476     0.00     0.00 -1 -2.24e-13      0.00 6.956e-01 2.894e-01 2.352e-03 1.038e-03 6.593e-03 -1.000 1.502e-02 1.586 1.556 0.744 0.438 0.010 -0.411 -0.573 -0.040
0.0152 0.01508 10.13672 0.9457350969 2.4608025551    0.943  1.325  3.6615  2.686    3  0.000  0.476     0.00     0.00 -1 -3.19e-13      0.00 6.955e-01 2.894e-01 2.352e-03 1.039e-03 6.593e-03 -1.000 1.502e-02 1.458 1.438 0.617 0.307 -0.125 -0.551 -0.717 -0.177
0.0152 0.01508 10.13672 0.9459320307 2.4608492851    0.943  1.375  3.6591  2.626    3  0.000  0.475     0.00     0.00 -1 -4.47e-13      0.00 6.955e-01 2.894e-01 2.351e-03 1.039e-03 6.593e-03 -1.000 1.502e-02 1.333 1.323 0.493 0.179 -0.258 -0.689 -0.858 -0.312
0.0152 0.01508 10.13672 0.9461337328 2.4608974457    0.943  1.422  3.6567  2.569    3  0.000  0.475     0.00     0.00 -1 -6.25e-13      0.00 6.955e-01 2.895e-01 2.351e-03 1.039e-03 6.593e-03 -1.000 1.502e-02 1.214 1.215 0.376 0.057 -0.384 -0.821 -0.992 -0.440
0.0152 0.01508 10.13672 0.9463310242 2.4609441757    0.943  1.453  3.6553  2.532    3  0.000  0.475     0.00     0.00 -1 -8.28e-13      0.00 6.955e-01 2.895e-01 2.351e-03 1.040e-03 6.593e-03 -1.000 1.502e-02 1.136 1.144 0.299 -0.022 -0.466 -0.906 -1.079 -0.524
0.0152 0.01508 10.13672 0.9464663863 2.4609763622    0.943  1.431  3.6569  2.561    3  0.000  0.475     0.00     0.00 -1 -8.69e-13      0.00 6.955e-01 2.895e-01 2.351e-03 1.040e-03 6.594e-03 -1.000 1.502e-02 1.194 1.194 0.355 0.037 -0.404 -0.840 -1.011 -0.460
0.0152 0.01508 10.13672 0.9465859532 2.4610047340    0.943  1.389  3.6595  2.613    3  0.000  0.475     0.00     0.00 -1 -8.31e-13      0.00 6.955e-01 2.895e-01 2.351e-03 1.040e-03 6.594e-03 -1.000 1.502e-02 1.297 1.285 0.456 0.143 -0.293 -0.723 -0.891 -0.347
0.0152 0.01508 10.13672 0.9465902448 2.4610059261    0.943  1.388  3.6596  2.615    3  0.000  0.475     0.00     0.00 -1 -8.29e-13      0.00 6.955e-01 2.895e-01 2.351e-03 1.040e-03 6.594e-03 -1.000 1.502e-02 1.300 1.288 0.460 0.147 -0.289 -0.719 -0.887 -0.343
0.0152 0.01508 10.13672 0.9466663599 2.4610238075    0.943  1.414  3.6582  2.584    3  0.000  0.475     0.00     0.00 -1 -9.63e-13      0.00 6.955e-01 2.895e-01 2.351e-03 1.040e-03 6.594e-03 -1.000 1.502e-02 1.236 1.230 0.396 0.081 -0.358 -0.791 -0.960 -0.413
0.0152 0.01508 10.13672 0.9468196034 2.4610602856    0.943  1.465  3.6555  2.521    3  0.000  0.475     0.00     0.00 -1 -1.31e-12      0.00 6.955e-01 2.895e-01 2.350e-03 1.041e-03 6.594e-03 -1.000 1.502e-02 1.106 1.113 0.268 -0.052 -0.496 -0.935 -1.108 -0.553
0.0152 0.01508 10.13672 0.9469654560 2.4610948563    0.943  1.517  3.6527  2.458    3  0.000  0.475     0.00     0.00 -1 -1.77e-12      0.00 6.955e-01 2.895e-01 2.350e-03 1.041e-03 6.594e-03 -1.000 1.502e-02 0.978 0.997 0.142 -0.184 -0.633 -1.078 -1.254 -0.692
0.0152 0.01508 10.13672 0.9470965862 2.4611260891    0.943  1.566  3.6499  2.398    3  0.000  0.475     0.00     0.00 -1 -2.36e-12      0.00 6.955e-01 2.895e-01 2.350e-03 1.041e-03 6.594e-03 -1.000 1.503e-02 0.855 0.885 0.019 -0.312 -0.766 -1.216 -1.397 -0.828
0.0152 0.01508 10.13672 0.9472147226 2.4611539841    0.943  1.614  3.6471  2.339    3  0.000  0.475     0.00     0.00 -1 -3.11e-12      0.00 6.955e-01 2.895e-01 2.350e-03 1.041e-03 6.594e-03 -1.000 1.503e-02 0.734 0.778 -0.101 -0.437 -0.895 -1.352 -1.536 -0.960
0.0152 0.01508 10.13672 0.9473234415 2.4611797333    0.943  1.663  3.6443  2.279    3  0.000  0.475     0.00     0.00 -1 -4.05e-12      0.00 6.955e-01 2.895e-01 2.350e-03 1.041e-03 6.594e-03 -1.000 1.503e-02 0.613 0.671 -0.220 -0.561 -1.025 -1.487 -1.675 -1.092
0.0152 0.01508 10.13672 0.9474233985 2.4612035751    0.943  1.711  3.6414  2.219    3  0.000  0.475     0.00     0.00 -1 -5.26e-12      0.00 6.954e-01 2.895e-01 2.350e-03 1.042e-03 6.594e-03 -1.000 1.503e-02 0.492 0.564 -0.340 -0.686 -1.156 -1.623 -1.815 -1.225
0.0152 0.01508 10.13672 0.9475130439 2.4612247944    0.943  1.759  3.6385  2.160    3  0.000  0.475     0.00     0.00 -1 -6.74e-12      0.00 6.954e-01 2.895e-01 2.350e-03 1.042e-03 6.594e-03 -1.000 1.503e-02 0.373 0.461 -0.457 -0.809 -1.284 -1.758 -1.953 -1.355
0.0152 0.01508 10.13672 0.9475936294 2.4612438679    0.942  1.806  3.6356  2.101    3  0.000  0.475     0.00     0.00 -1 -8.56e-12      0.00 6.954e-01 2.895e-01 2.349e-03 1.042e-03 6.594e-03 -1.000 1.503e-02 0.256 0.361 -0.571 -0.929 -1.409 -1.889 -2.089 -1.483
0.0152 0.01508 10.13672 0.9476674795 2.4612612724    0.942  1.852  3.6327  2.043    3  0.000  0.475     0.00     0.00 -1 -1.08e-11      0.00 6.954e-01 2.895e-01 2.349e-03 1.042e-03 6.594e-03 -1.000 1.503e-02 0.140 0.262 -0.686 -1.049 -1.535 -2.021 -2.225 -1.612
0.0152 0.01508 10.13672 0.9477347732 2.4612772465    0.942  1.898  3.6297  1.985    3  0.000  0.475     0.00     0.00 -1 -1.35e-11      0.00 6.954e-01 2.895e-01 2.349e-03 1.042e-03 6.594e-03 -1.000 1.503e-02 0.025 0.164 -0.797 -1.166 -1.658 -2.150 -2.358 -1.737
0.0152 0.01508 10.13672 0.9477961659 2.4612917900    0.942  1.944  3.6267  1.927    3  0.000  0.475     0.00     0.00 -1 -1.68e-11      0.00 6.954e-01 2.895e-01 2.349e-03 1.042e-03 6.594e-03 -1.000 1.503e-02 -0.090 0.069 -0.906 -1.282 -1.779 -2.273 -2.485 -1.858
0.0152 0.01508 10.13672 0.9478524327 2.4613051414    0.941  1.990  3.6237  1.869    3  0.000  0.475     0.00     0.00 -1 -2.09e-11      0.00 6.954e-01 2.896e-01 2.349e-03 1.042e-03 6.594e-03 -1.000 1.503e-02 -0.204 -0.026 -1.015 -1.397 -1.900 -2.396 -2.612 -1.980
0.0152 0.01508 10.13672 0.9479025006 2.4613170624    0.941  2.034  3.6206  1.812    3  0.000  0.475     0.00     0.00 -1 -2.57e-11      0.00 6.954e-01 2.896e-01 2.349e-03 1.042e-03 6.594e-03 -1.000 1.503e-02 -0.315 -0.119 -1.119 -1.509 -2.017 -2.516 -2.735 -2.098
0.0152 0.01508 10.13672 0.9479485750 2.4613280296    0.941  2.078  3.6176  1.755    3  0.000  0.475     0.00     0.00 -1 -3.15e-11      0.00 6.954e-01 2.896e-01 2.349e-03 1.043e-03 6.594e-03 -1.000 1.503e-02 -0.426 -0.209 -1.224 -1.621 -2.134 -2.636 -2.858 -2.216
0.0152 0.01508 10.13672 0.9479906559 2.4613378048    0.940  2.123  3.6145  1.698    3  0.000  0.475     0.00     0.00 -1 -3.84e-11      0.00 6.954e-01 2.896e-01 2.349e-03 1.043e-03 6.595e-03 -1.000 1.503e-02 -0.537 -0.298 -1.327 -1.731 -2.250 -2.755 -2.981 -2.333
0.0152 0.01508 10.13672 0.9480285645 2.4613468647    0.940  2.166  3.6114  1.643    3  0.000  0.475     0.00     0.00 -1 -4.65e-11      0.00 6.954e-01 2.896e-01 2.349e-03 1.043e-03 6.595e-03 -1.000 1.503e-02 -0.644 -0.384 -1.427 -1.839 -2.363 -2.872 -3.101 -2.447
0.0152 0.01508 10.13672 0.9480642080 2.4613552094    0.939  2.209  3.6082  1.586    3  0.000  0.475     0.00     0.00 -1 -5.64e-11      0.00 6.954e-01 2.896e-01 2.349e-03 1.043e-03 6.595e-03 -1.000 1.503e-02 -0.753 -0.471 -1.528 -1.948 -2.478 -2.990 -3.223 -2.563
0.0152 0.01508 10.13672 0.9480957389 2.4613628387    0.939  2.251  3.6051  1.532    3  0.000  0.475     0.00     0.00 -1 -6.77e-11      0.00 6.954e-01 2.896e-01 2.349e-03 1.043e-03 6.595e-03 -1.000 1.503e-02 -0.858 -0.551 -1.624 -2.052 -2.588 -3.103 -3.340 -2.674
0.0152 0.01508 10.13672 0.9481254220 2.4613697529    0.938  2.293  3.6019  1.477    3  0.000  0.475     0.00     0.00 -1 -8.13e-11      0.00 6.954e-01 2.896e-01 2.349e-03 1.043e-03 6.595e-03 -1.000 1.503e-02 -0.964 -0.631 -1.723 -2.159 -2.701 -3.221 -3.462 -2.789
0.0152 0.01508 10.13672 0.9481524229 2.4613761902    0.937  2.335  3.5988  1.422    3  0.000  0.475     0.00     0.00 -1 -9.72e-11      0.00 6.954e-01 2.896e-01 2.349e-03 1.043e-03 6.595e-03 -1.000 1.503e-02 -1.068 -0.707 -1.822 -2.266 -2.813 -3.340 -3.585 -2.904
0.0152 0.01508 10.13672 0.9481768608 2.4613819122    0.937  2.376  3.5956  1.369    3  0.000  0.475     0.00     0.00 -1 -1.16e-10      0.00 6.954e-01 2.896e-01 2.349e-03 1.043e-03 6.595e-03 -1.000 1.503e-02 -1.169 -0.776 -1.919 -2.371 -2.924 -3.456 -3.706 -3.018
0.0152 0.01508 10.13672 0.9481997490 2.4613873959    0.936  2.416  3.5923  1.314    3  0.000  0.475     0.00     0.00 -1 -1.37e-10      0.00 6.954e-01 2.896e-01 2.349e-03 1.043e-03 6.595e-03 -1.000 1.503e-02 -1.271 -0.844 -2.016 -2.476 -3.035 -3.573 -3.829 -3.132
0.0152 0.01508 10.13672 0.9482205510 2.4613921642    0.935  2.456  3.5891  1.261    3  0.000  0.475     0.00     0.00 -1 -1.62e-10      0.00 6.954e-01 2.896e-01 2.349e-03 1.043e-03 6.595e-03 -1.000 1.503e-02 -1.370 -0.910 -2.110 -2.579 -3.143 -3.688 -3.948 -3.244
0.0152 0.01508 10.13672 0.9482395649 2.4613966942    0.934  2.495  3.5859  1.209    3  0.000  0.475     0.00     0.00 -1 -1.91e-10      0.00 6.954e-01 2.896e-01 2.349e-03 1.043e-03 6.595e-03 -1.000 1.503e-02 -1.468 -0.967 -2.202 -2.680 -3.250 -3.800 -4.066 -3.354
0.0152 0.01508 10.13672 0.9482571483 2.4614009857    0.933  2.534  3.5825  1.156    3  0.000  0.475     0.00     0.00 -1 -2.25e-10      0.00 6.954e-01 2.896e-01 2.349e-03 1.043e-03 6.595e-03 -1.000 1.503e-02 -1.565 -1.023 -2.293 -2.780 -3.357 -3.913 -4.183 -3.463
0.0152 0.01508 10.13672 0.9482733011 2.4614048004    0.932  2.572  3.5793  1.105    3  0.000  0.475     0.00     0.00 -1 -2.63e-10      0.00 6.954e-01 2.896e-01 2.349e-03 1.043e-03 6.595e-03 -1.000 1.503e-02 -1.661 -1.077 -2.383 -2.879 -3.461 -4.023 -4.299 -3.571
0.0152 0.01508 10.13672 0.9482880831 2.4614081383    0.931  2.610  3.5760  1.053    3  0.000  0.475     0.00     0.00 -1 -3.07e-10      0.00 6.954e-01 2.896e-01 2.349e-03 1.043e-03 6.595e-03 -1.000 1.503e-02 -1.754 -1.119 -2.470 -2.977 -3.565 -4.132 -4.413 -3.678
0.0152 0.01508 10.13672 0.9483017325 2.4614114761    0.930  2.646  3.5727  1.003    3  0.000  0.475     0.00     0.00 -1 -3.57e-10      0.00 6.954e-01 2.896e-01 2.349e-03 1.043e-03 6.595e-03 -1.000 1.503e-02 -1.846 -1.159 -2.554 -3.072 -3.666 -4.239 -4.525 -3.782
0.0152 0.01508 10.13672 0.9483146667 2.4614145756    0.929  2.683  3.5692  0.952    3  0.000  0.475     0.00     0.00 -1 -4.15e-10      0.00 6.954e-01 2.896e-01 2.349e-03 1.043e-03 6.595e-03 -1.000 1.503e-02 -1.938 -1.194 -2.638 -3.169 -3.769 -4.347 -4.638 -3.887
0.0152 0.01508 10.13672 0.9483291507 2.4614179134    0.927  2.727  3.5650  0.890    3  0.000  0.475     0.00     0.00 -1 -4.98e-10      0.00 6.954e-01 2.896e-01 2.349e-03 1.043e-03 6.595e-03 -1.000 1.503e-02 -2.048 -1.221 -2.737 -3.286 -3.893 -4.477 -4.774 -4.015
0.0152 0.01508 10.13672 0.9483422041 2.4614210129    0.926  2.770  3.5609  0.830    3  0.000  0.475     0.00     0.00 -1 -5.93e-10      0.00 6.954e-01 2.896e-01 2.349e-03 1.043e-03 6.595e-03 -1.000 1.503e-02 -2.154 -1.246 -2.831 -3.398 -4.013 -4.603 -4.906 -4.138
0.0152 0.01508 10.13672 0.9483542442 2.4614238739    0.924  2.812  3.5567  0.771    3  0.000  0.475     0.00     0.00 -1 -7.05e-10      0.00 6.954e-01 2.896e-01 2.349e-03 1.043e-03 6.595e-03 -1.000 1.503e-02 -2.259 -1.258 -2.920 -3.509 -4.132 -4.728 -5.036 -4.260
0.0152 0.01508 10.13672 0.9483654499 2.4614264965    0.922  2.853  3.5525  0.711    3  0.000  0.475     0.00     0.00 -1 -8.36e-10      0.00 6.954e-01 2.896e-01 2.349e-03 1.043e-03 6.595e-03 -1.000 1.503e-02 -2.364 -1.262 -3.007 -3.619 -4.250 -4.852 -5.166 -4.381
0.0152 0.01508 10.13672 0.9483756423 2.4614288807    0.919  2.894  3.5482  0.653    3  0.000  0.475     0.00     0.00 -1 -9.88e-10      0.00 6.954e-01 2.896e-01 2.349e-03 1.043e-03 6.595e-03 -1.000 1.503e-02 -2.465 -1.257 -3.087 -3.725 -4.366 -4.972 -5.293 -4.499
0.0152 0.01508 10.13672 0.9483851194 2.4614312649    0.917  2.934  3.5439  0.594    3  0.000  0.475     0.00     0.00 -1 -1.17e-09      0.00 6.954e-01 2.896e-01 2.349e-03 1.043e-03 6.595e-03 -1.000 1.503e-02 -2.565 -1.240 -3.160 -3.831 -4.481 -5.093 -5.419 -4.617
0.0152 0.01508 10.13672 0.9483938217 2.4614331722    0.914  2.973  3.5396  0.536    3  0.000  0.475     0.00     0.00 -1 -1.37e-09      0.00 6.954e-01 2.896e-01 2.349e-03 1.043e-03 6.595e-03 -1.000 1.503e-02 -2.663 -1.218 -3.230 -3.934 -4.594 -5.210 -5.543 -4.732
0.0152 0.01508 10.13672 0.9484018683 2.4614350796    0.912  3.011  3.5354  0.480    3  0.000  0.475     0.00     0.00 -1  -1.6e-09      0.00 6.954e-01 2.896e-01 2.349e-03 1.043e-03 6.595e-03 -1.000 1.503e-02 -2.758 -1.180 -3.286 -4.032 -4.705 -5.325 -5.663 -4.844
0.0152 0.01508 10.13672 0.9484093189 2.4614369869    0.909  3.049  3.5311  0.424    3  0.000  0.475     0.00     0.00 -1 -1.87e-09      0.00 6.954e-01 2.896e-01 2.349e-03 1.043e-03 6.595e-03 -1.000 1.503e-02 -2.852 -1.137 -3.341 -4.130 -4.814 -5.438 -5.782 -4.954
0.0152 0.01508 10.13672 0.9484162331 2.4614386559    0.905  3.085  3.5268  0.369    3  0.000  0.475     0.00     0.00 -1 -2.18e-09      0.00 6.954e-01 2.896e-01 2.349e-03 1.043e-03 6.595e-03 -1.000 1.503e-02 -2.943 -1.080 -3.379 -4.222 -4.921 -5.548 -5.898 -5.062
0.0152 0.01508 10.13672 0.9484224916 2.4614400864    0.902  3.120  3.5226  0.316    3  0.000  0.475     0.00     0.00 -1 -2.52e-09      0.00 6.954e-01 2.896e-01 2.349e-03 1.043e-03 6.595e-03 -1.000 1.503e-02 -3.029 -1.015 -3.407 -4.309 -5.024 -5.653 -6.009 -5.164
0.0152 0.01508 10.13672 0.9484285116 2.4614415169    0.898  3.155  3.5183  0.262    3  0.000  0.475     0.00     0.00 -1 -2.91e-09      0.00 6.954e-01 2.896e-01 2.348e-03 1.043e-03 6.595e-03 -1.000 1.503e-02 -3.117 -0.935 -3.423 -4.393 -5.127 -5.758 -6.121 -5.266
0.0152 0.01508 10.13672 0.9484339952 2.4614427090    0.894  3.188  3.5141  0.210    3  0.000  0.475     0.00     0.00 -1 -3.35e-09      0.00 6.954e-01 2.896e-01 2.348e-03 1.043e-03 6.595e-03 -1.000 1.503e-02 -3.200 -0.836 -3.418 -4.469 -5.226 -5.860 -6.228 -5.364
0.0152 0.01508 10.13672 0.9484391212 2.4614439011    0.890  3.221  3.5099  0.158    3  0.000  0.475     0.00     0.00 -1 -3.85e-09      0.00 6.954e-01 2.896e-01 2.348e-03 1.043e-03 6.595e-03 -1.000 1.503e-02 -3.282 -0.736 -3.411 -4.543 -5.322 -5.959 -6.333 -5.459
0.0152 0.01508 10.13672 0.9484440684 2.4614450932    0.885  3.253  3.5057  0.106    3  0.000  0.475     0.00     0.00 -1 -4.42e-09      0.00 6.954e-01 2.896e-01 2.348e-03 1.043e-03 6.595e-03 -1.000 1.503e-02 -3.364 -0.658 -3.410 -4.616 -5.419 -6.057 -6.433 -5.553
0.0152 0.01508 10.13672 0.9484487176 2.4614462852    0.880  3.286  3.5015  0.055    3  0.000  0.475     0.00     0.00 -1 -5.07e-09      0.00 6.954e-01 2.896e-01 2.348e-03 1.043e-03 6.595e-03 -1.000 1.503e-02 -3.444 -0.569 -3.400 -4.686 -5.514 -6.154 -6.533 -5.645
0.0152 0.01508 10.13672 0.9484539032 2.4614474773    0.873  3.323  3.4965 -0.006    3  0.000  0.475     0.00     0.00 -1 -5.95e-09      0.00 6.954e-01 2.896e-01 2.348e-03 1.043e-03 6.595e-03 -1.000 1.503e-02 -3.537 -0.465 -3.381 -4.764 -5.624 -6.268 -6.650 -5.752
0.0152 0.01508 10.13672 0.9484588504 2.4614486694    0.866  3.360  3.4915 -0.066    3  0.000  0.475     0.00     0.00 -1 -6.96e-09      0.00 6.954e-01 2.896e-01 2.348e-03 1.043e-03 6.595e-03 -1.000 1.503e-02 -3.629 -0.368 -3.363 -4.840 -5.732 -6.379 -6.762 -5.856
0.0152 0.01508 10.13672 0.9484634995 2.4614496231    0.857  3.394  3.4868 -0.123    3  0.000  0.475     0.00     0.00 -1 -8.08e-09      0.00 6.954e-01 2.896e-01 2.348e-03 1.043e-03 6.595e-03 -1.000 1.503e-02 -3.714 -0.312 -3.363 -4.913 -5.832 -6.481 -6.863 -5.952
0.0152 0.01508 10.13672 0.9484651685 2.4614500999    0.855  3.405  3.4852 -0.143    3  0.000  0.475     0.00     0.00 -1 -8.52e-09      0.00 6.954e-01 2.896e-01 2.348e-03 1.043e-03 6.595e-03 -1.000 1.503e-02 -3.743 -0.299 -3.366 -4.938 -5.866 -6.515 -6.896 -5.985
0.0152 0.01508 10.13672 0.9484651685 2.4614500999    0.851  1.656  3.6676  2.334    4  0.000  0.473     0.00     0.00 -1    -1e-30      0.00 6.948e-01 2.901e-01 2.343e-03 1.058e-03 6.609e-03 -1.000 1.507e-02 0.629 0.580 -0.214 -0.515 -0.938 -1.344 -1.505 -0.982
0.0152 0.01508 10.13672 0.9485322833 2.4614660740    0.852  1.665  3.6671  2.324    4  0.000  0.473     0.00     0.00 -1    -1e-30      0.00 6.948e-01 2.901e-01 2.343e-03 1.058e-03 6.609e-03 -1.000 1.507e-02 0.609 0.562 -0.234 -0.536 -0.960 -1.367 -1.529 -1.005
0.0152 0.01508 10.13672 0.9485940933 2.4614806175    0.852  1.668  3.6669  2.320    4  0.000  0.473     0.00     0.00 -1    -1e-30      0.00 6.948e-01 2.901e-01 2.343e-03 1.058e-03 6.609e-03 -1.000 1.507e-02 0.601 0.555 -0.242 -0.544 -0.968 -1.376 -1.538 -1.013
0.0152 0.01508 10.13672 0.9486569762 2.4614953995    0.852  1.667  3.6672  2.322    4  0.000  0.473     0.00     0.00 -1    -1e-30      0.00 6.948e-01 2.901e-01 2.343e-03 1.058e-03 6.609e-03 -1.000 1.507e-02 0.602 0.555 -0.241 -0.543 -0.966 -1.373 -1.535 -1.011
0.0152 0.01508 10.13672 0.9487202764 2.4615104198    0.852  1.665  3.6677  2.326    4  0.000  0.473     0.00     0.00 -1    -1e-30      0.00 6.948e-01 2.901e-01 2.343e-03 1.058e-03 6.609e-03 -1.000 1.507e-02 0.608 0.558 -0.235 -0.536 -0.959 -1.365 -1.526 -1.003
0.0152 0.01508 10.13672 0.9487820268 2.4615249634    0.852  1.662  3.6682  2.331    4  0.000  0.473     0.00     0.00 -1    -1e-30      0.00 6.948e-01 2.901e-01 2.343e-03 1.058e-03 6.609e-03 -1.000 1.507e-02 0.615 0.564 -0.228 -0.528 -0.949 -1.354 -1.515 -0.993
0.0152 0.01508 10.13672 0.9488468170 2.4615402222    0.852  1.659  3.6689  2.337    4  0.000  0.473     0.00     0.00 -1    -1e-30      0.00 6.948e-01 2.901e-01 2.343e-03 1.058e-03 6.609e-03 -1.000 1.507e-02 0.624 0.570 -0.220 -0.518 -0.939 -1.342 -1.502 -0.982
0.0152 0.01508 10.13672 0.9489098787 2.4615552425    0.852  1.655  3.6694  2.343    4  0.000  0.473     0.00     0.00 -1    -1e-30      0.00 6.948e-01 2.901e-01 2.343e-03 1.058e-03 6.609e-03 -1.000 1.507e-02 0.632 0.576 -0.212 -0.509 -0.929 -1.331 -1.490 -0.972
0.0152 0.01508 10.13672 0.9489740133 2.4615702629    0.852  1.652  3.6700  2.348    4  0.000  0.473     0.00     0.00 -1    -1e-30      0.00 6.948e-01 2.901e-01 2.343e-03 1.058e-03 6.609e-03 -1.000 1.507e-02 0.640 0.581 -0.204 -0.500 -0.919 -1.320 -1.478 -0.961
0.0152 0.01508 10.13672 0.9490377307 2.4615852833    0.852  1.649  3.6705  2.353    4  0.000  0.473     0.00     0.00 -1    -1e-30      0.00 6.948e-01 2.901e-01 2.343e-03 1.058e-03 6.609e-03 -1.000 1.507e-02 0.647 0.587 -0.196 -0.492 -0.910 -1.310 -1.467 -0.952
0.0152 0.01508 10.13672 0.9491032958 2.4616007805    0.852  1.647  3.6711  2.358    4  0.000  0.473     0.00     0.00 -1    -1e-30      0.00 6.948e-01 2.901e-01 2.343e-03 1.058e-03 6.609e-03 -1.000 1.507e-02 0.653 0.591 -0.190 -0.485 -0.901 -1.300 -1.458 -0.943
0.0152 0.01508 10.13672 0.9491721988 2.4616172314    0.852  1.644  3.6715  2.362    4  0.000  0.473     0.00     0.00 -1    -1e-30      0.00 6.948e-01 2.901e-01 2.343e-03 1.058e-03 6.609e-03 -1.000 1.507e-02 0.659 0.596 -0.184 -0.478 -0.894 -1.292 -1.448 -0.935
0.0152 0.01508 10.13672 0.9492412210 2.4616334438    0.852  1.642  3.6719  2.366    4  0.000  0.473     0.00     0.00 -1    -1e-30      0.00 6.948e-01 2.901e-01 2.343e-03 1.058e-03 6.609e-03 -1.000 1.507e-02 0.665 0.600 -0.178 -0.472 -0.887 -1.284 -1.440 -0.928
0.0152 0.01508 10.13672 0.9493085742 2.4616494179    0.852  1.640  3.6723  2.370    4  0.000  0.473     0.00     0.00 -1    -1e-30      0.00 6.948e-01 2.901e-01 2.343e-03 1.058e-03 6.609e-03 -1.000 1.507e-02 0.669 0.603 -0.174 -0.467 -0.881 -1.278 -1.433 -0.922
0.0152 0.01508 10.13672 0.9493306875 2.4616544247    0.852  1.640  3.6724  2.370    4  0.000  0.473     0.00     0.00 -1    -1e-30      0.00 6.948e-01 2.901e-01 2.343e-03 1.058e-03 6.609e-03 -1.000 1.507e-02 0.670 0.604 -0.173 -0.465 -0.879 -1.276 -1.431 -0.920
0.0152 0.01508 10.13672 0.9493515491 2.4616594315    0.852  1.639  3.6725  2.371    4  0.000  0.473     0.00     0.00 -1    -1e-30      0.00 6.948e-01 2.901e-01 2.343e-03 1.058e-03 6.609e-03 -1.000 1.507e-02 0.672 0.604 -0.172 -0.464 -0.878 -1.274 -1.430 -0.919
0.0152 0.01508 10.13672 0.9494162202 2.4616746902    0.853  1.638  3.6728  2.374    4  0.000  0.473     0.00     0.00 -1    -1e-30      0.00 6.948e-01 2.901e-01 2.343e-03 1.058e-03 6.609e-03 -1.000 1.507e-02 0.675 0.606 -0.169 -0.460 -0.874 -1.270 -1.425 -0.915
0.0152 0.01508 10.13672 0.9494790435 2.4616894722    0.853  1.637  3.6730  2.376    4  0.000  0.473     0.00     0.00 -1    -1e-30      0.00 6.948e-01 2.901e-01 2.343e-03 1.058e-03 6.609e-03 -1.000 1.507e-02 0.677 0.608 -0.166 -0.458 -0.871 -1.266 -1.421 -0.911
0.0152 0.01508 10.13672 0.9495392442 2.4617037773    0.853  1.637  3.6732  2.377    4  0.000  0.473     0.00     0.00 -1    -1e-30      0.00 6.948e-01 2.901e-01 2.343e-03 1.058e-03 6.609e-03 -1.000 1.507e-02 0.678 0.608 -0.165 -0.456 -0.869 -1.264 -1.419 -0.909
0.0152 0.01508 10.13672 0.9496039748 2.4617190361    0.853  1.637  3.6733  2.377    4  0.000  0.473     0.00     0.00 -1    -1e-30      0.00 6.948e-01 2.901e-01 2.343e-03 1.058e-03 6.609e-03 -1.000 1.507e-02 0.678 0.608 -0.165 -0.456 -0.868 -1.263 -1.417 -0.909
0.0152 0.01508 10.13672 0.9496652484 2.4617333412    0.853  1.637  3.6734  2.377    4  0.000  0.473     0.00     0.00 -1    -1e-30      0.00 6.948e-01 2.901e-01 2.343e-03 1.058e-03 6.609e-03 -1.000 1.507e-02 0.678 0.607 -0.166 -0.456 -0.869 -1.263 -1.418 -0.909
0.0152 0.01508 10.13672 0.9497280121 2.4617481232    0.853  1.638  3.6734  2.377    4  0.000  0.473     0.00     0.00 -1    -1e-30      0.00 6.948e-01 2.901e-01 2.343e-03 1.058e-03 6.609e-03 -1.000 1.507e-02 0.676 0.606 -0.167 -0.458 -0.871 -1.265 -1.419 -0.911
0.0152 0.01508 10.13672 0.9497896433 2.4617626667    0.853  1.639  3.6733  2.375    4  0.000  0.473     0.00     0.00 -1    -1e-30      0.00 6.948e-01 2.901e-01 2.343e-03 1.058e-03 6.609e-03 -1.000 1.507e-02 0.673 0.603 -0.170 -0.461 -0.874 -1.268 -1.423 -0.914
0.0152 0.01508 10.13672 0.9497939348 2.4617638588    0.853  1.639  3.6733  2.375    4  0.000  0.473     0.00     0.00 -1    -1e-30      0.00 6.948e-01 2.901e-01 2.343e-03 1.058e-03 6.609e-03 -1.000 1.507e-02 0.673 0.603 -0.170 -0.461 -0.874 -1.268 -1.423 -0.914
0.0152 0.01508 10.13672 0.9498311877 2.4617724419    0.853  1.640  3.6732  2.374    4  0.000  0.473     0.00     0.00 -1    -1e-30      0.00 6.948e-01 2.901e-01 2.343e-03 1.058e-03 6.609e-03 -1.000 1.507e-02 0.670 0.600 -0.173 -0.464 -0.877 -1.271 -1.426 -0.917
0.0152 0.01508 10.13672 0.9498934150 2.4617872238    0.853  1.642  3.6731  2.371    4  0.000  0.473     0.00     0.00 -1    -1e-30      0.00 6.948e-01 2.901e-01 2.343e-03 1.058e-03 6.609e-03 -1.000 1.507e-02 0.665 0.596 -0.178 -0.469 -0.882 -1.277 -1.432 -0.923
0.0152 0.01508 10.13672 0.9499554634 2.4618017673    0.853  1.645  3.6728  2.368    4  0.000  0.473     0.00     0.00 -1    -1e-30      0.00 6.948e-01 2.901e-01 2.343e-03 1.058e-03 6.609e-03 -1.000 1.507e-02 0.658 0.590 -0.185 -0.477 -0.890 -1.286 -1.441 -0.931
0.0152 0.01508 10.13672 0.9500159621 2.4618160725    0.853  1.648  3.6725  2.363    4  0.000  0.473     0.00     0.00 -1    -1e-30      0.00 6.948e-01 2.901e-01 2.343e-03 1.058e-03 6.609e-03 -1.000 1.507e-02 0.650 0.582 -0.194 -0.486 -0.900 -1.296 -1.452 -0.941
0.0152 0.01508 10.13672 0.9500783086 2.4618308544    0.853  1.652  3.6721  2.357    4  0.000  0.473     0.00     0.00 -1    -1e-30      0.00 6.948e-01 2.901e-01 2.343e-03 1.058e-03 6.609e-03 -1.000 1.507e-02 0.639 0.573 -0.204 -0.498 -0.912 -1.309 -1.465 -0.953
0.0152 0.01508 10.13672 0.9501405358 2.4618453979    0.853  1.658  3.6716  2.350    4  0.000  0.473     0.00     0.00 -1    -1e-30      0.00 6.948e-01 2.901e-01 2.343e-03 1.058e-03 6.609e-03 -1.000 1.507e-02 0.626 0.562 -0.217 -0.511 -0.927 -1.325 -1.482 -0.969
0.0152 0.01508 10.13672 0.9502024055 2.4618599415    0.853  1.663  3.6710  2.342    4  0.000  0.473     0.00     0.00 -1    -1e-30      0.00 6.948e-01 2.901e-01 2.343e-03 1.058e-03 6.609e-03 -1.000 1.507e-02 0.612 0.550 -0.231 -0.526 -0.943 -1.342 -1.499 -0.985
0.0152 0.01508 10.13672 0.9502640963 2.4618744850    0.854  1.670  3.6703  2.333    4  0.000  0.473     0.00     0.00 -1    -1e-30      0.00 6.948e-01 2.901e-01 2.343e-03 1.058e-03 6.609e-03 -1.000 1.507e-02 0.596 0.536 -0.248 -0.544 -0.961 -1.362 -1.520 -1.004
0.0152 0.01508 10.13672 0.9503253698 2.4618890285    0.854  1.677  3.6696  2.323    4  0.000  0.473     0.00     0.00 -1    -1e-30      0.00 6.948e-01 2.901e-01 2.343e-03 1.058e-03 6.609e-03 -1.000 1.507e-02 0.578 0.521 -0.266 -0.563 -0.982 -1.384 -1.543 -1.025
0.0152 0.01508 10.13672 0.9503874183 2.4619035721    0.854  1.677  3.6696  2.322    4  0.000  0.473     0.00     0.00 -1    -1e-30      0.00 6.948e-01 2.901e-01 2.343e-03 1.058e-03 6.609e-03 -1.000 1.507e-02 0.576 0.519 -0.267 -0.564 -0.984 -1.385 -1.544 -1.026
0.0152 0.01508 10.13672 0.9504508972 2.4619183540    0.854  1.693  3.6680  2.300    4  0.000  0.473     0.00     0.00 -1    -1e-30      0.00 6.948e-01 2.901e-01 2.343e-03 1.058e-03 6.609e-03 -1.000 1.507e-02 0.537 0.486 -0.307 -0.607 -1.029 -1.434 -1.595 -1.073
0.0152 0.01508 10.13672 0.9505125284 2.4619328976    0.854  1.722  3.6652  2.260    4  0.000  0.473     0.00     0.00 -1    -1e-30      0.00 6.948e-01 2.901e-01 2.343e-03 1.058e-03 6.609e-03 -1.000 1.507e-02 0.464 0.424 -0.379 -0.684 -1.111 -1.522 -1.687 -1.158
0.0152 0.01508 10.13672 0.9505578876 2.4619436264    0.854  1.760  3.6616  2.208    4  0.000  0.473     0.00     0.00 -1    -1e-30      0.00 6.948e-01 2.901e-01 2.343e-03 1.058e-03 6.609e-03 -1.000 1.507e-02 0.371 0.345 -0.472 -0.784 -1.217 -1.635 -1.804 -1.266
0.0152 0.01508 10.13672 0.9505821466 2.4619493484    0.854  1.798  3.6579  2.155    4  0.000  0.473     0.00     0.00 -1    -1e-30      0.00 6.948e-01 2.901e-01 2.343e-03 1.058e-03 6.609e-03 -1.000 1.507e-02 0.275 0.264 -0.567 -0.885 -1.326 -1.751 -1.925 -1.377
0.0152 0.01508 10.13672 0.9505953789 2.4619524479    0.854  1.837  3.6542  2.101    4  0.000  0.473     0.00     0.00 -1    -1e-30      0.00 6.948e-01 2.901e-01 2.343e-03 1.058e-03 6.609e-03 -1.000 1.507e-02 0.177 0.183 -0.663 -0.987 -1.435 -1.868 -2.047 -1.490
0.0152 0.01508 10.13672 0.9506024718 2.4619541168    0.854  1.877  3.6504  2.046    4  0.000  0.473     0.00     0.00 -1    -1e-30      0.00 6.948e-01 2.901e-01 2.343e-03 1.058e-03 6.609e-03 -1.000 1.507e-02 0.078 0.100 -0.761 -1.092 -1.547 -1.988 -2.172 -1.605
0.0152 0.01508 10.13672 0.9506062269 2.4619550705    0.854  1.916  3.6468  1.993    4  0.000  0.473     0.00     0.00 -1    -1e-30      0.00 6.948e-01 2.901e-01 2.343e-03 1.058e-03 6.609e-03 -1.000 1.507e-02 -0.020 0.021 -0.856 -1.194 -1.656 -2.104 -2.292 -1.716
0.0152 0.01508 10.13672 0.9506084919 2.4619555473    0.854  1.955  3.6431  1.939    4  0.000  0.473     0.00     0.00 -1    -1e-30      0.00 6.948e-01 2.901e-01 2.343e-03 1.058e-03 6.609e-03 -1.000 1.507e-02 -0.118 -0.060 -0.950 -1.296 -1.763 -2.216 -2.408 -1.825
0.0152 0.01508 10.13672 0.9506098628 2.4619557858    0.854  1.992  3.6398  1.888    4  0.000  0.473     0.00     0.00 -1    -1e-30      0.00 6.948e-01 2.901e-01 2.343e-03 1.058e-03 6.609e-03 -1.000 1.507e-02 -0.210 -0.135 -1.038 -1.390 -1.864 -2.321 -2.517 -1.927
0.0152 0.01508 10.13672 0.9506106973 2.4619560242    0.854  2.021  3.6371  1.849    7  0.000  0.473     0.00     0.00 -1    -1e-30      0.00 6.948e-01 2.901e-01 2.343e-03 1.058e-03 6.609e-03 -1.000 1.507e-02 -0.283 -0.194 -1.107 -1.465 -1.943 -2.404 -2.602 -2.007
0.0152 0.01508 10.13672 0.9506109357 2.4619560242    0.854  2.029  3.6364  1.838    7  0.000  0.473     0.00     0.00 -1    -1e-30      0.00 6.948e-01 2.901e-01 2.343e-03 1.058e-03 6.609e-03 -1.000 1.507e-02 -0.303 -0.209 -1.125 -1.485 -1.964 -2.425 -2.625 -2.029
0.0152 0.01508 10.13672 0.9506118894 2.4619562626    0.854  2.070  3.6328  1.783    7  0.000  0.473     0.00     0.00 -1    -1e-30      0.00 6.948e-01 2.901e-01 2.343e-03 1.058e-03 6.609e-03 -1.000 1.507e-02 -0.405 -0.291 -1.221 -1.589 -2.075 -2.541 -2.744 -2.141
0.0152 0.01508 10.13672 0.9506129026 2.4619565010    0.854  2.110  3.6293  1.729    7  0.000  0.473     0.00     0.00 -1    -1e-30      0.00 6.948e-01 2.901e-01 2.343e-03 1.058e-03 6.609e-03 -1.000 1.507e-02 -0.504 -0.371 -1.314 -1.690 -2.182 -2.652 -2.859 -2.249
0.0152 0.01508 10.13672 0.9506142735 2.4619569778    0.854  2.149  3.6258  1.676    7  0.000  0.473     0.00     0.00 -1    -1e-30      0.00 6.948e-01 2.901e-01 2.343e-03 1.058e-03 6.609e-03 -1.000 1.507e-02 -0.601 -0.447 -1.405 -1.788 -2.287 -2.761 -2.972 -2.355
0.0152 0.01508 10.13672 0.9506168962 2.4619574547    0.854  2.135  3.6272  1.695    7  0.000  0.473     0.00     0.00 -1    -1e-30      0.00 6.948e-01 2.901e-01 2.343e-03 1.058e-03 6.609e-03 -1.000 1.507e-02 -0.567 -0.420 -1.373 -1.753 -2.249 -2.722 -2.931 -2.317
0.0152 0.01508 10.13672 0.9506215453 2.4619586468    0.854  2.092  3.6310  1.754    7  0.000  0.473     0.00     0.00 -1    -1e-30      0.00 6.948e-01 2.901e-01 2.343e-03 1.058e-03 6.609e-03 -1.000 1.507e-02 -0.460 -0.336 -1.273 -1.645 -2.134 -2.601 -2.807 -2.200
0.0152 0.01508 10.13672 0.9506609440 2.4619679451    0.853  2.087  3.6313  1.759    7  0.000  0.473     0.00     0.00 -1    -2e-15      0.00 6.948e-01 2.891e-01 2.343e-03 1.058e-03 6.609e-03 -1.000 1.606e-02 -0.447 -0.326 -1.261 -1.632 -2.121 -2.588 -2.793 -2.187
0.0152 0.01508 10.13672 0.9506953359 2.4619760513    0.851  2.124  3.6279  1.707    7  0.000  0.473     0.00     0.00 -1 -1.09e-09      0.00 6.948e-01 2.888e-01 2.343e-03 1.058e-03 6.609e-03 -1.000 1.643e-02 -0.541 -0.399 -1.349 -1.727 -2.222 -2.694 -2.902 -2.290
0.0152 0.01508 10.13672 0.9507224560 2.4619822502    0.850  2.166  3.6241  1.649    7  0.000  0.473     0.00     0.00 -1 -1.36e-09      0.00 6.948e-01 2.888e-01 2.343e-03 1.058e-03 6.609e-03 -1.000 1.643e-02 -0.646 -0.480 -1.446 -1.833 -2.335 -2.811 -3.024 -2.404
0.0152 0.01508 10.13672 0.9507452846 2.4619877338    0.848  2.207  3.6204  1.593    7  0.000  0.473     0.00     0.00 -1 -1.68e-09      0.00 6.948e-01 2.888e-01 2.343e-03 1.058e-03 6.609e-03 -1.000 1.643e-02 -0.749 -0.561 -1.541 -1.937 -2.445 -2.926 -3.143 -2.516
0.0152 0.01508 10.13672 0.9507649541 2.4619922638    0.847  2.249  3.6168  1.536    7  0.000  0.473     0.00     0.00 -1 -2.09e-09      0.00 6.948e-01 2.888e-01 2.343e-03 1.058e-03 6.609e-03 -1.000 1.643e-02 -0.852 -0.639 -1.636 -2.041 -2.555 -3.041 -3.262 -2.627
0.0152 0.01508 10.13672 0.9507819414 2.4619963169    0.845  2.290  3.6131  1.480    7  0.000  0.473     0.00     0.00 -1 -2.59e-09      0.00 6.948e-01 2.888e-01 2.343e-03 1.058e-03 6.609e-03 -1.000 1.643e-02 -0.954 -0.715 -1.731 -2.144 -2.666 -3.157 -3.383 -2.740
0.0152 0.01508 10.13672 0.9507967234 2.4619998932    0.843  2.330  3.6095  1.423    7  0.000  0.473     0.00     0.00 -1 -3.19e-09      0.00 6.948e-01 2.888e-01 2.343e-03 1.058e-03 6.609e-03 -1.000 1.643e-02 -1.056 -0.789 -1.828 -2.249 -2.777 -3.276 -3.507 -2.855
0.0152 0.01508 10.13672 0.9508097172 2.4620027542    0.840  2.371  3.6058  1.367    7  0.000  0.473     0.00     0.00 -1 -3.95e-09      0.00 6.948e-01 2.888e-01 2.343e-03 1.058e-03 6.609e-03 -1.000 1.643e-02 -1.158 -0.860 -1.924 -2.354 -2.889 -3.395 -3.632 -2.970
0.0152 0.01508 10.13672 0.9508212209 2.4620056152    0.838  2.411  3.6021  1.310    7  0.000  0.473     0.00     0.00 -1 -4.85e-09      0.00 6.948e-01 2.888e-01 2.343e-03 1.058e-03 6.609e-03 -1.000 1.643e-02 -1.258 -0.930 -2.020 -2.457 -2.999 -3.513 -3.755 -3.084
0.0152 0.01508 10.13672 0.9508315325 2.4620079994    0.835  2.452  3.5985  1.254    7  0.000  0.473     0.00     0.00 -1 -5.95e-09      0.00 6.948e-01 2.888e-01 2.343e-03 1.058e-03 6.609e-03 -1.000 1.643e-02 -1.359 -0.997 -2.114 -2.561 -3.110 -3.630 -3.878 -3.198
0.0152 0.01508 10.13672 0.9508410692 2.4620101452    0.832  2.491  3.5948  1.198    7  0.000  0.473     0.00     0.00 -1 -7.28e-09      0.00 6.948e-01 2.888e-01 2.343e-03 1.059e-03 6.609e-03 -1.000 1.643e-02 -1.459 -1.059 -2.208 -2.664 -3.219 -3.747 -4.001 -3.312
0.0152 0.01508 10.13672 0.9508500099 2.4620122910    0.829  2.531  3.5910  1.141    7  0.000  0.473     0.00     0.00 -1 -8.92e-09      0.00 6.948e-01 2.888e-01 2.341e-03 1.059e-03 6.609e-03 -1.000 1.639e-02 -1.558 -1.121 -2.302 -2.767 -3.329 -3.864 -4.124 -3.425
0.0152 0.01508 10.13672 0.9508584738 2.4620141983    0.825  2.571  3.5872  1.084    7  0.000  0.472     0.00     0.00 -1 -1.09e-08      0.00 6.948e-01 2.888e-01 2.339e-03 1.061e-03 6.609e-03 -1.000 1.637e-02 -1.657 -1.176 -2.394 -2.869 -3.438 -3.981 -4.246 -3.538
0.0152 0.01508 10.13672 0.9508646727 2.4620158672    0.821  2.601  3.5813  1.029    7  0.000  0.471     0.00     0.00 -1 -1.28e-08      0.00 6.948e-01 2.888e-01 2.335e-03 1.063e-03 6.609e-03 -1.000 1.637e-02 -1.732 -1.179 -2.458 -2.949 -3.529 -4.083 -4.358 -3.635
0.0152 0.01508 10.13672 0.9508724213 2.4620175362    0.816  2.641  3.5739  0.957    7  0.000  0.470     0.00     0.00 -1 -1.57e-08      0.00 6.948e-01 2.888e-01 2.329e-03 1.070e-03 6.609e-03 -1.000 1.637e-02 -1.831 -1.165 -2.542 -3.057 -3.649 -4.218 -4.503 -3.763
0.0152 0.01508 10.13672 0.9508795142 2.4620192051    0.810  2.680  3.5697  0.897    7  0.000  0.468     0.00     0.00 -1 -1.92e-08      0.00 6.948e-01 2.888e-01 2.320e-03 1.080e-03 6.609e-03 -1.000 1.637e-02 -1.930 -1.196 -2.632 -3.161 -3.761 -4.336 -4.627 -3.878
0.0152 0.01508 10.13672 0.9508861303 2.4620208740    0.803  2.721  3.5651  0.834    7  0.000  0.466     0.00     0.00 -1 -2.37e-08      0.00 6.948e-01 2.888e-01 2.311e-03 1.091e-03 6.609e-03 -1.000 1.637e-02 -2.033 -1.209 -2.722 -3.271 -3.879 -4.461 -4.758 -4.000
0.0152 0.01508 10.13672 0.9508915544 2.4620220661    0.797  2.763  3.5603  0.770    7  0.000  0.465     0.00     0.00 -1 -2.93e-08      0.00 6.948e-01 2.888e-01 2.302e-03 1.101e-03 6.609e-03 -1.000 1.637e-02 -2.137 -1.221 -2.813 -3.383 -3.999 -4.588 -4.892 -4.123
0.0152 0.01508 10.13672 0.9508951306 2.4620230198    0.791  2.801  3.5559  0.710    7  0.000  0.463     0.00     0.00 -1 -3.57e-08      0.00 6.948e-01 2.888e-01 2.295e-03 1.110e-03 6.609e-03 -1.000 1.637e-02 -2.233 -1.214 -2.891 -3.484 -4.110 -4.705 -5.015 -4.237
0.0152 0.01508 10.13672 0.9508978724 2.4620234966    0.786  2.839  3.5514  0.652    7  0.000  0.462     0.00     0.00 -1 -4.31e-08      0.00 6.948e-01 2.888e-01 2.288e-03 1.118e-03 6.609e-03 -1.000 1.635e-02 -2.327 -1.202 -2.966 -3.584 -4.217 -4.819 -5.136 -4.348
0.0152 0.01508 10.13672 0.9509003162 2.4620242119    0.780  2.877  3.5467  0.592    7  0.000  0.461     0.00     0.00 -1 -5.19e-08      0.00 6.948e-01 2.888e-01 2.283e-03 1.125e-03 6.609e-03 -1.000 1.633e-02 -2.422 -1.175 -3.035 -3.685 -4.329 -4.936 -5.260 -4.463
0.0152 0.01508 10.13672 0.9509024620 2.4620246887    0.775  2.914  3.5420  0.533    7  0.000  0.460     0.00     0.00 -1 -6.23e-08      0.00 6.948e-01 2.889e-01 2.278e-03 1.131e-03 6.609e-03 -1.000 1.633e-02 -2.515 -1.139 -3.099 -3.784 -4.439 -5.051 -5.381 -4.575
0.0152 0.01508 10.13672 0.9509046078 2.4620251656    0.768  2.952  3.5371  0.471    7  0.000  0.459     0.00     0.00 -1 -7.55e-08      0.00 6.948e-01 2.889e-01 2.275e-03 1.135e-03 6.609e-03 -1.000 1.634e-02 -2.610 -1.083 -3.154 -3.883 -4.550 -5.168 -5.505 -4.689
0.0152 0.01508 10.13672 0.9509063959 2.4620256424    0.760  2.985  3.5326  0.417    7  0.000  0.459     0.00     0.00 -1 -8.91e-08      0.00 6.948e-01 2.889e-01 2.272e-03 1.137e-03 6.609e-03 -1.000 1.637e-02 -2.691 -1.022 -3.195 -3.969 -4.649 -5.270 -5.613 -4.788
0.0152 0.01508 10.13672 0.9509084225 2.4620261192    0.751  3.023  3.5272  0.351    7  0.000  0.458     0.00     0.00 -1  -1.1e-07      0.00 6.948e-01 2.889e-01 2.271e-03 1.140e-03 6.609e-03 -1.000 1.639e-02 -2.788 -0.935 -3.229 -4.068 -4.766 -5.391 -5.742 -4.906
0.0152 0.01508 10.13672 0.9509105682 2.4620265961    0.738  3.062  3.5217  0.283    7  0.000  0.458     0.00     0.00 -1 -1.35e-07      0.00 6.948e-01 2.889e-01 2.271e-03 1.140e-03 6.609e-03 -1.000 1.639e-02 -2.884 -0.832 -3.248 -4.163 -4.882 -5.510 -5.869 -5.021
0.0152 0.01508 10.13672 0.9509127140 2.4620270729    0.722  3.097  3.5163  0.216    7  0.000  0.458     0.00     0.00 -1 -1.67e-07      0.00 6.948e-01 2.889e-01 2.271e-03 1.140e-03 6.609e-03 -1.000 1.639e-02 -2.973 -0.700 -3.236 -4.245 -4.991 -5.622 -5.989 -5.129
0.0152 0.01508 10.13672 0.9509149790 2.4620275497    0.701  3.133  3.5109  0.147    7  0.000  0.458     0.00     0.00 -1 -2.12e-07      0.00 6.948e-01 2.889e-01 2.271e-03 1.140e-03 6.609e-03 -1.000 1.639e-02 -3.062 -0.554 -3.211 -4.324 -5.098 -5.734 -6.108 -5.235
0.0152 0.01508 10.13672 0.9509174228 2.4620282650    0.672  3.164  3.5063  0.078    7  0.000  0.458     0.00     0.00 -1 -2.75e-07      0.00 6.948e-01 2.889e-01 2.271e-03 1.140e-03 6.609e-03 -1.000 1.639e-02 -3.141 -0.446 -3.193 -4.391 -5.193 -5.830 -6.208 -5.327
0.0152 0.01508 10.13672 0.9509180784 2.4620282650    0.663  3.164  3.5064  0.072    7  0.000  0.458     0.00     0.00 -1 -2.87e-07      0.00 6.948e-01 2.889e-01 2.271e-03 1.140e-03 6.609e-03 -1.000 1.639e-02 -3.141 -0.448 -3.194 -4.391 -5.192 -5.830 -6.208 -5.326
0.0152 0.01508 10.13672 0.9509181380 2.4620282650    0.662  3.163  3.5066  0.075    7  0.000  0.458     0.00     0.00 -1 -2.86e-07      0.00 6.948e-01 2.889e-01 2.271e-03 1.140e-03 6.609e-03 -1.000 1.639e-02 -3.137 -0.453 -3.195 -4.388 -5.187 -5.824 -6.202 -5.321
0.0152 0.01508 10.13672 0.9509182572 2.4620282650    0.660  3.160  3.5071  0.078    7  0.000  0.458     0.00     0.00 -1 -2.85e-07      0.00 6.948e-01 2.889e-01 2.271e-03 1.140e-03 6.609e-03 -1.000 1.639e-02 -3.129 -0.463 -3.197 -4.381 -5.178 -5.815 -6.193 -5.313
0.0152 0.01508 10.13672 0.9509183168 2.4620282650    0.659  3.159  3.5072  0.079    7  0.000  0.458     0.00     0.00 -1 -2.85e-07      0.00 6.948e-01 2.889e-01 2.271e-03 1.140e-03 6.609e-03 -1.000 1.639e-02 -3.127 -0.467 -3.198 -4.379 -5.176 -5.812 -6.190 -5.310
0.0152 0.01508 10.13672 0.9509184361 2.4620285034    0.658  3.158  3.5074  0.079    7  0.000  0.458     0.00     0.00 -1 -2.86e-07      0.00 6.948e-01 2.889e-01 2.271e-03 1.140e-03 6.609e-03 -1.000 1.639e-02 -3.125 -0.470 -3.199 -4.378 -5.173 -5.810 -6.188 -5.308
0.0152 0.01508 10.13672 0.9509184957 2.4620285034    0.656  3.155  3.5078  0.083    7  0.000  0.458     0.00     0.00 -1 -2.84e-07      0.00 6.948e-01 2.889e-01 2.271e-03 1.140e-03 6.609e-03 -1.000 1.639e-02 -3.119 -0.479 -3.200 -4.372 -5.165 -5.802 -6.179 -5.300
0.0152 0.01508 10.13672 0.9509186745 2.4620285034    0.654  3.163  3.5067  0.069    7  0.000  0.458     0.00     0.00 -1 -2.97e-07      0.00 6.948e-01 2.889e-01 2.271e-03 1.140e-03 6.609e-03 -1.000 1.639e-02 -3.139 -0.456 -3.197 -4.389 -5.189 -5.826 -6.204 -5.323
0.0152 0.01508 10.13672 0.9509188533 2.4620285034    0.652  3.180  3.5043  0.041    7  0.000  0.458     0.00     0.00 -1 -3.23e-07      0.00 6.948e-01 2.889e-01 2.271e-03 1.140e-03 6.609e-03 -1.000 1.639e-02 -3.181 -0.402 -3.189 -4.426 -5.239 -5.878 -6.258 -5.372
0.0152 0.01508 10.13672 0.9509190321 2.4620285034    0.648  3.226  3.4978 -0.033    7  0.000  0.458     0.00     0.00 -1 -3.93e-07      0.01 6.948e-01 2.889e-01 2.271e-03 1.140e-03 6.609e-03 -1.000 1.639e-02 -3.295 -0.245 -3.152 -4.518 -5.374 -6.017 -6.401 -5.503
0.0152 0.01508 10.13672 0.9509193301 2.4620285034    0.642  3.275  3.4906 -0.115    7  0.000  0.458     0.00     0.00 -1 -4.94e-07      0.01 6.948e-01 2.889e-01 2.271e-03 1.140e-03 6.609e-03 -1.000 1.639e-02 -3.418 -0.093 -3.115 -4.616 -5.519 -6.167 -6.554 -5.643
0.0152 0.01508 10.13672 0.9509196877 2.4620287418    0.631  3.320  3.4847 -0.192    7  0.000  0.458     0.00     0.00 -1 -6.24e-07      0.02 6.948e-01 2.889e-01 2.271e-03 1.140e-03 6.609e-03 -1.000 1.639e-02 -3.531 -0.031 -3.119 -4.709 -5.647 -6.299 -6.684 -5.766
0.0152 0.01508 10.13672 0.9509201050 2.4620287418    0.616  3.351  3.4818 -0.243    7  0.000  0.458     0.00     0.00 -1 -7.56e-07      0.02 6.948e-01 2.889e-01 2.271e-03 1.140e-03 6.609e-03 -1.000 1.639e-02 -3.606 -0.017 -3.139 -4.773 -5.729 -6.382 -6.768 -5.845
0.0152 0.01508 10.13672 0.9903907776 2.4708817005    0.523 -3.294  3.8738  7.898    9  0.523  0.000     0.00     0.00 -1    -1e-30      0.00 6.948e-01 2.901e-01 2.388e-03 1.136e-03 6.624e-03 -1.000 1.510e-02 13.005 12.990 12.687 12.637 12.484 12.341 12.316 12.491
#isochrone terminated
