# File generated by CMD 3.3 (http://stev.oapd.inaf.it/cmd) on Tue Sep 15 16:08:29 CEST 2020
# isochrones based on PARSEC release v1.2S +  COLIBRI S_35
# Basic references: Bressan et al. (2012), MNRAS, 427, 127 + Chen et al. (2014, 2015), MNRAS, 444, 2525 + MNRAS, 452, 1068 + Tang et al. (2014), MNRAS, 445, 4287 + Marigo et al. (2017), ApJ, 835, 77 + Pastorelli al. (2019), MNRAS in press
# Thermal pulse cycles included 
# On RGB, assumed Reimers mass loss with efficiency eta=0.2
# Photometric system: JWST NIRCam wide+verywide+medium filters, Vegamags
# Using YBC version of bolometric corrections as in Chen et al. (2019)
# O-rich circumstellar dpmod60alox40 dust from Groenewegen (2006)
# C-rich circumstellar AMCSIC15 dust from Groenewegen (2006)
# IMF: Kroupa (2001, 2002) + Kroupa et al. (2013) canonical two-part-power law IMF corrected for unresolved binaries 
# Kind of output: isochrone tables
# Zini     MH   logAge Mini        int_IMF         Mass   logL    logTe  logg  label   McoreTP C_O  period0 period1 pmode  Mloss  tau1m   X   Y   Xc  Xn  Xo  Cexcess  Z 	 mbolmag  F070Wmag  F090Wmag  F115Wmag  F150Wmag  F200Wmag  F277Wmag  F356Wmag  F444Wmag  F150W2mag  F322W2mag  F140Mmag  F162Mmag  F182Mmag  F210Mmag  F250Mmag  F300Mmag  F335Mmag  F360Mmag  F410Mmag  F430Mmag  F460Mmag  F480Mmag  F150WS60mag
4.3836e-05 -2.19174 10.13672 0.1000000015 1.1711064577    0.100 -2.779  3.5590  5.405    1  0.000  0.545     0.00     0.00 -1 -2.57e-17      0.00 7.445e-01 2.554e-01 1.798e-05 4.851e-06 4.400e-05 -1.000 1.000e-04 11.717 11.422 10.620 10.089 9.685 9.598 9.340 9.084 8.983 9.804 9.223 9.725 9.639 9.621 9.573 9.448 9.239 9.117 9.063 9.001 8.984 8.962 8.949 9.662
4.3836e-05 -2.19174 10.13672 0.1098214313 1.2482755184    0.109 -2.630  3.5743  5.356    1  0.000  0.545     0.00     0.00 -1  -7.2e-17      0.00 7.425e-01 2.574e-01 1.798e-05 4.851e-06 4.400e-05 -1.000 1.000e-04 11.344 11.023 10.291 9.774 9.326 9.192 8.960 8.747 8.654 9.442 8.863 9.388 9.250 9.217 9.164 9.048 8.878 8.777 8.728 8.671 8.655 8.634 8.622 9.291
4.3836e-05 -2.19174 10.13672 0.1294642836 1.3786746264    0.129 -2.387  3.5968  5.275    1  0.000  0.545     0.00     0.00 -1 -3.31e-16      0.00 7.391e-01 2.608e-01 1.798e-05 4.851e-06 4.400e-05 -1.000 1.000e-04 10.737 10.392 9.731 9.245 8.755 8.563 8.371 8.210 8.133 8.864 8.299 8.847 8.640 8.588 8.536 8.439 8.309 8.234 8.195 8.147 8.134 8.117 8.108 8.704
4.3836e-05 -2.19174 10.13672 0.1491071582 1.4855960608    0.149 -2.223  3.6081  5.217    1  0.000  0.545     0.00     0.00 -1 -3.38e-17      0.00 7.371e-01 2.628e-01 1.798e-05 4.851e-06 4.400e-05 -1.000 9.996e-05 10.327 9.970 9.338 8.870 8.371 8.154 7.980 7.842 7.775 8.473 7.918 8.473 8.241 8.180 8.127 8.039 7.927 7.864 7.829 7.786 7.775 7.761 7.753 8.314
4.3836e-05 -2.19174 10.13672 0.1687500030 1.5756140947    0.168 -2.096  3.6154  5.173    1  0.000  0.545     0.00     0.00 -1 -6.38e-16      0.00 7.363e-01 2.636e-01 1.798e-05 4.851e-06 4.400e-05 -1.000 9.993e-05 10.010 9.644 9.030 8.574 8.075 7.844 7.679 7.556 7.494 8.172 7.624 8.181 7.937 7.871 7.817 7.733 7.632 7.576 7.544 7.504 7.494 7.482 7.474 8.015
4.3836e-05 -2.19174 10.13672 0.1784816682 1.6153104305    0.178 -2.041  3.6183  5.154    1  0.000  0.545     0.00     0.00 -1 -7.18e-16      0.00 7.362e-01 2.637e-01 1.798e-05 4.851e-06 4.400e-05 -1.000 9.999e-05 9.874 9.505 8.898 8.446 7.947 7.712 7.550 7.433 7.373 8.042 7.498 8.055 7.808 7.739 7.685 7.602 7.506 7.452 7.422 7.383 7.373 7.361 7.354 7.887
4.3836e-05 -2.19174 10.13672 0.2080357224 1.7204496861    0.207 -1.893  3.6263  5.104    1  0.000  0.545     0.00     0.00 -1 -4.67e-16      0.00 7.361e-01 2.638e-01 1.798e-05 4.851e-06 4.400e-05 -1.000 9.993e-05 9.502 9.123 8.535 8.097 7.601 7.357 7.203 7.100 7.045 7.692 7.157 7.711 7.458 7.385 7.329 7.249 7.164 7.117 7.090 7.054 7.045 7.034 7.028 7.539
4.3836e-05 -2.19174 10.13672 0.2571428716 1.8581268787    0.257 -1.706  3.6363  5.051    1  0.000  0.545     0.00     0.00 -1 -3.83e-16      0.00 7.364e-01 2.635e-01 1.798e-05 4.852e-06 4.400e-05 -1.000 1.001e-04 9.036 8.643 8.078 7.657 7.169 6.920 6.774 6.685 6.636 7.256 6.734 7.279 7.024 6.948 6.892 6.814 6.740 6.700 6.676 6.643 6.636 6.626 6.620 7.106
4.3836e-05 -2.19174 10.13672 0.3062500358 1.9652637243    0.306 -1.562  3.6448  5.016    1  0.000  0.545     0.00     0.00 -1 -1.52e-16      0.00 7.362e-01 2.637e-01 1.797e-05 4.852e-06 4.400e-05 -1.000 1.000e-04 8.674 8.270 7.725 7.317 6.838 6.591 6.450 6.370 6.325 6.923 6.415 6.947 6.694 6.618 6.562 6.486 6.420 6.384 6.362 6.332 6.325 6.315 6.310 6.776
4.3836e-05 -2.19174 10.13672 0.3553571701 2.0521113873    0.355 -1.439  3.6527  4.990    1  0.000  0.544     0.00     0.00 -1 -1.07e-15      0.00 7.372e-01 2.627e-01 1.796e-05 4.853e-06 4.400e-05 -1.000 1.001e-04 8.367 7.953 7.425 7.031 6.561 6.317 6.182 6.109 6.067 6.645 6.150 6.669 6.419 6.344 6.290 6.215 6.155 6.122 6.102 6.073 6.066 6.057 6.053 6.500
4.3836e-05 -2.19174 10.13672 0.3970034719 2.1143536568    0.397 -1.333  3.6600  4.961    1  0.000  0.545     0.00     0.00 -1 -5.06e-16      0.00 7.482e-01 2.517e-01 1.798e-05 4.851e-06 4.400e-05 -1.000 9.996e-05 8.103 7.679 7.168 6.785 6.323 6.085 5.955 5.888 5.847 6.407 5.925 6.430 6.184 6.111 6.058 5.986 5.930 5.900 5.881 5.854 5.847 5.838 5.835 6.263
4.3836e-05 -2.19174 10.13672 0.4044643044 2.1246092319    0.404 -1.315  3.6612  4.957    1  0.000  0.545     0.00     0.00 -1 -5.26e-16      0.00 7.500e-01 2.499e-01 1.798e-05 4.851e-06 4.400e-05 -1.000 1.000e-04 8.058 7.634 7.125 6.744 6.284 6.046 5.917 5.851 5.811 6.367 5.888 6.390 6.144 6.072 6.020 5.948 5.893 5.863 5.844 5.817 5.811 5.801 5.798 6.224
4.3836e-05 -2.19174 10.13672 0.4535714388 2.1864814758    0.453 -1.167  3.6748  4.912    1  0.000  0.545     0.00     0.00 -1 -4.45e-15      0.00 7.507e-01 2.492e-01 1.798e-05 4.851e-06 4.400e-05 -1.000 9.999e-05 7.686 7.251 6.772 6.411 5.965 5.740 5.623 5.565 5.529 6.049 5.597 6.068 5.830 5.764 5.717 5.650 5.602 5.576 5.559 5.535 5.529 5.519 5.518 5.907
4.3836e-05 -2.19174 10.13672 0.5026785731 2.2401986122    0.503 -0.999  3.6898  4.849    1  0.000  0.545     0.00     0.00 -1 -6.69e-15      0.00 7.529e-01 2.470e-01 1.784e-05 4.814e-06 4.366e-05 -1.000 1.000e-04 7.267 6.826 6.379 6.040 5.607 5.399 5.295 5.246 5.215 5.693 5.274 5.707 5.477 5.419 5.378 5.319 5.277 5.256 5.241 5.220 5.215 5.205 5.205 5.552
4.3836e-05 -2.19174 10.13672 0.5517857671 2.2851314545    0.551 -0.789  3.7098  4.760    1  0.000  0.544     0.00     0.00 -1 -1.05e-14      0.00 7.899e-01 2.100e-01 1.533e-05 4.140e-06 3.757e-05 -1.000 9.996e-05 6.744 6.305 5.900 5.589 5.176 4.990 4.903 4.866 4.841 5.264 4.887 5.270 5.054 5.006 4.972 4.923 4.890 4.873 4.862 4.845 4.841 4.832 4.834 5.124
4.3836e-05 -2.19174 10.13672 0.6008928418 2.3217256069    0.600 -0.573  3.7358  4.684    1  0.000  0.543     0.00     0.00 -1 -1.97e-14      0.00 8.046e-01 1.953e-01 1.438e-05 3.886e-06 3.529e-05 -1.000 9.915e-05 6.202 5.781 5.427 5.150 4.768 4.610 4.543 4.518 4.500 4.856 4.532 4.853 4.658 4.621 4.596 4.558 4.534 4.523 4.515 4.503 4.500 4.493 4.496 4.720
4.3836e-05 -2.19174 10.13672 0.6047467589 2.3243095875    0.604 -0.555  3.7382  4.679    1  0.000  0.543     0.00     0.00 -1 -2.06e-14      0.00 8.060e-01 1.939e-01 1.428e-05 3.861e-06 3.506e-05 -1.000 9.251e-05 6.156 5.738 5.388 5.114 4.735 4.580 4.514 4.490 4.473 4.823 4.504 4.819 4.627 4.591 4.567 4.529 4.506 4.495 4.488 4.476 4.474 4.466 4.470 4.688
4.3836e-05 -2.19174 10.13672 0.6139940619 2.3303580284    0.614 -0.511  3.7438  4.664    1  0.000  0.543     0.00     0.00 -1  -2.3e-14      0.00 8.096e-01 1.903e-01 1.406e-05 3.800e-06 3.452e-05 -1.000 7.115e-05 6.046 5.635 5.296 5.029 4.656 4.506 4.446 4.424 4.409 4.744 4.436 4.738 4.550 4.516 4.494 4.459 4.439 4.429 4.422 4.411 4.409 4.402 4.406 4.610
4.3836e-05 -2.19174 10.13672 0.6248905659 2.3372218609    0.625 -0.458  3.7504  4.645    1  0.000  0.543     0.00     0.00 -1 -2.35e-22      0.00 8.140e-01 1.859e-01 1.378e-05 3.724e-06 3.383e-05 -1.000 7.868e-05 5.915 5.514 5.187 4.927 4.561 4.419 4.364 4.345 4.332 4.650 4.356 4.642 4.458 4.427 4.408 4.375 4.358 4.349 4.343 4.334 4.332 4.326 4.330 4.516
4.3836e-05 -2.19174 10.13672 0.6345528364 2.3430819511    0.634 -0.411  3.7562  4.628    1  0.000  0.543     0.00     0.00 -1 -3.56e-19      0.00 8.182e-01 1.818e-01 1.351e-05 3.653e-06 3.319e-05 -1.000 3.293e-05 5.797 5.406 5.089 4.836 4.475 4.339 4.289 4.274 4.262 4.564 4.282 4.554 4.374 4.347 4.329 4.300 4.284 4.277 4.272 4.264 4.262 4.256 4.260 4.432
4.3836e-05 -2.19174 10.13672 0.6438410282 2.3485248089    0.644 -0.365  3.7616  4.610    1  0.000  0.542     0.00     0.00 -1 -3.74e-16      0.00 8.223e-01 1.777e-01 1.324e-05 3.582e-06 3.255e-05 -1.000 1.191e-05 5.681 5.300 4.993 4.747 4.390 4.260 4.215 4.202 4.192 4.480 4.209 4.468 4.292 4.267 4.251 4.224 4.211 4.205 4.200 4.193 4.192 4.186 4.191 4.348
4.3836e-05 -2.19174 10.13672 0.6499999762 2.3520355225    0.650 -0.333  3.7652  4.597    1  0.000  0.542     0.00     0.00 -1 -3.63e-14      0.00 8.251e-01 1.748e-01 1.305e-05 3.532e-06 3.211e-05 -1.000 1.000e-04 5.604 5.229 4.928 4.686 4.333 4.207 4.164 4.153 4.143 4.423 4.159 4.410 4.236 4.213 4.198 4.173 4.161 4.156 4.151 4.144 4.143 4.138 4.142 4.291
4.3836e-05 -2.19174 10.13672 0.6533880830 2.3539342880    0.653 -0.316  3.7671  4.589    1  0.000  0.542     0.00     0.00 -1  -3.8e-14      0.00 8.271e-01 1.728e-01 1.292e-05 3.498e-06 3.180e-05 -1.000 1.000e-04 5.560 5.189 4.892 4.651 4.300 4.176 4.135 4.125 4.116 4.390 4.130 4.376 4.204 4.182 4.168 4.143 4.132 4.127 4.123 4.117 4.115 4.110 4.115 4.259
4.3836e-05 -2.19174 10.13672 0.6623376012 2.3588426113    0.662 -0.269  3.7721  4.568    1  0.000  0.541     0.00     0.00 -1 -4.31e-14      0.00 8.326e-01 1.673e-01 1.258e-05 3.404e-06 3.096e-05 -1.000 9.999e-05 5.442 5.081 4.792 4.556 4.210 4.091 4.054 4.046 4.037 4.301 4.050 4.285 4.116 4.097 4.084 4.061 4.052 4.048 4.044 4.038 4.037 4.032 4.036 4.170
4.3836e-05 -2.19174 10.13672 0.6702795625 2.3630726337    0.670 -0.225  3.7765  4.548    1  0.000  0.541     0.00     0.00 -1 -8.96e-24      0.00 8.378e-01 1.622e-01 1.224e-05 3.316e-06 3.017e-05 -1.000 7.141e-05 5.334 4.982 4.699 4.468 4.126 4.011 3.977 3.970 3.963 4.216 3.974 4.199 4.034 4.016 4.005 3.984 3.976 3.973 3.969 3.964 3.962 3.958 3.962 4.086
4.3836e-05 -2.19174 10.13672 0.6779742837 2.3670620918    0.678 -0.182  3.7808  4.526    1  0.000  0.540     0.00     0.00 -1 -3.57e-21      0.00 8.430e-01 1.570e-01 1.190e-05 3.227e-06 2.936e-05 -1.000 4.655e-05 5.225 4.881 4.605 4.378 4.041 3.931 3.900 3.894 3.887 4.131 3.897 4.113 3.950 3.935 3.925 3.906 3.899 3.897 3.893 3.888 3.887 3.882 3.886 4.002
4.3836e-05 -2.19174 10.13672 0.6870818138 2.3716518879    0.687 -0.128  3.7858  4.497    1  0.000  0.540     0.00     0.00 -1 -4.04e-18      0.00 8.493e-01 1.506e-01 1.150e-05 3.118e-06 2.839e-05 -1.000 6.649e-05 5.089 4.756 4.489 4.268 3.936 3.832 3.804 3.800 3.794 4.027 3.803 4.007 3.849 3.835 3.826 3.809 3.804 3.802 3.799 3.794 3.794 3.789 3.793 3.898
4.3836e-05 -2.19174 10.13672 0.6954674125 2.3757555485    0.695 -0.074  3.7904  4.468    1  0.000  0.539     0.00     0.00 -1 -2.52e-15      0.00 8.551e-01 1.448e-01 1.114e-05 3.022e-06 2.754e-05 -1.000 9.042e-05 4.956 4.633 4.373 4.157 3.832 3.732 3.708 3.705 3.699 3.922 3.706 3.900 3.746 3.735 3.727 3.712 3.708 3.707 3.704 3.699 3.699 3.694 3.698 3.795
4.3836e-05 -2.19174 10.13672 0.6999999881 2.3779268265    0.700 -0.044  3.7928  4.450    1  0.000  0.539     0.00     0.00 -1 -8.04e-14      0.00 8.582e-01 1.417e-01 1.095e-05 2.973e-06 2.709e-05 -1.000 7.476e-05 4.881 4.563 4.307 4.094 3.772 3.675 3.652 3.650 3.644 3.862 3.651 3.840 3.688 3.678 3.671 3.656 3.653 3.652 3.649 3.645 3.644 3.640 3.644 3.736
4.3836e-05 -2.19174 10.13672 0.7065886855 2.3810257912    0.706  0.001  3.7962  4.422    1  0.000  0.537     0.00     0.00 -1 -9.17e-14      0.00 8.612e-01 1.388e-01 1.079e-05 2.936e-06 2.678e-05 -1.000 1.168e-05 4.766 4.455 4.205 3.996 3.679 3.585 3.564 3.562 3.557 3.768 3.563 3.745 3.597 3.587 3.581 3.568 3.565 3.564 3.562 3.557 3.557 3.553 3.557 3.643
4.3836e-05 -2.19174 10.13672 0.7133089900 2.3841190338    0.713  0.052  3.7995  4.389    1  0.000  0.536     0.00     0.00 -1 -3.13e-14      0.00 8.638e-01 1.361e-01 1.065e-05 2.904e-06 2.651e-05 -1.000 9.988e-05 4.641 4.335 4.092 3.886 3.574 3.484 3.465 3.463 3.458 3.663 3.464 3.639 3.494 3.486 3.480 3.468 3.466 3.465 3.463 3.458 3.458 3.454 3.458 3.539
4.3836e-05 -2.19174 10.13672 0.7200276852 2.3871452808    0.719  0.106  3.8026  4.351    1  0.000  0.534     0.00     0.00 -1 -1.31e-22      0.00 8.663e-01 1.336e-01 1.052e-05 2.877e-06 2.627e-05 -1.000 1.000e-04 4.505 4.205 3.967 3.765 3.458 3.371 3.353 3.352 3.347 3.546 3.353 3.521 3.380 3.373 3.368 3.356 3.355 3.354 3.352 3.348 3.347 3.343 3.347 3.424
4.3836e-05 -2.19174 10.13672 0.7277885079 2.3905608654    0.727  0.175  3.8060  4.300    1  0.000  0.533     0.00     0.00 -1 -5.36e-21      0.00 8.687e-01 1.313e-01 1.041e-05 2.853e-06 2.607e-05 -1.000 7.305e-05 4.332 4.038 3.805 3.607 3.307 3.223 3.207 3.206 3.201 3.394 3.206 3.368 3.231 3.225 3.220 3.209 3.208 3.208 3.205 3.201 3.201 3.197 3.201 3.274
4.3836e-05 -2.19174 10.13672 0.7350400686 2.3936777115    0.734  0.248  3.8088  4.243    1  0.000  0.531     0.00     0.00 -1 -1.84e-18      0.00 8.702e-01 1.297e-01 1.034e-05 2.839e-06 2.595e-05 -1.000 7.464e-05 4.150 3.860 3.633 3.438 3.143 3.062 3.047 3.046 3.041 3.229 3.046 3.203 3.069 3.063 3.059 3.049 3.049 3.048 3.045 3.042 3.041 3.037 3.041 3.110
4.3836e-05 -2.19174 10.13672 0.7401401401 2.3958277702    0.739  0.304  3.8102  4.196    1  0.000  0.530     0.00     0.00 -1 -1.13e-16      0.00 8.711e-01 1.288e-01 1.030e-05 2.832e-06 2.591e-05 -1.000 9.999e-05 4.010 3.721 3.496 3.304 3.011 2.932 2.917 2.917 2.912 3.097 2.917 3.070 2.939 2.933 2.929 2.920 2.919 2.918 2.916 2.912 2.912 2.908 2.911 2.979
4.3836e-05 -2.19174 10.13672 0.7445665598 2.3976662159    0.744  0.357  3.8107  4.147    1  0.000  0.529     0.00     0.00 -1 -4.12e-15      0.00 8.714e-01 1.285e-01 1.030e-05 2.834e-06 2.594e-05 -1.000 1.000e-04 3.877 3.589 3.365 3.173 2.882 2.803 2.789 2.788 2.783 2.967 2.788 2.941 2.810 2.804 2.800 2.791 2.790 2.789 2.787 2.783 2.783 2.779 2.782 2.850
4.3836e-05 -2.19174 10.13672 0.7455971241 2.3980906010    0.745  0.370  3.8108  4.135    1  0.000  0.529     0.00     0.00 -1 -9.55e-15      0.00 8.714e-01 1.285e-01 1.030e-05 2.835e-06 2.595e-05 -1.000 1.000e-04 3.845 3.557 3.333 3.141 2.850 2.771 2.757 2.756 2.751 2.935 2.756 2.909 2.778 2.772 2.769 2.759 2.759 2.758 2.755 2.751 2.751 2.747 2.751 2.818
4.3836e-05 -2.19174 10.13672 0.7469251156 2.3986356258    0.746  0.389  3.8103  4.115    1  0.000  0.529     0.00     0.00 -1 -2.85e-14      0.00 8.715e-01 1.284e-01 1.030e-05 2.836e-06 2.596e-05 -1.000 1.001e-04 3.798 3.509 3.284 3.092 2.800 2.721 2.707 2.706 2.701 2.886 2.706 2.859 2.728 2.722 2.719 2.709 2.708 2.707 2.705 2.701 2.701 2.697 2.700 2.769
4.3836e-05 -2.19174 10.13672 0.7500000000 2.3998889923    0.749  0.435  3.8084  4.063    1  0.000  0.528     0.00     0.00 -1 -3.64e-13      0.00 8.716e-01 1.283e-01 1.030e-05 2.839e-06 2.599e-05 -1.000 1.000e-04 3.683 3.390 3.162 2.968 2.673 2.592 2.577 2.576 2.571 2.759 2.577 2.733 2.600 2.593 2.589 2.580 2.579 2.578 2.575 2.571 2.571 2.567 2.571 2.641
4.3836e-05 -2.19174 10.13672 0.7505398393 2.4001078606    0.749  0.443  3.8081  4.055    1  0.000  0.528     0.00     0.00 -1 -3.74e-13      0.00 8.714e-01 1.285e-01 1.031e-05 2.843e-06 2.603e-05 -1.000 1.001e-04 3.663 3.369 3.142 2.946 2.651 2.570 2.555 2.554 2.549 2.737 2.555 2.711 2.578 2.571 2.567 2.558 2.557 2.556 2.553 2.549 2.549 2.545 2.548 2.619
4.3836e-05 -2.19174 10.13672 0.7531178594 2.4011478424    0.752  0.486  3.8055  4.002    1  0.000  0.528     0.00     0.00 -1  -4.4e-13      0.00 8.706e-01 1.293e-01 1.038e-05 2.861e-06 2.619e-05 -1.000 1.001e-04 3.556 3.257 3.025 2.826 2.527 2.443 2.428 2.426 2.421 2.614 2.427 2.588 2.452 2.445 2.440 2.430 2.429 2.428 2.425 2.421 2.421 2.417 2.420 2.494
4.3836e-05 -2.19174 10.13672 0.7536677122 2.4013686180    0.752  0.495  3.8048  3.991    1  0.000  0.528     0.00     0.00 -1 -4.56e-13      0.00 8.705e-01 1.294e-01 1.039e-05 2.865e-06 2.623e-05 -1.000 1.000e-04 3.532 3.232 2.999 2.800 2.499 2.415 2.399 2.398 2.392 2.586 2.398 2.560 2.424 2.416 2.412 2.402 2.400 2.399 2.397 2.393 2.392 2.388 2.392 2.466
4.3836e-05 -2.19174 10.13672 0.7542143464 2.4015877247    0.753  0.506  3.8037  3.976    2  0.000  0.528     0.00     0.00 -1 -4.76e-13      0.00 8.703e-01 1.296e-01 1.041e-05 2.869e-06 2.626e-05 -1.000 1.000e-04 3.505 3.202 2.968 2.767 2.465 2.379 2.363 2.362 2.356 2.552 2.362 2.526 2.389 2.381 2.376 2.366 2.365 2.363 2.361 2.357 2.356 2.352 2.356 2.432
4.3836e-05 -2.19174 10.13672 0.7560532093 2.4023220539    0.755  0.547  3.7985  3.915    2  0.000  0.528     0.00     0.00 -1 -5.57e-13      0.00 8.697e-01 1.302e-01 1.045e-05 2.882e-06 2.638e-05 -1.000 9.996e-05 3.403 3.092 2.849 2.641 2.331 2.240 2.222 2.220 2.214 2.419 2.221 2.394 2.251 2.242 2.237 2.226 2.223 2.222 2.219 2.215 2.214 2.210 2.214 2.296
4.3836e-05 -2.19174 10.13672 0.7574608922 2.4028816223    0.756  0.583  3.7921  3.853    2  0.000  0.528     0.00     0.00 -1  -6.5e-13      0.00 8.693e-01 1.306e-01 1.049e-05 2.892e-06 2.647e-05 -1.000 1.000e-04 3.312 2.989 2.735 2.520 2.198 2.101 2.081 2.078 2.072 2.288 2.080 2.265 2.115 2.103 2.098 2.085 2.082 2.080 2.078 2.073 2.072 2.068 2.072 2.162
4.3836e-05 -2.19174 10.13672 0.7585637569 2.4033181667    0.757  0.617  3.7845  3.790    2  0.000  0.528     0.00     0.00 -1 -7.56e-13      0.00 8.689e-01 1.310e-01 1.052e-05 2.899e-06 2.654e-05 -1.000 9.970e-05 3.227 2.892 2.626 2.401 2.067 1.962 1.939 1.935 1.928 2.158 1.937 2.137 1.979 1.964 1.958 1.944 1.939 1.937 1.934 1.929 1.928 1.923 1.927 2.028
4.3836e-05 -2.19174 10.13672 0.7594531775 2.4036691189    0.758  0.648  3.7764  3.727    2  0.000  0.529     0.00     0.00 -1 -8.72e-13      0.00 8.596e-01 1.404e-01 1.117e-05 3.077e-06 2.815e-05 -1.000 2.676e-05 3.149 2.802 2.522 2.288 1.941 1.828 1.801 1.796 1.789 2.033 1.799 2.015 1.848 1.831 1.823 1.807 1.801 1.798 1.795 1.790 1.789 1.784 1.788 1.900
4.3836e-05 -2.19174 10.13672 0.7601995468 2.4039630890    0.759  0.678  3.7689  3.667    2  0.000  0.531     0.00     0.00 -1    -1e-12      0.00 8.334e-01 1.666e-01 1.281e-05 3.522e-06 3.216e-05 -1.000 6.327e-05 3.074 2.716 2.424 2.181 1.823 1.702 1.672 1.665 1.658 1.916 1.669 1.900 1.726 1.706 1.696 1.678 1.671 1.668 1.664 1.659 1.658 1.653 1.657 1.781
4.3836e-05 -2.19174 10.13672 0.7608580589 2.4042217731    0.759  0.710  3.7617  3.608    2  0.000  0.533     0.00     0.00 -1 -1.15e-12      0.00 8.086e-01 1.913e-01 1.429e-05 3.919e-06 3.572e-05 -1.000 8.717e-05 2.995 2.628 2.324 2.072 1.702 1.574 1.540 1.532 1.524 1.797 1.536 1.783 1.601 1.579 1.567 1.547 1.538 1.535 1.531 1.525 1.524 1.519 1.523 1.659
4.3836e-05 -2.19174 10.13672 0.7614423633 2.4044508934    0.760  0.745  3.7555  3.548    2  0.000  0.535     0.00     0.00 -1 -1.34e-12      0.00 7.926e-01 2.073e-01 1.523e-05 4.171e-06 3.796e-05 -1.000 9.713e-05 2.909 2.533 2.219 1.958 1.580 1.445 1.407 1.398 1.389 1.675 1.403 1.663 1.476 1.451 1.438 1.415 1.405 1.401 1.396 1.390 1.389 1.384 1.388 1.535
4.3836e-05 -2.19174 10.13672 0.7620210648 2.4046773911    0.760  0.788  3.7500  3.483    2  0.000  0.536     0.00     0.00 -1 -1.59e-12      0.00 7.829e-01 2.170e-01 1.580e-05 4.324e-06 3.933e-05 -1.000 9.997e-05 2.800 2.418 2.094 1.827 1.441 1.300 1.259 1.248 1.238 1.537 1.254 1.526 1.334 1.306 1.292 1.268 1.256 1.251 1.246 1.240 1.238 1.233 1.237 1.395
4.3836e-05 -2.19174 10.13672 0.7624779344 2.4048559666    0.761  0.829  3.7464  3.428    2  0.000  0.536     0.00     0.00 -1 -1.86e-12      0.00 7.779e-01 2.220e-01 1.610e-05 4.402e-06 4.003e-05 -1.000 1.000e-04 2.699 2.313 1.982 1.710 1.320 1.174 1.131 1.119 1.109 1.415 1.126 1.406 1.210 1.181 1.166 1.140 1.127 1.122 1.117 1.110 1.109 1.103 1.107 1.272
4.3836e-05 -2.19174 10.13672 0.7627902031 2.4049780369    0.761  0.859  3.7443  3.390    2  0.000  0.536     0.00     0.00 -1 -2.09e-12      0.00 7.752e-01 2.247e-01 1.625e-05 4.442e-06 4.040e-05 -1.000 9.999e-05 2.623 2.234 1.900 1.625 1.231 1.084 1.039 1.026 1.016 1.327 1.033 1.319 1.121 1.091 1.075 1.049 1.035 1.029 1.024 1.017 1.016 1.010 1.014 1.183
4.3836e-05 -2.19174 10.13672 0.7630706429 2.4050872326    0.761  0.889  3.7428  3.354    3  0.000  0.536     0.00     0.00 -1 -2.33e-12      0.00 7.734e-01 2.265e-01 1.635e-05 4.469e-06 4.063e-05 -1.000 1.000e-04 2.548 2.159 1.821 1.544 1.148 0.999 0.953 0.940 0.929 1.244 0.947 1.236 1.036 1.006 0.990 0.963 0.949 0.943 0.938 0.931 0.929 0.923 0.928 1.100
4.3836e-05 -2.19174 10.13672 0.7634383440 2.4052305222    0.762  0.930  3.7408  3.305    3  0.000  0.537     0.00     0.00 -1  -2.7e-12      0.00 7.714e-01 2.285e-01 1.646e-05 4.498e-06 4.089e-05 -1.000 8.765e-05 2.446 2.055 1.714 1.434 1.035 0.883 0.836 0.823 0.812 1.131 0.830 1.124 0.922 0.890 0.874 0.847 0.832 0.826 0.821 0.813 0.812 0.806 0.810 0.986
4.3836e-05 -2.19174 10.13672 0.7638087273 2.4053747654    0.762  0.973  3.7390  3.255    3  0.000  0.537     0.00     0.00 -1 -3.16e-12      0.00 7.695e-01 2.305e-01 1.655e-05 4.524e-06 4.112e-05 -1.000 1.153e-05 2.337 1.944 1.601 1.318 0.915 0.762 0.714 0.700 0.689 1.012 0.708 1.005 0.801 0.769 0.752 0.725 0.710 0.704 0.698 0.691 0.689 0.683 0.688 0.866
4.3836e-05 -2.19174 10.13672 0.7641634941 2.4055128098    0.762  1.017  3.7375  3.205    3  0.000  0.537     0.00     0.00 -1 -3.71e-12      0.00 7.677e-01 2.322e-01 1.663e-05 4.544e-06 4.130e-05 -1.000 9.884e-05 2.226 1.833 1.487 1.202 0.795 0.640 0.593 0.578 0.567 0.892 0.586 0.886 0.680 0.648 0.631 0.603 0.588 0.582 0.577 0.569 0.567 0.561 0.565 0.746
4.3836e-05 -2.19174 10.13672 0.7645405531 2.4056591988    0.762  1.068  3.7358  3.148    3  0.000  0.537     0.00     0.00 -1 -4.44e-12      0.00 7.661e-01 2.338e-01 1.669e-05 4.562e-06 4.147e-05 -1.000 1.000e-04 2.101 1.707 1.358 1.070 0.660 0.503 0.455 0.441 0.429 0.758 0.449 0.752 0.544 0.511 0.494 0.466 0.451 0.444 0.439 0.431 0.429 0.424 0.428 0.610
4.3836e-05 -2.19174 10.13672 0.7648569345 2.4057819843    0.763  1.113  3.7344  3.097    3  0.000  0.537     0.00     0.00 -1 -5.22e-12      0.00 7.648e-01 2.351e-01 1.675e-05 4.576e-06 4.159e-05 -1.000 9.999e-05 1.988 1.594 1.242 0.952 0.539 0.380 0.332 0.317 0.306 0.637 0.326 0.632 0.421 0.388 0.371 0.343 0.327 0.321 0.315 0.307 0.306 0.300 0.304 0.488
4.3836e-05 -2.19174 10.13672 0.7651770115 2.4059059620    0.763  1.162  3.7329  3.042    3  0.000  0.537     0.00     0.00 -1 -6.23e-12      0.00 7.635e-01 2.364e-01 1.679e-05 4.588e-06 4.169e-05 -1.000 8.415e-05 1.865 1.471 1.116 0.823 0.407 0.247 0.198 0.183 0.172 0.505 0.192 0.501 0.288 0.255 0.237 0.209 0.194 0.187 0.182 0.174 0.172 0.166 0.170 0.356
4.3836e-05 -2.19174 10.13672 0.7654910684 2.4060275555    0.763  1.215  3.7313  2.983    3  0.000  0.537     0.00     0.00 -1 -7.52e-12      0.00 7.623e-01 2.376e-01 1.682e-05 4.599e-06 4.180e-05 -1.000 8.780e-05 1.733 1.338 0.981 0.685 0.266 0.104 0.055 0.040 0.029 0.364 0.049 0.361 0.146 0.112 0.094 0.066 0.050 0.044 0.038 0.030 0.029 0.023 0.027 0.214
4.3836e-05 -2.19174 10.13672 0.7657445073 2.4061255455    0.763  1.261  3.7299  2.931    3  0.000  0.536     0.00     0.00 -1  -8.9e-12      0.00 7.614e-01 2.385e-01 1.684e-05 4.608e-06 4.186e-05 -1.000 9.817e-05 1.617 1.221 0.861 0.563 0.141 -0.023 -0.072 -0.087 -0.098 0.240 -0.079 0.236 0.019 -0.015 -0.033 -0.061 -0.077 -0.083 -0.089 -0.097 -0.098 -0.104 -0.100 0.088
4.3836e-05 -2.19174 10.13672 0.7659889460 2.4062201977    0.763  1.310  3.7284  2.876    3  0.000  0.536     0.00     0.00 -1 -1.06e-11      0.00 7.606e-01 2.393e-01 1.687e-05 4.615e-06 4.192e-05 -1.000 1.000e-04 1.495 1.098 0.735 0.435 0.010 -0.156 -0.205 -0.220 -0.232 0.109 -0.212 0.106 -0.113 -0.147 -0.165 -0.194 -0.210 -0.217 -0.222 -0.230 -0.232 -0.238 -0.234 -0.043
4.3836e-05 -2.19174 10.13672 0.7662085891 2.4063050747    0.763  1.358  3.7270  2.822    3  0.000  0.536     0.00     0.00 -1 -1.26e-11      0.00 7.597e-01 2.402e-01 1.687e-05 4.623e-06 4.197e-05 -1.000 1.000e-04 1.374 0.977 0.611 0.309 -0.119 -0.286 -0.335 -0.351 -0.363 -0.019 -0.342 -0.022 -0.242 -0.278 -0.296 -0.324 -0.340 -0.347 -0.353 -0.361 -0.363 -0.369 -0.365 -0.172
4.3836e-05 -2.19174 10.13672 0.7664076090 2.4063818455    0.763  1.406  3.7255  2.769    3  0.000  0.536     0.00     0.00 -1  -1.5e-11      0.00 7.591e-01 2.408e-01 1.688e-05 4.630e-06 4.201e-05 -1.000 1.000e-04 1.255 0.858 0.489 0.184 -0.247 -0.416 -0.466 -0.481 -0.493 -0.147 -0.472 -0.149 -0.372 -0.407 -0.426 -0.454 -0.471 -0.478 -0.483 -0.492 -0.493 -0.499 -0.495 -0.301
4.3836e-05 -2.19174 10.13672 0.7665856481 2.4064505100    0.763  1.453  3.7240  2.716    3  0.000  0.535     0.00     0.00 -1 -1.77e-11      0.00 7.586e-01 2.413e-01 1.688e-05 4.636e-06 4.203e-05 -1.000 9.999e-05 1.138 0.740 0.369 0.062 -0.373 -0.543 -0.593 -0.609 -0.621 -0.273 -0.600 -0.274 -0.499 -0.535 -0.553 -0.582 -0.599 -0.606 -0.611 -0.620 -0.621 -0.627 -0.623 -0.427
4.3836e-05 -2.19174 10.13672 0.7667541504 2.4065155983    0.763  1.502  3.7225  2.661    3  0.000  0.535     0.00     0.00 -1 -2.11e-11      0.00 7.582e-01 2.417e-01 1.688e-05 4.643e-06 4.206e-05 -1.000 1.000e-04 1.016 0.618 0.244 -0.066 -0.504 -0.676 -0.726 -0.742 -0.754 -0.403 -0.733 -0.404 -0.631 -0.667 -0.686 -0.715 -0.731 -0.738 -0.744 -0.753 -0.754 -0.760 -0.756 -0.559
4.3836e-05 -2.19174 10.13672 0.7669037580 2.4065732956    0.763  1.549  3.7210  2.607    3  0.000  0.535     0.00     0.00 -1 -2.51e-11      0.00 7.578e-01 2.421e-01 1.688e-05 4.648e-06 4.207e-05 -1.000 1.000e-04 0.897 0.499 0.122 -0.190 -0.632 -0.805 -0.856 -0.872 -0.884 -0.531 -0.863 -0.531 -0.760 -0.797 -0.815 -0.844 -0.861 -0.868 -0.874 -0.882 -0.884 -0.890 -0.886 -0.687
4.3836e-05 -2.19174 10.13672 0.7670367360 2.4066243172    0.763  1.595  3.7194  2.555    3  0.000  0.535     0.00     0.00 -1 -2.96e-11      0.00 7.576e-01 2.423e-01 1.687e-05 4.653e-06 4.209e-05 -1.000 9.999e-05 0.781 0.383 0.003 -0.311 -0.756 -0.931 -0.982 -0.999 -1.011 -0.655 -0.989 -0.654 -0.886 -0.923 -0.941 -0.971 -0.988 -0.995 -1.001 -1.009 -1.011 -1.017 -1.013 -0.812
4.3836e-05 -2.19174 10.13672 0.7671571970 2.4066708088    0.763  1.641  3.7179  2.503    3  0.000  0.534     0.00     0.00 -1 -3.49e-11      0.00 7.575e-01 2.425e-01 1.687e-05 4.655e-06 4.209e-05 -1.000 3.506e-05 0.667 0.269 -0.114 -0.431 -0.879 -1.056 -1.107 -1.124 -1.136 -0.777 -1.115 -0.776 -1.010 -1.047 -1.066 -1.096 -1.113 -1.120 -1.126 -1.135 -1.136 -1.142 -1.138 -0.936
4.3836e-05 -2.19174 10.13672 0.7672700882 2.4067142010    0.763  1.688  3.7163  2.450    3  0.000  0.534     0.00     0.00 -1 -4.14e-11      0.00 7.573e-01 2.426e-01 1.687e-05 4.657e-06 4.210e-05 -1.000 1.000e-04 0.550 0.151 -0.234 -0.554 -1.005 -1.184 -1.235 -1.252 -1.265 -0.903 -1.243 -0.901 -1.137 -1.175 -1.194 -1.224 -1.241 -1.248 -1.254 -1.263 -1.265 -1.270 -1.267 -1.062
4.3836e-05 -2.19174 10.13672 0.7673698664 2.4067525864    0.763  1.733  3.7147  2.398    3  0.000  0.534     0.00     0.00 -1 -4.87e-11      0.00 7.573e-01 2.426e-01 1.687e-05 4.658e-06 4.210e-05 -1.000 9.999e-05 0.438 0.038 -0.351 -0.673 -1.128 -1.308 -1.360 -1.378 -1.390 -1.025 -1.368 -1.023 -1.261 -1.300 -1.319 -1.349 -1.366 -1.374 -1.380 -1.389 -1.390 -1.396 -1.393 -1.185
4.3836e-05 -2.19174 10.13672 0.7674619555 2.4067881107    0.762  1.778  3.7131  2.346    3  0.000  0.534     0.00     0.00 -1 -5.74e-11      0.00 7.573e-01 2.426e-01 1.687e-05 4.658e-06 4.210e-05 -1.000 1.000e-04 0.324 -0.077 -0.469 -0.793 -1.251 -1.433 -1.486 -1.503 -1.516 -1.148 -1.493 -1.145 -1.385 -1.424 -1.444 -1.474 -1.492 -1.499 -1.505 -1.514 -1.516 -1.521 -1.518 -1.309
4.3836e-05 -2.19174 10.13672 0.7675465345 2.4068207741    0.762  1.824  3.7116  2.294    3  0.000  0.534     0.00     0.00 -1 -6.77e-11      0.00 7.573e-01 2.426e-01 1.687e-05 4.658e-06 4.210e-05 -1.000 1.000e-04 0.210 -0.191 -0.586 -0.913 -1.374 -1.558 -1.611 -1.629 -1.641 -1.271 -1.619 -1.267 -1.510 -1.549 -1.569 -1.599 -1.617 -1.625 -1.631 -1.640 -1.642 -1.647 -1.644 -1.432
4.3836e-05 -2.19174 10.13672 0.7676216960 2.4068496227    0.762  1.868  3.7099  2.244    3  0.000  0.534     0.00     0.00 -1 -7.94e-11      0.00 7.573e-01 2.426e-01 1.687e-05 4.658e-06 4.210e-05 -1.000 1.000e-04 0.100 -0.301 -0.699 -1.029 -1.494 -1.680 -1.733 -1.751 -1.764 -1.390 -1.741 -1.386 -1.631 -1.671 -1.690 -1.721 -1.739 -1.747 -1.753 -1.762 -1.764 -1.769 -1.766 -1.553
4.3836e-05 -2.19174 10.13672 0.7676911354 2.4068763256    0.762  1.912  3.7083  2.193    3  0.000  0.534     0.00     0.00 -1 -9.31e-11      0.00 7.573e-01 2.426e-01 1.687e-05 4.658e-06 4.210e-05 -1.000 1.000e-04 -0.009 -0.411 -0.812 -1.145 -1.613 -1.800 -1.854 -1.872 -1.885 -1.509 -1.862 -1.504 -1.751 -1.791 -1.811 -1.842 -1.860 -1.868 -1.875 -1.884 -1.885 -1.891 -1.888 -1.672
4.3836e-05 -2.19174 10.13672 0.7677578330 2.4069018364    0.761  1.957  3.7067  2.141    3  0.000  0.534     0.00     0.00 -1  -1.1e-10      0.00 7.573e-01 2.426e-01 1.687e-05 4.658e-06 4.210e-05 -1.000 9.999e-05 -0.124 -0.526 -0.930 -1.265 -1.737 -1.926 -1.981 -1.999 -2.012 -1.633 -1.989 -1.627 -1.876 -1.917 -1.937 -1.968 -1.987 -1.995 -2.001 -2.011 -2.012 -2.017 -2.014 -1.797
4.3836e-05 -2.19174 10.13672 0.7678149939 2.4069240093    0.761  2.000  3.7050  2.091    3  0.000  0.534     0.00     0.00 -1 -1.28e-10      0.00 7.573e-01 2.426e-01 1.687e-05 4.658e-06 4.210e-05 -1.000 9.996e-05 -0.230 -0.632 -1.040 -1.378 -1.853 -2.045 -2.100 -2.118 -2.131 -1.749 -2.108 -1.742 -1.994 -2.036 -2.056 -2.087 -2.106 -2.114 -2.120 -2.130 -2.131 -2.136 -2.133 -1.914
4.3836e-05 -2.19174 10.13672 0.7678677440 2.4069442749    0.761  2.043  3.7034  2.042    3  0.000  0.534     0.00     0.00 -1  -1.5e-10      0.00 7.573e-01 2.426e-01 1.687e-05 4.659e-06 4.210e-05 -1.000 1.001e-04 -0.337 -0.739 -1.150 -1.491 -1.970 -2.163 -2.218 -2.237 -2.250 -1.865 -2.226 -1.858 -2.112 -2.154 -2.174 -2.206 -2.225 -2.233 -2.239 -2.249 -2.250 -2.254 -2.252 -2.031
4.3836e-05 -2.19174 10.13672 0.7679182291 2.4069635868    0.760  2.087  3.7018  1.991    3  0.000  0.534     0.00     0.00 -1 -1.76e-10      0.00 7.573e-01 2.426e-01 1.687e-05 4.659e-06 4.210e-05 -1.000 9.999e-05 -0.447 -0.850 -1.264 -1.607 -2.090 -2.285 -2.340 -2.359 -2.372 -1.984 -2.349 -1.976 -2.233 -2.275 -2.296 -2.327 -2.347 -2.355 -2.361 -2.371 -2.372 -2.376 -2.374 -2.151
4.3836e-05 -2.19174 10.13672 0.7679622769 2.4069805145    0.760  2.129  3.7001  1.943    3  0.000  0.534     0.00     0.00 -1 -2.05e-10      0.00 7.573e-01 2.426e-01 1.687e-05 4.659e-06 4.211e-05 -1.000 1.000e-04 -0.551 -0.954 -1.372 -1.718 -2.204 -2.401 -2.457 -2.476 -2.489 -2.098 -2.465 -2.089 -2.348 -2.391 -2.412 -2.444 -2.463 -2.472 -2.479 -2.488 -2.490 -2.493 -2.491 -2.266
4.3836e-05 -2.19174 10.13672 0.7680035233 2.4069962502    0.759  2.170  3.6984  1.894    3  0.000  0.534     0.00     0.00 -1 -2.39e-10      0.00 7.573e-01 2.426e-01 1.687e-05 4.659e-06 4.211e-05 -1.000 9.999e-05 -0.656 -1.059 -1.480 -1.829 -2.318 -2.517 -2.574 -2.593 -2.606 -2.212 -2.582 -2.203 -2.464 -2.507 -2.528 -2.561 -2.580 -2.589 -2.596 -2.606 -2.607 -2.611 -2.608 -2.381
4.3836e-05 -2.19174 10.13672 0.7680464387 2.4070129395    0.758  2.213  3.6969  1.845    3  0.000  0.534     0.00     0.00 -1 -2.79e-10      0.00 7.573e-01 2.426e-01 1.687e-05 4.659e-06 4.211e-05 -1.000 1.001e-04 -0.762 -1.165 -1.590 -1.941 -2.433 -2.634 -2.691 -2.711 -2.724 -2.327 -2.699 -2.317 -2.580 -2.624 -2.645 -2.678 -2.698 -2.706 -2.713 -2.723 -2.724 -2.728 -2.726 -2.496
4.3836e-05 -2.19174 10.13672 0.7680940628 2.4070310593    0.758  2.243  3.6957  1.810    3  0.000  0.534     0.00     0.00 -1 -3.13e-10      0.00 7.573e-01 2.426e-01 1.687e-05 4.659e-06 4.211e-05 -1.000 9.999e-05 -0.837 -1.241 -1.667 -2.020 -2.515 -2.717 -2.775 -2.795 -2.808 -2.409 -2.784 -2.398 -2.663 -2.707 -2.729 -2.761 -2.782 -2.791 -2.797 -2.807 -2.809 -2.812 -2.810 -2.579
4.3836e-05 -2.19174 10.13672 0.7681108713 2.4070374966    0.757  2.239  3.6960  1.814    3  0.000  0.534     0.00     0.00 -1 -3.11e-10      0.00 7.573e-01 2.426e-01 1.687e-05 4.659e-06 4.211e-05 -1.000 1.001e-04 -0.828 -1.232 -1.658 -2.010 -2.505 -2.706 -2.764 -2.784 -2.796 -2.398 -2.772 -2.388 -2.652 -2.696 -2.718 -2.750 -2.770 -2.779 -2.786 -2.796 -2.797 -2.801 -2.799 -2.568
4.3836e-05 -2.19174 10.13672 0.7681161165 2.4070396423    0.757  2.246  3.6958  1.806    3  0.000  0.534     0.00     0.00 -1 -3.18e-10      0.00 7.573e-01 2.426e-01 1.687e-05 4.659e-06 4.211e-05 -1.000 1.001e-04 -0.845 -1.248 -1.675 -2.028 -2.523 -2.725 -2.782 -2.802 -2.815 -2.417 -2.791 -2.406 -2.671 -2.715 -2.736 -2.769 -2.789 -2.798 -2.805 -2.815 -2.816 -2.819 -2.817 -2.586
4.3836e-05 -2.19174 10.13672 0.7681449652 2.4070506096    0.757  2.286  3.6941  1.759    3  0.000  0.534     0.00     0.00 -1 -3.65e-10      0.00 7.573e-01 2.426e-01 1.687e-05 4.659e-06 4.211e-05 -1.000 1.000e-04 -0.945 -1.349 -1.779 -2.135 -2.633 -2.837 -2.895 -2.915 -2.928 -2.527 -2.904 -2.515 -2.782 -2.827 -2.849 -2.881 -2.902 -2.911 -2.918 -2.928 -2.929 -2.932 -2.930 -2.697
4.3836e-05 -2.19174 10.13672 0.7681740522 2.4070618153    0.756  2.329  3.6924  1.709    3  0.000  0.534     0.00     0.00 -1 -4.27e-10      0.00 7.573e-01 2.426e-01 1.687e-05 4.659e-06 4.211e-05 -1.000 9.993e-05 -1.053 -1.456 -1.890 -2.248 -2.750 -2.956 -3.014 -3.035 -3.048 -2.643 -3.023 -2.631 -2.901 -2.946 -2.968 -3.001 -3.021 -3.031 -3.038 -3.048 -3.049 -3.052 -3.050 -2.815
4.3836e-05 -2.19174 10.13672 0.7681988478 2.4070713520    0.755  2.368  3.6907  1.663    3  0.000  0.534     0.00     0.00 -1 -4.93e-10      0.00 7.573e-01 2.426e-01 1.687e-05 4.659e-06 4.211e-05 -1.000 1.000e-04 -1.150 -1.553 -1.991 -2.352 -2.857 -3.065 -3.124 -3.145 -3.158 -2.750 -3.133 -2.737 -3.009 -3.055 -3.077 -3.110 -3.131 -3.141 -3.148 -3.158 -3.159 -3.161 -3.160 -2.923
4.3836e-05 -2.19174 10.13672 0.7682231665 2.4070806503    0.755  2.409  3.6889  1.615    3  0.000  0.534     0.00     0.00 -1 -5.73e-10      0.00 7.573e-01 2.426e-01 1.687e-05 4.659e-06 4.211e-05 -1.000 1.000e-04 -1.252 -1.655 -2.096 -2.460 -2.970 -3.180 -3.239 -3.260 -3.273 -2.862 -3.248 -2.848 -3.123 -3.169 -3.192 -3.225 -3.246 -3.256 -3.263 -3.273 -3.274 -3.276 -3.275 -3.036
4.3836e-05 -2.19174 10.13672 0.7682458758 2.4070894718    0.754  2.450  3.6873  1.567    3  0.000  0.534     0.00     0.00 -1 -6.65e-10      0.00 7.573e-01 2.426e-01 1.687e-05 4.659e-06 4.211e-05 -1.000 9.999e-05 -1.354 -1.757 -2.201 -2.569 -3.081 -3.293 -3.353 -3.375 -3.387 -2.974 -3.362 -2.959 -3.236 -3.283 -3.305 -3.339 -3.360 -3.370 -3.377 -3.388 -3.389 -3.390 -3.389 -3.148
4.3836e-05 -2.19174 10.13672 0.7682657838 2.4070971012    0.753  2.488  3.6856  1.521    3  0.000  0.534     0.00     0.00 -1 -7.66e-10      0.00 7.573e-01 2.426e-01 1.687e-05 4.659e-06 4.211e-05 -1.000 1.000e-04 -1.450 -1.854 -2.302 -2.672 -3.190 -3.402 -3.462 -3.483 -3.496 -3.081 -3.471 -3.066 -3.345 -3.392 -3.414 -3.448 -3.469 -3.478 -3.486 -3.497 -3.497 -3.499 -3.499 -3.257
4.3836e-05 -2.19174 10.13672 0.7682854533 2.4071044922    0.752  2.529  3.6837  1.472    3  0.000  0.534     0.00     0.00 -1 -8.91e-10      0.00 7.573e-01 2.426e-01 1.687e-05 4.659e-06 4.211e-05 -1.000 1.001e-04 -1.552 -1.955 -2.408 -2.781 -3.302 -3.517 -3.577 -3.599 -3.612 -3.193 -3.587 -3.177 -3.459 -3.506 -3.529 -3.563 -3.584 -3.594 -3.601 -3.612 -3.613 -3.614 -3.614 -3.369
4.3836e-05 -2.19174 10.13672 0.7683029771 2.4071114063    0.751  2.567  3.6821  1.427    3  0.000  0.534     0.00     0.00 -1 -1.03e-09      0.00 7.573e-01 2.426e-01 1.687e-05 4.659e-06 4.211e-05 -1.000 1.000e-04 -1.648 -2.053 -2.510 -2.885 -3.410 -3.625 -3.686 -3.708 -3.721 -3.300 -3.696 -3.284 -3.568 -3.615 -3.637 -3.673 -3.693 -3.703 -3.710 -3.722 -3.722 -3.723 -3.723 -3.478
4.3836e-05 -2.19174 10.13672 0.7683192492 2.4071176052    0.750  2.606  3.6803  1.381    3  0.000  0.534     0.00     0.00 -1 -1.18e-09      0.00 7.573e-01 2.426e-01 1.687e-05 4.660e-06 4.211e-05 -1.000 9.997e-05 -1.744 -2.151 -2.612 -2.990 -3.519 -3.735 -3.796 -3.817 -3.831 -3.408 -3.805 -3.392 -3.678 -3.725 -3.747 -3.783 -3.803 -3.813 -3.820 -3.832 -3.832 -3.833 -3.833 -3.587
4.3836e-05 -2.19174 10.13672 0.7683348060 2.4071235657    0.749  2.645  3.6785  1.334    3  0.000  0.534     0.00     0.00 -1 -1.37e-09      0.00 7.573e-01 2.426e-01 1.687e-05 4.660e-06 4.211e-05 -1.000 1.001e-04 -1.842 -2.249 -2.715 -3.096 -3.629 -3.846 -3.907 -3.929 -3.942 -3.517 -3.917 -3.501 -3.789 -3.836 -3.857 -3.895 -3.914 -3.924 -3.931 -3.943 -3.943 -3.943 -3.944 -3.698
4.3836e-05 -2.19174 10.13672 0.7683514953 2.4071300030    0.747  2.690  3.6766  1.280    3  0.000  0.534     0.00     0.00 -1 -1.62e-09      0.00 7.573e-01 2.426e-01 1.687e-05 4.660e-06 4.211e-05 -1.000 1.000e-04 -1.955 -2.363 -2.834 -3.219 -3.756 -3.974 -4.036 -4.057 -4.069 -3.644 -4.045 -3.627 -3.917 -3.964 -3.985 -4.024 -4.042 -4.052 -4.059 -4.071 -4.072 -4.070 -4.072 -3.825
4.3836e-05 -2.19174 10.13672 0.7683649659 2.4071350098    0.746  2.729  3.6746  1.232    3  0.000  0.534     0.00     0.00 -1 -1.87e-09      0.00 7.573e-01 2.426e-01 1.687e-05 4.660e-06 4.211e-05 -1.000 1.000e-04 -2.052 -2.462 -2.938 -3.326 -3.868 -4.086 -4.149 -4.169 -4.182 -3.754 -4.158 -3.737 -4.030 -4.076 -4.098 -4.138 -4.154 -4.164 -4.172 -4.184 -4.184 -4.181 -4.184 -3.938
4.3836e-05 -2.19174 10.13672 0.7683788538 2.4071404934    0.744  2.772  3.6727  1.180    3  0.000  0.534     0.00     0.00 -1 -2.19e-09      0.00 7.572e-01 2.427e-01 1.687e-05 4.660e-06 4.211e-05 -1.000 1.001e-04 -2.160 -2.571 -3.053 -3.444 -3.990 -4.209 -4.273 -4.293 -4.304 -3.876 -4.281 -3.859 -4.154 -4.200 -4.221 -4.262 -4.277 -4.287 -4.295 -4.308 -4.307 -4.302 -4.306 -4.061
4.3836e-05 -2.19174 10.13672 0.7683902979 2.4071447849    0.742  2.810  3.6709  1.134    3  0.000  0.534     0.00     0.00 -1 -2.53e-09      0.00 7.572e-01 2.427e-01 1.687e-05 4.660e-06 4.211e-05 -1.000 1.000e-04 -2.256 -2.667 -3.155 -3.549 -4.099 -4.319 -4.383 -4.402 -4.413 -3.984 -4.392 -3.967 -4.264 -4.310 -4.331 -4.373 -4.387 -4.397 -4.405 -4.418 -4.417 -4.409 -4.415 -4.171
4.3836e-05 -2.19174 10.13672 0.7684019208 2.4071493149    0.740  2.852  3.6687  1.082    3  0.000  0.534     0.00     0.00 -1 -2.96e-09      0.00 7.572e-01 2.427e-01 1.687e-05 4.660e-06 4.211e-05 -1.000 1.000e-04 -2.359 -2.771 -3.266 -3.664 -4.219 -4.440 -4.504 -4.523 -4.533 -4.103 -4.513 -4.085 -4.385 -4.431 -4.451 -4.496 -4.508 -4.518 -4.526 -4.539 -4.537 -4.526 -4.534 -4.291
4.3836e-05 -2.19174 10.13672 0.7684116364 2.4071531296    0.738  2.888  3.6671  1.038    3  0.000  0.534     0.00     0.00 -1 -3.39e-09      0.00 7.572e-01 2.427e-01 1.687e-05 4.660e-06 4.211e-05 -1.000 1.001e-04 -2.451 -2.863 -3.363 -3.764 -4.324 -4.545 -4.609 -4.628 -4.637 -4.206 -4.618 -4.188 -4.490 -4.536 -4.556 -4.601 -4.613 -4.622 -4.631 -4.644 -4.642 -4.628 -4.637 -4.396
4.3836e-05 -2.19174 10.13672 0.7684217691 2.4071569443    0.736  2.930  3.6649  0.987    3  0.000  0.534     0.00     0.00 -1 -3.96e-09      0.00 7.572e-01 2.427e-01 1.687e-05 4.660e-06 4.211e-05 -1.000 1.000e-04 -2.554 -2.966 -3.474 -3.879 -4.444 -4.666 -4.731 -4.749 -4.756 -4.325 -4.739 -4.307 -4.612 -4.657 -4.677 -4.723 -4.733 -4.743 -4.751 -4.765 -4.762 -4.745 -4.755 -4.517
4.3836e-05 -2.19174 10.13672 0.7684320807 2.4071607590    0.733  2.974  3.6627  0.932    3  0.000  0.534     0.00     0.00 -1 -4.69e-09      0.00 7.572e-01 2.427e-01 1.687e-05 4.660e-06 4.211e-05 -1.000 1.000e-04 -2.666 -3.077 -3.594 -4.003 -4.573 -4.796 -4.861 -4.879 -4.885 -4.454 -4.869 -4.435 -4.742 -4.787 -4.807 -4.854 -4.863 -4.873 -4.882 -4.895 -4.892 -4.871 -4.883 -4.647
4.3836e-05 -2.19174 10.13672 0.7684404850 2.4071640968    0.731  3.013  3.6606  0.883    3  0.000  0.534     0.00     0.00 -1 -5.43e-09      0.00 7.572e-01 2.427e-01 1.687e-05 4.660e-06 4.211e-05 -1.000 1.000e-04 -2.763 -3.173 -3.700 -4.112 -4.687 -4.910 -4.976 -4.993 -4.998 -4.566 -4.983 -4.548 -4.857 -4.901 -4.920 -4.969 -4.977 -4.987 -4.996 -5.010 -5.005 -4.981 -4.995 -4.761
4.3836e-05 -2.19174 10.13672 0.7684476376 2.4071669579    0.728  3.048  3.6588  0.839    3  0.000  0.534     0.00     0.00 -1  -6.2e-09      0.00 7.572e-01 2.427e-01 1.687e-05 4.660e-06 4.211e-05 -1.000 1.000e-04 -2.851 -3.259 -3.795 -4.211 -4.790 -5.014 -5.080 -5.097 -5.101 -4.668 -5.088 -4.650 -4.961 -5.005 -5.024 -5.073 -5.081 -5.091 -5.100 -5.114 -5.109 -5.081 -5.097 -4.865
4.3836e-05 -2.19174 10.13672 0.7684550285 2.4071695805    0.725  3.087  3.6568  0.791    3  0.000  0.534     0.00     0.00 -1 -7.18e-09      0.00 7.572e-01 2.427e-01 1.687e-05 4.660e-06 4.211e-05 -1.000 1.000e-04 -2.947 -3.352 -3.896 -4.317 -4.901 -5.126 -5.192 -5.210 -5.212 -4.778 -5.200 -4.759 -5.073 -5.117 -5.137 -5.184 -5.194 -5.204 -5.212 -5.227 -5.221 -5.189 -5.207 -4.976
4.3836e-05 -2.19174 10.13672 0.7684625983 2.4071726799    0.721  3.129  3.6546  0.738    3  0.000  0.534     0.00     0.00 -1 -8.42e-09      0.00 7.572e-01 2.427e-01 1.687e-05 4.660e-06 4.211e-05 -1.000 1.000e-04 -3.052 -3.451 -4.004 -4.430 -5.020 -5.247 -5.314 -5.332 -5.333 -4.896 -5.322 -4.877 -5.193 -5.238 -5.258 -5.304 -5.316 -5.326 -5.335 -5.350 -5.343 -5.308 -5.326 -5.096
4.3836e-05 -2.19174 10.13672 0.7684689760 2.4071750641    0.718  3.166  3.6526  0.690    3  0.000  0.534     0.00     0.00 -1 -9.71e-09      0.00 7.572e-01 2.427e-01 1.687e-05 4.660e-06 4.211e-05 -1.000 9.999e-05 -3.145 -3.539 -4.101 -4.532 -5.125 -5.355 -5.422 -5.441 -5.441 -5.002 -5.431 -4.981 -5.301 -5.346 -5.366 -5.411 -5.425 -5.435 -5.444 -5.459 -5.452 -5.413 -5.433 -5.202
4.3836e-05 -2.19174 10.13672 0.7684754133 2.4071774483    0.714  3.205  3.6505  0.640    3  0.000  0.534     0.00     0.00 -1 -1.13e-08      0.00 7.572e-01 2.427e-01 1.687e-05 4.660e-06 4.211e-05 -1.000 1.000e-04 -3.242 -3.631 -4.203 -4.638 -5.236 -5.469 -5.536 -5.556 -5.554 -5.112 -5.545 -5.091 -5.413 -5.459 -5.480 -5.523 -5.540 -5.549 -5.559 -5.574 -5.566 -5.524 -5.545 -5.314
4.3836e-05 -2.19174 10.13672 0.7684813738 2.4071798325    0.709  3.241  3.6485  0.594    3  0.000  0.534     0.00     0.00 -1  -1.3e-08      0.00 7.572e-01 2.427e-01 1.687e-05 4.660e-06 4.211e-05 -1.000 1.000e-04 -3.332 -3.716 -4.296 -4.735 -5.339 -5.573 -5.640 -5.662 -5.659 -5.214 -5.650 -5.192 -5.517 -5.564 -5.585 -5.626 -5.645 -5.655 -5.664 -5.680 -5.671 -5.627 -5.648 -5.417
4.3836e-05 -2.19174 10.13672 0.7684830427 2.4071803093    0.708  3.250  3.6481  0.582    3  0.000  0.534     0.00     0.00 -1 -1.35e-08      0.00 7.572e-01 2.427e-01 1.687e-05 4.660e-06 4.211e-05 -1.000 9.999e-05 -3.356 -3.738 -4.320 -4.760 -5.365 -5.600 -5.667 -5.688 -5.686 -5.240 -5.676 -5.217 -5.544 -5.591 -5.611 -5.652 -5.672 -5.682 -5.691 -5.707 -5.698 -5.653 -5.675 -5.443
4.3836e-05 -2.19174 10.13672 0.7684830427 2.4071803093    0.708  1.621  3.9955  3.601    4  0.000  0.533     0.00     0.00 -1    -1e-30      0.00 7.562e-01 2.437e-01 1.688e-05 4.684e-06 4.222e-05 -1.000 9.999e-05 0.717 0.988 0.988 1.008 1.018 1.021 1.024 1.028 1.026 1.014 1.026 1.018 1.016 1.017 1.023 1.026 1.024 1.028 1.028 1.026 1.026 1.026 1.027 1.018
4.3836e-05 -2.19174 10.13672 0.7684841752 2.4071807861    0.708  1.630  3.9900  3.570    4  0.000  0.533     0.00     0.00 -1    -1e-30      0.00 7.562e-01 2.437e-01 1.688e-05 4.684e-06 4.222e-05 -1.000 1.000e-04 0.694 0.935 0.930 0.947 0.955 0.956 0.958 0.962 0.960 0.952 0.960 0.956 0.952 0.953 0.958 0.960 0.958 0.962 0.962 0.960 0.959 0.959 0.960 0.955
4.3836e-05 -2.19174 10.13672 0.7685233355 2.4071958065    0.708  1.648  3.9812  3.517    4  0.000  0.533     0.00     0.00 -1    -1e-30      0.00 7.562e-01 2.437e-01 1.688e-05 4.684e-06 4.222e-05 -1.000 1.000e-04 0.650 0.845 0.833 0.844 0.848 0.846 0.847 0.849 0.847 0.845 0.848 0.849 0.844 0.843 0.848 0.849 0.846 0.849 0.850 0.847 0.846 0.846 0.847 0.847
4.3836e-05 -2.19174 10.13672 0.7685635090 2.4072113037    0.708  1.649  3.9805  3.513    4  0.000  0.533     0.00     0.00 -1    -1e-30      0.00 7.562e-01 2.437e-01 1.688e-05 4.684e-06 4.222e-05 -1.000 9.985e-05 0.647 0.839 0.826 0.836 0.841 0.838 0.839 0.841 0.839 0.838 0.840 0.842 0.836 0.835 0.840 0.841 0.838 0.842 0.842 0.839 0.838 0.838 0.839 0.839
4.3836e-05 -2.19174 10.13672 0.7686049342 2.4072272778    0.708  1.649  3.9801  3.511    4  0.000  0.533     0.00     0.00 -1    -1e-30      0.00 7.562e-01 2.437e-01 1.688e-05 4.684e-06 4.222e-05 -1.000 9.993e-05 0.647 0.837 0.823 0.834 0.837 0.835 0.836 0.838 0.835 0.835 0.837 0.839 0.833 0.832 0.837 0.838 0.835 0.838 0.838 0.836 0.835 0.835 0.836 0.836
4.3836e-05 -2.19174 10.13672 0.7686465979 2.4072432518    0.708  1.649  3.9794  3.508    4  0.000  0.533     0.00     0.00 -1    -1e-30      0.00 7.562e-01 2.437e-01 1.688e-05 4.684e-06 4.222e-05 -1.000 1.000e-04 0.647 0.833 0.819 0.828 0.832 0.829 0.830 0.832 0.830 0.829 0.831 0.834 0.828 0.827 0.831 0.833 0.829 0.832 0.833 0.830 0.829 0.829 0.830 0.831
4.3836e-05 -2.19174 10.13672 0.7686882615 2.4072592258    0.708  1.650  3.9783  3.504    4  0.000  0.533     0.00     0.00 -1    -1e-30      0.00 7.562e-01 2.437e-01 1.688e-05 4.684e-06 4.222e-05 -1.000 1.000e-04 0.646 0.826 0.812 0.820 0.823 0.820 0.821 0.823 0.820 0.821 0.821 0.825 0.819 0.818 0.822 0.823 0.820 0.823 0.823 0.820 0.820 0.819 0.820 0.822
4.3836e-05 -2.19174 10.13672 0.7687304020 2.4072751999    0.708  1.650  3.9769  3.497    4  0.000  0.533     0.00     0.00 -1    -1e-30      0.00 7.562e-01 2.437e-01 1.688e-05 4.684e-06 4.222e-05 -1.000 1.000e-04 0.644 0.818 0.801 0.809 0.812 0.808 0.808 0.810 0.807 0.809 0.809 0.813 0.807 0.805 0.810 0.811 0.807 0.810 0.811 0.808 0.807 0.806 0.807 0.810
4.3836e-05 -2.19174 10.13672 0.7687731981 2.4072916508    0.708  1.651  3.9750  3.489    4  0.000  0.533     0.00     0.00 -1    -1e-30      0.00 7.562e-01 2.437e-01 1.688e-05 4.684e-06 4.222e-05 -1.000 1.000e-04 0.641 0.806 0.788 0.794 0.796 0.791 0.791 0.793 0.790 0.793 0.792 0.798 0.791 0.789 0.793 0.794 0.790 0.793 0.793 0.790 0.790 0.789 0.790 0.794
4.3836e-05 -2.19174 10.13672 0.7688158751 2.4073081017    0.708  1.653  3.9729  3.479    4  0.000  0.533     0.00     0.00 -1    -1e-30      0.00 7.562e-01 2.437e-01 1.688e-05 4.684e-06 4.222e-05 -1.000 9.999e-05 0.638 0.792 0.772 0.777 0.777 0.772 0.772 0.773 0.770 0.775 0.772 0.779 0.772 0.770 0.774 0.775 0.771 0.774 0.774 0.771 0.770 0.769 0.770 0.776
4.3836e-05 -2.19174 10.13672 0.7688564062 2.4073235989    0.708  1.654  3.9705  3.468    4  0.000  0.533     0.00     0.00 -1    -1e-30      0.00 7.562e-01 2.437e-01 1.688e-05 4.684e-06 4.222e-05 -1.000 1.000e-04 0.634 0.775 0.754 0.757 0.756 0.750 0.749 0.751 0.747 0.754 0.750 0.758 0.750 0.748 0.752 0.752 0.748 0.751 0.751 0.748 0.747 0.747 0.747 0.754
4.3836e-05 -2.19174 10.13672 0.7688974142 2.4073393345    0.708  1.656  3.9677  3.455    4  0.000  0.533     0.00     0.00 -1    -1e-30      0.00 7.562e-01 2.437e-01 1.688e-05 4.684e-06 4.222e-05 -1.000 1.000e-04 0.629 0.757 0.733 0.734 0.731 0.725 0.723 0.724 0.721 0.730 0.724 0.734 0.725 0.723 0.726 0.726 0.722 0.725 0.725 0.721 0.720 0.720 0.721 0.729
4.3836e-05 -2.19174 10.13672 0.7689374685 2.4073545933    0.708  1.659  3.9645  3.439    4  0.000  0.533     0.00     0.00 -1    -1e-30      0.00 7.562e-01 2.437e-01 1.688e-05 4.684e-06 4.222e-05 -1.000 1.000e-04 0.623 0.735 0.708 0.706 0.702 0.694 0.693 0.693 0.690 0.701 0.693 0.705 0.696 0.693 0.696 0.696 0.691 0.694 0.694 0.690 0.689 0.689 0.690 0.700
4.3836e-05 -2.19174 10.13672 0.7689778209 2.4073700905    0.708  1.661  3.9608  3.422    4  0.000  0.533     0.00     0.00 -1    -1e-30      0.00 7.562e-01 2.437e-01 1.688e-05 4.684e-06 4.222e-05 -1.000 1.000e-04 0.616 0.711 0.681 0.676 0.669 0.660 0.658 0.658 0.655 0.669 0.658 0.673 0.662 0.659 0.662 0.661 0.656 0.659 0.659 0.655 0.654 0.654 0.654 0.667
4.3836e-05 -2.19174 10.13672 0.7690169215 2.4073851109    0.708  1.664  3.9569  3.403    4  0.000  0.533     0.00     0.00 -1    -1e-30      0.00 7.562e-01 2.437e-01 1.688e-05 4.684e-06 4.222e-05 -1.000 1.000e-04 0.609 0.685 0.651 0.643 0.634 0.624 0.620 0.621 0.617 0.634 0.620 0.638 0.626 0.622 0.625 0.624 0.619 0.621 0.621 0.617 0.616 0.615 0.616 0.631
4.3836e-05 -2.19174 10.13672 0.7690573931 2.4074006081    0.708  1.668  3.9524  3.382    4  0.000  0.533     0.00     0.00 -1    -1e-30      0.00 7.562e-01 2.437e-01 1.688e-05 4.684e-06 4.222e-05 -1.000 1.001e-04 0.600 0.655 0.617 0.606 0.593 0.582 0.578 0.577 0.573 0.595 0.577 0.598 0.585 0.580 0.582 0.582 0.576 0.578 0.578 0.574 0.573 0.572 0.573 0.590
4.3836e-05 -2.19174 10.13672 0.7690973878 2.4074158669    0.709  1.672  3.9474  3.358    4  0.000  0.533     0.00     0.00 -1    -1e-30      0.00 7.562e-01 2.437e-01 1.688e-05 4.684e-06 4.222e-05 -1.000 1.001e-04 0.591 0.624 0.581 0.565 0.549 0.535 0.531 0.530 0.526 0.551 0.530 0.554 0.539 0.534 0.536 0.535 0.529 0.531 0.530 0.526 0.525 0.524 0.525 0.545
4.3836e-05 -2.19174 10.13672 0.7691409588 2.4074325562    0.709  1.676  3.9417  3.331    4  0.000  0.533     0.00     0.00 -1    -1e-30      0.00 7.562e-01 2.437e-01 1.688e-05 4.684e-06 4.222e-05 -1.000 1.000e-04 0.580 0.588 0.539 0.518 0.498 0.482 0.477 0.475 0.471 0.501 0.476 0.503 0.487 0.481 0.482 0.481 0.474 0.476 0.476 0.471 0.470 0.469 0.470 0.494
4.3836e-05 -2.19174 10.13672 0.7691813707 2.4074480534    0.709  1.681  3.9359  3.303    4  0.000  0.533     0.00     0.00 -1    -1e-30      0.00 7.562e-01 2.437e-01 1.688e-05 4.684e-06 4.222e-05 -1.000 9.999e-05 0.568 0.552 0.498 0.472 0.445 0.428 0.421 0.420 0.415 0.451 0.421 0.452 0.433 0.427 0.428 0.426 0.419 0.421 0.420 0.416 0.414 0.413 0.414 0.441
4.3836e-05 -2.19174 10.13672 0.7692227364 2.4074637890    0.709  1.686  3.9295  3.273    4  0.000  0.533     0.00     0.00 -1    -1e-30      0.00 7.562e-01 2.437e-01 1.688e-05 4.684e-06 4.222e-05 -1.000 1.000e-04 0.556 0.513 0.453 0.420 0.388 0.368 0.360 0.358 0.353 0.395 0.360 0.395 0.374 0.367 0.368 0.365 0.358 0.359 0.359 0.354 0.353 0.351 0.352 0.382
4.3836e-05 -2.19174 10.13672 0.7692630291 2.4074792862    0.709  1.691  3.9229  3.241    4  0.000  0.533     0.00     0.00 -1    -1e-30      0.00 7.562e-01 2.437e-01 1.688e-05 4.684e-06 4.222e-05 -1.000 9.999e-05 0.543 0.476 0.408 0.368 0.328 0.306 0.297 0.295 0.289 0.338 0.296 0.336 0.313 0.305 0.305 0.302 0.295 0.296 0.295 0.290 0.289 0.287 0.288 0.322
4.3836e-05 -2.19174 10.13672 0.7693032026 2.4074945450    0.709  1.696  3.9159  3.208    4  0.000  0.533     0.00     0.00 -1    -1e-30      0.00 7.562e-01 2.437e-01 1.688e-05 4.684e-06 4.222e-05 -1.000 1.000e-04 0.530 0.437 0.361 0.314 0.265 0.240 0.231 0.228 0.222 0.278 0.230 0.275 0.248 0.240 0.239 0.236 0.228 0.229 0.228 0.223 0.222 0.220 0.221 0.258
4.3836e-05 -2.19174 10.13672 0.7693109512 2.4074976444    0.709  1.697  3.9145  3.201    4  0.000  0.533     0.00     0.00 -1    -1e-30      0.00 7.562e-01 2.437e-01 1.688e-05 4.684e-06 4.222e-05 -1.000 9.999e-05 0.527 0.429 0.352 0.304 0.252 0.227 0.218 0.215 0.209 0.266 0.217 0.263 0.235 0.227 0.227 0.223 0.215 0.216 0.215 0.210 0.209 0.207 0.208 0.245
4.3836e-05 -2.19174 10.13672 0.7693309188 2.4075052738    0.709  1.700  3.9112  3.185    4  0.000  0.533     0.00     0.00 -1    -1e-30      0.00 7.562e-01 2.437e-01 1.688e-05 4.684e-06 4.222e-05 -1.000 9.993e-05 0.520 0.411 0.330 0.278 0.222 0.196 0.186 0.183 0.177 0.237 0.185 0.234 0.204 0.196 0.195 0.192 0.183 0.184 0.183 0.178 0.177 0.175 0.176 0.215
4.3836e-05 -2.19174 10.13672 0.7693724036 2.4075210094    0.709  1.706  3.9040  3.151    4  0.000  0.533     0.00     0.00 -1    -1e-30      0.00 7.562e-01 2.437e-01 1.688e-05 4.684e-06 4.222e-05 -1.000 1.000e-04 0.506 0.372 0.284 0.223 0.157 0.128 0.117 0.114 0.108 0.175 0.116 0.170 0.137 0.128 0.127 0.123 0.115 0.115 0.114 0.109 0.108 0.106 0.107 0.149
4.3836e-05 -2.19174 10.13672 0.7694119811 2.4075362682    0.709  1.711  3.8967  3.116    4  0.000  0.533     0.00     0.00 -1    -1e-30      0.00 7.562e-01 2.437e-01 1.688e-05 4.684e-06 4.222e-05 -1.000 1.000e-04 0.492 0.335 0.238 0.169 0.091 0.059 0.048 0.044 0.038 0.113 0.046 0.106 0.068 0.059 0.058 0.053 0.045 0.046 0.044 0.039 0.038 0.036 0.037 0.081
4.3836e-05 -2.19174 10.13672 0.7694524527 2.4075517654    0.709  1.717  3.8887  3.078    4  0.000  0.533     0.00     0.00 -1    -1e-30      0.00 7.562e-01 2.437e-01 1.688e-05 4.684e-06 4.222e-05 -1.000 1.000e-04 0.476 0.294 0.189 0.110 0.018 -0.017 -0.028 -0.032 -0.039 0.044 -0.030 0.035 -0.007 -0.017 -0.018 -0.023 -0.031 -0.031 -0.032 -0.038 -0.039 -0.041 -0.040 0.008
4.3836e-05 -2.19174 10.13672 0.7694918513 2.4075667858    0.709  1.724  3.8805  3.039    4  0.000  0.533     0.00     0.00 -1    -1e-30      0.00 7.562e-01 2.437e-01 1.688e-05 4.684e-06 4.222e-05 -1.000 1.000e-04 0.460 0.256 0.141 0.051 -0.055 -0.094 -0.106 -0.110 -0.116 -0.024 -0.108 -0.036 -0.084 -0.094 -0.095 -0.101 -0.108 -0.108 -0.110 -0.115 -0.116 -0.119 -0.117 -0.068
4.3836e-05 -2.19174 10.13672 0.7695311904 2.4075818062    0.709  1.730  3.8729  3.002    4  0.000  0.533     0.00     0.00 -1    -1e-30      0.00 7.562e-01 2.437e-01 1.688e-05 4.684e-06 4.222e-05 -1.000 1.000e-04 0.445 0.222 0.097 -0.003 -0.125 -0.167 -0.179 -0.183 -0.189 -0.089 -0.181 -0.103 -0.157 -0.167 -0.169 -0.174 -0.182 -0.181 -0.183 -0.188 -0.189 -0.192 -0.191 -0.139
4.3836e-05 -2.19174 10.13672 0.7695712447 2.4075970650    0.709  1.736  3.8649  2.964    4  0.000  0.533     0.00     0.00 -1    -1e-30      0.00 7.562e-01 2.437e-01 1.688e-05 4.684e-06 4.222e-05 -1.000 1.000e-04 0.429 0.188 0.052 -0.058 -0.197 -0.243 -0.256 -0.259 -0.266 -0.156 -0.257 -0.172 -0.232 -0.243 -0.244 -0.250 -0.258 -0.258 -0.259 -0.265 -0.266 -0.269 -0.267 -0.212
4.3836e-05 -2.19174 10.13672 0.7696113586 2.4076125622    0.709  1.743  3.8574  2.928    4  0.000  0.533     0.00     0.00 -1    -1e-30      0.00 7.562e-01 2.437e-01 1.688e-05 4.684e-06 4.222e-05 -1.000 1.000e-04 0.413 0.157 0.010 -0.110 -0.264 -0.315 -0.327 -0.331 -0.338 -0.218 -0.329 -0.236 -0.303 -0.314 -0.316 -0.322 -0.329 -0.329 -0.331 -0.337 -0.338 -0.341 -0.340 -0.281
4.3836e-05 -2.19174 10.13672 0.7696508169 2.4076275826    0.709  1.749  3.8497  2.890    4  0.000  0.533     0.00     0.00 -1    -1e-30      0.00 7.562e-01 2.437e-01 1.688e-05 4.684e-06 4.222e-05 -1.000 9.999e-05 0.397 0.126 -0.031 -0.162 -0.333 -0.388 -0.401 -0.405 -0.412 -0.283 -0.403 -0.302 -0.377 -0.388 -0.390 -0.396 -0.403 -0.403 -0.406 -0.411 -0.412 -0.416 -0.414 -0.352
4.3836e-05 -2.19174 10.13672 0.7696907520 2.4076428413    0.709  1.756  3.8423  2.854    4  0.000  0.533     0.00     0.00 -1    -1e-30      0.00 7.562e-01 2.437e-01 1.688e-05 4.684e-06 4.222e-05 -1.000 1.000e-04 0.380 0.097 -0.071 -0.212 -0.401 -0.460 -0.474 -0.477 -0.484 -0.345 -0.475 -0.365 -0.448 -0.459 -0.461 -0.469 -0.475 -0.476 -0.478 -0.483 -0.484 -0.489 -0.486 -0.421
4.3836e-05 -2.19174 10.13672 0.7697328925 2.4076590538    0.709  1.765  3.8326  2.806    4  0.000  0.533     0.00     0.00 -1    -1e-30      0.00 7.562e-01 2.437e-01 1.688e-05 4.684e-06 4.222e-05 -1.000 1.000e-04 0.357 0.058 -0.125 -0.279 -0.489 -0.554 -0.569 -0.573 -0.580 -0.427 -0.571 -0.449 -0.542 -0.553 -0.556 -0.564 -0.570 -0.571 -0.573 -0.579 -0.579 -0.584 -0.581 -0.512
4.3836e-05 -2.19174 10.13672 0.7697722912 2.4076740742    0.709  1.775  3.8226  2.756    4  0.000  0.533     0.00     0.00 -1    -1e-30      0.00 7.562e-01 2.437e-01 1.688e-05 4.684e-06 4.222e-05 -1.000 1.000e-04 0.332 0.019 -0.180 -0.348 -0.581 -0.653 -0.669 -0.673 -0.680 -0.513 -0.671 -0.536 -0.640 -0.652 -0.655 -0.664 -0.670 -0.671 -0.674 -0.679 -0.679 -0.684 -0.681 -0.607
4.3836e-05 -2.19174 10.13672 0.7698055506 2.4076867104    0.709  1.786  3.8122  2.703    4  0.000  0.533     0.00     0.00 -1    -1e-30      0.00 7.562e-01 2.437e-01 1.688e-05 4.684e-06 4.222e-05 -1.000 9.993e-05 0.304 -0.023 -0.238 -0.421 -0.678 -0.757 -0.774 -0.779 -0.786 -0.604 -0.776 -0.627 -0.743 -0.757 -0.760 -0.769 -0.775 -0.776 -0.779 -0.785 -0.785 -0.790 -0.787 -0.706
4.3836e-05 -2.19174 10.13672 0.7698266506 2.4076948166    0.709  1.800  3.8024  2.651    4  0.000  0.533     0.00     0.00 -1    -1e-30      0.00 7.562e-01 2.437e-01 1.688e-05 4.684e-06 4.222e-05 -1.000 9.997e-05 0.271 -0.069 -0.300 -0.497 -0.775 -0.864 -0.882 -0.887 -0.894 -0.697 -0.884 -0.720 -0.847 -0.862 -0.866 -0.876 -0.883 -0.885 -0.888 -0.893 -0.894 -0.899 -0.895 -0.807
4.3836e-05 -2.19174 10.13672 0.7698415518 2.4077005386    0.709  1.812  3.7931  2.601    4  0.000  0.533     0.00     0.00 -1    -1e-30      0.00 7.562e-01 2.437e-01 1.688e-05 4.684e-06 4.222e-05 -1.000 1.000e-04 0.239 -0.111 -0.357 -0.567 -0.866 -0.963 -0.982 -0.988 -0.995 -0.784 -0.985 -0.806 -0.945 -0.961 -0.966 -0.976 -0.984 -0.986 -0.989 -0.994 -0.995 -1.000 -0.997 -0.900
4.3836e-05 -2.19174 10.13672 0.7698504925 2.4077038765    0.709  1.825  3.7845  2.554    4  0.000  0.533     0.00     0.00 -1    -1e-30      0.00 7.562e-01 2.437e-01 1.688e-05 4.684e-06 4.222e-05 -1.000 9.999e-05 0.208 -0.151 -0.411 -0.633 -0.951 -1.056 -1.078 -1.084 -1.091 -0.866 -1.080 -0.886 -1.036 -1.054 -1.060 -1.071 -1.079 -1.082 -1.085 -1.090 -1.091 -1.096 -1.093 -0.988
4.3836e-05 -2.19174 10.13672 0.7698571086 2.4077064991    0.709  1.837  3.7758  2.507    4  0.000  0.533     0.00     0.00 -1    -1e-30      0.00 7.562e-01 2.437e-01 1.688e-05 4.684e-06 4.222e-05 -1.000 1.000e-04 0.178 -0.188 -0.464 -0.699 -1.037 -1.150 -1.173 -1.180 -1.187 -0.947 -1.176 -0.967 -1.128 -1.148 -1.154 -1.167 -1.175 -1.177 -1.180 -1.186 -1.187 -1.193 -1.189 -1.076
4.3836e-05 -2.19174 10.13672 0.7698618174 2.4077081680    0.709  1.850  3.7681  2.464    4  0.000  0.533     0.00     0.00 -1    -1e-30      0.00 7.562e-01 2.437e-01 1.688e-05 4.684e-06 4.222e-05 -1.000 1.000e-04 0.146 -0.226 -0.515 -0.761 -1.117 -1.237 -1.262 -1.268 -1.276 -1.024 -1.265 -1.041 -1.214 -1.235 -1.242 -1.255 -1.263 -1.266 -1.269 -1.275 -1.276 -1.281 -1.277 -1.159
4.3836e-05 -2.19174 10.13672 0.7698658705 2.4077098370    0.709  1.866  3.7599  2.415    4  0.000  0.533     0.00     0.00 -1    -1e-30      0.00 7.562e-01 2.437e-01 1.688e-05 4.684e-06 4.222e-05 -1.000 9.999e-05 0.105 -0.273 -0.576 -0.834 -1.207 -1.336 -1.364 -1.371 -1.379 -1.112 -1.367 -1.127 -1.310 -1.333 -1.341 -1.356 -1.365 -1.368 -1.372 -1.378 -1.379 -1.384 -1.380 -1.251
4.3836e-05 -2.19174 10.13672 0.7698690295 2.4077110291    0.709  1.888  3.7519  2.361    4  0.000  0.533     0.00     0.00 -1    -1e-30      0.00 7.562e-01 2.437e-01 1.688e-05 4.684e-06 4.222e-05 -1.000 1.000e-04 0.051 -0.332 -0.651 -0.920 -1.309 -1.447 -1.478 -1.486 -1.494 -1.212 -1.481 -1.224 -1.418 -1.443 -1.453 -1.470 -1.480 -1.483 -1.487 -1.493 -1.494 -1.500 -1.496 -1.356
4.3836e-05 -2.19174 10.13672 0.7698711157 2.4077117443    0.709  1.912  3.7446  2.308    4  0.000  0.533     0.00     0.00 -1    -1e-30      0.00 7.562e-01 2.437e-01 1.688e-05 4.684e-06 4.222e-05 -1.000 9.993e-05 -0.009 -0.396 -0.728 -1.008 -1.411 -1.557 -1.591 -1.600 -1.609 -1.312 -1.595 -1.322 -1.524 -1.552 -1.563 -1.582 -1.593 -1.597 -1.601 -1.608 -1.609 -1.615 -1.610 -1.460
4.3836e-05 -2.19174 10.13672 0.7698724866 2.4077122211    0.709  1.938  3.7381  2.255    4  0.000  0.533     0.00     0.00 -1    -1e-30      0.00 7.562e-01 2.437e-01 1.688e-05 4.684e-06 4.222e-05 -1.000 9.999e-05 -0.076 -0.467 -0.810 -1.099 -1.515 -1.668 -1.705 -1.715 -1.725 -1.415 -1.709 -1.422 -1.633 -1.663 -1.675 -1.696 -1.708 -1.712 -1.716 -1.723 -1.725 -1.730 -1.726 -1.566
4.3836e-05 -2.19174 10.13672 0.7698732018 2.4077124596    0.709  1.961  3.7339  2.215    7  0.000  0.533     0.00     0.00 -1    -1e-30      0.00 7.562e-01 2.437e-01 1.688e-05 4.684e-06 4.222e-05 -1.000 1.000e-04 -0.133 -0.526 -0.878 -1.173 -1.596 -1.755 -1.793 -1.804 -1.814 -1.495 -1.798 -1.502 -1.718 -1.749 -1.762 -1.784 -1.796 -1.801 -1.806 -1.813 -1.814 -1.820 -1.816 -1.649
4.3836e-05 -2.19174 10.13672 0.7698737979 2.4077126980    0.709  1.990  3.7300  2.171    7  0.000  0.533     0.00     0.00 -1    -1e-30      0.00 7.562e-01 2.437e-01 1.688e-05 4.684e-06 4.222e-05 -1.000 9.997e-05 -0.205 -0.600 -0.959 -1.260 -1.691 -1.854 -1.894 -1.905 -1.916 -1.589 -1.899 -1.594 -1.815 -1.848 -1.861 -1.884 -1.897 -1.902 -1.907 -1.914 -1.916 -1.922 -1.918 -1.745
4.3836e-05 -2.19174 10.13672 0.7698745131 2.4077131748    0.709  2.026  3.7258  2.118    7  0.000  0.533     0.00     0.00 -1    -1e-30      0.00 7.562e-01 2.437e-01 1.688e-05 4.684e-06 4.222e-05 -1.000 9.999e-05 -0.295 -0.693 -1.060 -1.367 -1.806 -1.973 -2.015 -2.028 -2.039 -1.704 -2.021 -1.707 -1.933 -1.967 -1.982 -2.005 -2.019 -2.025 -2.029 -2.037 -2.039 -2.045 -2.041 -1.861
4.3836e-05 -2.19174 10.13672 0.7698752284 2.4077134132    0.709  2.064  3.7220  2.065    7  0.000  0.533     0.00     0.00 -1    -1e-30      0.00 7.562e-01 2.437e-01 1.688e-05 4.684e-06 4.222e-05 -1.000 1.000e-04 -0.391 -0.790 -1.163 -1.477 -1.923 -2.095 -2.138 -2.151 -2.162 -1.820 -2.144 -1.821 -2.053 -2.088 -2.103 -2.128 -2.142 -2.148 -2.153 -2.161 -2.162 -2.168 -2.164 -1.979
4.3836e-05 -2.19174 10.13672 0.7698759437 2.4077136517    0.709  2.102  3.7187  2.014    7  0.000  0.533     0.00     0.00 -1    -1e-30      0.00 7.562e-01 2.437e-01 1.688e-05 4.684e-06 4.222e-05 -1.000 1.000e-04 -0.485 -0.885 -1.265 -1.583 -2.037 -2.212 -2.256 -2.270 -2.282 -1.933 -2.262 -1.933 -2.169 -2.205 -2.220 -2.246 -2.261 -2.267 -2.272 -2.280 -2.282 -2.287 -2.284 -2.094
4.3836e-05 -2.19174 10.13672 0.7698769569 2.4077138901    0.709  2.134  3.7162  1.972    7  0.000  0.533     0.00     0.00 -1    -1e-30      0.00 7.562e-01 2.437e-01 1.688e-05 4.684e-06 4.222e-05 -1.000 9.999e-05 -0.565 -0.966 -1.351 -1.673 -2.131 -2.309 -2.355 -2.369 -2.381 -2.027 -2.361 -2.025 -2.265 -2.302 -2.318 -2.344 -2.359 -2.366 -2.371 -2.379 -2.381 -2.386 -2.383 -2.189
4.3836e-05 -2.19174 10.13672 0.7698789239 2.4077148438    0.709  2.142  3.7158  1.962    7  0.000  0.533     0.00     0.00 -1    -1e-30      0.00 7.562e-01 2.437e-01 1.688e-05 4.684e-06 4.222e-05 -1.000 9.997e-05 -0.586 -0.987 -1.373 -1.696 -2.154 -2.332 -2.378 -2.393 -2.405 -2.050 -2.385 -2.048 -2.288 -2.325 -2.341 -2.368 -2.383 -2.390 -2.395 -2.403 -2.405 -2.410 -2.407 -2.212
4.3836e-05 -2.19174 10.13672 0.7698819637 2.4077160358    0.709  2.125  3.7171  1.984    7  0.000  0.533     0.00     0.00 -1    -1e-30      0.00 7.562e-01 2.437e-01 1.688e-05 4.684e-06 4.222e-05 -1.000 9.999e-05 -0.544 -0.944 -1.328 -1.648 -2.105 -2.282 -2.327 -2.341 -2.353 -2.001 -2.333 -2.000 -2.238 -2.275 -2.291 -2.316 -2.332 -2.338 -2.343 -2.351 -2.353 -2.358 -2.355 -2.162
4.3836e-05 -2.19174 10.13672 0.7699012756 2.4077231884    0.709  2.143  3.7150  1.958    7  0.000  0.533     0.00     0.00 -1    -1e-30      0.00 7.562e-01 2.437e-01 1.688e-05 4.684e-06 4.222e-05 -1.000 1.000e-04 -0.587 -0.989 -1.376 -1.700 -2.160 -2.339 -2.386 -2.400 -2.412 -2.055 -2.392 -2.054 -2.295 -2.332 -2.348 -2.375 -2.390 -2.397 -2.402 -2.411 -2.412 -2.418 -2.414 -2.218
4.3836e-05 -2.19174 10.13672 0.7699136734 2.4077279568    0.709  2.183  3.7118  1.905    7  0.000  0.533     0.00     0.00 -1    -1e-30      0.00 7.562e-01 2.437e-01 1.688e-05 4.684e-06 4.222e-05 -1.000 9.999e-05 -0.688 -1.091 -1.485 -1.814 -2.280 -2.463 -2.511 -2.526 -2.538 -2.175 -2.517 -2.172 -2.417 -2.455 -2.472 -2.499 -2.516 -2.522 -2.528 -2.537 -2.538 -2.544 -2.540 -2.339
4.3836e-05 -2.19174 10.13672 0.7699319124 2.4077351093    0.709  2.235  3.7083  1.839    7  0.000  0.533     0.00     0.00 -1    -1e-30      0.00 7.562e-01 2.437e-01 1.688e-05 4.684e-06 4.222e-05 -1.000 1.000e-04 -0.817 -1.221 -1.622 -1.956 -2.428 -2.615 -2.665 -2.681 -2.693 -2.323 -2.672 -2.318 -2.568 -2.607 -2.625 -2.653 -2.670 -2.677 -2.683 -2.692 -2.693 -2.699 -2.696 -2.488
4.3836e-05 -2.19174 10.13672 0.7699468136 2.4077405930    0.709  2.277  3.7056  1.787    7  0.000  0.533     0.00     0.00 -1    -1e-30      0.00 7.562e-01 2.437e-01 1.688e-05 4.684e-06 4.222e-05 -1.000 9.997e-05 -0.922 -1.327 -1.733 -2.071 -2.549 -2.738 -2.789 -2.806 -2.819 -2.443 -2.797 -2.437 -2.690 -2.730 -2.749 -2.777 -2.795 -2.802 -2.808 -2.817 -2.819 -2.824 -2.821 -2.609
4.3836e-05 -2.19174 10.13672 0.7699601650 2.4077458382    0.709  2.318  3.7031  1.735    7  0.000  0.533     0.00     0.00 -1    -1e-30      0.00 7.562e-01 2.437e-01 1.688e-05 4.684e-06 4.222e-05 -1.000 9.999e-05 -1.026 -1.431 -1.843 -2.185 -2.667 -2.860 -2.912 -2.930 -2.942 -2.561 -2.920 -2.554 -2.811 -2.852 -2.870 -2.900 -2.918 -2.926 -2.932 -2.941 -2.942 -2.947 -2.944 -2.729
4.3836e-05 -2.19174 10.13672 0.7699719667 2.4077503681    0.709  2.360  3.7006  1.684    7  0.000  0.533     0.00     0.00 -1    -1e-30      0.00 7.562e-01 2.437e-01 1.688e-05 4.686e-06 4.222e-05 -1.000 1.000e-04 -1.129 -1.535 -1.952 -2.298 -2.785 -2.981 -3.034 -3.052 -3.064 -2.679 -3.041 -2.671 -2.930 -2.972 -2.991 -3.021 -3.040 -3.047 -3.054 -3.063 -3.065 -3.069 -3.067 -2.848
4.3836e-05 -2.19174 10.13672 0.7699823976 2.4077541828    0.709  2.401  3.6982  1.633    7  0.000  0.532     0.00     0.00 -1    -1e-30      0.00 7.562e-01 2.437e-01 1.684e-05 4.694e-06 4.222e-05 -1.000 9.999e-05 -1.233 -1.639 -2.060 -2.410 -2.902 -3.101 -3.154 -3.173 -3.186 -2.796 -3.163 -2.786 -3.049 -3.092 -3.112 -3.142 -3.161 -3.169 -3.175 -3.185 -3.186 -3.190 -3.188 -2.966
4.3836e-05 -2.19174 10.13672 0.7699916363 2.4077577591    0.710  2.442  3.6959  1.582    7  0.000  0.528     0.00     0.00 -1    -1e-30      0.00 7.562e-01 2.437e-01 1.672e-05 4.766e-06 4.222e-05 -1.000 1.001e-04 -1.336 -1.742 -2.168 -2.522 -3.019 -3.220 -3.275 -3.293 -3.306 -2.912 -3.283 -2.901 -3.168 -3.211 -3.231 -3.262 -3.281 -3.289 -3.296 -3.306 -3.307 -3.311 -3.308 -3.083
4.3836e-05 -2.19174 10.13672 0.7699997425 2.4077608585    0.710  2.483  3.6936  1.532    7  0.000  0.518     0.00     0.00 -1    -1e-30      0.00 7.562e-01 2.437e-01 1.639e-05 5.065e-06 4.222e-05 -1.000 1.001e-04 -1.438 -1.844 -2.275 -2.632 -3.134 -3.338 -3.393 -3.412 -3.425 -3.026 -3.401 -3.015 -3.285 -3.329 -3.349 -3.380 -3.400 -3.408 -3.415 -3.425 -3.426 -3.429 -3.427 -3.199
4.3836e-05 -2.19174 10.13672 0.7700072527 2.4077637196    0.710  2.524  3.6914  1.482    7  0.000  0.501     0.00     0.00 -1    -1e-30      0.00 7.562e-01 2.437e-01 1.586e-05 5.664e-06 4.222e-05 -1.000 9.999e-05 -1.540 -1.946 -2.382 -2.743 -3.249 -3.456 -3.512 -3.531 -3.544 -3.141 -3.520 -3.129 -3.402 -3.446 -3.467 -3.499 -3.518 -3.527 -3.534 -3.544 -3.545 -3.548 -3.546 -3.315
4.3836e-05 -2.19174 10.13672 0.7700140476 2.4077663422    0.710  2.565  3.6891  1.433    7  0.000  0.483     0.00     0.00 -1    -1e-30      0.00 7.560e-01 2.439e-01 1.529e-05 6.354e-06 4.222e-05 -1.000 1.001e-04 -1.642 -2.047 -2.488 -2.852 -3.363 -3.572 -3.629 -3.650 -3.662 -3.255 -3.638 -3.242 -3.518 -3.563 -3.584 -3.616 -3.636 -3.645 -3.652 -3.662 -3.663 -3.666 -3.664 -3.430
4.3836e-05 -2.19174 10.13672 0.7700204253 2.4077687263    0.710  2.605  3.6869  1.383    7  0.000  0.467     0.00     0.00 -1    -1e-30      0.00 7.558e-01 2.441e-01 1.478e-05 6.977e-06 4.223e-05 -1.000 1.000e-04 -1.743 -2.147 -2.593 -2.962 -3.477 -3.689 -3.747 -3.768 -3.780 -3.369 -3.756 -3.354 -3.633 -3.679 -3.700 -3.733 -3.754 -3.763 -3.770 -3.781 -3.782 -3.783 -3.782 -3.544
4.3836e-05 -2.19174 10.13672 0.7700263858 2.4077711105    0.710  2.646  3.6847  1.334    7  0.000  0.453     0.00     0.00 -1    -1e-30      0.00 7.556e-01 2.443e-01 1.435e-05 7.515e-06 4.224e-05 -1.000 1.000e-04 -1.844 -2.249 -2.700 -3.072 -3.592 -3.806 -3.864 -3.886 -3.899 -3.483 -3.874 -3.468 -3.749 -3.796 -3.817 -3.851 -3.872 -3.881 -3.888 -3.899 -3.900 -3.902 -3.901 -3.660
4.3836e-05 -2.19174 10.13672 0.7700321078 2.4077732563    0.710  2.686  3.6825  1.285    7  0.000  0.441     0.00     0.00 -1    -1e-30      0.00 7.553e-01 2.446e-01 1.398e-05 7.979e-06 4.225e-05 -1.000 9.993e-05 -1.945 -2.352 -2.808 -3.184 -3.708 -3.923 -3.982 -4.004 -4.017 -3.598 -3.992 -3.583 -3.867 -3.913 -3.935 -3.969 -3.989 -3.999 -4.006 -4.017 -4.018 -4.020 -4.020 -3.777
4.3836e-05 -2.19174 10.13672 0.7700375319 2.4077754021    0.710  2.726  3.6803  1.236    7  0.000  0.431     0.00     0.00 -1    -1e-30      0.00 7.551e-01 2.448e-01 1.365e-05 8.382e-06 4.225e-05 -1.000 1.000e-04 -2.046 -2.455 -2.916 -3.295 -3.825 -4.040 -4.100 -4.121 -4.135 -3.714 -4.110 -3.698 -3.984 -4.031 -4.052 -4.088 -4.107 -4.116 -4.124 -4.135 -4.136 -4.138 -4.138 -3.894
4.3836e-05 -2.19174 10.13672 0.7700427175 2.4077773094    0.710  2.767  3.6780  1.186    7  0.000  0.422     0.00     0.00 -1    -1e-30      0.00 7.548e-01 2.451e-01 1.337e-05 8.734e-06 4.223e-05 -1.000 1.000e-04 -2.148 -2.558 -3.026 -3.409 -3.943 -4.160 -4.220 -4.241 -4.254 -3.831 -4.229 -3.815 -4.104 -4.150 -4.171 -4.208 -4.226 -4.236 -4.244 -4.256 -4.256 -4.256 -4.257 -4.012
4.3836e-05 -2.19174 10.13672 0.7700473070 2.4077789783    0.710  2.808  3.6757  1.135    7  0.000  0.415     0.00     0.00 -1    -1e-30      0.00 7.546e-01 2.453e-01 1.312e-05 9.041e-06 4.220e-05 -1.000 1.000e-04 -2.251 -2.662 -3.136 -3.523 -4.062 -4.280 -4.341 -4.362 -4.374 -3.949 -4.350 -3.933 -4.224 -4.270 -4.291 -4.330 -4.347 -4.357 -4.364 -4.376 -4.377 -4.375 -4.377 -4.132
4.3836e-05 -2.19174 10.13672 0.7700510621 2.4077804089    0.710  2.849  3.6735  1.086    7  0.000  0.409     0.00     0.00 -1    -1e-30      0.00 7.543e-01 2.456e-01 1.292e-05 9.305e-06 4.214e-05 -1.000 1.000e-04 -2.352 -2.764 -3.245 -3.635 -4.179 -4.398 -4.460 -4.480 -4.492 -4.065 -4.469 -4.048 -4.343 -4.388 -4.409 -4.449 -4.465 -4.475 -4.482 -4.495 -4.495 -4.490 -4.494 -4.250
4.3836e-05 -2.19174 10.13672 0.7700542808 2.4077818394    0.710  2.888  3.6712  1.038    7  0.000  0.404     0.00     0.00 -1    -1e-30      0.00 7.540e-01 2.459e-01 1.274e-05 9.547e-06 4.205e-05 -1.000 9.999e-05 -2.451 -2.864 -3.352 -3.746 -4.295 -4.514 -4.577 -4.597 -4.608 -4.180 -4.586 -4.163 -4.460 -4.505 -4.525 -4.568 -4.581 -4.591 -4.599 -4.612 -4.611 -4.604 -4.610 -4.367
4.3836e-05 -2.19174 10.13672 0.7700570226 2.4077827930    0.710  2.926  3.6691  0.992    7  0.000  0.401     0.00     0.00 -1    -1e-30      0.00 7.538e-01 2.461e-01 1.260e-05 9.768e-06 4.195e-05 -1.000 9.668e-05 -2.544 -2.958 -3.452 -3.850 -4.404 -4.624 -4.688 -4.707 -4.717 -4.288 -4.696 -4.270 -4.570 -4.615 -4.635 -4.679 -4.691 -4.701 -4.709 -4.722 -4.721 -4.711 -4.718 -4.476
4.3836e-05 -2.19174 10.13672 0.7700598240 2.4077837467    0.710  2.965  3.6668  0.943    7  0.000  0.398     0.00     0.00 -1    -1e-30      0.00 7.535e-01 2.464e-01 1.248e-05 9.993e-06 4.182e-05 -1.000 9.917e-05 -2.644 -3.057 -3.560 -3.962 -4.522 -4.742 -4.806 -4.825 -4.834 -4.404 -4.815 -4.386 -4.688 -4.733 -4.753 -4.798 -4.809 -4.819 -4.828 -4.841 -4.839 -4.825 -4.834 -4.594
4.3836e-05 -2.19174 10.13672 0.7700621486 2.4077847004    0.710  3.001  3.6647  0.898    7  0.000  0.396     0.00     0.00 -1    -1e-30      0.00 7.533e-01 2.466e-01 1.239e-05 1.018e-05 4.170e-05 -1.000 9.999e-05 -2.733 -3.146 -3.658 -4.063 -4.627 -4.848 -4.913 -4.931 -4.939 -4.509 -4.921 -4.491 -4.795 -4.839 -4.859 -4.906 -4.916 -4.926 -4.934 -4.948 -4.945 -4.928 -4.939 -4.700
4.3836e-05 -2.19174 10.13672 0.7700646520 2.4077856541    0.710  3.042  3.6623  0.848    7  0.000  0.395     0.00     0.00 -1    -1e-30      0.00 7.531e-01 2.468e-01 1.231e-05 1.039e-05 4.155e-05 -1.000 9.990e-05 -2.835 -3.247 -3.769 -4.179 -4.748 -4.970 -5.036 -5.053 -5.060 -4.629 -5.044 -4.611 -4.917 -4.961 -4.981 -5.029 -5.038 -5.048 -5.056 -5.070 -5.066 -5.045 -5.058 -4.822
4.3836e-05 -2.19174 10.13672 0.7700648308 2.4077856541    0.710  3.047  3.6620  0.842    7  0.000  0.395     0.00     0.00 -1    -1e-30      0.00 7.531e-01 2.468e-01 1.231e-05 1.040e-05 4.154e-05 -1.000 1.000e-04 -2.848 -3.260 -3.783 -4.193 -4.764 -4.985 -5.051 -5.069 -5.075 -4.643 -5.059 -4.626 -4.932 -4.977 -4.996 -5.044 -5.053 -5.063 -5.071 -5.085 -5.081 -5.060 -5.073 -4.837
4.3836e-05 -2.19174 10.13672 0.7700650096 2.4077858925    0.710  3.057  3.6613  0.829    7  0.000  0.395     0.00     0.00 -1    -1e-30      0.00 7.531e-01 2.468e-01 1.230e-05 1.042e-05 4.153e-05 -1.000 9.997e-05 -2.873 -3.285 -3.810 -4.222 -4.794 -5.016 -5.082 -5.099 -5.105 -4.673 -5.090 -4.655 -4.963 -5.007 -5.026 -5.075 -5.083 -5.093 -5.102 -5.116 -5.112 -5.089 -5.103 -4.868
4.3836e-05 -2.19174 10.13672 0.7700651288 2.4077858925    0.710  3.070  3.6605  0.813    7  0.000  0.394     0.00     0.00 -1    -1e-30      0.00 7.529e-01 2.470e-01 1.225e-05 1.060e-05 4.140e-05 -1.000 9.996e-05 -2.904 -3.316 -3.845 -4.258 -4.832 -5.054 -5.120 -5.137 -5.142 -4.711 -5.128 -4.693 -5.001 -5.045 -5.064 -5.114 -5.121 -5.131 -5.140 -5.154 -5.150 -5.125 -5.140 -4.906
4.3836e-05 -2.19174 10.13672 0.7700653076 2.4077858925    0.710  3.086  3.6595  0.793    7  0.000  0.394     0.00     0.00 -1    -1e-30      0.00 7.527e-01 2.472e-01 1.219e-05 1.081e-05 4.124e-05 -1.000 9.996e-05 -2.946 -3.356 -3.890 -4.305 -4.882 -5.104 -5.171 -5.187 -5.192 -4.760 -5.178 -4.742 -5.052 -5.095 -5.115 -5.164 -5.172 -5.181 -5.190 -5.205 -5.200 -5.173 -5.189 -4.956
4.3836e-05 -2.19174 10.13672 0.7700655460 2.4077861309    0.710  3.114  3.6577  0.757    7  0.000  0.394     0.00     0.00 -1    -1e-30      0.00 7.525e-01 2.474e-01 1.212e-05 1.106e-05 4.106e-05 -1.000 1.000e-04 -3.016 -3.423 -3.966 -4.385 -4.966 -5.190 -5.256 -5.273 -5.276 -4.844 -5.264 -4.826 -5.138 -5.181 -5.200 -5.249 -5.257 -5.267 -5.276 -5.291 -5.285 -5.255 -5.272 -5.041
4.3836e-05 -2.19174 10.13672 0.7700659037 2.4077861309    0.710  3.152  3.6553  0.711    7  0.000  0.393     0.00     0.00 -1    -1e-30      0.00 7.522e-01 2.478e-01 1.202e-05 1.139e-05 4.082e-05 -1.000 7.911e-05 -3.109 -3.511 -4.063 -4.487 -5.074 -5.300 -5.367 -5.385 -5.387 -4.951 -5.375 -4.932 -5.247 -5.292 -5.311 -5.358 -5.369 -5.379 -5.388 -5.403 -5.396 -5.362 -5.381 -5.150
4.3836e-05 -2.19174 10.13672 0.7700662613 2.4077863693    0.710  3.414  3.6091  0.263    8  0.549  0.390    97.30    45.00  1  -1.5e-06      0.00 7.290e-01 2.706e-01 6.375e-05 5.931e-05 2.177e-04 -1.000 3.690e-04 -3.766 -3.947 -4.700 -5.252 -5.983 -6.286 -6.344 -6.391 -6.371 -5.854 -6.365 -5.798 -6.205 -6.272 -6.302 -6.294 -6.372 -6.382 -6.394 -6.415 -6.398 -6.297 -6.328 -6.080
4.3836e-05 -2.19174 10.13672 0.7700663209 2.4077863693    0.710  3.292  3.6156  0.411    8  0.549  0.390    70.65    34.12  1 -8.57e-07      0.00 7.290e-01 2.706e-01 6.375e-05 5.931e-05 2.177e-04 -1.000 3.690e-04 -3.459 -3.687 -4.399 -4.929 -5.639 -5.931 -5.990 -6.033 -6.014 -5.510 -6.009 -5.460 -5.854 -5.918 -5.946 -5.946 -6.015 -6.024 -6.035 -6.055 -6.039 -5.945 -5.975 -5.733
4.3836e-05 -2.19174 10.13672 0.7700663805 2.4077863693    0.710  3.144  3.6291  0.614    8  0.549  0.390    45.69    23.41  1 -4.27e-07      0.00 7.290e-01 2.706e-01 6.375e-05 5.931e-05 2.177e-04 -1.000 3.691e-04 -3.089 -3.397 -4.041 -4.529 -5.194 -5.462 -5.526 -5.558 -5.545 -5.067 -5.540 -5.029 -5.394 -5.450 -5.476 -5.493 -5.542 -5.551 -5.561 -5.578 -5.565 -5.491 -5.518 -5.281
4.3836e-05 -2.19174 10.13672 0.7700664997 2.4077863693    0.710  2.925  3.6490  0.912    8  0.549  0.390    24.02    13.42  1 -1.47e-07      0.00 7.290e-01 2.706e-01 6.375e-05 5.931e-05 2.177e-04 -1.000 3.690e-04 -2.543 -2.925 -3.488 -3.925 -4.533 -4.772 -4.838 -4.859 -4.855 -4.409 -4.847 -4.385 -4.714 -4.762 -4.784 -4.823 -4.843 -4.852 -4.861 -4.876 -4.867 -4.823 -4.843 -4.612
4.3836e-05 -2.19174 10.13672 0.7700666189 2.4077863693    0.709  2.930  3.6485  0.905    8  0.549  0.390    24.39    13.60  1  -1.5e-07      0.00 7.290e-01 2.706e-01 6.375e-05 5.931e-05 2.177e-04 -1.000 3.690e-04 -2.556 -2.936 -3.501 -3.939 -4.549 -4.788 -4.854 -4.875 -4.871 -4.425 -4.863 -4.400 -4.729 -4.778 -4.800 -4.839 -4.859 -4.868 -4.877 -4.893 -4.884 -4.838 -4.859 -4.628
4.3836e-05 -2.19174 10.13672 0.7700668573 2.4077866077    0.709  3.001  3.6421  0.808    8  0.550  0.390    30.03    16.27  1 -2.14e-07      0.00 7.290e-01 2.706e-01 6.375e-05 5.931e-05 2.177e-04 -1.000 3.690e-04 -2.732 -3.093 -3.682 -4.136 -4.762 -5.011 -5.077 -5.101 -5.094 -4.637 -5.087 -4.608 -4.949 -5.000 -5.023 -5.056 -5.085 -5.094 -5.103 -5.119 -5.109 -5.055 -5.078 -4.844
4.3836e-05 -2.19174 10.13672 0.7700670958 2.4077866077    0.709  3.156  3.6279  0.596    8  0.550  0.390    47.48    24.17  1 -4.54e-07      0.00 7.290e-01 2.706e-01 6.375e-05 5.931e-05 2.177e-04 -1.000 3.691e-04 -3.121 -3.422 -4.072 -4.563 -5.232 -5.503 -5.566 -5.599 -5.585 -5.105 -5.580 -5.065 -5.433 -5.491 -5.517 -5.532 -5.582 -5.591 -5.601 -5.619 -5.605 -5.529 -5.557 -5.320
4.3836e-05 -2.19174 10.13672 0.7700673938 2.4077868462    0.709  3.297  3.6150  0.403    8  0.550  0.390    71.95    34.60  1 -8.81e-07      0.00 7.290e-01 2.706e-01 6.375e-05 5.931e-05 2.177e-04 -1.000 3.690e-04 -3.473 -3.698 -4.412 -4.944 -5.656 -5.949 -6.008 -6.051 -6.032 -5.527 -6.027 -5.476 -5.872 -5.935 -5.964 -5.963 -6.033 -6.042 -6.053 -6.073 -6.057 -5.963 -5.993 -5.750
4.3836e-05 -2.19174 10.13672 0.7700677514 2.4077868462    0.709  3.392  3.6064  0.275    8  0.551  0.390    95.05    43.99  1 -1.36e-06      0.00 7.290e-01 2.706e-01 6.375e-05 5.931e-05 2.177e-04 -1.000 3.690e-04 -3.709 -3.871 -4.634 -5.195 -5.937 -6.247 -6.304 -6.353 -6.332 -5.808 -6.325 -5.748 -6.164 -6.232 -6.263 -6.252 -6.333 -6.344 -6.356 -6.377 -6.360 -6.256 -6.287 -6.036
4.3836e-05 -2.19174 10.13672 0.7700681090 2.4077870846    0.709  3.444  3.6016  0.203    8  0.551  0.390   110.90    50.23  1 -1.73e-06      0.00 7.290e-01 2.706e-01 6.375e-05 5.931e-05 2.177e-04 -1.000 3.690e-04 -3.840 -3.960 -4.754 -5.333 -6.092 -6.412 -6.466 -6.520 -6.498 -5.963 -6.490 -5.898 -6.325 -6.397 -6.429 -6.412 -6.499 -6.511 -6.523 -6.545 -6.527 -6.418 -6.450 -6.194
4.3836e-05 -2.19174 10.13672 0.7700685263 2.4077870846    0.709  3.470  3.5992  0.167    8  0.552  0.390   120.00    53.73  0 -1.95e-06      0.00 7.290e-01 2.706e-01 6.375e-05 5.931e-05 2.177e-04 -1.000 3.690e-04 -3.906 -4.006 -4.814 -5.403 -6.171 -6.496 -6.549 -6.605 -6.583 -6.042 -6.574 -5.974 -6.406 -6.480 -6.514 -6.493 -6.584 -6.595 -6.608 -6.631 -6.613 -6.501 -6.533 -6.274
4.3836e-05 -2.19174 10.13672 0.7700690031 2.4077873230    0.709  3.487  3.5984  0.147    8  0.552  0.390   125.39    55.76  0  -2.1e-06      0.00 7.290e-01 2.706e-01 6.375e-05 5.931e-05 2.177e-04 -1.000 3.690e-04 -3.948 -4.040 -4.854 -5.446 -6.218 -6.544 -6.596 -6.653 -6.631 -6.088 -6.622 -6.019 -6.454 -6.528 -6.562 -6.540 -6.631 -6.644 -6.657 -6.680 -6.661 -6.549 -6.581 -6.320
4.3836e-05 -2.19174 10.13672 0.7700707912 2.4077880383    0.554 -9.999  4.0000  1.705    9  0.554  0.000     0.00     0.00 -1    -1e-30      0.00 7.290e-01 2.706e-01 6.375e-05 5.931e-05 2.177e-04 -1.000 3.690e-04 29.767 30.070 30.054 30.101 30.104 30.106 30.105 30.110 30.106 30.102 30.107 30.111 30.091 30.099 30.111 30.111 30.107 30.111 30.111 30.106 30.106 30.104 30.107 30.102
#isochrone terminated
