# File generated by CMD 3.3 (http://stev.oapd.inaf.it/cmd) on Mon Apr  6 21:57:46 CEST 2020
# isochrones based on PARSEC release v1.2S +  COLIBRI S_35
# Basic references: Bressan et al. (2012), MNRAS, 427, 127 + Chen et al. (2014, 2015), MNRAS, 444, 2525 + MNRAS, 452, 1068 + Tang et al. (2014), MNRAS, 445, 4287 + Marigo et al. (2017), ApJ, 835, 77 + Pastorelli al. (2019), MNRAS in press
# Thermal pulse cycles included 
# On RGB, assumed Reimers mass loss with efficiency eta=0.2
# Photometric system: <i>UBVRIJHK</i> (cf. Maiz-Apellaniz 2006 + Bessell 1990)
# Using YBC version of bolometric corrections as in Chen et al. (2019)
# O-rich circumstellar dpmod60alox40 dust from Groenewegen (2006)
# C-rich circumstellar AMCSIC15 dust from Groenewegen (2006)
# IMF: Kroupa (2001, 2002) + Kroupa et al. (2013) canonical two-part-power law IMF corrected for unresolved binaries 
# Kind of output: isochrone tables
# Zini     MH   logAge Mini        int_IMF         Mass   logL    logTe  logg  label   McoreTP C_O  period0 period1 pmode  Mloss  tau1m   X   Y   Xc  Xn  Xo  Cexcess  Z 	 mbolmag  Umag    Bmag    Vmag    Rmag    Imag    Jmag    Hmag    Kmag
0.00025205 -1.79000 10.11394 0.0900000110 1.0816897154    0.090 -3.195  3.4848  5.478    1  0.000  0.545     0.00     0.00 -1 -4.88e-17      0.00 7.481e-01 2.516e-01 4.958e-05 1.338e-05 1.213e-04 -1.000 2.757e-04 12.756 19.825 17.102 15.099 13.497 12.005 10.787 10.551 10.480
0.00025205 -1.79000 10.11394 0.0958683714 1.1356363297    0.096 -2.980  3.5163  5.416    1  0.000  0.545     0.00     0.00 -1 -8.33e-17      0.00 7.465e-01 2.532e-01 4.958e-05 1.338e-05 1.213e-04 -1.000 2.757e-04 12.219 17.902 15.851 13.977 12.679 11.487 10.357 9.979 9.873
0.00025205 -1.79000 10.11394 0.1000000089 1.1711064577    0.100 -2.836  3.5372  5.375    1  0.000  0.545     0.00     0.00 -1 -1.19e-16      0.00 7.454e-01 2.543e-01 4.958e-05 1.338e-05 1.213e-04 -1.000 2.758e-04 11.861 16.759 15.058 13.331 12.161 11.137 10.070 9.625 9.499
0.00025205 -1.79000 10.11394 0.1200000048 1.3193155527    0.120 -2.544  3.5681  5.285    1  0.000  0.545     0.00     0.00 -1 -2.36e-16      0.00 7.420e-01 2.577e-01 4.958e-05 1.338e-05 1.213e-04 -1.000 2.756e-04 11.130 15.022 13.743 12.261 11.238 10.414 9.444 8.931 8.777
0.00025205 -1.79000 10.11394 0.1400000006 1.4384527206    0.140 -2.359  3.5830  5.227    1  0.000  0.545     0.00     0.00 -1 -3.58e-16      0.00 7.397e-01 2.600e-01 4.958e-05 1.338e-05 1.213e-04 -1.000 2.758e-04 10.669 14.146 13.034 11.665 10.711 9.954 9.031 8.498 8.331
0.00025205 -1.79000 10.11394 0.1599999964 1.5372931957    0.160 -2.215  3.5927  5.180    1  0.000  0.545     0.00     0.00 -1 -4.93e-16      0.00 7.383e-01 2.614e-01 4.958e-05 1.338e-05 1.213e-04 -1.000 2.757e-04 10.307 13.529 12.522 11.221 10.314 9.593 8.700 8.157 7.983
0.00025205 -1.79000 10.11394 0.2000000179 1.6938792467    0.200 -1.994  3.6050  5.105    1  0.000  0.545     0.00     0.00 -1 -7.98e-16      0.00 7.374e-01 2.623e-01 4.958e-05 1.338e-05 1.213e-04 -1.000 2.758e-04 9.755 12.681 11.792 10.573 9.723 9.040 8.185 7.636 7.458
0.00025205 -1.79000 10.11394 0.2500000298 1.8403259516    0.250 -1.793  3.6160  5.045    1  0.000  0.545     0.00     0.00 -1 -4.75e-16      0.00 7.377e-01 2.620e-01 4.958e-05 1.338e-05 1.213e-04 -1.000 2.757e-04 9.252 11.937 11.143 9.989 9.188 8.535 7.713 7.163 6.988
0.00025205 -1.79000 10.11394 0.3000000715 1.9529141188    0.300 -1.639  3.6251  5.006    1  0.000  0.545     0.00     0.00 -1 -8.36e-16      0.00 7.378e-01 2.620e-01 4.957e-05 1.338e-05 1.213e-04 -1.000 2.757e-04 8.867 11.367 10.645 9.540 8.777 8.149 7.353 6.805 6.636
0.00025205 -1.79000 10.11394 0.3500000238 2.0434176922    0.350 -1.513  3.6331  4.979    1  0.000  0.544     0.00     0.00 -1 -9.76e-16      0.00 7.375e-01 2.622e-01 4.953e-05 1.338e-05 1.213e-04 -1.000 2.778e-04 8.551 10.893 10.233 9.170 8.440 7.832 7.059 6.516 6.354
0.00025205 -1.79000 10.11394 0.4000000358 2.1185026169    0.400 -1.380  3.6430  4.944    1  0.000  0.545     0.00     0.00 -1  -2.8e-15      0.00 7.502e-01 2.495e-01 4.958e-05 1.338e-05 1.213e-04 -1.000 2.757e-04 8.219 10.376 9.791 8.775 8.083 7.500 6.755 6.219 6.066
0.00025205 -1.79000 10.11394 0.4500000477 2.1822810173    0.450 -1.217  3.6596  4.898    1  0.000  0.545     0.00     0.00 -1 -4.05e-15      0.00 7.506e-01 2.491e-01 4.958e-05 1.338e-05 1.213e-04 -1.000 2.757e-04 7.812 9.668 9.212 8.272 7.638 7.094 6.395 5.878 5.742
0.00025205 -1.79000 10.11394 0.5000000000 2.2374541759    0.500 -1.034  3.6803  4.844    1  0.000  0.545     0.00     0.00 -1 -6.22e-15      0.00 7.506e-01 2.491e-01 4.958e-05 1.338e-05 1.213e-04 -1.000 2.757e-04 7.355 8.844 8.562 7.709 7.144 6.645 6.005 5.522 5.405
0.00025205 -1.79000 10.11394 0.5500000715 2.2836585045    0.550 -0.820  3.7024  4.760    1  0.000  0.544     0.00     0.00 -1 -1.07e-14      0.00 7.876e-01 2.122e-01 4.269e-05 1.153e-05 1.046e-04 -1.000 1.848e-04 6.821 7.959 7.855 7.088 6.586 6.128 5.552 5.111 5.011
0.00025205 -1.79000 10.11394 0.6000000238 2.3211214542    0.600 -0.605  3.7294  4.690    1  0.000  0.543     0.00     0.00 -1 -1.82e-14      0.00 8.005e-01 1.992e-01 4.042e-05 1.092e-05 9.917e-05 -1.000 2.362e-04 6.282 7.071 7.139 6.477 6.036 5.625 5.122 4.730 4.650
0.00025205 -1.79000 10.11394 0.6058283448 2.3250279427    0.605 -0.578  3.7330  4.682    1  0.000  0.543     0.00     0.00 -1 -1.94e-14      0.00 8.023e-01 1.974e-01 4.011e-05 1.084e-05 9.841e-05 -1.000 2.465e-04 6.216 6.965 7.053 6.404 5.971 5.566 5.071 4.685 4.607
0.00025205 -1.79000 10.11394 0.6162474155 2.3318004608    0.616 -0.531  3.7394  4.668    1  0.000  0.543     0.00     0.00 -1 -2.18e-14      0.00 8.057e-01 1.940e-01 3.954e-05 1.068e-05 9.704e-05 -1.000 2.477e-04 6.096 6.778 6.898 6.273 5.852 5.458 4.979 4.604 4.530
0.00025205 -1.79000 10.11394 0.6259257197 2.3378596306    0.626 -0.486  3.7453  4.653    1  0.000  0.543     0.00     0.00 -1 -2.48e-20      0.00 8.090e-01 1.908e-01 3.898e-05 1.054e-05 9.569e-05 -1.000 2.415e-04 5.984 6.612 6.756 6.152 5.744 5.359 4.893 4.525 4.457
0.00025205 -1.79000 10.11394 0.6349173784 2.3432989120    0.635 -0.444  3.7506  4.639    1  0.000  0.543     0.00     0.00 -1 -4.42e-19      0.00 8.122e-01 1.876e-01 3.843e-05 1.039e-05 9.440e-05 -1.000 2.087e-04 5.879 6.458 6.624 6.040 5.642 5.266 4.812 4.452 4.388
0.00025205 -1.79000 10.11394 0.6436753273 2.3484292030    0.643 -0.402  3.7558  4.624    1  0.000  0.543     0.00     0.00 -1 -3.04e-16      0.00 8.154e-01 1.844e-01 3.788e-05 1.024e-05 9.309e-05 -1.000 2.083e-04 5.776 6.310 6.496 5.930 5.543 5.176 4.734 4.380 4.321
0.00025205 -1.79000 10.11394 0.6499999762 2.3520355225    0.650 -0.372  3.7594  4.612    1  0.000  0.542     0.00     0.00 -1 -3.26e-14      0.00 8.178e-01 1.819e-01 3.747e-05 1.014e-05 9.211e-05 -1.000 2.409e-04 5.700 6.202 6.402 5.850 5.471 5.110 4.676 4.327 4.271
0.00025205 -1.79000 10.11394 0.6533420086 2.3539085388    0.653 -0.356  3.7612  4.606    1  0.000  0.542     0.00     0.00 -1  -3.4e-14      0.00 8.194e-01 1.803e-01 3.721e-05 1.006e-05 9.147e-05 -1.000 2.380e-04 5.660 6.148 6.353 5.808 5.433 5.075 4.645 4.298 4.243
0.00025205 -1.79000 10.11394 0.6641587019 2.3598229885    0.664 -0.303  3.7671  4.583    1  0.000  0.542     0.00     0.00 -1 -2.53e-14      0.00 8.248e-01 1.750e-01 3.630e-05 9.824e-06 8.930e-05 -1.000 1.994e-04 5.526 5.973 6.195 5.671 5.307 4.959 4.540 4.200 4.151
0.00025205 -1.79000 10.11394 0.6744727492 2.3652596474    0.674 -0.250  3.7726  4.559    1  0.000  0.542     0.00     0.00 -1 -1.67e-15      0.00 8.303e-01 1.695e-01 3.538e-05 9.578e-06 8.711e-05 -1.000 1.921e-04 5.395 5.805 6.041 5.536 5.183 4.843 4.436 4.103 4.058
0.00025205 -1.79000 10.11394 0.6840828061 2.3701560497    0.684 -0.199  3.7777  4.535    1  0.000  0.541     0.00     0.00 -1 -6.09e-19      0.00 8.357e-01 1.641e-01 3.447e-05 9.336e-06 8.493e-05 -1.000 2.073e-04 5.269 5.647 5.894 5.406 5.063 4.732 4.334 4.008 3.968
0.00025205 -1.79000 10.11394 0.6930159926 2.3745677471    0.693 -0.150  3.7823  4.510    1  0.000  0.541     0.00     0.00 -1  -3.3e-16      0.00 8.410e-01 1.588e-01 3.357e-05 9.097e-06 8.280e-05 -1.000 2.235e-04 5.146 5.499 5.753 5.281 4.946 4.623 4.235 3.915 3.878
0.00025205 -1.79000 10.11394 0.6999999881 2.3779268265    0.700 -0.110  3.7859  4.489    1  0.000  0.540     0.00     0.00 -1 -6.61e-14      0.00 8.454e-01 1.544e-01 3.284e-05 8.902e-06 8.103e-05 -1.000 2.252e-04 5.045 5.381 5.638 5.178 4.851 4.533 4.153 3.838 3.804
0.00025205 -1.79000 10.11394 0.7029603720 2.3793275356    0.703 -0.093  3.7874  4.479    1  0.000  0.540     0.00     0.00 -1 -6.95e-14      0.00 8.472e-01 1.526e-01 3.252e-05 8.824e-06 8.033e-05 -1.000 2.206e-04 5.002 5.331 5.589 5.134 4.809 4.494 4.117 3.804 3.772
0.00025205 -1.79000 10.11394 0.7111328244 2.3831248283    0.711 -0.042  3.7913  4.449    1  0.000  0.538     0.00     0.00 -1 -8.03e-14      0.00 8.518e-01 1.480e-01 3.169e-05 8.622e-06 7.856e-05 -1.000 1.674e-04 4.875 5.187 5.446 5.005 4.688 4.380 4.010 3.704 3.674
0.00025205 -1.79000 10.11394 0.7181522250 2.3863070011    0.718  0.004  3.7946  4.420    1  0.000  0.536     0.00     0.00 -1 -9.18e-14      0.00 8.554e-01 1.444e-01 3.106e-05 8.469e-06 7.723e-05 -1.000 1.663e-04 4.760 5.060 5.318 4.887 4.577 4.274 3.912 3.611 3.583
0.00025205 -1.79000 10.11394 0.7249528766 2.3893227577    0.724  0.052  3.7977  4.389    1  0.000  0.535     0.00     0.00 -1 -6.45e-15      0.00 8.585e-01 1.413e-01 3.051e-05 8.338e-06 7.608e-05 -1.000 2.072e-04 4.641 4.931 5.187 4.766 4.462 4.165 3.809 3.514 3.488
0.00025205 -1.79000 10.11394 0.7317543626 2.3922743797    0.731  0.102  3.8006  4.354    1  0.000  0.533     0.00     0.00 -1 -1.04e-19      0.00 8.615e-01 1.383e-01 3.001e-05 8.220e-06 7.505e-05 -1.000 2.029e-04 4.515 4.795 5.048 4.637 4.339 4.047 3.698 3.408 3.384
0.00025205 -1.79000 10.11394 0.7396135926 2.3956072330    0.739  0.166  3.8037  4.308    1  0.000  0.531     0.00     0.00 -1 -5.27e-17      0.00 8.645e-01 1.353e-01 2.950e-05 8.101e-06 7.402e-05 -1.000 1.823e-04 4.356 4.630 4.876 4.475 4.183 3.896 3.554 3.270 3.248
0.00025205 -1.79000 10.11394 0.7469598055 2.3986499310    0.746  0.231  3.8062  4.257    1  0.000  0.530     0.00     0.00 -1 -1.79e-14      0.00 8.670e-01 1.328e-01 2.909e-05 8.006e-06 7.321e-05 -1.000 1.505e-04 4.192 4.462 4.701 4.308 4.021 3.739 3.403 3.124 3.103
0.00025205 -1.79000 10.11394 0.7500000000 2.3998889923    0.749  0.260  3.8070  4.232    1  0.000  0.529     0.00     0.00 -1    -2e-13      0.00 8.679e-01 1.320e-01 2.895e-05 7.975e-06 7.295e-05 -1.000 1.505e-04 4.120 4.388 4.624 4.234 3.949 3.669 3.334 3.057 3.036
0.00025205 -1.79000 10.11394 0.7540174127 2.4015088081    0.753  0.299  3.8081  4.200    1  0.000  0.529     0.00     0.00 -1 -2.27e-13      0.00 8.674e-01 1.324e-01 2.909e-05 8.015e-06 7.332e-05 -1.000 1.523e-04 4.022 4.289 4.520 4.134 3.852 3.574 3.242 2.967 2.947
0.00025205 -1.79000 10.11394 0.7577635050 2.4030015469    0.757  0.339  3.8087  4.165    1  0.000  0.529     0.00     0.00 -1 -2.59e-13      0.00 8.666e-01 1.333e-01 2.928e-05 8.068e-06 7.380e-05 -1.000 1.545e-04 3.922 4.190 4.416 4.033 3.752 3.476 3.145 2.872 2.852
0.00025205 -1.79000 10.11394 0.7589685321 2.4034781456    0.758  0.353  3.8086  4.151    1  0.000  0.529     0.00     0.00 -1 -2.72e-13      0.00 8.663e-01 1.335e-01 2.934e-05 8.085e-06 7.396e-05 -1.000 1.551e-04 3.888 4.156 4.381 3.998 3.717 3.441 3.110 2.836 2.817
0.00025205 -1.79000 10.11394 0.7636395693 2.4053089619    0.763  0.411  3.8073  4.091    1  0.000  0.529     0.00     0.00 -1 -3.31e-13      0.00 8.653e-01 1.346e-01 2.958e-05 8.151e-06 7.457e-05 -1.000 1.575e-04 3.743 4.018 4.238 3.853 3.570 3.292 2.958 2.683 2.662
0.00025205 -1.79000 10.11394 0.7671777010 2.4066786766    0.766  0.461  3.8044  4.031    1  0.000  0.529     0.00     0.00 -1 -3.97e-13      0.00 8.645e-01 1.353e-01 2.976e-05 8.201e-06 7.503e-05 -1.000 1.593e-04 3.618 3.903 4.120 3.728 3.441 3.159 2.818 2.538 2.516
0.00025205 -1.79000 10.11394 0.7677797079 2.4069104195    0.767  0.470  3.8037  4.019    1  0.000  0.529     0.00     0.00 -1 -4.13e-13      0.00 8.644e-01 1.355e-01 2.979e-05 8.210e-06 7.511e-05 -1.000 1.596e-04 3.594 3.882 4.098 3.705 3.417 3.133 2.791 2.509 2.487
0.00025205 -1.79000 10.11394 0.7684052587 2.4071505070    0.767  0.481  3.8026  4.004    1  0.000  0.529     0.00     0.00 -1 -4.31e-13      0.00 8.642e-01 1.356e-01 2.983e-05 8.218e-06 7.519e-05 -1.000 1.599e-04 3.567 3.859 4.075 3.679 3.389 3.104 2.759 2.475 2.453
0.00025205 -1.79000 10.11394 0.7705087066 2.4079551697    0.769  0.520  3.7978  3.948    2  0.000  0.529     0.00     0.00 -1    -5e-13      0.00 8.638e-01 1.361e-01 2.993e-05 8.248e-06 7.546e-05 -1.000 1.609e-04 3.470 3.778 3.993 3.585 3.287 2.994 2.638 2.346 2.320
0.00025205 -1.79000 10.11394 0.7721179724 2.4085671902    0.771  0.555  3.7919  3.890    2  0.000  0.529     0.00     0.00 -1 -5.77e-13      0.00 8.630e-01 1.368e-01 3.016e-05 8.310e-06 7.602e-05 -1.000 1.618e-04 3.384 3.714 3.927 3.503 3.194 2.892 2.522 2.219 2.191
0.00025205 -1.79000 10.11394 0.7733783126 2.4090445042    0.772  0.586  3.7850  3.831    2  0.000  0.529     0.00     0.00 -1 -6.64e-13      0.00 8.609e-01 1.389e-01 3.078e-05 8.478e-06 7.755e-05 -1.000 1.834e-04 3.305 3.664 3.873 3.430 3.108 2.795 2.410 2.093 2.061
0.00025205 -1.79000 10.11394 0.7743943334 2.4094281197    0.773  0.615  3.7776  3.774    2  0.000  0.530     0.00     0.00 -1 -7.57e-13      0.00 8.500e-01 1.498e-01 3.312e-05 9.115e-06 8.332e-05 -1.000 2.011e-04 3.234 3.626 3.831 3.365 3.030 2.705 2.303 1.973 1.936
0.00025205 -1.79000 10.11394 0.7752466798 2.4097487926    0.774  0.641  3.7702  3.718    2  0.000  0.531     0.00     0.00 -1 -8.57e-13      0.00 8.296e-01 1.702e-01 3.666e-05 1.007e-05 9.195e-05 -1.000 2.078e-04 3.168 3.598 3.795 3.306 2.958 2.620 2.201 1.859 1.817
0.00025205 -1.79000 10.11394 0.7759985924 2.4100313187    0.774  0.668  3.7630  3.663    2  0.000  0.534     0.00     0.00 -1 -4.61e-14      0.00 8.059e-01 1.939e-01 4.020e-05 1.102e-05 1.004e-04 -1.000 2.099e-04 3.100 3.572 3.759 3.247 2.885 2.536 2.100 1.745 1.698
0.00025205 -1.79000 10.11394 0.7766655684 2.4102811813    0.775  0.698  3.7564  3.607    2  0.000  0.535     0.00     0.00 -1 -9.35e-15      0.00 7.905e-01 2.093e-01 4.252e-05 1.164e-05 1.060e-04 -1.000 2.028e-04 3.025 3.538 3.714 3.180 2.806 2.446 1.995 1.629 1.577
0.00025205 -1.79000 10.11394 0.7773260474 2.4105281830    0.776  0.737  3.7505  3.545    2  0.000  0.536     0.00     0.00 -1 -1.23e-14      0.00 7.808e-01 2.190e-01 4.401e-05 1.204e-05 1.095e-04 -1.000 2.506e-04 2.928 3.481 3.645 3.092 2.707 2.337 1.872 1.495 1.439
0.00025205 -1.79000 10.11394 0.7778473496 2.4107227325    0.776  0.775  3.7465  3.491    2  0.000  0.536     0.00     0.00 -1 -1.57e-14      0.00 7.758e-01 2.240e-01 4.478e-05 1.225e-05 1.114e-04 -1.000 2.613e-04 2.832 3.414 3.569 3.003 2.610 2.233 1.759 1.376 1.317
0.00025205 -1.79000 10.11394 0.7782036662 2.4108557701    0.776  0.804  3.7441  3.452    2  0.000  0.536     0.00     0.00 -1 -1.88e-14      0.00 7.731e-01 2.266e-01 4.518e-05 1.235e-05 1.123e-04 -1.000 2.505e-04 2.759 3.359 3.508 2.933 2.536 2.156 1.675 1.288 1.227
0.00025205 -1.79000 10.11394 0.7783661485 2.4109163284    0.777  0.819  3.7432  3.434    3  0.000  0.536     0.00     0.00 -1 -2.04e-14      0.00 7.722e-01 2.276e-01 4.532e-05 1.239e-05 1.127e-04 -1.000 2.159e-04 2.722 3.329 3.475 2.898 2.499 2.117 1.634 1.245 1.184
0.00025205 -1.79000 10.11394 0.7788021564 2.4110784531    0.777  0.861  3.7410  3.383    3  0.000  0.537     0.00     0.00 -1 -2.56e-14      0.00 7.697e-01 2.301e-01 4.567e-05 1.248e-05 1.135e-04 -1.000 2.731e-04 2.617 3.242 3.381 2.797 2.394 2.008 1.520 1.127 1.064
0.00025205 -1.79000 10.11394 0.7792792320 2.4112558365    0.777  0.910  3.7388  3.325    3  0.000  0.537     0.00     0.00 -1 -3.32e-14      0.00 7.673e-01 2.324e-01 4.597e-05 1.256e-05 1.142e-04 -1.000 2.638e-04 2.494 3.137 3.269 2.678 2.271 1.881 1.387 0.989 0.925
0.00025205 -1.79000 10.11394 0.7796843648 2.4114062786    0.778  0.955  3.7371  3.274    3  0.000  0.537     0.00     0.00 -1 -4.19e-14      0.00 7.655e-01 2.342e-01 4.618e-05 1.262e-05 1.147e-04 -1.000 2.623e-04 2.382 3.040 3.165 2.569 2.159 1.767 1.267 0.865 0.800
0.00025205 -1.79000 10.11394 0.7800716758 2.4115498066    0.778  1.001  3.7355  3.222    3  0.000  0.537     0.00     0.00 -1 -5.28e-14      0.00 7.639e-01 2.358e-01 4.635e-05 1.267e-05 1.151e-04 -1.000 2.737e-04 2.267 2.939 3.059 2.457 2.045 1.650 1.146 0.740 0.674
0.00025205 -1.79000 10.11394 0.7804651856 2.4116957188    0.778  1.051  3.7339  3.166    3  0.000  0.537     0.00     0.00 -1 -6.75e-14      0.00 7.622e-01 2.376e-01 4.650e-05 1.271e-05 1.155e-04 -1.000 2.737e-04 2.143 2.829 2.942 2.336 1.920 1.523 1.014 0.604 0.538
0.00025205 -1.79000 10.11394 0.7808269262 2.4118294716    0.779  1.101  3.7324  3.110    3  0.000  0.537     0.00     0.00 -1 -8.57e-14      0.00 7.607e-01 2.390e-01 4.661e-05 1.275e-05 1.158e-04 -1.000 2.678e-04 2.019 2.718 2.826 2.215 1.797 1.397 0.883 0.469 0.403
0.00025205 -1.79000 10.11394 0.7811517119 2.4119496346    0.779  1.149  3.7310  3.056    3  0.000  0.536     0.00     0.00 -1 -1.08e-13      0.00 7.594e-01 2.403e-01 4.669e-05 1.278e-05 1.161e-04 -1.000 2.615e-04 1.898 2.609 2.712 2.097 1.677 1.275 0.756 0.338 0.271
0.00025205 -1.79000 10.11394 0.7814357877 2.4120545387    0.779  1.195  3.7296  3.005    3  0.000  0.536     0.00     0.00 -1 -1.33e-13      0.00 7.583e-01 2.415e-01 4.673e-05 1.281e-05 1.162e-04 -1.000 2.619e-04 1.783 2.506 2.605 1.985 1.562 1.158 0.635 0.214 0.146
0.00025205 -1.79000 10.11394 0.7817125320 2.4121565819    0.779  1.244  3.7281  2.951    3  0.000  0.535     0.00     0.00 -1 -1.65e-13      0.00 7.572e-01 2.426e-01 4.673e-05 1.284e-05 1.164e-04 -1.000 2.753e-04 1.661 2.399 2.491 1.866 1.441 1.035 0.508 0.082 0.014
0.00025205 -1.79000 10.11394 0.7819780707 2.4122545719    0.779  1.295  3.7266  2.893    3  0.000  0.535     0.00     0.00 -1 -2.07e-13      0.00 7.562e-01 2.435e-01 4.670e-05 1.289e-05 1.165e-04 -1.000 2.687e-04 1.533 2.286 2.371 1.741 1.314 0.905 0.373 -0.056 -0.125
0.00025205 -1.79000 10.11394 0.7822008133 2.4123365879    0.779  1.342  3.7251  2.841    3  0.000  0.534     0.00     0.00 -1 -2.54e-13      0.00 7.555e-01 2.443e-01 4.665e-05 1.294e-05 1.166e-04 -1.000 2.444e-04 1.416 2.184 2.262 1.627 1.197 0.786 0.250 -0.183 -0.252
0.00025205 -1.79000 10.11394 0.7824039459 2.4124112129    0.780  1.388  3.7236  2.788    3  0.000  0.533     0.00     0.00 -1 -3.09e-13      0.00 7.548e-01 2.449e-01 4.659e-05 1.300e-05 1.167e-04 -1.000 2.611e-04 1.299 2.082 2.153 1.514 1.081 0.668 0.127 -0.309 -0.379
0.00025205 -1.79000 10.11394 0.7825950384 2.4124815464    0.780  1.436  3.7221  2.734    3  0.000  0.532     0.00     0.00 -1 -3.78e-13      0.00 7.543e-01 2.454e-01 4.653e-05 1.306e-05 1.168e-04 -1.000 2.757e-04 1.179 1.976 2.041 1.397 0.962 0.546 0.001 -0.439 -0.510
0.00025205 -1.79000 10.11394 0.7827639580 2.4125437737    0.780  1.483  3.7205  2.681    3  0.000  0.531     0.00     0.00 -1 -4.57e-13      0.00 7.539e-01 2.458e-01 4.647e-05 1.311e-05 1.168e-04 -1.000 2.757e-04 1.063 1.874 1.934 1.284 0.846 0.428 -0.122 -0.566 -0.638
0.00025205 -1.79000 10.11394 0.7829246521 2.4126029015    0.780  1.531  3.7189  2.626    3  0.000  0.530     0.00     0.00 -1 -5.56e-13      0.00 7.536e-01 2.461e-01 4.642e-05 1.316e-05 1.169e-04 -1.000 2.757e-04 0.942 1.770 1.822 1.167 0.726 0.305 -0.250 -0.698 -0.770
0.00025205 -1.79000 10.11394 0.7830663323 2.4126548767    0.780  1.578  3.7173  2.573    3  0.000  0.530     0.00     0.00 -1  -6.7e-13      0.00 7.535e-01 2.462e-01 4.640e-05 1.318e-05 1.169e-04 -1.000 2.754e-04 0.825 1.669 1.715 1.054 0.610 0.186 -0.374 -0.826 -0.899
0.00025205 -1.79000 10.11394 0.7831923962 2.4127011299    0.779  1.624  3.7156  2.521    3  0.000  0.530     0.00     0.00 -1 -8.02e-13      0.00 7.534e-01 2.463e-01 4.638e-05 1.320e-05 1.169e-04 -1.000 2.723e-04 0.711 1.572 1.611 0.944 0.498 0.071 -0.494 -0.950 -1.024
0.00025205 -1.79000 10.11394 0.7833125591 2.4127452374    0.779  1.671  3.7139  2.466    3  0.000  0.530     0.00     0.00 -1 -9.64e-13      0.00 7.534e-01 2.463e-01 4.638e-05 1.321e-05 1.169e-04 -1.000 2.674e-04 0.593 1.474 1.504 0.830 0.380 -0.049 -0.619 -1.080 -1.154
0.00025205 -1.79000 10.11394 0.7834212780 2.4127852917    0.779  1.718  3.7122  2.413    3  0.000  0.530     0.00     0.00 -1 -1.15e-12      0.00 7.534e-01 2.464e-01 4.638e-05 1.321e-05 1.169e-04 -1.000 2.675e-04 0.476 1.378 1.398 0.717 0.264 -0.169 -0.743 -1.208 -1.283
0.00025205 -1.79000 10.11394 0.7835170627 2.4128203392    0.779  1.763  3.7105  2.361    3  0.000  0.530     0.00     0.00 -1 -1.37e-12      0.00 7.534e-01 2.464e-01 4.638e-05 1.321e-05 1.169e-04 -1.000 2.676e-04 0.364 1.287 1.297 0.609 0.152 -0.284 -0.863 -1.331 -1.407
0.00025205 -1.79000 10.11394 0.7836050391 2.4128525257    0.779  1.807  3.7088  2.309    3  0.000  0.530     0.00     0.00 -1 -8.61e-16      0.00 7.534e-01 2.464e-01 4.638e-05 1.321e-05 1.169e-04 -1.000 2.677e-04 0.251 1.198 1.197 0.501 0.040 -0.398 -0.982 -1.455 -1.531
0.00025205 -1.79000 10.11394 0.7836901546 2.4128837585    0.779  1.855  3.7070  2.255    3  0.000  0.530     0.00     0.00 -1 -3.52e-17      0.00 7.534e-01 2.464e-01 4.638e-05 1.321e-05 1.169e-04 -1.000 2.676e-04 0.134 1.105 1.092 0.388 -0.076 -0.518 -1.107 -1.584 -1.662
0.00025205 -1.79000 10.11394 0.7837647200 2.4129111767    0.779  1.899  3.7052  2.203    3  0.000  0.530     0.00     0.00 -1 -4.21e-17      0.00 7.533e-01 2.464e-01 4.638e-05 1.321e-05 1.169e-04 -1.000 2.677e-04 0.022 1.017 0.993 0.281 -0.187 -0.632 -1.227 -1.708 -1.786
0.00025205 -1.79000 10.11394 0.7838333249 2.4129364491    0.778  1.944  3.7033  2.150    3  0.000  0.530     0.00     0.00 -1    -5e-17      0.00 7.533e-01 2.464e-01 4.638e-05 1.321e-05 1.169e-04 -1.000 2.677e-04 -0.090 0.931 0.895 0.175 -0.298 -0.746 -1.346 -1.832 -1.911
0.00025205 -1.79000 10.11394 0.7838982344 2.4129600525    0.778  1.990  3.7015  2.097    3  0.000  0.530     0.00     0.00 -1 -5.93e-17      0.00 7.533e-01 2.464e-01 4.637e-05 1.321e-05 1.169e-04 -1.000 2.677e-04 -0.205 0.841 0.794 0.065 -0.411 -0.862 -1.468 -1.959 -2.038
0.00025205 -1.79000 10.11394 0.7839553952 2.4129810333    0.778  2.033  3.6996  2.047    3  0.000  0.530     0.00     0.00 -1 -6.94e-17      0.00 7.533e-01 2.464e-01 4.637e-05 1.322e-05 1.169e-04 -1.000 2.678e-04 -0.312 0.760 0.702 -0.036 -0.517 -0.972 -1.583 -2.079 -2.159
0.00025205 -1.79000 10.11394 0.7840104103 2.4130012989    0.778  2.076  3.6978  1.996    3  0.000  0.530     0.00     0.00 -1 -8.12e-17      0.00 7.533e-01 2.464e-01 4.637e-05 1.322e-05 1.169e-04 -1.000 2.678e-04 -0.420 0.679 0.609 -0.138 -0.623 -1.081 -1.699 -2.199 -2.280
0.00025205 -1.79000 10.11394 0.7840675116 2.4130220413    0.777  2.119  3.6960  1.946    3  0.000  0.530     0.00     0.00 -1 -9.52e-17      0.00 7.533e-01 2.464e-01 4.637e-05 1.322e-05 1.169e-04 -1.000 2.678e-04 -0.527 0.602 0.517 -0.239 -0.728 -1.190 -1.813 -2.318 -2.400
0.00025205 -1.79000 10.11394 0.7841185927 2.4130408764    0.777  2.144  3.6950  1.917    3  0.000  0.530     0.00     0.00 -1 -1.06e-16      0.00 7.533e-01 2.464e-01 4.637e-05 1.322e-05 1.169e-04 -1.000 2.678e-04 -0.589 0.558 0.464 -0.298 -0.790 -1.253 -1.880 -2.387 -2.470
0.00025205 -1.79000 10.11394 0.7841506600 2.4130525589    0.777  2.135  3.6957  1.928    3  0.000  0.530     0.00     0.00 -1 -1.07e-16      0.00 7.533e-01 2.464e-01 4.637e-05 1.322e-05 1.169e-04 -1.000 2.679e-04 -0.567 0.570 0.481 -0.278 -0.768 -1.230 -1.855 -2.361 -2.443
0.00025205 -1.79000 10.11394 0.7841581106 2.4130554199    0.777  2.142  3.6953  1.919    3  0.000  0.530     0.00     0.00 -1  -1.1e-16      0.00 7.533e-01 2.464e-01 4.637e-05 1.322e-05 1.169e-04 -1.000 2.678e-04 -0.585 0.557 0.465 -0.296 -0.786 -1.249 -1.875 -2.382 -2.464
0.00025205 -1.79000 10.11394 0.7841963172 2.4130692482    0.776  2.185  3.6934  1.869    3  0.000  0.530     0.00     0.00 -1 -1.26e-16      0.00 7.533e-01 2.464e-01 4.637e-05 1.322e-05 1.169e-04 -1.000 2.679e-04 -0.692 0.484 0.376 -0.395 -0.891 -1.358 -1.989 -2.502 -2.585
0.00025205 -1.79000 10.11394 0.7842317224 2.4130823612    0.776  2.226  3.6915  1.820    3  0.000  0.530     0.00     0.00 -1 -1.45e-16      0.00 7.533e-01 2.464e-01 4.637e-05 1.322e-05 1.169e-04 -1.000 2.679e-04 -0.796 0.412 0.289 -0.493 -0.993 -1.464 -2.101 -2.619 -2.702
0.00025205 -1.79000 10.11394 0.7842656374 2.4130947590    0.776  2.269  3.6895  1.769    3  0.000  0.530     0.00     0.00 -1 -1.66e-16      0.00 7.533e-01 2.464e-01 4.637e-05 1.322e-05 1.169e-04 -1.000 2.679e-04 -0.902 0.341 0.201 -0.592 -1.097 -1.572 -2.216 -2.739 -2.824
0.00025205 -1.79000 10.11394 0.7842943668 2.4131052494    0.775  2.307  3.6876  1.722    3  0.000  0.530     0.00     0.00 -1 -1.89e-16      0.00 7.533e-01 2.464e-01 4.637e-05 1.322e-05 1.169e-04 -1.000 2.680e-04 -0.999 0.279 0.123 -0.681 -1.191 -1.669 -2.320 -2.849 -2.934
0.00025205 -1.79000 10.11394 0.7843219638 2.4131152630    0.775  2.347  3.6857  1.675    3  0.000  0.530     0.00     0.00 -1 -2.14e-16      0.00 7.533e-01 2.464e-01 4.637e-05 1.322e-05 1.169e-04 -1.000 2.680e-04 -1.098 0.215 0.042 -0.773 -1.288 -1.770 -2.427 -2.961 -3.047
0.00025205 -1.79000 10.11394 0.7843465805 2.4131243229    0.774  2.385  3.6838  1.629    3  0.000  0.530     0.00     0.00 -1 -2.42e-16      0.00 7.533e-01 2.464e-01 4.637e-05 1.322e-05 1.169e-04 -1.000 2.680e-04 -1.192 0.212 -0.018 -0.864 -1.387 -1.871 -2.534 -3.073 -3.156
0.00025205 -1.79000 10.11394 0.7843695283 2.4131326675    0.774  2.423  3.6820  1.584    3  0.000  0.530     0.00     0.00 -1 -2.72e-16      0.00 7.533e-01 2.464e-01 4.637e-05 1.322e-05 1.169e-04 -1.000 2.680e-04 -1.287 0.185 -0.084 -0.953 -1.482 -1.970 -2.638 -3.183 -3.265
0.00025205 -1.79000 10.11394 0.7843910456 2.4131405354    0.773  2.461  3.6801  1.538    3  0.000  0.530     0.00     0.00 -1 -3.06e-16      0.00 7.533e-01 2.464e-01 4.637e-05 1.322e-05 1.169e-04 -1.000 2.680e-04 -1.381 0.158 -0.148 -1.040 -1.576 -2.068 -2.743 -3.293 -3.373
0.00025205 -1.79000 10.11394 0.7844148874 2.4131493568    0.773  2.506  3.6777  1.483    3  0.000  0.530     0.00     0.00 -1 -3.51e-16      0.00 7.533e-01 2.464e-01 4.637e-05 1.322e-05 1.169e-04 -1.000 2.680e-04 -1.494 0.061 -0.244 -1.139 -1.680 -2.177 -2.861 -3.418 -3.502
0.00025205 -1.79000 10.11394 0.7844328880 2.4131557941    0.772  2.542  3.6758  1.439    3  0.000  0.530     0.00     0.00 -1 -3.92e-16      0.00 7.533e-01 2.464e-01 4.637e-05 1.322e-05 1.169e-04 -1.000 2.680e-04 -1.585 0.038 -0.304 -1.220 -1.769 -2.271 -2.961 -3.523 -3.607
0.00025205 -1.79000 10.11394 0.7844527364 2.4131631851    0.771  2.585  3.6735  1.386    3  0.000  0.530     0.00     0.00 -1 -4.46e-16      0.00 7.533e-01 2.464e-01 4.637e-05 1.322e-05 1.169e-04 -1.000 2.680e-04 -1.692 0.019 -0.370 -1.316 -1.874 -2.382 -3.079 -3.648 -3.731
0.00025205 -1.79000 10.11394 0.7844711542 2.4131698608    0.770  2.628  3.6712  1.334    3  0.000  0.530     0.00     0.00 -1 -5.08e-16      0.00 7.533e-01 2.464e-01 4.637e-05 1.322e-05 1.169e-04 -1.000 2.681e-04 -1.800 0.006 -0.434 -1.410 -1.979 -2.492 -3.198 -3.772 -3.855
0.00025205 -1.79000 10.11394 0.7844887972 2.4131762981    0.769  2.672  3.6688  1.279    3  0.000  0.530     0.00     0.00 -1 -5.79e-16      0.00 7.533e-01 2.465e-01 4.637e-05 1.322e-05 1.169e-04 -1.000 2.681e-04 -1.910 -0.000 -0.495 -1.506 -2.086 -2.606 -3.320 -3.901 -3.983
0.00025205 -1.79000 10.11394 0.7845033407 2.4131817818    0.769  2.711  3.6665  1.231    3  0.000  0.530     0.00     0.00 -1  -6.5e-16      0.00 7.533e-01 2.465e-01 4.637e-05 1.322e-05 1.169e-04 -1.000 2.680e-04 -2.008 0.005 -0.545 -1.589 -2.181 -2.706 -3.429 -4.015 -4.097
0.00025205 -1.79000 10.11394 0.7845179439 2.4131870270    0.767  2.753  3.6642  1.179    3  0.000  0.530     0.00     0.00 -1 -7.35e-16      0.00 7.533e-01 2.465e-01 4.637e-05 1.322e-05 1.169e-04 -1.000 2.681e-04 -2.113 0.014 -0.598 -1.677 -2.282 -2.814 -3.545 -4.138 -4.219
0.00025205 -1.79000 10.11394 0.7845307589 2.4131917953    0.766  2.793  3.6618  1.129    3  0.000  0.530     0.00     0.00 -1 -8.25e-16      0.00 7.533e-01 2.465e-01 4.637e-05 1.322e-05 1.169e-04 -1.000 2.680e-04 -2.211 0.036 -0.640 -1.758 -2.376 -2.916 -3.655 -4.254 -4.335
0.00025205 -1.79000 10.11394 0.7845426202 2.4131960869    0.765  2.832  3.6595  1.080    3  0.000  0.530     0.00     0.00 -1 -9.24e-16      0.00 7.533e-01 2.465e-01 4.637e-05 1.322e-05 1.169e-04 -1.000 2.680e-04 -2.309 0.062 -0.679 -1.838 -2.469 -3.016 -3.765 -4.369 -4.449
0.00025205 -1.79000 10.11394 0.7845537663 2.4132001400    0.764  2.871  3.6572  1.031    3  0.000  0.530     0.00     0.00 -1 -1.03e-15      0.00 7.533e-01 2.465e-01 4.637e-05 1.322e-05 1.169e-04 -1.000 2.681e-04 -2.407 0.087 -0.718 -1.914 -2.560 -3.114 -3.873 -4.484 -4.564
0.00025205 -1.79000 10.11394 0.7845635414 2.4132037163    0.763  2.907  3.6550  0.985    3  0.000  0.530     0.00     0.00 -1 -1.15e-15      0.00 7.533e-01 2.465e-01 4.637e-05 1.322e-05 1.169e-04 -1.000 2.681e-04 -2.499 0.086 -0.762 -1.986 -2.643 -3.205 -3.973 -4.591 -4.672
0.00025205 -1.79000 10.11394 0.7845730782 2.4132072926    0.761  2.945  3.6527  0.937    3  0.000  0.530     0.00     0.00 -1 -1.28e-15      0.00 7.533e-01 2.465e-01 4.637e-05 1.322e-05 1.169e-04 -1.000 2.681e-04 -2.593 0.092 -0.803 -2.058 -2.728 -3.299 -4.076 -4.701 -4.783
0.00025205 -1.79000 10.11394 0.7845815420 2.4132103920    0.760  2.981  3.6504  0.891    3  0.000  0.530     0.00     0.00 -1 -1.42e-15      0.00 7.533e-01 2.465e-01 4.637e-05 1.322e-05 1.169e-04 -1.000 2.681e-04 -2.682 0.102 -0.839 -2.124 -2.808 -3.387 -4.174 -4.805 -4.888
0.00025205 -1.79000 10.11394 0.7845893502 2.4132132530    0.758  3.016  3.6482  0.847    3  0.000  0.530     0.00     0.00 -1 -1.57e-15      0.00 7.533e-01 2.465e-01 4.637e-05 1.322e-05 1.169e-04 -1.000 2.681e-04 -2.769 0.111 -0.875 -2.189 -2.885 -3.472 -4.269 -4.907 -4.990
0.00025205 -1.79000 10.11394 0.7845971584 2.4132158756    0.756  3.052  3.6459  0.800    3  0.000  0.530     0.00     0.00 -1 -1.74e-15      0.00 7.533e-01 2.465e-01 4.637e-05 1.322e-05 1.169e-04 -1.000 2.681e-04 -2.860 0.125 -0.911 -2.255 -2.965 -3.561 -4.368 -5.013 -5.098
0.00025205 -1.79000 10.11394 0.7846036553 2.4132182598    0.754  3.084  3.6438  0.758    3  0.000  0.530     0.00     0.00 -1  -1.9e-15      0.00 7.533e-01 2.465e-01 4.637e-05 1.322e-05 1.169e-04 -1.000 2.681e-04 -2.941 0.139 -0.940 -2.313 -3.036 -3.639 -4.456 -5.108 -5.194
0.00025205 -1.79000 10.11394 0.7846104503 2.4132208824    0.752  3.120  3.6416  0.713    3  0.000  0.530     0.00     0.00 -1  -2.1e-15      0.00 7.533e-01 2.465e-01 4.637e-05 1.322e-05 1.169e-04 -1.000 2.681e-04 -3.029 0.152 -0.975 -2.377 -3.113 -3.725 -4.552 -5.211 -5.297
0.00025205 -1.79000 10.11394 0.7846164703 2.4132230282    0.750  3.153  3.6394  0.670    3  0.000  0.530     0.00     0.00 -1 -2.31e-15      0.00 7.533e-01 2.465e-01 4.637e-05 1.322e-05 1.169e-04 -1.000 2.682e-04 -3.112 0.172 -1.002 -2.435 -3.184 -3.805 -4.643 -5.308 -5.396
0.00025205 -1.79000 10.11394 0.7846221328 2.4132251740    0.748  3.185  3.6372  0.627    3  0.000  0.530     0.00     0.00 -1 -2.54e-15      0.00 7.533e-01 2.465e-01 4.637e-05 1.322e-05 1.169e-04 -1.000 2.681e-04 -3.194 0.192 -1.028 -2.490 -3.254 -3.883 -4.732 -5.404 -5.493
0.00025205 -1.79000 10.11394 0.7846276164 2.4132270813    0.746  3.218  3.6351  0.585    3  0.000  0.530     0.00     0.00 -1 -2.78e-15      0.00 7.533e-01 2.465e-01 4.637e-05 1.322e-05 1.169e-04 -1.000 2.681e-04 -3.275 0.212 -1.054 -2.546 -3.323 -3.961 -4.820 -5.499 -5.590
0.00025205 -1.79000 10.11394 0.7846326828 2.4132289886    0.743  3.249  3.6331  0.544    3  0.000  0.530     0.00     0.00 -1 -3.04e-15      0.00 7.533e-01 2.465e-01 4.637e-05 1.322e-05 1.169e-04 -1.000 2.681e-04 -3.353 0.234 -1.077 -2.597 -3.388 -4.035 -4.904 -5.590 -5.681
0.00025205 -1.79000 10.11394 0.7846382260 2.4132308960    0.740  3.282  3.6310  0.501    3  0.000  0.530     0.00     0.00 -1 -3.35e-15      0.00 7.533e-01 2.465e-01 4.637e-05 1.322e-05 1.169e-04 -1.000 2.681e-04 -3.435 0.257 -1.101 -2.652 -3.458 -4.113 -4.993 -5.686 -5.779
0.00025205 -1.79000 10.11394 0.7846382260 2.4132308960    0.720  1.674  3.8773  3.083    4  0.000  0.529     0.00     0.00 -1    -1e-30      0.00 7.510e-01 2.487e-01 4.692e-05 1.348e-05 1.185e-04 -1.000 2.756e-04 0.586 0.793 0.723 0.564 0.445 0.318 0.150 0.046 0.030
0.00025205 -1.79000 10.11394 0.7846414447 2.4132320881    0.720  1.687  3.8713  3.046    4  0.000  0.529     0.00     0.00 -1    -1e-30      0.00 7.510e-01 2.487e-01 4.692e-05 1.348e-05 1.185e-04 -1.000 2.756e-04 0.553 0.769 0.707 0.532 0.401 0.263 0.083 -0.032 -0.048
0.00025205 -1.79000 10.11394 0.7846958637 2.4132521152    0.721  1.695  3.8677  3.023    4  0.000  0.529     0.00     0.00 -1    -1e-30      0.00 7.510e-01 2.487e-01 4.692e-05 1.348e-05 1.185e-04 -1.000 2.757e-04 0.532 0.754 0.697 0.512 0.375 0.230 0.042 -0.079 -0.096
0.00025205 -1.79000 10.11394 0.7847508192 2.4132721424    0.721  1.695  3.8686  3.027    4  0.000  0.529     0.00     0.00 -1    -1e-30      0.00 7.510e-01 2.487e-01 4.692e-05 1.348e-05 1.185e-04 -1.000 2.756e-04 0.532 0.753 0.693 0.512 0.376 0.232 0.047 -0.073 -0.090
0.00025205 -1.79000 10.11394 0.7848070264 2.4132926464    0.721  1.695  3.8696  3.031    4  0.000  0.529     0.00     0.00 -1    -1e-30      0.00 7.510e-01 2.487e-01 4.692e-05 1.348e-05 1.185e-04 -1.000 2.756e-04 0.532 0.751 0.690 0.511 0.378 0.236 0.053 -0.065 -0.081
0.00025205 -1.79000 10.11394 0.7848627567 2.4133131504    0.721  1.695  3.8708  3.036    4  0.000  0.529     0.00     0.00 -1    -1e-30      0.00 7.510e-01 2.487e-01 4.692e-05 1.348e-05 1.185e-04 -1.000 2.756e-04 0.533 0.750 0.687 0.511 0.380 0.241 0.060 -0.056 -0.072
0.00025205 -1.79000 10.11394 0.7849150896 2.4133322239    0.721  1.695  3.8720  3.041    4  0.000  0.529     0.00     0.00 -1    -1e-30      0.00 7.510e-01 2.487e-01 4.692e-05 1.348e-05 1.185e-04 -1.000 2.756e-04 0.534 0.749 0.684 0.512 0.383 0.246 0.068 -0.046 -0.062
0.00025205 -1.79000 10.11394 0.7849665284 2.4133510590    0.721  1.694  3.8732  3.046    4  0.000  0.529     0.00     0.00 -1    -1e-30      0.00 7.510e-01 2.487e-01 4.692e-05 1.348e-05 1.185e-04 -1.000 2.756e-04 0.535 0.748 0.682 0.513 0.386 0.251 0.075 -0.036 -0.052
0.00025205 -1.79000 10.11394 0.7850186229 2.4133701324    0.721  1.694  3.8743  3.051    4  0.000  0.529     0.00     0.00 -1    -1e-30      0.00 7.510e-01 2.487e-01 4.692e-05 1.348e-05 1.185e-04 -1.000 2.756e-04 0.536 0.747 0.679 0.513 0.389 0.256 0.082 -0.027 -0.043
0.00025205 -1.79000 10.11394 0.7850731015 2.4133899212    0.721  1.693  3.8754  3.056    4  0.000  0.529     0.00     0.00 -1    -1e-30      0.00 7.510e-01 2.487e-01 4.692e-05 1.348e-05 1.185e-04 -1.000 2.757e-04 0.536 0.746 0.677 0.514 0.392 0.261 0.089 -0.018 -0.034
0.00025205 -1.79000 10.11394 0.7851268053 2.4134094715    0.721  1.693  3.8761  3.059    4  0.000  0.529     0.00     0.00 -1    -1e-30      0.00 7.510e-01 2.487e-01 4.692e-05 1.348e-05 1.185e-04 -1.000 2.756e-04 0.536 0.745 0.675 0.514 0.393 0.263 0.093 -0.013 -0.029
0.00025205 -1.79000 10.11394 0.7851820588 2.4134297371    0.721  1.694  3.8765  3.060    4  0.000  0.529     0.00     0.00 -1    -1e-30      0.00 7.510e-01 2.487e-01 4.692e-05 1.348e-05 1.185e-04 -1.000 2.756e-04 0.536 0.744 0.673 0.513 0.393 0.264 0.095 -0.010 -0.026
0.00025205 -1.79000 10.11394 0.7852368951 2.4134497643    0.721  1.694  3.8764  3.060    4  0.000  0.529     0.00     0.00 -1    -1e-30      0.00 7.510e-01 2.487e-01 4.692e-05 1.348e-05 1.185e-04 -1.000 2.756e-04 0.535 0.744 0.672 0.512 0.392 0.263 0.094 -0.012 -0.027
0.00025205 -1.79000 10.11394 0.7852910161 2.4134695530    0.721  1.695  3.8758  3.057    4  0.000  0.529     0.00     0.00 -1    -1e-30      0.00 7.510e-01 2.487e-01 4.692e-05 1.348e-05 1.185e-04 -1.000 2.756e-04 0.533 0.743 0.672 0.511 0.390 0.260 0.089 -0.018 -0.033
0.00025205 -1.79000 10.11394 0.7853435278 2.4134886265    0.721  1.696  3.8745  3.051    4  0.000  0.529     0.00     0.00 -1    -1e-30      0.00 7.510e-01 2.487e-01 4.692e-05 1.348e-05 1.185e-04 -1.000 2.756e-04 0.531 0.742 0.674 0.509 0.385 0.252 0.079 -0.030 -0.046
0.00025205 -1.79000 10.11394 0.7853664160 2.4134969711    0.721  1.696  3.8740  3.048    4  0.000  0.529     0.00     0.00 -1    -1e-30      0.00 7.510e-01 2.487e-01 4.692e-05 1.348e-05 1.185e-04 -1.000 2.756e-04 0.530 0.742 0.674 0.507 0.383 0.249 0.075 -0.035 -0.051
0.00025205 -1.79000 10.11394 0.7853955626 2.4135077000    0.721  1.697  3.8728  3.042    4  0.000  0.529     0.00     0.00 -1    -1e-30      0.00 7.510e-01 2.487e-01 4.692e-05 1.348e-05 1.185e-04 -1.000 2.756e-04 0.528 0.741 0.675 0.505 0.378 0.243 0.066 -0.046 -0.062
0.00025205 -1.79000 10.11394 0.7854471207 2.4135265350    0.721  1.699  3.8704  3.031    4  0.000  0.529     0.00     0.00 -1    -1e-30      0.00 7.510e-01 2.487e-01 4.692e-05 1.348e-05 1.185e-04 -1.000 2.756e-04 0.523 0.741 0.678 0.502 0.370 0.230 0.048 -0.069 -0.085
0.00025205 -1.79000 10.11394 0.7854997516 2.4135456085    0.721  1.701  3.8672  3.016    4  0.000  0.529     0.00     0.00 -1    -1e-30      0.00 7.510e-01 2.487e-01 4.692e-05 1.348e-05 1.185e-04 -1.000 2.756e-04 0.518 0.740 0.683 0.498 0.360 0.214 0.025 -0.097 -0.114
0.00025205 -1.79000 10.11394 0.7855542302 2.4135656357    0.721  1.703  3.8633  2.998    4  0.000  0.529     0.00     0.00 -1    -1e-30      0.00 7.510e-01 2.487e-01 4.692e-05 1.348e-05 1.185e-04 -1.000 2.757e-04 0.511 0.740 0.689 0.493 0.347 0.194 -0.003 -0.133 -0.150
0.00025205 -1.79000 10.11394 0.7856104970 2.4135861397    0.722  1.707  3.8586  2.976    4  0.000  0.529     0.00     0.00 -1    -1e-30      0.00 7.510e-01 2.487e-01 4.692e-05 1.348e-05 1.185e-04 -1.000 2.756e-04 0.504 0.739 0.696 0.489 0.333 0.171 -0.037 -0.176 -0.193
0.00025205 -1.79000 10.11394 0.7856642008 2.4136056900    0.722  1.710  3.8533  2.951    4  0.000  0.529     0.00     0.00 -1    -1e-30      0.00 7.510e-01 2.487e-01 4.692e-05 1.348e-05 1.185e-04 -1.000 2.757e-04 0.495 0.739 0.705 0.485 0.318 0.146 -0.074 -0.223 -0.241
0.00025205 -1.79000 10.11394 0.7857183814 2.4136254787    0.722  1.714  3.8473  2.924    4  0.000  0.529     0.00     0.00 -1    -1e-30      0.00 7.510e-01 2.487e-01 4.692e-05 1.348e-05 1.185e-04 -1.000 2.756e-04 0.485 0.739 0.716 0.480 0.302 0.118 -0.115 -0.277 -0.296
0.00025205 -1.79000 10.11394 0.7857491374 2.4136366844    0.722  1.716  3.8437  2.907    4  0.000  0.529     0.00     0.00 -1    -1e-30      0.00 7.510e-01 2.487e-01 4.692e-05 1.348e-05 1.185e-04 -1.000 2.756e-04 0.479 0.740 0.723 0.478 0.293 0.102 -0.139 -0.309 -0.328
0.00025205 -1.79000 10.11394 0.7858009934 2.4136555195    0.722  1.721  3.8374  2.877    4  0.000  0.529     0.00     0.00 -1    -1e-30      0.00 7.510e-01 2.487e-01 4.692e-05 1.348e-05 1.185e-04 -1.000 2.756e-04 0.468 0.741 0.735 0.474 0.276 0.072 -0.183 -0.366 -0.386
0.00025205 -1.79000 10.11394 0.7858527303 2.4136743546    0.722  1.725  3.8310  2.847    4  0.000  0.529     0.00     0.00 -1    -1e-30      0.00 7.510e-01 2.487e-01 4.692e-05 1.348e-05 1.185e-04 -1.000 2.756e-04 0.457 0.742 0.748 0.470 0.259 0.043 -0.227 -0.424 -0.446
0.00025205 -1.79000 10.11394 0.7858695388 2.4136805534    0.722  1.727  3.8289  2.837    4  0.000  0.529     0.00     0.00 -1    -1e-30      0.00 7.510e-01 2.487e-01 4.692e-05 1.348e-05 1.185e-04 -1.000 2.756e-04 0.453 0.743 0.752 0.468 0.253 0.033 -0.242 -0.444 -0.465
0.00025205 -1.79000 10.11394 0.7859144807 2.4136967659    0.722  1.732  3.8224  2.807    4  0.000  0.529     0.00     0.00 -1    -1e-30      0.00 7.510e-01 2.487e-01 4.692e-05 1.348e-05 1.185e-04 -1.000 2.756e-04 0.441 0.746 0.766 0.465 0.237 0.005 -0.286 -0.502 -0.524
0.00025205 -1.79000 10.11394 0.7859629393 2.4137144089    0.722  1.737  3.8151  2.772    4  0.000  0.529     0.00     0.00 -1    -1e-30      0.00 7.510e-01 2.487e-01 4.692e-05 1.348e-05 1.185e-04 -1.000 2.757e-04 0.427 0.751 0.782 0.461 0.218 -0.027 -0.336 -0.569 -0.592
0.00025205 -1.79000 10.11394 0.7860093713 2.4137313366    0.722  1.742  3.8086  2.741    4  0.000  0.529     0.00     0.00 -1    -1e-30      0.00 7.510e-01 2.487e-01 4.692e-05 1.348e-05 1.185e-04 -1.000 2.756e-04 0.414 0.755 0.797 0.457 0.201 -0.056 -0.380 -0.628 -0.653
0.00025205 -1.79000 10.11394 0.7860573530 2.4137489796    0.722  1.748  3.8014  2.706    4  0.000  0.529     0.00     0.00 -1    -1e-30      0.00 7.510e-01 2.487e-01 4.692e-05 1.348e-05 1.185e-04 -1.000 2.756e-04 0.399 0.761 0.815 0.454 0.183 -0.088 -0.430 -0.694 -0.722
0.00025205 -1.79000 10.11394 0.7861043811 2.4137659073    0.722  1.754  3.7946  2.673    4  0.000  0.529     0.00     0.00 -1    -1e-30      0.00 7.510e-01 2.487e-01 4.692e-05 1.348e-05 1.185e-04 -1.000 2.756e-04 0.384 0.768 0.833 0.450 0.165 -0.118 -0.477 -0.757 -0.787
0.00025205 -1.79000 10.11394 0.7861519456 2.4137833118    0.722  1.760  3.7884  2.642    4  0.000  0.529     0.00     0.00 -1    -1e-30      0.00 7.510e-01 2.487e-01 4.692e-05 1.348e-05 1.185e-04 -1.000 2.756e-04 0.369 0.773 0.848 0.446 0.148 -0.146 -0.521 -0.815 -0.847
0.00025205 -1.79000 10.11394 0.7861995697 2.4138007164    0.722  1.767  3.7826  2.612    4  0.000  0.529     0.00     0.00 -1    -1e-30      0.00 7.510e-01 2.487e-01 4.692e-05 1.348e-05 1.185e-04 -1.000 2.756e-04 0.353 0.778 0.860 0.440 0.131 -0.175 -0.564 -0.871 -0.906
0.00025205 -1.79000 10.11394 0.7862474918 2.4138181210    0.722  1.775  3.7766  2.580    4  0.000  0.529     0.00     0.00 -1    -1e-30      0.00 7.510e-01 2.487e-01 4.692e-05 1.348e-05 1.185e-04 -1.000 2.756e-04 0.332 0.783 0.869 0.430 0.109 -0.208 -0.613 -0.935 -0.972
0.00025205 -1.79000 10.11394 0.7862570286 2.4138214588    0.722  1.776  3.7758  2.576    4  0.000  0.529     0.00     0.00 -1    -1e-30      0.00 7.510e-01 2.487e-01 4.692e-05 1.348e-05 1.185e-04 -1.000 2.756e-04 0.330 0.785 0.871 0.430 0.107 -0.211 -0.618 -0.942 -0.979
0.00025205 -1.79000 10.11394 0.7863062620 2.4138395786    0.722  1.787  3.7697  2.541    4  0.000  0.529     0.00     0.00 -1    -1e-30      0.00 7.510e-01 2.487e-01 4.692e-05 1.348e-05 1.185e-04 -1.000 2.757e-04 0.303 0.787 0.875 0.414 0.079 -0.250 -0.674 -1.013 -1.053
0.00025205 -1.79000 10.11394 0.7863546610 2.4138569832    0.722  1.803  3.7633  2.499    4  0.000  0.529     0.00     0.00 -1    -1e-30      0.00 7.510e-01 2.487e-01 4.692e-05 1.348e-05 1.185e-04 -1.000 2.757e-04 0.263 0.779 0.869 0.387 0.039 -0.301 -0.742 -1.096 -1.138
0.00025205 -1.79000 10.11394 0.7863954306 2.4138720036    0.722  1.831  3.7550  2.437    4  0.000  0.529     0.00     0.00 -1    -1e-30      0.00 7.510e-01 2.487e-01 4.692e-05 1.348e-05 1.185e-04 -1.000 2.756e-04 0.192 0.753 0.843 0.332 -0.033 -0.388 -0.850 -1.223 -1.270
0.00025205 -1.79000 10.11394 0.7864174843 2.4138798714    0.722  1.867  3.7465  2.368    4  0.000  0.529     0.00     0.00 -1    -1e-30      0.00 7.510e-01 2.487e-01 4.692e-05 1.348e-05 1.185e-04 -1.000 2.756e-04 0.104 0.718 0.802 0.261 -0.121 -0.491 -0.974 -1.365 -1.418
0.00025205 -1.79000 10.11394 0.7864274979 2.4138836861    0.722  1.904  3.7387  2.300    4  0.000  0.529     0.00     0.00 -1    -1e-30      0.00 7.510e-01 2.487e-01 4.692e-05 1.348e-05 1.185e-04 -1.000 2.756e-04 0.009 0.677 0.751 0.183 -0.215 -0.598 -1.101 -1.508 -1.566
0.00025205 -1.79000 10.11394 0.7864319682 2.4138851166    0.722  1.944  3.7320  2.233    4  0.000  0.529     0.00     0.00 -1    -1e-30      0.00 7.510e-01 2.487e-01 4.692e-05 1.348e-05 1.185e-04 -1.000 2.758e-04 -0.089 0.637 0.693 0.098 -0.312 -0.708 -1.229 -1.651 -1.712
0.00025205 -1.79000 10.11394 0.7864340544 2.4138860703    0.722  1.982  3.7267  2.174    4  0.000  0.529     0.00     0.00 -1    -1e-30      0.00 7.510e-01 2.487e-01 4.692e-05 1.348e-05 1.185e-04 -1.000 2.756e-04 -0.184 0.592 0.631 0.015 -0.407 -0.812 -1.347 -1.780 -1.844
0.00025205 -1.79000 10.11394 0.7864348888 2.4138863087    0.722  2.006  3.7237  2.138    7  0.000  0.529     0.00     0.00 -1    -1e-30      0.00 7.510e-01 2.487e-01 4.692e-05 1.348e-05 1.185e-04 -1.000 2.756e-04 -0.245 0.560 0.589 -0.039 -0.466 -0.876 -1.419 -1.859 -1.925
0.00025205 -1.79000 10.11394 0.7864359021 2.4138865471    0.722  2.046  3.7197  2.082    7  0.000  0.529     0.00     0.00 -1    -1e-30      0.00 7.510e-01 2.487e-01 4.692e-05 1.348e-05 1.185e-04 -1.000 2.756e-04 -0.346 0.499 0.514 -0.130 -0.566 -0.983 -1.537 -1.986 -2.054
0.00025205 -1.79000 10.11394 0.7864367962 2.4138870239    0.722  2.085  3.7164  2.029    7  0.000  0.529     0.00     0.00 -1    -1e-30      0.00 7.510e-01 2.487e-01 4.692e-05 1.348e-05 1.185e-04 -1.000 2.756e-04 -0.443 0.441 0.441 -0.219 -0.662 -1.085 -1.648 -2.105 -2.174
0.00025205 -1.79000 10.11394 0.7864376307 2.4138872623    0.722  2.119  3.7136  1.984    7  0.000  0.529     0.00     0.00 -1    -1e-30      0.00 7.510e-01 2.487e-01 4.692e-05 1.348e-05 1.185e-04 -1.000 2.756e-04 -0.528 0.388 0.375 -0.297 -0.746 -1.174 -1.745 -2.208 -2.279
0.00025205 -1.79000 10.11394 0.7864384651 2.4138875008    0.722  2.151  3.7113  1.943    7  0.000  0.529     0.00     0.00 -1    -1e-30      0.00 7.510e-01 2.487e-01 4.692e-05 1.348e-05 1.185e-04 -1.000 2.756e-04 -0.606 0.339 0.314 -0.369 -0.823 -1.256 -1.834 -2.302 -2.374
0.00025205 -1.79000 10.11394 0.7864397764 2.4138879776    0.722  2.183  3.7090  1.901    7  0.000  0.529     0.00     0.00 -1    -1e-30      0.00 7.510e-01 2.487e-01 4.692e-05 1.348e-05 1.185e-04 -1.000 2.756e-04 -0.689 0.288 0.249 -0.445 -0.905 -1.342 -1.926 -2.400 -2.473
0.00025205 -1.79000 10.11394 0.7864422202 2.4138889313    0.722  2.162  3.7107  1.930    7  0.000  0.529     0.00     0.00 -1    -1e-30      0.00 7.510e-01 2.487e-01 4.692e-05 1.348e-05 1.185e-04 -1.000 2.757e-04 -0.635 0.318 0.289 -0.396 -0.852 -1.286 -1.865 -2.335 -2.407
0.00025205 -1.79000 10.11394 0.7864462733 2.4138903618    0.722  2.133  3.7128  1.967    7  0.000  0.529     0.00     0.00 -1    -1e-30      0.00 7.510e-01 2.487e-01 4.692e-05 1.348e-05 1.185e-04 -1.000 2.756e-04 -0.564 0.364 0.345 -0.330 -0.781 -1.211 -1.784 -2.249 -2.321
0.00025205 -1.79000 10.11394 0.7864706516 2.4138991833    0.722  2.152  3.7109  1.940    7  0.000  0.529     0.00     0.00 -1    -1e-30      0.00 7.510e-01 2.487e-01 4.692e-05 1.348e-05 1.185e-04 -1.000 2.756e-04 -0.611 0.339 0.312 -0.372 -0.827 -1.261 -1.839 -2.309 -2.381
0.00025205 -1.79000 10.11394 0.7864854932 2.4139046669    0.722  2.184  3.7084  1.898    7  0.000  0.529     0.00     0.00 -1    -1e-30      0.00 7.510e-01 2.487e-01 4.692e-05 1.348e-05 1.185e-04 -1.000 2.756e-04 -0.691 0.293 0.252 -0.445 -0.906 -1.345 -1.931 -2.406 -2.480
0.00025205 -1.79000 10.11394 0.7865034938 2.4139113426    0.722  2.224  3.7055  1.846    7  0.000  0.529     0.00     0.00 -1    -1e-30      0.00 7.510e-01 2.487e-01 4.692e-05 1.348e-05 1.185e-04 -1.000 2.756e-04 -0.791 0.236 0.176 -0.536 -1.004 -1.448 -2.043 -2.526 -2.601
0.00025205 -1.79000 10.11394 0.7865218520 2.4139180183    0.723  2.267  3.7025  1.792    7  0.000  0.529     0.00     0.00 -1    -1e-30      0.00 7.510e-01 2.487e-01 4.692e-05 1.348e-05 1.185e-04 -1.000 2.757e-04 -0.897 0.173 0.094 -0.633 -1.108 -1.557 -2.162 -2.652 -2.728
0.00025205 -1.79000 10.11394 0.7865383625 2.4139239788    0.723  2.309  3.6997  1.739    7  0.000  0.529     0.00     0.00 -1    -1e-30      0.00 7.510e-01 2.487e-01 4.692e-05 1.348e-05 1.185e-04 -1.000 2.757e-04 -1.002 0.110 0.013 -0.729 -1.211 -1.666 -2.279 -2.776 -2.854
0.00025205 -1.79000 10.11394 0.7865529656 2.4139292240    0.723  2.350  3.6969  1.686    7  0.000  0.529     0.00     0.00 -1    -1e-30      0.00 7.510e-01 2.487e-01 4.691e-05 1.348e-05 1.185e-04 -1.000 2.734e-04 -1.106 0.050 -0.067 -0.824 -1.312 -1.772 -2.394 -2.899 -2.978
0.00025205 -1.79000 10.11394 0.7865658998 2.4139339924    0.723  2.392  3.6942  1.634    7  0.000  0.529     0.00     0.00 -1    -1e-30      0.00 7.511e-01 2.486e-01 4.689e-05 1.348e-05 1.185e-04 -1.000 2.727e-04 -1.210 -0.010 -0.146 -0.919 -1.414 -1.879 -2.509 -3.021 -3.102
0.00025205 -1.79000 10.11394 0.7865772843 2.4139380455    0.723  2.433  3.6916  1.582    7  0.000  0.528     0.00     0.00 -1    -1e-30      0.00 7.511e-01 2.486e-01 4.682e-05 1.351e-05 1.185e-04 -1.000 2.727e-04 -1.314 -0.070 -0.225 -1.012 -1.514 -1.985 -2.624 -3.143 -3.225
0.00025205 -1.79000 10.11394 0.7865872979 2.4139416218    0.723  2.475  3.6889  1.530    7  0.000  0.524     0.00     0.00 -1    -1e-30      0.00 7.511e-01 2.486e-01 4.654e-05 1.367e-05 1.185e-04 -1.000 2.730e-04 -1.417 -0.128 -0.303 -1.105 -1.614 -2.090 -2.737 -3.264 -3.347
0.00025205 -1.79000 10.11394 0.7865964770 2.4139449596    0.723  2.516  3.6863  1.478    7  0.000  0.514     0.00     0.00 -1    -1e-30      0.00 7.510e-01 2.487e-01 4.584e-05 1.432e-05 1.185e-04 -1.000 2.757e-04 -1.520 -0.182 -0.379 -1.198 -1.713 -2.194 -2.851 -3.385 -3.469
0.00025205 -1.79000 10.11394 0.7866047621 2.4139480591    0.723  2.557  3.6836  1.426    7  0.000  0.501     0.00     0.00 -1    -1e-30      0.00 7.510e-01 2.487e-01 4.479e-05 1.549e-05 1.185e-04 -1.000 2.756e-04 -1.623 -0.214 -0.449 -1.291 -1.814 -2.301 -2.966 -3.508 -3.592
0.00025205 -1.79000 10.11394 0.7866125703 2.4139509201    0.723  2.598  3.6810  1.374    7  0.000  0.487     0.00     0.00 -1    -1e-30      0.00 7.510e-01 2.487e-01 4.359e-05 1.692e-05 1.185e-04 -1.000 2.756e-04 -1.726 -0.234 -0.513 -1.383 -1.916 -2.408 -3.082 -3.630 -3.714
0.00025205 -1.79000 10.11394 0.7866198421 2.4139535427    0.723  2.640  3.6782  1.322    7  0.000  0.474     0.00     0.00 -1    -1e-30      0.00 7.509e-01 2.489e-01 4.245e-05 1.831e-05 1.185e-04 -1.000 2.069e-04 -1.829 -0.243 -0.573 -1.474 -2.017 -2.516 -3.198 -3.754 -3.837
0.00025205 -1.79000 10.11394 0.7866267562 2.4139559269    0.723  2.681  3.6755  1.270    7  0.000  0.463     0.00     0.00 -1    -1e-30      0.00 7.508e-01 2.490e-01 4.144e-05 1.955e-05 1.185e-04 -1.000 2.757e-04 -1.933 -0.245 -0.629 -1.564 -2.118 -2.623 -3.315 -3.877 -3.959
0.00025205 -1.79000 10.11394 0.7866333723 2.4139585495    0.723  2.722  3.6728  1.218    7  0.000  0.453     0.00     0.00 -1    -1e-30      0.00 7.507e-01 2.490e-01 4.055e-05 2.064e-05 1.185e-04 -1.000 2.757e-04 -2.035 -0.241 -0.681 -1.652 -2.218 -2.730 -3.431 -4.000 -4.082
0.00025205 -1.79000 10.11394 0.7866397500 2.4139606953    0.723  2.763  3.6700  1.166    7  0.000  0.445     0.00     0.00 -1    -1e-30      0.00 7.505e-01 2.492e-01 3.981e-05 2.155e-05 1.184e-04 -1.000 2.758e-04 -2.139 -0.225 -0.729 -1.739 -2.319 -2.838 -3.548 -4.124 -4.205
0.00025205 -1.79000 10.11394 0.7866454720 2.4139628410    0.723  2.805  3.6673  1.113    7  0.000  0.438     0.00     0.00 -1    -1e-30      0.00 7.503e-01 2.494e-01 3.915e-05 2.237e-05 1.184e-04 -1.000 2.757e-04 -2.243 -0.202 -0.774 -1.825 -2.419 -2.946 -3.666 -4.249 -4.330
0.00025205 -1.79000 10.11394 0.7866502404 2.4139645100    0.723  2.846  3.6644  1.060    7  0.000  0.432     0.00     0.00 -1    -1e-30      0.00 7.502e-01 2.495e-01 3.860e-05 2.304e-05 1.184e-04 -1.000 2.757e-04 -2.346 -0.165 -0.811 -1.907 -2.517 -3.052 -3.782 -4.373 -4.453
0.00025205 -1.79000 10.11394 0.7866542935 2.4139659405    0.723  2.888  3.6616  1.008    7  0.000  0.427     0.00     0.00 -1    -1e-30      0.00 7.500e-01 2.497e-01 3.813e-05 2.363e-05 1.183e-04 -1.000 2.757e-04 -2.449 -0.118 -0.844 -1.988 -2.614 -3.158 -3.899 -4.497 -4.577
0.00025205 -1.79000 10.11394 0.7866576910 2.4139673710    0.723  2.928  3.6587  0.955    7  0.000  0.423     0.00     0.00 -1    -1e-30      0.00 7.498e-01 2.500e-01 3.771e-05 2.416e-05 1.182e-04 -1.000 2.069e-04 -2.551 -0.049 -0.863 -2.062 -2.709 -3.263 -4.016 -4.621 -4.700
0.00025205 -1.79000 10.11394 0.7866609693 2.4139685631    0.723  2.970  3.6557  0.902    7  0.000  0.419     0.00     0.00 -1    -1e-30      0.00 7.497e-01 2.501e-01 3.737e-05 2.464e-05 1.180e-04 -1.000 2.757e-04 -2.655 -0.016 -0.895 -2.137 -2.801 -3.366 -4.131 -4.745 -4.824
0.00025205 -1.79000 10.11394 0.7866641879 2.4139697552    0.723  3.014  3.6526  0.846    7  0.000  0.417     0.00     0.00 -1    -1e-30      0.00 7.495e-01 2.503e-01 3.709e-05 2.505e-05 1.179e-04 -1.000 2.758e-04 -2.764 0.004 -0.935 -2.217 -2.898 -3.474 -4.253 -4.875 -4.956
0.00025205 -1.79000 10.11394 0.7866671085 2.4139707088    0.723  3.058  3.6494  0.789    7  0.000  0.415     0.00     0.00 -1    -1e-30      0.00 7.493e-01 2.504e-01 3.686e-05 2.543e-05 1.177e-04 -1.000 2.757e-04 -2.874 0.029 -0.973 -2.296 -2.995 -3.582 -4.374 -5.007 -5.089
0.00025205 -1.79000 10.11394 0.7866681218 2.4139711857    0.723  3.063  3.6489  0.781    7  0.000  0.415     0.00     0.00 -1    -1e-30      0.00 7.493e-01 2.504e-01 3.676e-05 2.558e-05 1.176e-04 -1.000 2.757e-04 -2.889 0.034 -0.977 -2.305 -3.007 -3.596 -4.391 -5.024 -5.107
0.00025205 -1.79000 10.11394 0.7866683006 2.4139711857    0.723  3.097  3.6464  0.738    7  0.000  0.414     0.00     0.00 -1    -1e-30      0.00 7.492e-01 2.505e-01 3.666e-05 2.581e-05 1.175e-04 -1.000 2.756e-04 -2.972 0.055 -1.004 -2.363 -3.078 -3.676 -4.482 -5.123 -5.207
0.00025205 -1.79000 10.11394 0.7866686583 2.4139711857    0.723  3.134  3.6436  0.689    7  0.000  0.412     0.00     0.00 -1    -1e-30      0.00 7.489e-01 2.508e-01 3.643e-05 2.639e-05 1.171e-04 -1.000 2.757e-04 -3.066 0.082 -1.033 -2.428 -3.159 -3.767 -4.586 -5.236 -5.322
0.00025205 -1.79000 10.11394 0.7866690159 2.4139714241    0.723  3.172  3.6407  0.640    7  0.000  0.411     0.00     0.00 -1    -1e-30      0.00 7.487e-01 2.511e-01 3.620e-05 2.701e-05 1.166e-04 -1.000 2.757e-04 -3.160 0.114 -1.059 -2.491 -3.239 -3.857 -4.690 -5.349 -5.436
0.00025205 -1.79000 10.11394 0.7866692543 2.4139714241    0.723  3.414  3.6091  0.271    8  0.549  0.390    95.46    44.74  1 -1.41e-06      0.00 7.290e-01 2.706e-01 6.375e-05 5.931e-05 2.177e-04 -1.000 3.690e-04 -3.766 0.833 -0.879 -2.676 -3.625 -4.375 -5.375 -6.148 -6.261
0.00025205 -1.79000 10.11394 0.7866693139 2.4139714241    0.723  3.278  3.6171  0.439    8  0.549  0.390    66.38    32.68  1 -7.59e-07      0.00 7.290e-01 2.706e-01 6.375e-05 5.931e-05 2.177e-04 -1.000 3.690e-04 -3.425 0.741 -0.805 -2.479 -3.356 -4.060 -5.011 -5.757 -5.861
0.00025205 -1.79000 10.11394 0.7866693735 2.4139714241    0.723  3.132  3.6304  0.639    8  0.549  0.390    43.16    22.52  1  -3.8e-07      0.00 7.290e-01 2.706e-01 6.375e-05 5.931e-05 2.177e-04 -1.000 3.690e-04 -3.059 0.508 -0.787 -2.294 -3.083 -3.730 -4.610 -5.309 -5.403
0.00025205 -1.79000 10.11394 0.7866694927 2.4139716625    0.723  2.929  3.6489  0.915    8  0.549  0.390    23.78    13.45  1 -1.41e-07      0.00 7.290e-01 2.706e-01 6.375e-05 5.931e-05 2.177e-04 -1.000 3.690e-04 -2.553 0.249 -0.698 -1.986 -2.672 -3.254 -4.047 -4.684 -4.768
0.00025205 -1.79000 10.11394 0.7866697311 2.4139716625    0.722  2.934  3.6484  0.908    8  0.549  0.390    24.15    13.62  1 -1.45e-07      0.00 7.290e-01 2.706e-01 6.375e-05 5.931e-05 2.177e-04 -1.000 3.690e-04 -2.565 0.255 -0.700 -1.994 -2.683 -3.265 -4.061 -4.700 -4.783
0.00025205 -1.79000 10.11394 0.7866699696 2.4139716625    0.722  3.022  3.6404  0.788    8  0.550  0.390    31.28    17.03  1 -2.24e-07      0.00 7.290e-01 2.706e-01 6.375e-05 5.931e-05 2.177e-04 -1.000 3.690e-04 -2.785 0.358 -0.745 -2.133 -2.864 -3.475 -4.306 -4.971 -5.059
0.00025205 -1.79000 10.11394 0.7866702676 2.4139719009    0.722  3.175  3.6265  0.580    8  0.550  0.390    49.11    25.14  1 -4.69e-07      0.00 7.290e-01 2.706e-01 6.375e-05 5.931e-05 2.177e-04 -1.000 3.690e-04 -3.167 0.574 -0.796 -2.352 -3.165 -3.829 -4.729 -5.442 -5.538
0.00025205 -1.79000 10.11394 0.7866706252 2.4139719009    0.722  3.309  3.6143  0.397    8  0.550  0.390    72.85    35.34  1 -8.78e-07      0.00 7.290e-01 2.706e-01 6.375e-05 5.931e-05 2.177e-04 -1.000 3.690e-04 -3.501 0.797 -0.800 -2.510 -3.409 -4.127 -5.095 -5.851 -5.958
0.00025205 -1.79000 10.11394 0.7866710424 2.4139721394    0.721  3.397  3.6062  0.276    8  0.551  0.390    94.62    44.27  1 -1.32e-06      0.00 7.290e-01 2.706e-01 6.375e-05 5.931e-05 2.177e-04 -1.000 3.690e-04 -3.723 0.957 -0.784 -2.598 -3.560 -4.319 -5.335 -6.121 -6.236
0.00025205 -1.79000 10.11394 0.7866715193 2.4139723778    0.721  3.446  3.6017  0.209    8  0.551  0.390   109.32    50.12  1 -1.65e-06      0.00 7.290e-01 2.706e-01 6.375e-05 5.931e-05 2.177e-04 -1.000 3.690e-04 -3.845 1.050 -0.769 -2.641 -3.640 -4.423 -5.466 -6.269 -6.389
0.00025205 -1.79000 10.11394 0.7866720557 2.4139726162    0.721  3.471  3.5994  0.174    8  0.552  0.390   117.82    53.42  0 -1.85e-06      0.00 7.290e-01 2.706e-01 6.375e-05 5.931e-05 2.177e-04 -1.000 3.690e-04 -3.907 1.099 -0.760 -2.662 -3.680 -4.476 -5.533 -6.345 -6.468
0.00025205 -1.79000 10.11394 0.7866725922 2.4139726162    0.720  3.487  3.5984  0.154    8  0.552  0.390   123.23    55.48  0    -2e-06      0.00 7.290e-01 2.706e-01 6.375e-05 5.931e-05 2.177e-04 -1.000 3.690e-04 -3.948 1.114 -0.764 -2.682 -3.710 -4.512 -5.576 -6.392 -6.516
0.00025205 -1.79000 10.11394 0.7866747379 2.4139735699    0.554 -9.999  4.0000  1.705    9  0.554  0.000     0.00     0.00 -1    -1e-30      0.00 7.290e-01 2.706e-01 6.375e-05 5.931e-05 2.177e-04 -1.000 3.690e-04 29.767 29.798 30.046 30.096 30.089 30.080 30.124 30.120 30.135
#isochrone terminated
