# File generated by CMD 3.3 (http://stev.oapd.inaf.it/cmd) on Fri Nov 20 18:01:55 CET 2020
# isochrones based on PARSEC release v1.2S +  COLIBRI S_35
# Basic references: Bressan et al. (2012), MNRAS, 427, 127 + Chen et al. (2014, 2015), MNRAS, 444, 2525 + MNRAS, 452, 1068 + Tang et al. (2014), MNRAS, 445, 4287 + Marigo et al. (2017), ApJ, 835, 77 + Pastorelli al. (2019), MNRAS in press
# Thermal pulse cycles included 
# On RGB, assumed Reimers mass loss with efficiency eta=0.2
# Photometric system: JWST NIRCam wide+verywide+medium filters, Vegamags
# Using OBC version of bolometric corrections as detailed in Marigo et al. (2008, A&A 482, 883) and Girardi et al. (2008, PASP 120, 583
# O-rich circumstellar dpmod60alox40 dust from Groenewegen (2006)
# C-rich circumstellar AMCSIC15 dust from Groenewegen (2006)
# IMF: Kroupa (2001, 2002) + Kroupa et al. (2013) canonical two-part-power law IMF corrected for unresolved binaries 
# Kind of output: isochrone tables
# Zini     MH   logAge Mini        int_IMF         Mass   logL    logTe  logg  label   McoreTP C_O  period0 period1 pmode  Mloss  tau1m   X   Y   Xc  Xn  Xo  Cexcess  Z 	 mbolmag  F070Wmag  F090Wmag  F115Wmag  F150Wmag  F200Wmag  F277Wmag  F356Wmag  F444Wmag  F150W2mag  F322W2mag  F140Mmag  F162Mmag  F182Mmag  F210Mmag  F250Mmag  F300Mmag  F335Mmag  F360Mmag  F410Mmag  F430Mmag  F460Mmag  F480Mmag  F150WS60mag
0.00025205 -1.79000 10.11394 0.0900000110 1.0816897154    0.090 -3.195  3.4848  5.478    1  0.000  0.545     0.00     0.00 -1 -4.88e-17      0.00 7.481e-01 2.516e-01 4.958e-05 1.338e-05 1.213e-04 -1.000 2.757e-04 12.756 12.993 11.754 11.027 10.492 10.408 10.198 9.797 9.745 10.644 10.009 10.593 10.364 10.427 10.371 10.310 10.078 9.843 9.761 9.709 9.729 9.788 9.732 10.440
0.00025205 -1.79000 10.11394 0.0958683714 1.1356363297    0.096 -2.980  3.5163  5.416    1  0.000  0.545     0.00     0.00 -1 -8.33e-17      0.00 7.465e-01 2.532e-01 4.958e-05 1.338e-05 1.213e-04 -1.000 2.757e-04 12.219 12.282 11.254 10.588 10.011 9.817 9.645 9.336 9.278 10.137 9.502 10.135 9.850 9.850 9.772 9.720 9.569 9.381 9.303 9.247 9.261 9.319 9.269 9.943
0.00025205 -1.79000 10.11394 0.1000000089 1.1711064577    0.100 -2.836  3.5372  5.375    1  0.000  0.545     0.00     0.00 -1 -1.19e-16      0.00 7.454e-01 2.543e-01 4.958e-05 1.338e-05 1.213e-04 -1.000 2.758e-04 11.861 11.815 10.909 10.287 9.702 9.461 9.302 9.047 8.986 9.813 9.185 9.831 9.530 9.497 9.417 9.363 9.245 9.090 9.016 8.960 8.971 9.023 8.977 9.629
0.00025205 -1.79000 10.11394 0.1200000048 1.3193155527    0.120 -2.544  3.5681  5.285    1  0.000  0.545     0.00     0.00 -1 -2.36e-16      0.00 7.420e-01 2.577e-01 4.958e-05 1.338e-05 1.213e-04 -1.000 2.756e-04 11.130 10.947 10.190 9.632 9.059 8.774 8.630 8.443 8.385 9.152 8.546 9.189 8.883 8.812 8.733 8.679 8.590 8.482 8.417 8.364 8.371 8.416 8.379 8.984
0.00025205 -1.79000 10.11394 0.1400000006 1.4384527206    0.140 -2.359  3.5830  5.227    1  0.000  0.545     0.00     0.00 -1 -3.58e-16      0.00 7.397e-01 2.600e-01 4.958e-05 1.338e-05 1.213e-04 -1.000 2.758e-04 10.669 10.427 9.715 9.179 8.618 8.346 8.243 8.029 7.967 8.711 8.145 8.753 8.436 8.383 8.305 8.283 8.213 8.076 7.997 7.939 7.951 8.002 7.976 8.541
0.00025205 -1.79000 10.11394 0.1599999964 1.5372931957    0.160 -2.215  3.5927  5.180    1  0.000  0.545     0.00     0.00 -1 -4.93e-16      0.00 7.383e-01 2.614e-01 4.958e-05 1.338e-05 1.213e-04 -1.000 2.757e-04 10.307 10.017 9.345 8.836 8.283 8.015 7.942 7.730 7.671 8.376 7.846 8.421 8.097 8.049 7.976 7.972 7.924 7.775 7.696 7.642 7.654 7.705 7.689 8.205
0.00025205 -1.79000 10.11394 0.2000000179 1.6938792467    0.200 -1.994  3.6050  5.105    1  0.000  0.545     0.00     0.00 -1 -7.98e-16      0.00 7.374e-01 2.623e-01 4.958e-05 1.338e-05 1.213e-04 -1.000 2.758e-04 9.755 9.425 8.794 8.313 7.766 7.497 7.430 7.247 7.196 7.858 7.347 7.904 7.583 7.529 7.462 7.455 7.417 7.285 7.217 7.170 7.180 7.227 7.215 7.690
0.00025205 -1.79000 10.11394 0.2500000298 1.8403259516    0.250 -1.793  3.6160  5.045    1  0.000  0.545     0.00     0.00 -1 -4.75e-16      0.00 7.377e-01 2.620e-01 4.958e-05 1.338e-05 1.213e-04 -1.000 2.757e-04 9.252 8.904 8.301 7.838 7.295 7.022 6.935 6.794 6.754 7.385 6.872 7.430 7.117 7.052 6.989 6.962 6.920 6.823 6.772 6.733 6.741 6.780 6.767 7.220
0.00025205 -1.79000 10.11394 0.3000000715 1.9529141188    0.300 -1.639  3.6251  5.006    1  0.000  0.545     0.00     0.00 -1 -8.36e-16      0.00 7.378e-01 2.620e-01 4.957e-05 1.338e-05 1.213e-04 -1.000 2.757e-04 8.867 8.504 7.923 7.476 6.937 6.662 6.559 6.452 6.420 7.027 6.511 7.069 6.763 6.691 6.632 6.588 6.540 6.473 6.437 6.403 6.409 6.441 6.427 6.863
0.00025205 -1.79000 10.11394 0.3500000238 2.0434176922    0.350 -1.513  3.6331  4.979    1  0.000  0.544     0.00     0.00 -1 -9.76e-16      0.00 7.375e-01 2.622e-01 4.953e-05 1.338e-05 1.213e-04 -1.000 2.778e-04 8.551 8.175 7.614 7.180 6.647 6.378 6.273 6.183 6.156 6.738 6.233 6.777 6.477 6.405 6.350 6.301 6.254 6.200 6.170 6.140 6.146 6.175 6.161 6.575
0.00025205 -1.79000 10.11394 0.4000000358 2.1185026169    0.400 -1.380  3.6430  4.944    1  0.000  0.545     0.00     0.00 -1  -2.8e-15      0.00 7.502e-01 2.495e-01 4.958e-05 1.338e-05 1.213e-04 -1.000 2.757e-04 8.219 7.827 7.291 6.872 6.347 6.087 5.983 5.909 5.888 6.439 5.951 6.474 6.181 6.111 6.062 6.010 5.964 5.924 5.900 5.873 5.879 5.906 5.893 6.277
0.00025205 -1.79000 10.11394 0.4500000477 2.1822810173    0.450 -1.217  3.6596  4.898    1  0.000  0.545     0.00     0.00 -1 -4.05e-15      0.00 7.506e-01 2.491e-01 4.958e-05 1.338e-05 1.213e-04 -1.000 2.757e-04 7.812 7.396 6.901 6.507 6.000 5.758 5.661 5.607 5.593 6.095 5.638 6.121 5.842 5.779 5.737 5.686 5.645 5.618 5.600 5.580 5.585 5.609 5.597 5.933
0.00025205 -1.79000 10.11394 0.5000000000 2.2374541759    0.500 -1.034  3.6803  4.844    1  0.000  0.545     0.00     0.00 -1 -6.22e-15      0.00 7.506e-01 2.491e-01 4.958e-05 1.338e-05 1.213e-04 -1.000 2.757e-04 7.355 6.920 6.472 6.110 5.631 5.415 5.330 5.291 5.281 5.727 5.313 5.744 5.486 5.432 5.397 5.351 5.316 5.298 5.286 5.271 5.275 5.294 5.286 5.569
0.00025205 -1.79000 10.11394 0.5500000715 2.2836585045    0.550 -0.820  3.7024  4.760    1  0.000  0.544     0.00     0.00 -1 -1.07e-14      0.00 7.876e-01 2.122e-01 4.269e-05 1.153e-05 1.046e-04 -1.000 1.848e-04 6.821 6.381 5.977 5.650 5.204 5.015 4.943 4.914 4.906 5.300 4.930 5.306 5.072 5.027 5.000 4.960 4.933 4.920 4.911 4.899 4.902 4.912 4.908 5.147
0.00025205 -1.79000 10.11394 0.6000000238 2.3211214542    0.600 -0.605  3.7294  4.690    1  0.000  0.543     0.00     0.00 -1 -1.82e-14      0.00 8.005e-01 1.992e-01 4.042e-05 1.092e-05 9.917e-05 -1.000 2.362e-04 6.282 5.857 5.502 5.213 4.806 4.647 4.592 4.574 4.565 4.902 4.585 4.898 4.689 4.656 4.637 4.605 4.586 4.578 4.572 4.564 4.564 4.564 4.565 4.756
0.00025205 -1.79000 10.11394 0.6058283448 2.3250279427    0.605 -0.578  3.7330  4.682    1  0.000  0.543     0.00     0.00 -1 -1.94e-14      0.00 8.023e-01 1.974e-01 4.011e-05 1.084e-05 9.841e-05 -1.000 2.465e-04 6.216 5.794 5.446 5.162 4.759 4.604 4.552 4.535 4.526 4.855 4.545 4.850 4.645 4.613 4.595 4.564 4.546 4.539 4.533 4.525 4.525 4.524 4.526 4.710
0.00025205 -1.79000 10.11394 0.6162474155 2.3318004608    0.616 -0.531  3.7394  4.668    1  0.000  0.543     0.00     0.00 -1 -2.18e-14      0.00 8.057e-01 1.940e-01 3.954e-05 1.068e-05 9.704e-05 -1.000 2.477e-04 6.096 5.683 5.345 5.069 4.675 4.527 4.478 4.464 4.455 4.770 4.472 4.763 4.564 4.535 4.518 4.489 4.474 4.467 4.462 4.455 4.454 4.452 4.455 4.627
0.00025205 -1.79000 10.11394 0.6259257197 2.3378596306    0.626 -0.486  3.7453  4.653    1  0.000  0.543     0.00     0.00 -1 -2.48e-20      0.00 8.090e-01 1.908e-01 3.898e-05 1.054e-05 9.569e-05 -1.000 2.415e-04 5.984 5.580 5.252 4.983 4.596 4.454 4.409 4.397 4.388 4.691 4.404 4.682 4.487 4.461 4.446 4.419 4.405 4.400 4.395 4.389 4.388 4.385 4.388 4.550
0.00025205 -1.79000 10.11394 0.6349173784 2.3432989120    0.635 -0.444  3.7506  4.639    1  0.000  0.543     0.00     0.00 -1 -4.42e-19      0.00 8.122e-01 1.876e-01 3.843e-05 1.039e-05 9.440e-05 -1.000 2.087e-04 5.879 5.482 5.164 4.902 4.521 4.385 4.343 4.333 4.325 4.617 4.338 4.605 4.415 4.391 4.377 4.352 4.340 4.336 4.332 4.325 4.325 4.321 4.324 4.476
0.00025205 -1.79000 10.11394 0.6436753273 2.3484292030    0.643 -0.402  3.7558  4.624    1  0.000  0.543     0.00     0.00 -1 -3.04e-16      0.00 8.154e-01 1.844e-01 3.788e-05 1.024e-05 9.309e-05 -1.000 2.083e-04 5.776 5.387 5.077 4.821 4.447 4.316 4.278 4.269 4.261 4.542 4.274 4.529 4.343 4.322 4.309 4.286 4.275 4.272 4.268 4.262 4.261 4.257 4.261 4.403
0.00025205 -1.79000 10.11394 0.6499999762 2.3520355225    0.650 -0.372  3.7594  4.612    1  0.000  0.542     0.00     0.00 -1 -3.26e-14      0.00 8.178e-01 1.819e-01 3.747e-05 1.014e-05 9.211e-05 -1.000 2.409e-04 5.700 5.318 5.014 4.762 4.393 4.265 4.229 4.221 4.214 4.487 4.225 4.473 4.290 4.270 4.259 4.236 4.227 4.224 4.220 4.215 4.214 4.210 4.214 4.349
0.00025205 -1.79000 10.11394 0.6533420086 2.3539085388    0.653 -0.356  3.7612  4.606    1  0.000  0.542     0.00     0.00 -1  -3.4e-14      0.00 8.194e-01 1.803e-01 3.721e-05 1.006e-05 9.147e-05 -1.000 2.380e-04 5.660 5.281 4.979 4.730 4.363 4.238 4.202 4.195 4.188 4.458 4.199 4.443 4.262 4.242 4.231 4.209 4.201 4.198 4.194 4.189 4.188 4.184 4.188 4.319
0.00025205 -1.79000 10.11394 0.6641587019 2.3598229885    0.664 -0.303  3.7671  4.583    1  0.000  0.542     0.00     0.00 -1 -2.53e-14      0.00 8.248e-01 1.750e-01 3.630e-05 9.824e-06 8.930e-05 -1.000 1.994e-04 5.526 5.157 4.866 4.623 4.264 4.145 4.113 4.108 4.101 4.358 4.110 4.342 4.165 4.149 4.139 4.119 4.112 4.110 4.107 4.102 4.101 4.096 4.101 4.222
0.00025205 -1.79000 10.11394 0.6744727492 2.3652596474    0.674 -0.250  3.7726  4.559    1  0.000  0.542     0.00     0.00 -1 -1.67e-15      0.00 8.303e-01 1.695e-01 3.538e-05 9.578e-06 8.711e-05 -1.000 1.921e-04 5.395 5.036 4.753 4.517 4.165 4.052 4.023 4.019 4.013 4.259 4.021 4.242 4.070 4.055 4.046 4.028 4.023 4.021 4.018 4.013 4.012 4.008 4.013 4.124
0.00025205 -1.79000 10.11394 0.6840828061 2.3701560497    0.684 -0.199  3.7777  4.535    1  0.000  0.541     0.00     0.00 -1 -6.09e-19      0.00 8.357e-01 1.641e-01 3.447e-05 9.336e-06 8.493e-05 -1.000 2.073e-04 5.269 4.918 4.643 4.414 4.069 3.960 3.934 3.931 3.925 4.162 3.933 4.143 3.976 3.963 3.955 3.939 3.934 3.933 3.930 3.926 3.925 3.921 3.925 4.028
0.00025205 -1.79000 10.11394 0.6930159926 2.3745677471    0.693 -0.150  3.7823  4.510    1  0.000  0.541     0.00     0.00 -1  -3.3e-16      0.00 8.410e-01 1.588e-01 3.357e-05 9.097e-06 8.280e-05 -1.000 2.235e-04 5.146 4.803 4.536 4.312 3.973 3.870 3.846 3.844 3.838 4.066 3.845 4.046 3.883 3.872 3.865 3.850 3.847 3.846 3.843 3.839 3.838 3.834 3.838 3.934
0.00025205 -1.79000 10.11394 0.6999999881 2.3779268265    0.700 -0.110  3.7859  4.489    1  0.000  0.540     0.00     0.00 -1 -6.61e-14      0.00 8.454e-01 1.544e-01 3.284e-05 8.902e-06 8.103e-05 -1.000 2.252e-04 5.045 4.709 4.447 4.227 3.895 3.795 3.773 3.770 3.765 3.987 3.771 3.966 3.807 3.797 3.791 3.776 3.773 3.772 3.770 3.766 3.765 3.761 3.765 3.857
0.00025205 -1.79000 10.11394 0.7029603720 2.3793275356    0.703 -0.093  3.7874  4.479    1  0.000  0.540     0.00     0.00 -1 -6.95e-14      0.00 8.472e-01 1.526e-01 3.252e-05 8.824e-06 8.033e-05 -1.000 2.206e-04 5.002 4.668 4.409 4.190 3.860 3.761 3.740 3.738 3.732 3.952 3.739 3.930 3.773 3.764 3.757 3.743 3.741 3.740 3.737 3.733 3.732 3.728 3.732 3.822
0.00025205 -1.79000 10.11394 0.7111328244 2.3831248283    0.711 -0.042  3.7913  4.449    1  0.000  0.538     0.00     0.00 -1 -8.03e-14      0.00 8.518e-01 1.480e-01 3.169e-05 8.622e-06 7.856e-05 -1.000 1.674e-04 4.875 4.548 4.295 4.081 3.757 3.663 3.643 3.641 3.636 3.849 3.642 3.826 3.673 3.665 3.659 3.646 3.644 3.643 3.641 3.637 3.636 3.632 3.636 3.721
0.00025205 -1.79000 10.11394 0.7181522250 2.3863070011    0.718  0.004  3.7946  4.420    1  0.000  0.536     0.00     0.00 -1 -9.18e-14      0.00 8.554e-01 1.444e-01 3.106e-05 8.469e-06 7.723e-05 -1.000 1.663e-04 4.760 4.438 4.190 3.981 3.662 3.571 3.552 3.551 3.546 3.753 3.552 3.729 3.580 3.573 3.567 3.555 3.554 3.553 3.551 3.547 3.546 3.542 3.546 3.627
0.00025205 -1.79000 10.11394 0.7249528766 2.3893227577    0.724  0.052  3.7977  4.389    1  0.000  0.535     0.00     0.00 -1 -6.45e-15      0.00 8.585e-01 1.413e-01 3.051e-05 8.338e-06 7.608e-05 -1.000 2.072e-04 4.641 4.324 4.082 3.876 3.563 3.475 3.457 3.456 3.451 3.653 3.456 3.628 3.483 3.477 3.471 3.460 3.459 3.458 3.455 3.451 3.451 3.447 3.451 3.528
0.00025205 -1.79000 10.11394 0.7317543626 2.3922743797    0.731  0.102  3.8006  4.354    1  0.000  0.533     0.00     0.00 -1 -1.04e-19      0.00 8.615e-01 1.383e-01 3.001e-05 8.220e-06 7.505e-05 -1.000 2.029e-04 4.515 4.202 3.965 3.763 3.455 3.370 3.352 3.351 3.346 3.544 3.352 3.519 3.377 3.371 3.366 3.355 3.354 3.353 3.351 3.347 3.346 3.342 3.346 3.421
0.00025205 -1.79000 10.11394 0.7396135926 2.3956072330    0.739  0.166  3.8037  4.308    1  0.000  0.531     0.00     0.00 -1 -5.27e-17      0.00 8.645e-01 1.353e-01 2.950e-05 8.101e-06 7.402e-05 -1.000 1.823e-04 4.356 4.047 3.815 3.617 3.316 3.233 3.217 3.216 3.211 3.403 3.216 3.377 3.240 3.235 3.230 3.219 3.218 3.217 3.215 3.211 3.211 3.207 3.211 3.283
0.00025205 -1.79000 10.11394 0.7469598055 2.3986499310    0.746  0.231  3.8062  4.257    1  0.000  0.530     0.00     0.00 -1 -1.79e-14      0.00 8.670e-01 1.328e-01 2.909e-05 8.006e-06 7.321e-05 -1.000 1.505e-04 4.192 3.887 3.659 3.464 3.168 3.087 3.072 3.071 3.066 3.254 3.071 3.228 3.093 3.089 3.084 3.074 3.073 3.072 3.070 3.066 3.066 3.062 3.066 3.135
0.00025205 -1.79000 10.11394 0.7500000000 2.3998889923    0.749  0.260  3.8070  4.232    1  0.000  0.529     0.00     0.00 -1    -2e-13      0.00 8.679e-01 1.320e-01 2.895e-05 7.975e-06 7.295e-05 -1.000 1.505e-04 4.120 3.815 3.589 3.395 3.100 3.020 3.005 3.004 2.999 3.187 3.005 3.160 3.026 3.022 3.017 3.007 3.007 3.006 3.003 3.000 2.999 2.995 2.999 3.068
0.00025205 -1.79000 10.11394 0.7540174127 2.4015088081    0.753  0.299  3.8081  4.200    1  0.000  0.529     0.00     0.00 -1 -2.27e-13      0.00 8.674e-01 1.324e-01 2.909e-05 8.015e-06 7.332e-05 -1.000 1.523e-04 4.022 3.718 3.494 3.301 3.010 2.930 2.916 2.915 2.910 3.095 2.915 3.068 2.936 2.932 2.928 2.918 2.917 2.916 2.914 2.910 2.910 2.906 2.910 2.978
0.00025205 -1.79000 10.11394 0.7577635050 2.4030015469    0.757  0.339  3.8087  4.165    1  0.000  0.529     0.00     0.00 -1 -2.59e-13      0.00 8.666e-01 1.333e-01 2.928e-05 8.068e-06 7.380e-05 -1.000 1.545e-04 3.922 3.619 3.396 3.204 2.914 2.835 2.821 2.819 2.814 2.999 2.820 2.972 2.841 2.837 2.832 2.823 2.822 2.821 2.818 2.815 2.814 2.810 2.814 2.882
0.00025205 -1.79000 10.11394 0.7589685321 2.4034781456    0.758  0.353  3.8086  4.151    1  0.000  0.529     0.00     0.00 -1 -2.72e-13      0.00 8.663e-01 1.335e-01 2.934e-05 8.085e-06 7.396e-05 -1.000 1.551e-04 3.888 3.584 3.361 3.169 2.879 2.800 2.785 2.784 2.779 2.964 2.785 2.937 2.806 2.802 2.797 2.787 2.787 2.786 2.783 2.780 2.779 2.775 2.779 2.847
0.00025205 -1.79000 10.11394 0.7636395693 2.4053089619    0.763  0.411  3.8073  4.091    1  0.000  0.529     0.00     0.00 -1 -3.31e-13      0.00 8.653e-01 1.346e-01 2.958e-05 8.151e-06 7.457e-05 -1.000 1.575e-04 3.743 3.437 3.212 3.018 2.726 2.645 2.631 2.629 2.624 2.811 2.630 2.784 2.652 2.647 2.643 2.633 2.632 2.631 2.628 2.625 2.624 2.620 2.624 2.693
0.00025205 -1.79000 10.11394 0.7671777010 2.4066786766    0.766  0.461  3.8044  4.031    1  0.000  0.529     0.00     0.00 -1 -3.97e-13      0.00 8.645e-01 1.353e-01 2.976e-05 8.201e-06 7.503e-05 -1.000 1.593e-04 3.618 3.306 3.077 2.879 2.582 2.499 2.484 2.483 2.477 2.668 2.483 2.642 2.507 2.501 2.497 2.487 2.486 2.485 2.482 2.478 2.477 2.473 2.477 2.549
0.00025205 -1.79000 10.11394 0.7677797079 2.4069104195    0.767  0.470  3.8037  4.019    1  0.000  0.529     0.00     0.00 -1 -4.13e-13      0.00 8.644e-01 1.355e-01 2.979e-05 8.210e-06 7.511e-05 -1.000 1.596e-04 3.594 3.282 3.051 2.853 2.554 2.471 2.456 2.454 2.448 2.641 2.455 2.614 2.478 2.473 2.468 2.458 2.457 2.456 2.453 2.449 2.448 2.444 2.448 2.521
0.00025205 -1.79000 10.11394 0.7684052587 2.4071505070    0.767  0.481  3.8026  4.004    1  0.000  0.529     0.00     0.00 -1 -4.31e-13      0.00 8.642e-01 1.356e-01 2.983e-05 8.218e-06 7.519e-05 -1.000 1.599e-04 3.567 3.253 3.021 2.821 2.521 2.437 2.421 2.419 2.414 2.608 2.420 2.581 2.444 2.438 2.434 2.423 2.422 2.421 2.418 2.415 2.414 2.410 2.414 2.487
0.00025205 -1.79000 10.11394 0.7705087066 2.4079551697    0.769  0.520  3.7978  3.948    2  0.000  0.529     0.00     0.00 -1    -5e-13      0.00 8.638e-01 1.361e-01 2.993e-05 8.248e-06 7.546e-05 -1.000 1.609e-04 3.470 3.149 2.909 2.703 2.393 2.305 2.288 2.286 2.281 2.482 2.287 2.457 2.314 2.307 2.302 2.291 2.289 2.288 2.285 2.282 2.281 2.276 2.280 2.359
0.00025205 -1.79000 10.11394 0.7721179724 2.4085671902    0.771  0.555  3.7919  3.890    2  0.000  0.529     0.00     0.00 -1 -5.77e-13      0.00 8.630e-01 1.368e-01 3.016e-05 8.310e-06 7.602e-05 -1.000 1.618e-04 3.384 3.053 2.803 2.590 2.270 2.176 2.158 2.156 2.150 2.360 2.157 2.336 2.186 2.178 2.173 2.161 2.159 2.158 2.155 2.150 2.150 2.145 2.149 2.234
0.00025205 -1.79000 10.11394 0.7733783126 2.4090445042    0.772  0.586  3.7850  3.831    2  0.000  0.529     0.00     0.00 -1 -6.64e-13      0.00 8.609e-01 1.389e-01 3.078e-05 8.478e-06 7.755e-05 -1.000 1.834e-04 3.305 2.964 2.703 2.481 2.147 2.047 2.028 2.025 2.018 2.240 2.026 2.218 2.060 2.049 2.044 2.031 2.028 2.027 2.024 2.019 2.019 2.014 2.018 2.109
0.00025205 -1.79000 10.11394 0.7743943334 2.4094281197    0.773  0.615  3.7776  3.774    2  0.000  0.530     0.00     0.00 -1 -7.57e-13      0.00 8.500e-01 1.498e-01 3.312e-05 9.115e-06 8.332e-05 -1.000 2.011e-04 3.234 2.883 2.610 2.377 2.030 1.923 1.902 1.898 1.891 2.125 1.900 2.104 1.938 1.925 1.920 1.906 1.902 1.900 1.897 1.892 1.892 1.887 1.890 1.990
0.00025205 -1.79000 10.11394 0.7752466798 2.4097487926    0.774  0.641  3.7702  3.718    2  0.000  0.531     0.00     0.00 -1 -8.57e-13      0.00 8.296e-01 1.702e-01 3.666e-05 1.007e-05 9.195e-05 -1.000 2.078e-04 3.168 2.807 2.522 2.279 1.919 1.804 1.781 1.777 1.770 2.015 1.779 1.997 1.821 1.806 1.800 1.785 1.781 1.779 1.776 1.770 1.770 1.765 1.769 1.877
0.00025205 -1.79000 10.11394 0.7759985924 2.4100313187    0.774  0.668  3.7630  3.663    2  0.000  0.534     0.00     0.00 -1 -4.61e-14      0.00 8.059e-01 1.939e-01 4.020e-05 1.102e-05 1.004e-04 -1.000 2.099e-04 3.100 2.731 2.433 2.181 1.807 1.685 1.660 1.655 1.647 1.905 1.658 1.889 1.705 1.688 1.681 1.665 1.660 1.657 1.653 1.648 1.647 1.643 1.646 1.763
0.00025205 -1.79000 10.11394 0.7766655684 2.4102811813    0.775  0.698  3.7564  3.607    2  0.000  0.535     0.00     0.00 -1 -9.35e-15      0.00 7.905e-01 2.093e-01 4.252e-05 1.164e-05 1.060e-04 -1.000 2.028e-04 3.025 2.648 2.340 2.078 1.692 1.564 1.536 1.530 1.523 1.792 1.534 1.777 1.585 1.567 1.559 1.541 1.536 1.533 1.529 1.523 1.523 1.518 1.522 1.646
0.00025205 -1.79000 10.11394 0.7773260474 2.4105281830    0.776  0.737  3.7505  3.545    2  0.000  0.536     0.00     0.00 -1 -1.23e-14      0.00 7.808e-01 2.190e-01 4.401e-05 1.204e-05 1.095e-04 -1.000 2.506e-04 2.928 2.545 2.226 1.956 1.559 1.425 1.395 1.389 1.381 1.660 1.393 1.648 1.448 1.428 1.419 1.401 1.395 1.391 1.388 1.382 1.381 1.376 1.380 1.511
0.00025205 -1.79000 10.11394 0.7778473496 2.4107227325    0.776  0.775  3.7465  3.491    2  0.000  0.536     0.00     0.00 -1 -1.57e-14      0.00 7.758e-01 2.240e-01 4.478e-05 1.225e-05 1.114e-04 -1.000 2.613e-04 2.832 2.445 2.120 1.844 1.440 1.301 1.270 1.263 1.256 1.541 1.268 1.530 1.326 1.305 1.296 1.277 1.270 1.266 1.262 1.256 1.256 1.251 1.255 1.391
0.00025205 -1.79000 10.11394 0.7782036662 2.4108557701    0.776  0.804  3.7441  3.452    2  0.000  0.536     0.00     0.00 -1 -1.88e-14      0.00 7.731e-01 2.266e-01 4.518e-05 1.235e-05 1.123e-04 -1.000 2.505e-04 2.759 2.370 2.040 1.761 1.352 1.211 1.179 1.172 1.164 1.454 1.176 1.444 1.237 1.215 1.205 1.186 1.178 1.175 1.171 1.165 1.164 1.160 1.164 1.303
0.00025205 -1.79000 10.11394 0.7783661485 2.4109163284    0.777  0.819  3.7432  3.434    3  0.000  0.536     0.00     0.00 -1 -2.04e-14      0.00 7.722e-01 2.276e-01 4.532e-05 1.239e-05 1.127e-04 -1.000 2.159e-04 2.722 2.331 2.000 1.720 1.309 1.167 1.136 1.128 1.120 1.412 1.132 1.402 1.193 1.171 1.161 1.142 1.134 1.131 1.127 1.121 1.120 1.116 1.120 1.260
0.00025205 -1.79000 10.11394 0.7788021564 2.4110784531    0.777  0.861  3.7410  3.383    3  0.000  0.537     0.00     0.00 -1 -2.56e-14      0.00 7.697e-01 2.301e-01 4.567e-05 1.248e-05 1.135e-04 -1.000 2.731e-04 2.617 2.225 1.889 1.606 1.191 1.047 1.015 1.007 0.999 1.294 1.011 1.285 1.074 1.051 1.041 1.022 1.014 1.010 1.006 1.000 0.999 0.995 0.998 1.141
0.00025205 -1.79000 10.11394 0.7792792320 2.4112558365    0.777  0.910  3.7388  3.325    3  0.000  0.537     0.00     0.00 -1 -3.32e-14      0.00 7.673e-01 2.324e-01 4.597e-05 1.256e-05 1.142e-04 -1.000 2.638e-04 2.494 2.099 1.760 1.473 1.054 0.907 0.875 0.867 0.859 1.158 0.871 1.149 0.935 0.912 0.902 0.882 0.874 0.870 0.866 0.859 0.859 0.855 0.858 1.003
0.00025205 -1.79000 10.11394 0.7796843648 2.4114062786    0.778  0.955  3.7371  3.274    3  0.000  0.537     0.00     0.00 -1 -4.19e-14      0.00 7.655e-01 2.342e-01 4.618e-05 1.262e-05 1.147e-04 -1.000 2.623e-04 2.382 1.985 1.643 1.354 0.932 0.783 0.751 0.742 0.734 1.036 0.747 1.027 0.812 0.787 0.777 0.758 0.749 0.745 0.741 0.735 0.734 0.730 0.733 0.880
0.00025205 -1.79000 10.11394 0.7800716758 2.4115498066    0.778  1.001  3.7355  3.222    3  0.000  0.537     0.00     0.00 -1 -5.28e-14      0.00 7.639e-01 2.358e-01 4.635e-05 1.267e-05 1.151e-04 -1.000 2.737e-04 2.267 1.869 1.525 1.233 0.808 0.657 0.624 0.616 0.608 0.912 0.621 0.904 0.686 0.662 0.651 0.632 0.623 0.619 0.615 0.608 0.608 0.604 0.607 0.756
0.00025205 -1.79000 10.11394 0.7804651856 2.4116957188    0.778  1.051  3.7339  3.166    3  0.000  0.537     0.00     0.00 -1 -6.75e-14      0.00 7.622e-01 2.376e-01 4.650e-05 1.271e-05 1.155e-04 -1.000 2.737e-04 2.143 1.743 1.396 1.102 0.673 0.521 0.488 0.479 0.471 0.778 0.484 0.771 0.551 0.525 0.515 0.495 0.486 0.482 0.478 0.471 0.471 0.468 0.470 0.620
0.00025205 -1.79000 10.11394 0.7808269262 2.4118294716    0.779  1.101  3.7324  3.110    3  0.000  0.537     0.00     0.00 -1 -8.57e-14      0.00 7.607e-01 2.390e-01 4.661e-05 1.275e-05 1.158e-04 -1.000 2.678e-04 2.019 1.618 1.268 0.972 0.540 0.386 0.353 0.344 0.336 0.645 0.349 0.639 0.416 0.390 0.380 0.361 0.351 0.347 0.343 0.336 0.335 0.333 0.335 0.487
0.00025205 -1.79000 10.11394 0.7811517119 2.4119496346    0.779  1.149  3.7310  3.056    3  0.000  0.536     0.00     0.00 -1 -1.08e-13      0.00 7.594e-01 2.403e-01 4.669e-05 1.278e-05 1.161e-04 -1.000 2.615e-04 1.898 1.496 1.144 0.845 0.410 0.255 0.221 0.212 0.204 0.516 0.217 0.510 0.285 0.259 0.249 0.229 0.219 0.215 0.211 0.204 0.204 0.201 0.204 0.356
0.00025205 -1.79000 10.11394 0.7814357877 2.4120545387    0.779  1.195  3.7296  3.005    3  0.000  0.536     0.00     0.00 -1 -1.33e-13      0.00 7.583e-01 2.415e-01 4.673e-05 1.281e-05 1.162e-04 -1.000 2.619e-04 1.783 1.381 1.026 0.725 0.287 0.130 0.096 0.087 0.079 0.393 0.092 0.387 0.160 0.134 0.124 0.104 0.094 0.090 0.086 0.079 0.078 0.076 0.079 0.232
0.00025205 -1.79000 10.11394 0.7817125320 2.4121565819    0.779  1.244  3.7281  2.951    3  0.000  0.535     0.00     0.00 -1 -1.65e-13      0.00 7.572e-01 2.426e-01 4.673e-05 1.284e-05 1.164e-04 -1.000 2.753e-04 1.661 1.257 0.900 0.597 0.156 -0.002 -0.037 -0.046 -0.054 0.262 -0.041 0.257 0.029 0.002 -0.009 -0.028 -0.039 -0.043 -0.047 -0.054 -0.054 -0.056 -0.054 0.101
0.00025205 -1.79000 10.11394 0.7819780707 2.4122545719    0.779  1.295  3.7266  2.893    3  0.000  0.535     0.00     0.00 -1 -2.07e-13      0.00 7.562e-01 2.435e-01 4.670e-05 1.289e-05 1.165e-04 -1.000 2.687e-04 1.533 1.128 0.768 0.462 0.018 -0.141 -0.176 -0.185 -0.193 0.125 -0.180 0.121 -0.110 -0.137 -0.148 -0.168 -0.178 -0.182 -0.187 -0.194 -0.194 -0.196 -0.193 -0.037
0.00025205 -1.79000 10.11394 0.7822008133 2.4123365879    0.779  1.342  3.7251  2.841    3  0.000  0.534     0.00     0.00 -1 -2.54e-13      0.00 7.555e-01 2.443e-01 4.665e-05 1.294e-05 1.166e-04 -1.000 2.444e-04 1.416 1.010 0.646 0.339 -0.108 -0.269 -0.304 -0.313 -0.321 -0.001 -0.308 -0.005 -0.237 -0.265 -0.276 -0.296 -0.306 -0.311 -0.315 -0.322 -0.322 -0.324 -0.322 -0.163
0.00025205 -1.79000 10.11394 0.7824039459 2.4124112129    0.780  1.388  3.7236  2.788    3  0.000  0.533     0.00     0.00 -1 -3.09e-13      0.00 7.548e-01 2.449e-01 4.659e-05 1.300e-05 1.167e-04 -1.000 2.611e-04 1.299 0.892 0.526 0.216 -0.234 -0.397 -0.432 -0.441 -0.449 -0.126 -0.436 -0.129 -0.364 -0.392 -0.403 -0.423 -0.434 -0.438 -0.443 -0.450 -0.450 -0.451 -0.449 -0.290
0.00025205 -1.79000 10.11394 0.7825950384 2.4124815464    0.780  1.436  3.7221  2.734    3  0.000  0.532     0.00     0.00 -1 -3.78e-13      0.00 7.543e-01 2.454e-01 4.653e-05 1.306e-05 1.168e-04 -1.000 2.757e-04 1.179 0.771 0.402 0.090 -0.363 -0.528 -0.563 -0.573 -0.581 -0.255 -0.567 -0.258 -0.495 -0.523 -0.534 -0.554 -0.565 -0.570 -0.575 -0.582 -0.582 -0.582 -0.580 -0.420
0.00025205 -1.79000 10.11394 0.7827639580 2.4125437737    0.780  1.483  3.7205  2.681    3  0.000  0.531     0.00     0.00 -1 -4.57e-13      0.00 7.539e-01 2.458e-01 4.647e-05 1.311e-05 1.168e-04 -1.000 2.757e-04 1.063 0.654 0.282 -0.033 -0.489 -0.655 -0.691 -0.701 -0.708 -0.381 -0.695 -0.383 -0.622 -0.651 -0.662 -0.682 -0.693 -0.698 -0.703 -0.710 -0.710 -0.710 -0.708 -0.546
0.00025205 -1.79000 10.11394 0.7829246521 2.4126029015    0.780  1.531  3.7189  2.626    3  0.000  0.530     0.00     0.00 -1 -5.56e-13      0.00 7.536e-01 2.461e-01 4.642e-05 1.316e-05 1.169e-04 -1.000 2.757e-04 0.942 0.532 0.157 -0.161 -0.620 -0.789 -0.824 -0.835 -0.842 -0.512 -0.829 -0.513 -0.755 -0.784 -0.795 -0.816 -0.827 -0.832 -0.837 -0.844 -0.843 -0.843 -0.841 -0.678
0.00025205 -1.79000 10.11394 0.7830663323 2.4126548767    0.780  1.578  3.7173  2.573    3  0.000  0.530     0.00     0.00 -1  -6.7e-13      0.00 7.535e-01 2.462e-01 4.640e-05 1.318e-05 1.169e-04 -1.000 2.754e-04 0.825 0.414 0.036 -0.284 -0.747 -0.918 -0.953 -0.964 -0.971 -0.639 -0.958 -0.639 -0.883 -0.913 -0.924 -0.945 -0.956 -0.961 -0.966 -0.973 -0.972 -0.971 -0.970 -0.805
0.00025205 -1.79000 10.11394 0.7831923962 2.4127011299    0.779  1.624  3.7156  2.521    3  0.000  0.530     0.00     0.00 -1 -8.02e-13      0.00 7.534e-01 2.463e-01 4.638e-05 1.320e-05 1.169e-04 -1.000 2.723e-04 0.711 0.300 -0.082 -0.404 -0.871 -1.043 -1.079 -1.090 -1.096 -0.762 -1.084 -0.761 -1.008 -1.038 -1.050 -1.070 -1.082 -1.087 -1.092 -1.099 -1.098 -1.096 -1.095 -0.930
0.00025205 -1.79000 10.11394 0.7833125591 2.4127452374    0.779  1.671  3.7139  2.466    3  0.000  0.530     0.00     0.00 -1 -9.64e-13      0.00 7.534e-01 2.463e-01 4.638e-05 1.321e-05 1.169e-04 -1.000 2.674e-04 0.593 0.181 -0.204 -0.529 -0.999 -1.174 -1.210 -1.221 -1.227 -0.890 -1.215 -0.889 -1.138 -1.169 -1.180 -1.201 -1.213 -1.218 -1.223 -1.231 -1.229 -1.227 -1.226 -1.059
0.00025205 -1.79000 10.11394 0.7834212780 2.4127852917    0.779  1.718  3.7122  2.413    3  0.000  0.530     0.00     0.00 -1 -1.15e-12      0.00 7.534e-01 2.464e-01 4.638e-05 1.321e-05 1.169e-04 -1.000 2.675e-04 0.476 0.063 -0.326 -0.653 -1.127 -1.303 -1.339 -1.351 -1.357 -1.017 -1.344 -1.015 -1.267 -1.298 -1.310 -1.330 -1.342 -1.348 -1.353 -1.361 -1.359 -1.356 -1.356 -1.187
0.00025205 -1.79000 10.11394 0.7835170627 2.4128203392    0.779  1.763  3.7105  2.361    3  0.000  0.530     0.00     0.00 -1 -1.37e-12      0.00 7.534e-01 2.464e-01 4.638e-05 1.321e-05 1.169e-04 -1.000 2.676e-04 0.364 -0.051 -0.442 -0.772 -1.249 -1.428 -1.464 -1.476 -1.482 -1.140 -1.470 -1.137 -1.391 -1.423 -1.434 -1.455 -1.468 -1.473 -1.478 -1.486 -1.484 -1.481 -1.481 -1.310
0.00025205 -1.79000 10.11394 0.7836050391 2.4128525257    0.779  1.807  3.7088  2.309    3  0.000  0.530     0.00     0.00 -1 -8.61e-16      0.00 7.534e-01 2.464e-01 4.638e-05 1.321e-05 1.169e-04 -1.000 2.677e-04 0.251 -0.163 -0.559 -0.892 -1.372 -1.552 -1.589 -1.602 -1.607 -1.262 -1.595 -1.259 -1.515 -1.547 -1.559 -1.580 -1.593 -1.599 -1.604 -1.611 -1.610 -1.605 -1.605 -1.433
0.00025205 -1.79000 10.11394 0.7836901546 2.4128837585    0.779  1.855  3.7070  2.255    3  0.000  0.530     0.00     0.00 -1 -3.52e-17      0.00 7.534e-01 2.464e-01 4.638e-05 1.321e-05 1.169e-04 -1.000 2.676e-04 0.134 -0.282 -0.680 -1.016 -1.501 -1.683 -1.720 -1.733 -1.738 -1.390 -1.726 -1.386 -1.645 -1.678 -1.690 -1.711 -1.724 -1.730 -1.735 -1.743 -1.741 -1.735 -1.736 -1.562
0.00025205 -1.79000 10.11394 0.7837647200 2.4129111767    0.779  1.899  3.7052  2.203    3  0.000  0.530     0.00     0.00 -1 -4.21e-17      0.00 7.533e-01 2.464e-01 4.638e-05 1.321e-05 1.169e-04 -1.000 2.677e-04 0.022 -0.394 -0.797 -1.136 -1.624 -1.808 -1.846 -1.859 -1.864 -1.513 -1.852 -1.508 -1.769 -1.803 -1.815 -1.836 -1.850 -1.856 -1.861 -1.869 -1.866 -1.860 -1.861 -1.686
0.00025205 -1.79000 10.11394 0.7838333249 2.4129364491    0.778  1.944  3.7033  2.150    3  0.000  0.530     0.00     0.00 -1    -5e-17      0.00 7.533e-01 2.464e-01 4.638e-05 1.321e-05 1.169e-04 -1.000 2.677e-04 -0.090 -0.506 -0.912 -1.254 -1.747 -1.933 -1.971 -1.984 -1.989 -1.635 -1.977 -1.629 -1.894 -1.928 -1.940 -1.961 -1.975 -1.981 -1.986 -1.994 -1.992 -1.985 -1.986 -1.809
0.00025205 -1.79000 10.11394 0.7838982344 2.4129600525    0.778  1.990  3.7015  2.097    3  0.000  0.530     0.00     0.00 -1 -5.93e-17      0.00 7.533e-01 2.464e-01 4.637e-05 1.321e-05 1.169e-04 -1.000 2.677e-04 -0.205 -0.621 -1.031 -1.376 -1.872 -2.060 -2.099 -2.113 -2.116 -1.760 -2.105 -1.753 -2.021 -2.055 -2.068 -2.088 -2.103 -2.109 -2.114 -2.122 -2.120 -2.112 -2.113 -1.936
0.00025205 -1.79000 10.11394 0.7839553952 2.4129810333    0.778  2.033  3.6996  2.047    3  0.000  0.530     0.00     0.00 -1 -6.94e-17      0.00 7.533e-01 2.464e-01 4.637e-05 1.322e-05 1.169e-04 -1.000 2.678e-04 -0.312 -0.728 -1.142 -1.491 -1.991 -2.182 -2.220 -2.234 -2.238 -1.879 -2.227 -1.871 -2.141 -2.176 -2.189 -2.209 -2.225 -2.231 -2.236 -2.244 -2.241 -2.232 -2.234 -2.055
0.00025205 -1.79000 10.11394 0.7840104103 2.4130012989    0.778  2.076  3.6978  1.996    3  0.000  0.530     0.00     0.00 -1 -8.12e-17      0.00 7.533e-01 2.464e-01 4.637e-05 1.322e-05 1.169e-04 -1.000 2.678e-04 -0.420 -0.837 -1.255 -1.606 -2.111 -2.303 -2.342 -2.356 -2.359 -1.998 -2.349 -1.989 -2.262 -2.298 -2.311 -2.331 -2.347 -2.353 -2.358 -2.366 -2.363 -2.353 -2.355 -2.175
0.00025205 -1.79000 10.11394 0.7840675116 2.4130220413    0.777  2.119  3.6960  1.946    3  0.000  0.530     0.00     0.00 -1 -9.52e-17      0.00 7.533e-01 2.464e-01 4.637e-05 1.322e-05 1.169e-04 -1.000 2.678e-04 -0.527 -0.944 -1.366 -1.720 -2.228 -2.423 -2.462 -2.477 -2.479 -2.115 -2.469 -2.106 -2.381 -2.417 -2.430 -2.451 -2.467 -2.473 -2.479 -2.487 -2.483 -2.473 -2.475 -2.293
0.00025205 -1.79000 10.11394 0.7841185927 2.4130408764    0.777  2.144  3.6950  1.917    3  0.000  0.530     0.00     0.00 -1 -1.06e-16      0.00 7.533e-01 2.464e-01 4.637e-05 1.322e-05 1.169e-04 -1.000 2.678e-04 -0.589 -1.006 -1.430 -1.786 -2.296 -2.492 -2.532 -2.547 -2.549 -2.184 -2.539 -2.173 -2.450 -2.487 -2.500 -2.520 -2.537 -2.543 -2.549 -2.557 -2.553 -2.542 -2.544 -2.362
0.00025205 -1.79000 10.11394 0.7841506600 2.4130525589    0.777  2.135  3.6957  1.928    3  0.000  0.530     0.00     0.00 -1 -1.07e-16      0.00 7.533e-01 2.464e-01 4.637e-05 1.322e-05 1.169e-04 -1.000 2.679e-04 -0.567 -0.984 -1.407 -1.761 -2.270 -2.465 -2.505 -2.519 -2.522 -2.157 -2.511 -2.147 -2.423 -2.460 -2.473 -2.493 -2.510 -2.516 -2.521 -2.529 -2.526 -2.515 -2.517 -2.335
0.00025205 -1.79000 10.11394 0.7841581106 2.4130554199    0.777  2.142  3.6953  1.919    3  0.000  0.530     0.00     0.00 -1  -1.1e-16      0.00 7.533e-01 2.464e-01 4.637e-05 1.322e-05 1.169e-04 -1.000 2.678e-04 -0.585 -1.003 -1.426 -1.781 -2.291 -2.486 -2.526 -2.541 -2.543 -2.178 -2.533 -2.168 -2.445 -2.481 -2.494 -2.514 -2.531 -2.537 -2.543 -2.551 -2.547 -2.536 -2.538 -2.356
0.00025205 -1.79000 10.11394 0.7841963172 2.4130692482    0.776  2.185  3.6934  1.869    3  0.000  0.530     0.00     0.00 -1 -1.26e-16      0.00 7.533e-01 2.464e-01 4.637e-05 1.322e-05 1.169e-04 -1.000 2.679e-04 -0.692 -1.109 -1.536 -1.895 -2.409 -2.607 -2.647 -2.662 -2.663 -2.296 -2.653 -2.285 -2.564 -2.601 -2.614 -2.635 -2.652 -2.658 -2.664 -2.672 -2.668 -2.655 -2.658 -2.475
0.00025205 -1.79000 10.11394 0.7842317224 2.4130823612    0.776  2.226  3.6915  1.820    3  0.000  0.530     0.00     0.00 -1 -1.45e-16      0.00 7.533e-01 2.464e-01 4.637e-05 1.322e-05 1.169e-04 -1.000 2.679e-04 -0.796 -1.213 -1.644 -2.006 -2.524 -2.724 -2.764 -2.780 -2.781 -2.410 -2.771 -2.398 -2.680 -2.718 -2.732 -2.752 -2.770 -2.776 -2.782 -2.790 -2.786 -2.771 -2.774 -2.591
0.00025205 -1.79000 10.11394 0.7842656374 2.4130947590    0.776  2.269  3.6895  1.769    3  0.000  0.530     0.00     0.00 -1 -1.66e-16      0.00 7.533e-01 2.464e-01 4.637e-05 1.322e-05 1.169e-04 -1.000 2.679e-04 -0.902 -1.319 -1.754 -2.120 -2.642 -2.845 -2.886 -2.902 -2.902 -2.529 -2.893 -2.516 -2.801 -2.839 -2.853 -2.873 -2.892 -2.898 -2.904 -2.912 -2.907 -2.890 -2.894 -2.710
0.00025205 -1.79000 10.11394 0.7842943668 2.4131052494    0.775  2.307  3.6876  1.722    3  0.000  0.530     0.00     0.00 -1 -1.89e-16      0.00 7.533e-01 2.464e-01 4.637e-05 1.322e-05 1.169e-04 -1.000 2.680e-04 -0.999 -1.415 -1.854 -2.223 -2.750 -2.955 -2.996 -3.012 -3.012 -2.636 -3.003 -2.622 -2.910 -2.949 -2.963 -2.982 -3.002 -3.008 -3.015 -3.023 -3.017 -2.999 -3.003 -2.818
0.00025205 -1.79000 10.11394 0.7843219638 2.4131152630    0.775  2.347  3.6857  1.675    3  0.000  0.530     0.00     0.00 -1 -2.14e-16      0.00 7.533e-01 2.464e-01 4.637e-05 1.322e-05 1.169e-04 -1.000 2.680e-04 -1.098 -1.514 -1.957 -2.329 -2.860 -3.067 -3.109 -3.126 -3.124 -2.746 -3.116 -2.731 -3.022 -3.061 -3.075 -3.095 -3.115 -3.122 -3.128 -3.137 -3.130 -3.110 -3.115 -2.929
0.00025205 -1.79000 10.11394 0.7843465805 2.4131243229    0.774  2.385  3.6838  1.629    3  0.000  0.530     0.00     0.00 -1 -2.42e-16      0.00 7.533e-01 2.464e-01 4.637e-05 1.322e-05 1.169e-04 -1.000 2.680e-04 -1.192 -1.608 -2.056 -2.431 -2.966 -3.176 -3.217 -3.235 -3.232 -2.852 -3.225 -2.836 -3.129 -3.170 -3.184 -3.203 -3.224 -3.231 -3.237 -3.246 -3.239 -3.216 -3.222 -3.036
0.00025205 -1.79000 10.11394 0.7843695283 2.4131326675    0.774  2.423  3.6820  1.584    3  0.000  0.530     0.00     0.00 -1 -2.72e-16      0.00 7.533e-01 2.464e-01 4.637e-05 1.322e-05 1.169e-04 -1.000 2.680e-04 -1.287 -1.702 -2.154 -2.532 -3.072 -3.284 -3.325 -3.343 -3.340 -2.957 -3.333 -2.940 -3.237 -3.278 -3.292 -3.311 -3.332 -3.339 -3.346 -3.355 -3.347 -3.323 -3.329 -3.142
0.00025205 -1.79000 10.11394 0.7843910456 2.4131405354    0.773  2.461  3.6801  1.538    3  0.000  0.530     0.00     0.00 -1 -3.06e-16      0.00 7.533e-01 2.464e-01 4.637e-05 1.322e-05 1.169e-04 -1.000 2.680e-04 -1.381 -1.795 -2.251 -2.633 -3.178 -3.392 -3.433 -3.452 -3.448 -3.062 -3.442 -3.044 -3.344 -3.385 -3.400 -3.418 -3.441 -3.448 -3.455 -3.463 -3.456 -3.429 -3.435 -3.248
0.00025205 -1.79000 10.11394 0.7844148874 2.4131493568    0.773  2.506  3.6777  1.483    3  0.000  0.530     0.00     0.00 -1 -3.51e-16      0.00 7.533e-01 2.464e-01 4.637e-05 1.322e-05 1.169e-04 -1.000 2.680e-04 -1.494 -1.905 -2.367 -2.754 -3.304 -3.521 -3.563 -3.582 -3.577 -3.188 -3.572 -3.169 -3.472 -3.514 -3.529 -3.546 -3.571 -3.578 -3.585 -3.594 -3.585 -3.556 -3.563 -3.376
0.00025205 -1.79000 10.11394 0.7844328880 2.4131557941    0.772  2.542  3.6758  1.439    3  0.000  0.530     0.00     0.00 -1 -3.92e-16      0.00 7.533e-01 2.464e-01 4.637e-05 1.322e-05 1.169e-04 -1.000 2.680e-04 -1.585 -1.994 -2.461 -2.851 -3.406 -3.625 -3.667 -3.688 -3.681 -3.289 -3.676 -3.269 -3.575 -3.618 -3.634 -3.650 -3.676 -3.683 -3.690 -3.699 -3.690 -3.658 -3.666 -3.478
0.00025205 -1.79000 10.11394 0.7844527364 2.4131631851    0.771  2.585  3.6735  1.386    3  0.000  0.530     0.00     0.00 -1 -4.46e-16      0.00 7.533e-01 2.464e-01 4.637e-05 1.322e-05 1.169e-04 -1.000 2.680e-04 -1.692 -2.100 -2.573 -2.967 -3.527 -3.749 -3.791 -3.813 -3.805 -3.410 -3.801 -3.389 -3.698 -3.742 -3.758 -3.773 -3.801 -3.808 -3.815 -3.824 -3.815 -3.780 -3.788 -3.600
0.00025205 -1.79000 10.11394 0.7844711542 2.4131698608    0.770  2.628  3.6712  1.334    3  0.000  0.530     0.00     0.00 -1 -5.08e-16      0.00 7.533e-01 2.464e-01 4.637e-05 1.322e-05 1.169e-04 -1.000 2.681e-04 -1.800 -2.205 -2.684 -3.083 -3.648 -3.873 -3.916 -3.938 -3.929 -3.531 -3.925 -3.508 -3.821 -3.866 -3.882 -3.896 -3.926 -3.933 -3.940 -3.950 -3.940 -3.901 -3.910 -3.722
0.00025205 -1.79000 10.11394 0.7844887972 2.4131762981    0.769  2.672  3.6688  1.279    3  0.000  0.530     0.00     0.00 -1 -5.79e-16      0.00 7.533e-01 2.465e-01 4.637e-05 1.322e-05 1.169e-04 -1.000 2.681e-04 -1.910 -2.314 -2.798 -3.202 -3.772 -4.000 -4.043 -4.066 -4.056 -3.655 -4.054 -3.631 -3.948 -3.993 -4.010 -4.023 -4.055 -4.062 -4.069 -4.078 -4.068 -4.026 -4.036 -3.847
0.00025205 -1.79000 10.11394 0.7845033407 2.4131817818    0.769  2.711  3.6665  1.231    3  0.000  0.530     0.00     0.00 -1  -6.5e-16      0.00 7.533e-01 2.465e-01 4.637e-05 1.322e-05 1.169e-04 -1.000 2.680e-04 -2.008 -2.409 -2.899 -3.307 -3.883 -4.114 -4.158 -4.182 -4.170 -3.765 -4.168 -3.741 -4.061 -4.107 -4.124 -4.136 -4.170 -4.177 -4.184 -4.194 -4.183 -4.137 -4.148 -3.959
0.00025205 -1.79000 10.11394 0.7845179439 2.4131870270    0.767  2.753  3.6642  1.179    3  0.000  0.530     0.00     0.00 -1 -7.35e-16      0.00 7.533e-01 2.465e-01 4.637e-05 1.322e-05 1.169e-04 -1.000 2.681e-04 -2.113 -2.511 -3.008 -3.421 -4.002 -4.236 -4.279 -4.305 -4.291 -3.884 -4.290 -3.858 -4.181 -4.229 -4.246 -4.256 -4.292 -4.300 -4.307 -4.317 -4.305 -4.255 -4.268 -4.079
0.00025205 -1.79000 10.11394 0.7845307589 2.4131917953    0.766  2.793  3.6618  1.129    3  0.000  0.530     0.00     0.00 -1 -8.25e-16      0.00 7.533e-01 2.465e-01 4.637e-05 1.322e-05 1.169e-04 -1.000 2.680e-04 -2.211 -2.606 -3.110 -3.527 -4.115 -4.352 -4.395 -4.421 -4.406 -3.996 -4.406 -3.969 -4.296 -4.344 -4.361 -4.370 -4.409 -4.416 -4.424 -4.434 -4.421 -4.367 -4.381 -4.192
0.00025205 -1.79000 10.11394 0.7845426202 2.4131960869    0.765  2.832  3.6595  1.080    3  0.000  0.530     0.00     0.00 -1 -9.24e-16      0.00 7.533e-01 2.465e-01 4.637e-05 1.322e-05 1.169e-04 -1.000 2.680e-04 -2.309 -2.701 -3.211 -3.633 -4.226 -4.466 -4.509 -4.536 -4.520 -4.107 -4.521 -4.079 -4.409 -4.458 -4.476 -4.482 -4.524 -4.531 -4.539 -4.549 -4.536 -4.478 -4.492 -4.305
0.00025205 -1.79000 10.11394 0.7845537663 2.4132001400    0.764  2.871  3.6572  1.031    3  0.000  0.530     0.00     0.00 -1 -1.03e-15      0.00 7.533e-01 2.465e-01 4.637e-05 1.322e-05 1.169e-04 -1.000 2.681e-04 -2.407 -2.796 -3.312 -3.739 -4.338 -4.581 -4.623 -4.652 -4.634 -4.218 -4.636 -4.189 -4.522 -4.572 -4.591 -4.595 -4.640 -4.647 -4.655 -4.666 -4.651 -4.589 -4.604 -4.417
0.00025205 -1.79000 10.11394 0.7845635414 2.4132037163    0.763  2.907  3.6550  0.985    3  0.000  0.530     0.00     0.00 -1 -1.15e-15      0.00 7.533e-01 2.465e-01 4.637e-05 1.322e-05 1.169e-04 -1.000 2.681e-04 -2.499 -2.884 -3.407 -3.838 -4.443 -4.689 -4.731 -4.761 -4.742 -4.323 -4.744 -4.292 -4.629 -4.680 -4.698 -4.700 -4.748 -4.756 -4.764 -4.775 -4.760 -4.693 -4.710 -4.523
0.00025205 -1.79000 10.11394 0.7845730782 2.4132072926    0.761  2.945  3.6527  0.937    3  0.000  0.530     0.00     0.00 -1 -1.28e-15      0.00 7.533e-01 2.465e-01 4.637e-05 1.322e-05 1.169e-04 -1.000 2.681e-04 -2.593 -2.974 -3.504 -3.941 -4.551 -4.800 -4.842 -4.874 -4.853 -4.431 -4.856 -4.399 -4.739 -4.791 -4.810 -4.810 -4.861 -4.868 -4.876 -4.888 -4.872 -4.801 -4.819 -4.632
0.00025205 -1.79000 10.11394 0.7845815420 2.4132103920    0.760  2.981  3.6504  0.891    3  0.000  0.530     0.00     0.00 -1 -1.42e-15      0.00 7.533e-01 2.465e-01 4.637e-05 1.322e-05 1.169e-04 -1.000 2.681e-04 -2.682 -3.056 -3.594 -4.036 -4.653 -4.904 -4.946 -4.980 -4.958 -4.532 -4.961 -4.499 -4.842 -4.895 -4.915 -4.912 -4.966 -4.974 -4.982 -4.994 -4.978 -4.903 -4.922 -4.734
0.00025205 -1.79000 10.11394 0.7845893502 2.4132132530    0.758  3.016  3.6482  0.847    3  0.000  0.530     0.00     0.00 -1 -1.57e-15      0.00 7.533e-01 2.465e-01 4.637e-05 1.322e-05 1.169e-04 -1.000 2.681e-04 -2.769 -3.137 -3.682 -4.130 -4.752 -5.007 -5.048 -5.084 -5.060 -4.631 -5.064 -4.597 -4.943 -4.998 -5.018 -5.012 -5.070 -5.078 -5.086 -5.098 -5.081 -5.002 -5.022 -4.835
0.00025205 -1.79000 10.11394 0.7845971584 2.4132158756    0.756  3.052  3.6459  0.800    3  0.000  0.530     0.00     0.00 -1 -1.74e-15      0.00 7.533e-01 2.465e-01 4.637e-05 1.322e-05 1.169e-04 -1.000 2.681e-04 -2.860 -3.222 -3.775 -4.228 -4.857 -5.115 -5.156 -5.193 -5.168 -4.735 -5.172 -4.700 -5.050 -5.105 -5.126 -5.118 -5.179 -5.187 -5.196 -5.208 -5.191 -5.107 -5.128 -4.940
0.00025205 -1.79000 10.11394 0.7846036553 2.4132182598    0.754  3.084  3.6438  0.758    3  0.000  0.530     0.00     0.00 -1  -1.9e-15      0.00 7.533e-01 2.465e-01 4.637e-05 1.322e-05 1.169e-04 -1.000 2.681e-04 -2.941 -3.296 -3.857 -4.316 -4.950 -5.210 -5.251 -5.290 -5.264 -4.828 -5.268 -4.791 -5.144 -5.201 -5.222 -5.211 -5.276 -5.284 -5.293 -5.305 -5.288 -5.200 -5.221 -5.034
0.00025205 -1.79000 10.11394 0.7846104503 2.4132208824    0.752  3.120  3.6416  0.713    3  0.000  0.530     0.00     0.00 -1  -2.1e-15      0.00 7.533e-01 2.465e-01 4.637e-05 1.322e-05 1.169e-04 -1.000 2.681e-04 -3.029 -3.378 -3.946 -4.411 -5.051 -5.314 -5.355 -5.396 -5.368 -4.928 -5.372 -4.891 -5.247 -5.305 -5.326 -5.312 -5.381 -5.389 -5.398 -5.411 -5.393 -5.300 -5.323 -5.136
0.00025205 -1.79000 10.11394 0.7846164703 2.4132230282    0.750  3.153  3.6394  0.670    3  0.000  0.530     0.00     0.00 -1 -2.31e-15      0.00 7.533e-01 2.465e-01 4.637e-05 1.322e-05 1.169e-04 -1.000 2.682e-04 -3.112 -3.454 -4.030 -4.500 -5.146 -5.413 -5.453 -5.496 -5.466 -5.024 -5.471 -4.984 -5.344 -5.403 -5.425 -5.408 -5.480 -5.489 -5.498 -5.511 -5.493 -5.396 -5.419 -5.232
0.00025205 -1.79000 10.11394 0.7846221328 2.4132251740    0.748  3.185  3.6372  0.627    3  0.000  0.530     0.00     0.00 -1 -2.54e-15      0.00 7.533e-01 2.465e-01 4.637e-05 1.322e-05 1.169e-04 -1.000 2.681e-04 -3.194 -3.527 -4.111 -4.588 -5.240 -5.510 -5.549 -5.594 -5.564 -5.117 -5.569 -5.077 -5.439 -5.500 -5.523 -5.502 -5.579 -5.587 -5.597 -5.610 -5.591 -5.490 -5.515 -5.327
0.00025205 -1.79000 10.11394 0.7846276164 2.4132270813    0.746  3.218  3.6351  0.585    3  0.000  0.530     0.00     0.00 -1 -2.78e-15      0.00 7.533e-01 2.465e-01 4.637e-05 1.322e-05 1.169e-04 -1.000 2.681e-04 -3.275 -3.601 -4.193 -4.675 -5.333 -5.607 -5.646 -5.692 -5.660 -5.210 -5.666 -5.169 -5.535 -5.596 -5.620 -5.596 -5.676 -5.685 -5.695 -5.709 -5.689 -5.584 -5.609 -5.421
0.00025205 -1.79000 10.11394 0.7846326828 2.4132289886    0.743  3.249  3.6331  0.544    3  0.000  0.530     0.00     0.00 -1 -3.04e-15      0.00 7.533e-01 2.465e-01 4.637e-05 1.322e-05 1.169e-04 -1.000 2.681e-04 -3.353 -3.670 -4.270 -4.758 -5.422 -5.699 -5.737 -5.786 -5.753 -5.299 -5.758 -5.256 -5.625 -5.688 -5.712 -5.686 -5.769 -5.778 -5.788 -5.802 -5.782 -5.674 -5.700 -5.511
0.00025205 -1.79000 10.11394 0.7846382260 2.4132308960    0.740  3.282  3.6310  0.501    3  0.000  0.530     0.00     0.00 -1 -3.35e-15      0.00 7.533e-01 2.465e-01 4.637e-05 1.322e-05 1.169e-04 -1.000 2.681e-04 -3.435 -3.744 -4.352 -4.846 -5.516 -5.797 -5.834 -5.884 -5.850 -5.393 -5.856 -5.348 -5.721 -5.785 -5.810 -5.780 -5.868 -5.877 -5.887 -5.901 -5.881 -5.768 -5.795 -5.605
0.00025205 -1.79000 10.11394 0.7846382260 2.4132308960    0.720  1.674  3.8773  3.083    4  0.000  0.529     0.00     0.00 -1    -1e-30      0.00 7.510e-01 2.487e-01 4.692e-05 1.348e-05 1.185e-04 -1.000 2.756e-04 0.586 0.372 0.256 0.162 0.049 0.010 -0.001 -0.004 -0.011 0.083 -0.003 0.070 0.021 0.011 0.009 0.004 -0.003 -0.003 -0.004 -0.010 -0.011 -0.013 -0.012 0.037
0.00025205 -1.79000 10.11394 0.7846414447 2.4132320881    0.720  1.687  3.8713  3.046    4  0.000  0.529     0.00     0.00 -1    -1e-30      0.00 7.510e-01 2.487e-01 4.692e-05 1.348e-05 1.185e-04 -1.000 2.756e-04 0.553 0.325 0.200 0.099 -0.026 -0.068 -0.080 -0.084 -0.090 0.011 -0.082 -0.004 -0.058 -0.067 -0.070 -0.075 -0.082 -0.082 -0.084 -0.089 -0.090 -0.092 -0.091 -0.040
0.00025205 -1.79000 10.11394 0.7846958637 2.4132521152    0.721  1.695  3.8677  3.023    4  0.000  0.529     0.00     0.00 -1    -1e-30      0.00 7.510e-01 2.487e-01 4.692e-05 1.348e-05 1.185e-04 -1.000 2.757e-04 0.532 0.295 0.166 0.060 -0.072 -0.116 -0.128 -0.131 -0.137 -0.032 -0.129 -0.048 -0.105 -0.115 -0.117 -0.123 -0.130 -0.130 -0.131 -0.136 -0.137 -0.140 -0.139 -0.086
0.00025205 -1.79000 10.11394 0.7847508192 2.4132721424    0.721  1.695  3.8686  3.027    4  0.000  0.529     0.00     0.00 -1    -1e-30      0.00 7.510e-01 2.487e-01 4.692e-05 1.348e-05 1.185e-04 -1.000 2.756e-04 0.532 0.297 0.169 0.064 -0.066 -0.109 -0.122 -0.125 -0.131 -0.027 -0.123 -0.042 -0.099 -0.108 -0.111 -0.116 -0.123 -0.123 -0.125 -0.130 -0.131 -0.134 -0.133 -0.080
0.00025205 -1.79000 10.11394 0.7848070264 2.4132926464    0.721  1.695  3.8696  3.031    4  0.000  0.529     0.00     0.00 -1    -1e-30      0.00 7.510e-01 2.487e-01 4.692e-05 1.348e-05 1.185e-04 -1.000 2.756e-04 0.532 0.300 0.173 0.070 -0.058 -0.101 -0.113 -0.117 -0.123 -0.020 -0.115 -0.035 -0.091 -0.100 -0.103 -0.108 -0.115 -0.115 -0.117 -0.122 -0.123 -0.126 -0.125 -0.072
0.00025205 -1.79000 10.11394 0.7848627567 2.4133131504    0.721  1.695  3.8708  3.036    4  0.000  0.529     0.00     0.00 -1    -1e-30      0.00 7.510e-01 2.487e-01 4.692e-05 1.348e-05 1.185e-04 -1.000 2.756e-04 0.533 0.303 0.178 0.076 -0.049 -0.092 -0.104 -0.107 -0.113 -0.012 -0.105 -0.026 -0.081 -0.091 -0.093 -0.098 -0.105 -0.105 -0.107 -0.112 -0.113 -0.116 -0.115 -0.063
0.00025205 -1.79000 10.11394 0.7849150896 2.4133322239    0.721  1.695  3.8720  3.041    4  0.000  0.529     0.00     0.00 -1    -1e-30      0.00 7.510e-01 2.487e-01 4.692e-05 1.348e-05 1.185e-04 -1.000 2.756e-04 0.534 0.307 0.183 0.083 -0.040 -0.082 -0.094 -0.097 -0.104 -0.003 -0.095 -0.018 -0.071 -0.081 -0.083 -0.089 -0.096 -0.096 -0.097 -0.103 -0.104 -0.106 -0.105 -0.054
0.00025205 -1.79000 10.11394 0.7849665284 2.4133510590    0.721  1.694  3.8732  3.046    4  0.000  0.529     0.00     0.00 -1    -1e-30      0.00 7.510e-01 2.487e-01 4.692e-05 1.348e-05 1.185e-04 -1.000 2.756e-04 0.535 0.311 0.188 0.090 -0.031 -0.072 -0.084 -0.088 -0.094 0.005 -0.086 -0.009 -0.062 -0.071 -0.074 -0.079 -0.086 -0.086 -0.088 -0.093 -0.094 -0.096 -0.095 -0.044
0.00025205 -1.79000 10.11394 0.7850186229 2.4133701324    0.721  1.694  3.8743  3.051    4  0.000  0.529     0.00     0.00 -1    -1e-30      0.00 7.510e-01 2.487e-01 4.692e-05 1.348e-05 1.185e-04 -1.000 2.756e-04 0.536 0.314 0.194 0.096 -0.022 -0.063 -0.075 -0.078 -0.084 0.013 -0.076 -0.001 -0.052 -0.062 -0.064 -0.070 -0.077 -0.077 -0.078 -0.083 -0.084 -0.087 -0.086 -0.035
0.00025205 -1.79000 10.11394 0.7850731015 2.4133899212    0.721  1.693  3.8754  3.056    4  0.000  0.529     0.00     0.00 -1    -1e-30      0.00 7.510e-01 2.487e-01 4.692e-05 1.348e-05 1.185e-04 -1.000 2.757e-04 0.536 0.318 0.198 0.103 -0.014 -0.054 -0.066 -0.069 -0.076 0.021 -0.067 0.007 -0.044 -0.053 -0.055 -0.061 -0.068 -0.068 -0.069 -0.075 -0.076 -0.078 -0.077 -0.027
0.00025205 -1.79000 10.11394 0.7851268053 2.4134094715    0.721  1.693  3.8761  3.059    4  0.000  0.529     0.00     0.00 -1    -1e-30      0.00 7.510e-01 2.487e-01 4.692e-05 1.348e-05 1.185e-04 -1.000 2.756e-04 0.536 0.319 0.201 0.106 -0.009 -0.049 -0.060 -0.064 -0.070 0.025 -0.062 0.012 -0.038 -0.048 -0.050 -0.055 -0.062 -0.062 -0.064 -0.069 -0.070 -0.072 -0.071 -0.022
0.00025205 -1.79000 10.11394 0.7851820588 2.4134297371    0.721  1.694  3.8765  3.060    4  0.000  0.529     0.00     0.00 -1    -1e-30      0.00 7.510e-01 2.487e-01 4.692e-05 1.348e-05 1.185e-04 -1.000 2.756e-04 0.536 0.320 0.202 0.108 -0.006 -0.046 -0.058 -0.061 -0.068 0.027 -0.059 0.014 -0.036 -0.045 -0.047 -0.053 -0.060 -0.060 -0.061 -0.067 -0.068 -0.070 -0.069 -0.019
0.00025205 -1.79000 10.11394 0.7852368951 2.4134497643    0.721  1.694  3.8764  3.060    4  0.000  0.529     0.00     0.00 -1    -1e-30      0.00 7.510e-01 2.487e-01 4.692e-05 1.348e-05 1.185e-04 -1.000 2.756e-04 0.535 0.319 0.201 0.107 -0.007 -0.047 -0.059 -0.062 -0.069 0.026 -0.060 0.013 -0.037 -0.046 -0.048 -0.054 -0.061 -0.061 -0.062 -0.068 -0.069 -0.071 -0.070 -0.020
0.00025205 -1.79000 10.11394 0.7852910161 2.4134695530    0.721  1.695  3.8758  3.057    4  0.000  0.529     0.00     0.00 -1    -1e-30      0.00 7.510e-01 2.487e-01 4.692e-05 1.348e-05 1.185e-04 -1.000 2.756e-04 0.533 0.316 0.197 0.102 -0.013 -0.054 -0.065 -0.069 -0.075 0.021 -0.067 0.007 -0.043 -0.053 -0.055 -0.060 -0.067 -0.067 -0.069 -0.074 -0.075 -0.077 -0.076 -0.026
0.00025205 -1.79000 10.11394 0.7853435278 2.4134886265    0.721  1.696  3.8745  3.051    4  0.000  0.529     0.00     0.00 -1    -1e-30      0.00 7.510e-01 2.487e-01 4.692e-05 1.348e-05 1.185e-04 -1.000 2.756e-04 0.531 0.310 0.190 0.093 -0.025 -0.066 -0.078 -0.081 -0.087 0.010 -0.079 -0.004 -0.055 -0.065 -0.067 -0.072 -0.079 -0.079 -0.081 -0.086 -0.087 -0.089 -0.088 -0.038
0.00025205 -1.79000 10.11394 0.7853664160 2.4134969711    0.721  1.696  3.8740  3.048    4  0.000  0.529     0.00     0.00 -1    -1e-30      0.00 7.510e-01 2.487e-01 4.692e-05 1.348e-05 1.185e-04 -1.000 2.756e-04 0.530 0.308 0.186 0.089 -0.030 -0.071 -0.083 -0.086 -0.093 0.005 -0.084 -0.009 -0.061 -0.070 -0.072 -0.078 -0.085 -0.085 -0.086 -0.092 -0.093 -0.095 -0.094 -0.043
0.00025205 -1.79000 10.11394 0.7853955626 2.4135077000    0.721  1.697  3.8728  3.042    4  0.000  0.529     0.00     0.00 -1    -1e-30      0.00 7.510e-01 2.487e-01 4.692e-05 1.348e-05 1.185e-04 -1.000 2.756e-04 0.528 0.303 0.180 0.081 -0.041 -0.082 -0.094 -0.098 -0.104 -0.005 -0.096 -0.019 -0.072 -0.081 -0.084 -0.089 -0.096 -0.096 -0.098 -0.103 -0.104 -0.106 -0.105 -0.054
0.00025205 -1.79000 10.11394 0.7854471207 2.4135265350    0.721  1.699  3.8704  3.031    4  0.000  0.529     0.00     0.00 -1    -1e-30      0.00 7.510e-01 2.487e-01 4.692e-05 1.348e-05 1.185e-04 -1.000 2.756e-04 0.523 0.292 0.167 0.064 -0.062 -0.105 -0.117 -0.120 -0.126 -0.024 -0.118 -0.039 -0.094 -0.104 -0.106 -0.112 -0.119 -0.119 -0.120 -0.125 -0.126 -0.129 -0.128 -0.076
0.00025205 -1.79000 10.11394 0.7854997516 2.4135456085    0.721  1.701  3.8672  3.016    4  0.000  0.529     0.00     0.00 -1    -1e-30      0.00 7.510e-01 2.487e-01 4.692e-05 1.348e-05 1.185e-04 -1.000 2.756e-04 0.518 0.279 0.150 0.043 -0.089 -0.134 -0.146 -0.149 -0.155 -0.050 -0.147 -0.065 -0.123 -0.133 -0.135 -0.141 -0.148 -0.148 -0.149 -0.154 -0.155 -0.158 -0.157 -0.104
0.00025205 -1.79000 10.11394 0.7855542302 2.4135656357    0.721  1.703  3.8633  2.998    4  0.000  0.529     0.00     0.00 -1    -1e-30      0.00 7.510e-01 2.487e-01 4.692e-05 1.348e-05 1.185e-04 -1.000 2.757e-04 0.511 0.264 0.129 0.018 -0.123 -0.169 -0.182 -0.185 -0.191 -0.081 -0.183 -0.098 -0.159 -0.168 -0.171 -0.177 -0.184 -0.184 -0.185 -0.190 -0.191 -0.194 -0.193 -0.138
0.00025205 -1.79000 10.11394 0.7856104970 2.4135861397    0.722  1.707  3.8586  2.976    4  0.000  0.529     0.00     0.00 -1    -1e-30      0.00 7.510e-01 2.487e-01 4.692e-05 1.348e-05 1.185e-04 -1.000 2.756e-04 0.504 0.247 0.105 -0.013 -0.164 -0.212 -0.225 -0.229 -0.235 -0.119 -0.227 -0.137 -0.202 -0.211 -0.214 -0.220 -0.227 -0.227 -0.229 -0.234 -0.235 -0.238 -0.237 -0.180
0.00025205 -1.79000 10.11394 0.7856642008 2.4136056900    0.722  1.710  3.8533  2.951    4  0.000  0.529     0.00     0.00 -1    -1e-30      0.00 7.510e-01 2.487e-01 4.692e-05 1.348e-05 1.185e-04 -1.000 2.757e-04 0.495 0.227 0.078 -0.047 -0.209 -0.261 -0.274 -0.277 -0.284 -0.161 -0.276 -0.180 -0.250 -0.260 -0.262 -0.269 -0.275 -0.276 -0.278 -0.283 -0.283 -0.287 -0.285 -0.227
0.00025205 -1.79000 10.11394 0.7857183814 2.4136254787    0.722  1.714  3.8473  2.924    4  0.000  0.529     0.00     0.00 -1    -1e-30      0.00 7.510e-01 2.487e-01 4.692e-05 1.348e-05 1.185e-04 -1.000 2.756e-04 0.485 0.206 0.048 -0.084 -0.260 -0.315 -0.328 -0.332 -0.339 -0.208 -0.330 -0.228 -0.303 -0.314 -0.317 -0.324 -0.330 -0.331 -0.332 -0.338 -0.338 -0.342 -0.340 -0.279
0.00025205 -1.79000 10.11394 0.7857491374 2.4136366844    0.722  1.716  3.8437  2.907    4  0.000  0.529     0.00     0.00 -1    -1e-30      0.00 7.510e-01 2.487e-01 4.692e-05 1.348e-05 1.185e-04 -1.000 2.756e-04 0.479 0.194 0.031 -0.107 -0.290 -0.348 -0.361 -0.365 -0.372 -0.236 -0.363 -0.257 -0.336 -0.346 -0.349 -0.357 -0.362 -0.363 -0.365 -0.371 -0.371 -0.375 -0.373 -0.310
0.00025205 -1.79000 10.11394 0.7858009934 2.4136555195    0.722  1.721  3.8374  2.877    4  0.000  0.529     0.00     0.00 -1    -1e-30      0.00 7.510e-01 2.487e-01 4.692e-05 1.348e-05 1.185e-04 -1.000 2.756e-04 0.468 0.172 -0.000 -0.146 -0.344 -0.406 -0.419 -0.423 -0.430 -0.286 -0.421 -0.308 -0.393 -0.404 -0.407 -0.415 -0.421 -0.422 -0.424 -0.429 -0.430 -0.434 -0.431 -0.366
0.00025205 -1.79000 10.11394 0.7858527303 2.4136743546    0.722  1.725  3.8310  2.847    4  0.000  0.529     0.00     0.00 -1    -1e-30      0.00 7.510e-01 2.487e-01 4.692e-05 1.348e-05 1.185e-04 -1.000 2.756e-04 0.457 0.151 -0.032 -0.187 -0.399 -0.464 -0.479 -0.483 -0.490 -0.337 -0.481 -0.359 -0.452 -0.463 -0.466 -0.474 -0.480 -0.481 -0.484 -0.489 -0.489 -0.494 -0.491 -0.422
0.00025205 -1.79000 10.11394 0.7858695388 2.4136805534    0.722  1.727  3.8289  2.837    4  0.000  0.529     0.00     0.00 -1    -1e-30      0.00 7.510e-01 2.487e-01 4.692e-05 1.348e-05 1.185e-04 -1.000 2.756e-04 0.453 0.143 -0.042 -0.200 -0.417 -0.484 -0.499 -0.503 -0.509 -0.354 -0.501 -0.376 -0.471 -0.483 -0.486 -0.494 -0.500 -0.501 -0.503 -0.508 -0.509 -0.514 -0.511 -0.441
0.00025205 -1.79000 10.11394 0.7859144807 2.4136967659    0.722  1.732  3.8224  2.807    4  0.000  0.529     0.00     0.00 -1    -1e-30      0.00 7.510e-01 2.487e-01 4.692e-05 1.348e-05 1.185e-04 -1.000 2.756e-04 0.441 0.121 -0.074 -0.241 -0.472 -0.543 -0.558 -0.563 -0.569 -0.405 -0.560 -0.428 -0.530 -0.542 -0.545 -0.554 -0.560 -0.561 -0.564 -0.568 -0.569 -0.574 -0.571 -0.497
0.00025205 -1.79000 10.11394 0.7859629393 2.4137144089    0.722  1.737  3.8151  2.772    4  0.000  0.529     0.00     0.00 -1    -1e-30      0.00 7.510e-01 2.487e-01 4.692e-05 1.348e-05 1.185e-04 -1.000 2.757e-04 0.427 0.097 -0.110 -0.286 -0.534 -0.611 -0.627 -0.631 -0.638 -0.463 -0.629 -0.486 -0.597 -0.610 -0.613 -0.622 -0.628 -0.629 -0.632 -0.637 -0.638 -0.643 -0.639 -0.562
0.00025205 -1.79000 10.11394 0.7860093713 2.4137313366    0.722  1.742  3.8086  2.741    4  0.000  0.529     0.00     0.00 -1    -1e-30      0.00 7.510e-01 2.487e-01 4.692e-05 1.348e-05 1.185e-04 -1.000 2.756e-04 0.414 0.075 -0.142 -0.327 -0.590 -0.671 -0.688 -0.692 -0.699 -0.515 -0.690 -0.539 -0.657 -0.670 -0.673 -0.683 -0.689 -0.690 -0.693 -0.698 -0.699 -0.704 -0.700 -0.619
0.00025205 -1.79000 10.11394 0.7860573530 2.4137489796    0.722  1.748  3.8014  2.706    4  0.000  0.529     0.00     0.00 -1    -1e-30      0.00 7.510e-01 2.487e-01 4.692e-05 1.348e-05 1.185e-04 -1.000 2.756e-04 0.399 0.051 -0.178 -0.373 -0.652 -0.739 -0.757 -0.762 -0.769 -0.574 -0.759 -0.597 -0.724 -0.738 -0.742 -0.752 -0.758 -0.759 -0.763 -0.768 -0.768 -0.773 -0.770 -0.684
0.00025205 -1.79000 10.11394 0.7861043811 2.4137659073    0.722  1.754  3.7946  2.673    4  0.000  0.529     0.00     0.00 -1    -1e-30      0.00 7.510e-01 2.487e-01 4.692e-05 1.348e-05 1.185e-04 -1.000 2.756e-04 0.384 0.027 -0.212 -0.418 -0.712 -0.804 -0.822 -0.827 -0.835 -0.630 -0.825 -0.652 -0.788 -0.803 -0.807 -0.817 -0.823 -0.825 -0.828 -0.833 -0.834 -0.839 -0.836 -0.745
0.00025205 -1.79000 10.11394 0.7861519456 2.4137833118    0.722  1.760  3.7884  2.642    4  0.000  0.529     0.00     0.00 -1    -1e-30      0.00 7.510e-01 2.487e-01 4.692e-05 1.348e-05 1.185e-04 -1.000 2.756e-04 0.369 0.006 -0.245 -0.458 -0.767 -0.864 -0.883 -0.889 -0.896 -0.682 -0.886 -0.704 -0.847 -0.863 -0.867 -0.878 -0.884 -0.886 -0.890 -0.895 -0.895 -0.901 -0.897 -0.802
0.00025205 -1.79000 10.11394 0.7861995697 2.4138007164    0.722  1.767  3.7826  2.612    4  0.000  0.529     0.00     0.00 -1    -1e-30      0.00 7.510e-01 2.487e-01 4.692e-05 1.348e-05 1.185e-04 -1.000 2.756e-04 0.353 -0.017 -0.277 -0.499 -0.820 -0.922 -0.943 -0.949 -0.956 -0.733 -0.946 -0.754 -0.905 -0.921 -0.925 -0.937 -0.944 -0.946 -0.950 -0.955 -0.955 -0.961 -0.957 -0.857
0.00025205 -1.79000 10.11394 0.7862474918 2.4138181210    0.722  1.775  3.7766  2.580    4  0.000  0.529     0.00     0.00 -1    -1e-30      0.00 7.510e-01 2.487e-01 4.692e-05 1.348e-05 1.185e-04 -1.000 2.756e-04 0.332 -0.044 -0.314 -0.545 -0.880 -0.987 -1.008 -1.014 -1.022 -0.789 -1.011 -0.810 -0.969 -0.986 -0.990 -1.003 -1.009 -1.012 -1.015 -1.021 -1.022 -1.027 -1.023 -0.918
0.00025205 -1.79000 10.11394 0.7862570286 2.4138214588    0.722  1.776  3.7758  2.576    4  0.000  0.529     0.00     0.00 -1    -1e-30      0.00 7.510e-01 2.487e-01 4.692e-05 1.348e-05 1.185e-04 -1.000 2.756e-04 0.330 -0.046 -0.318 -0.550 -0.886 -0.994 -1.016 -1.022 -1.029 -0.796 -1.019 -0.816 -0.976 -0.993 -0.997 -1.010 -1.017 -1.020 -1.023 -1.028 -1.029 -1.035 -1.031 -0.925
0.00025205 -1.79000 10.11394 0.7863062620 2.4138395786    0.722  1.787  3.7697  2.541    4  0.000  0.529     0.00     0.00 -1    -1e-30      0.00 7.510e-01 2.487e-01 4.692e-05 1.348e-05 1.185e-04 -1.000 2.757e-04 0.303 -0.080 -0.362 -0.602 -0.952 -1.066 -1.088 -1.094 -1.102 -0.859 -1.091 -0.878 -1.046 -1.064 -1.069 -1.082 -1.089 -1.092 -1.096 -1.101 -1.102 -1.108 -1.104 -0.993
0.00025205 -1.79000 10.11394 0.7863546610 2.4138569832    0.722  1.803  3.7633  2.499    4  0.000  0.529     0.00     0.00 -1    -1e-30      0.00 7.510e-01 2.487e-01 4.692e-05 1.348e-05 1.185e-04 -1.000 2.757e-04 0.263 -0.125 -0.419 -0.668 -1.032 -1.151 -1.175 -1.182 -1.190 -0.936 -1.178 -0.953 -1.131 -1.150 -1.155 -1.169 -1.176 -1.180 -1.183 -1.189 -1.190 -1.196 -1.192 -1.074
0.00025205 -1.79000 10.11394 0.7863954306 2.4138720036    0.722  1.831  3.7550  2.437    4  0.000  0.529     0.00     0.00 -1    -1e-30      0.00 7.510e-01 2.487e-01 4.692e-05 1.348e-05 1.185e-04 -1.000 2.756e-04 0.192 -0.204 -0.512 -0.774 -1.155 -1.283 -1.309 -1.316 -1.325 -1.057 -1.312 -1.072 -1.261 -1.281 -1.287 -1.302 -1.310 -1.314 -1.318 -1.324 -1.325 -1.330 -1.326 -1.201
0.00025205 -1.79000 10.11394 0.7864174843 2.4138798714    0.722  1.867  3.7465  2.368    4  0.000  0.529     0.00     0.00 -1    -1e-30      0.00 7.510e-01 2.487e-01 4.692e-05 1.348e-05 1.185e-04 -1.000 2.756e-04 0.104 -0.299 -0.622 -0.897 -1.295 -1.432 -1.459 -1.467 -1.476 -1.195 -1.463 -1.207 -1.408 -1.430 -1.437 -1.452 -1.461 -1.465 -1.469 -1.475 -1.476 -1.481 -1.478 -1.344
0.00025205 -1.79000 10.11394 0.7864274979 2.4138836861    0.722  1.904  3.7387  2.300    4  0.000  0.529     0.00     0.00 -1    -1e-30      0.00 7.510e-01 2.487e-01 4.692e-05 1.348e-05 1.185e-04 -1.000 2.756e-04 0.009 -0.400 -0.736 -1.022 -1.438 -1.582 -1.611 -1.620 -1.629 -1.334 -1.615 -1.345 -1.556 -1.579 -1.587 -1.604 -1.613 -1.618 -1.621 -1.628 -1.629 -1.634 -1.631 -1.489
0.00025205 -1.79000 10.11394 0.7864319682 2.4138851166    0.722  1.944  3.7320  2.233    4  0.000  0.529     0.00     0.00 -1    -1e-30      0.00 7.510e-01 2.487e-01 4.692e-05 1.348e-05 1.185e-04 -1.000 2.758e-04 -0.089 -0.502 -0.851 -1.148 -1.577 -1.729 -1.760 -1.769 -1.778 -1.472 -1.764 -1.479 -1.700 -1.726 -1.734 -1.752 -1.762 -1.766 -1.771 -1.778 -1.778 -1.782 -1.779 -1.630
0.00025205 -1.79000 10.11394 0.7864340544 2.4138860703    0.722  1.982  3.7267  2.174    4  0.000  0.529     0.00     0.00 -1    -1e-30      0.00 7.510e-01 2.487e-01 4.692e-05 1.348e-05 1.185e-04 -1.000 2.756e-04 -0.184 -0.600 -0.960 -1.264 -1.705 -1.863 -1.894 -1.904 -1.913 -1.598 -1.899 -1.603 -1.832 -1.859 -1.868 -1.887 -1.897 -1.902 -1.906 -1.913 -1.914 -1.917 -1.914 -1.760
0.00025205 -1.79000 10.11394 0.7864348888 2.4138863087    0.722  2.006  3.7237  2.138    7  0.000  0.529     0.00     0.00 -1    -1e-30      0.00 7.510e-01 2.487e-01 4.692e-05 1.348e-05 1.185e-04 -1.000 2.756e-04 -0.245 -0.662 -1.027 -1.336 -1.783 -1.944 -1.976 -1.987 -1.996 -1.676 -1.981 -1.680 -1.913 -1.941 -1.949 -1.969 -1.979 -1.984 -1.988 -1.996 -1.996 -1.999 -1.997 -1.839
0.00025205 -1.79000 10.11394 0.7864359021 2.4138865471    0.722  2.046  3.7197  2.082    7  0.000  0.529     0.00     0.00 -1    -1e-30      0.00 7.510e-01 2.487e-01 4.692e-05 1.348e-05 1.185e-04 -1.000 2.756e-04 -0.346 -0.764 -1.137 -1.453 -1.908 -2.074 -2.107 -2.118 -2.126 -1.800 -2.112 -1.802 -2.041 -2.070 -2.079 -2.099 -2.110 -2.115 -2.119 -2.127 -2.127 -2.128 -2.126 -1.965
0.00025205 -1.79000 10.11394 0.7864367962 2.4138870239    0.722  2.085  3.7164  2.029    7  0.000  0.529     0.00     0.00 -1    -1e-30      0.00 7.510e-01 2.487e-01 4.692e-05 1.348e-05 1.185e-04 -1.000 2.756e-04 -0.443 -0.862 -1.242 -1.563 -2.025 -2.195 -2.229 -2.241 -2.248 -1.917 -2.234 -1.917 -2.161 -2.191 -2.201 -2.221 -2.232 -2.238 -2.242 -2.250 -2.249 -2.249 -2.248 -2.084
0.00025205 -1.79000 10.11394 0.7864376307 2.4138872623    0.722  2.119  3.7136  1.984    7  0.000  0.529     0.00     0.00 -1    -1e-30      0.00 7.510e-01 2.487e-01 4.692e-05 1.348e-05 1.185e-04 -1.000 2.756e-04 -0.528 -0.949 -1.334 -1.659 -2.127 -2.300 -2.335 -2.347 -2.354 -2.018 -2.340 -2.018 -2.265 -2.296 -2.306 -2.326 -2.338 -2.343 -2.348 -2.356 -2.355 -2.354 -2.353 -2.187
0.00025205 -1.79000 10.11394 0.7864384651 2.4138875008    0.722  2.151  3.7113  1.943    7  0.000  0.529     0.00     0.00 -1    -1e-30      0.00 7.510e-01 2.487e-01 4.692e-05 1.348e-05 1.185e-04 -1.000 2.756e-04 -0.606 -1.028 -1.418 -1.746 -2.219 -2.395 -2.430 -2.442 -2.449 -2.110 -2.436 -2.108 -2.360 -2.391 -2.401 -2.421 -2.434 -2.439 -2.444 -2.452 -2.451 -2.449 -2.448 -2.280
0.00025205 -1.79000 10.11394 0.7864397764 2.4138879776    0.722  2.183  3.7090  1.901    7  0.000  0.529     0.00     0.00 -1    -1e-30      0.00 7.510e-01 2.487e-01 4.692e-05 1.348e-05 1.185e-04 -1.000 2.756e-04 -0.689 -1.111 -1.506 -1.838 -2.316 -2.494 -2.530 -2.542 -2.549 -2.206 -2.536 -2.203 -2.458 -2.490 -2.500 -2.520 -2.534 -2.539 -2.544 -2.552 -2.551 -2.547 -2.547 -2.376
0.00025205 -1.79000 10.11394 0.7864422202 2.4138889313    0.722  2.162  3.7107  1.930    7  0.000  0.529     0.00     0.00 -1    -1e-30      0.00 7.510e-01 2.487e-01 4.692e-05 1.348e-05 1.185e-04 -1.000 2.757e-04 -0.635 -1.057 -1.448 -1.777 -2.252 -2.428 -2.463 -2.475 -2.482 -2.142 -2.469 -2.140 -2.392 -2.424 -2.434 -2.454 -2.467 -2.472 -2.477 -2.485 -2.484 -2.482 -2.481 -2.312
0.00025205 -1.79000 10.11394 0.7864462733 2.4138903618    0.722  2.133  3.7128  1.967    7  0.000  0.529     0.00     0.00 -1    -1e-30      0.00 7.510e-01 2.487e-01 4.692e-05 1.348e-05 1.185e-04 -1.000 2.756e-04 -0.564 -0.984 -1.371 -1.698 -2.167 -2.342 -2.376 -2.388 -2.396 -2.058 -2.382 -2.057 -2.307 -2.338 -2.347 -2.367 -2.380 -2.385 -2.390 -2.398 -2.397 -2.395 -2.395 -2.227
0.00025205 -1.79000 10.11394 0.7864706516 2.4138991833    0.722  2.152  3.7109  1.940    7  0.000  0.529     0.00     0.00 -1    -1e-30      0.00 7.510e-01 2.487e-01 4.692e-05 1.348e-05 1.185e-04 -1.000 2.756e-04 -0.611 -1.032 -1.423 -1.752 -2.226 -2.402 -2.437 -2.449 -2.456 -2.116 -2.443 -2.115 -2.366 -2.398 -2.408 -2.428 -2.441 -2.446 -2.451 -2.459 -2.458 -2.456 -2.455 -2.286
0.00025205 -1.79000 10.11394 0.7864854932 2.4139046669    0.722  2.184  3.7084  1.898    7  0.000  0.529     0.00     0.00 -1    -1e-30      0.00 7.510e-01 2.487e-01 4.692e-05 1.348e-05 1.185e-04 -1.000 2.756e-04 -0.691 -1.113 -1.509 -1.842 -2.321 -2.501 -2.537 -2.549 -2.555 -2.211 -2.542 -2.208 -2.464 -2.496 -2.507 -2.527 -2.541 -2.546 -2.551 -2.559 -2.557 -2.554 -2.554 -2.383
0.00025205 -1.79000 10.11394 0.7865034938 2.4139113426    0.722  2.224  3.7055  1.846    7  0.000  0.529     0.00     0.00 -1    -1e-30      0.00 7.510e-01 2.487e-01 4.692e-05 1.348e-05 1.185e-04 -1.000 2.756e-04 -0.791 -1.213 -1.615 -1.953 -2.439 -2.621 -2.658 -2.671 -2.676 -2.328 -2.664 -2.323 -2.583 -2.616 -2.627 -2.648 -2.662 -2.667 -2.673 -2.681 -2.679 -2.674 -2.674 -2.500
0.00025205 -1.79000 10.11394 0.7865218520 2.4139180183    0.723  2.267  3.7025  1.792    7  0.000  0.529     0.00     0.00 -1    -1e-30      0.00 7.510e-01 2.487e-01 4.692e-05 1.348e-05 1.185e-04 -1.000 2.757e-04 -0.897 -1.319 -1.728 -2.070 -2.563 -2.748 -2.786 -2.800 -2.804 -2.451 -2.792 -2.445 -2.710 -2.744 -2.755 -2.775 -2.790 -2.796 -2.801 -2.809 -2.807 -2.801 -2.802 -2.625
0.00025205 -1.79000 10.11394 0.7865383625 2.4139239788    0.723  2.309  3.6997  1.739    7  0.000  0.529     0.00     0.00 -1    -1e-30      0.00 7.510e-01 2.487e-01 4.692e-05 1.348e-05 1.185e-04 -1.000 2.757e-04 -1.002 -1.425 -1.839 -2.187 -2.685 -2.874 -2.912 -2.926 -2.930 -2.573 -2.918 -2.566 -2.834 -2.869 -2.881 -2.901 -2.917 -2.923 -2.928 -2.936 -2.934 -2.926 -2.927 -2.749
0.00025205 -1.79000 10.11394 0.7865529656 2.4139292240    0.723  2.350  3.6969  1.686    7  0.000  0.529     0.00     0.00 -1    -1e-30      0.00 7.510e-01 2.487e-01 4.691e-05 1.348e-05 1.185e-04 -1.000 2.734e-04 -1.106 -1.529 -1.949 -2.301 -2.806 -2.998 -3.037 -3.051 -3.054 -2.693 -3.043 -2.685 -2.957 -2.993 -3.005 -3.026 -3.042 -3.048 -3.053 -3.061 -3.058 -3.049 -3.051 -2.870
0.00025205 -1.79000 10.11394 0.7865658998 2.4139339924    0.723  2.392  3.6942  1.634    7  0.000  0.529     0.00     0.00 -1    -1e-30      0.00 7.511e-01 2.486e-01 4.689e-05 1.348e-05 1.185e-04 -1.000 2.727e-04 -1.210 -1.633 -2.059 -2.416 -2.926 -3.121 -3.161 -3.176 -3.178 -2.813 -3.167 -2.803 -3.080 -3.116 -3.129 -3.149 -3.166 -3.172 -3.178 -3.186 -3.183 -3.171 -3.173 -2.991
0.00025205 -1.79000 10.11394 0.7865772843 2.4139380455    0.723  2.433  3.6916  1.582    7  0.000  0.528     0.00     0.00 -1    -1e-30      0.00 7.511e-01 2.486e-01 4.682e-05 1.351e-05 1.185e-04 -1.000 2.727e-04 -1.314 -1.736 -2.167 -2.529 -3.045 -3.244 -3.284 -3.299 -3.301 -2.932 -3.291 -2.920 -3.201 -3.238 -3.251 -3.271 -3.289 -3.296 -3.302 -3.310 -3.306 -3.291 -3.294 -3.112
0.00025205 -1.79000 10.11394 0.7865872979 2.4139416218    0.723  2.475  3.6889  1.530    7  0.000  0.524     0.00     0.00 -1    -1e-30      0.00 7.511e-01 2.486e-01 4.654e-05 1.367e-05 1.185e-04 -1.000 2.730e-04 -1.417 -1.838 -2.275 -2.641 -3.163 -3.366 -3.406 -3.422 -3.422 -3.050 -3.413 -3.037 -3.322 -3.360 -3.373 -3.393 -3.412 -3.418 -3.424 -3.433 -3.428 -3.411 -3.415 -3.231
0.00025205 -1.79000 10.11394 0.7865964770 2.4139449596    0.723  2.516  3.6863  1.478    7  0.000  0.514     0.00     0.00 -1    -1e-30      0.00 7.510e-01 2.487e-01 4.584e-05 1.432e-05 1.185e-04 -1.000 2.757e-04 -1.520 -1.940 -2.383 -2.754 -3.283 -3.488 -3.528 -3.545 -3.545 -3.168 -3.536 -3.154 -3.443 -3.482 -3.496 -3.515 -3.535 -3.541 -3.548 -3.556 -3.550 -3.531 -3.536 -3.351
0.00025205 -1.79000 10.11394 0.7866047621 2.4139480591    0.723  2.557  3.6836  1.426    7  0.000  0.501     0.00     0.00 -1    -1e-30      0.00 7.510e-01 2.487e-01 4.479e-05 1.549e-05 1.185e-04 -1.000 2.756e-04 -1.623 -2.042 -2.492 -2.867 -3.401 -3.610 -3.651 -3.669 -3.667 -3.287 -3.659 -3.271 -3.564 -3.604 -3.618 -3.637 -3.658 -3.665 -3.671 -3.680 -3.673 -3.651 -3.656 -3.471
0.00025205 -1.79000 10.11394 0.7866125703 2.4139509201    0.723  2.598  3.6810  1.374    7  0.000  0.487     0.00     0.00 -1    -1e-30      0.00 7.510e-01 2.487e-01 4.359e-05 1.692e-05 1.185e-04 -1.000 2.756e-04 -1.726 -2.144 -2.600 -2.980 -3.520 -3.732 -3.773 -3.792 -3.789 -3.405 -3.782 -3.388 -3.685 -3.726 -3.740 -3.758 -3.781 -3.788 -3.794 -3.803 -3.796 -3.770 -3.777 -3.590
0.00025205 -1.79000 10.11394 0.7866198421 2.4139535427    0.723  2.640  3.6782  1.322    7  0.000  0.474     0.00     0.00 -1    -1e-30      0.00 7.509e-01 2.489e-01 4.245e-05 1.831e-05 1.185e-04 -1.000 2.069e-04 -1.829 -2.245 -2.707 -3.092 -3.639 -3.855 -3.896 -3.916 -3.911 -3.523 -3.905 -3.505 -3.806 -3.848 -3.863 -3.880 -3.905 -3.912 -3.918 -3.927 -3.920 -3.891 -3.898 -3.710
0.00025205 -1.79000 10.11394 0.7866267562 2.4139559269    0.723  2.681  3.6755  1.270    7  0.000  0.463     0.00     0.00 -1    -1e-30      0.00 7.508e-01 2.490e-01 4.144e-05 1.955e-05 1.185e-04 -1.000 2.757e-04 -1.933 -2.346 -2.815 -3.205 -3.758 -3.977 -4.019 -4.040 -4.033 -3.642 -4.028 -3.622 -3.928 -3.970 -3.986 -4.002 -4.028 -4.036 -4.042 -4.052 -4.043 -4.010 -4.018 -3.831
0.00025205 -1.79000 10.11394 0.7866333723 2.4139585495    0.723  2.722  3.6728  1.218    7  0.000  0.453     0.00     0.00 -1    -1e-30      0.00 7.507e-01 2.490e-01 4.055e-05 2.064e-05 1.185e-04 -1.000 2.757e-04 -2.035 -2.446 -2.922 -3.318 -3.877 -4.099 -4.142 -4.163 -4.155 -3.760 -4.151 -3.739 -4.048 -4.092 -4.108 -4.123 -4.151 -4.159 -4.166 -4.175 -4.166 -4.129 -4.138 -3.950
0.00025205 -1.79000 10.11394 0.7866397500 2.4139606953    0.723  2.763  3.6700  1.166    7  0.000  0.445     0.00     0.00 -1    -1e-30      0.00 7.505e-01 2.492e-01 3.981e-05 2.155e-05 1.184e-04 -1.000 2.758e-04 -2.139 -2.547 -3.030 -3.431 -3.997 -4.222 -4.265 -4.288 -4.278 -3.879 -4.275 -3.857 -4.170 -4.215 -4.231 -4.245 -4.276 -4.283 -4.290 -4.300 -4.290 -4.249 -4.259 -4.071
0.00025205 -1.79000 10.11394 0.7866454720 2.4139628410    0.723  2.805  3.6673  1.113    7  0.000  0.438     0.00     0.00 -1    -1e-30      0.00 7.503e-01 2.494e-01 3.915e-05 2.237e-05 1.184e-04 -1.000 2.757e-04 -2.243 -2.649 -3.139 -3.545 -4.118 -4.347 -4.390 -4.414 -4.402 -4.000 -4.400 -3.976 -4.294 -4.340 -4.356 -4.369 -4.402 -4.409 -4.416 -4.426 -4.415 -4.370 -4.381 -4.193
0.00025205 -1.79000 10.11394 0.7866502404 2.4139645100    0.723  2.846  3.6644  1.060    7  0.000  0.432     0.00     0.00 -1    -1e-30      0.00 7.502e-01 2.495e-01 3.860e-05 2.304e-05 1.184e-04 -1.000 2.757e-04 -2.346 -2.747 -3.245 -3.657 -4.237 -4.470 -4.513 -4.538 -4.525 -4.119 -4.524 -4.094 -4.415 -4.462 -4.479 -4.489 -4.526 -4.533 -4.541 -4.551 -4.539 -4.489 -4.501 -4.314
0.00025205 -1.79000 10.11394 0.7866542935 2.4139659405    0.723  2.888  3.6616  1.008    7  0.000  0.427     0.00     0.00 -1    -1e-30      0.00 7.500e-01 2.497e-01 3.813e-05 2.363e-05 1.183e-04 -1.000 2.757e-04 -2.449 -2.847 -3.352 -3.770 -4.357 -4.593 -4.636 -4.663 -4.648 -4.238 -4.647 -4.211 -4.537 -4.585 -4.603 -4.610 -4.650 -4.658 -4.665 -4.676 -4.663 -4.608 -4.621 -4.434
0.00025205 -1.79000 10.11394 0.7866576910 2.4139673710    0.723  2.928  3.6587  0.955    7  0.000  0.423     0.00     0.00 -1    -1e-30      0.00 7.498e-01 2.500e-01 3.771e-05 2.416e-05 1.182e-04 -1.000 2.069e-04 -2.551 -2.944 -3.458 -3.882 -4.476 -4.716 -4.759 -4.787 -4.770 -4.357 -4.771 -4.329 -4.658 -4.708 -4.726 -4.731 -4.774 -4.782 -4.790 -4.800 -4.786 -4.726 -4.741 -4.554
0.00025205 -1.79000 10.11394 0.7866609693 2.4139685631    0.723  2.970  3.6557  0.902    7  0.000  0.419     0.00     0.00 -1    -1e-30      0.00 7.497e-01 2.501e-01 3.737e-05 2.464e-05 1.180e-04 -1.000 2.757e-04 -2.655 -3.043 -3.566 -3.996 -4.597 -4.841 -4.883 -4.913 -4.895 -4.477 -4.896 -4.448 -4.782 -4.832 -4.851 -4.853 -4.900 -4.908 -4.916 -4.927 -4.912 -4.846 -4.863 -4.676
0.00025205 -1.79000 10.11394 0.7866641879 2.4139697552    0.723  3.014  3.6526  0.846    7  0.000  0.417     0.00     0.00 -1    -1e-30      0.00 7.495e-01 2.503e-01 3.709e-05 2.505e-05 1.179e-04 -1.000 2.758e-04 -2.764 -3.146 -3.679 -4.116 -4.725 -4.973 -5.015 -5.047 -5.027 -4.605 -5.029 -4.574 -4.912 -4.964 -4.983 -4.983 -5.034 -5.042 -5.050 -5.061 -5.046 -4.974 -4.992 -4.806
0.00025205 -1.79000 10.11394 0.7866671085 2.4139707088    0.723  3.058  3.6494  0.789    7  0.000  0.415     0.00     0.00 -1    -1e-30      0.00 7.493e-01 2.504e-01 3.686e-05 2.543e-05 1.177e-04 -1.000 2.757e-04 -2.874 -3.247 -3.791 -4.236 -4.853 -5.105 -5.147 -5.182 -5.159 -4.732 -5.162 -4.700 -5.043 -5.096 -5.116 -5.112 -5.168 -5.177 -5.185 -5.197 -5.180 -5.102 -5.122 -4.935
0.00025205 -1.79000 10.11394 0.7866681218 2.4139711857    0.723  3.063  3.6489  0.781    7  0.000  0.415     0.00     0.00 -1    -1e-30      0.00 7.493e-01 2.504e-01 3.676e-05 2.558e-05 1.176e-04 -1.000 2.757e-04 -2.889 -3.260 -3.805 -4.252 -4.870 -5.123 -5.165 -5.200 -5.177 -4.749 -5.180 -4.716 -5.060 -5.114 -5.134 -5.130 -5.186 -5.195 -5.203 -5.215 -5.198 -5.120 -5.139 -4.952
0.00025205 -1.79000 10.11394 0.7866683006 2.4139711857    0.723  3.097  3.6464  0.738    7  0.000  0.414     0.00     0.00 -1    -1e-30      0.00 7.492e-01 2.505e-01 3.666e-05 2.581e-05 1.175e-04 -1.000 2.756e-04 -2.972 -3.336 -3.889 -4.342 -4.967 -5.223 -5.265 -5.302 -5.277 -4.846 -5.281 -4.811 -5.159 -5.214 -5.235 -5.227 -5.288 -5.296 -5.305 -5.317 -5.300 -5.216 -5.237 -5.050
0.00025205 -1.79000 10.11394 0.7866686583 2.4139711857    0.723  3.134  3.6436  0.689    7  0.000  0.412     0.00     0.00 -1    -1e-30      0.00 7.489e-01 2.508e-01 3.643e-05 2.639e-05 1.171e-04 -1.000 2.757e-04 -3.066 -3.422 -3.985 -4.445 -5.078 -5.338 -5.379 -5.419 -5.392 -4.956 -5.396 -4.920 -5.272 -5.329 -5.350 -5.338 -5.404 -5.412 -5.421 -5.434 -5.416 -5.327 -5.349 -5.162
0.00025205 -1.79000 10.11394 0.7866690159 2.4139714241    0.723  3.172  3.6407  0.640    7  0.000  0.411     0.00     0.00 -1    -1e-30      0.00 7.487e-01 2.511e-01 3.620e-05 2.701e-05 1.166e-04 -1.000 2.757e-04 -3.160 -3.507 -4.080 -4.548 -5.188 -5.453 -5.493 -5.535 -5.506 -5.066 -5.511 -5.028 -5.385 -5.443 -5.465 -5.449 -5.520 -5.528 -5.537 -5.550 -5.532 -5.437 -5.460 -5.274
0.00025205 -1.79000 10.11394 0.7866692543 2.4139714241    0.723  3.414  3.6091  0.271    8  0.549  0.390    95.46    44.74  1 -1.41e-06      0.00 7.290e-01 2.706e-01 6.375e-05 5.931e-05 2.177e-04 -1.000 3.690e-04 -3.766 -3.952 -4.654 -5.216 -5.956 -6.280 -6.309 -6.382 -6.344 -5.833 -6.342 -5.767 -6.182 -6.266 -6.297 -6.237 -6.361 -6.373 -6.385 -6.404 -6.381 -6.242 -6.272 -6.055
0.00025205 -1.79000 10.11394 0.7866693139 2.4139714241    0.723  3.278  3.6171  0.439    8  0.549  0.390    66.38    32.68  1 -7.59e-07      0.00 7.290e-01 2.706e-01 6.375e-05 5.931e-05 2.177e-04 -1.000 3.690e-04 -3.425 -3.664 -4.322 -4.857 -5.573 -5.881 -5.913 -5.975 -5.937 -5.449 -5.941 -5.392 -5.792 -5.868 -5.897 -5.848 -5.957 -5.967 -5.977 -5.995 -5.972 -5.842 -5.872 -5.669
0.00025205 -1.79000 10.11394 0.7866693735 2.4139714241    0.723  3.132  3.6304  0.639    8  0.549  0.390    43.16    22.52  1  -3.8e-07      0.00 7.290e-01 2.706e-01 6.375e-05 5.931e-05 2.177e-04 -1.000 3.690e-04 -3.059 -3.365 -3.969 -4.463 -5.138 -5.421 -5.458 -5.508 -5.474 -5.014 -5.479 -4.968 -5.345 -5.410 -5.434 -5.405 -5.492 -5.500 -5.510 -5.525 -5.504 -5.393 -5.420 -5.228
0.00025205 -1.79000 10.11394 0.7866694927 2.4139716625    0.723  2.929  3.6489  0.915    8  0.549  0.390    23.78    13.45  1 -1.41e-07      0.00 7.290e-01 2.706e-01 6.375e-05 5.931e-05 2.177e-04 -1.000 3.690e-04 -2.553 -2.922 -3.463 -3.909 -4.530 -4.784 -4.826 -4.860 -4.837 -4.409 -4.841 -4.375 -4.721 -4.775 -4.795 -4.791 -4.847 -4.855 -4.863 -4.875 -4.858 -4.781 -4.800 -4.612
0.00025205 -1.79000 10.11394 0.7866697311 2.4139716625    0.722  2.934  3.6484  0.908    8  0.549  0.390    24.15    13.62  1 -1.45e-07      0.00 7.290e-01 2.706e-01 6.375e-05 5.931e-05 2.177e-04 -1.000 3.690e-04 -2.565 -2.933 -3.475 -3.923 -4.545 -4.800 -4.842 -4.877 -4.853 -4.424 -4.857 -4.390 -4.737 -4.791 -4.811 -4.806 -4.863 -4.871 -4.879 -4.891 -4.874 -4.796 -4.816 -4.628
0.00025205 -1.79000 10.11394 0.7866699696 2.4139716625    0.722  3.022  3.6404  0.788    8  0.550  0.390    31.28    17.03  1 -2.24e-07      0.00 7.290e-01 2.706e-01 6.375e-05 5.931e-05 2.177e-04 -1.000 3.690e-04 -2.785 -3.129 -3.697 -4.165 -4.810 -5.076 -5.116 -5.157 -5.129 -4.687 -5.134 -4.648 -5.007 -5.066 -5.088 -5.073 -5.143 -5.151 -5.160 -5.173 -5.154 -5.061 -5.084 -4.895
0.00025205 -1.79000 10.11394 0.7866702676 2.4139719009    0.722  3.175  3.6265  0.580    8  0.550  0.390    49.11    25.14  1 -4.69e-07      0.00 7.290e-01 2.706e-01 6.375e-05 5.931e-05 2.177e-04 -1.000 3.690e-04 -3.167 -3.457 -4.075 -4.581 -5.268 -5.557 -5.593 -5.646 -5.610 -5.143 -5.616 -5.095 -5.478 -5.546 -5.571 -5.536 -5.630 -5.639 -5.649 -5.664 -5.643 -5.524 -5.552 -5.359
0.00025205 -1.79000 10.11394 0.7866706252 2.4139719009    0.722  3.309  3.6143  0.397    8  0.550  0.390    72.85    35.34  1 -8.78e-07      0.00 7.290e-01 2.706e-01 6.375e-05 5.931e-05 2.177e-04 -1.000 3.690e-04 -3.501 -3.724 -4.396 -4.939 -5.665 -5.978 -6.009 -6.073 -6.035 -5.541 -6.038 -5.481 -5.887 -5.965 -5.994 -5.941 -6.056 -6.066 -6.076 -6.094 -6.071 -5.938 -5.968 -5.761
0.00025205 -1.79000 10.11394 0.7866710424 2.4139721394    0.721  3.397  3.6062  0.276    8  0.551  0.390    94.62    44.27  1 -1.32e-06      0.00 7.290e-01 2.706e-01 6.375e-05 5.931e-05 2.177e-04 -1.000 3.690e-04 -3.723 -3.890 -4.603 -5.173 -5.924 -6.256 -6.284 -6.357 -6.319 -5.802 -6.318 -5.732 -6.155 -6.241 -6.273 -6.210 -6.337 -6.349 -6.361 -6.380 -6.357 -6.216 -6.247 -6.025
0.00025205 -1.79000 10.11394 0.7866715193 2.4139723778    0.721  3.446  3.6017  0.209    8  0.551  0.390   109.32    50.12  1 -1.65e-06      0.00 7.290e-01 2.706e-01 6.375e-05 5.931e-05 2.177e-04 -1.000 3.690e-04 -3.845 -3.979 -4.715 -5.301 -6.067 -6.409 -6.436 -6.514 -6.476 -5.945 -6.471 -5.870 -6.303 -6.394 -6.427 -6.358 -6.492 -6.505 -6.518 -6.538 -6.515 -6.371 -6.402 -6.170
0.00025205 -1.79000 10.11394 0.7866720557 2.4139726162    0.721  3.471  3.5994  0.174    8  0.552  0.390   117.82    53.42  0 -1.85e-06      0.00 7.290e-01 2.706e-01 6.375e-05 5.931e-05 2.177e-04 -1.000 3.690e-04 -3.907 -4.025 -4.773 -5.367 -6.140 -6.488 -6.514 -6.594 -6.557 -6.019 -6.551 -5.941 -6.379 -6.473 -6.506 -6.434 -6.572 -6.585 -6.599 -6.619 -6.596 -6.451 -6.482 -6.245
0.00025205 -1.79000 10.11394 0.7866725922 2.4139726162    0.720  3.487  3.5984  0.154    8  0.552  0.390   123.23    55.48  0    -2e-06      0.00 7.290e-01 2.706e-01 6.375e-05 5.931e-05 2.177e-04 -1.000 3.690e-04 -3.948 -4.057 -4.812 -5.409 -6.186 -6.536 -6.562 -6.643 -6.606 -6.065 -6.599 -5.986 -6.426 -6.521 -6.554 -6.481 -6.620 -6.634 -6.648 -6.668 -6.646 -6.500 -6.531 -6.291
0.00025205 -1.79000 10.11394 0.7866747379 2.4139735699    0.554 -9.999  4.0000  1.705    9  0.554  0.000     0.00     0.00 -1    -1e-30      0.00 7.290e-01 2.706e-01 6.375e-05 5.931e-05 2.177e-04 -1.000 3.690e-04 29.767 30.066 30.053 30.101 30.105 30.107 30.107 30.112 30.108 30.102 30.109 30.111 30.092 30.100 30.112 30.113 30.108 30.113 30.113 30.107 30.108 30.106 30.109 30.102
#isochrone terminated
