# File generated by CMD 3.3 (http://stev.oapd.inaf.it/cmd) on Wed Jul  8 18:06:27 CEST 2020
# isochrones based on PARSEC release v1.2S +  COLIBRI S_35
# Basic references: Bressan et al. (2012), MNRAS, 427, 127 + Chen et al. (2014, 2015), MNRAS, 444, 2525 + MNRAS, 452, 1068 + Tang et al. (2014), MNRAS, 445, 4287 + Marigo et al. (2017), ApJ, 835, 77 + Pastorelli al. (2019), MNRAS in press
# Thermal pulse cycles included 
# On RGB, assumed Reimers mass loss with efficiency eta=0.2
# Photometric system: WFIRST proposed filters, Vegamags
# Using YBC version of bolometric corrections as in Chen et al. (2019)
# O-rich circumstellar dpmod60alox40 dust from Groenewegen (2006)
# C-rich circumstellar AMCSIC15 dust from Groenewegen (2006)
# IMF: Kroupa (2001, 2002) + Kroupa et al. (2013) canonical two-part-power law IMF corrected for unresolved binaries 
# Kind of output: luminosity functions
# age     Z  magbinc 	 mbolmag  R062mag  Z087mag  Y106mag  J129mag  H158mag  F184mag  W149mag
1.3e+10 0.00025 -14.975         0        0        0        0        0        0        0        0
1.3e+10 0.00025 -14.925         0        0        0        0        0        0        0        0
1.3e+10 0.00025 -14.875         0        0        0        0        0        0        0        0
1.3e+10 0.00025 -14.825         0        0        0        0        0        0        0        0
1.3e+10 0.00025 -14.775         0        0        0        0        0        0        0        0
1.3e+10 0.00025 -14.725         0        0        0        0        0        0        0        0
1.3e+10 0.00025 -14.675         0        0        0        0        0        0        0        0
1.3e+10 0.00025 -14.625         0        0        0        0        0        0        0        0
1.3e+10 0.00025 -14.575         0        0        0        0        0        0        0        0
1.3e+10 0.00025 -14.525         0        0        0        0        0        0        0        0
1.3e+10 0.00025 -14.475         0        0        0        0        0        0        0        0
1.3e+10 0.00025 -14.425         0        0        0        0        0        0        0        0
1.3e+10 0.00025 -14.375         0        0        0        0        0        0        0        0
1.3e+10 0.00025 -14.325         0        0        0        0        0        0        0        0
1.3e+10 0.00025 -14.275         0        0        0        0        0        0        0        0
1.3e+10 0.00025 -14.225         0        0        0        0        0        0        0        0
1.3e+10 0.00025 -14.175         0        0        0        0        0        0        0        0
1.3e+10 0.00025 -14.125         0        0        0        0        0        0        0        0
1.3e+10 0.00025 -14.075         0        0        0        0        0        0        0        0
1.3e+10 0.00025 -14.025         0        0        0        0        0        0        0        0
1.3e+10 0.00025 -13.975         0        0        0        0        0        0        0        0
1.3e+10 0.00025 -13.925         0        0        0        0        0        0        0        0
1.3e+10 0.00025 -13.875         0        0        0        0        0        0        0        0
1.3e+10 0.00025 -13.825         0        0        0        0        0        0        0        0
1.3e+10 0.00025 -13.775         0        0        0        0        0        0        0        0
1.3e+10 0.00025 -13.725         0        0        0        0        0        0        0        0
1.3e+10 0.00025 -13.675         0        0        0        0        0        0        0        0
1.3e+10 0.00025 -13.625         0        0        0        0        0        0        0        0
1.3e+10 0.00025 -13.575         0        0        0        0        0        0        0        0
1.3e+10 0.00025 -13.525         0        0        0        0        0        0        0        0
1.3e+10 0.00025 -13.475         0        0        0        0        0        0        0        0
1.3e+10 0.00025 -13.425         0        0        0        0        0        0        0        0
1.3e+10 0.00025 -13.375         0        0        0        0        0        0        0        0
1.3e+10 0.00025 -13.325         0        0        0        0        0        0        0        0
1.3e+10 0.00025 -13.275         0        0        0        0        0        0        0        0
1.3e+10 0.00025 -13.225         0        0        0        0        0        0        0        0
1.3e+10 0.00025 -13.175         0        0        0        0        0        0        0        0
1.3e+10 0.00025 -13.125         0        0        0        0        0        0        0        0
1.3e+10 0.00025 -13.075         0        0        0        0        0        0        0        0
1.3e+10 0.00025 -13.025         0        0        0        0        0        0        0        0
1.3e+10 0.00025 -12.975         0        0        0        0        0        0        0        0
1.3e+10 0.00025 -12.925         0        0        0        0        0        0        0        0
1.3e+10 0.00025 -12.875         0        0        0        0        0        0        0        0
1.3e+10 0.00025 -12.825         0        0        0        0        0        0        0        0
1.3e+10 0.00025 -12.775         0        0        0        0        0        0        0        0
1.3e+10 0.00025 -12.725         0        0        0        0        0        0        0        0
1.3e+10 0.00025 -12.675         0        0        0        0        0        0        0        0
1.3e+10 0.00025 -12.625         0        0        0        0        0        0        0        0
1.3e+10 0.00025 -12.575         0        0        0        0        0        0        0        0
1.3e+10 0.00025 -12.525         0        0        0        0        0        0        0        0
1.3e+10 0.00025 -12.475         0        0        0        0        0        0        0        0
1.3e+10 0.00025 -12.425         0        0        0        0        0        0        0        0
1.3e+10 0.00025 -12.375         0        0        0        0        0        0        0        0
1.3e+10 0.00025 -12.325         0        0        0        0        0        0        0        0
1.3e+10 0.00025 -12.275         0        0        0        0        0        0        0        0
1.3e+10 0.00025 -12.225         0        0        0        0        0        0        0        0
1.3e+10 0.00025 -12.175         0        0        0        0        0        0        0        0
1.3e+10 0.00025 -12.125         0        0        0        0        0        0        0        0
1.3e+10 0.00025 -12.075         0        0        0        0        0        0        0        0
1.3e+10 0.00025 -12.025         0        0        0        0        0        0        0        0
1.3e+10 0.00025 -11.975         0        0        0        0        0        0        0        0
1.3e+10 0.00025 -11.925         0        0        0        0        0        0        0        0
1.3e+10 0.00025 -11.875         0        0        0        0        0        0        0        0
1.3e+10 0.00025 -11.825         0        0        0        0        0        0        0        0
1.3e+10 0.00025 -11.775         0        0        0        0        0        0        0        0
1.3e+10 0.00025 -11.725         0        0        0        0        0        0        0        0
1.3e+10 0.00025 -11.675         0        0        0        0        0        0        0        0
1.3e+10 0.00025 -11.625         0        0        0        0        0        0        0        0
1.3e+10 0.00025 -11.575         0        0        0        0        0        0        0        0
1.3e+10 0.00025 -11.525         0        0        0        0        0        0        0        0
1.3e+10 0.00025 -11.475         0        0        0        0        0        0        0        0
1.3e+10 0.00025 -11.425         0        0        0        0        0        0        0        0
1.3e+10 0.00025 -11.375         0        0        0        0        0        0        0        0
1.3e+10 0.00025 -11.325         0        0        0        0        0        0        0        0
1.3e+10 0.00025 -11.275         0        0        0        0        0        0        0        0
1.3e+10 0.00025 -11.225         0        0        0        0        0        0        0        0
1.3e+10 0.00025 -11.175         0        0        0        0        0        0        0        0
1.3e+10 0.00025 -11.125         0        0        0        0        0        0        0        0
1.3e+10 0.00025 -11.075         0        0        0        0        0        0        0        0
1.3e+10 0.00025 -11.025         0        0        0        0        0        0        0        0
1.3e+10 0.00025 -10.975         0        0        0        0        0        0        0        0
1.3e+10 0.00025 -10.925         0        0        0        0        0        0        0        0
1.3e+10 0.00025 -10.875         0        0        0        0        0        0        0        0
1.3e+10 0.00025 -10.825         0        0        0        0        0        0        0        0
1.3e+10 0.00025 -10.775         0        0        0        0        0        0        0        0
1.3e+10 0.00025 -10.725         0        0        0        0        0        0        0        0
1.3e+10 0.00025 -10.675         0        0        0        0        0        0        0        0
1.3e+10 0.00025 -10.625         0        0        0        0        0        0        0        0
1.3e+10 0.00025 -10.575         0        0        0        0        0        0        0        0
1.3e+10 0.00025 -10.525         0        0        0        0        0        0        0        0
1.3e+10 0.00025 -10.475         0        0        0        0        0        0        0        0
1.3e+10 0.00025 -10.425         0        0        0        0        0        0        0        0
1.3e+10 0.00025 -10.375         0        0        0        0        0        0        0        0
1.3e+10 0.00025 -10.325         0        0        0        0        0        0        0        0
1.3e+10 0.00025 -10.275         0        0        0        0        0        0        0        0
1.3e+10 0.00025 -10.225         0        0        0        0        0        0        0        0
1.3e+10 0.00025 -10.175         0        0        0        0        0        0        0        0
1.3e+10 0.00025 -10.125         0        0        0        0        0        0        0        0
1.3e+10 0.00025 -10.075         0        0        0        0        0        0        0        0
1.3e+10 0.00025 -10.025         0        0        0        0        0        0        0        0
1.3e+10 0.00025 -9.975         0        0        0        0        0        0        0        0
1.3e+10 0.00025 -9.925         0        0        0        0        0        0        0        0
1.3e+10 0.00025 -9.875         0        0        0        0        0        0        0        0
1.3e+10 0.00025 -9.825         0        0        0        0        0        0        0        0
1.3e+10 0.00025 -9.775         0        0        0        0        0        0        0        0
1.3e+10 0.00025 -9.725         0        0        0        0        0        0        0        0
1.3e+10 0.00025 -9.675         0        0        0        0        0        0        0        0
1.3e+10 0.00025 -9.625         0        0        0        0        0        0        0        0
1.3e+10 0.00025 -9.575         0        0        0        0        0        0        0        0
1.3e+10 0.00025 -9.525         0        0        0        0        0        0        0        0
1.3e+10 0.00025 -9.475         0        0        0        0        0        0        0        0
1.3e+10 0.00025 -9.425         0        0        0        0        0        0        0        0
1.3e+10 0.00025 -9.375         0        0        0        0        0        0        0        0
1.3e+10 0.00025 -9.325         0        0        0        0        0        0        0        0
1.3e+10 0.00025 -9.275         0        0        0        0        0        0        0        0
1.3e+10 0.00025 -9.225         0        0        0        0        0        0        0        0
1.3e+10 0.00025 -9.175         0        0        0        0        0        0        0        0
1.3e+10 0.00025 -9.125         0        0        0        0        0        0        0        0
1.3e+10 0.00025 -9.075         0        0        0        0        0        0        0        0
1.3e+10 0.00025 -9.025         0        0        0        0        0        0        0        0
1.3e+10 0.00025 -8.975         0        0        0        0        0        0        0        0
1.3e+10 0.00025 -8.925         0        0        0        0        0        0        0        0
1.3e+10 0.00025 -8.875         0        0        0        0        0        0        0        0
1.3e+10 0.00025 -8.825         0        0        0        0        0        0        0        0
1.3e+10 0.00025 -8.775         0        0        0        0        0        0        0        0
1.3e+10 0.00025 -8.725         0        0        0        0        0        0        0        0
1.3e+10 0.00025 -8.675         0        0        0        0        0        0        0        0
1.3e+10 0.00025 -8.625         0        0        0        0        0        0        0        0
1.3e+10 0.00025 -8.575         0        0        0        0        0        0        0        0
1.3e+10 0.00025 -8.525         0        0        0        0        0        0        0        0
1.3e+10 0.00025 -8.475         0        0        0        0        0        0        0        0
1.3e+10 0.00025 -8.425         0        0        0        0        0        0        0        0
1.3e+10 0.00025 -8.375         0        0        0        0        0        0        0        0
1.3e+10 0.00025 -8.325         0        0        0        0        0        0        0        0
1.3e+10 0.00025 -8.275         0        0        0        0        0        0        0        0
1.3e+10 0.00025 -8.225         0        0        0        0        0        0        0        0
1.3e+10 0.00025 -8.175         0        0        0        0        0        0        0        0
1.3e+10 0.00025 -8.125         0        0        0        0        0        0        0        0
1.3e+10 0.00025 -8.075         0        0        0        0        0        0        0        0
1.3e+10 0.00025 -8.025         0        0        0        0        0        0        0        0
1.3e+10 0.00025 -7.975         0        0        0        0        0        0        0        0
1.3e+10 0.00025 -7.925         0        0        0        0        0        0        0        0
1.3e+10 0.00025 -7.875         0        0        0        0        0        0        0        0
1.3e+10 0.00025 -7.825         0        0        0        0        0        0        0        0
1.3e+10 0.00025 -7.775         0        0        0        0        0        0        0        0
1.3e+10 0.00025 -7.725         0        0        0        0        0        0        0        0
1.3e+10 0.00025 -7.675         0        0        0        0        0        0        0        0
1.3e+10 0.00025 -7.625         0        0        0        0        0        0        0        0
1.3e+10 0.00025 -7.575         0        0        0        0        0        0        0        0
1.3e+10 0.00025 -7.525         0        0        0        0        0        0        0        0
1.3e+10 0.00025 -7.475         0        0        0        0        0        0        0        0
1.3e+10 0.00025 -7.425         0        0        0        0        0        0        0        0
1.3e+10 0.00025 -7.375         0        0        0        0        0        0        0        0
1.3e+10 0.00025 -7.325         0        0        0        0        0        0        0        0
1.3e+10 0.00025 -7.275         0        0        0        0        0        0        0        0
1.3e+10 0.00025 -7.225         0        0        0        0        0        0        0        0
1.3e+10 0.00025 -7.175         0        0        0        0        0        0        0        0
1.3e+10 0.00025 -7.125         0        0        0        0        0        0        0        0
1.3e+10 0.00025 -7.075         0        0        0        0        0        0        0        0
1.3e+10 0.00025 -7.025         0        0        0        0        0        0        0        0
1.3e+10 0.00025 -6.975         0        0        0        0        0        0        0        0
1.3e+10 0.00025 -6.925         0        0        0        0        0        0        0        0
1.3e+10 0.00025 -6.875         0        0        0        0        0        0        0        0
1.3e+10 0.00025 -6.825         0        0        0        0        0        0        0        0
1.3e+10 0.00025 -6.775         0        0        0        0        0        0        0        0
1.3e+10 0.00025 -6.725         0        0        0        0        0        0        0        0
1.3e+10 0.00025 -6.675         0        0        0        0        0        0        0        0
1.3e+10 0.00025 -6.625         0        0        0        0        0        0        0        0
1.3e+10 0.00025 -6.575         0        0        0        0        0        0        0        0
1.3e+10 0.00025 -6.525         0        0        0        0        0        0 2.17e-08        0
1.3e+10 0.00025 -6.475         0        0        0        0        0        0 2.17e-08        0
1.3e+10 0.00025 -6.425         0        0        0        0        0        0 2.17e-08        0
1.3e+10 0.00025 -6.375         0        0        0        0        0        0 2.17e-08        0
1.3e+10 0.00025 -6.325         0        0        0        0        0 2.17e-08 2.17e-08        0
1.3e+10 0.00025 -6.275         0        0        0        0        0 2.17e-08 2.17e-08        0
1.3e+10 0.00025 -6.225         0        0        0        0        0 2.17e-08 2.17e-08        0
1.3e+10 0.00025 -6.175         0        0        0        0        0 2.17e-08 2.17e-08        0
1.3e+10 0.00025 -6.125         0        0        0        0        0 2.17e-08 2.17e-08        0
1.3e+10 0.00025 -6.075         0        0        0        0        0 2.17e-08 2.17e-08        0
1.3e+10 0.00025 -6.025         0        0        0        0        0 2.17e-08 2.17e-08        0
1.3e+10 0.00025 -5.975         0        0        0        0        0 2.17e-08 2.17e-08        0
1.3e+10 0.00025 -5.925         0        0        0        0        0 2.17e-08 2.17e-08        0
1.3e+10 0.00025 -5.875         0        0        0        0        0 2.17e-08 2.17e-08        0
1.3e+10 0.00025 -5.825         0        0        0        0        0 2.17e-08 2.17e-08 4.33e-08
1.3e+10 0.00025 -5.775         0        0        0        0        0 2.17e-08 6.76e-07 2.17e-08
1.3e+10 0.00025 -5.725         0        0        0        0 2.17e-08 2.17e-08 9.37e-07 2.17e-08
1.3e+10 0.00025 -5.675         0        0        0        0 4.33e-08 2.17e-08 9.37e-07 2.17e-08
1.3e+10 0.00025 -5.625         0        0        0        0 2.17e-08 4.36e-07 9.81e-07 4.33e-08
1.3e+10 0.00025 -5.575         0        0        0        0 2.17e-08 9.37e-07 9.37e-07 2.17e-08
1.3e+10 0.00025 -5.525         0        0        0        0 4.33e-08 9.81e-07 9.37e-07 2.17e-08
1.3e+10 0.00025 -5.475         0        0        0        0 2.17e-08 9.81e-07 8.94e-07 4.33e-08
1.3e+10 0.00025 -5.425         0        0        0        0 2.17e-08 9.81e-07 9.81e-07 2.17e-08
1.3e+10 0.00025 -5.375         0        0        0        0 4.33e-08 9.37e-07 1.33e-06 2.17e-08
1.3e+10 0.00025 -5.325         0        0        0        0 2.17e-08 9.37e-07 1.33e-06 2.17e-08
1.3e+10 0.00025 -5.275         0        0        0        0 2.17e-08 9.37e-07 1.26e-06 4.33e-08
1.3e+10 0.00025 -5.225         0        0        0        0 4.33e-08 1.37e-06 1.33e-06 1.52e-07
1.3e+10 0.00025 -5.175         0        0        0 4.33e-08 2.17e-08 1.39e-06 1.39e-06 9.37e-07
1.3e+10 0.00025 -5.125         0        0        0 4.33e-08 6.76e-07 1.26e-06 1.68e-06 1.02e-06
1.3e+10 0.00025 -5.075         0        0        0 2.17e-08 1.05e-06 1.33e-06 1.78e-06 1.05e-06
1.3e+10 0.00025 -5.025         0        0        0 4.33e-08 1.02e-06 1.39e-06 1.70e-06 9.81e-07
1.3e+10 0.00025 -4.975         0        0        0 4.33e-08 1.02e-06 1.85e-06 1.81e-06 9.81e-07
1.3e+10 0.00025 -4.925         0        0        0 4.33e-08 1.05e-06 1.76e-06 1.76e-06 9.81e-07
1.3e+10 0.00025 -4.875         0        0        0 2.17e-08 9.81e-07 1.76e-06 2.13e-06 1.00e-06
1.3e+10 0.00025 -4.825         0        0        0 4.33e-08 9.81e-07 1.83e-06 2.18e-06 1.35e-06
1.3e+10 0.00025 -4.775         0        0        0 4.33e-08 1.29e-06 1.83e-06 2.11e-06 1.39e-06
1.3e+10 0.00025 -4.725         0        0 4.33e-08 4.33e-08 1.46e-06 2.31e-06 2.11e-06 1.42e-06
1.3e+10 0.00025 -4.675         0        0 4.33e-08 2.40e-07 1.39e-06 2.20e-06 2.20e-06 1.33e-06
1.3e+10 0.00025 -4.625         0        0 6.50e-08 1.05e-06 1.35e-06 2.11e-06 2.11e-06 1.46e-06
1.3e+10 0.00025 -4.575         0        0 4.33e-08 1.13e-06 1.53e-06 2.22e-06 2.29e-06 2.02e-06
1.3e+10 0.00025 -4.525         0        0 6.50e-08 1.09e-06 1.96e-06 2.11e-06 2.39e-06 1.81e-06
1.3e+10 0.00025 -4.475         0        0 4.33e-08 1.07e-06 1.89e-06 2.22e-06 2.50e-06 1.85e-06
1.3e+10 0.00025 -4.425         0        0 6.50e-08 1.09e-06 1.85e-06 2.35e-06 2.39e-06 1.85e-06
1.3e+10 0.00025 -4.375         0        0 4.33e-08 1.05e-06 1.91e-06 2.50e-06 2.39e-06 2.02e-06
1.3e+10 0.00025 -4.325         0        0 6.50e-08 1.29e-06 1.94e-06 2.42e-06 2.85e-06 2.31e-06
1.3e+10 0.00025 -4.275         0        0 9.15e-07 1.55e-06 2.37e-06 2.50e-06 2.91e-06 2.24e-06
1.3e+10 0.00025 -4.225         0        0 1.15e-06 1.46e-06 2.33e-06 2.39e-06 3.00e-06 2.22e-06
1.3e+10 0.00025 -4.175         0        0 1.22e-06 1.48e-06 2.26e-06 3.02e-06 3.24e-06 2.22e-06
1.3e+10 0.00025 -4.125         0        0 1.15e-06 1.55e-06 2.22e-06 2.91e-06 3.15e-06 2.33e-06
1.3e+10 0.00025 -4.075         0        0 1.13e-06 2.22e-06 2.33e-06 3.20e-06 3.29e-06 2.24e-06
1.3e+10 0.00025 -4.025         0        0 1.15e-06 1.96e-06 2.22e-06 3.24e-06 3.46e-06 2.53e-06
1.3e+10 0.00025 -3.975         0        0 1.39e-06 1.96e-06 2.66e-06 3.24e-06 3.46e-06 2.55e-06
1.3e+10 0.00025 -3.925  4.33e-07        0 1.63e-06 2.05e-06 2.55e-06 3.33e-06 3.68e-06 2.53e-06
1.3e+10 0.00025 -3.875  4.55e-07        0 1.55e-06 2.18e-06 2.53e-06 3.46e-06 3.61e-06 2.55e-06
1.3e+10 0.00025 -3.825  4.12e-07        0 1.57e-06 2.50e-06 2.57e-06 3.68e-06 3.68e-06 2.92e-06
1.3e+10 0.00025 -3.775         0        0 1.89e-06 2.37e-06 2.96e-06 3.61e-06 3.68e-06 3.05e-06
1.3e+10 0.00025 -3.725         0        0 2.28e-06 2.37e-06 3.07e-06 3.68e-06 4.05e-06 3.18e-06
1.3e+10 0.00025 -3.675         0        0 2.07e-06 2.37e-06 3.29e-06 3.72e-06 4.20e-06 3.29e-06
1.3e+10 0.00025 -3.625         0        0 2.15e-06 2.42e-06 3.33e-06 3.68e-06 4.33e-06 3.33e-06
1.3e+10 0.00025 -3.575         0        0 2.13e-06 2.61e-06 3.33e-06 4.38e-06 4.42e-06 3.48e-06
1.3e+10 0.00025 -3.525         0 4.98e-07 2.50e-06 2.70e-06 3.48e-06 4.20e-06 4.36e-06 3.46e-06
1.3e+10 0.00025 -3.475         0 8.02e-07 2.53e-06 2.66e-06 3.48e-06 4.27e-06 4.94e-06 3.72e-06
1.3e+10 0.00025 -3.425  6.97e-07        0 2.44e-06 2.53e-06 3.81e-06 4.36e-06 5.07e-06 3.70e-06
1.3e+10 0.00025 -3.375  1.09e-06        0 2.44e-06 3.05e-06 3.70e-06 4.68e-06 5.22e-06 3.70e-06
1.3e+10 0.00025 -3.325  1.13e-06        0 2.53e-06 3.24e-06 3.85e-06 5.20e-06 5.09e-06 3.81e-06
1.3e+10 0.00025 -3.275  1.09e-06 4.36e-07 2.59e-06 3.26e-06 3.81e-06 5.29e-06 5.27e-06 3.81e-06
1.3e+10 0.00025 -3.225  1.05e-06 1.31e-06 2.77e-06 3.39e-06 3.85e-06 5.31e-06 5.77e-06 4.33e-06
1.3e+10 0.00025 -3.175  1.09e-06 1.39e-06 2.68e-06 3.44e-06 4.35e-06 5.16e-06 5.49e-06 4.35e-06
1.3e+10 0.00025 -3.125  1.16e-06 1.31e-06 2.79e-06 3.57e-06 4.40e-06 5.46e-06 5.57e-06 4.35e-06
1.3e+10 0.00025 -3.075  1.57e-06 1.31e-06 3.24e-06 3.66e-06 4.53e-06 5.77e-06 6.01e-06 4.62e-06
1.3e+10 0.00025 -3.025  1.57e-06 1.35e-06 3.28e-06 3.92e-06 4.57e-06 5.55e-06 6.71e-06 4.70e-06
1.3e+10 0.00025 -2.975  1.44e-06 1.90e-06 3.33e-06 3.90e-06 4.99e-06 5.68e-06 6.53e-06 5.35e-06
1.3e+10 0.00025 -2.925  1.63e-06 1.83e-06 3.61e-06 3.85e-06 5.51e-06 6.27e-06 6.88e-06 5.51e-06
1.3e+10 0.00025 -2.875  2.28e-06 1.77e-06 3.61e-06 4.00e-06 5.53e-06 6.88e-06 6.84e-06 5.42e-06
1.3e+10 0.00025 -2.825  2.02e-06 2.74e-06 3.70e-06 4.05e-06 5.49e-06 6.88e-06 7.64e-06 5.42e-06
1.3e+10 0.00025 -2.775  2.02e-06 2.39e-06 3.79e-06 4.57e-06 5.46e-06 7.14e-06 7.31e-06 5.51e-06
1.3e+10 0.00025 -2.725  2.11e-06 2.39e-06 4.05e-06 4.53e-06 5.83e-06 7.21e-06 7.51e-06 5.84e-06
1.3e+10 0.00025 -2.675  2.39e-06 2.46e-06 4.00e-06 4.66e-06 5.84e-06 7.58e-06 8.17e-06 5.88e-06
1.3e+10 0.00025 -2.625  2.55e-06 2.89e-06 4.16e-06 4.83e-06 5.86e-06 7.51e-06 7.95e-06 6.09e-06
1.3e+10 0.00025 -2.575  2.55e-06 3.00e-06 4.01e-06 5.55e-06 6.40e-06 7.82e-06 8.75e-06 6.53e-06
1.3e+10 0.00025 -2.525  2.48e-06 2.81e-06 4.38e-06 5.72e-06 6.75e-06 8.28e-06 8.95e-06 7.23e-06
1.3e+10 0.00025 -2.475  2.55e-06 2.81e-06 4.75e-06 5.59e-06 7.23e-06 8.77e-06 2.23e-05 6.88e-06
1.3e+10 0.00025 -2.425  2.50e-06 2.87e-06 4.66e-06 5.68e-06 7.23e-06 8.78e-06 2.17e-05 7.42e-06
1.3e+10 0.00025 -2.375  2.92e-06 3.20e-06 4.83e-06 5.70e-06 7.55e-06 9.30e-06 1.57e-05 7.75e-06
1.3e+10 0.00025 -2.325  2.81e-06 3.20e-06 5.38e-06 6.12e-06 7.86e-06 3.21e-05 1.32e-05 7.82e-06
1.3e+10 0.00025 -2.275  2.94e-06 3.39e-06 5.94e-06 6.03e-06 7.82e-06 1.72e-05 8.43e-06 7.62e-06
1.3e+10 0.00025 -2.225  3.31e-06 3.74e-06 6.09e-06 6.49e-06 7.97e-06 1.42e-05 8.19e-06 8.45e-06
1.3e+10 0.00025 -2.175  3.44e-06 3.74e-06 5.75e-06 6.79e-06 8.60e-06 8.95e-06 8.28e-06 8.54e-06
1.3e+10 0.00025 -2.125  3.61e-06 3.96e-06 5.79e-06 7.49e-06 9.04e-06 8.19e-06 8.74e-06 8.99e-06
1.3e+10 0.00025 -2.075  3.70e-06 3.96e-06 6.18e-06 7.32e-06 9.19e-06 8.19e-06 8.39e-06 9.49e-06
1.3e+10 0.00025 -2.025  3.83e-06 4.13e-06 6.27e-06 8.01e-06 9.97e-06 8.65e-06 9.13e-06 2.68e-05
1.3e+10 0.00025 -1.975  3.87e-06 4.22e-06 6.49e-06 7.86e-06 3.13e-05 8.74e-06 9.44e-06 2.04e-05
1.3e+10 0.00025 -1.925  4.03e-06 4.46e-06 6.83e-06 8.12e-06 1.99e-05 9.22e-06 9.55e-06 1.59e-05
1.3e+10 0.00025 -1.875  4.20e-06 4.35e-06 7.66e-06 8.14e-06 1.10e-05 9.04e-06 9.96e-06 9.08e-06
1.3e+10 0.00025 -1.825  4.20e-06 4.61e-06 7.40e-06 8.80e-06 9.00e-06 9.44e-06 1.03e-05 8.65e-06
1.3e+10 0.00025 -1.775  4.31e-06 4.46e-06 8.32e-06 9.01e-06 8.52e-06 1.04e-05 1.10e-05 8.19e-06
1.3e+10 0.00025 -1.725  4.35e-06 4.92e-06 8.10e-06 9.49e-06 8.52e-06 1.03e-05 1.14e-05 8.76e-06
1.3e+10 0.00025 -1.675  4.81e-06 5.09e-06 8.42e-06 1.06e-05 9.00e-06 1.08e-05 1.20e-05 9.09e-06
1.3e+10 0.00025 -1.625  4.92e-06 5.27e-06 8.23e-06 3.22e-05 9.09e-06 1.19e-05 1.26e-05 8.82e-06
1.3e+10 0.00025 -1.575  5.05e-06 5.79e-06 9.08e-06 2.01e-05 9.31e-06 1.16e-05 1.29e-05 9.44e-06
1.3e+10 0.00025 -1.525  5.33e-06 6.49e-06 9.41e-06 9.08e-06 9.83e-06 1.27e-05 1.41e-05 9.83e-06
1.3e+10 0.00025 -1.475  5.92e-06 6.44e-06 1.00e-05 9.37e-06 9.48e-06 1.37e-05 1.43e-05 9.85e-06
1.3e+10 0.00025 -1.425  6.01e-06 6.29e-06 1.09e-05 8.84e-06 1.07e-05 1.35e-05 1.51e-05 1.07e-05
1.3e+10 0.00025 -1.375  5.96e-06 6.14e-06 3.37e-05 8.52e-06 1.07e-05 1.49e-05 1.69e-05 1.09e-05
1.3e+10 0.00025 -1.325  6.01e-06 6.75e-06 1.72e-05 9.00e-06 1.16e-05 1.56e-05 1.69e-05 1.21e-05
1.3e+10 0.00025 -1.275  6.34e-06 7.07e-06 9.43e-06 9.44e-06 1.22e-05 1.76e-05 1.98e-05 1.17e-05
1.3e+10 0.00025 -1.225  6.57e-06 7.18e-06 9.69e-06 9.74e-06 1.26e-05 1.71e-05 2.06e-05 1.30e-05
1.3e+10 0.00025 -1.175  7.10e-06 7.14e-06 8.84e-06 9.83e-06 1.34e-05 2.09e-05 2.23e-05 1.39e-05
1.3e+10 0.00025 -1.125  7.31e-06 8.19e-06 8.84e-06 1.02e-05 1.39e-05 2.10e-05 2.69e-05 1.40e-05
1.3e+10 0.00025 -1.075  7.71e-06 8.82e-06 9.39e-06 1.08e-05 1.56e-05 2.46e-05 2.87e-05 1.58e-05
1.3e+10 0.00025 -1.025  7.77e-06 8.75e-06 9.44e-06 1.13e-05 1.66e-05 2.86e-05 2.98e-05 1.68e-05
1.3e+10 0.00025 -0.975  8.53e-06 8.84e-06 9.87e-06 1.20e-05 1.72e-05 3.03e-05 3.32e-05 1.69e-05
1.3e+10 0.00025 -0.925  8.58e-06 9.14e-06 1.04e-05 1.26e-05 2.09e-05 3.31e-05 3.23e-05 2.09e-05
1.3e+10 0.00025 -0.875  8.53e-06 9.38e-06 1.04e-05 1.37e-05 2.14e-05 3.23e-05 3.57e-05 2.21e-05
1.3e+10 0.00025 -0.825  8.53e-06 1.02e-05 1.13e-05 1.41e-05 2.63e-05 3.56e-05 3.49e-05 2.60e-05
1.3e+10 0.00025 -0.775  9.69e-06 1.11e-05 1.20e-05 1.50e-05 2.91e-05 3.47e-05 3.38e-05 2.82e-05
1.3e+10 0.00025 -0.725  9.80e-06 1.39e-05 1.27e-05 1.77e-05 3.30e-05 3.54e-05 3.56e-05 3.29e-05
1.3e+10 0.00025 -0.675  1.09e-05 3.02e-05 1.35e-05 1.80e-05 3.49e-05 3.49e-05 3.54e-05 3.52e-05
1.3e+10 0.00025 -0.625  1.26e-05 1.54e-05 1.43e-05 2.20e-05 3.70e-05 3.64e-05 3.82e-05 3.63e-05
1.3e+10 0.00025 -0.575  3.58e-05 9.78e-06 1.64e-05 2.42e-05 3.74e-05 3.73e-05 3.71e-05 3.74e-05
1.3e+10 0.00025 -0.525  1.18e-05 1.01e-05 1.68e-05 2.95e-05 3.61e-05 3.75e-05 3.95e-05 3.53e-05
1.3e+10 0.00025 -0.475  1.01e-05 9.50e-06 2.07e-05 3.58e-05 3.71e-05 3.88e-05 4.17e-05 3.64e-05
1.3e+10 0.00025 -0.425  9.21e-06 9.17e-06 2.24e-05 3.76e-05 3.89e-05 4.16e-05 4.27e-05 3.89e-05
1.3e+10 0.00025 -0.375  9.17e-06 1.01e-05 3.02e-05 4.17e-05 3.80e-05 4.37e-05 4.48e-05 3.90e-05
1.3e+10 0.00025 -0.325  9.30e-06 9.83e-06 3.58e-05 4.01e-05 4.11e-05 4.44e-05 4.76e-05 3.94e-05
1.3e+10 0.00025 -0.275  9.78e-06 1.09e-05 4.20e-05 3.96e-05 4.38e-05 4.80e-05 4.75e-05 4.24e-05
1.3e+10 0.00025 -0.225  9.87e-06 1.12e-05 4.51e-05 4.14e-05 4.42e-05 4.93e-05 5.45e-05 4.54e-05
1.3e+10 0.00025 -0.175  1.05e-05 1.19e-05 4.27e-05 4.15e-05 4.68e-05 5.35e-05 5.66e-05 4.67e-05
1.3e+10 0.00025 -0.125  1.07e-05 1.29e-05 4.44e-05 4.67e-05 4.92e-05 6.24e-05 1.32e-04 4.92e-05
1.3e+10 0.00025 -0.075  1.18e-05 1.36e-05 4.47e-05 4.87e-05 5.72e-05 1.99e-04 2.59e-04 5.50e-05
1.3e+10 0.00025 -0.025  1.21e-05 1.60e-05 4.89e-05 5.13e-05 1.03e-04 1.73e-04 3.49e-05 6.35e-05
1.3e+10 0.00025  0.025  1.35e-05 1.75e-05 5.20e-05 5.75e-05 2.82e-04 3.63e-05 3.87e-05 2.48e-04
1.3e+10 0.00025  0.075  1.38e-05 2.40e-05 5.50e-05 7.71e-05 3.22e-05 3.58e-05 3.89e-05 1.14e-04
1.3e+10 0.00025  0.125  1.72e-05 3.27e-05 6.51e-05 3.12e-04 3.01e-05 3.87e-05 3.74e-05 3.12e-05
1.3e+10 0.00025  0.175  1.83e-05 5.51e-05 2.37e-04 2.67e-05 3.27e-05 3.89e-05 4.17e-05 3.27e-05
1.3e+10 0.00025  0.225  2.40e-05 7.77e-05 1.29e-04 2.67e-05 3.40e-05 3.92e-05 4.17e-05 3.27e-05
1.3e+10 0.00025  0.275  3.31e-05 8.13e-05 2.39e-05 2.79e-05 3.45e-05 4.17e-05 4.55e-05 3.63e-05
1.3e+10 0.00025  0.325  5.25e-05 9.14e-05 2.54e-05 2.82e-05 3.58e-05 4.17e-05 4.61e-05 3.58e-05
1.3e+10 0.00025  0.375  6.98e-05 2.36e-04 2.68e-05 3.13e-05 3.58e-05 4.62e-05 4.41e-05 3.60e-05
1.3e+10 0.00025  0.425  7.96e-05 1.65e-04 2.68e-05 3.13e-05 3.87e-05 4.61e-05 5.10e-05 3.89e-05
1.3e+10 0.00025  0.475  1.07e-04 1.78e-05 2.79e-05 3.33e-05 4.06e-05 4.46e-05 4.90e-05 3.90e-05
1.3e+10 0.00025  0.525  3.76e-04 1.93e-05 2.79e-05 3.27e-05 3.92e-05 5.12e-05 5.02e-05 4.12e-05
1.3e+10 0.00025  0.575  2.16e-05 1.86e-05 3.09e-05 3.43e-05 4.35e-05 4.90e-05 5.34e-05 4.35e-05
1.3e+10 0.00025  0.625  1.86e-05 2.06e-05 3.25e-05 3.74e-05 4.35e-05 5.32e-05 5.34e-05 4.43e-05
1.3e+10 0.00025  0.675  1.93e-05 2.07e-05 3.26e-05 3.74e-05 4.70e-05 5.34e-05 5.53e-05 4.61e-05
1.3e+10 0.00025  0.725  1.98e-05 2.17e-05 3.40e-05 3.84e-05 4.61e-05 5.34e-05 5.73e-05 4.61e-05
1.3e+10 0.00025  0.775  1.99e-05 2.28e-05 3.46e-05 4.06e-05 4.74e-05 5.75e-05 5.74e-05 4.88e-05
1.3e+10 0.00025  0.825  2.12e-05 2.37e-05 3.74e-05 4.08e-05 5.12e-05 5.73e-05 6.00e-05 5.12e-05
1.3e+10 0.00025  0.875  2.28e-05 2.46e-05 3.74e-05 4.35e-05 5.12e-05 5.80e-05 6.00e-05 5.12e-05
1.3e+10 0.00025  0.925  2.32e-05 2.47e-05 3.81e-05 4.35e-05 5.42e-05 6.00e-05 6.29e-05 5.30e-05
1.3e+10 0.00025  0.975  2.37e-05 2.67e-05 4.06e-05 4.62e-05 5.59e-05 6.25e-05 6.19e-05 5.59e-05
1.3e+10 0.00025  1.025  2.47e-05 2.68e-05 4.07e-05 4.81e-05 5.34e-05 6.26e-05 6.49e-05 5.56e-05
1.3e+10 0.00025  1.075  2.54e-05 2.89e-05 4.52e-05 4.92e-05 5.97e-05 6.48e-05 6.61e-05 5.73e-05
1.3e+10 0.00025  1.125  2.68e-05 2.91e-05 4.52e-05 5.12e-05 5.73e-05 6.46e-05 7.04e-05 5.97e-05
1.3e+10 0.00025  1.175  2.81e-05 3.08e-05 4.57e-05 5.12e-05 6.13e-05 6.76e-05 6.78e-05 6.19e-05
1.3e+10 0.00025  1.225  2.91e-05 3.25e-05 5.01e-05 5.65e-05 6.25e-05 7.04e-05 7.29e-05 6.00e-05
1.3e+10 0.00025  1.275  2.91e-05 3.25e-05 4.90e-05 5.59e-05 6.43e-05 7.00e-05 7.29e-05 6.36e-05
1.3e+10 0.00025  1.325  3.13e-05 3.53e-05 5.12e-05 5.58e-05 6.48e-05 7.50e-05 7.83e-05 6.78e-05
1.3e+10 0.00025  1.375  3.25e-05 3.54e-05 5.35e-05 5.97e-05 6.48e-05 7.44e-05 8.28e-05 6.48e-05
1.3e+10 0.00025  1.425  3.44e-05 3.66e-05 5.65e-05 5.97e-05 7.06e-05 8.28e-05 8.45e-05 6.93e-05
1.3e+10 0.00025  1.475  3.40e-05 3.90e-05 5.59e-05 6.15e-05 7.04e-05 8.29e-05 8.64e-05 7.04e-05
1.3e+10 0.00025  1.525  3.59e-05 3.75e-05 5.82e-05 6.50e-05 7.20e-05 9.23e-05 9.26e-05 7.05e-05
1.3e+10 0.00025  1.575  3.90e-05 4.23e-05 5.97e-05 6.27e-05 7.51e-05 9.26e-05 9.96e-05 7.63e-05
1.3e+10 0.00025  1.625  3.74e-05 4.23e-05 6.21e-05 6.78e-05 7.62e-05 9.27e-05 1.06e-04 7.62e-05
1.3e+10 0.00025  1.675  4.19e-05 4.48e-05 6.42e-05 6.78e-05 8.49e-05 1.13e-04 1.10e-04 8.14e-05
1.3e+10 0.00025  1.725  4.06e-05 4.69e-05 6.50e-05 7.23e-05 8.28e-05 1.06e-04 1.20e-04 8.77e-05
1.3e+10 0.00025  1.775  4.27e-05 4.61e-05 6.70e-05 7.04e-05 9.07e-05 1.24e-04 1.20e-04 8.84e-05
1.3e+10 0.00025  1.825  4.69e-05 5.01e-05 6.78e-05 7.35e-05 9.88e-05 1.27e-04 1.34e-04 9.88e-05
1.3e+10 0.00025  1.875  4.55e-05 5.24e-05 6.78e-05 7.99e-05 9.88e-05 1.37e-04 1.37e-04 9.89e-05
1.3e+10 0.00025  1.925  4.81e-05 5.34e-05 7.40e-05 7.95e-05 1.19e-04 1.37e-04 1.50e-04 1.13e-04
1.3e+10 0.00025  1.975  5.01e-05 5.35e-05 7.58e-05 9.10e-05 1.19e-04 1.52e-04 1.53e-04 1.19e-04
1.3e+10 0.00025  2.025  5.35e-05 5.85e-05 7.57e-05 8.77e-05 1.31e-04 1.63e-04 1.56e-04 1.32e-04
1.3e+10 0.00025  2.075  5.35e-05 5.83e-05 8.19e-05 9.97e-05 1.34e-04 1.63e-04 1.91e-04 1.34e-04
1.3e+10 0.00025  2.125  5.41e-05 5.82e-05 8.40e-05 1.05e-04 1.55e-04 1.89e-04 1.91e-04 1.48e-04
1.3e+10 0.00025  2.175  5.83e-05 6.44e-05 9.26e-05 1.12e-04 1.53e-04 1.91e-04 2.06e-04 1.53e-04
1.3e+10 0.00025  2.225  5.83e-05 6.21e-05 9.65e-05 1.25e-04 1.71e-04 2.15e-04 2.45e-04 1.62e-04
1.3e+10 0.00025  2.275  6.24e-05 6.69e-05 1.11e-04 1.31e-04 1.73e-04 2.45e-04 2.30e-04 1.73e-04
1.3e+10 0.00025  2.325  6.21e-05 6.75e-05 1.11e-04 1.48e-04 1.91e-04 2.45e-04 3.16e-04 1.89e-04
1.3e+10 0.00025  2.375  6.31e-05 7.17e-05 1.31e-04 1.58e-04 2.15e-04 3.16e-04 3.02e-04 2.03e-04
1.3e+10 0.00025  2.425  6.75e-05 7.07e-05 1.39e-04 1.69e-04 2.13e-04 3.02e-04 3.22e-04 2.07e-04
1.3e+10 0.00025  2.475  6.59e-05 7.54e-05 1.55e-04 1.87e-04 2.60e-04 3.46e-04 3.97e-04 2.60e-04
1.3e+10 0.00025  2.525  7.36e-05 7.85e-05 1.69e-04 1.82e-04 2.60e-04 3.96e-04 4.55e-04 2.60e-04
1.3e+10 0.00025  2.575  7.07e-05 7.64e-05 1.85e-04 2.18e-04 3.27e-04 4.78e-04 4.79e-04 2.97e-04
1.3e+10 0.00025  2.625  7.52e-05 8.75e-05 1.95e-04 2.15e-04 3.22e-04 4.80e-04 4.80e-04 3.42e-04
1.3e+10 0.00025  2.675  7.85e-05 8.94e-05 2.01e-04 2.54e-04 3.46e-04 4.95e-04 6.08e-04 3.38e-04
1.3e+10 0.00025  2.725  8.05e-05 1.02e-04 2.34e-04 2.75e-04 4.19e-04 6.08e-04 5.80e-04 3.99e-04
1.3e+10 0.00025  2.775  8.79e-05 1.02e-04 2.39e-04 2.95e-04 5.01e-04 5.80e-04 5.99e-04 4.78e-04
1.3e+10 0.00025  2.825  9.37e-05 1.30e-04 2.70e-04 3.41e-04 4.80e-04 6.34e-04 7.26e-04 4.79e-04
1.3e+10 0.00025  2.875  1.02e-04 1.30e-04 2.91e-04 3.42e-04 5.41e-04 7.05e-04 7.83e-04 5.11e-04
1.3e+10 0.00025  2.925  1.14e-04 1.63e-04 3.23e-04 3.96e-04 5.78e-04 7.84e-04 8.15e-04 6.08e-04
1.3e+10 0.00025  2.975  1.23e-04 1.88e-04 3.62e-04 4.80e-04 6.11e-04 8.62e-04 9.32e-04 6.11e-04
1.3e+10 0.00025  3.025  1.49e-04 2.09e-04 3.86e-04 5.02e-04 6.37e-04 8.92e-04 9.03e-04 6.10e-04
1.3e+10 0.00025  3.075  1.69e-04 2.33e-04 4.41e-04 4.81e-04 7.22e-04 9.15e-04 9.60e-04 7.29e-04
1.3e+10 0.00025  3.125  2.04e-04 2.59e-04 5.01e-04 6.00e-04 7.84e-04 9.80e-04 1.06e-03 7.46e-04
1.3e+10 0.00025  3.175  2.30e-04 2.68e-04 5.26e-04 6.10e-04 8.30e-04 1.02e-03 1.03e-03 8.59e-04
1.3e+10 0.00025  3.225  2.55e-04 2.87e-04 5.63e-04 6.13e-04 8.92e-04 1.03e-03 1.15e-03 8.92e-04
1.3e+10 0.00025  3.275  2.68e-04 3.25e-04 6.09e-04 6.93e-04 8.95e-04 1.16e-03 1.20e-03 8.93e-04
1.3e+10 0.00025  3.325  2.91e-04 3.52e-04 6.12e-04 7.82e-04 9.56e-04 1.16e-03 1.21e-03 9.29e-04
1.3e+10 0.00025  3.375  3.22e-04 3.92e-04 6.57e-04 8.06e-04 1.02e-03 1.21e-03 1.36e-03 1.02e-03
1.3e+10 0.00025  3.425  3.52e-04 4.03e-04 7.28e-04 8.50e-04 9.93e-04 1.36e-03 1.43e-03 1.03e-03
1.3e+10 0.00025  3.475  3.94e-04 4.54e-04 7.85e-04 8.89e-04 1.11e-03 1.38e-03 1.49e-03 1.06e-03
1.3e+10 0.00025  3.525  4.02e-04 5.13e-04 8.42e-04 8.75e-04 1.16e-03 1.44e-03 1.56e-03 1.16e-03
1.3e+10 0.00025  3.575  4.48e-04 5.48e-04 8.53e-04 9.82e-04 1.17e-03 1.56e-03 1.67e-03 1.17e-03
1.3e+10 0.00025  3.625  5.26e-04 5.48e-04 8.97e-04 9.89e-04 1.25e-03 1.61e-03 1.76e-03 1.27e-03
1.3e+10 0.00025  3.675  5.47e-04 6.39e-04 9.07e-04 1.03e-03 1.33e-03 1.70e-03 1.84e-03 1.33e-03
1.3e+10 0.00025  3.725  5.42e-04 6.11e-04 9.86e-04 1.12e-03 1.39e-03 1.81e-03 1.97e-03 1.39e-03
1.3e+10 0.00025  3.775  6.38e-04 6.61e-04 9.93e-04 1.12e-03 1.51e-03 1.90e-03 2.10e-03 1.50e-03
1.3e+10 0.00025  3.825  6.41e-04 6.98e-04 1.04e-03 1.19e-03 1.54e-03 2.02e-03 2.24e-03 1.54e-03
1.3e+10 0.00025  3.875  6.57e-04 7.47e-04 1.12e-03 1.27e-03 1.59e-03 2.12e-03 2.35e-03 1.64e-03
1.3e+10 0.00025  3.925  7.19e-04 8.27e-04 1.13e-03 1.28e-03 1.71e-03 2.29e-03 2.44e-03 1.69e-03
1.3e+10 0.00025  3.975  7.46e-04 8.11e-04 1.18e-03 1.40e-03 1.83e-03 2.36e-03 2.56e-03 1.83e-03
1.3e+10 0.00025  4.025  7.81e-04 8.62e-04 1.28e-03 1.46e-03 1.84e-03 2.43e-03 2.63e-03 1.83e-03
1.3e+10 0.00025  4.075  8.10e-04 8.84e-04 1.29e-03 1.51e-03 1.99e-03 2.54e-03 2.88e-03 2.08e-03
1.3e+10 0.00025  4.125  8.60e-04 9.08e-04 1.35e-03 1.59e-03 2.08e-03 2.71e-03 2.95e-03 2.08e-03
1.3e+10 0.00025  4.175  8.58e-04 9.52e-04 1.42e-03 1.66e-03 2.25e-03 2.73e-03 3.04e-03 2.23e-03
1.3e+10 0.00025  4.225  9.44e-04 9.20e-04 1.53e-03 1.77e-03 2.22e-03 2.97e-03 3.24e-03 2.30e-03
1.3e+10 0.00025  4.275  9.13e-04 1.03e-03 1.55e-03 1.80e-03 2.43e-03 2.97e-03 3.37e-03 2.43e-03
1.3e+10 0.00025  4.325  9.58e-04 1.08e-03 1.68e-03 1.94e-03 2.47e-03 3.21e-03 3.65e-03 2.47e-03
1.3e+10 0.00025  4.375  1.02e-03 1.05e-03 1.65e-03 1.99e-03 2.60e-03 3.32e-03 3.74e-03 2.60e-03
1.3e+10 0.00025  4.425  1.04e-03 1.15e-03 1.77e-03 2.19e-03 2.65e-03 3.49e-03 3.81e-03 2.74e-03
1.3e+10 0.00025  4.475  1.05e-03 1.18e-03 1.94e-03 2.15e-03 2.82e-03 3.63e-03 3.94e-03 2.82e-03
1.3e+10 0.00025  4.525  1.12e-03 1.24e-03 1.92e-03 2.35e-03 2.88e-03 3.69e-03 4.08e-03 2.88e-03
1.3e+10 0.00025  4.575  1.18e-03 1.30e-03 2.05e-03 2.30e-03 2.99e-03 3.72e-03 4.29e-03 3.16e-03
1.3e+10 0.00025  4.625  1.19e-03 1.32e-03 2.08e-03 2.49e-03 3.14e-03 3.96e-03 4.48e-03 3.21e-03
1.3e+10 0.00025  4.675  1.25e-03 1.37e-03 2.26e-03 2.55e-03 3.32e-03 4.08e-03 4.58e-03 3.33e-03
1.3e+10 0.00025  4.725  1.31e-03 1.44e-03 2.22e-03 2.69e-03 3.35e-03 4.28e-03 4.62e-03 3.46e-03
1.3e+10 0.00025  4.775  1.31e-03 1.45e-03 2.39e-03 2.77e-03 3.46e-03 4.41e-03 4.91e-03 3.39e-03
1.3e+10 0.00025  4.825  1.38e-03 1.58e-03 2.45e-03 2.79e-03 3.49e-03 4.47e-03 5.05e-03 3.61e-03
1.3e+10 0.00025  4.875  1.44e-03 1.57e-03 2.47e-03 2.98e-03 3.64e-03 4.58e-03 5.19e-03 3.69e-03
1.3e+10 0.00025  4.925  1.51e-03 1.69e-03 2.56e-03 3.11e-03 3.71e-03 4.87e-03 5.15e-03 3.84e-03
1.3e+10 0.00025  4.975  1.53e-03 1.68e-03 2.74e-03 3.20e-03 3.82e-03 4.83e-03 5.48e-03 3.92e-03
1.3e+10 0.00025  5.025  1.58e-03 1.78e-03 2.74e-03 3.16e-03 3.96e-03 4.95e-03 5.44e-03 4.11e-03
1.3e+10 0.00025  5.075  1.67e-03 1.91e-03 2.92e-03 3.32e-03 4.09e-03 5.27e-03 5.21e-03 4.11e-03
1.3e+10 0.00025  5.125  1.72e-03 1.87e-03 2.91e-03 3.33e-03 4.19e-03 5.22e-03 5.54e-03 4.37e-03
1.3e+10 0.00025  5.175  1.75e-03 1.94e-03 3.00e-03 3.45e-03 4.28e-03 4.98e-03 5.49e-03 4.48e-03
1.3e+10 0.00025  5.225  1.77e-03 2.05e-03 3.00e-03 3.51e-03 4.38e-03 5.10e-03 5.64e-03 4.42e-03
1.3e+10 0.00025  5.275  1.87e-03 2.00e-03 3.14e-03 3.58e-03 4.49e-03 5.44e-03 6.01e-03 4.70e-03
1.3e+10 0.00025  5.325  1.95e-03 2.17e-03 3.15e-03 3.80e-03 4.60e-03 5.37e-03 5.96e-03 4.64e-03
1.3e+10 0.00025  5.375  1.99e-03 2.22e-03 3.20e-03 3.79e-03 4.71e-03 5.52e-03 6.13e-03 4.94e-03
1.3e+10 0.00025  5.425  1.97e-03 2.25e-03 3.29e-03 3.87e-03 4.83e-03 5.88e-03 6.79e-03 4.87e-03
1.3e+10 0.00025  5.475  2.09e-03 2.28e-03 3.32e-03 3.95e-03 4.76e-03 5.82e-03 7.60e-03 4.80e-03
1.3e+10 0.00025  5.525  2.16e-03 2.32e-03 3.45e-03 4.21e-03 4.67e-03 5.98e-03 7.75e-03 4.92e-03
1.3e+10 0.00025  5.575  2.26e-03 2.45e-03 3.46e-03 4.13e-03 4.99e-03 7.14e-03 7.90e-03 5.04e-03
1.3e+10 0.00025  5.625  2.19e-03 2.49e-03 3.69e-03 4.22e-03 5.11e-03 7.13e-03 8.06e-03 5.17e-03
1.3e+10 0.00025  5.675  2.28e-03 2.47e-03 3.77e-03 4.32e-03 5.03e-03 7.53e-03 8.22e-03 5.30e-03
1.3e+10 0.00025  5.725  2.43e-03 2.52e-03 3.68e-03 4.60e-03 5.37e-03 7.67e-03 8.10e-03 5.43e-03
1.3e+10 0.00025  5.775  2.45e-03 2.61e-03 3.93e-03 4.33e-03 5.28e-03 7.54e-03 8.66e-03 5.57e-03
1.3e+10 0.00025  5.825  2.48e-03 2.68e-03 3.83e-03 4.62e-03 5.64e-03 7.97e-03 9.05e-03 5.72e-03
1.3e+10 0.00025  5.875  2.45e-03 2.60e-03 4.09e-03 4.53e-03 5.81e-03 7.84e-03 9.25e-03 6.45e-03
1.3e+10 0.00025  5.925  2.62e-03 2.75e-03 4.00e-03 4.63e-03 6.76e-03 8.49e-03 9.47e-03 7.09e-03
1.3e+10 0.00025  5.975  2.63e-03 2.76e-03 4.27e-03 4.74e-03 6.88e-03 8.73e-03 9.69e-03 6.95e-03
1.3e+10 0.00025  6.025  2.71e-03 2.83e-03 4.17e-03 5.06e-03 7.00e-03 8.92e-03 9.92e-03 7.35e-03
1.3e+10 0.00025  6.075  2.66e-03 2.85e-03 4.26e-03 4.97e-03 7.12e-03 9.47e-03 1.02e-02 7.20e-03
1.3e+10 0.00025  6.125  2.79e-03 2.86e-03 4.35e-03 5.08e-03 6.97e-03 9.33e-03 1.17e-02 7.62e-03
1.3e+10 0.00025  6.175  2.95e-03 2.96e-03 4.45e-03 5.20e-03 7.38e-03 9.54e-03 1.22e-02 7.47e-03
1.3e+10 0.00025  6.225  2.86e-03 3.17e-03 4.33e-03 5.61e-03 7.52e-03 9.77e-03 1.21e-02 7.61e-03
1.3e+10 0.00025  6.275  3.05e-03 3.06e-03 4.64e-03 6.24e-03 7.92e-03 1.10e-02 1.30e-02 8.63e-03
1.3e+10 0.00025  6.325  3.13e-03 3.28e-03 4.74e-03 6.61e-03 8.35e-03 1.22e-02 1.34e-02 8.47e-03
1.3e+10 0.00025  6.375  3.34e-03 3.17e-03 4.85e-03 6.45e-03 8.86e-03 1.20e-02 1.38e-02 9.00e-03
1.3e+10 0.00025  6.425  3.24e-03 3.39e-03 4.96e-03 6.83e-03 8.71e-03 1.24e-02 1.42e-02 8.84e-03
1.3e+10 0.00025  6.475  3.30e-03 3.28e-03 5.07e-03 6.67e-03 8.89e-03 1.33e-02 1.53e-02 9.40e-03
1.3e+10 0.00025  6.525  3.53e-03 3.52e-03 5.60e-03 7.06e-03 9.09e-03 1.31e-02 1.52e-02 9.24e-03
1.3e+10 0.00025  6.575  3.43e-03 3.40e-03 6.04e-03 7.19e-03 9.29e-03 1.41e-02 1.58e-02 9.83e-03
1.3e+10 0.00025  6.625  3.66e-03 3.65e-03 6.14e-03 7.02e-03 9.93e-03 1.46e-02 1.70e-02 1.13e-02
1.3e+10 0.00025  6.675  3.56e-03 3.53e-03 6.23e-03 7.88e-03 1.15e-02 1.57e-02 1.66e-02 1.18e-02
1.3e+10 0.00025  6.725  3.62e-03 3.59e-03 6.33e-03 8.44e-03 1.18e-02 1.56e-02 1.41e-02 1.21e-02
1.3e+10 0.00025  6.775  3.88e-03 3.66e-03 6.43e-03 8.27e-03 1.22e-02 1.62e-02 1.45e-02 1.25e-02
1.3e+10 0.00025  6.825  3.77e-03 3.93e-03 6.53e-03 8.44e-03 1.25e-02 1.68e-02 1.56e-02 1.28e-02
1.3e+10 0.00025  6.875  4.03e-03 3.80e-03 6.64e-03 8.61e-03 1.29e-02 1.41e-02 1.55e-02 1.38e-02
1.3e+10 0.00025  6.925  4.12e-03 3.87e-03 6.82e-03 8.79e-03 1.33e-02 1.50e-02 1.67e-02 1.36e-02
1.3e+10 0.00025  6.975  4.00e-03 3.95e-03 7.64e-03 9.36e-03 1.43e-02 1.48e-02 1.66e-02 1.47e-02
1.3e+10 0.00025  7.025  4.28e-03 4.02e-03 7.78e-03 1.00e-02 1.48e-02 1.60e-02 1.77e-02 1.52e-02
1.3e+10 0.00025  7.075  4.16e-03 4.10e-03 7.93e-03 1.11e-02 1.53e-02 1.59e-02 1.35e-02 1.57e-02
1.3e+10 0.00025  7.125  4.46e-03 4.40e-03 7.73e-03 1.19e-02 1.58e-02 1.64e-02 1.38e-02 1.63e-02
1.3e+10 0.00025  7.175  4.56e-03 4.26e-03 8.24e-03 1.17e-02 1.64e-02 1.78e-02 1.42e-02 1.68e-02
1.3e+10 0.00025  7.225  4.43e-03 4.35e-03 8.40e-03 1.26e-02 1.58e-02 1.44e-02 1.47e-02 1.40e-02
1.3e+10 0.00025  7.275  4.75e-03 4.57e-03 8.57e-03 1.24e-02 1.47e-02 1.37e-02 1.58e-02 1.44e-02
1.3e+10 0.00025  7.325  4.62e-03 5.21e-03 8.81e-03 1.34e-02 1.45e-02 1.41e-02 1.56e-02 1.49e-02
1.3e+10 0.00025  7.375  5.63e-03 5.01e-03 1.10e-02 1.38e-02 1.50e-02 1.52e-02 1.61e-02 1.61e-02
1.3e+10 0.00025  7.425  5.78e-03 5.34e-03 1.08e-02 1.49e-02 1.62e-02 1.50e-02 1.66e-02 1.59e-02
1.3e+10 0.00025  7.475  5.87e-03 5.42e-03 1.16e-02 1.47e-02 1.60e-02 1.55e-02 1.72e-02 1.65e-02
1.3e+10 0.00025  7.525  5.95e-03 5.21e-03 1.14e-02 1.52e-02 1.66e-02 1.67e-02 1.52e-02 1.70e-02
1.3e+10 0.00025  7.575  6.04e-03 5.56e-03 1.22e-02 1.64e-02 1.70e-02 1.65e-02 1.33e-02 1.42e-02
1.3e+10 0.00025  7.625  6.14e-03 5.64e-03 1.20e-02 1.58e-02 1.41e-02 1.70e-02 1.37e-02 1.38e-02
1.3e+10 0.00025  7.675  6.23e-03 5.43e-03 1.35e-02 1.41e-02 1.39e-02 1.67e-02 1.34e-02 1.48e-02
1.3e+10 0.00025  7.725  6.04e-03 5.80e-03 1.34e-02 1.39e-02 1.49e-02 1.33e-02 1.44e-02 1.46e-02
1.3e+10 0.00025  7.775  6.42e-03 5.65e-03 1.44e-02 1.50e-02 1.47e-02 1.36e-02 1.48e-02 1.50e-02
1.3e+10 0.00025  7.825  7.06e-03 6.63e-03 1.42e-02 1.55e-02 1.51e-02 1.40e-02 1.46e-02 1.55e-02
1.3e+10 0.00025  7.875  7.38e-03 6.74e-03 1.54e-02 1.60e-02 1.63e-02 1.44e-02 1.57e-02 1.60e-02
1.3e+10 0.00025  7.925  7.86e-03 6.51e-03 1.52e-02 1.65e-02 1.61e-02 1.48e-02 1.61e-02 1.65e-02
1.3e+10 0.00025  7.975  7.66e-03 6.96e-03 1.48e-02 1.63e-02 1.67e-02 1.52e-02 1.59e-02 1.78e-02
1.3e+10 0.00025  8.025  7.81e-03 7.08e-03 1.35e-02 1.39e-02 1.80e-02 1.56e-02 1.71e-02 1.60e-02
1.3e+10 0.00025  8.075  7.96e-03 6.84e-03 1.39e-02 1.38e-02 1.47e-02 1.61e-02 1.34e-02 1.33e-02
1.3e+10 0.00025  8.125  8.11e-03 7.32e-03 1.43e-02 1.42e-02 1.34e-02 1.66e-02 1.35e-02 1.36e-02
1.3e+10 0.00025  8.175  8.27e-03 7.45e-03 1.48e-02 1.46e-02 1.43e-02 1.78e-02 1.38e-02 1.40e-02
1.3e+10 0.00025  8.225  9.38e-03 7.20e-03 1.60e-02 1.50e-02 1.41e-02 1.34e-02 1.42e-02 1.44e-02
1.3e+10 0.00025  8.275  1.06e-02 9.84e-03 1.58e-02 1.55e-02 1.45e-02 1.41e-02 1.45e-02 1.48e-02
1.3e+10 0.00025  8.325  1.14e-02 9.67e-03 1.63e-02 1.60e-02 1.56e-02 1.44e-02 1.49e-02 1.52e-02
1.3e+10 0.00025  8.375  1.12e-02 9.89e-03 1.33e-02 1.65e-02 1.53e-02 1.42e-02 1.53e-02 1.56e-02
1.3e+10 0.00025  8.425  1.15e-02 1.01e-02 1.32e-02 1.63e-02 1.58e-02 1.52e-02 1.20e-02 1.61e-02
1.3e+10 0.00025  8.475  1.18e-02 1.04e-02 1.35e-02 1.62e-02 1.70e-02 1.56e-02 1.22e-02 1.66e-02
1.3e+10 0.00025  8.525  1.21e-02 1.06e-02 1.39e-02 1.33e-02 1.68e-02 1.48e-02 1.31e-02 1.71e-02
1.3e+10 0.00025  8.575  1.31e-02 1.15e-02 1.43e-02 1.36e-02 1.63e-02 1.31e-02 1.28e-02 1.35e-02
1.3e+10 0.00025  8.625  1.34e-02 1.18e-02 1.47e-02 1.40e-02 1.39e-02 1.29e-02 1.37e-02 1.41e-02
1.3e+10 0.00025  8.675  1.39e-02 1.21e-02 1.59e-02 1.44e-02 1.43e-02 1.32e-02 1.34e-02 1.38e-02
1.3e+10 0.00025  8.725  1.50e-02 1.24e-02 1.57e-02 1.41e-02 1.46e-02 1.41e-02 1.37e-02 1.48e-02
1.3e+10 0.00025  8.775  1.48e-02 1.34e-02 1.61e-02 1.51e-02 1.50e-02 1.38e-02 1.46e-02 1.52e-02
1.3e+10 0.00025  8.825  1.53e-02 1.32e-02 1.67e-02 1.56e-02 1.61e-02 1.47e-02 1.41e-02 1.49e-02
1.3e+10 0.00025  8.875  1.39e-02 1.36e-02 1.28e-02 1.60e-02 1.59e-02 1.45e-02 9.30e-03 1.56e-02
1.3e+10 0.00025  8.925  1.36e-02 1.47e-02 1.29e-02 1.65e-02 1.38e-02 1.48e-02 9.00e-03 1.26e-02
1.3e+10 0.00025  8.975  1.40e-02 1.23e-02 1.32e-02 1.63e-02 1.33e-02 1.21e-02 9.59e-03 1.34e-02
1.3e+10 0.00025  9.025  1.37e-02 1.23e-02 1.35e-02 1.46e-02 1.36e-02 9.84e-03 9.74e-03 1.32e-02
1.3e+10 0.00025  9.075  1.48e-02 1.26e-02 1.39e-02 1.35e-02 1.45e-02 1.00e-02 9.42e-03 1.35e-02
1.3e+10 0.00025  9.125  1.53e-02 1.30e-02 1.49e-02 1.44e-02 1.43e-02 1.02e-02 1.01e-02 1.44e-02
1.3e+10 0.00025  9.175  1.58e-02 1.41e-02 1.47e-02 1.48e-02 1.46e-02 1.03e-02 1.02e-02 1.41e-02
1.3e+10 0.00025  9.225  1.64e-02 1.38e-02 1.51e-02 1.45e-02 1.50e-02 1.05e-02 1.04e-02 1.51e-02
1.3e+10 0.00025  9.275  1.25e-02 1.42e-02 1.55e-02 1.55e-02 1.54e-02 1.07e-02 1.01e-02 1.48e-02
1.3e+10 0.00025  9.325  1.32e-02 1.46e-02 1.60e-02 1.53e-02 1.34e-02 1.09e-02 1.07e-02 1.23e-02
1.3e+10 0.00025  9.375  1.35e-02 1.39e-02 1.60e-02 1.31e-02 1.07e-02 1.11e-02 1.09e-02 9.84e-03
1.3e+10 0.00025  9.425  1.39e-02 1.18e-02 1.32e-02 1.28e-02 1.09e-02 1.13e-02 1.11e-02 1.05e-02
1.3e+10 0.00025  9.475  1.43e-02 1.21e-02 1.29e-02 1.37e-02 1.11e-02 1.20e-02 1.08e-02 1.02e-02
1.3e+10 0.00025  9.525  1.47e-02 1.24e-02 1.39e-02 1.34e-02 1.13e-02 1.17e-02 1.15e-02 1.03e-02
1.3e+10 0.00025  9.575  1.52e-02 1.27e-02 1.36e-02 1.37e-02 1.10e-02 1.19e-02 7.59e-03 1.10e-02
1.3e+10 0.00025  9.625  1.49e-02 1.37e-02 1.45e-02 1.47e-02 1.17e-02 1.18e-02 4.78e-03 1.07e-02
1.3e+10 0.00025  9.675  1.61e-02 1.34e-02 1.49e-02 1.44e-02 1.20e-02 4.98e-03 4.60e-03 1.14e-02
1.3e+10 0.00025  9.725  1.66e-02 1.38e-02 1.46e-02 1.54e-02 1.22e-02 5.24e-03 4.63e-03 1.11e-02
1.3e+10 0.00025  9.775  1.32e-02 1.42e-02 1.25e-02 1.27e-02 1.19e-02 5.06e-03 4.89e-03 1.18e-02
1.3e+10 0.00025  9.825  1.29e-02 1.46e-02 1.23e-02 1.03e-02 1.27e-02 5.10e-03 4.70e-03 1.15e-02
1.3e+10 0.00025  9.875  1.26e-02 1.50e-02 1.25e-02 1.04e-02 1.29e-02 5.37e-03 4.96e-03 1.23e-02
1.3e+10 0.00025  9.925  1.35e-02 1.33e-02 1.34e-02 1.06e-02 1.32e-02 5.19e-03 4.79e-03 1.20e-02
1.3e+10 0.00025  9.975  1.38e-02 1.16e-02 1.31e-02 1.08e-02 6.87e-03 5.26e-03 4.25e-03 1.10e-02
1.3e+10 0.00025 10.025  1.42e-02 1.18e-02 1.34e-02 1.10e-02 5.90e-03 4.73e-03 4.28e-03 5.42e-03
1.3e+10 0.00025 10.075  1.39e-02 1.21e-02 1.37e-02 1.12e-02 5.95e-03 4.77e-03 4.31e-03 5.25e-03
1.3e+10 0.00025 10.125  1.50e-02 1.24e-02 1.46e-02 1.09e-02 6.01e-03 4.80e-03 4.34e-03 5.52e-03
1.3e+10 0.00025 10.175  1.54e-02 1.27e-02 1.41e-02 1.16e-02 6.29e-03 4.84e-03 4.37e-03 5.56e-03
1.3e+10 0.00025 10.225  1.58e-02 1.30e-02 9.75e-03 1.18e-02 6.12e-03 4.87e-03 4.40e-03 5.61e-03
1.3e+10 0.00025 10.275  1.56e-02 1.33e-02 9.46e-03 1.21e-02 5.67e-03 4.91e-03 4.43e-03 5.43e-03
1.3e+10 0.00025 10.325  1.39e-02 1.36e-02 1.01e-02 1.23e-02 5.96e-03 4.95e-03 4.46e-03 5.37e-03
1.3e+10 0.00025 10.375  1.29e-02 1.40e-02 9.76e-03 1.25e-02 5.78e-03 4.98e-03 4.74e-03 5.23e-03
1.3e+10 0.00025 10.425  1.32e-02 1.43e-02 1.04e-02 1.01e-02 6.07e-03 5.02e-03 4.52e-03 5.27e-03
1.3e+10 0.00025 10.475  1.35e-02 1.47e-02 1.06e-02 5.65e-03 6.13e-03 5.06e-03 4.55e-03 5.31e-03
1.3e+10 0.00025 10.525  1.38e-02 1.32e-02 1.03e-02 5.92e-03 5.94e-03 4.08e-03 4.58e-03 5.36e-03
1.3e+10 0.00025 10.575  1.41e-02 1.10e-02 1.09e-02 5.76e-03 6.24e-03        0 2.55e-04 5.40e-03
1.3e+10 0.00025 10.625  1.45e-02 1.18e-02 1.06e-02 5.81e-03 6.05e-03        0        0 5.45e-03
1.3e+10 0.00025 10.675  1.31e-02 1.21e-02 1.13e-02 6.09e-03 6.10e-03        0        0 5.49e-03
1.3e+10 0.00025 10.725  1.21e-02 1.23e-02 1.10e-02 5.98e-03        0        0        0 5.54e-03
1.3e+10 0.00025 10.775  1.18e-02 1.20e-02 1.17e-02 5.69e-03        0        0        0 5.58e-03
1.3e+10 0.00025 10.825  1.26e-02 1.29e-02 1.20e-02 5.98e-03        0        0        0 1.53e-03
1.3e+10 0.00025 10.875  1.29e-02 1.31e-02 1.08e-02 6.04e-03        0        0        0        0
1.3e+10 0.00025 10.925  1.32e-02 1.18e-02 5.21e-03 6.09e-03        0        0        0        0
1.3e+10 0.00025 10.975  1.29e-02 1.04e-02 5.47e-03 5.90e-03        0        0        0        0
1.3e+10 0.00025 11.025  1.38e-02 1.00e-02 5.29e-03 6.21e-03        0        0        0        0
1.3e+10 0.00025 11.075  1.41e-02 1.08e-02 5.56e-03 6.27e-03        0        0        0        0
1.3e+10 0.00025 11.125  1.20e-02 1.04e-02 5.38e-03 6.33e-03        0        0        0        0
1.3e+10 0.00025 11.175  8.90e-03 1.12e-02 5.65e-03 3.31e-03        0        0        0        0
1.3e+10 0.00025 11.225  9.49e-03 1.14e-02 5.35e-03        0        0        0        0        0
1.3e+10 0.00025 11.275  9.18e-03 1.10e-02 5.46e-03        0        0        0        0        0
1.3e+10 0.00025 11.325  9.79e-03 1.18e-02 5.75e-03        0        0        0        0        0
1.3e+10 0.00025 11.375  9.47e-03 1.14e-02 5.56e-03        0        0        0        0        0
1.3e+10 0.00025 11.425  1.01e-02 1.23e-02 5.61e-03        0        0        0        0        0
1.3e+10 0.00025 11.475  9.77e-03 9.01e-03 5.65e-03        0        0        0        0        0
1.3e+10 0.00025 11.525  1.04e-02 7.12e-03 5.95e-03        0        0        0        0        0
1.3e+10 0.00025 11.575  1.01e-02 7.21e-03 5.76e-03        0        0        0        0        0
1.3e+10 0.00025 11.625  1.08e-02 7.29e-03 5.81e-03        0        0        0        0        0
1.3e+10 0.00025 11.675  1.04e-02 6.92e-03 5.09e-03        0        0        0        0        0
1.3e+10 0.00025 11.725  1.11e-02 7.46e-03        0        0        0        0        0        0
1.3e+10 0.00025 11.775  1.08e-02 7.56e-03        0        0        0        0        0        0
1.3e+10 0.00025 11.825  1.15e-02 7.65e-03        0        0        0        0        0        0
1.3e+10 0.00025 11.875  6.46e-03 7.74e-03        0        0        0        0        0        0
1.3e+10 0.00025 11.925  4.79e-03 7.84e-03        0        0        0        0        0        0
1.3e+10 0.00025 11.975  5.05e-03 7.94e-03        0        0        0        0        0        0
1.3e+10 0.00025 12.025  4.86e-03 8.04e-03        0        0        0        0        0        0
1.3e+10 0.00025 12.075  4.90e-03 8.15e-03        0        0        0        0        0        0
1.3e+10 0.00025 12.125  5.16e-03 8.25e-03        0        0        0        0        0        0
1.3e+10 0.00025 12.175  4.98e-03 8.36e-03        0        0        0        0        0        0
1.3e+10 0.00025 12.225  4.88e-03 8.47e-03        0        0        0        0        0        0
1.3e+10 0.00025 12.275  4.98e-03 8.59e-03        0        0        0        0        0        0
1.3e+10 0.00025 12.325  4.78e-03 8.16e-03        0        0        0        0        0        0
1.3e+10 0.00025 12.375  5.06e-03 8.82e-03        0        0        0        0        0        0
1.3e+10 0.00025 12.425  4.85e-03 4.82e-03        0        0        0        0        0        0
1.3e+10 0.00025 12.475  5.14e-03 3.26e-03        0        0        0        0        0        0
1.3e+10 0.00025 12.525  4.93e-03 3.27e-03        0        0        0        0        0        0
1.3e+10 0.00025 12.575  4.97e-03 3.29e-03        0        0        0        0        0        0
1.3e+10 0.00025 12.625  5.26e-03 3.31e-03        0        0        0        0        0        0
1.3e+10 0.00025 12.675  5.04e-03 3.55e-03        0        0        0        0        0        0
1.3e+10 0.00025 12.725  5.34e-03 3.34e-03        0        0        0        0        0        0
1.3e+10 0.00025 12.775  7.66e-04 3.36e-03        0        0        0        0        0        0
1.3e+10 0.00025 12.825         0 3.38e-03        0        0        0        0        0        0
1.3e+10 0.00025 12.875         0 3.39e-03        0        0        0        0        0        0
1.3e+10 0.00025 12.925         0 3.44e-03        0        0        0        0        0        0
1.3e+10 0.00025 12.975         0 3.07e-03        0        0        0        0        0        0
1.3e+10 0.00025 13.025         0 3.08e-03        0        0        0        0        0        0
1.3e+10 0.00025 13.075         0 3.34e-03        0        0        0        0        0        0
1.3e+10 0.00025 13.125         0 3.12e-03        0        0        0        0        0        0
1.3e+10 0.00025 13.175         0 3.13e-03        0        0        0        0        0        0
1.3e+10 0.00025 13.225         0 3.15e-03        0        0        0        0        0        0
1.3e+10 0.00025 13.275         0 3.40e-03        0        0        0        0        0        0
1.3e+10 0.00025 13.325         0 3.18e-03        0        0        0        0        0        0
1.3e+10 0.00025 13.375         0 3.19e-03        0        0        0        0        0        0
1.3e+10 0.00025 13.425         0 3.21e-03        0        0        0        0        0        0
1.3e+10 0.00025 13.475         0 3.22e-03        0        0        0        0        0        0
1.3e+10 0.00025 13.525         0 3.49e-03        0        0        0        0        0        0
1.3e+10 0.00025 13.575         0 3.26e-03        0        0        0        0        0        0
1.3e+10 0.00025 13.625         0 3.27e-03        0        0        0        0        0        0
1.3e+10 0.00025 13.675         0 3.29e-03        0        0        0        0        0        0
1.3e+10 0.00025 13.725         0 3.56e-03        0        0        0        0        0        0
1.3e+10 0.00025 13.775         0 1.28e-03        0        0        0        0        0        0
1.3e+10 0.00025 13.825         0        0        0        0        0        0        0        0
1.3e+10 0.00025 13.875         0        0        0        0        0        0        0        0
1.3e+10 0.00025 13.925         0        0        0        0        0        0        0        0
1.3e+10 0.00025 13.975         0        0        0        0        0        0        0        0
1.3e+10 0.00025 14.025         0        0        0        0        0        0        0        0
1.3e+10 0.00025 14.075         0        0        0        0        0        0        0        0
1.3e+10 0.00025 14.125         0        0        0        0        0        0        0        0
1.3e+10 0.00025 14.175         0        0        0        0        0        0        0        0
1.3e+10 0.00025 14.225         0        0        0        0        0        0        0        0
1.3e+10 0.00025 14.275         0        0        0        0        0        0        0        0
1.3e+10 0.00025 14.325         0        0        0        0        0        0        0        0
1.3e+10 0.00025 14.375         0        0        0        0        0        0        0        0
1.3e+10 0.00025 14.425         0        0        0        0        0        0        0        0
1.3e+10 0.00025 14.475         0        0        0        0        0        0        0        0
1.3e+10 0.00025 14.525         0        0        0        0        0        0        0        0
1.3e+10 0.00025 14.575         0        0        0        0        0        0        0        0
1.3e+10 0.00025 14.625         0        0        0        0        0        0        0        0
1.3e+10 0.00025 14.675         0        0        0        0        0        0        0        0
1.3e+10 0.00025 14.725         0        0        0        0        0        0        0        0
1.3e+10 0.00025 14.775         0        0        0        0        0        0        0        0
1.3e+10 0.00025 14.825         0        0        0        0        0        0        0        0
1.3e+10 0.00025 14.875         0        0        0        0        0        0        0        0
1.3e+10 0.00025 14.925         0        0        0        0        0        0        0        0
1.3e+10 0.00025 14.975         0        0        0        0        0        0        0        0
1.3e+10 0.00025 15.025         0        0        0        0        0        0        0        0
1.3e+10 0.00025 15.075         0        0        0        0        0        0        0        0
1.3e+10 0.00025 15.125         0        0        0        0        0        0        0        0
1.3e+10 0.00025 15.175         0        0        0        0        0        0        0        0
1.3e+10 0.00025 15.225         0        0        0        0        0        0        0        0
1.3e+10 0.00025 15.275         0        0        0        0        0        0        0        0
1.3e+10 0.00025 15.325         0        0        0        0        0        0        0        0
1.3e+10 0.00025 15.375         0        0        0        0        0        0        0        0
1.3e+10 0.00025 15.425         0        0        0        0        0        0        0        0
1.3e+10 0.00025 15.475         0        0        0        0        0        0        0        0
1.3e+10 0.00025 15.525         0        0        0        0        0        0        0        0
1.3e+10 0.00025 15.575         0        0        0        0        0        0        0        0
1.3e+10 0.00025 15.625         0        0        0        0        0        0        0        0
1.3e+10 0.00025 15.675         0        0        0        0        0        0        0        0
1.3e+10 0.00025 15.725         0        0        0        0        0        0        0        0
1.3e+10 0.00025 15.775         0        0        0        0        0        0        0        0
1.3e+10 0.00025 15.825         0        0        0        0        0        0        0        0
1.3e+10 0.00025 15.875         0        0        0        0        0        0        0        0
1.3e+10 0.00025 15.925         0        0        0        0        0        0        0        0
1.3e+10 0.00025 15.975         0        0        0        0        0        0        0        0
1.3e+10 0.00025 16.025         0        0        0        0        0        0        0        0
1.3e+10 0.00025 16.075         0        0        0        0        0        0        0        0
1.3e+10 0.00025 16.125         0        0        0        0        0        0        0        0
1.3e+10 0.00025 16.175         0        0        0        0        0        0        0        0
1.3e+10 0.00025 16.225         0        0        0        0        0        0        0        0
1.3e+10 0.00025 16.275         0        0        0        0        0        0        0        0
1.3e+10 0.00025 16.325         0        0        0        0        0        0        0        0
1.3e+10 0.00025 16.375         0        0        0        0        0        0        0        0
1.3e+10 0.00025 16.425         0        0        0        0        0        0        0        0
1.3e+10 0.00025 16.475         0        0        0        0        0        0        0        0
1.3e+10 0.00025 16.525         0        0        0        0        0        0        0        0
1.3e+10 0.00025 16.575         0        0        0        0        0        0        0        0
1.3e+10 0.00025 16.625         0        0        0        0        0        0        0        0
1.3e+10 0.00025 16.675         0        0        0        0        0        0        0        0
1.3e+10 0.00025 16.725         0        0        0        0        0        0        0        0
1.3e+10 0.00025 16.775         0        0        0        0        0        0        0        0
1.3e+10 0.00025 16.825         0        0        0        0        0        0        0        0
1.3e+10 0.00025 16.875         0        0        0        0        0        0        0        0
1.3e+10 0.00025 16.925         0        0        0        0        0        0        0        0
1.3e+10 0.00025 16.975         0        0        0        0        0        0        0        0
1.3e+10 0.00025 17.025         0        0        0        0        0        0        0        0
1.3e+10 0.00025 17.075         0        0        0        0        0        0        0        0
1.3e+10 0.00025 17.125         0        0        0        0        0        0        0        0
1.3e+10 0.00025 17.175         0        0        0        0        0        0        0        0
1.3e+10 0.00025 17.225         0        0        0        0        0        0        0        0
1.3e+10 0.00025 17.275         0        0        0        0        0        0        0        0
1.3e+10 0.00025 17.325         0        0        0        0        0        0        0        0
1.3e+10 0.00025 17.375         0        0        0        0        0        0        0        0
1.3e+10 0.00025 17.425         0        0        0        0        0        0        0        0
1.3e+10 0.00025 17.475         0        0        0        0        0        0        0        0
1.3e+10 0.00025 17.525         0        0        0        0        0        0        0        0
1.3e+10 0.00025 17.575         0        0        0        0        0        0        0        0
1.3e+10 0.00025 17.625         0        0        0        0        0        0        0        0
1.3e+10 0.00025 17.675         0        0        0        0        0        0        0        0
1.3e+10 0.00025 17.725         0        0        0        0        0        0        0        0
1.3e+10 0.00025 17.775         0        0        0        0        0        0        0        0
1.3e+10 0.00025 17.825         0        0        0        0        0        0        0        0
1.3e+10 0.00025 17.875         0        0        0        0        0        0        0        0
1.3e+10 0.00025 17.925         0        0        0        0        0        0        0        0
1.3e+10 0.00025 17.975         0        0        0        0        0        0        0        0
1.3e+10 0.00025 18.025         0        0        0        0        0        0        0        0
1.3e+10 0.00025 18.075         0        0        0        0        0        0        0        0
1.3e+10 0.00025 18.125         0        0        0        0        0        0        0        0
1.3e+10 0.00025 18.175         0        0        0        0        0        0        0        0
1.3e+10 0.00025 18.225         0        0        0        0        0        0        0        0
1.3e+10 0.00025 18.275         0        0        0        0        0        0        0        0
1.3e+10 0.00025 18.325         0        0        0        0        0        0        0        0
1.3e+10 0.00025 18.375         0        0        0        0        0        0        0        0
1.3e+10 0.00025 18.425         0        0        0        0        0        0        0        0
1.3e+10 0.00025 18.475         0        0        0        0        0        0        0        0
1.3e+10 0.00025 18.525         0        0        0        0        0        0        0        0
1.3e+10 0.00025 18.575         0        0        0        0        0        0        0        0
1.3e+10 0.00025 18.625         0        0        0        0        0        0        0        0
1.3e+10 0.00025 18.675         0        0        0        0        0        0        0        0
1.3e+10 0.00025 18.725         0        0        0        0        0        0        0        0
1.3e+10 0.00025 18.775         0        0        0        0        0        0        0        0
1.3e+10 0.00025 18.825         0        0        0        0        0        0        0        0
1.3e+10 0.00025 18.875         0        0        0        0        0        0        0        0
1.3e+10 0.00025 18.925         0        0        0        0        0        0        0        0
1.3e+10 0.00025 18.975         0        0        0        0        0        0        0        0
1.3e+10 0.00025 19.025         0        0        0        0        0        0        0        0
1.3e+10 0.00025 19.075         0        0        0        0        0        0        0        0
1.3e+10 0.00025 19.125         0        0        0        0        0        0        0        0
1.3e+10 0.00025 19.175         0        0        0        0        0        0        0        0
1.3e+10 0.00025 19.225         0        0        0        0        0        0        0        0
1.3e+10 0.00025 19.275         0        0        0        0        0        0        0        0
1.3e+10 0.00025 19.325         0        0        0        0        0        0        0        0
1.3e+10 0.00025 19.375         0        0        0        0        0        0        0        0
1.3e+10 0.00025 19.425         0        0        0        0        0        0        0        0
1.3e+10 0.00025 19.475         0        0        0        0        0        0        0        0
1.3e+10 0.00025 19.525         0        0        0        0        0        0        0        0
1.3e+10 0.00025 19.575         0        0        0        0        0        0        0        0
1.3e+10 0.00025 19.625         0        0        0        0        0        0        0        0
1.3e+10 0.00025 19.675         0        0        0        0        0        0        0        0
1.3e+10 0.00025 19.725         0        0        0        0        0        0        0        0
1.3e+10 0.00025 19.775         0        0        0        0        0        0        0        0
1.3e+10 0.00025 19.825         0        0        0        0        0        0        0        0
1.3e+10 0.00025 19.875         0        0        0        0        0        0        0        0
1.3e+10 0.00025 19.925         0        0        0        0        0        0        0        0
1.3e+10 0.00025 19.975         0        0        0        0        0        0        0        0
#isochrone terminated
