# File generated by CMD 3.3 (http://stev.oapd.inaf.it/cmd) on Fri Nov 20 18:04:16 CET 2020
# isochrones based on PARSEC release v1.2S +  COLIBRI S_35
# Basic references: Bressan et al. (2012), MNRAS, 427, 127 + Chen et al. (2014, 2015), MNRAS, 444, 2525 + MNRAS, 452, 1068 + Tang et al. (2014), MNRAS, 445, 4287 + Marigo et al. (2017), ApJ, 835, 77 + Pastorelli al. (2019), MNRAS in press
# Thermal pulse cycles included 
# On RGB, assumed Reimers mass loss with efficiency eta=0.2
# Photometric system: JWST NIRCam wide+verywide+medium filters, Vegamags
# Using OBC version of bolometric corrections as detailed in Marigo et al. (2008, A&A 482, 883) and Girardi et al. (2008, PASP 120, 583
# O-rich circumstellar dpmod60alox40 dust from Groenewegen (2006)
# C-rich circumstellar AMCSIC15 dust from Groenewegen (2006)
# IMF: Kroupa (2001, 2002) + Kroupa et al. (2013) canonical two-part-power law IMF corrected for unresolved binaries 
# Kind of output: isochrone tables
# Zini     MH   logAge Mini        int_IMF         Mass   logL    logTe  logg  label   McoreTP C_O  period0 period1 pmode  Mloss  tau1m   X   Y   Xc  Xn  Xo  Cexcess  Z 	 mbolmag  F070Wmag  F090Wmag  F115Wmag  F150Wmag  F200Wmag  F277Wmag  F356Wmag  F444Wmag  F150W2mag  F322W2mag  F140Mmag  F162Mmag  F182Mmag  F210Mmag  F250Mmag  F300Mmag  F335Mmag  F360Mmag  F410Mmag  F430Mmag  F460Mmag  F480Mmag  F150WS60mag
0.00016279 -1.98000 10.10037 0.0929695517 1.1095414162    0.093 -3.075  3.5091  5.469    1  0.000  0.545     0.00     0.00 -1  -6.4e-17      0.00 7.474e-01 2.525e-01 3.062e-05 8.261e-06 7.493e-05 -1.000 1.703e-04 12.457 12.557 11.483 10.802 10.234 10.066 9.884 9.557 9.501 10.367 9.732 10.352 10.082 10.095 10.024 9.968 9.798 9.602 9.524 9.469 9.484 9.543 9.491 10.170
0.00016279 -1.98000 10.10037 0.1022350714 1.1895099878    0.102 -2.782  3.5504  5.382    1  0.000  0.545     0.00     0.00 -1 -1.32e-16      0.00 7.449e-01 2.549e-01 3.062e-05 8.261e-06 7.493e-05 -1.000 1.703e-04 11.726 11.616 10.778 10.184 9.601 9.341 9.187 8.964 8.903 9.705 9.086 9.731 9.428 9.378 9.299 9.242 9.138 9.005 8.935 8.880 8.889 8.937 8.894 9.527
0.00016279 -1.98000 10.10037 0.1029165238 1.1950173378    0.103 -2.762  3.5532  5.376    1  0.000  0.545     0.00     0.00 -1 -1.39e-16      0.00 7.447e-01 2.551e-01 3.062e-05 8.261e-06 7.493e-05 -1.000 1.704e-04 11.675 11.552 10.728 10.140 9.558 9.294 9.141 8.924 8.864 9.661 9.043 9.688 9.385 9.331 9.252 9.195 9.094 8.965 8.896 8.841 8.849 8.897 8.855 9.484
0.00016279 -1.98000 10.10037 0.1139102802 1.2778029442    0.114 -2.602  3.5695  5.325    1  0.000  0.545     0.00     0.00 -1 -2.03e-16      0.00 7.428e-01 2.570e-01 3.062e-05 8.262e-06 7.493e-05 -1.000 1.704e-04 11.274 11.085 10.334 9.779 9.207 8.923 8.777 8.595 8.537 9.300 8.695 9.337 9.033 8.961 8.883 8.827 8.738 8.633 8.570 8.516 8.524 8.567 8.530 9.132
0.00016279 -1.98000 10.10037 0.1228104606 1.3375610113    0.123 -2.483  3.5815  5.287    1  0.000  0.545     0.00     0.00 -1 -2.68e-16      0.00 7.414e-01 2.585e-01 3.062e-05 8.262e-06 7.493e-05 -1.000 1.703e-04 10.977 10.739 10.023 9.485 8.925 8.657 8.540 8.334 8.273 9.020 8.446 9.056 8.748 8.693 8.618 8.584 8.507 8.377 8.303 8.248 8.258 8.305 8.278 8.850
0.00016279 -1.98000 10.10037 0.1373485625 1.4239727259    0.137 -2.350  3.5918  5.244    1  0.000  0.545     0.00     0.00 -1 -3.62e-16      0.00 7.397e-01 2.601e-01 3.062e-05 8.262e-06 7.493e-05 -1.000 1.703e-04 10.644 10.356 9.681 9.170 8.619 8.358 8.268 8.060 8.001 8.714 8.174 8.753 8.440 8.391 8.321 8.303 8.244 8.103 8.028 7.976 7.985 8.032 8.014 8.543
0.00016279 -1.98000 10.10037 0.1427044123 1.4528592825    0.142 -2.304  3.5953  5.229    1  0.000  0.545     0.00     0.00 -1 -3.99e-16      0.00 7.392e-01 2.607e-01 3.062e-05 8.262e-06 7.493e-05 -1.000 1.704e-04 10.530 10.224 9.565 9.064 8.516 8.257 8.177 7.970 7.912 8.611 8.083 8.651 8.336 8.288 8.221 8.208 8.156 8.012 7.938 7.887 7.896 7.942 7.928 8.440
0.00016279 -1.98000 10.10037 0.1625983566 1.5489519835    0.162 -2.165  3.6041  5.182    1  0.000  0.545     0.00     0.00 -1 -5.48e-16      0.00 7.379e-01 2.619e-01 3.062e-05 8.262e-06 7.493e-05 -1.000 1.703e-04 10.181 9.851 9.219 8.737 8.193 7.931 7.851 7.668 7.616 8.287 7.768 8.328 8.015 7.962 7.898 7.879 7.833 7.704 7.640 7.594 7.601 7.642 7.630 8.119
0.00016279 -1.98000 10.10037 0.2023862600 1.7019122839    0.202 -1.949  3.6159  5.108    1  0.000  0.545     0.00     0.00 -1 -8.77e-16      0.00 7.373e-01 2.625e-01 3.062e-05 8.262e-06 7.493e-05 -1.000 1.704e-04 9.643 9.293 8.690 8.228 7.691 7.422 7.324 7.184 7.142 7.781 7.262 7.822 7.517 7.452 7.390 7.354 7.305 7.212 7.164 7.124 7.130 7.163 7.150 7.617
0.00016279 -1.98000 10.10037 0.2521211207 1.8456803560    0.252 -1.752  3.6266  5.050    1  0.000  0.545     0.00     0.00 -1 -1.32e-15      0.00 7.376e-01 2.622e-01 3.062e-05 8.262e-06 7.493e-05 -1.000 1.703e-04 9.151 8.783 8.207 7.763 7.232 6.961 6.847 6.744 6.710 7.322 6.801 7.361 7.064 6.990 6.931 6.878 6.826 6.764 6.731 6.698 6.701 6.727 6.713 7.160
0.00016279 -1.98000 10.10037 0.3018560112 1.9566160440    0.302 -1.601  3.6355  5.013    1  0.000  0.545     0.00     0.00 -1 -1.78e-15      0.00 7.376e-01 2.622e-01 3.061e-05 8.263e-06 7.493e-05 -1.000 1.703e-04 8.773 8.389 7.834 7.406 6.886 6.621 6.507 6.419 6.389 6.975 6.468 7.010 6.722 6.648 6.593 6.537 6.486 6.436 6.408 6.378 6.381 6.403 6.390 6.816
0.00016279 -1.98000 10.10037 0.3515908718 2.0460171700    0.352 -1.475  3.6437  4.986    1  0.000  0.544     0.00     0.00 -1 -2.28e-15      0.00 7.377e-01 2.621e-01 3.059e-05 8.264e-06 7.493e-05 -1.000 1.703e-04 8.459 8.062 7.527 7.112 6.601 6.344 6.231 6.155 6.129 6.691 6.197 6.723 6.441 6.369 6.317 6.259 6.210 6.170 6.145 6.118 6.121 6.141 6.129 6.533
0.00016279 -1.98000 10.10037 0.3726339936 2.0790281296    0.373 -1.420  3.6477  4.972    1  0.000  0.545     0.00     0.00 -1 -2.56e-15      0.00 7.432e-01 2.566e-01 3.060e-05 8.263e-06 7.493e-05 -1.000 1.703e-04 8.320 7.916 7.391 6.983 6.476 6.223 6.111 6.041 6.016 6.566 6.080 6.596 6.318 6.247 6.197 6.139 6.091 6.054 6.032 6.006 6.009 6.028 6.016 6.409
0.00016279 -1.98000 10.10037 0.4013257325 2.1203250885    0.401 -1.349  3.6527  4.953    1  0.000  0.545     0.00     0.00 -1 -2.96e-15      0.00 7.502e-01 2.497e-01 3.062e-05 8.261e-06 7.493e-05 -1.000 1.704e-04 8.143 7.732 7.218 6.818 6.317 6.069 5.959 5.895 5.873 6.408 5.931 6.436 6.161 6.093 6.045 5.986 5.940 5.907 5.887 5.863 5.866 5.884 5.873 6.250
0.00016279 -1.98000 10.10037 0.4472439289 2.1790099144    0.447 -1.206  3.6666  4.912    1  0.000  0.545     0.00     0.00 -1  -4.1e-15      0.00 7.507e-01 2.492e-01 3.062e-05 8.261e-06 7.493e-05 -1.000 1.704e-04 7.784 7.359 6.877 6.498 6.014 5.782 5.681 5.628 5.610 6.106 5.658 6.128 5.866 5.803 5.761 5.706 5.664 5.638 5.622 5.602 5.604 5.620 5.611 5.951
0.00016279 -1.98000 10.10037 0.4510605633 2.1835329533    0.451 -1.194  3.6677  4.909    1  0.000  0.545     0.00     0.00 -1  -4.2e-15      0.00 7.507e-01 2.491e-01 3.062e-05 8.261e-06 7.493e-05 -1.000 1.704e-04 7.756 7.329 6.850 6.473 5.991 5.760 5.659 5.607 5.590 6.083 5.637 6.104 5.843 5.780 5.739 5.684 5.642 5.617 5.601 5.581 5.584 5.599 5.590 5.927
0.00016279 -1.98000 10.10037 0.5007954240 2.2382726669    0.501 -1.021  3.6852  4.852    1  0.000  0.545     0.00     0.00 -1 -6.34e-15      0.00 7.513e-01 2.485e-01 3.058e-05 8.251e-06 7.483e-05 -1.000 1.703e-04 7.323 6.885 6.445 6.094 5.634 5.424 5.335 5.295 5.280 5.727 5.318 5.741 5.495 5.441 5.406 5.356 5.321 5.303 5.290 5.274 5.276 5.286 5.281 5.574
0.00016279 -1.98000 10.10037 0.5505303144 2.2840969563    0.550 -0.814  3.7057  4.767    1  0.000  0.544     0.00     0.00 -1 -1.08e-14      0.00 7.865e-01 2.134e-01 2.651e-05 7.157e-06 6.494e-05 -1.000 9.912e-05 6.804 6.366 5.966 5.646 5.212 5.026 4.952 4.922 4.909 5.306 4.939 5.311 5.084 5.040 5.011 4.969 4.941 4.928 4.919 4.906 4.906 4.910 4.908 5.157
0.00016279 -1.98000 10.10037 0.5808278322 2.3076322079    0.580 -0.683  3.7216  4.723    1  0.000  0.544     0.00     0.00 -1 -1.49e-14      0.00 7.946e-01 2.053e-01 2.561e-05 6.918e-06 6.279e-05 -1.000 1.074e-04 6.476 6.048 5.678 5.379 4.965 4.797 4.734 4.711 4.699 5.060 4.724 5.059 4.845 4.808 4.785 4.748 4.726 4.716 4.709 4.698 4.697 4.696 4.698 4.914
0.00016279 -1.98000 10.10037 0.6002651453 2.3213009834    0.600 -0.601  3.7315  4.695    1  0.000  0.544     0.00     0.00 -1 -1.82e-14      0.00 7.997e-01 2.002e-01 2.505e-05 6.768e-06 6.145e-05 -1.000 1.190e-04 6.274 5.856 5.503 5.217 4.815 4.657 4.601 4.583 4.571 4.909 4.593 4.905 4.700 4.667 4.647 4.614 4.595 4.586 4.580 4.571 4.570 4.567 4.570 4.765
0.00016279 -1.98000 10.10037 0.6099835634 2.3277609348    0.610 -0.557  3.7373  4.682    1  0.000  0.543     0.00     0.00 -1 -2.03e-14      0.00 8.029e-01 1.970e-01 2.470e-05 6.676e-06 6.061e-05 -1.000 1.639e-04 6.164 5.753 5.410 5.132 4.736 4.585 4.533 4.517 4.506 4.831 4.526 4.825 4.624 4.594 4.575 4.544 4.528 4.520 4.515 4.507 4.506 4.502 4.505 4.688
0.00016279 -1.98000 10.10037 0.6197577715 2.3340232372    0.619 -0.513  3.7432  4.668    1  0.000  0.543     0.00     0.00 -1 -2.27e-14      0.00 8.062e-01 1.936e-01 2.434e-05 6.577e-06 5.973e-05 -1.000 1.565e-04 6.052 5.650 5.318 5.046 4.657 4.512 4.464 4.450 4.440 4.752 4.458 4.744 4.548 4.520 4.503 4.475 4.460 4.453 4.448 4.441 4.440 4.436 4.439 4.610
0.00016279 -1.98000 10.10037 0.6292445660 2.3398880959    0.629 -0.469  3.7488  4.653    1  0.000  0.543     0.00     0.00 -1 -6.22e-17      0.00 8.097e-01 1.902e-01 2.397e-05 6.478e-06 5.885e-05 -1.000 1.450e-04 5.943 5.550 5.227 4.962 4.580 4.440 4.396 4.384 4.375 4.674 4.391 4.664 4.472 4.447 4.432 4.405 4.392 4.387 4.383 4.376 4.375 4.371 4.374 4.534
0.00016279 -1.98000 10.10037 0.6404188871 2.3465404510    0.640 -0.417  3.7553  4.635    1  0.000  0.543     0.00     0.00 -1 -2.69e-17      0.00 8.139e-01 1.860e-01 2.351e-05 6.356e-06 5.774e-05 -1.000 1.184e-04 5.813 5.431 5.118 4.861 4.486 4.354 4.314 4.304 4.296 4.581 4.309 4.569 4.382 4.360 4.346 4.322 4.311 4.307 4.303 4.297 4.296 4.291 4.295 4.442
0.00016279 -1.98000 10.10037 0.6499999762 2.3520355225    0.650 -0.372  3.7608  4.618    1  0.000  0.542     0.00     0.00 -1 -3.24e-14      0.00 8.177e-01 1.821e-01 2.309e-05 6.245e-06 5.675e-05 -1.000 1.699e-04 5.700 5.327 5.023 4.772 4.405 4.278 4.241 4.234 4.226 4.499 4.238 4.485 4.303 4.283 4.271 4.249 4.239 4.236 4.233 4.227 4.226 4.221 4.226 4.361
0.00016279 -1.98000 10.10037 0.6598831415 2.3575117588    0.660 -0.324  3.7662  4.598    1  0.000  0.542     0.00     0.00 -1 -3.67e-14      0.00 8.228e-01 1.770e-01 2.255e-05 6.100e-06 5.545e-05 -1.000 1.523e-04 5.580 5.217 4.922 4.677 4.316 4.195 4.162 4.156 4.149 4.411 4.160 4.395 4.217 4.199 4.189 4.168 4.161 4.158 4.155 4.150 4.149 4.144 4.149 4.274
0.00016279 -1.98000 10.10037 0.6694567204 2.3626396656    0.669 -0.277  3.7714  4.578    1  0.000  0.542     0.00     0.00 -1 -2.53e-14      0.00 8.280e-01 1.719e-01 2.198e-05 5.950e-06 5.410e-05 -1.000 1.298e-04 5.462 5.107 4.821 4.583 4.228 4.112 4.083 4.078 4.071 4.322 4.080 4.305 4.132 4.116 4.107 4.088 4.082 4.080 4.077 4.072 4.071 4.066 4.071 4.187
0.00016279 -1.98000 10.10037 0.6785964966 2.3673803806    0.678 -0.230  3.7762  4.557    1  0.000  0.541     0.00     0.00 -1 -4.25e-15      0.00 8.333e-01 1.666e-01 2.141e-05 5.798e-06 5.274e-05 -1.000 1.242e-04 5.346 5.000 4.721 4.489 4.141 4.030 4.003 3.999 3.993 4.234 4.001 4.216 4.047 4.033 4.025 4.008 4.003 4.001 3.998 3.994 3.993 3.989 3.993 4.100
0.00016279 -1.98000 10.10037 0.6867076755 2.3714659214    0.686 -0.188  3.7805  4.536    1  0.000  0.541     0.00     0.00 -1 -1.39e-17      0.00 8.382e-01 1.616e-01 2.088e-05 5.655e-06 5.146e-05 -1.000 1.251e-04 5.239 4.900 4.629 4.401 4.059 3.953 3.928 3.925 3.919 4.152 3.926 4.133 3.968 3.956 3.948 3.932 3.928 3.927 3.924 3.920 3.919 3.915 3.919 4.020
0.00016279 -1.98000 10.10037 0.6945666075 2.3753201962    0.694 -0.145  3.7846  4.515    1  0.000  0.540     0.00     0.00 -1 -1.06e-15      0.00 8.433e-01 1.566e-01 2.033e-05 5.510e-06 5.015e-05 -1.000 1.401e-04 5.132 4.801 4.536 4.313 3.977 3.875 3.852 3.849 3.844 4.069 3.850 4.049 3.888 3.877 3.871 3.855 3.852 3.851 3.849 3.845 3.844 3.840 3.844 3.938
0.00016279 -1.98000 10.10037 0.6999999881 2.3779268265    0.700 -0.114  3.7874  4.499    1  0.000  0.540     0.00     0.00 -1 -6.47e-14      0.00 8.469e-01 1.530e-01 1.993e-05 5.405e-06 4.921e-05 -1.000 1.454e-04 5.056 4.730 4.469 4.250 3.918 3.819 3.797 3.795 3.789 4.010 3.796 3.989 3.831 3.821 3.815 3.800 3.798 3.797 3.794 3.790 3.789 3.785 3.789 3.880
0.00016279 -1.98000 10.10037 0.7080192566 2.3816900253    0.708 -0.067  3.7913  4.472    1  0.000  0.538     0.00     0.00 -1  -7.4e-14      0.00 8.514e-01 1.484e-01 1.945e-05 5.288e-06 4.818e-05 -1.000 1.537e-04 4.938 4.618 4.364 4.149 3.824 3.728 3.708 3.706 3.701 3.915 3.707 3.893 3.739 3.731 3.725 3.711 3.709 3.708 3.706 3.702 3.701 3.697 3.701 3.787
0.00016279 -1.98000 10.10037 0.7162707448 2.3854610920    0.716 -0.016  3.7953  4.442    1  0.000  0.536     0.00     0.00 -1 -8.57e-14      0.00 8.556e-01 1.443e-01 1.902e-05 5.183e-06 4.727e-05 -1.000 8.580e-05 4.809 4.496 4.248 4.038 3.719 3.628 3.609 3.608 3.603 3.810 3.609 3.786 3.637 3.630 3.624 3.612 3.611 3.610 3.608 3.604 3.603 3.599 3.603 3.684
0.00016279 -1.98000 10.10037 0.7233573198 2.3886210918    0.723  0.031  3.7987  4.412    1  0.000  0.535     0.00     0.00 -1 -9.82e-14      0.00 8.588e-01 1.411e-01 1.871e-05 5.111e-06 4.664e-05 -1.000 8.041e-05 4.692 4.384 4.141 3.936 3.623 3.535 3.517 3.516 3.511 3.713 3.517 3.688 3.543 3.537 3.531 3.519 3.519 3.518 3.515 3.512 3.511 3.507 3.511 3.588
0.00016279 -1.98000 10.10037 0.7302224636 2.3916149139    0.730  0.080  3.8018  4.381    1  0.000  0.533     0.00     0.00 -1 -9.33e-14      0.00 8.615e-01 1.383e-01 1.845e-05 5.052e-06 4.613e-05 -1.000 1.470e-04 4.571 4.267 4.030 3.828 3.522 3.436 3.419 3.419 3.413 3.610 3.419 3.585 3.443 3.438 3.433 3.422 3.421 3.420 3.418 3.414 3.413 3.409 3.413 3.488
0.00016279 -1.98000 10.10037 0.7370878458 2.3945450783    0.736  0.132  3.8047  4.344    1  0.000  0.532     0.00     0.00 -1 -9.43e-18      0.00 8.640e-01 1.358e-01 1.822e-05 5.001e-06 4.570e-05 -1.000 1.454e-04 4.441 4.141 3.909 3.711 3.410 3.327 3.311 3.311 3.306 3.498 3.311 3.472 3.334 3.329 3.324 3.314 3.313 3.312 3.310 3.306 3.306 3.302 3.306 3.377
0.00016279 -1.98000 10.10037 0.7450203896 2.3978533745    0.744  0.197  3.8079  4.296    1  0.000  0.530     0.00     0.00 -1 -3.61e-15      0.00 8.667e-01 1.332e-01 1.799e-05 4.949e-06 4.526e-05 -1.000 1.204e-04 4.277 3.981 3.755 3.560 3.266 3.185 3.171 3.170 3.165 3.352 3.170 3.325 3.191 3.187 3.183 3.173 3.172 3.171 3.169 3.165 3.165 3.161 3.165 3.233
0.00016279 -1.98000 10.10037 0.7500000000 2.3998889923    0.749  0.242  3.8097  4.261    1  0.000  0.529     0.00     0.00 -1 -1.86e-13      0.00 8.683e-01 1.316e-01 1.785e-05 4.918e-06 4.500e-05 -1.000 7.553e-05 4.165 3.872 3.649 3.457 3.166 3.087 3.073 3.072 3.067 3.251 3.072 3.224 3.093 3.089 3.084 3.075 3.074 3.073 3.071 3.067 3.067 3.063 3.067 3.134
0.00016279 -1.98000 10.10037 0.7543490529 2.4016416073    0.753  0.283  3.8112  4.229    1  0.000  0.529     0.00     0.00 -1 -2.12e-13      0.00 8.685e-01 1.314e-01 1.787e-05 4.926e-06 4.508e-05 -1.000 9.923e-05 4.062 3.770 3.549 3.359 3.072 2.995 2.980 2.980 2.975 3.157 2.980 3.129 3.000 2.996 2.992 2.983 2.982 2.981 2.979 2.975 2.975 2.971 2.975 3.040
0.00016279 -1.98000 10.10037 0.7593547106 2.4036304951    0.758  0.334  3.8127  4.187    1  0.000  0.529     0.00     0.00 -1 -2.49e-13      0.00 8.677e-01 1.322e-01 1.802e-05 4.967e-06 4.545e-05 -1.000 9.999e-05 3.936 3.645 3.427 3.239 2.955 2.879 2.865 2.865 2.860 3.039 2.865 3.012 2.885 2.881 2.877 2.868 2.867 2.866 2.864 2.860 2.860 2.856 2.860 2.924
0.00016279 -1.98000 10.10037 0.7634467483 2.4052338600    0.762  0.379  3.8133  4.147    1  0.000  0.528     0.00     0.00 -1 -2.89e-13      0.00 8.666e-01 1.333e-01 1.817e-05 5.010e-06 4.585e-05 -1.000 9.997e-05 3.824 3.533 3.317 3.130 2.847 2.772 2.758 2.757 2.752 2.931 2.757 2.903 2.777 2.773 2.769 2.760 2.759 2.758 2.756 2.753 2.752 2.748 2.752 2.816
0.00016279 -1.98000 10.10037 0.7649993896 2.4058370590    0.764  0.397  3.8131  4.128    1  0.000  0.528     0.00     0.00 -1 -3.09e-13      0.00 8.662e-01 1.337e-01 1.823e-05 5.027e-06 4.600e-05 -1.000 1.001e-04 3.776 3.485 3.269 3.081 2.798 2.723 2.709 2.708 2.703 2.882 2.709 2.855 2.729 2.725 2.720 2.711 2.711 2.710 2.707 2.704 2.703 2.699 2.703 2.768
0.00016279 -1.98000 10.10037 0.7692177892 2.4074618816    0.768  0.453  3.8114  4.068    1  0.000  0.528     0.00     0.00 -1 -3.72e-13      0.00 8.651e-01 1.348e-01 1.840e-05 5.072e-06 4.642e-05 -1.000 1.000e-04 3.638 3.344 3.125 2.935 2.649 2.572 2.558 2.557 2.552 2.733 2.558 2.706 2.578 2.574 2.570 2.561 2.560 2.559 2.556 2.553 2.552 2.548 2.552 2.618
0.00016279 -1.98000 10.10037 0.7721694708 2.4085867405    0.771  0.497  3.8087  4.015    1  0.000  0.528     0.00     0.00 -1 -4.38e-13      0.00 8.643e-01 1.356e-01 1.851e-05 5.103e-06 4.670e-05 -1.000 1.000e-04 3.528 3.229 3.006 2.813 2.523 2.443 2.429 2.427 2.422 2.608 2.428 2.580 2.450 2.445 2.441 2.431 2.430 2.429 2.426 2.423 2.422 2.418 2.422 2.491
0.00016279 -1.98000 10.10037 0.7727988958 2.4088253975    0.772  0.507  3.8079  4.002    1  0.000  0.528     0.00     0.00 -1 -4.56e-13      0.00 8.641e-01 1.358e-01 1.854e-05 5.110e-06 4.676e-05 -1.000 1.000e-04 3.503 3.203 2.978 2.784 2.492 2.412 2.398 2.396 2.391 2.577 2.397 2.550 2.419 2.414 2.410 2.400 2.399 2.398 2.395 2.392 2.391 2.387 2.391 2.460
0.00016279 -1.98000 10.10037 0.7733981609 2.4090521336    0.772  0.517  3.8068  3.987    1  0.000  0.528     0.00     0.00 -1 -4.76e-13      0.00 8.639e-01 1.360e-01 1.856e-05 5.116e-06 4.682e-05 -1.000 9.993e-05 3.476 3.174 2.948 2.752 2.458 2.377 2.363 2.361 2.356 2.544 2.362 2.517 2.384 2.379 2.375 2.365 2.364 2.363 2.360 2.357 2.356 2.352 2.356 2.426
0.00016279 -1.98000 10.10037 0.7754151821 2.4098122120    0.774  0.557  3.8016  3.929    2  0.000  0.528     0.00     0.00 -1 -5.54e-13      0.00 8.634e-01 1.365e-01 1.864e-05 5.137e-06 4.702e-05 -1.000 1.000e-04 3.378 3.068 2.833 2.631 2.328 2.242 2.226 2.224 2.219 2.415 2.225 2.389 2.251 2.244 2.240 2.229 2.227 2.226 2.223 2.220 2.219 2.215 2.219 2.294
0.00016279 -1.98000 10.10037 0.7769602537 2.4103915691    0.776  0.592  3.7952  3.868    2  0.000  0.528     0.00     0.00 -1 -6.44e-13      0.00 8.630e-01 1.369e-01 1.869e-05 5.154e-06 4.717e-05 -1.000 1.000e-04 3.290 2.969 2.724 2.514 2.199 2.108 2.090 2.088 2.082 2.288 2.089 2.264 2.118 2.109 2.105 2.094 2.092 2.090 2.087 2.083 2.082 2.078 2.082 2.164
0.00016279 -1.98000 10.10037 0.7781714201 2.4108436108    0.777  0.624  3.7877  3.807    2  0.000  0.528     0.00     0.00 -1 -7.44e-13      0.00 8.623e-01 1.376e-01 1.880e-05 5.182e-06 4.743e-05 -1.000 1.157e-04 3.209 2.878 2.620 2.400 2.071 1.973 1.954 1.951 1.945 2.163 1.953 2.140 1.985 1.975 1.970 1.958 1.955 1.953 1.950 1.946 1.945 1.940 1.944 2.033
0.00016279 -1.98000 10.10037 0.7791485190 2.4112071991    0.778  0.654  3.7795  3.745    2  0.000  0.529     0.00     0.00 -1 -8.54e-13      0.00 8.556e-01 1.443e-01 1.959e-05 5.398e-06 4.939e-05 -1.000 1.114e-04 3.135 2.793 2.522 2.291 1.946 1.841 1.820 1.816 1.809 2.041 1.818 2.020 1.854 1.842 1.837 1.824 1.820 1.818 1.815 1.810 1.809 1.805 1.809 1.906
0.00016279 -1.98000 10.10037 0.7799686790 2.4115116596    0.778  0.681  3.7715  3.686    2  0.000  0.530     0.00     0.00 -1 -9.74e-13      0.00 8.362e-01 1.637e-01 2.163e-05 5.950e-06 5.436e-05 -1.000 1.092e-04 3.067 2.715 2.430 2.188 1.829 1.715 1.692 1.688 1.680 1.925 1.690 1.906 1.732 1.717 1.711 1.696 1.692 1.690 1.687 1.681 1.680 1.676 1.680 1.786
0.00016279 -1.98000 10.10037 0.7806925774 2.4117798805    0.779  0.710  3.7639  3.628    2  0.000  0.533     0.00     0.00 -1 -1.11e-12      0.00 8.096e-01 1.903e-01 2.430e-05 6.665e-06 6.076e-05 -1.000 1.186e-04 2.996 2.635 2.338 2.085 1.712 1.590 1.565 1.561 1.553 1.810 1.563 1.794 1.610 1.593 1.586 1.570 1.565 1.563 1.559 1.554 1.553 1.548 1.552 1.668
0.00016279 -1.98000 10.10037 0.7813350558 2.4120173454    0.780  0.741  3.7571  3.570    2  0.000  0.535     0.00     0.00 -1 -1.28e-12      0.00 7.920e-01 2.078e-01 2.602e-05 7.126e-06 6.487e-05 -1.000 1.163e-04 2.918 2.550 2.241 1.979 1.593 1.464 1.437 1.431 1.423 1.693 1.435 1.678 1.486 1.467 1.460 1.442 1.437 1.434 1.430 1.424 1.423 1.418 1.422 1.547
0.00016279 -1.98000 10.10037 0.7819714546 2.4122519493    0.780  0.781  3.7510  3.506    2  0.000  0.536     0.00     0.00 -1  -1.5e-12      0.00 7.814e-01 2.185e-01 2.708e-05 7.409e-06 6.739e-05 -1.000 1.628e-04 2.818 2.443 2.124 1.854 1.456 1.321 1.292 1.286 1.278 1.557 1.290 1.545 1.345 1.325 1.316 1.298 1.292 1.289 1.285 1.279 1.278 1.273 1.277 1.408
0.00016279 -1.98000 10.10037 0.7824739814 2.4124372005    0.781  0.820  3.7471  3.451    2  0.000  0.536     0.00     0.00 -1 -1.75e-12      0.00 7.761e-01 2.238e-01 2.760e-05 7.549e-06 6.864e-05 -1.000 1.703e-04 2.721 2.342 2.015 1.739 1.334 1.196 1.165 1.158 1.150 1.436 1.162 1.426 1.221 1.199 1.190 1.171 1.164 1.161 1.157 1.151 1.150 1.145 1.149 1.286
0.00016279 -1.98000 10.10037 0.7828175426 2.4125635624    0.781  0.849  3.7446  3.412    2  0.000  0.536     0.00     0.00 -1 -1.96e-12      0.00 7.733e-01 2.265e-01 2.787e-05 7.620e-06 6.928e-05 -1.000 1.703e-04 2.647 2.265 1.934 1.655 1.246 1.104 1.073 1.065 1.057 1.348 1.070 1.338 1.130 1.108 1.099 1.079 1.072 1.068 1.064 1.058 1.057 1.052 1.056 1.196
0.00016279 -1.98000 10.10037 0.7831206918 2.4126749039    0.781  0.879  3.7430  3.376    3  0.000  0.536     0.00     0.00 -1 -2.19e-12      0.00 7.715e-01 2.283e-01 2.803e-05 7.665e-06 6.968e-05 -1.000 1.545e-04 2.572 2.189 1.855 1.574 1.161 1.018 0.987 0.979 0.970 1.264 0.983 1.254 1.045 1.022 1.013 0.993 0.985 0.982 0.978 0.971 0.970 0.965 0.969 1.112
0.00016279 -1.98000 10.10037 0.7835181952 2.4128208160    0.782  0.920  3.7409  3.327    3  0.000  0.537     0.00     0.00 -1 -2.54e-12      0.00 7.694e-01 2.305e-01 2.823e-05 7.716e-06 7.014e-05 -1.000 1.556e-04 2.470 2.084 1.747 1.463 1.047 0.902 0.869 0.861 0.853 1.150 0.866 1.141 0.929 0.906 0.896 0.876 0.868 0.864 0.860 0.854 0.853 0.848 0.852 0.996
0.00016279 -1.98000 10.10037 0.7839186192 2.4129676819    0.782  0.964  3.7391  3.276    3  0.000  0.537     0.00     0.00 -1 -2.98e-12      0.00 7.674e-01 2.325e-01 2.838e-05 7.758e-06 7.052e-05 -1.000 1.489e-04 2.361 1.973 1.633 1.346 0.926 0.779 0.746 0.738 0.730 1.030 0.743 1.021 0.807 0.783 0.773 0.753 0.745 0.741 0.737 0.731 0.730 0.724 0.728 0.875
0.00016279 -1.98000 10.10037 0.7843021750 2.4131081104    0.782  1.008  3.7374  3.225    3  0.000  0.537     0.00     0.00 -1  -3.5e-12      0.00 7.656e-01 2.342e-01 2.851e-05 7.792e-06 7.082e-05 -1.000 1.695e-04 2.250 1.860 1.517 1.228 0.805 0.656 0.623 0.614 0.606 0.909 0.619 0.901 0.684 0.660 0.650 0.630 0.622 0.617 0.613 0.607 0.606 0.601 0.604 0.753
0.00016279 -1.98000 10.10037 0.7847098708 2.4132571220    0.783  1.059  3.7357  3.168    3  0.000  0.537     0.00     0.00 -1  -4.2e-12      0.00 7.639e-01 2.359e-01 2.862e-05 7.823e-06 7.110e-05 -1.000 1.703e-04 2.123 1.732 1.387 1.094 0.668 0.517 0.484 0.475 0.466 0.772 0.480 0.765 0.546 0.521 0.511 0.491 0.482 0.478 0.474 0.467 0.466 0.461 0.465 0.615
0.00016279 -1.98000 10.10037 0.7850519419 2.4133822918    0.783  1.104  3.7342  3.116    3  0.000  0.537     0.00     0.00 -1 -4.94e-12      0.00 7.625e-01 2.374e-01 2.871e-05 7.847e-06 7.131e-05 -1.000 1.703e-04 2.010 1.618 1.269 0.975 0.545 0.393 0.359 0.350 0.342 0.650 0.355 0.643 0.422 0.397 0.386 0.367 0.358 0.353 0.349 0.342 0.341 0.337 0.340 0.492
0.00016279 -1.98000 10.10037 0.7853980660 2.4135086536    0.783  1.154  3.7327  3.061    3  0.000  0.537     0.00     0.00 -1  -5.9e-12      0.00 7.611e-01 2.387e-01 2.877e-05 7.868e-06 7.149e-05 -1.000 1.595e-04 1.886 1.492 1.141 0.844 0.412 0.258 0.224 0.215 0.206 0.517 0.220 0.511 0.287 0.262 0.251 0.232 0.222 0.218 0.214 0.207 0.206 0.201 0.205 0.358
0.00016279 -1.98000 10.10037 0.7857376337 2.4136323929    0.783  1.207  3.7311  3.002    3  0.000  0.537     0.00     0.00 -1 -7.14e-12      0.00 7.598e-01 2.401e-01 2.883e-05 7.888e-06 7.165e-05 -1.000 1.621e-04 1.753 1.359 1.005 0.705 0.269 0.114 0.080 0.071 0.062 0.375 0.076 0.369 0.144 0.118 0.107 0.087 0.078 0.074 0.070 0.063 0.061 0.057 0.060 0.215
0.00016279 -1.98000 10.10037 0.7860117555 2.4137322903    0.783  1.254  3.7296  2.949    3  0.000  0.536     0.00     0.00 -1 -8.45e-12      0.00 7.587e-01 2.411e-01 2.885e-05 7.904e-06 7.176e-05 -1.000 1.690e-04 1.636 1.240 0.884 0.582 0.143 -0.014 -0.048 -0.057 -0.066 0.250 -0.052 0.244 0.017 -0.010 -0.020 -0.040 -0.050 -0.054 -0.059 -0.066 -0.067 -0.071 -0.068 0.089
0.00016279 -1.98000 10.10037 0.7862761617 2.4138286114    0.784  1.303  3.7282  2.894    3  0.000  0.536     0.00     0.00 -1 -1.01e-11      0.00 7.577e-01 2.421e-01 2.886e-05 7.922e-06 7.185e-05 -1.000 1.704e-04 1.513 1.116 0.757 0.453 0.011 -0.147 -0.182 -0.191 -0.200 0.118 -0.186 0.113 -0.116 -0.143 -0.154 -0.174 -0.184 -0.188 -0.193 -0.200 -0.201 -0.205 -0.202 -0.043
0.00016279 -1.98000 10.10037 0.7865136862 2.4139149189    0.784  1.351  3.7267  2.840    3  0.000  0.535     0.00     0.00 -1  -1.2e-11      0.00 7.569e-01 2.430e-01 2.885e-05 7.942e-06 7.193e-05 -1.000 1.684e-04 1.393 0.995 0.633 0.327 -0.118 -0.278 -0.313 -0.322 -0.331 -0.011 -0.317 -0.015 -0.246 -0.274 -0.284 -0.305 -0.315 -0.319 -0.324 -0.331 -0.332 -0.336 -0.333 -0.173
0.00016279 -1.98000 10.10037 0.7867288589 2.4139931202    0.784  1.398  3.7252  2.787    3  0.000  0.534     0.00     0.00 -1 -1.42e-11      0.00 7.562e-01 2.437e-01 2.884e-05 7.965e-06 7.199e-05 -1.000 1.596e-04 1.275 0.875 0.510 0.201 -0.246 -0.408 -0.443 -0.452 -0.462 -0.139 -0.447 -0.142 -0.376 -0.404 -0.414 -0.435 -0.445 -0.449 -0.454 -0.461 -0.462 -0.466 -0.463 -0.302
0.00016279 -1.98000 10.10037 0.7869214416 2.4140632153    0.784  1.445  3.7237  2.734    3  0.000  0.533     0.00     0.00 -1 -1.68e-11      0.00 7.556e-01 2.443e-01 2.881e-05 7.990e-06 7.203e-05 -1.000 1.646e-04 1.158 0.757 0.389 0.079 -0.372 -0.535 -0.570 -0.580 -0.590 -0.264 -0.575 -0.267 -0.503 -0.531 -0.542 -0.562 -0.573 -0.577 -0.582 -0.589 -0.590 -0.594 -0.591 -0.428
0.00016279 -1.98000 10.10037 0.7871037126 2.4141292572    0.784  1.493  3.7222  2.680    3  0.000  0.533     0.00     0.00 -1    -2e-11      0.00 7.551e-01 2.447e-01 2.878e-05 8.017e-06 7.207e-05 -1.000 1.703e-04 1.037 0.635 0.265 -0.048 -0.502 -0.667 -0.702 -0.712 -0.722 -0.394 -0.707 -0.396 -0.634 -0.662 -0.673 -0.694 -0.705 -0.709 -0.714 -0.721 -0.722 -0.726 -0.723 -0.558
0.00016279 -1.98000 10.10037 0.7872655392 2.4141881466    0.784  1.540  3.7206  2.627    3  0.000  0.532     0.00     0.00 -1 -2.37e-11      0.00 7.547e-01 2.451e-01 2.875e-05 8.043e-06 7.210e-05 -1.000 1.704e-04 0.920 0.517 0.143 -0.172 -0.629 -0.796 -0.831 -0.842 -0.851 -0.521 -0.836 -0.522 -0.762 -0.791 -0.802 -0.823 -0.834 -0.839 -0.844 -0.851 -0.852 -0.855 -0.852 -0.686
0.00016279 -1.98000 10.10037 0.7874093652 2.4142401218    0.784  1.586  3.7191  2.575    3  0.000  0.532     0.00     0.00 -1 -2.79e-11      0.00 7.545e-01 2.453e-01 2.873e-05 8.062e-06 7.212e-05 -1.000 1.703e-04 0.806 0.402 0.025 -0.292 -0.752 -0.921 -0.957 -0.968 -0.977 -0.644 -0.962 -0.645 -0.887 -0.916 -0.928 -0.949 -0.960 -0.965 -0.970 -0.977 -0.977 -0.980 -0.977 -0.810
0.00016279 -1.98000 10.10037 0.7875396609 2.4142875671    0.784  1.631  3.7176  2.524    3  0.000  0.531     0.00     0.00 -1 -3.29e-11      0.00 7.544e-01 2.455e-01 2.872e-05 8.073e-06 7.213e-05 -1.000 1.630e-04 0.693 0.289 -0.091 -0.411 -0.874 -1.045 -1.081 -1.092 -1.100 -0.766 -1.086 -0.766 -1.010 -1.040 -1.051 -1.073 -1.084 -1.089 -1.094 -1.101 -1.101 -1.103 -1.101 -0.933
0.00016279 -1.98000 10.10037 0.7876617908 2.4143316746    0.783  1.677  3.7159  2.471    3  0.000  0.531     0.00     0.00 -1 -3.88e-11      0.00 7.543e-01 2.456e-01 2.871e-05 8.080e-06 7.213e-05 -1.000 1.703e-04 0.578 0.173 -0.210 -0.532 -0.999 -1.172 -1.208 -1.219 -1.228 -0.890 -1.213 -0.890 -1.136 -1.167 -1.178 -1.200 -1.211 -1.216 -1.221 -1.228 -1.229 -1.230 -1.228 -1.058
0.00016279 -1.98000 10.10037 0.7877696753 2.4143707752    0.783  1.721  3.7143  2.420    3  0.000  0.531     0.00     0.00 -1 -4.56e-11      0.00 7.542e-01 2.456e-01 2.871e-05 8.084e-06 7.214e-05 -1.000 1.703e-04 0.468 0.061 -0.325 -0.650 -1.120 -1.294 -1.330 -1.342 -1.350 -1.010 -1.336 -1.009 -1.258 -1.289 -1.301 -1.322 -1.334 -1.339 -1.344 -1.351 -1.352 -1.353 -1.351 -1.179
0.00016279 -1.98000 10.10037 0.7878693342 2.4144070148    0.783  1.766  3.7128  2.369    3  0.000  0.531     0.00     0.00 -1 -5.35e-11      0.00 7.542e-01 2.456e-01 2.871e-05 8.085e-06 7.214e-05 -1.000 1.703e-04 0.356 -0.052 -0.441 -0.768 -1.241 -1.417 -1.454 -1.465 -1.474 -1.131 -1.459 -1.129 -1.380 -1.412 -1.423 -1.445 -1.457 -1.462 -1.467 -1.475 -1.475 -1.476 -1.474 -1.301
0.00016279 -1.98000 10.10037 0.7879608274 2.4144401550    0.783  1.810  3.7111  2.318    3  0.000  0.531     0.00     0.00 -1 -6.29e-11      0.00 7.542e-01 2.456e-01 2.871e-05 8.085e-06 7.214e-05 -1.000 1.703e-04 0.245 -0.164 -0.556 -0.885 -1.362 -1.540 -1.577 -1.589 -1.597 -1.252 -1.582 -1.249 -1.503 -1.534 -1.546 -1.568 -1.580 -1.586 -1.591 -1.598 -1.598 -1.599 -1.597 -1.422
0.00016279 -1.98000 10.10037 0.7880421281 2.4144694805    0.783  1.853  3.7095  2.269    3  0.000  0.531     0.00     0.00 -1 -9.61e-13      0.00 7.542e-01 2.456e-01 2.871e-05 8.086e-06 7.214e-05 -1.000 1.703e-04 0.138 -0.271 -0.667 -0.999 -1.478 -1.658 -1.696 -1.708 -1.716 -1.368 -1.701 -1.365 -1.621 -1.653 -1.665 -1.687 -1.699 -1.705 -1.710 -1.718 -1.717 -1.717 -1.716 -1.539
0.00016279 -1.98000 10.10037 0.7881172299 2.4144966602    0.782  1.895  3.7079  2.220    3  0.000  0.531     0.00     0.00 -1 -8.94e-14      0.00 7.542e-01 2.456e-01 2.871e-05 8.086e-06 7.214e-05 -1.000 1.704e-04 0.032 -0.379 -0.777 -1.112 -1.594 -1.776 -1.814 -1.826 -1.834 -1.484 -1.820 -1.480 -1.738 -1.771 -1.783 -1.805 -1.818 -1.823 -1.828 -1.836 -1.836 -1.835 -1.834 -1.656
0.00016279 -1.98000 10.10037 0.7881894112 2.4145228863    0.782  1.939  3.7063  2.169    3  0.000  0.531     0.00     0.00 -1 -5.96e-14      0.00 7.542e-01 2.456e-01 2.871e-05 8.086e-06 7.215e-05 -1.000 1.703e-04 -0.079 -0.490 -0.892 -1.229 -1.715 -1.899 -1.937 -1.950 -1.957 -1.605 -1.943 -1.600 -1.860 -1.893 -1.905 -1.928 -1.941 -1.946 -1.952 -1.960 -1.959 -1.958 -1.957 -1.777
0.00016279 -1.98000 10.10037 0.7882512212 2.4145452976    0.782  1.980  3.7046  2.121    3  0.000  0.531     0.00     0.00 -1 -7.02e-14      0.00 7.542e-01 2.456e-01 2.871e-05 8.087e-06 7.215e-05 -1.000 1.703e-04 -0.181 -0.592 -0.998 -1.338 -1.827 -2.013 -2.051 -2.064 -2.072 -1.716 -2.057 -1.711 -1.974 -2.007 -2.020 -2.042 -2.055 -2.061 -2.066 -2.074 -2.074 -2.072 -2.071 -1.890
0.00016279 -1.98000 10.10037 0.7883083224 2.4145658016    0.782  2.021  3.7031  2.074    3  0.000  0.531     0.00     0.00 -1 -8.24e-14      0.00 7.542e-01 2.456e-01 2.871e-05 8.087e-06 7.215e-05 -1.000 1.703e-04 -0.283 -0.694 -1.103 -1.446 -1.939 -2.126 -2.165 -2.178 -2.185 -1.828 -2.171 -1.821 -2.086 -2.121 -2.133 -2.155 -2.169 -2.175 -2.180 -2.188 -2.187 -2.185 -2.185 -2.002
0.00016279 -1.98000 10.10037 0.7883629203 2.4145855904    0.781  2.063  3.7014  2.026    3  0.000  0.531     0.00     0.00 -1 -9.68e-14      0.00 7.542e-01 2.456e-01 2.871e-05 8.087e-06 7.215e-05 -1.000 1.702e-04 -0.387 -0.799 -1.211 -1.557 -2.053 -2.242 -2.281 -2.295 -2.302 -1.942 -2.287 -1.934 -2.202 -2.237 -2.249 -2.271 -2.285 -2.291 -2.297 -2.305 -2.304 -2.301 -2.301 -2.117
0.00016279 -1.98000 10.10037 0.7884106040 2.4146027565    0.781  2.101  3.6998  1.980    3  0.000  0.531     0.00     0.00 -1 -1.12e-13      0.00 7.542e-01 2.456e-01 2.871e-05 8.087e-06 7.215e-05 -1.000 1.703e-04 -0.483 -0.896 -1.312 -1.660 -2.160 -2.351 -2.390 -2.404 -2.411 -2.048 -2.396 -2.040 -2.310 -2.345 -2.358 -2.380 -2.394 -2.400 -2.406 -2.414 -2.413 -2.410 -2.410 -2.224
0.00016279 -1.98000 10.10037 0.7884552479 2.4146189690    0.781  2.139  3.6982  1.936    3  0.000  0.531     0.00     0.00 -1  -1.3e-13      0.00 7.542e-01 2.456e-01 2.871e-05 8.088e-06 7.215e-05 -1.000 1.704e-04 -0.578 -0.992 -1.410 -1.761 -2.264 -2.457 -2.497 -2.511 -2.517 -2.152 -2.503 -2.143 -2.415 -2.451 -2.464 -2.486 -2.501 -2.507 -2.513 -2.521 -2.519 -2.516 -2.516 -2.329
0.00016279 -1.98000 10.10037 0.7885016203 2.4146358967    0.780  2.175  3.6968  1.894    3  0.000  0.531     0.00     0.00 -1 -1.49e-13      0.00 7.542e-01 2.456e-01 2.871e-05 8.088e-06 7.215e-05 -1.000 1.703e-04 -0.668 -1.082 -1.504 -1.856 -2.363 -2.557 -2.597 -2.611 -2.617 -2.250 -2.603 -2.241 -2.515 -2.551 -2.564 -2.587 -2.601 -2.607 -2.613 -2.621 -2.620 -2.616 -2.616 -2.428
0.00016279 -1.98000 10.10037 0.7885531187 2.4146544933    0.780  2.205  3.6957  1.860    3  0.000  0.531     0.00     0.00 -1  -1.7e-13      0.00 7.542e-01 2.457e-01 2.871e-05 8.088e-06 7.215e-05 -1.000 1.703e-04 -0.742 -1.156 -1.580 -1.935 -2.444 -2.639 -2.680 -2.694 -2.700 -2.331 -2.686 -2.321 -2.597 -2.633 -2.647 -2.669 -2.684 -2.690 -2.696 -2.704 -2.703 -2.698 -2.699 -2.509
0.00016279 -1.98000 10.10037 0.7885796428 2.4146640301    0.779  2.198  3.6962  1.869    3  0.000  0.531     0.00     0.00 -1 -1.69e-13      0.00 7.542e-01 2.457e-01 2.871e-05 8.088e-06 7.215e-05 -1.000 1.703e-04 -0.724 -1.138 -1.561 -1.915 -2.423 -2.617 -2.658 -2.672 -2.678 -2.310 -2.664 -2.300 -2.575 -2.612 -2.625 -2.647 -2.662 -2.668 -2.674 -2.682 -2.681 -2.676 -2.677 -2.488
0.00016279 -1.98000 10.10037 0.7885859609 2.4146661758    0.779  2.204  3.6959  1.861    3  0.000  0.531     0.00     0.00 -1 -1.73e-13      0.00 7.542e-01 2.457e-01 2.871e-05 8.088e-06 7.215e-05 -1.000 1.704e-04 -0.741 -1.155 -1.579 -1.933 -2.441 -2.636 -2.677 -2.691 -2.697 -2.329 -2.683 -2.319 -2.594 -2.630 -2.644 -2.666 -2.681 -2.687 -2.693 -2.701 -2.700 -2.695 -2.696 -2.506
0.00016279 -1.98000 10.10037 0.7886205316 2.4146788120    0.779  2.246  3.6941  1.812    3  0.000  0.531     0.00     0.00 -1    -2e-13      0.00 7.542e-01 2.457e-01 2.871e-05 8.088e-06 7.215e-05 -1.000 1.703e-04 -0.844 -1.258 -1.686 -2.043 -2.555 -2.752 -2.794 -2.808 -2.814 -2.443 -2.800 -2.432 -2.710 -2.747 -2.760 -2.783 -2.798 -2.805 -2.810 -2.819 -2.817 -2.811 -2.812 -2.621
0.00016279 -1.98000 10.10037 0.7886554599 2.4146914482    0.778  2.290  3.6923  1.761    3  0.000  0.531     0.00     0.00 -1 -2.34e-13      0.00 7.542e-01 2.457e-01 2.871e-05 8.089e-06 7.215e-05 -1.000 1.703e-04 -0.954 -1.368 -1.800 -2.160 -2.676 -2.875 -2.917 -2.932 -2.937 -2.563 -2.924 -2.551 -2.832 -2.869 -2.883 -2.906 -2.922 -2.928 -2.934 -2.942 -2.940 -2.933 -2.934 -2.743
0.00016279 -1.98000 10.10037 0.7886851430 2.4147021770    0.778  2.330  3.6904  1.713    3  0.000  0.531     0.00     0.00 -1  -2.7e-13      0.00 7.542e-01 2.457e-01 2.871e-05 8.089e-06 7.215e-05 -1.000 1.703e-04 -1.054 -1.468 -1.903 -2.267 -2.787 -2.988 -3.031 -3.046 -3.050 -2.674 -3.037 -2.661 -2.944 -2.983 -2.996 -3.019 -3.036 -3.042 -3.048 -3.057 -3.054 -3.045 -3.047 -2.854
0.00016279 -1.98000 10.10037 0.7887143493 2.4147126675    0.777  2.371  3.6885  1.663    3  0.000  0.531     0.00     0.00 -1 -3.14e-13      0.00 7.542e-01 2.457e-01 2.871e-05 8.089e-06 7.215e-05 -1.000 1.704e-04 -1.159 -1.573 -2.012 -2.379 -2.903 -3.107 -3.150 -3.165 -3.169 -2.790 -3.157 -2.776 -3.062 -3.101 -3.115 -3.138 -3.155 -3.161 -3.168 -3.176 -3.173 -3.162 -3.165 -2.971
0.00016279 -1.98000 10.10037 0.7887415886 2.4147224426    0.777  2.413  3.6867  1.614    3  0.000  0.531     0.00     0.00 -1 -3.64e-13      0.00 7.542e-01 2.457e-01 2.871e-05 8.089e-06 7.215e-05 -1.000 1.704e-04 -1.264 -1.677 -2.121 -2.491 -3.019 -3.225 -3.268 -3.284 -3.287 -2.906 -3.275 -2.891 -3.180 -3.219 -3.233 -3.256 -3.273 -3.280 -3.286 -3.295 -3.291 -3.279 -3.282 -3.088
0.00016279 -1.98000 10.10037 0.7887654305 2.4147310257    0.776  2.453  3.6847  1.566    3  0.000  0.531     0.00     0.00 -1 -4.18e-13      0.00 7.542e-01 2.457e-01 2.871e-05 8.089e-06 7.215e-05 -1.000 1.703e-04 -1.362 -1.776 -2.224 -2.597 -3.130 -3.338 -3.381 -3.397 -3.400 -3.016 -3.388 -3.000 -3.292 -3.332 -3.346 -3.368 -3.386 -3.393 -3.400 -3.409 -3.404 -3.391 -3.394 -3.199
0.00016279 -1.98000 10.10037 0.7887890935 2.4147396088    0.775  2.495  3.6828  1.516    3  0.000  0.531     0.00     0.00 -1 -4.83e-13      0.00 7.542e-01 2.457e-01 2.871e-05 8.089e-06 7.215e-05 -1.000 1.704e-04 -1.467 -1.880 -2.333 -2.710 -3.246 -3.457 -3.500 -3.517 -3.519 -3.132 -3.508 -3.115 -3.410 -3.451 -3.465 -3.487 -3.506 -3.513 -3.519 -3.529 -3.523 -3.508 -3.512 -3.316
0.00016279 -1.98000 10.10037 0.7888100743 2.4147472382    0.774  2.535  3.6809  1.468    3  0.000  0.531     0.00     0.00 -1 -5.55e-13      0.00 7.542e-01 2.457e-01 2.871e-05 8.089e-06 7.215e-05 -1.000 1.703e-04 -1.567 -1.979 -2.437 -2.817 -3.358 -3.570 -3.614 -3.631 -3.633 -3.243 -3.622 -3.225 -3.523 -3.564 -3.578 -3.601 -3.620 -3.627 -3.634 -3.643 -3.638 -3.620 -3.625 -3.428
0.00016279 -1.98000 10.10037 0.7888296247 2.4147543907    0.774  2.575  3.6790  1.420    3  0.000  0.531     0.00     0.00 -1 -6.37e-13      0.00 7.542e-01 2.457e-01 2.871e-05 8.089e-06 7.215e-05 -1.000 1.703e-04 -1.667 -2.078 -2.540 -2.924 -3.469 -3.684 -3.728 -3.746 -3.746 -3.353 -3.736 -3.335 -3.635 -3.677 -3.692 -3.714 -3.734 -3.742 -3.748 -3.758 -3.752 -3.732 -3.738 -3.540
0.00016279 -1.98000 10.10037 0.7888482213 2.4147610664    0.773  2.615  3.6771  1.371    3  0.000  0.531     0.00     0.00 -1 -7.32e-13      0.00 7.542e-01 2.457e-01 2.871e-05 8.090e-06 7.215e-05 -1.000 1.703e-04 -1.768 -2.178 -2.645 -3.032 -3.582 -3.799 -3.843 -3.862 -3.861 -3.466 -3.852 -3.447 -3.750 -3.792 -3.807 -3.829 -3.850 -3.858 -3.864 -3.874 -3.868 -3.846 -3.852 -3.653
0.00016279 -1.98000 10.10037 0.7888683081 2.4147682190    0.771  2.662  3.6746  1.314    3  0.000  0.531     0.00     0.00 -1 -8.59e-13      0.00 7.542e-01 2.457e-01 2.871e-05 8.090e-06 7.216e-05 -1.000 1.703e-04 -1.886 -2.294 -2.767 -3.159 -3.714 -3.934 -3.979 -3.999 -3.996 -3.598 -3.988 -3.577 -3.884 -3.927 -3.943 -3.964 -3.987 -3.994 -4.001 -4.011 -4.004 -3.979 -3.986 -3.787
0.00016279 -1.98000 10.10037 0.7888844013 2.4147741795    0.770  2.703  3.6727  1.264    3  0.000  0.531     0.00     0.00 -1 -9.87e-13      0.00 7.541e-01 2.457e-01 2.871e-05 8.090e-06 7.216e-05 -1.000 1.703e-04 -1.988 -2.395 -2.873 -3.269 -3.828 -4.050 -4.096 -4.116 -4.113 -3.711 -4.105 -3.690 -3.999 -4.043 -4.059 -4.080 -4.104 -4.111 -4.118 -4.128 -4.121 -4.093 -4.100 -3.901
0.00016279 -1.98000 10.10037 0.7889010310 2.4147801399    0.769  2.748  3.6702  1.208    3  0.000  0.531     0.00     0.00 -1 -1.15e-12      0.00 7.541e-01 2.457e-01 2.871e-05 8.090e-06 7.216e-05 -1.000 1.703e-04 -2.101 -2.506 -2.991 -3.391 -3.956 -4.181 -4.227 -4.248 -4.244 -3.839 -4.236 -3.816 -4.129 -4.174 -4.190 -4.211 -4.236 -4.244 -4.250 -4.260 -4.253 -4.222 -4.230 -4.030
0.00016279 -1.98000 10.10037 0.7889147997 2.4147851467    0.768  2.789  3.6683  1.160    3  0.000  0.531     0.00     0.00 -1 -1.32e-12      0.00 7.541e-01 2.457e-01 2.871e-05 8.090e-06 7.216e-05 -1.000 1.704e-04 -2.202 -2.606 -3.096 -3.499 -4.068 -4.296 -4.342 -4.363 -4.358 -3.951 -4.352 -3.928 -4.243 -4.288 -4.305 -4.325 -4.351 -4.359 -4.366 -4.376 -4.368 -4.334 -4.343 -4.143
0.00016279 -1.98000 10.10037 0.7889287472 2.4147901535    0.766  2.833  3.6657  1.104    3  0.000  0.531     0.00     0.00 -1 -1.53e-12      0.00 7.541e-01 2.457e-01 2.871e-05 8.090e-06 7.216e-05 -1.000 1.703e-04 -2.311 -2.712 -3.209 -3.618 -4.193 -4.424 -4.471 -4.493 -4.486 -4.076 -4.480 -4.051 -4.370 -4.416 -4.434 -4.452 -4.481 -4.488 -4.496 -4.506 -4.497 -4.459 -4.469 -4.269
0.00016279 -1.98000 10.10037 0.7889403701 2.4147942066    0.764  2.872  3.6638  1.057    3  0.000  0.531     0.00     0.00 -1 -1.74e-12      0.00 7.541e-01 2.457e-01 2.871e-05 8.090e-06 7.216e-05 -1.000 1.703e-04 -2.409 -2.808 -3.310 -3.723 -4.302 -4.535 -4.582 -4.605 -4.597 -4.184 -4.592 -4.159 -4.481 -4.528 -4.545 -4.562 -4.593 -4.601 -4.608 -4.618 -4.608 -4.567 -4.578 -4.379
0.00016279 -1.98000 10.10037 0.7889525890 2.4147987366    0.762  2.916  3.6612  1.001    3  0.000  0.531     0.00     0.00 -1 -2.02e-12      0.00 7.541e-01 2.457e-01 2.871e-05 8.090e-06 7.216e-05 -1.000 1.703e-04 -2.519 -2.914 -3.424 -3.842 -4.428 -4.664 -4.711 -4.735 -4.725 -4.310 -4.721 -4.283 -4.608 -4.656 -4.674 -4.689 -4.722 -4.730 -4.738 -4.748 -4.738 -4.692 -4.704 -4.505
0.00016279 -1.98000 10.10037 0.7889649272 2.4148032665    0.760  2.963  3.6587  0.942    3  0.000  0.531     0.00     0.00 -1 -2.37e-12      0.00 7.541e-01 2.457e-01 2.871e-05 8.090e-06 7.216e-05 -1.000 1.703e-04 -2.639 -3.031 -3.549 -3.972 -4.563 -4.802 -4.849 -4.874 -4.863 -4.444 -4.860 -4.416 -4.745 -4.794 -4.812 -4.825 -4.861 -4.870 -4.877 -4.888 -4.877 -4.827 -4.840 -4.641
0.00016279 -1.98000 10.10037 0.7889750004 2.4148068428    0.758  3.005  3.6561  0.889    3  0.000  0.531     0.00     0.00 -1 -2.73e-12      0.00 7.541e-01 2.457e-01 2.871e-05 8.090e-06 7.216e-05 -1.000 1.702e-04 -2.743 -3.132 -3.658 -4.086 -4.684 -4.925 -4.972 -4.999 -4.986 -4.564 -4.984 -4.535 -4.867 -4.917 -4.935 -4.948 -4.986 -4.994 -5.002 -5.013 -5.001 -4.946 -4.961 -4.762
0.00016279 -1.98000 10.10037 0.7889835835 2.4148099422    0.756  3.043  3.6541  0.841    3  0.000  0.531     0.00     0.00 -1 -3.09e-12      0.00 7.541e-01 2.457e-01 2.871e-05 8.090e-06 7.216e-05 -1.000 1.704e-04 -2.838 -3.224 -3.757 -4.189 -4.791 -5.035 -5.083 -5.111 -5.096 -4.671 -5.095 -4.642 -4.976 -5.027 -5.046 -5.057 -5.097 -5.105 -5.113 -5.125 -5.112 -5.053 -5.069 -4.871
0.00016279 -1.98000 10.10037 0.7889924645 2.4148130417    0.753  3.085  3.6515  0.788    3  0.000  0.531     0.00     0.00 -1 -3.55e-12      0.00 7.541e-01 2.457e-01 2.871e-05 8.090e-06 7.216e-05 -1.000 1.704e-04 -2.943 -3.322 -3.864 -4.302 -4.911 -5.158 -5.205 -5.235 -5.219 -4.790 -5.218 -4.759 -5.097 -5.149 -5.169 -5.177 -5.221 -5.230 -5.238 -5.250 -5.236 -5.172 -5.190 -4.991
0.00016279 -1.98000 10.10037 0.7890015244 2.4148163795    0.750  3.131  3.6489  0.730    3  0.000  0.531     0.00     0.00 -1 -4.13e-12      0.00 7.541e-01 2.457e-01 2.871e-05 8.090e-06 7.216e-05 -1.000 1.703e-04 -3.057 -3.428 -3.980 -4.425 -5.040 -5.290 -5.337 -5.369 -5.351 -4.919 -5.351 -4.887 -5.228 -5.281 -5.302 -5.307 -5.355 -5.364 -5.372 -5.384 -5.370 -5.301 -5.320 -5.121
0.00016279 -1.98000 10.10037 0.7890092134 2.4148192406    0.747  3.172  3.6464  0.677    3  0.000  0.531     0.00     0.00 -1 -4.75e-12      0.00 7.541e-01 2.457e-01 2.871e-05 8.090e-06 7.216e-05 -1.000 1.703e-04 -3.159 -3.524 -4.084 -4.536 -5.158 -5.412 -5.458 -5.492 -5.472 -5.036 -5.473 -5.003 -5.348 -5.402 -5.423 -5.425 -5.477 -5.486 -5.495 -5.507 -5.493 -5.418 -5.438 -5.240
0.00016279 -1.98000 10.10037 0.7890168428 2.4148218632    0.743  3.215  3.6439  0.621    3  0.000  0.531     0.00     0.00 -1 -5.48e-12      0.00 7.541e-01 2.457e-01 2.871e-05 8.090e-06 7.216e-05 -1.000 1.703e-04 -3.267 -3.624 -4.194 -4.652 -5.281 -5.538 -5.584 -5.620 -5.598 -5.159 -5.600 -5.124 -5.473 -5.528 -5.550 -5.548 -5.605 -5.614 -5.623 -5.636 -5.620 -5.541 -5.562 -5.364
0.00016279 -1.98000 10.10037 0.7890239954 2.4148244858    0.739  3.256  3.6414  0.568    3  0.000  0.531     0.00     0.00 -1 -6.29e-12      0.00 7.541e-01 2.457e-01 2.871e-05 8.090e-06 7.216e-05 -1.000 1.703e-04 -3.369 -3.719 -4.299 -4.763 -5.398 -5.658 -5.704 -5.742 -5.718 -5.276 -5.720 -5.240 -5.592 -5.648 -5.670 -5.665 -5.727 -5.736 -5.745 -5.758 -5.742 -5.657 -5.679 -5.482
0.00016279 -1.98000 10.10037 0.7890260220 2.4148252010    0.738  3.266  3.6408  0.555    3  0.000  0.531     0.00     0.00 -1 -6.55e-12      0.00 7.541e-01 2.457e-01 2.871e-05 8.090e-06 7.216e-05 -1.000 1.703e-04 -3.395 -3.742 -4.324 -4.790 -5.426 -5.688 -5.733 -5.772 -5.748 -5.304 -5.750 -5.268 -5.621 -5.678 -5.700 -5.694 -5.756 -5.765 -5.774 -5.788 -5.772 -5.685 -5.708 -5.511
0.00016279 -1.98000 10.10037 0.7890260220 2.4148252010    0.728  1.662  3.9166  3.257    4  0.000  0.532     0.00     0.00 -1    -1e-30      0.00 7.547e-01 2.451e-01 2.871e-05 8.058e-06 7.206e-05 -1.000 1.702e-04 0.615 0.527 0.455 0.408 0.359 0.335 0.326 0.323 0.318 0.372 0.325 0.369 0.343 0.336 0.335 0.331 0.324 0.325 0.323 0.319 0.317 0.316 0.317 0.353
0.00016279 -1.98000 10.10037 0.7890267968 2.4148254395    0.728  1.671  3.9112  3.226    4  0.000  0.532     0.00     0.00 -1    -1e-30      0.00 7.547e-01 2.451e-01 2.871e-05 8.058e-06 7.206e-05 -1.000 1.702e-04 0.592 0.485 0.407 0.355 0.298 0.273 0.263 0.260 0.255 0.314 0.261 0.309 0.281 0.273 0.272 0.268 0.261 0.261 0.260 0.255 0.254 0.252 0.253 0.291
0.00016279 -1.98000 10.10037 0.7890776396 2.4148437977    0.728  1.686  3.9041  3.182    4  0.000  0.532     0.00     0.00 -1    -1e-30      0.00 7.547e-01 2.451e-01 2.871e-05 8.058e-06 7.206e-05 -1.000 1.704e-04 0.555 0.423 0.336 0.276 0.210 0.181 0.171 0.168 0.162 0.228 0.170 0.222 0.190 0.182 0.180 0.176 0.169 0.169 0.168 0.163 0.162 0.160 0.161 0.202
0.00016279 -1.98000 10.10037 0.7891271114 2.4148616791    0.728  1.686  3.9048  3.185    4  0.000  0.532     0.00     0.00 -1    -1e-30      0.00 7.547e-01 2.451e-01 2.871e-05 8.058e-06 7.206e-05 -1.000 1.702e-04 0.554 0.425 0.339 0.280 0.215 0.187 0.177 0.173 0.167 0.233 0.175 0.227 0.195 0.187 0.186 0.182 0.174 0.175 0.173 0.168 0.167 0.165 0.166 0.207
0.00016279 -1.98000 10.10037 0.7891766429 2.4148795605    0.728  1.686  3.9055  3.188    4  0.000  0.532     0.00     0.00 -1    -1e-30      0.00 7.547e-01 2.451e-01 2.871e-05 8.058e-06 7.206e-05 -1.000 1.702e-04 0.555 0.428 0.343 0.285 0.221 0.192 0.183 0.179 0.173 0.238 0.181 0.232 0.201 0.193 0.192 0.188 0.180 0.181 0.179 0.174 0.173 0.171 0.172 0.213
0.00016279 -1.98000 10.10037 0.7892267704 2.4148976803    0.728  1.686  3.9062  3.191    4  0.000  0.532     0.00     0.00 -1    -1e-30      0.00 7.547e-01 2.451e-01 2.871e-05 8.058e-06 7.206e-05 -1.000 1.702e-04 0.555 0.430 0.346 0.289 0.226 0.198 0.188 0.185 0.179 0.243 0.186 0.238 0.207 0.199 0.197 0.193 0.186 0.186 0.185 0.180 0.178 0.176 0.177 0.218
0.00016279 -1.98000 10.10037 0.7892782092 2.4149162769    0.729  1.686  3.9067  3.194    4  0.000  0.532     0.00     0.00 -1    -1e-30      0.00 7.547e-01 2.451e-01 2.871e-05 8.058e-06 7.206e-05 -1.000 1.702e-04 0.555 0.432 0.349 0.292 0.230 0.202 0.192 0.189 0.183 0.247 0.191 0.241 0.211 0.203 0.201 0.197 0.190 0.191 0.189 0.184 0.183 0.181 0.182 0.222
0.00016279 -1.98000 10.10037 0.7893292904 2.4149346352    0.729  1.686  3.9071  3.195    4  0.000  0.532     0.00     0.00 -1    -1e-30      0.00 7.547e-01 2.451e-01 2.871e-05 8.058e-06 7.206e-05 -1.000 1.702e-04 0.555 0.434 0.351 0.294 0.232 0.205 0.195 0.192 0.186 0.249 0.193 0.244 0.213 0.206 0.204 0.200 0.193 0.193 0.192 0.187 0.185 0.184 0.185 0.225
0.00016279 -1.98000 10.10037 0.7893769741 2.4149518013    0.729  1.686  3.9071  3.195    4  0.000  0.532     0.00     0.00 -1    -1e-30      0.00 7.547e-01 2.451e-01 2.871e-05 8.058e-06 7.206e-05 -1.000 1.702e-04 0.555 0.434 0.351 0.294 0.233 0.205 0.196 0.192 0.186 0.250 0.194 0.244 0.214 0.206 0.204 0.200 0.193 0.194 0.192 0.187 0.186 0.184 0.185 0.225
0.00016279 -1.98000 10.10037 0.7894285321 2.4149703979    0.729  1.686  3.9070  3.194    4  0.000  0.532     0.00     0.00 -1    -1e-30      0.00 7.547e-01 2.451e-01 2.871e-05 8.058e-06 7.206e-05 -1.000 1.704e-04 0.555 0.433 0.350 0.293 0.231 0.203 0.194 0.190 0.185 0.248 0.192 0.243 0.212 0.204 0.203 0.199 0.191 0.192 0.190 0.186 0.184 0.182 0.183 0.223
0.00016279 -1.98000 10.10037 0.7894760370 2.4149875641    0.729  1.687  3.9063  3.191    4  0.000  0.532     0.00     0.00 -1    -1e-30      0.00 7.547e-01 2.451e-01 2.871e-05 8.058e-06 7.206e-05 -1.000 1.702e-04 0.553 0.429 0.345 0.288 0.225 0.197 0.187 0.184 0.178 0.242 0.185 0.236 0.206 0.198 0.196 0.192 0.185 0.185 0.184 0.179 0.177 0.175 0.176 0.217
0.00016279 -1.98000 10.10037 0.7895241380 2.4150049686    0.729  1.687  3.9054  3.187    4  0.000  0.532     0.00     0.00 -1    -1e-30      0.00 7.547e-01 2.451e-01 2.871e-05 8.058e-06 7.206e-05 -1.000 1.702e-04 0.552 0.424 0.339 0.281 0.216 0.188 0.178 0.175 0.169 0.234 0.176 0.228 0.197 0.189 0.187 0.183 0.176 0.176 0.175 0.170 0.168 0.167 0.168 0.208
0.00016279 -1.98000 10.10037 0.7895746827 2.4150230885    0.729  1.688  3.9039  3.180    4  0.000  0.532     0.00     0.00 -1    -1e-30      0.00 7.547e-01 2.451e-01 2.871e-05 8.058e-06 7.206e-05 -1.000 1.702e-04 0.549 0.417 0.330 0.270 0.203 0.175 0.165 0.161 0.155 0.222 0.163 0.216 0.183 0.175 0.174 0.170 0.162 0.163 0.161 0.156 0.155 0.153 0.154 0.195
0.00016279 -1.98000 10.10037 0.7896272540 2.4150421619    0.729  1.690  3.9018  3.170    4  0.000  0.532     0.00     0.00 -1    -1e-30      0.00 7.547e-01 2.451e-01 2.871e-05 8.058e-06 7.206e-05 -1.000 1.702e-04 0.545 0.406 0.317 0.255 0.185 0.155 0.145 0.142 0.136 0.204 0.143 0.198 0.164 0.156 0.154 0.150 0.143 0.143 0.142 0.137 0.135 0.133 0.134 0.176
0.00016279 -1.98000 10.10037 0.7896761894 2.4150598049    0.729  1.692  3.8993  3.158    4  0.000  0.532     0.00     0.00 -1    -1e-30      0.00 7.547e-01 2.451e-01 2.871e-05 8.058e-06 7.206e-05 -1.000 1.702e-04 0.541 0.394 0.302 0.236 0.162 0.132 0.121 0.118 0.112 0.183 0.120 0.176 0.141 0.132 0.130 0.126 0.119 0.119 0.118 0.113 0.111 0.109 0.110 0.153
0.00016279 -1.98000 10.10037 0.7897243500 2.4150772095    0.729  1.694  3.8962  3.144    4  0.000  0.532     0.00     0.00 -1    -1e-30      0.00 7.547e-01 2.451e-01 2.871e-05 8.058e-06 7.206e-05 -1.000 1.702e-04 0.535 0.379 0.283 0.214 0.135 0.103 0.092 0.089 0.083 0.157 0.091 0.149 0.112 0.104 0.102 0.098 0.090 0.091 0.089 0.084 0.083 0.081 0.082 0.126
0.00016279 -1.98000 10.10037 0.7897750735 2.4150953293    0.729  1.696  3.8923  3.126    4  0.000  0.532     0.00     0.00 -1    -1e-30      0.00 7.547e-01 2.451e-01 2.871e-05 8.058e-06 7.206e-05 -1.000 1.702e-04 0.529 0.359 0.260 0.186 0.101 0.067 0.056 0.053 0.047 0.125 0.055 0.116 0.077 0.068 0.066 0.061 0.054 0.054 0.053 0.047 0.047 0.045 0.046 0.091
0.00016279 -1.98000 10.10037 0.7898228168 2.4151124954    0.729  1.699  3.8880  3.106    4  0.000  0.532     0.00     0.00 -1    -1e-30      0.00 7.547e-01 2.451e-01 2.871e-05 8.058e-06 7.206e-05 -1.000 1.702e-04 0.522 0.340 0.235 0.156 0.063 0.028 0.016 0.014 0.007 0.090 0.015 0.080 0.038 0.029 0.027 0.022 0.014 0.015 0.013 0.008 0.007 0.005 0.006 0.052
0.00016279 -1.98000 10.10037 0.7898709178 2.4151299000    0.729  1.703  3.8832  3.083    4  0.000  0.532     0.00     0.00 -1    -1e-30      0.00 7.547e-01 2.451e-01 2.871e-05 8.058e-06 7.206e-05 -1.000 1.702e-04 0.513 0.319 0.208 0.122 0.021 -0.017 -0.028 -0.031 -0.038 0.050 -0.029 0.039 -0.006 -0.016 -0.018 -0.023 -0.030 -0.030 -0.031 -0.037 -0.038 -0.040 -0.039 0.009
0.00016279 -1.98000 10.10037 0.7899203897 2.4151477814    0.729  1.706  3.8776  3.057    4  0.000  0.532     0.00     0.00 -1    -1e-30      0.00 7.547e-01 2.451e-01 2.871e-05 8.058e-06 7.206e-05 -1.000 1.704e-04 0.504 0.293 0.176 0.083 -0.029 -0.069 -0.080 -0.083 -0.090 0.004 -0.081 -0.009 -0.058 -0.068 -0.070 -0.075 -0.082 -0.082 -0.083 -0.089 -0.090 -0.092 -0.091 -0.042
0.00016279 -1.98000 10.10037 0.7899711132 2.4151659012    0.729  1.711  3.8712  3.027    4  0.000  0.532     0.00     0.00 -1    -1e-30      0.00 7.547e-01 2.451e-01 2.871e-05 8.058e-06 7.206e-05 -1.000 1.702e-04 0.493 0.267 0.142 0.040 -0.085 -0.127 -0.139 -0.143 -0.149 -0.047 -0.141 -0.062 -0.117 -0.126 -0.128 -0.134 -0.141 -0.141 -0.143 -0.148 -0.149 -0.152 -0.151 -0.099
0.00016279 -1.98000 10.10037 0.7900183797 2.4151830673    0.729  1.715  3.8646  2.996    4  0.000  0.532     0.00     0.00 -1    -1e-30      0.00 7.547e-01 2.451e-01 2.871e-05 8.058e-06 7.206e-05 -1.000 1.702e-04 0.482 0.240 0.107 -0.004 -0.142 -0.188 -0.200 -0.204 -0.210 -0.101 -0.202 -0.117 -0.177 -0.187 -0.189 -0.195 -0.202 -0.202 -0.204 -0.209 -0.210 -0.213 -0.212 -0.157
0.00016279 -1.98000 10.10037 0.7900228500 2.4151844978    0.729  1.716  3.8639  2.993    4  0.000  0.532     0.00     0.00 -1    -1e-30      0.00 7.547e-01 2.451e-01 2.871e-05 8.058e-06 7.206e-05 -1.000 1.702e-04 0.481 0.238 0.103 -0.008 -0.148 -0.194 -0.206 -0.210 -0.216 -0.106 -0.208 -0.123 -0.183 -0.193 -0.195 -0.201 -0.208 -0.208 -0.210 -0.215 -0.216 -0.219 -0.218 -0.163
0.00016279 -1.98000 10.10037 0.7900310755 2.4151875973    0.729  1.716  3.8628  2.988    4  0.000  0.532     0.00     0.00 -1    -1e-30      0.00 7.547e-01 2.451e-01 2.871e-05 8.058e-06 7.206e-05 -1.000 1.702e-04 0.479 0.234 0.097 -0.015 -0.158 -0.205 -0.217 -0.221 -0.227 -0.115 -0.219 -0.132 -0.194 -0.204 -0.206 -0.212 -0.219 -0.219 -0.221 -0.226 -0.227 -0.230 -0.229 -0.173
0.00016279 -1.98000 10.10037 0.7900797129 2.4152050018    0.729  1.721  3.8558  2.955    4  0.000  0.532     0.00     0.00 -1    -1e-30      0.00 7.547e-01 2.451e-01 2.871e-05 8.058e-06 7.206e-05 -1.000 1.702e-04 0.467 0.208 0.062 -0.060 -0.218 -0.268 -0.281 -0.285 -0.291 -0.171 -0.283 -0.189 -0.257 -0.267 -0.270 -0.277 -0.283 -0.283 -0.285 -0.290 -0.291 -0.295 -0.293 -0.235
0.00016279 -1.98000 10.10037 0.7901270390 2.4152221680    0.729  1.726  3.8487  2.922    4  0.000  0.532     0.00     0.00 -1    -1e-30      0.00 7.547e-01 2.451e-01 2.871e-05 8.058e-06 7.206e-05 -1.000 1.702e-04 0.455 0.183 0.026 -0.106 -0.279 -0.333 -0.347 -0.350 -0.357 -0.227 -0.349 -0.247 -0.322 -0.332 -0.335 -0.342 -0.348 -0.349 -0.351 -0.356 -0.356 -0.360 -0.358 -0.298
0.00016279 -1.98000 10.10037 0.7901777029 2.4152402878    0.730  1.732  3.8406  2.884    4  0.000  0.532     0.00     0.00 -1    -1e-30      0.00 7.547e-01 2.451e-01 2.871e-05 8.058e-06 7.206e-05 -1.000 1.702e-04 0.441 0.155 -0.014 -0.157 -0.348 -0.408 -0.422 -0.425 -0.432 -0.291 -0.423 -0.313 -0.396 -0.406 -0.409 -0.417 -0.423 -0.424 -0.426 -0.431 -0.431 -0.436 -0.433 -0.369
0.00016279 -1.98000 10.10037 0.7902259231 2.4152576923    0.730  1.737  3.8323  2.845    4  0.000  0.532     0.00     0.00 -1    -1e-30      0.00 7.547e-01 2.451e-01 2.871e-05 8.058e-06 7.206e-05 -1.000 1.704e-04 0.427 0.127 -0.055 -0.209 -0.419 -0.484 -0.498 -0.502 -0.509 -0.357 -0.500 -0.379 -0.471 -0.482 -0.485 -0.493 -0.499 -0.500 -0.503 -0.508 -0.508 -0.513 -0.510 -0.442
0.00016279 -1.98000 10.10037 0.7902721763 2.4152743816    0.730  1.743  3.8248  2.809    4  0.000  0.532     0.00     0.00 -1    -1e-30      0.00 7.547e-01 2.451e-01 2.871e-05 8.058e-06 7.206e-05 -1.000 1.702e-04 0.413 0.101 -0.091 -0.256 -0.482 -0.553 -0.567 -0.572 -0.578 -0.417 -0.569 -0.439 -0.540 -0.551 -0.554 -0.563 -0.569 -0.570 -0.573 -0.577 -0.578 -0.583 -0.580 -0.507
0.00016279 -1.98000 10.10037 0.7903198600 2.4152915478    0.730  1.749  3.8167  2.771    4  0.000  0.532     0.00     0.00 -1    -1e-30      0.00 7.547e-01 2.451e-01 2.871e-05 8.058e-06 7.206e-05 -1.000 1.702e-04 0.397 0.074 -0.132 -0.307 -0.552 -0.628 -0.644 -0.648 -0.655 -0.482 -0.646 -0.505 -0.615 -0.627 -0.630 -0.639 -0.645 -0.646 -0.649 -0.654 -0.655 -0.659 -0.656 -0.579
0.00016279 -1.98000 10.10037 0.7903666496 2.4153082371    0.730  1.755  3.8089  2.734    4  0.000  0.532     0.00     0.00 -1    -1e-30      0.00 7.547e-01 2.451e-01 2.871e-05 8.058e-06 7.206e-05 -1.000 1.702e-04 0.382 0.048 -0.170 -0.356 -0.619 -0.700 -0.717 -0.721 -0.728 -0.544 -0.719 -0.567 -0.686 -0.699 -0.702 -0.712 -0.718 -0.719 -0.722 -0.727 -0.728 -0.733 -0.729 -0.648
0.00016279 -1.98000 10.10037 0.7904139757 2.4153254032    0.730  1.762  3.8017  2.698    4  0.000  0.532     0.00     0.00 -1    -1e-30      0.00 7.547e-01 2.451e-01 2.871e-05 8.058e-06 7.206e-05 -1.000 1.702e-04 0.366 0.023 -0.207 -0.402 -0.682 -0.769 -0.786 -0.791 -0.798 -0.603 -0.789 -0.626 -0.754 -0.767 -0.771 -0.781 -0.787 -0.789 -0.792 -0.797 -0.798 -0.803 -0.799 -0.713
0.00016279 -1.98000 10.10037 0.7904614210 2.4153423309    0.730  1.768  3.7949  2.664    4  0.000  0.532     0.00     0.00 -1    -1e-30      0.00 7.547e-01 2.451e-01 2.871e-05 8.058e-06 7.206e-05 -1.000 1.702e-04 0.349 -0.002 -0.243 -0.448 -0.743 -0.835 -0.854 -0.859 -0.866 -0.661 -0.857 -0.684 -0.820 -0.834 -0.838 -0.849 -0.855 -0.857 -0.860 -0.865 -0.866 -0.871 -0.867 -0.776
0.00016279 -1.98000 10.10037 0.7905091047 2.4153594971    0.730  1.777  3.7875  2.626    4  0.000  0.532     0.00     0.00 -1    -1e-30      0.00 7.547e-01 2.451e-01 2.871e-05 8.058e-06 7.206e-05 -1.000 1.703e-04 0.327 -0.032 -0.285 -0.501 -0.813 -0.911 -0.931 -0.936 -0.943 -0.727 -0.933 -0.749 -0.895 -0.910 -0.914 -0.925 -0.931 -0.934 -0.937 -0.942 -0.943 -0.949 -0.945 -0.848
0.00016279 -1.98000 10.10037 0.7905185819 2.4153628349    0.730  1.776  3.7872  2.626    4  0.000  0.532     0.00     0.00 -1    -1e-30      0.00 7.547e-01 2.451e-01 2.871e-05 8.058e-06 7.206e-05 -1.000 1.703e-04 0.331 -0.029 -0.282 -0.499 -0.811 -0.909 -0.929 -0.935 -0.942 -0.725 -0.932 -0.747 -0.893 -0.908 -0.912 -0.924 -0.930 -0.932 -0.936 -0.941 -0.942 -0.947 -0.943 -0.846
0.00016279 -1.98000 10.10037 0.7905675769 2.4153804779    0.730  1.787  3.7795  2.584    4  0.000  0.532     0.00     0.00 -1    -1e-30      0.00 7.547e-01 2.451e-01 2.871e-05 8.058e-06 7.206e-05 -1.000 1.704e-04 0.302 -0.066 -0.332 -0.560 -0.889 -0.994 -1.015 -1.021 -1.028 -0.800 -1.018 -0.821 -0.977 -0.993 -0.997 -1.009 -1.016 -1.019 -1.022 -1.027 -1.028 -1.034 -1.030 -0.927
0.00016279 -1.98000 10.10037 0.7906157970 2.4153978825    0.730  1.804  3.7711  2.534    4  0.000  0.532     0.00     0.00 -1    -1e-30      0.00 7.547e-01 2.451e-01 2.871e-05 8.058e-06 7.206e-05 -1.000 1.704e-04 0.261 -0.115 -0.396 -0.635 -0.983 -1.096 -1.118 -1.125 -1.133 -0.891 -1.121 -0.910 -1.077 -1.095 -1.100 -1.112 -1.120 -1.123 -1.126 -1.131 -1.132 -1.138 -1.134 -1.024
0.00016279 -1.98000 10.10037 0.7906563282 2.4154124260    0.730  1.831  3.7607  2.465    4  0.000  0.532     0.00     0.00 -1    -1e-30      0.00 7.547e-01 2.451e-01 2.871e-05 8.058e-06 7.206e-05 -1.000 1.702e-04 0.193 -0.192 -0.492 -0.746 -1.116 -1.239 -1.263 -1.270 -1.279 -1.020 -1.266 -1.036 -1.218 -1.237 -1.243 -1.257 -1.265 -1.268 -1.271 -1.277 -1.278 -1.284 -1.280 -1.160
0.00016279 -1.98000 10.10037 0.7906783223 2.4154202938    0.730  1.863  3.7510  2.394    4  0.000  0.532     0.00     0.00 -1    -1e-30      0.00 7.547e-01 2.451e-01 2.871e-05 8.058e-06 7.206e-05 -1.000 1.702e-04 0.111 -0.282 -0.598 -0.867 -1.258 -1.391 -1.417 -1.425 -1.434 -1.159 -1.420 -1.172 -1.367 -1.389 -1.395 -1.410 -1.418 -1.423 -1.426 -1.433 -1.434 -1.440 -1.436 -1.305
0.00016279 -1.98000 10.10037 0.7906882763 2.4154238701    0.730  1.898  3.7426  2.326    4  0.000  0.532     0.00     0.00 -1    -1e-30      0.00 7.547e-01 2.451e-01 2.871e-05 8.058e-06 7.206e-05 -1.000 1.702e-04 0.025 -0.374 -0.706 -0.987 -1.395 -1.537 -1.565 -1.573 -1.582 -1.293 -1.568 -1.304 -1.511 -1.534 -1.541 -1.558 -1.566 -1.571 -1.575 -1.581 -1.582 -1.588 -1.584 -1.445
0.00016279 -1.98000 10.10037 0.7906926870 2.4154255390    0.730  1.934  3.7354  2.261    4  0.000  0.532     0.00     0.00 -1    -1e-30      0.00 7.547e-01 2.451e-01 2.871e-05 8.058e-06 7.206e-05 -1.000 1.703e-04 -0.066 -0.470 -0.815 -1.107 -1.531 -1.679 -1.709 -1.718 -1.728 -1.426 -1.713 -1.435 -1.652 -1.676 -1.684 -1.702 -1.711 -1.716 -1.720 -1.727 -1.728 -1.733 -1.730 -1.583
0.00016279 -1.98000 10.10037 0.7906947732 2.4154262543    0.730  1.970  3.7298  2.203    4  0.000  0.532     0.00     0.00 -1    -1e-30      0.00 7.547e-01 2.451e-01 2.871e-05 8.058e-06 7.206e-05 -1.000 1.702e-04 -0.155 -0.563 -0.918 -1.218 -1.654 -1.809 -1.840 -1.850 -1.860 -1.548 -1.845 -1.554 -1.779 -1.806 -1.814 -1.833 -1.843 -1.847 -1.852 -1.859 -1.860 -1.865 -1.862 -1.708
0.00016279 -1.98000 10.10037 0.7906956673 2.4154264927    0.730  1.993  3.7267  2.167    7  0.000  0.532     0.00     0.00 -1    -1e-30      0.00 7.547e-01 2.451e-01 2.871e-05 8.058e-06 7.206e-05 -1.000 1.702e-04 -0.213 -0.622 -0.983 -1.289 -1.731 -1.889 -1.921 -1.931 -1.941 -1.624 -1.926 -1.629 -1.858 -1.886 -1.894 -1.914 -1.924 -1.928 -1.933 -1.940 -1.941 -1.946 -1.943 -1.786
0.00016279 -1.98000 10.10037 0.7906959057 2.4154267311    0.730  2.003  3.7256  2.152    7  0.000  0.532     0.00     0.00 -1    -1e-30      0.00 7.547e-01 2.451e-01 2.871e-05 8.058e-06 7.206e-05 -1.000 1.702e-04 -0.238 -0.649 -1.011 -1.319 -1.763 -1.922 -1.954 -1.965 -1.975 -1.656 -1.959 -1.660 -1.892 -1.919 -1.928 -1.947 -1.957 -1.962 -1.966 -1.974 -1.975 -1.980 -1.977 -1.818
0.00016279 -1.98000 10.10037 0.7906968594 2.4154269695    0.730  2.044  3.7215  2.096    7  0.000  0.532     0.00     0.00 -1    -1e-30      0.00 7.547e-01 2.451e-01 2.871e-05 8.058e-06 7.206e-05 -1.000 1.704e-04 -0.340 -0.752 -1.123 -1.436 -1.889 -2.053 -2.086 -2.097 -2.107 -1.781 -2.091 -1.784 -2.021 -2.050 -2.059 -2.079 -2.089 -2.094 -2.099 -2.107 -2.107 -2.112 -2.109 -1.946
0.00016279 -1.98000 10.10037 0.7906976938 2.4154272079    0.730  2.084  3.7181  2.042    7  0.000  0.532     0.00     0.00 -1    -1e-30      0.00 7.547e-01 2.451e-01 2.871e-05 8.058e-06 7.206e-05 -1.000 1.702e-04 -0.439 -0.852 -1.230 -1.548 -2.008 -2.176 -2.210 -2.222 -2.231 -1.900 -2.216 -1.901 -2.143 -2.173 -2.182 -2.203 -2.214 -2.219 -2.223 -2.231 -2.232 -2.235 -2.233 -2.066
0.00016279 -1.98000 10.10037 0.7906985283 2.4154276848    0.730  2.120  3.7152  1.994    7  0.000  0.532     0.00     0.00 -1    -1e-30      0.00 7.547e-01 2.451e-01 2.871e-05 8.058e-06 7.206e-05 -1.000 1.702e-04 -0.530 -0.944 -1.328 -1.651 -2.117 -2.288 -2.323 -2.335 -2.344 -2.008 -2.329 -2.008 -2.254 -2.285 -2.294 -2.315 -2.327 -2.332 -2.336 -2.344 -2.345 -2.347 -2.345 -2.176
0.00016279 -1.98000 10.10037 0.7906994224 2.4154279232    0.730  2.154  3.7128  1.951    7  0.000  0.532     0.00     0.00 -1    -1e-30      0.00 7.547e-01 2.451e-01 2.871e-05 8.058e-06 7.206e-05 -1.000 1.702e-04 -0.614 -1.029 -1.418 -1.745 -2.215 -2.390 -2.425 -2.437 -2.447 -2.106 -2.431 -2.105 -2.355 -2.386 -2.396 -2.417 -2.429 -2.434 -2.439 -2.447 -2.447 -2.449 -2.448 -2.275
0.00016279 -1.98000 10.10037 0.7907007933 2.4154284000    0.730  2.177  3.7113  1.922    7  0.000  0.532     0.00     0.00 -1    -1e-30      0.00 7.547e-01 2.451e-01 2.871e-05 8.058e-06 7.206e-05 -1.000 1.702e-04 -0.672 -1.088 -1.480 -1.809 -2.283 -2.459 -2.495 -2.507 -2.517 -2.174 -2.501 -2.172 -2.424 -2.455 -2.465 -2.486 -2.499 -2.504 -2.509 -2.517 -2.517 -2.519 -2.517 -2.344
0.00016279 -1.98000 10.10037 0.7907033563 2.4154293537    0.730  2.153  3.7132  1.954    7  0.000  0.532     0.00     0.00 -1    -1e-30      0.00 7.547e-01 2.451e-01 2.871e-05 8.058e-06 7.206e-05 -1.000 1.703e-04 -0.612 -1.027 -1.415 -1.741 -2.211 -2.385 -2.420 -2.432 -2.441 -2.102 -2.426 -2.101 -2.350 -2.381 -2.391 -2.412 -2.424 -2.429 -2.434 -2.442 -2.442 -2.444 -2.442 -2.271
0.00016279 -1.98000 10.10037 0.7907198071 2.4154353142    0.730  2.139  3.7138  1.969    7  0.000  0.532     0.00     0.00 -1    -1e-30      0.00 7.547e-01 2.451e-01 2.871e-05 8.058e-06 7.206e-05 -1.000 1.702e-04 -0.578 -0.993 -1.380 -1.705 -2.174 -2.347 -2.382 -2.394 -2.404 -2.065 -2.388 -2.064 -2.312 -2.343 -2.353 -2.374 -2.386 -2.391 -2.396 -2.404 -2.404 -2.406 -2.404 -2.233
0.00016279 -1.98000 10.10037 0.7907351851 2.4154407978    0.730  2.165  3.7116  1.935    7  0.000  0.532     0.00     0.00 -1    -1e-30      0.00 7.547e-01 2.451e-01 2.871e-05 8.058e-06 7.206e-05 -1.000 1.702e-04 -0.641 -1.057 -1.448 -1.777 -2.250 -2.426 -2.461 -2.473 -2.483 -2.140 -2.467 -2.139 -2.390 -2.422 -2.431 -2.453 -2.465 -2.470 -2.475 -2.483 -2.483 -2.485 -2.483 -2.310
0.00016279 -1.98000 10.10037 0.7907538414 2.4154474735    0.730  2.211  3.7083  1.876    7  0.000  0.532     0.00     0.00 -1    -1e-30      0.00 7.547e-01 2.451e-01 2.871e-05 8.058e-06 7.206e-05 -1.000 1.702e-04 -0.757 -1.174 -1.572 -1.906 -2.386 -2.566 -2.602 -2.615 -2.624 -2.276 -2.608 -2.273 -2.529 -2.561 -2.572 -2.593 -2.606 -2.611 -2.617 -2.625 -2.625 -2.625 -2.624 -2.447
0.00016279 -1.98000 10.10037 0.7907717228 2.4154539108    0.730  2.255  3.7054  1.820    7  0.000  0.532     0.00     0.00 -1    -1e-30      0.00 7.547e-01 2.451e-01 2.871e-05 8.058e-06 7.206e-05 -1.000 1.702e-04 -0.867 -1.284 -1.688 -2.026 -2.513 -2.696 -2.734 -2.746 -2.755 -2.402 -2.739 -2.397 -2.658 -2.691 -2.702 -2.724 -2.737 -2.743 -2.748 -2.756 -2.756 -2.755 -2.755 -2.575
0.00016279 -1.98000 10.10037 0.7907881737 2.4154598713    0.730  2.298  3.7026  1.766    7  0.000  0.532     0.00     0.00 -1    -1e-30      0.00 7.547e-01 2.451e-01 2.871e-05 8.058e-06 7.206e-05 -1.000 1.702e-04 -0.975 -1.393 -1.802 -2.145 -2.637 -2.824 -2.862 -2.875 -2.883 -2.526 -2.868 -2.520 -2.785 -2.819 -2.830 -2.852 -2.866 -2.872 -2.877 -2.885 -2.885 -2.883 -2.883 -2.700
0.00016279 -1.98000 10.10037 0.7908029556 2.4154651165    0.730  2.340  3.7000  1.714    7  0.000  0.531     0.00     0.00 -1    -1e-30      0.00 7.547e-01 2.451e-01 2.871e-05 8.058e-06 7.206e-05 -1.000 1.696e-04 -1.079 -1.498 -1.913 -2.260 -2.758 -2.947 -2.986 -3.000 -3.007 -2.646 -2.992 -2.639 -2.907 -2.942 -2.954 -2.976 -2.990 -2.996 -3.002 -3.010 -3.009 -3.007 -3.007 -2.822
0.00016279 -1.98000 10.10037 0.7908160686 2.4154698849    0.730  2.381  3.6975  1.662    7  0.000  0.531     0.00     0.00 -1    -1e-30      0.00 7.548e-01 2.451e-01 2.869e-05 8.060e-06 7.206e-05 -1.000 1.591e-04 -1.183 -1.602 -2.023 -2.374 -2.877 -3.069 -3.109 -3.123 -3.130 -2.765 -3.115 -2.756 -3.028 -3.064 -3.076 -3.098 -3.113 -3.119 -3.125 -3.133 -3.132 -3.129 -3.129 -2.942
0.00016279 -1.98000 10.10037 0.7908275723 2.4154739380    0.730  2.422  3.6951  1.612    7  0.000  0.530     0.00     0.00 -1    -1e-30      0.00 7.548e-01 2.450e-01 2.864e-05 8.078e-06 7.206e-05 -1.000 1.653e-04 -1.285 -1.705 -2.130 -2.486 -2.994 -3.189 -3.229 -3.244 -3.250 -2.882 -3.236 -2.872 -3.147 -3.184 -3.196 -3.218 -3.234 -3.240 -3.246 -3.254 -3.253 -3.248 -3.249 -3.060
0.00016279 -1.98000 10.10037 0.7908377647 2.4154775143    0.730  2.463  3.6927  1.562    7  0.000  0.526     0.00     0.00 -1    -1e-30      0.00 7.548e-01 2.451e-01 2.844e-05 8.196e-06 7.206e-05 -1.000 1.580e-04 -1.387 -1.806 -2.237 -2.596 -3.110 -3.307 -3.348 -3.363 -3.369 -2.997 -3.355 -2.986 -3.265 -3.302 -3.315 -3.337 -3.353 -3.359 -3.365 -3.374 -3.372 -3.365 -3.367 -3.176
0.00016279 -1.98000 10.10037 0.7908470035 2.4154808521    0.730  2.503  3.6904  1.511    7  0.000  0.516     0.00     0.00 -1    -1e-30      0.00 7.547e-01 2.451e-01 2.795e-05 8.659e-06 7.206e-05 -1.000 1.679e-04 -1.489 -1.907 -2.343 -2.707 -3.226 -3.426 -3.468 -3.483 -3.488 -3.112 -3.474 -3.100 -3.383 -3.421 -3.434 -3.456 -3.472 -3.479 -3.485 -3.494 -3.491 -3.482 -3.485 -3.293
0.00016279 -1.98000 10.10037 0.7908553481 2.4154839516    0.730  2.544  3.6880  1.462    7  0.000  0.502     0.00     0.00 -1    -1e-30      0.00 7.546e-01 2.452e-01 2.720e-05 9.510e-06 7.206e-05 -1.000 1.703e-04 -1.590 -2.008 -2.449 -2.817 -3.341 -3.544 -3.586 -3.602 -3.606 -3.227 -3.593 -3.214 -3.499 -3.538 -3.551 -3.574 -3.591 -3.598 -3.604 -3.613 -3.610 -3.599 -3.602 -3.409
0.00016279 -1.98000 10.10037 0.7908630967 2.4154865742    0.730  2.584  3.6857  1.412    7  0.000  0.487     0.00     0.00 -1    -1e-30      0.00 7.546e-01 2.453e-01 2.640e-05 1.049e-05 7.207e-05 -1.000 1.703e-04 -1.690 -2.108 -2.555 -2.927 -3.456 -3.661 -3.704 -3.720 -3.724 -3.341 -3.712 -3.327 -3.616 -3.656 -3.669 -3.692 -3.710 -3.716 -3.723 -3.732 -3.728 -3.716 -3.719 -3.524
0.00016279 -1.98000 10.10037 0.7908702493 2.4154891968    0.730  2.624  3.6833  1.362    7  0.000  0.473     0.00     0.00 -1    -1e-30      0.00 7.545e-01 2.454e-01 2.568e-05 1.137e-05 7.208e-05 -1.000 1.486e-04 -1.791 -2.208 -2.661 -3.036 -3.570 -3.779 -3.822 -3.839 -3.842 -3.456 -3.830 -3.440 -3.733 -3.773 -3.787 -3.810 -3.828 -3.835 -3.842 -3.851 -3.846 -3.832 -3.836 -3.640
0.00016279 -1.98000 10.10037 0.7908769846 2.4154915810    0.730  2.664  3.6809  1.313    7  0.000  0.462     0.00     0.00 -1    -1e-30      0.00 7.543e-01 2.456e-01 2.506e-05 1.213e-05 7.208e-05 -1.000 1.363e-04 -1.891 -2.307 -2.765 -3.145 -3.684 -3.896 -3.939 -3.957 -3.959 -3.569 -3.947 -3.552 -3.849 -3.890 -3.904 -3.927 -3.946 -3.953 -3.960 -3.969 -3.964 -3.947 -3.952 -3.754
0.00016279 -1.98000 10.10037 0.7908834815 2.4154939651    0.730  2.704  3.6786  1.264    7  0.000  0.451     0.00     0.00 -1    -1e-30      0.00 7.541e-01 2.457e-01 2.451e-05 1.281e-05 7.209e-05 -1.000 1.703e-04 -1.990 -2.405 -2.869 -3.254 -3.798 -4.012 -4.057 -4.075 -4.075 -3.683 -4.065 -3.665 -3.964 -4.006 -4.021 -4.043 -4.063 -4.071 -4.077 -4.087 -4.081 -4.062 -4.067 -3.869
0.00016279 -1.98000 10.10037 0.7908896804 2.4154961109    0.730  2.744  3.6762  1.214    7  0.000  0.443     0.00     0.00 -1    -1e-30      0.00 7.539e-01 2.459e-01 2.403e-05 1.340e-05 7.208e-05 -1.000 1.703e-04 -2.090 -2.503 -2.973 -3.362 -3.912 -4.129 -4.174 -4.193 -4.192 -3.796 -4.182 -3.777 -4.080 -4.122 -4.138 -4.159 -4.181 -4.189 -4.195 -4.205 -4.199 -4.176 -4.182 -3.984
0.00016279 -1.98000 10.10037 0.7908955216 2.4154982567    0.730  2.785  3.6737  1.164    7  0.000  0.435     0.00     0.00 -1    -1e-30      0.00 7.537e-01 2.461e-01 2.361e-05 1.391e-05 7.206e-05 -1.000 1.703e-04 -2.192 -2.602 -3.079 -3.472 -4.028 -4.248 -4.293 -4.313 -4.311 -3.912 -4.302 -3.891 -4.198 -4.241 -4.257 -4.278 -4.301 -4.309 -4.315 -4.325 -4.319 -4.293 -4.299 -4.101
0.00016279 -1.98000 10.10037 0.7909006476 2.4155001640    0.730  2.825  3.6712  1.113    7  0.000  0.428     0.00     0.00 -1    -1e-30      0.00 7.535e-01 2.463e-01 2.324e-05 1.437e-05 7.202e-05 -1.000 1.703e-04 -2.294 -2.702 -3.186 -3.584 -4.145 -4.368 -4.414 -4.434 -4.431 -4.028 -4.423 -4.007 -4.317 -4.361 -4.377 -4.398 -4.422 -4.430 -4.437 -4.447 -4.439 -4.410 -4.418 -4.219
0.00016279 -1.98000 10.10037 0.7909049988 2.4155018330    0.730  2.866  3.6687  1.062    7  0.000  0.423     0.00     0.00 -1    -1e-30      0.00 7.533e-01 2.466e-01 2.294e-05 1.476e-05 7.196e-05 -1.000 1.702e-04 -2.395 -2.802 -3.292 -3.695 -4.262 -4.488 -4.534 -4.555 -4.551 -4.145 -4.544 -4.122 -4.436 -4.481 -4.497 -4.517 -4.543 -4.551 -4.558 -4.568 -4.560 -4.527 -4.536 -4.337
0.00016279 -1.98000 10.10037 0.7909086347 2.4155030251    0.730  2.907  3.6662  1.011    7  0.000  0.419     0.00     0.00 -1    -1e-30      0.00 7.531e-01 2.468e-01 2.267e-05 1.512e-05 7.186e-05 -1.000 1.556e-04 -2.498 -2.902 -3.399 -3.807 -4.379 -4.609 -4.655 -4.677 -4.671 -4.262 -4.665 -4.238 -4.556 -4.601 -4.618 -4.637 -4.665 -4.673 -4.680 -4.690 -4.681 -4.644 -4.654 -4.455
0.00016279 -1.98000 10.10037 0.7909119725 2.4155042171    0.730  2.948  3.6636  0.960    7  0.000  0.416     0.00     0.00 -1    -1e-30      0.00 7.528e-01 2.470e-01 2.244e-05 1.545e-05 7.172e-05 -1.000 1.272e-04 -2.599 -3.000 -3.504 -3.917 -4.496 -4.729 -4.776 -4.799 -4.791 -4.378 -4.786 -4.353 -4.674 -4.721 -4.738 -4.755 -4.786 -4.794 -4.802 -4.812 -4.802 -4.761 -4.772 -4.573
0.00016279 -1.98000 10.10037 0.7909153700 2.4155054092    0.730  2.990  3.6608  0.906    7  0.000  0.413     0.00     0.00 -1    -1e-30      0.00 7.526e-01 2.472e-01 2.226e-05 1.577e-05 7.156e-05 -1.000 1.702e-04 -2.706 -3.103 -3.616 -4.034 -4.620 -4.855 -4.902 -4.927 -4.917 -4.501 -4.913 -4.475 -4.800 -4.847 -4.865 -4.880 -4.914 -4.922 -4.930 -4.941 -4.930 -4.883 -4.896 -4.697
0.00016279 -1.98000 10.10037 0.7909184694 2.4155066013    0.730  3.034  3.6580  0.852    7  0.000  0.411     0.00     0.00 -1    -1e-30      0.00 7.524e-01 2.474e-01 2.211e-05 1.605e-05 7.139e-05 -1.000 1.704e-04 -2.815 -3.208 -3.730 -4.154 -4.746 -4.985 -5.032 -5.058 -5.046 -4.627 -5.043 -4.599 -4.927 -4.976 -4.995 -5.008 -5.045 -5.053 -5.061 -5.072 -5.060 -5.009 -5.023 -4.824
0.00016279 -1.98000 10.10037 0.7909198999 2.4155070782    0.730  3.057  3.6564  0.822    7  0.000  0.411     0.00     0.00 -1    -1e-30      0.00 7.523e-01 2.476e-01 2.203e-05 1.622e-05 7.128e-05 -1.000 1.702e-04 -2.873 -3.263 -3.790 -4.218 -4.813 -5.054 -5.101 -5.128 -5.115 -4.694 -5.113 -4.665 -4.996 -5.045 -5.064 -5.076 -5.114 -5.123 -5.131 -5.142 -5.130 -5.075 -5.090 -4.892
0.00016279 -1.98000 10.10037 0.7909203172 2.4155073166    0.730  3.058  3.6563  0.820    7  0.000  0.410     0.00     0.00 -1    -1e-30      0.00 7.522e-01 2.476e-01 2.201e-05 1.629e-05 7.124e-05 -1.000 1.704e-04 -2.876 -3.267 -3.794 -4.222 -4.817 -5.058 -5.105 -5.132 -5.119 -4.698 -5.117 -4.670 -5.000 -5.049 -5.068 -5.081 -5.119 -5.127 -5.135 -5.146 -5.134 -5.079 -5.095 -4.896
0.00016279 -1.98000 10.10037 0.7909203768 2.4155073166    0.730  3.057  3.6564  0.822    7  0.000  0.410     0.00     0.00 -1    -1e-30      0.00 7.522e-01 2.476e-01 2.201e-05 1.629e-05 7.124e-05 -1.000 1.703e-04 -2.873 -3.264 -3.791 -4.218 -4.814 -5.054 -5.102 -5.129 -5.116 -4.694 -5.113 -4.666 -4.996 -5.046 -5.064 -5.077 -5.115 -5.124 -5.131 -5.143 -5.131 -5.076 -5.091 -4.892
0.00016279 -1.98000 10.10037 0.7909204960 2.4155073166    0.730  3.057  3.6564  0.822    7  0.000  0.410     0.00     0.00 -1    -1e-30      0.00 7.522e-01 2.476e-01 2.200e-05 1.630e-05 7.123e-05 -1.000 1.704e-04 -2.873 -3.264 -3.791 -4.218 -4.814 -5.054 -5.102 -5.129 -5.116 -4.694 -5.113 -4.666 -4.996 -5.046 -5.064 -5.077 -5.115 -5.124 -5.131 -5.143 -5.130 -5.076 -5.091 -4.892
0.00016279 -1.98000 10.10037 0.7909206152 2.4155073166    0.730  3.062  3.6561  0.816    7  0.000  0.410     0.00     0.00 -1    -1e-30      0.00 7.522e-01 2.476e-01 2.200e-05 1.631e-05 7.123e-05 -1.000 1.704e-04 -2.884 -3.274 -3.802 -4.231 -4.827 -5.067 -5.115 -5.142 -5.129 -4.707 -5.127 -4.679 -5.009 -5.059 -5.078 -5.090 -5.128 -5.137 -5.145 -5.156 -5.144 -5.089 -5.104 -4.905
0.00016279 -1.98000 10.10037 0.7909206748 2.4155073166    0.730  3.065  3.6559  0.812    7  0.000  0.410     0.00     0.00 -1    -1e-30      0.00 7.522e-01 2.476e-01 2.200e-05 1.632e-05 7.122e-05 -1.000 1.703e-04 -2.893 -3.283 -3.812 -4.240 -4.837 -5.078 -5.125 -5.153 -5.139 -4.717 -5.137 -4.689 -5.020 -5.070 -5.088 -5.101 -5.139 -5.148 -5.155 -5.167 -5.154 -5.099 -5.114 -4.916
0.00016279 -1.98000 10.10037 0.7909208536 2.4155073166    0.730  3.070  3.6556  0.806    7  0.000  0.410     0.00     0.00 -1    -1e-30      0.00 7.522e-01 2.476e-01 2.199e-05 1.634e-05 7.121e-05 -1.000 1.703e-04 -2.906 -3.295 -3.825 -4.254 -4.852 -5.093 -5.141 -5.168 -5.155 -4.732 -5.153 -4.704 -5.035 -5.085 -5.103 -5.116 -5.155 -5.163 -5.171 -5.182 -5.170 -5.114 -5.129 -4.931
0.00016279 -1.98000 10.10037 0.7909210324 2.4155075550    0.730  3.084  3.6547  0.788    7  0.000  0.410     0.00     0.00 -1    -1e-30      0.00 7.521e-01 2.478e-01 2.193e-05 1.651e-05 7.108e-05 -1.000 1.703e-04 -2.940 -3.328 -3.861 -4.292 -4.891 -5.134 -5.181 -5.209 -5.195 -4.771 -5.193 -4.743 -5.075 -5.125 -5.144 -5.156 -5.195 -5.204 -5.212 -5.223 -5.211 -5.153 -5.169 -4.970
0.00016279 -1.98000 10.10037 0.7909213901 2.4155075550    0.730  3.134  3.6513  0.725    7  0.000  0.409     0.00     0.00 -1    -1e-30      0.00 7.518e-01 2.480e-01 2.178e-05 1.694e-05 7.078e-05 -1.000 1.703e-04 -3.064 -3.444 -3.988 -4.427 -5.036 -5.283 -5.330 -5.361 -5.344 -4.915 -5.343 -4.885 -5.222 -5.274 -5.294 -5.301 -5.346 -5.355 -5.363 -5.375 -5.361 -5.297 -5.315 -5.116
0.00016279 -1.98000 10.10037 0.7909219861 2.4155077934    0.730  3.201  3.6464  0.639    7  0.549  0.407     0.00     0.00 -1    -1e-30      0.00 7.513e-01 2.486e-01 2.148e-05 1.787e-05 7.012e-05 -1.000 1.703e-04 -3.232 -3.597 -4.159 -4.610 -5.231 -5.485 -5.531 -5.566 -5.545 -5.110 -5.546 -5.077 -5.421 -5.475 -5.496 -5.498 -5.551 -5.559 -5.568 -5.581 -5.566 -5.491 -5.511 -5.314
0.00016279 -1.98000 10.10037 0.7909222245 2.4155077934    0.730  3.209  3.6458  0.627    7  0.549  0.407     0.00     0.00 -1    -1e-30      0.00 7.512e-01 2.487e-01 2.142e-05 1.807e-05 6.998e-05 -1.000 1.703e-04 -3.254 -3.617 -4.181 -4.634 -5.256 -5.511 -5.557 -5.592 -5.571 -5.135 -5.572 -5.102 -5.447 -5.501 -5.522 -5.523 -5.577 -5.586 -5.594 -5.607 -5.592 -5.517 -5.537 -5.339
0.00016279 -1.98000 10.10037 0.7909222841 2.4155080318    0.730  3.414  3.6091  0.276    8  0.549  0.390    94.44    44.59  1 -1.37e-06      0.00 7.290e-01 2.706e-01 6.375e-05 5.931e-05 2.177e-04 -1.000 3.691e-04 -3.766 -3.950 -4.661 -5.221 -5.960 -6.279 -6.314 -6.381 -6.345 -5.835 -6.345 -5.772 -6.185 -6.266 -6.297 -6.246 -6.361 -6.373 -6.384 -6.403 -6.381 -6.249 -6.280 -6.058
0.00016279 -1.98000 10.10037 0.7909223437 2.4155080318    0.730  3.284  3.6167  0.436    8  0.549  0.390    66.85    33.07  1 -7.57e-07      0.00 7.290e-01 2.706e-01 6.375e-05 5.931e-05 2.177e-04 -1.000 3.690e-04 -3.441 -3.677 -4.344 -4.878 -5.594 -5.899 -5.937 -5.995 -5.960 -5.469 -5.962 -5.413 -5.813 -5.887 -5.915 -5.875 -5.977 -5.987 -5.997 -6.015 -5.993 -5.870 -5.900 -5.689
0.00016279 -1.98000 10.10037 0.7909224033 2.4155080318    0.730  3.139  3.6300  0.635    8  0.549  0.390    43.53    22.82  1 -3.81e-07      0.00 7.290e-01 2.706e-01 6.375e-05 5.931e-05 2.177e-04 -1.000 3.691e-04 -3.076 -3.380 -3.992 -4.485 -5.159 -5.441 -5.483 -5.529 -5.499 -5.035 -5.503 -4.990 -5.365 -5.429 -5.454 -5.434 -5.513 -5.522 -5.531 -5.546 -5.528 -5.424 -5.450 -5.249
0.00016279 -1.98000 10.10037 0.7909225225 2.4155080318    0.730  2.927  3.6492  0.923    8  0.549  0.390    23.39    13.33  1 -1.35e-07      0.00 7.290e-01 2.706e-01 6.375e-05 5.931e-05 2.177e-04 -1.000 3.691e-04 -2.548 -2.918 -3.462 -3.905 -4.524 -4.776 -4.822 -4.854 -4.836 -4.403 -4.836 -4.369 -4.713 -4.767 -4.787 -4.792 -4.840 -4.848 -4.856 -4.868 -4.854 -4.787 -4.805 -4.606
0.00016279 -1.98000 10.10037 0.7909227610 2.4155080318    0.729  2.932  3.6487  0.915    8  0.549  0.390    23.76    13.51  1 -1.39e-07      0.00 7.290e-01 2.706e-01 6.375e-05 5.931e-05 2.177e-04 -1.000 3.690e-04 -2.561 -2.929 -3.474 -3.919 -4.539 -4.792 -4.838 -4.870 -4.852 -4.418 -4.852 -4.384 -4.729 -4.783 -4.803 -4.808 -4.856 -4.864 -4.873 -4.885 -4.870 -4.802 -4.820 -4.621
0.00016279 -1.98000 10.10037 0.7909229994 2.4155082703    0.728  3.011  3.6415  0.807    8  0.550  0.390    30.02    16.52  1 -2.07e-07      0.00 7.290e-01 2.706e-01 6.375e-05 5.931e-05 2.177e-04 -1.000 3.691e-04 -2.758 -3.105 -3.675 -4.138 -4.777 -5.040 -5.086 -5.122 -5.099 -4.655 -5.101 -4.617 -4.973 -5.030 -5.052 -5.048 -5.108 -5.116 -5.125 -5.138 -5.122 -5.040 -5.061 -4.862
0.00016279 -1.98000 10.10037 0.7909232974 2.4155082703    0.727  3.166  3.6274  0.596    8  0.550  0.390    47.36    24.47  1 -4.38e-07      0.00 7.290e-01 2.706e-01 6.375e-05 5.931e-05 2.177e-04 -1.000 3.690e-04 -3.144 -3.437 -4.058 -4.559 -5.241 -5.526 -5.567 -5.616 -5.585 -5.116 -5.588 -5.069 -5.449 -5.514 -5.540 -5.516 -5.599 -5.608 -5.618 -5.634 -5.614 -5.506 -5.533 -5.331
0.00016279 -1.98000 10.10037 0.7909236550 2.4155085087    0.726  3.303  3.6149  0.408    8  0.550  0.390    71.11    34.73  1 -8.38e-07      0.00 7.290e-01 2.706e-01 6.375e-05 5.931e-05 2.177e-04 -1.000 3.691e-04 -3.487 -3.712 -4.389 -4.928 -5.650 -5.959 -5.995 -6.055 -6.020 -5.525 -6.022 -5.467 -5.870 -5.945 -5.974 -5.932 -6.037 -6.047 -6.057 -6.076 -6.054 -5.929 -5.958 -5.746
0.00016279 -1.98000 10.10037 0.7909240723 2.4155085087    0.725  3.394  3.6065  0.282    8  0.551  0.390    93.30    43.87  1 -1.28e-06      0.00 7.290e-01 2.706e-01 6.375e-05 5.931e-05 2.177e-04 -1.000 3.690e-04 -3.716 -3.883 -4.603 -5.171 -5.920 -6.246 -6.280 -6.348 -6.312 -5.796 -6.311 -5.729 -6.150 -6.232 -6.264 -6.210 -6.328 -6.340 -6.351 -6.371 -6.348 -6.215 -6.246 -6.020
0.00016279 -1.98000 10.10037 0.7909244895 2.4155087471    0.724  3.445  3.6019  0.212    8  0.551  0.390   108.52    49.91  1 -1.62e-06      0.00 7.290e-01 2.706e-01 6.375e-05 5.931e-05 2.177e-04 -1.000 3.690e-04 -3.842 -3.975 -4.720 -5.304 -6.068 -6.405 -6.437 -6.510 -6.474 -5.945 -6.470 -5.872 -6.303 -6.390 -6.423 -6.364 -6.488 -6.501 -6.514 -6.534 -6.511 -6.374 -6.405 -6.170
0.00016279 -1.98000 10.10037 0.7909250259 2.4155089855    0.722  3.471  3.5995  0.176    8  0.552  0.390   117.42    53.33  1 -1.84e-06      0.00 7.290e-01 2.706e-01 6.375e-05 5.931e-05 2.177e-04 -1.000 3.690e-04 -3.907 -4.021 -4.779 -5.372 -6.143 -6.486 -6.517 -6.593 -6.558 -6.021 -6.552 -5.945 -6.381 -6.471 -6.505 -6.442 -6.570 -6.584 -6.597 -6.617 -6.595 -6.455 -6.486 -6.247
0.00016279 -1.98000 10.10037 0.7909255624 2.4155089855    0.721  3.487  3.5984  0.154    8  0.552  0.390   123.16    55.47  0 -1.99e-06      0.00 7.290e-01 2.706e-01 6.375e-05 5.931e-05 2.177e-04 -1.000 3.690e-04 -3.948 -4.054 -4.819 -5.415 -6.190 -6.535 -6.566 -6.643 -6.608 -6.068 -6.601 -5.990 -6.429 -6.520 -6.554 -6.490 -6.620 -6.634 -6.648 -6.668 -6.646 -6.505 -6.536 -6.295
0.00016279 -1.98000 10.10037 0.7909277081 2.4155099392    0.554 -9.999  4.0000  1.705    9  0.554  0.000     0.00     0.00 -1    -1e-30      0.00 7.290e-01 2.706e-01 6.375e-05 5.931e-05 2.177e-04 -1.000 3.690e-04 29.767 30.070 30.055 30.103 30.107 30.109 30.109 30.114 30.110 30.104 30.110 30.114 30.094 30.102 30.114 30.114 30.110 30.114 30.114 30.109 30.109 30.107 30.111 30.104
#isochrone terminated
