# File generated by CMD 3.3 (http://stev.oapd.inaf.it/cmd) on Fri Nov 20 18:04:25 CET 2020
# isochrones based on PARSEC release v1.2S +  COLIBRI S_35
# Basic references: Bressan et al. (2012), MNRAS, 427, 127 + Chen et al. (2014, 2015), MNRAS, 444, 2525 + MNRAS, 452, 1068 + Tang et al. (2014), MNRAS, 445, 4287 + Marigo et al. (2017), ApJ, 835, 77 + Pastorelli al. (2019), MNRAS in press
# Thermal pulse cycles included 
# On RGB, assumed Reimers mass loss with efficiency eta=0.2
# Photometric system: JWST NIRCam wide+verywide+medium filters, Vegamags
# Using OBC version of bolometric corrections as detailed in Marigo et al. (2008, A&A 482, 883) and Girardi et al. (2008, PASP 120, 583
# O-rich circumstellar dpmod60alox40 dust from Groenewegen (2006)
# C-rich circumstellar AMCSIC15 dust from Groenewegen (2006)
# IMF: Kroupa (2001, 2002) + Kroupa et al. (2013) canonical two-part-power law IMF corrected for unresolved binaries 
# Kind of output: isochrone tables
# Zini     MH   logAge Mini        int_IMF         Mass   logL    logTe  logg  label   McoreTP C_O  period0 period1 pmode  Mloss  tau1m   X   Y   Xc  Xn  Xo  Cexcess  Z 	 mbolmag  F070Wmag  F090Wmag  F115Wmag  F150Wmag  F200Wmag  F277Wmag  F356Wmag  F444Wmag  F150W2mag  F322W2mag  F140Mmag  F162Mmag  F182Mmag  F210Mmag  F250Mmag  F300Mmag  F335Mmag  F360Mmag  F410Mmag  F430Mmag  F460Mmag  F480Mmag  F150WS60mag
9.5884e-05 -2.19174 10.13672 0.1000000015 1.1711064577    0.100 -2.779  3.5590  5.405    1  0.000  0.545     0.00     0.00 -1 -2.57e-17      0.00 7.445e-01 2.554e-01 1.798e-05 4.851e-06 4.400e-05 -1.000 1.000e-04 11.717 11.569 10.771 10.195 9.617 9.348 9.195 8.992 8.932 9.717 9.103 9.745 9.444 9.385 9.306 9.247 9.150 9.031 8.966 8.911 8.919 8.963 8.923 9.543
9.5884e-05 -2.19174 10.13672 0.1098214313 1.2482755184    0.109 -2.630  3.5743  5.356    1  0.000  0.545     0.00     0.00 -1  -7.2e-17      0.00 7.425e-01 2.574e-01 1.798e-05 4.851e-06 4.400e-05 -1.000 1.000e-04 11.344 11.134 10.397 9.850 9.285 9.012 8.871 8.683 8.624 9.381 8.786 9.413 9.114 9.048 8.974 8.920 8.832 8.721 8.657 8.603 8.611 8.653 8.619 9.212
9.5884e-05 -2.19174 10.13672 0.1294642836 1.3786746264    0.129 -2.387  3.5968  5.275    1  0.000  0.545     0.00     0.00 -1 -3.31e-16      0.00 7.391e-01 2.608e-01 1.798e-05 4.851e-06 4.400e-05 -1.000 1.000e-04 10.737 10.418 9.766 9.272 8.733 8.494 8.392 8.192 8.133 8.834 8.301 8.860 8.566 8.521 8.463 8.431 8.364 8.229 8.163 8.115 8.119 8.155 8.142 8.662
9.5884e-05 -2.19174 10.13672 0.1491071582 1.4855960608    0.149 -2.223  3.6081  5.217    1  0.000  0.545     0.00     0.00 -1 -3.38e-17      0.00 7.371e-01 2.628e-01 1.798e-05 4.851e-06 4.400e-05 -1.000 9.996e-05 10.327 9.985 9.363 8.890 8.356 8.106 8.000 7.835 7.783 8.453 7.925 8.484 8.190 8.134 8.077 8.036 7.974 7.865 7.811 7.768 7.771 7.801 7.788 8.286
9.5884e-05 -2.19174 10.13672 0.1687500030 1.5756140947    0.168 -2.096  3.6154  5.173    1  0.000  0.545     0.00     0.00 -1 -6.38e-16      0.00 7.363e-01 2.636e-01 1.798e-05 4.851e-06 4.400e-05 -1.000 9.993e-05 10.010 9.657 9.053 8.592 8.062 7.805 7.692 7.551 7.505 8.156 7.629 8.188 7.896 7.833 7.776 7.727 7.667 7.577 7.532 7.492 7.494 7.520 7.507 7.992
9.5884e-05 -2.19174 10.13672 0.1784816682 1.6153104305    0.178 -2.041  3.6183  5.154    1  0.000  0.545     0.00     0.00 -1 -7.18e-16      0.00 7.362e-01 2.637e-01 1.798e-05 4.851e-06 4.400e-05 -1.000 9.999e-05 9.874 9.516 8.919 8.464 7.936 7.676 7.560 7.429 7.385 8.028 7.502 8.061 7.771 7.705 7.647 7.595 7.535 7.453 7.412 7.374 7.375 7.399 7.386 7.865
9.5884e-05 -2.19174 10.13672 0.2080357224 1.7204496861    0.207 -1.893  3.6263  5.104    1  0.000  0.545     0.00     0.00 -1 -4.67e-16      0.00 7.361e-01 2.638e-01 1.798e-05 4.851e-06 4.400e-05 -1.000 9.993e-05 9.502 9.132 8.554 8.113 7.590 7.325 7.201 7.096 7.058 7.680 7.154 7.714 7.427 7.354 7.296 7.235 7.176 7.115 7.083 7.049 7.049 7.068 7.056 7.520
9.5884e-05 -2.19174 10.13672 0.2571428716 1.8581268787    0.257 -1.706  3.6363  5.051    1  0.000  0.545     0.00     0.00 -1 -3.83e-16      0.00 7.364e-01 2.635e-01 1.798e-05 4.852e-06 4.400e-05 -1.000 1.001e-04 9.036 8.648 8.094 7.670 7.161 6.902 6.779 6.690 6.655 7.250 6.739 7.282 7.003 6.929 6.874 6.811 6.755 6.706 6.679 6.648 6.648 6.663 6.652 7.094
9.5884e-05 -2.19174 10.13672 0.3062500358 1.9652637243    0.306 -1.562  3.6448  5.016    1  0.000  0.545     0.00     0.00 -1 -1.52e-16      0.00 7.362e-01 2.637e-01 1.797e-05 4.852e-06 4.400e-05 -1.000 1.000e-04 8.674 8.273 7.739 7.329 6.832 6.579 6.458 6.380 6.349 6.920 6.423 6.949 6.678 6.605 6.552 6.488 6.435 6.394 6.370 6.343 6.342 6.355 6.345 6.766
9.5884e-05 -2.19174 10.13672 0.3553571701 2.0521113873    0.355 -1.439  3.6527  4.990    1  0.000  0.544     0.00     0.00 -1 -1.07e-15      0.00 7.372e-01 2.627e-01 1.796e-05 4.853e-06 4.400e-05 -1.000 1.001e-04 8.367 7.953 7.438 7.042 6.555 6.309 6.190 6.122 6.094 6.643 6.161 6.670 6.406 6.335 6.284 6.219 6.169 6.135 6.114 6.089 6.089 6.099 6.090 6.491
9.5884e-05 -2.19174 10.13672 0.3970034719 2.1143536568    0.397 -1.333  3.6600  4.961    1  0.000  0.545     0.00     0.00 -1 -5.06e-16      0.00 7.482e-01 2.517e-01 1.798e-05 4.851e-06 4.400e-05 -1.000 9.996e-05 8.103 7.681 7.182 6.798 6.320 6.081 5.967 5.905 5.879 6.408 5.940 6.431 6.173 6.105 6.057 5.995 5.947 5.917 5.898 5.875 5.874 5.883 5.875 6.257
9.5884e-05 -2.19174 10.13672 0.4044643044 2.1246092319    0.404 -1.315  3.6612  4.957    1  0.000  0.545     0.00     0.00 -1 -5.26e-16      0.00 7.500e-01 2.499e-01 1.798e-05 4.851e-06 4.400e-05 -1.000 1.000e-04 8.058 7.635 7.140 6.757 6.280 6.043 5.930 5.869 5.843 6.368 5.903 6.392 6.134 6.067 6.019 5.957 5.910 5.881 5.862 5.839 5.838 5.847 5.839 6.218
9.5884e-05 -2.19174 10.13672 0.4535714388 2.1864814758    0.453 -1.167  3.6748  4.912    1  0.000  0.545     0.00     0.00 -1 -4.45e-15      0.00 7.507e-01 2.492e-01 1.798e-05 4.851e-06 4.400e-05 -1.000 9.999e-05 7.686 7.253 6.787 6.426 5.964 5.743 5.639 5.589 5.566 6.054 5.617 6.071 5.824 5.763 5.722 5.664 5.621 5.598 5.583 5.563 5.562 5.568 5.562 5.904
9.5884e-05 -2.19174 10.13672 0.5026785731 2.2401986122    0.503 -0.999  3.6898  4.849    1  0.000  0.545     0.00     0.00 -1 -6.69e-15      0.00 7.529e-01 2.470e-01 1.784e-05 4.814e-06 4.366e-05 -1.000 1.000e-04 7.267 6.828 6.395 6.055 5.610 5.406 5.315 5.273 5.253 5.701 5.297 5.713 5.477 5.424 5.388 5.336 5.300 5.281 5.269 5.252 5.251 5.253 5.250 5.553
9.5884e-05 -2.19174 10.13672 0.5517857671 2.2851314545    0.551 -0.789  3.7098  4.760    1  0.000  0.544     0.00     0.00 -1 -1.05e-14      0.00 7.899e-01 2.100e-01 1.533e-05 4.140e-06 3.757e-05 -1.000 9.996e-05 6.744 6.311 5.917 5.604 5.181 4.999 4.924 4.893 4.877 5.273 4.911 5.277 5.056 5.013 4.984 4.941 4.913 4.900 4.890 4.877 4.876 4.873 4.873 5.127
9.5884e-05 -2.19174 10.13672 0.6008928418 2.3217256069    0.600 -0.573  3.7358  4.684    1  0.000  0.543     0.00     0.00 -1 -1.97e-14      0.00 8.046e-01 1.953e-01 1.438e-05 3.886e-06 3.529e-05 -1.000 9.915e-05 6.202 5.796 5.449 5.168 4.771 4.618 4.563 4.545 4.533 4.866 4.555 4.861 4.659 4.627 4.608 4.575 4.557 4.549 4.543 4.535 4.533 4.528 4.532 4.723
9.5884e-05 -2.19174 10.13672 0.6047467589 2.3243095875    0.604 -0.555  3.7382  4.679    1  0.000  0.543     0.00     0.00 -1 -2.06e-14      0.00 8.060e-01 1.939e-01 1.428e-05 3.861e-06 3.506e-05 -1.000 9.251e-05 6.156 5.754 5.411 5.133 4.739 4.588 4.535 4.518 4.506 4.833 4.527 4.827 4.627 4.596 4.578 4.546 4.529 4.522 4.516 4.508 4.506 4.501 4.505 4.691
9.5884e-05 -2.19174 10.13672 0.6139940619 2.3303580284    0.614 -0.511  3.7438  4.664    1  0.000  0.543     0.00     0.00 -1  -2.3e-14      0.00 8.096e-01 1.903e-01 1.406e-05 3.800e-06 3.452e-05 -1.000 7.115e-05 6.046 5.653 5.319 5.048 4.660 4.515 4.466 4.451 4.441 4.754 4.459 4.746 4.551 4.522 4.505 4.476 4.461 4.455 4.450 4.442 4.441 4.435 4.439 4.613
9.5884e-05 -2.19174 10.13672 0.6248905659 2.3372218609    0.625 -0.458  3.7504  4.645    1  0.000  0.543     0.00     0.00 -1 -2.35e-22      0.00 8.140e-01 1.859e-01 1.378e-05 3.724e-06 3.383e-05 -1.000 7.868e-05 5.915 5.532 5.210 4.946 4.565 4.427 4.382 4.371 4.361 4.660 4.377 4.649 4.458 4.433 4.418 4.392 4.379 4.374 4.369 4.362 4.361 4.356 4.360 4.519
9.5884e-05 -2.19174 10.13672 0.6345528364 2.3430819511    0.634 -0.411  3.7562  4.628    1  0.000  0.543     0.00     0.00 -1 -3.56e-19      0.00 8.182e-01 1.818e-01 1.351e-05 3.653e-06 3.319e-05 -1.000 3.293e-05 5.797 5.423 5.110 4.854 4.479 4.347 4.307 4.297 4.289 4.574 4.302 4.562 4.375 4.353 4.339 4.315 4.304 4.300 4.296 4.289 4.289 4.284 4.288 4.435
9.5884e-05 -2.19174 10.13672 0.6438410282 2.3485248089    0.644 -0.365  3.7616  4.610    1  0.000  0.542     0.00     0.00 -1 -3.74e-16      0.00 8.223e-01 1.777e-01 1.324e-05 3.582e-06 3.255e-05 -1.000 1.191e-05 5.681 5.317 5.013 4.763 4.395 4.268 4.231 4.224 4.216 4.489 4.228 4.475 4.293 4.273 4.261 4.239 4.230 4.226 4.223 4.217 4.216 4.211 4.215 4.351
9.5884e-05 -2.19174 10.13672 0.6499999762 2.3520355225    0.650 -0.333  3.7652  4.597    1  0.000  0.542     0.00     0.00 -1 -3.63e-14      0.00 8.251e-01 1.748e-01 1.305e-05 3.532e-06 3.211e-05 -1.000 1.000e-04 5.604 5.245 4.947 4.701 4.337 4.214 4.180 4.173 4.166 4.431 4.177 4.416 4.237 4.219 4.208 4.187 4.179 4.176 4.172 4.167 4.166 4.161 4.166 4.294
9.5884e-05 -2.19174 10.13672 0.6533880830 2.3539342880    0.653 -0.316  3.7671  4.589    1  0.000  0.542     0.00     0.00 -1  -3.8e-14      0.00 8.271e-01 1.728e-01 1.292e-05 3.498e-06 3.180e-05 -1.000 1.000e-04 5.560 5.205 4.910 4.666 4.305 4.183 4.151 4.145 4.138 4.399 4.148 4.383 4.206 4.188 4.177 4.157 4.150 4.147 4.144 4.138 4.138 4.133 4.137 4.262
9.5884e-05 -2.19174 10.13672 0.6623376012 2.3588426113    0.662 -0.269  3.7721  4.568    1  0.000  0.541     0.00     0.00 -1 -4.31e-14      0.00 8.326e-01 1.673e-01 1.258e-05 3.404e-06 3.096e-05 -1.000 9.999e-05 5.442 5.096 4.809 4.571 4.216 4.100 4.070 4.065 4.059 4.310 4.068 4.293 4.119 4.104 4.094 4.076 4.070 4.067 4.064 4.059 4.059 4.054 4.058 4.174
9.5884e-05 -2.19174 10.13672 0.6702795625 2.3630726337    0.670 -0.225  3.7765  4.548    1  0.000  0.541     0.00     0.00 -1 -8.96e-24      0.00 8.378e-01 1.622e-01 1.224e-05 3.316e-06 3.017e-05 -1.000 7.141e-05 5.334 4.995 4.716 4.482 4.133 4.022 3.995 3.991 3.985 4.227 3.993 4.209 4.039 4.025 4.017 3.999 3.995 3.993 3.990 3.985 3.985 3.980 3.985 4.092
9.5884e-05 -2.19174 10.13672 0.6779742837 2.3670620918    0.678 -0.182  3.7808  4.526    1  0.000  0.540     0.00     0.00 -1 -3.57e-21      0.00 8.430e-01 1.570e-01 1.190e-05 3.227e-06 2.936e-05 -1.000 4.655e-05 5.225 4.893 4.621 4.393 4.049 3.942 3.917 3.914 3.909 4.142 3.916 4.123 3.957 3.945 3.938 3.921 3.918 3.916 3.914 3.909 3.908 3.904 3.909 4.009
9.5884e-05 -2.19174 10.13672 0.6870818138 2.3716518879    0.687 -0.128  3.7858  4.497    1  0.000  0.540     0.00     0.00 -1 -4.04e-18      0.00 8.493e-01 1.506e-01 1.150e-05 3.118e-06 2.839e-05 -1.000 6.649e-05 5.089 4.766 4.502 4.280 3.944 3.842 3.819 3.817 3.812 4.036 3.818 4.016 3.855 3.845 3.838 3.823 3.820 3.819 3.817 3.813 3.812 3.808 3.812 3.905
9.5884e-05 -2.19174 10.13672 0.6954674125 2.3757555485    0.695 -0.074  3.7904  4.468    1  0.000  0.539     0.00     0.00 -1 -2.52e-15      0.00 8.551e-01 1.448e-01 1.114e-05 3.022e-06 2.754e-05 -1.000 9.042e-05 4.956 4.640 4.383 4.167 3.838 3.741 3.720 3.719 3.714 3.930 3.720 3.908 3.752 3.744 3.738 3.724 3.722 3.721 3.719 3.715 3.714 3.709 3.713 3.801
9.5884e-05 -2.19174 10.13672 0.6999999881 2.3779268265    0.700 -0.044  3.7928  4.450    1  0.000  0.539     0.00     0.00 -1 -8.04e-14      0.00 8.582e-01 1.417e-01 1.095e-05 2.973e-06 2.709e-05 -1.000 7.476e-05 4.881 4.569 4.316 4.103 3.778 3.684 3.664 3.663 3.657 3.870 3.663 3.847 3.694 3.686 3.680 3.667 3.666 3.664 3.662 3.658 3.657 3.653 3.657 3.742
9.5884e-05 -2.19174 10.13672 0.7065886855 2.3810257912    0.706  0.001  3.7962  4.422    1  0.000  0.537     0.00     0.00 -1 -9.17e-14      0.00 8.612e-01 1.388e-01 1.079e-05 2.936e-06 2.678e-05 -1.000 1.168e-05 4.766 4.460 4.213 4.003 3.685 3.593 3.574 3.574 3.568 3.775 3.574 3.752 3.602 3.595 3.590 3.577 3.576 3.575 3.573 3.569 3.568 3.564 3.568 3.649
9.5884e-05 -2.19174 10.13672 0.7133089900 2.3841190338    0.713  0.052  3.7995  4.389    1  0.000  0.536     0.00     0.00 -1 -3.13e-14      0.00 8.638e-01 1.361e-01 1.065e-05 2.904e-06 2.651e-05 -1.000 9.988e-05 4.641 4.339 4.097 3.892 3.579 3.491 3.474 3.473 3.468 3.669 3.473 3.645 3.499 3.493 3.488 3.476 3.476 3.474 3.472 3.468 3.468 3.464 3.468 3.545
9.5884e-05 -2.19174 10.13672 0.7200276852 2.3871452808    0.719  0.106  3.8026  4.351    1  0.000  0.534     0.00     0.00 -1 -1.31e-22      0.00 8.663e-01 1.336e-01 1.052e-05 2.877e-06 2.627e-05 -1.000 1.000e-04 4.505 4.208 3.971 3.770 3.463 3.378 3.361 3.361 3.355 3.552 3.361 3.526 3.385 3.380 3.375 3.364 3.363 3.362 3.360 3.356 3.355 3.351 3.355 3.429
9.5884e-05 -2.19174 10.13672 0.7277885079 2.3905608654    0.727  0.175  3.8060  4.300    1  0.000  0.533     0.00     0.00 -1 -5.36e-21      0.00 8.687e-01 1.313e-01 1.041e-05 2.853e-06 2.607e-05 -1.000 7.305e-05 4.332 4.039 3.808 3.611 3.311 3.229 3.214 3.213 3.208 3.399 3.213 3.372 3.235 3.231 3.226 3.216 3.215 3.214 3.212 3.208 3.208 3.204 3.208 3.278
9.5884e-05 -2.19174 10.13672 0.7350400686 2.3936777115    0.734  0.248  3.8088  4.243    1  0.000  0.531     0.00     0.00 -1 -1.84e-18      0.00 8.702e-01 1.297e-01 1.034e-05 2.839e-06 2.595e-05 -1.000 7.464e-05 4.150 3.861 3.635 3.441 3.147 3.067 3.053 3.052 3.047 3.233 3.052 3.206 3.073 3.069 3.065 3.055 3.054 3.053 3.051 3.047 3.047 3.043 3.047 3.115
9.5884e-05 -2.19174 10.13672 0.7401401401 2.3958277702    0.739  0.304  3.8102  4.196    1  0.000  0.530     0.00     0.00 -1 -1.13e-16      0.00 8.711e-01 1.288e-01 1.030e-05 2.832e-06 2.591e-05 -1.000 9.999e-05 4.010 3.722 3.499 3.306 3.015 2.937 2.923 2.922 2.917 3.101 2.922 3.074 2.943 2.939 2.934 2.925 2.924 2.923 2.921 2.917 2.917 2.913 2.917 2.984
9.5884e-05 -2.19174 10.13672 0.7445665598 2.3976662159    0.744  0.357  3.8107  4.147    1  0.000  0.529     0.00     0.00 -1 -4.12e-15      0.00 8.714e-01 1.285e-01 1.030e-05 2.834e-06 2.594e-05 -1.000 1.000e-04 3.877 3.589 3.367 3.175 2.886 2.808 2.794 2.793 2.788 2.971 2.793 2.944 2.814 2.810 2.805 2.796 2.795 2.794 2.792 2.788 2.788 2.784 2.788 2.854
9.5884e-05 -2.19174 10.13672 0.7455971241 2.3980906010    0.745  0.370  3.8108  4.135    1  0.000  0.529     0.00     0.00 -1 -9.55e-15      0.00 8.714e-01 1.285e-01 1.030e-05 2.835e-06 2.595e-05 -1.000 1.000e-04 3.845 3.556 3.335 3.143 2.854 2.776 2.762 2.761 2.756 2.939 2.762 2.912 2.782 2.778 2.774 2.764 2.764 2.763 2.760 2.756 2.756 2.752 2.756 2.823
9.5884e-05 -2.19174 10.13672 0.7469251156 2.3986356258    0.746  0.389  3.8103  4.115    1  0.000  0.529     0.00     0.00 -1 -2.85e-14      0.00 8.715e-01 1.284e-01 1.030e-05 2.836e-06 2.596e-05 -1.000 1.001e-04 3.798 3.509 3.286 3.094 2.804 2.726 2.712 2.711 2.706 2.890 2.712 2.863 2.732 2.728 2.724 2.714 2.714 2.713 2.710 2.706 2.706 2.702 2.706 2.773
9.5884e-05 -2.19174 10.13672 0.7500000000 2.3998889923    0.749  0.435  3.8084  4.063    1  0.000  0.528     0.00     0.00 -1 -3.64e-13      0.00 8.716e-01 1.283e-01 1.030e-05 2.839e-06 2.599e-05 -1.000 1.000e-04 3.683 3.390 3.165 2.970 2.677 2.597 2.583 2.582 2.577 2.763 2.583 2.736 2.604 2.599 2.595 2.585 2.585 2.584 2.581 2.577 2.577 2.573 2.577 2.645
9.5884e-05 -2.19174 10.13672 0.7505398393 2.4001078606    0.749  0.443  3.8081  4.055    1  0.000  0.528     0.00     0.00 -1 -3.74e-13      0.00 8.714e-01 1.285e-01 1.031e-05 2.843e-06 2.603e-05 -1.000 1.001e-04 3.663 3.370 3.144 2.949 2.656 2.576 2.561 2.560 2.555 2.742 2.561 2.715 2.582 2.577 2.573 2.563 2.563 2.562 2.559 2.555 2.555 2.551 2.555 2.623
9.5884e-05 -2.19174 10.13672 0.7531178594 2.4011478424    0.752  0.486  3.8055  4.002    1  0.000  0.528     0.00     0.00 -1  -4.4e-13      0.00 8.706e-01 1.293e-01 1.038e-05 2.861e-06 2.619e-05 -1.000 1.001e-04 3.556 3.258 3.028 2.830 2.531 2.449 2.434 2.432 2.427 2.618 2.433 2.592 2.457 2.450 2.446 2.437 2.435 2.434 2.431 2.428 2.427 2.423 2.427 2.499
9.5884e-05 -2.19174 10.13672 0.7536677122 2.4013686180    0.752  0.495  3.8048  3.991    1  0.000  0.528     0.00     0.00 -1 -4.56e-13      0.00 8.705e-01 1.294e-01 1.039e-05 2.865e-06 2.623e-05 -1.000 1.000e-04 3.532 3.233 3.002 2.803 2.504 2.421 2.405 2.404 2.399 2.591 2.405 2.565 2.429 2.422 2.418 2.408 2.407 2.406 2.403 2.399 2.399 2.395 2.399 2.471
9.5884e-05 -2.19174 10.13672 0.7542143464 2.4015877247    0.753  0.506  3.8037  3.976    2  0.000  0.528     0.00     0.00 -1 -4.76e-13      0.00 8.703e-01 1.296e-01 1.041e-05 2.869e-06 2.626e-05 -1.000 1.000e-04 3.505 3.204 2.971 2.771 2.469 2.386 2.370 2.368 2.363 2.557 2.369 2.531 2.393 2.387 2.383 2.373 2.371 2.370 2.367 2.364 2.363 2.359 2.363 2.436
9.5884e-05 -2.19174 10.13672 0.7560532093 2.4023220539    0.755  0.547  3.7985  3.915    2  0.000  0.528     0.00     0.00 -1 -5.57e-13      0.00 8.697e-01 1.302e-01 1.045e-05 2.882e-06 2.638e-05 -1.000 9.996e-05 3.403 3.094 2.853 2.646 2.335 2.247 2.230 2.228 2.223 2.424 2.229 2.399 2.256 2.248 2.244 2.233 2.232 2.230 2.227 2.223 2.223 2.218 2.222 2.301
9.5884e-05 -2.19174 10.13672 0.7574608922 2.4028816223    0.756  0.583  3.7921  3.853    2  0.000  0.528     0.00     0.00 -1  -6.5e-13      0.00 8.693e-01 1.306e-01 1.049e-05 2.892e-06 2.647e-05 -1.000 1.000e-04 3.312 2.993 2.741 2.526 2.203 2.109 2.091 2.088 2.082 2.294 2.090 2.270 2.120 2.110 2.106 2.094 2.092 2.090 2.088 2.083 2.082 2.078 2.082 2.167
9.5884e-05 -2.19174 10.13672 0.7585637569 2.4033181667    0.757  0.617  3.7845  3.790    2  0.000  0.528     0.00     0.00 -1 -7.56e-13      0.00 8.689e-01 1.310e-01 1.052e-05 2.899e-06 2.654e-05 -1.000 9.970e-05 3.227 2.898 2.634 2.408 2.071 1.970 1.950 1.947 1.940 2.164 1.948 2.142 1.982 1.971 1.966 1.953 1.950 1.949 1.946 1.941 1.940 1.936 1.940 2.033
9.5884e-05 -2.19174 10.13672 0.7594531775 2.4036691189    0.758  0.648  3.7764  3.727    2  0.000  0.529     0.00     0.00 -1 -8.72e-13      0.00 8.596e-01 1.404e-01 1.117e-05 3.077e-06 2.815e-05 -1.000 2.676e-05 3.149 2.809 2.532 2.296 1.944 1.834 1.812 1.809 1.802 2.039 1.811 2.019 1.850 1.836 1.831 1.817 1.813 1.811 1.808 1.803 1.802 1.797 1.801 1.903
9.5884e-05 -2.19174 10.13672 0.7601995468 2.4039630890    0.759  0.678  3.7689  3.667    2  0.000  0.531     0.00     0.00 -1    -1e-12      0.00 8.334e-01 1.666e-01 1.281e-05 3.522e-06 3.216e-05 -1.000 6.327e-05 3.074 2.726 2.436 2.189 1.823 1.706 1.682 1.678 1.671 1.921 1.680 1.903 1.724 1.709 1.702 1.687 1.682 1.680 1.677 1.672 1.671 1.666 1.670 1.780
9.5884e-05 -2.19174 10.13672 0.7608580589 2.4042217731    0.759  0.710  3.7617  3.608    2  0.000  0.533     0.00     0.00 -1 -1.15e-12      0.00 8.086e-01 1.913e-01 1.429e-05 3.919e-06 3.572e-05 -1.000 8.717e-05 2.995 2.639 2.336 2.080 1.701 1.576 1.550 1.545 1.537 1.800 1.548 1.784 1.597 1.579 1.572 1.555 1.550 1.547 1.544 1.538 1.537 1.532 1.536 1.656
9.5884e-05 -2.19174 10.13672 0.7614423633 2.4044508934    0.760  0.745  3.7555  3.548    2  0.000  0.535     0.00     0.00 -1 -1.34e-12      0.00 7.926e-01 2.073e-01 1.523e-05 4.171e-06 3.796e-05 -1.000 9.713e-05 2.909 2.545 2.232 1.967 1.576 1.445 1.417 1.411 1.403 1.677 1.415 1.663 1.468 1.448 1.441 1.423 1.417 1.414 1.410 1.404 1.403 1.398 1.402 1.529
9.5884e-05 -2.19174 10.13672 0.7620210648 2.4046773911    0.760  0.788  3.7500  3.483    2  0.000  0.536     0.00     0.00 -1 -1.59e-12      0.00 7.829e-01 2.170e-01 1.580e-05 4.324e-06 3.933e-05 -1.000 9.997e-05 2.800 2.431 2.109 1.836 1.435 1.298 1.268 1.261 1.253 1.536 1.266 1.525 1.323 1.301 1.293 1.275 1.268 1.264 1.260 1.254 1.253 1.248 1.252 1.386
9.5884e-05 -2.19174 10.13672 0.7624779344 2.4048559666    0.761  0.829  3.7464  3.428    2  0.000  0.536     0.00     0.00 -1 -1.86e-12      0.00 7.779e-01 2.220e-01 1.610e-05 4.402e-06 4.003e-05 -1.000 1.000e-04 2.699 2.325 1.997 1.719 1.312 1.171 1.140 1.133 1.125 1.414 1.137 1.403 1.197 1.175 1.166 1.147 1.139 1.136 1.132 1.126 1.125 1.120 1.124 1.263
9.5884e-05 -2.19174 10.13672 0.7627902031 2.4049780369    0.761  0.859  3.7443  3.390    2  0.000  0.536     0.00     0.00 -1 -2.09e-12      0.00 7.752e-01 2.247e-01 1.625e-05 4.442e-06 4.040e-05 -1.000 9.999e-05 2.623 2.247 1.915 1.634 1.223 1.080 1.049 1.041 1.032 1.326 1.045 1.316 1.107 1.084 1.075 1.055 1.047 1.044 1.040 1.033 1.032 1.027 1.031 1.173
9.5884e-05 -2.19174 10.13672 0.7630706429 2.4050872326    0.761  0.889  3.7428  3.354    3  0.000  0.536     0.00     0.00 -1 -2.33e-12      0.00 7.734e-01 2.265e-01 1.635e-05 4.469e-06 4.063e-05 -1.000 1.000e-04 2.548 2.171 1.836 1.553 1.139 0.995 0.963 0.955 0.946 1.242 0.959 1.233 1.022 0.999 0.989 0.969 0.962 0.958 0.954 0.947 0.946 0.941 0.945 1.089
9.5884e-05 -2.19174 10.13672 0.7634383440 2.4052305222    0.762  0.930  3.7408  3.305    3  0.000  0.537     0.00     0.00 -1  -2.7e-12      0.00 7.714e-01 2.285e-01 1.646e-05 4.498e-06 4.089e-05 -1.000 8.765e-05 2.446 2.067 1.728 1.443 1.025 0.879 0.846 0.838 0.829 1.128 0.842 1.120 0.906 0.883 0.873 0.853 0.845 0.841 0.837 0.830 0.829 0.824 0.828 0.974
9.5884e-05 -2.19174 10.13672 0.7638087273 2.4053747654    0.762  0.973  3.7390  3.255    3  0.000  0.537     0.00     0.00 -1 -3.16e-12      0.00 7.695e-01 2.305e-01 1.655e-05 4.524e-06 4.112e-05 -1.000 1.153e-05 2.337 1.956 1.614 1.326 0.905 0.757 0.724 0.716 0.707 1.009 0.720 1.001 0.785 0.761 0.751 0.731 0.723 0.719 0.715 0.708 0.707 0.702 0.705 0.853
9.5884e-05 -2.19174 10.13672 0.7641634941 2.4055128098    0.762  1.017  3.7375  3.205    3  0.000  0.537     0.00     0.00 -1 -3.71e-12      0.00 7.677e-01 2.322e-01 1.663e-05 4.544e-06 4.130e-05 -1.000 9.884e-05 2.226 1.844 1.500 1.209 0.785 0.635 0.602 0.594 0.584 0.889 0.598 0.881 0.664 0.639 0.629 0.609 0.601 0.597 0.593 0.586 0.585 0.579 0.583 0.733
9.5884e-05 -2.19174 10.13672 0.7645405531 2.4056591988    0.762  1.068  3.7358  3.148    3  0.000  0.537     0.00     0.00 -1 -4.44e-12      0.00 7.661e-01 2.338e-01 1.669e-05 4.562e-06 4.147e-05 -1.000 1.000e-04 2.101 1.717 1.370 1.077 0.649 0.498 0.464 0.456 0.446 0.754 0.460 0.747 0.527 0.502 0.492 0.472 0.463 0.459 0.455 0.448 0.447 0.441 0.445 0.597
9.5884e-05 -2.19174 10.13672 0.7648569345 2.4057819843    0.763  1.113  3.7344  3.097    3  0.000  0.537     0.00     0.00 -1 -5.22e-12      0.00 7.648e-01 2.351e-01 1.675e-05 4.576e-06 4.159e-05 -1.000 9.999e-05 1.988 1.603 1.254 0.958 0.528 0.374 0.341 0.332 0.323 0.633 0.337 0.626 0.404 0.379 0.369 0.348 0.339 0.335 0.331 0.324 0.323 0.318 0.321 0.474
9.5884e-05 -2.19174 10.13672 0.7651770115 2.4059059620    0.763  1.162  3.7329  3.042    3  0.000  0.537     0.00     0.00 -1 -6.23e-12      0.00 7.635e-01 2.364e-01 1.679e-05 4.588e-06 4.169e-05 -1.000 8.415e-05 1.865 1.479 1.127 0.829 0.395 0.241 0.207 0.198 0.189 0.501 0.203 0.495 0.271 0.245 0.235 0.215 0.205 0.201 0.197 0.190 0.189 0.184 0.187 0.342
9.5884e-05 -2.19174 10.13672 0.7654910684 2.4060275555    0.763  1.215  3.7313  2.983    3  0.000  0.537     0.00     0.00 -1 -7.52e-12      0.00 7.623e-01 2.376e-01 1.682e-05 4.599e-06 4.180e-05 -1.000 8.780e-05 1.733 1.346 0.991 0.691 0.254 0.097 0.064 0.055 0.045 0.360 0.059 0.354 0.128 0.102 0.092 0.071 0.062 0.058 0.053 0.046 0.045 0.040 0.043 0.200
9.5884e-05 -2.19174 10.13672 0.7657445073 2.4061255455    0.763  1.261  3.7299  2.931    3  0.000  0.536     0.00     0.00 -1  -8.9e-12      0.00 7.614e-01 2.385e-01 1.684e-05 4.608e-06 4.186e-05 -1.000 9.817e-05 1.617 1.228 0.870 0.568 0.128 -0.030 -0.064 -0.073 -0.083 0.235 -0.068 0.230 0.002 -0.025 -0.036 -0.056 -0.066 -0.070 -0.074 -0.081 -0.083 -0.088 -0.084 0.074
9.5884e-05 -2.19174 10.13672 0.7659889460 2.4062201977    0.763  1.310  3.7284  2.876    3  0.000  0.536     0.00     0.00 -1 -1.06e-11      0.00 7.606e-01 2.393e-01 1.687e-05 4.615e-06 4.192e-05 -1.000 1.000e-04 1.495 1.104 0.744 0.439 -0.003 -0.163 -0.197 -0.207 -0.216 0.103 -0.201 0.099 -0.131 -0.158 -0.169 -0.189 -0.199 -0.204 -0.208 -0.215 -0.216 -0.221 -0.218 -0.058
9.5884e-05 -2.19174 10.13672 0.7662085891 2.4063050747    0.763  1.358  3.7270  2.822    3  0.000  0.536     0.00     0.00 -1 -1.26e-11      0.00 7.597e-01 2.402e-01 1.687e-05 4.623e-06 4.197e-05 -1.000 1.000e-04 1.374 0.982 0.619 0.313 -0.133 -0.294 -0.328 -0.338 -0.348 -0.026 -0.333 -0.029 -0.261 -0.289 -0.299 -0.320 -0.330 -0.335 -0.339 -0.346 -0.348 -0.353 -0.349 -0.188
9.5884e-05 -2.19174 10.13672 0.7664076090 2.4063818455    0.763  1.406  3.7255  2.769    3  0.000  0.536     0.00     0.00 -1  -1.5e-11      0.00 7.591e-01 2.408e-01 1.688e-05 4.630e-06 4.201e-05 -1.000 1.000e-04 1.255 0.862 0.496 0.187 -0.261 -0.424 -0.459 -0.469 -0.478 -0.154 -0.463 -0.157 -0.391 -0.419 -0.430 -0.451 -0.461 -0.466 -0.470 -0.477 -0.479 -0.484 -0.480 -0.317
9.5884e-05 -2.19174 10.13672 0.7665856481 2.4064505100    0.763  1.453  3.7240  2.716    3  0.000  0.535     0.00     0.00 -1 -1.77e-11      0.00 7.586e-01 2.413e-01 1.688e-05 4.636e-06 4.203e-05 -1.000 9.999e-05 1.138 0.743 0.374 0.064 -0.388 -0.552 -0.587 -0.597 -0.607 -0.280 -0.592 -0.283 -0.519 -0.547 -0.558 -0.579 -0.590 -0.594 -0.599 -0.606 -0.607 -0.612 -0.609 -0.444
9.5884e-05 -2.19174 10.13672 0.7667541504 2.4065155983    0.763  1.502  3.7225  2.661    3  0.000  0.535     0.00     0.00 -1 -2.11e-11      0.00 7.582e-01 2.417e-01 1.688e-05 4.643e-06 4.206e-05 -1.000 1.000e-04 1.016 0.620 0.249 -0.064 -0.519 -0.685 -0.720 -0.731 -0.740 -0.411 -0.725 -0.413 -0.651 -0.680 -0.691 -0.712 -0.723 -0.728 -0.732 -0.739 -0.741 -0.745 -0.742 -0.576
9.5884e-05 -2.19174 10.13672 0.7669037580 2.4065732956    0.763  1.549  3.7210  2.607    3  0.000  0.535     0.00     0.00 -1 -2.51e-11      0.00 7.578e-01 2.421e-01 1.688e-05 4.648e-06 4.207e-05 -1.000 1.000e-04 0.897 0.500 0.126 -0.189 -0.647 -0.815 -0.850 -0.861 -0.871 -0.539 -0.855 -0.540 -0.781 -0.810 -0.821 -0.842 -0.853 -0.858 -0.863 -0.870 -0.871 -0.876 -0.872 -0.704
9.5884e-05 -2.19174 10.13672 0.7670367360 2.4066243172    0.763  1.595  3.7194  2.555    3  0.000  0.535     0.00     0.00 -1 -2.96e-11      0.00 7.576e-01 2.423e-01 1.687e-05 4.653e-06 4.209e-05 -1.000 9.999e-05 0.781 0.384 0.006 -0.311 -0.772 -0.942 -0.978 -0.988 -0.998 -0.664 -0.982 -0.664 -0.907 -0.937 -0.948 -0.969 -0.980 -0.985 -0.990 -0.997 -0.998 -1.003 -1.000 -0.830
9.5884e-05 -2.19174 10.13672 0.7671571970 2.4066708088    0.763  1.641  3.7179  2.503    3  0.000  0.534     0.00     0.00 -1 -3.49e-11      0.00 7.575e-01 2.425e-01 1.687e-05 4.655e-06 4.209e-05 -1.000 3.506e-05 0.667 0.269 -0.111 -0.431 -0.896 -1.067 -1.103 -1.114 -1.124 -0.787 -1.108 -0.787 -1.032 -1.062 -1.073 -1.095 -1.106 -1.111 -1.116 -1.123 -1.124 -1.128 -1.125 -0.954
9.5884e-05 -2.19174 10.13672 0.7672700882 2.4067142010    0.763  1.688  3.7163  2.450    3  0.000  0.534     0.00     0.00 -1 -4.14e-11      0.00 7.573e-01 2.426e-01 1.687e-05 4.657e-06 4.210e-05 -1.000 1.000e-04 0.550 0.151 -0.232 -0.555 -1.022 -1.195 -1.231 -1.242 -1.252 -0.913 -1.236 -0.912 -1.159 -1.190 -1.201 -1.223 -1.234 -1.239 -1.244 -1.251 -1.253 -1.256 -1.254 -1.081
9.5884e-05 -2.19174 10.13672 0.7673698664 2.4067525864    0.763  1.733  3.7147  2.398    3  0.000  0.534     0.00     0.00 -1 -4.87e-11      0.00 7.573e-01 2.426e-01 1.687e-05 4.658e-06 4.210e-05 -1.000 9.999e-05 0.438 0.037 -0.350 -0.675 -1.145 -1.319 -1.357 -1.368 -1.378 -1.036 -1.362 -1.034 -1.283 -1.315 -1.326 -1.348 -1.359 -1.365 -1.370 -1.377 -1.378 -1.382 -1.379 -1.204
9.5884e-05 -2.19174 10.13672 0.7674619555 2.4067881107    0.762  1.778  3.7131  2.346    3  0.000  0.534     0.00     0.00 -1 -5.74e-11      0.00 7.573e-01 2.426e-01 1.687e-05 4.658e-06 4.210e-05 -1.000 1.000e-04 0.324 -0.078 -0.468 -0.795 -1.268 -1.444 -1.482 -1.494 -1.503 -1.159 -1.487 -1.157 -1.408 -1.440 -1.451 -1.473 -1.485 -1.491 -1.495 -1.503 -1.504 -1.507 -1.505 -1.328
9.5884e-05 -2.19174 10.13672 0.7675465345 2.4068207741    0.762  1.824  3.7116  2.294    3  0.000  0.534     0.00     0.00 -1 -6.77e-11      0.00 7.573e-01 2.426e-01 1.687e-05 4.658e-06 4.210e-05 -1.000 1.000e-04 0.210 -0.193 -0.586 -0.915 -1.392 -1.569 -1.607 -1.619 -1.629 -1.282 -1.613 -1.279 -1.532 -1.565 -1.576 -1.599 -1.610 -1.616 -1.621 -1.629 -1.630 -1.633 -1.630 -1.452
9.5884e-05 -2.19174 10.13672 0.7676216960 2.4068496227    0.762  1.868  3.7099  2.244    3  0.000  0.534     0.00     0.00 -1 -7.94e-11      0.00 7.573e-01 2.426e-01 1.687e-05 4.658e-06 4.210e-05 -1.000 1.000e-04 0.100 -0.304 -0.700 -1.032 -1.512 -1.691 -1.729 -1.741 -1.752 -1.402 -1.735 -1.398 -1.654 -1.686 -1.698 -1.721 -1.733 -1.738 -1.743 -1.751 -1.752 -1.755 -1.753 -1.573
9.5884e-05 -2.19174 10.13672 0.7676911354 2.4068763256    0.762  1.912  3.7083  2.193    3  0.000  0.534     0.00     0.00 -1 -9.31e-11      0.00 7.573e-01 2.426e-01 1.687e-05 4.658e-06 4.210e-05 -1.000 1.000e-04 -0.009 -0.414 -0.813 -1.148 -1.631 -1.812 -1.851 -1.863 -1.873 -1.521 -1.857 -1.516 -1.774 -1.807 -1.819 -1.842 -1.854 -1.860 -1.865 -1.873 -1.874 -1.876 -1.874 -1.692
9.5884e-05 -2.19174 10.13672 0.7677578330 2.4069018364    0.761  1.957  3.7067  2.141    3  0.000  0.534     0.00     0.00 -1  -1.1e-10      0.00 7.573e-01 2.426e-01 1.687e-05 4.658e-06 4.210e-05 -1.000 9.999e-05 -0.124 -0.529 -0.932 -1.269 -1.755 -1.939 -1.977 -1.990 -2.000 -1.645 -1.983 -1.640 -1.900 -1.933 -1.945 -1.968 -1.981 -1.987 -1.992 -2.000 -2.001 -2.003 -2.001 -1.817
9.5884e-05 -2.19174 10.13672 0.7678149939 2.4069240093    0.761  2.000  3.7050  2.091    3  0.000  0.534     0.00     0.00 -1 -1.28e-10      0.00 7.573e-01 2.426e-01 1.687e-05 4.658e-06 4.210e-05 -1.000 9.996e-05 -0.230 -0.636 -1.042 -1.383 -1.872 -2.057 -2.097 -2.109 -2.119 -1.761 -2.103 -1.756 -2.018 -2.052 -2.064 -2.087 -2.100 -2.106 -2.111 -2.120 -2.120 -2.122 -2.120 -1.935
9.5884e-05 -2.19174 10.13672 0.7678677440 2.4069442749    0.761  2.043  3.7034  2.042    3  0.000  0.534     0.00     0.00 -1  -1.5e-10      0.00 7.573e-01 2.426e-01 1.687e-05 4.659e-06 4.210e-05 -1.000 1.001e-04 -0.337 -0.743 -1.153 -1.496 -1.989 -2.176 -2.215 -2.228 -2.238 -1.878 -2.221 -1.871 -2.136 -2.171 -2.183 -2.206 -2.219 -2.225 -2.230 -2.239 -2.239 -2.240 -2.239 -2.052
9.5884e-05 -2.19174 10.13672 0.7679182291 2.4069635868    0.760  2.087  3.7018  1.991    3  0.000  0.534     0.00     0.00 -1 -1.76e-10      0.00 7.573e-01 2.426e-01 1.687e-05 4.659e-06 4.210e-05 -1.000 9.999e-05 -0.447 -0.855 -1.267 -1.613 -2.109 -2.298 -2.338 -2.351 -2.360 -1.998 -2.344 -1.990 -2.258 -2.293 -2.305 -2.328 -2.342 -2.348 -2.353 -2.361 -2.362 -2.363 -2.361 -2.173
9.5884e-05 -2.19174 10.13672 0.7679622769 2.4069805145    0.760  2.129  3.7001  1.943    3  0.000  0.534     0.00     0.00 -1 -2.05e-10      0.00 7.573e-01 2.426e-01 1.687e-05 4.659e-06 4.211e-05 -1.000 1.000e-04 -0.551 -0.959 -1.376 -1.724 -2.224 -2.414 -2.455 -2.468 -2.477 -2.112 -2.461 -2.104 -2.374 -2.409 -2.422 -2.445 -2.459 -2.465 -2.470 -2.479 -2.479 -2.479 -2.478 -2.288
9.5884e-05 -2.19174 10.13672 0.7680035233 2.4069962502    0.759  2.170  3.6984  1.894    3  0.000  0.534     0.00     0.00 -1 -2.39e-10      0.00 7.573e-01 2.426e-01 1.687e-05 4.659e-06 4.211e-05 -1.000 9.999e-05 -0.656 -1.065 -1.485 -1.836 -2.339 -2.531 -2.572 -2.586 -2.595 -2.227 -2.578 -2.218 -2.490 -2.526 -2.539 -2.562 -2.576 -2.582 -2.588 -2.596 -2.596 -2.597 -2.596 -2.403
9.5884e-05 -2.19174 10.13672 0.7680464387 2.4070129395    0.758  2.213  3.6969  1.845    3  0.000  0.534     0.00     0.00 -1 -2.79e-10      0.00 7.573e-01 2.426e-01 1.687e-05 4.659e-06 4.211e-05 -1.000 1.001e-04 -0.762 -1.172 -1.595 -1.948 -2.454 -2.648 -2.690 -2.703 -2.712 -2.342 -2.696 -2.332 -2.606 -2.643 -2.656 -2.679 -2.694 -2.700 -2.705 -2.714 -2.714 -2.714 -2.713 -2.519
9.5884e-05 -2.19174 10.13672 0.7680940628 2.4070310593    0.758  2.243  3.6957  1.810    3  0.000  0.534     0.00     0.00 -1 -3.13e-10      0.00 7.573e-01 2.426e-01 1.687e-05 4.659e-06 4.211e-05 -1.000 9.999e-05 -0.837 -1.247 -1.673 -2.028 -2.537 -2.732 -2.774 -2.788 -2.797 -2.424 -2.780 -2.414 -2.690 -2.727 -2.740 -2.763 -2.778 -2.784 -2.790 -2.799 -2.798 -2.798 -2.797 -2.602
9.5884e-05 -2.19174 10.13672 0.7681108713 2.4070374966    0.757  2.239  3.6960  1.814    3  0.000  0.534     0.00     0.00 -1 -3.11e-10      0.00 7.573e-01 2.426e-01 1.687e-05 4.659e-06 4.211e-05 -1.000 1.001e-04 -0.828 -1.238 -1.663 -2.018 -2.526 -2.721 -2.763 -2.777 -2.786 -2.414 -2.769 -2.403 -2.679 -2.715 -2.729 -2.752 -2.767 -2.773 -2.779 -2.787 -2.787 -2.787 -2.786 -2.591
9.5884e-05 -2.19174 10.13672 0.7681161165 2.4070396423    0.757  2.246  3.6958  1.806    3  0.000  0.534     0.00     0.00 -1 -3.18e-10      0.00 7.573e-01 2.426e-01 1.687e-05 4.659e-06 4.211e-05 -1.000 1.001e-04 -0.845 -1.255 -1.681 -2.036 -2.544 -2.740 -2.781 -2.795 -2.804 -2.432 -2.787 -2.422 -2.698 -2.734 -2.747 -2.771 -2.785 -2.792 -2.797 -2.806 -2.806 -2.806 -2.805 -2.610
9.5884e-05 -2.19174 10.13672 0.7681449652 2.4070506096    0.757  2.286  3.6941  1.759    3  0.000  0.534     0.00     0.00 -1 -3.65e-10      0.00 7.573e-01 2.426e-01 1.687e-05 4.659e-06 4.211e-05 -1.000 1.000e-04 -0.945 -1.356 -1.785 -2.143 -2.655 -2.852 -2.894 -2.909 -2.917 -2.542 -2.901 -2.531 -2.809 -2.846 -2.860 -2.884 -2.899 -2.905 -2.911 -2.919 -2.919 -2.918 -2.917 -2.721
9.5884e-05 -2.19174 10.13672 0.7681740522 2.4070618153    0.756  2.329  3.6924  1.709    3  0.000  0.534     0.00     0.00 -1 -4.27e-10      0.00 7.573e-01 2.426e-01 1.687e-05 4.659e-06 4.211e-05 -1.000 9.993e-05 -1.053 -1.463 -1.896 -2.257 -2.772 -2.971 -3.014 -3.029 -3.037 -2.660 -3.020 -2.648 -2.928 -2.966 -2.979 -3.003 -3.019 -3.025 -3.031 -3.040 -3.039 -3.037 -3.037 -2.839
9.5884e-05 -2.19174 10.13672 0.7681988478 2.4070713520    0.755  2.368  3.6907  1.663    3  0.000  0.534     0.00     0.00 -1 -4.93e-10      0.00 7.573e-01 2.426e-01 1.687e-05 4.659e-06 4.211e-05 -1.000 1.000e-04 -1.150 -1.561 -1.997 -2.361 -2.880 -3.081 -3.124 -3.139 -3.147 -2.767 -3.131 -2.754 -3.037 -3.075 -3.089 -3.113 -3.129 -3.136 -3.141 -3.150 -3.149 -3.146 -3.146 -2.947
9.5884e-05 -2.19174 10.13672 0.7682231665 2.4070806503    0.755  2.409  3.6889  1.615    3  0.000  0.534     0.00     0.00 -1 -5.73e-10      0.00 7.573e-01 2.426e-01 1.687e-05 4.659e-06 4.211e-05 -1.000 1.000e-04 -1.252 -1.663 -2.103 -2.470 -2.993 -3.196 -3.240 -3.255 -3.262 -2.879 -3.246 -2.866 -3.151 -3.190 -3.204 -3.228 -3.244 -3.251 -3.257 -3.266 -3.264 -3.260 -3.261 -3.061
9.5884e-05 -2.19174 10.13672 0.7682458758 2.4070894718    0.754  2.450  3.6873  1.567    3  0.000  0.534     0.00     0.00 -1 -6.65e-10      0.00 7.573e-01 2.426e-01 1.687e-05 4.659e-06 4.211e-05 -1.000 9.999e-05 -1.354 -1.765 -2.210 -2.579 -3.105 -3.310 -3.354 -3.370 -3.377 -2.991 -3.361 -2.977 -3.265 -3.304 -3.318 -3.342 -3.359 -3.366 -3.372 -3.381 -3.379 -3.374 -3.375 -3.174
9.5884e-05 -2.19174 10.13672 0.7682657838 2.4070971012    0.753  2.488  3.6856  1.521    3  0.000  0.534     0.00     0.00 -1 -7.66e-10      0.00 7.573e-01 2.426e-01 1.687e-05 4.659e-06 4.211e-05 -1.000 1.000e-04 -1.450 -1.861 -2.309 -2.681 -3.211 -3.418 -3.463 -3.479 -3.485 -3.098 -3.470 -3.082 -3.373 -3.413 -3.427 -3.451 -3.468 -3.475 -3.481 -3.490 -3.488 -3.481 -3.483 -3.281
9.5884e-05 -2.19174 10.13672 0.7682854533 2.4071044922    0.752  2.529  3.6837  1.472    3  0.000  0.534     0.00     0.00 -1 -8.91e-10      0.00 7.573e-01 2.426e-01 1.687e-05 4.659e-06 4.211e-05 -1.000 1.001e-04 -1.552 -1.962 -2.415 -2.790 -3.324 -3.534 -3.578 -3.595 -3.601 -3.210 -3.586 -3.194 -3.487 -3.528 -3.542 -3.566 -3.584 -3.591 -3.597 -3.606 -3.604 -3.596 -3.598 -3.394
9.5884e-05 -2.19174 10.13672 0.7683029771 2.4071114063    0.751  2.567  3.6821  1.427    3  0.000  0.534     0.00     0.00 -1 -1.03e-09      0.00 7.573e-01 2.426e-01 1.687e-05 4.659e-06 4.211e-05 -1.000 1.000e-04 -1.648 -2.059 -2.516 -2.894 -3.431 -3.642 -3.687 -3.704 -3.710 -3.317 -3.695 -3.300 -3.595 -3.636 -3.650 -3.675 -3.693 -3.700 -3.706 -3.716 -3.713 -3.704 -3.707 -3.501
9.5884e-05 -2.19174 10.13672 0.7683192492 2.4071176052    0.750  2.606  3.6803  1.381    3  0.000  0.534     0.00     0.00 -1 -1.18e-09      0.00 7.573e-01 2.426e-01 1.687e-05 4.660e-06 4.211e-05 -1.000 9.997e-05 -1.744 -2.154 -2.616 -2.997 -3.538 -3.751 -3.796 -3.814 -3.819 -3.423 -3.804 -3.406 -3.703 -3.745 -3.759 -3.784 -3.802 -3.809 -3.816 -3.825 -3.822 -3.812 -3.815 -3.609
9.5884e-05 -2.19174 10.13672 0.7683348060 2.4071235657    0.749  2.645  3.6785  1.334    3  0.000  0.534     0.00     0.00 -1 -1.37e-09      0.00 7.573e-01 2.426e-01 1.687e-05 4.660e-06 4.211e-05 -1.000 1.001e-04 -1.842 -2.251 -2.717 -3.101 -3.646 -3.861 -3.907 -3.925 -3.929 -3.531 -3.915 -3.513 -3.813 -3.855 -3.870 -3.894 -3.913 -3.921 -3.927 -3.937 -3.933 -3.921 -3.924 -3.717
9.5884e-05 -2.19174 10.13672 0.7683514953 2.4071300030    0.747  2.690  3.6766  1.280    3  0.000  0.534     0.00     0.00 -1 -1.62e-09      0.00 7.573e-01 2.426e-01 1.687e-05 4.660e-06 4.211e-05 -1.000 1.000e-04 -1.955 -2.363 -2.834 -3.222 -3.771 -3.988 -4.035 -4.053 -4.056 -3.655 -4.043 -3.636 -3.939 -3.981 -3.997 -4.021 -4.041 -4.049 -4.055 -4.065 -4.061 -4.046 -4.050 -3.843
9.5884e-05 -2.19174 10.13672 0.7683649659 2.4071350098    0.746  2.729  3.6746  1.232    3  0.000  0.534     0.00     0.00 -1 -1.87e-09      0.00 7.573e-01 2.426e-01 1.687e-05 4.660e-06 4.211e-05 -1.000 1.000e-04 -2.052 -2.460 -2.936 -3.327 -3.880 -4.100 -4.147 -4.166 -4.168 -3.765 -4.155 -3.745 -4.050 -4.093 -4.109 -4.133 -4.154 -4.161 -4.168 -4.178 -4.174 -4.156 -4.161 -3.953
9.5884e-05 -2.19174 10.13672 0.7683788538 2.4071404934    0.744  2.772  3.6727  1.180    3  0.000  0.534     0.00     0.00 -1 -2.19e-09      0.00 7.572e-01 2.427e-01 1.687e-05 4.660e-06 4.211e-05 -1.000 1.001e-04 -2.160 -2.566 -3.048 -3.443 -4.000 -4.222 -4.269 -4.289 -4.290 -3.884 -4.278 -3.863 -4.171 -4.215 -4.231 -4.255 -4.277 -4.285 -4.291 -4.301 -4.297 -4.277 -4.282 -4.074
9.5884e-05 -2.19174 10.13672 0.7683902979 2.4071447849    0.742  2.810  3.6709  1.134    3  0.000  0.534     0.00     0.00 -1 -2.53e-09      0.00 7.572e-01 2.427e-01 1.687e-05 4.660e-06 4.211e-05 -1.000 1.000e-04 -2.256 -2.661 -3.147 -3.546 -4.107 -4.331 -4.378 -4.398 -4.399 -3.991 -4.387 -3.969 -4.279 -4.324 -4.340 -4.363 -4.386 -4.394 -4.401 -4.411 -4.406 -4.384 -4.390 -4.181
9.5884e-05 -2.19174 10.13672 0.7684019208 2.4071493149    0.740  2.852  3.6687  1.082    3  0.000  0.534     0.00     0.00 -1 -2.96e-09      0.00 7.572e-01 2.427e-01 1.687e-05 4.660e-06 4.211e-05 -1.000 1.000e-04 -2.359 -2.763 -3.255 -3.658 -4.224 -4.450 -4.499 -4.519 -4.518 -4.107 -4.508 -4.084 -4.398 -4.443 -4.460 -4.483 -4.506 -4.515 -4.521 -4.532 -4.526 -4.501 -4.508 -4.299
9.5884e-05 -2.19174 10.13672 0.7684116364 2.4071531296    0.738  2.888  3.6671  1.038    3  0.000  0.534     0.00     0.00 -1 -3.39e-09      0.00 7.572e-01 2.427e-01 1.687e-05 4.660e-06 4.211e-05 -1.000 1.001e-04 -2.451 -2.854 -3.350 -3.756 -4.326 -4.554 -4.602 -4.623 -4.622 -4.209 -4.612 -4.185 -4.501 -4.547 -4.564 -4.586 -4.611 -4.619 -4.626 -4.636 -4.630 -4.602 -4.610 -4.401
9.5884e-05 -2.19174 10.13672 0.7684217691 2.4071569443    0.736  2.930  3.6649  0.987    3  0.000  0.534     0.00     0.00 -1 -3.96e-09      0.00 7.572e-01 2.427e-01 1.687e-05 4.660e-06 4.211e-05 -1.000 1.000e-04 -2.554 -2.954 -3.457 -3.868 -4.442 -4.673 -4.722 -4.743 -4.740 -4.325 -4.731 -4.300 -4.619 -4.665 -4.683 -4.704 -4.731 -4.739 -4.746 -4.757 -4.749 -4.718 -4.727 -4.518
9.5884e-05 -2.19174 10.13672 0.7684320807 2.4071607590    0.733  2.974  3.6627  0.932    3  0.000  0.534     0.00     0.00 -1 -4.69e-09      0.00 7.572e-01 2.427e-01 1.687e-05 4.660e-06 4.211e-05 -1.000 1.000e-04 -2.666 -3.064 -3.574 -3.988 -4.568 -4.801 -4.850 -4.873 -4.868 -4.450 -4.860 -4.425 -4.746 -4.793 -4.811 -4.831 -4.860 -4.868 -4.875 -4.886 -4.878 -4.843 -4.853 -4.645
9.5884e-05 -2.19174 10.13672 0.7684404850 2.4071640968    0.731  3.013  3.6606  0.883    3  0.000  0.534     0.00     0.00 -1 -5.43e-09      0.00 7.572e-01 2.427e-01 1.687e-05 4.660e-06 4.211e-05 -1.000 1.000e-04 -2.763 -3.158 -3.675 -4.094 -4.677 -4.913 -4.962 -4.986 -4.980 -4.559 -4.972 -4.533 -4.857 -4.905 -4.923 -4.942 -4.972 -4.981 -4.988 -4.999 -4.991 -4.952 -4.963 -4.755
9.5884e-05 -2.19174 10.13672 0.7684476376 2.4071669579    0.728  3.048  3.6588  0.839    3  0.000  0.534     0.00     0.00 -1  -6.2e-09      0.00 7.572e-01 2.427e-01 1.687e-05 4.660e-06 4.211e-05 -1.000 1.000e-04 -2.851 -3.244 -3.767 -4.190 -4.777 -5.014 -5.064 -5.089 -5.082 -4.659 -5.075 -4.632 -4.958 -5.006 -5.025 -5.043 -5.075 -5.084 -5.091 -5.103 -5.094 -5.051 -5.063 -4.855
9.5884e-05 -2.19174 10.13672 0.7684550285 2.4071695805    0.725  3.087  3.6568  0.791    3  0.000  0.534     0.00     0.00 -1 -7.18e-09      0.00 7.572e-01 2.427e-01 1.687e-05 4.660e-06 4.211e-05 -1.000 1.000e-04 -2.947 -3.338 -3.867 -4.294 -4.886 -5.125 -5.175 -5.201 -5.192 -4.767 -5.186 -4.740 -5.068 -5.117 -5.136 -5.153 -5.187 -5.196 -5.204 -5.215 -5.205 -5.159 -5.173 -4.965
9.5884e-05 -2.19174 10.13672 0.7684625983 2.4071726799    0.721  3.129  3.6546  0.738    3  0.000  0.534     0.00     0.00 -1 -8.42e-09      0.00 7.572e-01 2.427e-01 1.687e-05 4.660e-06 4.211e-05 -1.000 1.000e-04 -3.052 -3.439 -3.976 -4.408 -5.005 -5.246 -5.296 -5.324 -5.313 -4.885 -5.308 -4.857 -5.188 -5.238 -5.257 -5.273 -5.309 -5.318 -5.326 -5.338 -5.327 -5.277 -5.292 -5.084
9.5884e-05 -2.19174 10.13672 0.7684689760 2.4071750641    0.718  3.166  3.6526  0.690    3  0.000  0.534     0.00     0.00 -1 -9.71e-09      0.00 7.572e-01 2.427e-01 1.687e-05 4.660e-06 4.211e-05 -1.000 9.999e-05 -3.145 -3.528 -4.072 -4.508 -5.110 -5.354 -5.404 -5.432 -5.420 -4.990 -5.416 -4.961 -5.294 -5.345 -5.365 -5.378 -5.418 -5.427 -5.435 -5.447 -5.436 -5.381 -5.397 -5.190
9.5884e-05 -2.19174 10.13672 0.7684754133 2.4071774483    0.714  3.205  3.6505  0.640    3  0.000  0.534     0.00     0.00 -1 -1.13e-08      0.00 7.572e-01 2.427e-01 1.687e-05 4.660e-06 4.211e-05 -1.000 1.000e-04 -3.242 -3.619 -4.171 -4.612 -5.220 -5.467 -5.516 -5.547 -5.533 -5.100 -5.529 -5.069 -5.406 -5.458 -5.478 -5.489 -5.532 -5.541 -5.549 -5.561 -5.550 -5.490 -5.507 -5.300
9.5884e-05 -2.19174 10.13672 0.7684813738 2.4071798325    0.709  3.241  3.6485  0.594    3  0.000  0.534     0.00     0.00 -1  -1.3e-08      0.00 7.572e-01 2.427e-01 1.687e-05 4.660e-06 4.211e-05 -1.000 1.000e-04 -3.332 -3.704 -4.263 -4.709 -5.322 -5.571 -5.620 -5.652 -5.637 -5.201 -5.634 -5.170 -5.509 -5.562 -5.583 -5.591 -5.637 -5.646 -5.655 -5.667 -5.655 -5.591 -5.609 -5.403
9.5884e-05 -2.19174 10.13672 0.7684830427 2.4071803093    0.708  3.250  3.6481  0.582    3  0.000  0.534     0.00     0.00 -1 -1.35e-08      0.00 7.572e-01 2.427e-01 1.687e-05 4.660e-06 4.211e-05 -1.000 9.999e-05 -3.356 -3.726 -4.287 -4.734 -5.348 -5.598 -5.647 -5.679 -5.663 -5.227 -5.661 -5.196 -5.535 -5.588 -5.609 -5.617 -5.664 -5.673 -5.681 -5.694 -5.681 -5.617 -5.635 -5.429
9.5884e-05 -2.19174 10.13672 0.7684830427 2.4071803093    0.708  1.621  3.9955  3.601    4  0.000  0.533     0.00     0.00 -1    -1e-30      0.00 7.562e-01 2.437e-01 1.688e-05 4.684e-06 4.222e-05 -1.000 9.999e-05 0.717 0.992 0.993 1.013 1.023 1.025 1.029 1.033 1.031 1.019 1.030 1.023 1.021 1.022 1.028 1.030 1.029 1.033 1.034 1.031 1.031 1.031 1.032 1.022
9.5884e-05 -2.19174 10.13672 0.7684841752 2.4071807861    0.708  1.630  3.9900  3.570    4  0.000  0.533     0.00     0.00 -1    -1e-30      0.00 7.562e-01 2.437e-01 1.688e-05 4.684e-06 4.222e-05 -1.000 1.000e-04 0.694 0.939 0.935 0.952 0.960 0.961 0.963 0.966 0.965 0.956 0.964 0.961 0.957 0.958 0.963 0.965 0.963 0.967 0.967 0.965 0.964 0.964 0.965 0.959
9.5884e-05 -2.19174 10.13672 0.7685233355 2.4071958065    0.708  1.648  3.9812  3.517    4  0.000  0.533     0.00     0.00 -1    -1e-30      0.00 7.562e-01 2.437e-01 1.688e-05 4.684e-06 4.222e-05 -1.000 1.000e-04 0.650 0.850 0.837 0.848 0.853 0.851 0.852 0.854 0.852 0.850 0.853 0.854 0.848 0.848 0.853 0.854 0.851 0.855 0.855 0.852 0.851 0.851 0.852 0.852
9.5884e-05 -2.19174 10.13672 0.7685635090 2.4072113037    0.708  1.649  3.9805  3.513    4  0.000  0.533     0.00     0.00 -1    -1e-30      0.00 7.562e-01 2.437e-01 1.688e-05 4.684e-06 4.222e-05 -1.000 9.985e-05 0.647 0.843 0.831 0.841 0.845 0.843 0.844 0.846 0.844 0.843 0.845 0.847 0.841 0.841 0.845 0.846 0.844 0.847 0.847 0.844 0.844 0.843 0.844 0.844
9.5884e-05 -2.19174 10.13672 0.7686049342 2.4072272778    0.708  1.649  3.9801  3.511    4  0.000  0.533     0.00     0.00 -1    -1e-30      0.00 7.562e-01 2.437e-01 1.688e-05 4.684e-06 4.222e-05 -1.000 9.993e-05 0.647 0.841 0.828 0.838 0.842 0.840 0.841 0.843 0.841 0.840 0.842 0.844 0.838 0.837 0.842 0.843 0.840 0.843 0.844 0.841 0.840 0.840 0.841 0.841
9.5884e-05 -2.19174 10.13672 0.7686465979 2.4072432518    0.708  1.649  3.9794  3.508    4  0.000  0.533     0.00     0.00 -1    -1e-30      0.00 7.562e-01 2.437e-01 1.688e-05 4.684e-06 4.222e-05 -1.000 1.000e-04 0.647 0.837 0.823 0.833 0.837 0.834 0.835 0.837 0.835 0.834 0.836 0.839 0.832 0.832 0.836 0.838 0.835 0.838 0.838 0.835 0.834 0.834 0.835 0.836
9.5884e-05 -2.19174 10.13672 0.7686882615 2.4072592258    0.708  1.650  3.9783  3.504    4  0.000  0.533     0.00     0.00 -1    -1e-30      0.00 7.562e-01 2.437e-01 1.688e-05 4.684e-06 4.222e-05 -1.000 1.000e-04 0.646 0.831 0.816 0.825 0.828 0.825 0.826 0.828 0.825 0.826 0.827 0.830 0.823 0.823 0.827 0.828 0.825 0.828 0.828 0.825 0.825 0.825 0.826 0.827
9.5884e-05 -2.19174 10.13672 0.7687304020 2.4072751999    0.708  1.650  3.9769  3.497    4  0.000  0.533     0.00     0.00 -1    -1e-30      0.00 7.562e-01 2.437e-01 1.688e-05 4.684e-06 4.222e-05 -1.000 1.000e-04 0.644 0.822 0.806 0.814 0.816 0.813 0.814 0.815 0.813 0.814 0.814 0.818 0.811 0.811 0.815 0.816 0.813 0.816 0.816 0.813 0.812 0.812 0.813 0.815
9.5884e-05 -2.19174 10.13672 0.7687731981 2.4072916508    0.708  1.651  3.9750  3.489    4  0.000  0.533     0.00     0.00 -1    -1e-30      0.00 7.562e-01 2.437e-01 1.688e-05 4.684e-06 4.222e-05 -1.000 1.000e-04 0.641 0.810 0.792 0.799 0.800 0.796 0.797 0.798 0.796 0.798 0.797 0.802 0.795 0.794 0.798 0.799 0.796 0.799 0.799 0.796 0.795 0.795 0.796 0.799
9.5884e-05 -2.19174 10.13672 0.7688158751 2.4073081017    0.708  1.653  3.9729  3.479    4  0.000  0.533     0.00     0.00 -1    -1e-30      0.00 7.562e-01 2.437e-01 1.688e-05 4.684e-06 4.222e-05 -1.000 9.999e-05 0.638 0.796 0.777 0.782 0.782 0.777 0.777 0.779 0.776 0.780 0.778 0.784 0.777 0.775 0.779 0.780 0.776 0.779 0.779 0.776 0.775 0.775 0.776 0.781
9.5884e-05 -2.19174 10.13672 0.7688564062 2.4073235989    0.708  1.654  3.9705  3.468    4  0.000  0.533     0.00     0.00 -1    -1e-30      0.00 7.562e-01 2.437e-01 1.688e-05 4.684e-06 4.222e-05 -1.000 1.000e-04 0.634 0.780 0.759 0.762 0.761 0.755 0.755 0.756 0.753 0.760 0.755 0.763 0.755 0.753 0.757 0.758 0.754 0.757 0.756 0.753 0.753 0.752 0.753 0.759
9.5884e-05 -2.19174 10.13672 0.7688974142 2.4073393345    0.708  1.656  3.9677  3.455    4  0.000  0.533     0.00     0.00 -1    -1e-30      0.00 7.562e-01 2.437e-01 1.688e-05 4.684e-06 4.222e-05 -1.000 1.000e-04 0.629 0.761 0.738 0.739 0.736 0.730 0.729 0.730 0.727 0.735 0.729 0.739 0.730 0.728 0.731 0.732 0.728 0.730 0.730 0.727 0.726 0.726 0.726 0.735
9.5884e-05 -2.19174 10.13672 0.7689374685 2.4073545933    0.708  1.659  3.9645  3.439    4  0.000  0.533     0.00     0.00 -1    -1e-30      0.00 7.562e-01 2.437e-01 1.688e-05 4.684e-06 4.222e-05 -1.000 1.000e-04 0.623 0.739 0.713 0.712 0.707 0.700 0.698 0.699 0.695 0.707 0.699 0.710 0.701 0.698 0.701 0.701 0.697 0.699 0.699 0.696 0.695 0.695 0.695 0.705
9.5884e-05 -2.19174 10.13672 0.7689778209 2.4073700905    0.708  1.661  3.9608  3.422    4  0.000  0.533     0.00     0.00 -1    -1e-30      0.00 7.562e-01 2.437e-01 1.688e-05 4.684e-06 4.222e-05 -1.000 1.000e-04 0.616 0.715 0.686 0.681 0.675 0.666 0.663 0.664 0.660 0.675 0.664 0.678 0.667 0.664 0.667 0.667 0.662 0.665 0.664 0.661 0.660 0.660 0.660 0.672
9.5884e-05 -2.19174 10.13672 0.7690169215 2.4073851109    0.708  1.664  3.9569  3.403    4  0.000  0.533     0.00     0.00 -1    -1e-30      0.00 7.562e-01 2.437e-01 1.688e-05 4.684e-06 4.222e-05 -1.000 1.000e-04 0.609 0.689 0.656 0.649 0.639 0.629 0.626 0.626 0.622 0.640 0.626 0.643 0.631 0.628 0.630 0.630 0.625 0.627 0.627 0.623 0.622 0.622 0.622 0.637
9.5884e-05 -2.19174 10.13672 0.7690573931 2.4074006081    0.708  1.668  3.9524  3.382    4  0.000  0.533     0.00     0.00 -1    -1e-30      0.00 7.562e-01 2.437e-01 1.688e-05 4.684e-06 4.222e-05 -1.000 1.001e-04 0.600 0.660 0.623 0.611 0.599 0.587 0.583 0.583 0.579 0.600 0.583 0.603 0.590 0.586 0.588 0.587 0.582 0.584 0.584 0.580 0.579 0.578 0.579 0.596
9.5884e-05 -2.19174 10.13672 0.7690973878 2.4074158669    0.709  1.672  3.9474  3.358    4  0.000  0.533     0.00     0.00 -1    -1e-30      0.00 7.562e-01 2.437e-01 1.688e-05 4.684e-06 4.222e-05 -1.000 1.001e-04 0.591 0.628 0.586 0.570 0.554 0.541 0.536 0.536 0.532 0.557 0.536 0.559 0.545 0.540 0.542 0.540 0.535 0.537 0.536 0.532 0.531 0.531 0.531 0.551
9.5884e-05 -2.19174 10.13672 0.7691409588 2.4074325562    0.709  1.676  3.9417  3.331    4  0.000  0.533     0.00     0.00 -1    -1e-30      0.00 7.562e-01 2.437e-01 1.688e-05 4.684e-06 4.222e-05 -1.000 1.000e-04 0.580 0.593 0.545 0.524 0.503 0.488 0.482 0.481 0.477 0.507 0.482 0.509 0.492 0.487 0.488 0.487 0.480 0.482 0.482 0.478 0.476 0.476 0.476 0.499
9.5884e-05 -2.19174 10.13672 0.7691813707 2.4074480534    0.709  1.681  3.9359  3.303    4  0.000  0.533     0.00     0.00 -1    -1e-30      0.00 7.562e-01 2.437e-01 1.688e-05 4.684e-06 4.222e-05 -1.000 9.999e-05 0.568 0.557 0.504 0.477 0.451 0.434 0.427 0.426 0.421 0.456 0.427 0.457 0.439 0.433 0.434 0.432 0.425 0.427 0.426 0.422 0.421 0.420 0.420 0.446
9.5884e-05 -2.19174 10.13672 0.7692227364 2.4074637890    0.709  1.686  3.9295  3.273    4  0.000  0.533     0.00     0.00 -1    -1e-30      0.00 7.562e-01 2.437e-01 1.688e-05 4.684e-06 4.222e-05 -1.000 1.000e-04 0.556 0.519 0.459 0.426 0.393 0.374 0.366 0.364 0.359 0.401 0.365 0.401 0.380 0.373 0.374 0.371 0.364 0.366 0.365 0.360 0.359 0.358 0.358 0.388
9.5884e-05 -2.19174 10.13672 0.7692630291 2.4074792862    0.709  1.691  3.9229  3.241    4  0.000  0.533     0.00     0.00 -1    -1e-30      0.00 7.562e-01 2.437e-01 1.688e-05 4.684e-06 4.222e-05 -1.000 9.999e-05 0.543 0.480 0.414 0.374 0.333 0.312 0.303 0.301 0.295 0.343 0.302 0.342 0.318 0.311 0.311 0.308 0.301 0.302 0.301 0.296 0.295 0.293 0.294 0.328
9.5884e-05 -2.19174 10.13672 0.7693032026 2.4074945450    0.709  1.696  3.9159  3.208    4  0.000  0.533     0.00     0.00 -1    -1e-30      0.00 7.562e-01 2.437e-01 1.688e-05 4.684e-06 4.222e-05 -1.000 1.000e-04 0.530 0.441 0.367 0.319 0.270 0.246 0.237 0.234 0.228 0.283 0.235 0.280 0.254 0.246 0.245 0.242 0.234 0.235 0.234 0.229 0.228 0.226 0.227 0.264
9.5884e-05 -2.19174 10.13672 0.7693109512 2.4074976444    0.709  1.697  3.9145  3.201    4  0.000  0.533     0.00     0.00 -1    -1e-30      0.00 7.562e-01 2.437e-01 1.688e-05 4.684e-06 4.222e-05 -1.000 9.999e-05 0.527 0.434 0.358 0.309 0.258 0.233 0.224 0.221 0.215 0.272 0.222 0.268 0.241 0.233 0.233 0.229 0.221 0.222 0.221 0.216 0.215 0.213 0.214 0.251
9.5884e-05 -2.19174 10.13672 0.7693309188 2.4075052738    0.709  1.700  3.9112  3.185    4  0.000  0.533     0.00     0.00 -1    -1e-30      0.00 7.562e-01 2.437e-01 1.688e-05 4.684e-06 4.222e-05 -1.000 9.993e-05 0.520 0.415 0.336 0.284 0.228 0.202 0.192 0.189 0.183 0.243 0.191 0.239 0.210 0.202 0.201 0.197 0.189 0.190 0.189 0.184 0.183 0.181 0.182 0.221
9.5884e-05 -2.19174 10.13672 0.7693724036 2.4075210094    0.709  1.706  3.9040  3.151    4  0.000  0.533     0.00     0.00 -1    -1e-30      0.00 7.562e-01 2.437e-01 1.688e-05 4.684e-06 4.222e-05 -1.000 1.000e-04 0.506 0.376 0.289 0.229 0.163 0.134 0.123 0.120 0.114 0.181 0.122 0.175 0.142 0.134 0.133 0.129 0.120 0.121 0.120 0.115 0.113 0.112 0.113 0.154
9.5884e-05 -2.19174 10.13672 0.7694119811 2.4075362682    0.709  1.711  3.8967  3.116    4  0.000  0.533     0.00     0.00 -1    -1e-30      0.00 7.562e-01 2.437e-01 1.688e-05 4.684e-06 4.222e-05 -1.000 1.000e-04 0.492 0.339 0.243 0.174 0.097 0.065 0.053 0.050 0.044 0.118 0.052 0.111 0.074 0.065 0.064 0.059 0.051 0.052 0.050 0.045 0.044 0.042 0.043 0.087
9.5884e-05 -2.19174 10.13672 0.7694524527 2.4075517654    0.709  1.717  3.8887  3.078    4  0.000  0.533     0.00     0.00 -1    -1e-30      0.00 7.562e-01 2.437e-01 1.688e-05 4.684e-06 4.222e-05 -1.000 1.000e-04 0.476 0.299 0.194 0.115 0.024 -0.011 -0.023 -0.026 -0.033 0.050 -0.024 0.040 -0.002 -0.010 -0.013 -0.017 -0.025 -0.025 -0.026 -0.032 -0.033 -0.035 -0.034 0.013
9.5884e-05 -2.19174 10.13672 0.7694918513 2.4075667858    0.709  1.724  3.8805  3.039    4  0.000  0.533     0.00     0.00 -1    -1e-30      0.00 7.562e-01 2.437e-01 1.688e-05 4.684e-06 4.222e-05 -1.000 1.000e-04 0.460 0.260 0.145 0.056 -0.050 -0.089 -0.101 -0.104 -0.110 -0.019 -0.102 -0.031 -0.078 -0.088 -0.090 -0.095 -0.103 -0.102 -0.104 -0.109 -0.110 -0.113 -0.111 -0.062
9.5884e-05 -2.19174 10.13672 0.7695311904 2.4075818062    0.709  1.730  3.8729  3.002    4  0.000  0.533     0.00     0.00 -1    -1e-30      0.00 7.562e-01 2.437e-01 1.688e-05 4.684e-06 4.222e-05 -1.000 1.000e-04 0.445 0.225 0.101 0.002 -0.120 -0.162 -0.174 -0.177 -0.184 -0.084 -0.175 -0.098 -0.151 -0.161 -0.163 -0.168 -0.176 -0.176 -0.178 -0.183 -0.184 -0.187 -0.185 -0.133
9.5884e-05 -2.19174 10.13672 0.7695712447 2.4075970650    0.709  1.736  3.8649  2.964    4  0.000  0.533     0.00     0.00 -1    -1e-30      0.00 7.562e-01 2.437e-01 1.688e-05 4.684e-06 4.222e-05 -1.000 1.000e-04 0.429 0.191 0.056 -0.054 -0.192 -0.238 -0.250 -0.254 -0.260 -0.150 -0.252 -0.167 -0.227 -0.237 -0.239 -0.245 -0.252 -0.252 -0.254 -0.259 -0.260 -0.263 -0.262 -0.207
9.5884e-05 -2.19174 10.13672 0.7696113586 2.4076125622    0.709  1.743  3.8574  2.928    4  0.000  0.533     0.00     0.00 -1    -1e-30      0.00 7.562e-01 2.437e-01 1.688e-05 4.684e-06 4.222e-05 -1.000 1.000e-04 0.413 0.160 0.015 -0.105 -0.259 -0.309 -0.322 -0.326 -0.332 -0.213 -0.324 -0.231 -0.298 -0.308 -0.310 -0.317 -0.324 -0.324 -0.326 -0.331 -0.332 -0.335 -0.334 -0.276
9.5884e-05 -2.19174 10.13672 0.7696508169 2.4076275826    0.709  1.749  3.8497  2.890    4  0.000  0.533     0.00     0.00 -1    -1e-30      0.00 7.562e-01 2.437e-01 1.688e-05 4.684e-06 4.222e-05 -1.000 9.999e-05 0.397 0.129 -0.028 -0.158 -0.328 -0.383 -0.396 -0.400 -0.406 -0.278 -0.398 -0.297 -0.371 -0.382 -0.384 -0.391 -0.398 -0.398 -0.400 -0.405 -0.406 -0.410 -0.408 -0.347
9.5884e-05 -2.19174 10.13672 0.7696907520 2.4076428413    0.709  1.756  3.8423  2.854    4  0.000  0.533     0.00     0.00 -1    -1e-30      0.00 7.562e-01 2.437e-01 1.688e-05 4.684e-06 4.222e-05 -1.000 1.000e-04 0.380 0.099 -0.068 -0.208 -0.395 -0.454 -0.468 -0.472 -0.479 -0.340 -0.470 -0.361 -0.442 -0.453 -0.456 -0.463 -0.470 -0.470 -0.473 -0.478 -0.479 -0.483 -0.480 -0.416
9.5884e-05 -2.19174 10.13672 0.7697328925 2.4076590538    0.709  1.765  3.8326  2.806    4  0.000  0.533     0.00     0.00 -1    -1e-30      0.00 7.562e-01 2.437e-01 1.688e-05 4.684e-06 4.222e-05 -1.000 1.000e-04 0.357 0.060 -0.121 -0.275 -0.484 -0.549 -0.563 -0.568 -0.575 -0.423 -0.565 -0.444 -0.536 -0.548 -0.551 -0.558 -0.565 -0.566 -0.568 -0.573 -0.574 -0.579 -0.576 -0.507
9.5884e-05 -2.19174 10.13672 0.7697722912 2.4076740742    0.709  1.775  3.8226  2.756    4  0.000  0.533     0.00     0.00 -1    -1e-30      0.00 7.562e-01 2.437e-01 1.688e-05 4.684e-06 4.222e-05 -1.000 1.000e-04 0.332 0.020 -0.177 -0.344 -0.576 -0.648 -0.663 -0.668 -0.675 -0.509 -0.665 -0.531 -0.635 -0.647 -0.650 -0.658 -0.665 -0.666 -0.669 -0.673 -0.674 -0.679 -0.676 -0.602
9.5884e-05 -2.19174 10.13672 0.7698055506 2.4076867104    0.709  1.786  3.8122  2.703    4  0.000  0.533     0.00     0.00 -1    -1e-30      0.00 7.562e-01 2.437e-01 1.688e-05 4.684e-06 4.222e-05 -1.000 9.993e-05 0.304 -0.022 -0.236 -0.418 -0.673 -0.752 -0.769 -0.773 -0.780 -0.600 -0.771 -0.623 -0.738 -0.751 -0.754 -0.764 -0.770 -0.771 -0.774 -0.779 -0.780 -0.785 -0.782 -0.702
9.5884e-05 -2.19174 10.13672 0.7698266506 2.4076948166    0.709  1.800  3.8024  2.651    4  0.000  0.533     0.00     0.00 -1    -1e-30      0.00 7.562e-01 2.437e-01 1.688e-05 4.684e-06 4.222e-05 -1.000 9.997e-05 0.271 -0.068 -0.298 -0.493 -0.771 -0.858 -0.875 -0.880 -0.887 -0.693 -0.878 -0.716 -0.843 -0.857 -0.860 -0.870 -0.876 -0.878 -0.881 -0.886 -0.887 -0.892 -0.889 -0.802
9.5884e-05 -2.19174 10.13672 0.7698415518 2.4077005386    0.709  1.812  3.7931  2.601    4  0.000  0.533     0.00     0.00 -1    -1e-30      0.00 7.562e-01 2.437e-01 1.688e-05 4.684e-06 4.222e-05 -1.000 1.000e-04 0.239 -0.111 -0.355 -0.564 -0.863 -0.957 -0.976 -0.981 -0.988 -0.780 -0.978 -0.802 -0.941 -0.956 -0.959 -0.971 -0.976 -0.979 -0.982 -0.987 -0.988 -0.993 -0.989 -0.897
9.5884e-05 -2.19174 10.13672 0.7698504925 2.4077038765    0.709  1.825  3.7845  2.554    4  0.000  0.533     0.00     0.00 -1    -1e-30      0.00 7.562e-01 2.437e-01 1.688e-05 4.684e-06 4.222e-05 -1.000 9.999e-05 0.208 -0.151 -0.410 -0.631 -0.949 -1.050 -1.071 -1.076 -1.083 -0.862 -1.073 -0.883 -1.033 -1.049 -1.053 -1.065 -1.071 -1.074 -1.077 -1.082 -1.083 -1.089 -1.085 -0.985
9.5884e-05 -2.19174 10.13672 0.7698571086 2.4077064991    0.709  1.837  3.7758  2.507    4  0.000  0.533     0.00     0.00 -1    -1e-30      0.00 7.562e-01 2.437e-01 1.688e-05 4.684e-06 4.222e-05 -1.000 1.000e-04 0.178 -0.190 -0.464 -0.697 -1.035 -1.144 -1.166 -1.172 -1.179 -0.944 -1.168 -0.964 -1.126 -1.143 -1.147 -1.160 -1.167 -1.170 -1.173 -1.178 -1.179 -1.185 -1.181 -1.074
9.5884e-05 -2.19174 10.13672 0.7698618174 2.4077081680    0.709  1.850  3.7681  2.464    4  0.000  0.533     0.00     0.00 -1    -1e-30      0.00 7.562e-01 2.437e-01 1.688e-05 4.684e-06 4.222e-05 -1.000 1.000e-04 0.146 -0.229 -0.516 -0.760 -1.115 -1.231 -1.254 -1.261 -1.269 -1.021 -1.257 -1.039 -1.211 -1.230 -1.234 -1.248 -1.255 -1.258 -1.262 -1.267 -1.268 -1.274 -1.270 -1.157
9.5884e-05 -2.19174 10.13672 0.7698658705 2.4077098370    0.709  1.866  3.7599  2.415    4  0.000  0.533     0.00     0.00 -1    -1e-30      0.00 7.562e-01 2.437e-01 1.688e-05 4.684e-06 4.222e-05 -1.000 9.999e-05 0.105 -0.276 -0.578 -0.834 -1.207 -1.331 -1.355 -1.362 -1.371 -1.110 -1.358 -1.125 -1.309 -1.329 -1.334 -1.349 -1.356 -1.360 -1.364 -1.369 -1.370 -1.376 -1.372 -1.251
9.5884e-05 -2.19174 10.13672 0.7698690295 2.4077110291    0.709  1.888  3.7519  2.361    4  0.000  0.533     0.00     0.00 -1    -1e-30      0.00 7.562e-01 2.437e-01 1.688e-05 4.684e-06 4.222e-05 -1.000 1.000e-04 0.051 -0.338 -0.653 -0.921 -1.311 -1.443 -1.469 -1.477 -1.486 -1.212 -1.473 -1.225 -1.420 -1.441 -1.447 -1.463 -1.471 -1.475 -1.479 -1.485 -1.486 -1.492 -1.488 -1.358
9.5884e-05 -2.19174 10.13672 0.7698711157 2.4077117443    0.709  1.912  3.7446  2.308    4  0.000  0.533     0.00     0.00 -1    -1e-30      0.00 7.562e-01 2.437e-01 1.688e-05 4.684e-06 4.222e-05 -1.000 9.993e-05 -0.009 -0.402 -0.731 -1.010 -1.415 -1.555 -1.583 -1.591 -1.601 -1.314 -1.587 -1.325 -1.530 -1.553 -1.559 -1.576 -1.585 -1.589 -1.593 -1.599 -1.600 -1.607 -1.603 -1.465
9.5884e-05 -2.19174 10.13672 0.7698724866 2.4077122211    0.709  1.938  3.7381  2.255    4  0.000  0.533     0.00     0.00 -1    -1e-30      0.00 7.562e-01 2.437e-01 1.688e-05 4.684e-06 4.222e-05 -1.000 9.999e-05 -0.076 -0.474 -0.815 -1.103 -1.522 -1.669 -1.698 -1.707 -1.717 -1.419 -1.702 -1.428 -1.642 -1.666 -1.673 -1.691 -1.700 -1.704 -1.708 -1.715 -1.716 -1.722 -1.719 -1.574
9.5884e-05 -2.19174 10.13672 0.7698732018 2.4077124596    0.709  1.961  3.7339  2.215    7  0.000  0.533     0.00     0.00 -1    -1e-30      0.00 7.562e-01 2.437e-01 1.688e-05 4.684e-06 4.222e-05 -1.000 1.000e-04 -0.133 -0.533 -0.882 -1.177 -1.605 -1.756 -1.786 -1.796 -1.806 -1.500 -1.790 -1.507 -1.728 -1.753 -1.761 -1.779 -1.788 -1.793 -1.797 -1.804 -1.805 -1.811 -1.808 -1.658
9.5884e-05 -2.19174 10.13672 0.7698737979 2.4077126980    0.709  1.990  3.7300  2.171    7  0.000  0.533     0.00     0.00 -1    -1e-30      0.00 7.562e-01 2.437e-01 1.688e-05 4.684e-06 4.222e-05 -1.000 9.997e-05 -0.205 -0.607 -0.963 -1.264 -1.700 -1.856 -1.887 -1.897 -1.907 -1.595 -1.892 -1.600 -1.826 -1.853 -1.861 -1.880 -1.890 -1.894 -1.898 -1.906 -1.907 -1.913 -1.909 -1.755
9.5884e-05 -2.19174 10.13672 0.7698745131 2.4077131748    0.709  2.026  3.7258  2.118    7  0.000  0.533     0.00     0.00 -1    -1e-30      0.00 7.562e-01 2.437e-01 1.688e-05 4.684e-06 4.222e-05 -1.000 9.999e-05 -0.295 -0.701 -1.064 -1.372 -1.817 -1.977 -2.009 -2.020 -2.030 -1.710 -2.014 -1.714 -1.946 -1.974 -1.982 -2.002 -2.012 -2.017 -2.021 -2.029 -2.030 -2.036 -2.032 -1.873
9.5884e-05 -2.19174 10.13672 0.7698752284 2.4077134132    0.709  2.064  3.7220  2.065    7  0.000  0.533     0.00     0.00 -1    -1e-30      0.00 7.562e-01 2.437e-01 1.688e-05 4.684e-06 4.222e-05 -1.000 1.000e-04 -0.391 -0.797 -1.169 -1.482 -1.935 -2.099 -2.132 -2.143 -2.153 -1.827 -2.137 -1.830 -2.067 -2.096 -2.105 -2.125 -2.135 -2.140 -2.144 -2.152 -2.153 -2.159 -2.156 -1.992
9.5884e-05 -2.19174 10.13672 0.7698759437 2.4077136517    0.709  2.102  3.7187  2.014    7  0.000  0.533     0.00     0.00 -1    -1e-30      0.00 7.562e-01 2.437e-01 1.688e-05 4.684e-06 4.222e-05 -1.000 1.000e-04 -0.485 -0.893 -1.271 -1.589 -2.049 -2.217 -2.251 -2.262 -2.273 -1.941 -2.256 -1.942 -2.184 -2.213 -2.223 -2.243 -2.254 -2.259 -2.264 -2.272 -2.273 -2.278 -2.275 -2.107
9.5884e-05 -2.19174 10.13672 0.7698769569 2.4077138901    0.709  2.134  3.7162  1.972    7  0.000  0.533     0.00     0.00 -1    -1e-30      0.00 7.562e-01 2.437e-01 1.688e-05 4.684e-06 4.222e-05 -1.000 9.999e-05 -0.565 -0.974 -1.357 -1.679 -2.144 -2.315 -2.350 -2.361 -2.372 -2.035 -2.355 -2.035 -2.281 -2.311 -2.321 -2.342 -2.353 -2.358 -2.363 -2.371 -2.372 -2.376 -2.373 -2.203
9.5884e-05 -2.19174 10.13672 0.7698789239 2.4077148438    0.709  2.142  3.7158  1.962    7  0.000  0.533     0.00     0.00 -1    -1e-30      0.00 7.562e-01 2.437e-01 1.688e-05 4.684e-06 4.222e-05 -1.000 9.997e-05 -0.586 -0.995 -1.379 -1.702 -2.167 -2.338 -2.373 -2.385 -2.395 -2.058 -2.379 -2.058 -2.304 -2.335 -2.344 -2.365 -2.377 -2.382 -2.387 -2.395 -2.396 -2.400 -2.397 -2.226
9.5884e-05 -2.19174 10.13672 0.7698819637 2.4077160358    0.709  2.125  3.7171  1.984    7  0.000  0.533     0.00     0.00 -1    -1e-30      0.00 7.562e-01 2.437e-01 1.688e-05 4.684e-06 4.222e-05 -1.000 9.999e-05 -0.544 -0.952 -1.333 -1.654 -2.117 -2.287 -2.322 -2.333 -2.344 -2.009 -2.327 -2.009 -2.254 -2.283 -2.293 -2.314 -2.325 -2.330 -2.335 -2.343 -2.344 -2.349 -2.346 -2.176
9.5884e-05 -2.19174 10.13672 0.7699012756 2.4077231884    0.709  2.143  3.7150  1.958    7  0.000  0.533     0.00     0.00 -1    -1e-30      0.00 7.562e-01 2.437e-01 1.688e-05 4.684e-06 4.222e-05 -1.000 1.000e-04 -0.587 -0.996 -1.382 -1.706 -2.173 -2.346 -2.381 -2.392 -2.403 -2.064 -2.386 -2.064 -2.311 -2.342 -2.351 -2.373 -2.384 -2.389 -2.394 -2.402 -2.403 -2.407 -2.405 -2.233
9.5884e-05 -2.19174 10.13672 0.7699136734 2.4077279568    0.709  2.183  3.7118  1.905    7  0.000  0.533     0.00     0.00 -1    -1e-30      0.00 7.562e-01 2.437e-01 1.688e-05 4.684e-06 4.222e-05 -1.000 9.999e-05 -0.688 -1.099 -1.491 -1.820 -2.294 -2.470 -2.506 -2.518 -2.529 -2.185 -2.512 -2.182 -2.434 -2.466 -2.476 -2.498 -2.509 -2.515 -2.520 -2.528 -2.529 -2.533 -2.530 -2.354
9.5884e-05 -2.19174 10.13672 0.7699319124 2.4077351093    0.709  2.235  3.7083  1.839    7  0.000  0.533     0.00     0.00 -1    -1e-30      0.00 7.562e-01 2.437e-01 1.688e-05 4.684e-06 4.222e-05 -1.000 1.000e-04 -0.817 -1.229 -1.628 -1.963 -2.444 -2.624 -2.661 -2.673 -2.684 -2.334 -2.667 -2.330 -2.587 -2.619 -2.630 -2.652 -2.664 -2.670 -2.675 -2.683 -2.684 -2.687 -2.685 -2.505
9.5884e-05 -2.19174 10.13672 0.7699468136 2.4077405930    0.709  2.277  3.7056  1.787    7  0.000  0.533     0.00     0.00 -1    -1e-30      0.00 7.562e-01 2.437e-01 1.688e-05 4.684e-06 4.222e-05 -1.000 9.997e-05 -0.922 -1.335 -1.739 -2.078 -2.565 -2.748 -2.786 -2.799 -2.809 -2.454 -2.792 -2.449 -2.710 -2.743 -2.754 -2.777 -2.789 -2.795 -2.801 -2.809 -2.810 -2.812 -2.810 -2.627
9.5884e-05 -2.19174 10.13672 0.7699601650 2.4077458382    0.709  2.318  3.7031  1.735    7  0.000  0.533     0.00     0.00 -1    -1e-30      0.00 7.562e-01 2.437e-01 1.688e-05 4.684e-06 4.222e-05 -1.000 9.999e-05 -1.026 -1.439 -1.850 -2.193 -2.684 -2.870 -2.909 -2.922 -2.932 -2.573 -2.915 -2.567 -2.831 -2.865 -2.877 -2.900 -2.913 -2.919 -2.924 -2.933 -2.933 -2.935 -2.934 -2.747
9.5884e-05 -2.19174 10.13672 0.7699719667 2.4077503681    0.709  2.360  3.7006  1.684    7  0.000  0.533     0.00     0.00 -1    -1e-30      0.00 7.562e-01 2.437e-01 1.688e-05 4.686e-06 4.222e-05 -1.000 1.000e-04 -1.129 -1.544 -1.959 -2.306 -2.803 -2.992 -3.031 -3.045 -3.054 -2.691 -3.037 -2.684 -2.952 -2.987 -2.998 -3.021 -3.035 -3.041 -3.047 -3.055 -3.055 -3.057 -3.056 -2.867
9.5884e-05 -2.19174 10.13672 0.7699823976 2.4077541828    0.709  2.401  3.6982  1.633    7  0.000  0.532     0.00     0.00 -1    -1e-30      0.00 7.562e-01 2.437e-01 1.684e-05 4.694e-06 4.222e-05 -1.000 9.999e-05 -1.233 -1.648 -2.068 -2.419 -2.921 -3.113 -3.153 -3.167 -3.176 -2.809 -3.159 -2.801 -3.072 -3.107 -3.120 -3.143 -3.157 -3.163 -3.169 -3.177 -3.177 -3.178 -3.177 -2.986
9.5884e-05 -2.19174 10.13672 0.7699916363 2.4077577591    0.710  2.442  3.6959  1.582    7  0.000  0.528     0.00     0.00 -1    -1e-30      0.00 7.562e-01 2.437e-01 1.672e-05 4.766e-06 4.222e-05 -1.000 1.001e-04 -1.336 -1.752 -2.177 -2.532 -3.039 -3.233 -3.274 -3.288 -3.297 -2.926 -3.280 -2.917 -3.191 -3.228 -3.240 -3.263 -3.278 -3.284 -3.290 -3.298 -3.298 -3.299 -3.298 -3.104
9.5884e-05 -2.19174 10.13672 0.7699997425 2.4077608585    0.710  2.483  3.6936  1.532    7  0.000  0.518     0.00     0.00 -1    -1e-30      0.00 7.562e-01 2.437e-01 1.639e-05 5.065e-06 4.222e-05 -1.000 1.001e-04 -1.438 -1.854 -2.284 -2.642 -3.154 -3.351 -3.393 -3.407 -3.416 -3.042 -3.399 -3.031 -3.309 -3.346 -3.358 -3.382 -3.397 -3.403 -3.409 -3.418 -3.417 -3.417 -3.416 -3.221
9.5884e-05 -2.19174 10.13672 0.7700072527 2.4077637196    0.710  2.524  3.6914  1.482    7  0.000  0.501     0.00     0.00 -1    -1e-30      0.00 7.562e-01 2.437e-01 1.586e-05 5.664e-06 4.222e-05 -1.000 9.999e-05 -1.540 -1.956 -2.391 -2.753 -3.270 -3.469 -3.512 -3.526 -3.535 -3.157 -3.518 -3.145 -3.427 -3.464 -3.477 -3.501 -3.516 -3.523 -3.529 -3.538 -3.537 -3.534 -3.535 -3.337
9.5884e-05 -2.19174 10.13672 0.7700140476 2.4077663422    0.710  2.565  3.6891  1.433    7  0.000  0.483     0.00     0.00 -1    -1e-30      0.00 7.560e-01 2.439e-01 1.529e-05 6.354e-06 4.222e-05 -1.000 1.001e-04 -1.642 -2.057 -2.498 -2.864 -3.385 -3.587 -3.630 -3.645 -3.653 -3.272 -3.637 -3.259 -3.543 -3.581 -3.595 -3.618 -3.634 -3.641 -3.647 -3.656 -3.655 -3.651 -3.652 -3.453
9.5884e-05 -2.19174 10.13672 0.7700204253 2.4077687263    0.710  2.605  3.6869  1.383    7  0.000  0.467     0.00     0.00 -1    -1e-30      0.00 7.558e-01 2.441e-01 1.478e-05 6.977e-06 4.223e-05 -1.000 1.000e-04 -1.743 -2.158 -2.604 -2.974 -3.499 -3.704 -3.747 -3.763 -3.771 -3.386 -3.755 -3.372 -3.659 -3.698 -3.712 -3.736 -3.753 -3.759 -3.765 -3.775 -3.773 -3.768 -3.769 -3.568
9.5884e-05 -2.19174 10.13672 0.7700263858 2.4077711105    0.710  2.646  3.6847  1.334    7  0.000  0.453     0.00     0.00 -1    -1e-30      0.00 7.556e-01 2.443e-01 1.435e-05 7.515e-06 4.224e-05 -1.000 1.000e-04 -1.844 -2.259 -2.711 -3.084 -3.614 -3.821 -3.865 -3.882 -3.888 -3.500 -3.873 -3.485 -3.776 -3.815 -3.829 -3.854 -3.871 -3.878 -3.884 -3.893 -3.891 -3.885 -3.887 -3.683
9.5884e-05 -2.19174 10.13672 0.7700321078 2.4077732563    0.710  2.686  3.6825  1.285    7  0.000  0.441     0.00     0.00 -1    -1e-30      0.00 7.553e-01 2.446e-01 1.398e-05 7.979e-06 4.225e-05 -1.000 9.993e-05 -1.945 -2.360 -2.817 -3.194 -3.729 -3.938 -3.983 -4.000 -4.006 -3.614 -3.991 -3.598 -3.892 -3.932 -3.947 -3.971 -3.989 -3.996 -4.002 -4.011 -4.009 -4.002 -4.004 -3.799
9.5884e-05 -2.19174 10.13672 0.7700375319 2.4077754021    0.710  2.726  3.6803  1.236    7  0.000  0.431     0.00     0.00 -1    -1e-30      0.00 7.551e-01 2.448e-01 1.365e-05 8.382e-06 4.225e-05 -1.000 1.000e-04 -2.046 -2.460 -2.922 -3.303 -3.843 -4.055 -4.100 -4.117 -4.123 -3.728 -4.108 -3.711 -4.007 -4.049 -4.063 -4.088 -4.106 -4.113 -4.120 -4.129 -4.127 -4.117 -4.119 -3.913
9.5884e-05 -2.19174 10.13672 0.7700427175 2.4077773094    0.710  2.767  3.6780  1.186    7  0.000  0.422     0.00     0.00 -1    -1e-30      0.00 7.548e-01 2.451e-01 1.337e-05 8.734e-06 4.223e-05 -1.000 1.000e-04 -2.148 -2.561 -3.029 -3.414 -3.959 -4.173 -4.219 -4.237 -4.242 -3.843 -4.227 -3.825 -4.125 -4.167 -4.182 -4.206 -4.226 -4.233 -4.239 -4.249 -4.246 -4.233 -4.237 -4.030
9.5884e-05 -2.19174 10.13672 0.7700473070 2.4077789783    0.710  2.808  3.6757  1.135    7  0.000  0.415     0.00     0.00 -1    -1e-30      0.00 7.546e-01 2.453e-01 1.312e-05 9.041e-06 4.220e-05 -1.000 1.000e-04 -2.251 -2.662 -3.136 -3.526 -4.075 -4.293 -4.339 -4.358 -4.361 -3.960 -4.347 -3.941 -4.244 -4.286 -4.302 -4.325 -4.346 -4.354 -4.360 -4.370 -4.366 -4.351 -4.355 -4.147
9.5884e-05 -2.19174 10.13672 0.7700510621 2.4077804089    0.710  2.849  3.6735  1.086    7  0.000  0.409     0.00     0.00 -1    -1e-30      0.00 7.543e-01 2.456e-01 1.292e-05 9.305e-06 4.214e-05 -1.000 1.000e-04 -2.352 -2.761 -3.242 -3.635 -4.190 -4.410 -4.456 -4.476 -4.478 -4.074 -4.465 -4.053 -4.360 -4.403 -4.419 -4.442 -4.464 -4.472 -4.478 -4.488 -4.484 -4.465 -4.470 -4.263
9.5884e-05 -2.19174 10.13672 0.7700542808 2.4077818394    0.710  2.888  3.6712  1.038    7  0.000  0.404     0.00     0.00 -1    -1e-30      0.00 7.540e-01 2.459e-01 1.274e-05 9.547e-06 4.205e-05 -1.000 9.999e-05 -2.451 -2.859 -3.345 -3.743 -4.303 -4.525 -4.573 -4.592 -4.593 -4.186 -4.581 -4.165 -4.474 -4.518 -4.534 -4.557 -4.580 -4.588 -4.595 -4.605 -4.600 -4.578 -4.584 -4.376
9.5884e-05 -2.19174 10.13672 0.7700570226 2.4077827930    0.710  2.926  3.6691  0.992    7  0.000  0.401     0.00     0.00 -1    -1e-30      0.00 7.538e-01 2.461e-01 1.260e-05 9.768e-06 4.195e-05 -1.000 9.668e-05 -2.544 -2.950 -3.443 -3.845 -4.409 -4.634 -4.682 -4.702 -4.702 -4.292 -4.691 -4.270 -4.582 -4.627 -4.643 -4.666 -4.689 -4.698 -4.704 -4.715 -4.709 -4.685 -4.691 -4.483
9.5884e-05 -2.19174 10.13672 0.7700598240 2.4077837467    0.710  2.965  3.6668  0.943    7  0.000  0.398     0.00     0.00 -1    -1e-30      0.00 7.535e-01 2.464e-01 1.248e-05 9.993e-06 4.182e-05 -1.000 9.917e-05 -2.644 -3.048 -3.547 -3.954 -4.523 -4.750 -4.799 -4.820 -4.818 -4.405 -4.808 -4.382 -4.697 -4.743 -4.760 -4.782 -4.807 -4.816 -4.822 -4.833 -4.827 -4.799 -4.806 -4.598
9.5884e-05 -2.19174 10.13672 0.7700621486 2.4077847004    0.710  3.001  3.6647  0.898    7  0.000  0.396     0.00     0.00 -1    -1e-30      0.00 7.533e-01 2.466e-01 1.239e-05 1.018e-05 4.170e-05 -1.000 9.999e-05 -2.733 -3.135 -3.640 -4.051 -4.625 -4.855 -4.904 -4.926 -4.923 -4.507 -4.913 -4.483 -4.801 -4.847 -4.864 -4.886 -4.913 -4.921 -4.928 -4.939 -4.932 -4.900 -4.909 -4.701
9.5884e-05 -2.19174 10.13672 0.7700646520 2.4077856541    0.710  3.042  3.6623  0.848    7  0.000  0.395     0.00     0.00 -1    -1e-30      0.00 7.531e-01 2.468e-01 1.231e-05 1.039e-05 4.155e-05 -1.000 9.990e-05 -2.835 -3.234 -3.747 -4.163 -4.742 -4.974 -5.023 -5.047 -5.042 -4.624 -5.034 -4.599 -4.919 -4.966 -4.984 -5.004 -5.033 -5.042 -5.049 -5.060 -5.052 -5.016 -5.027 -4.818
9.5884e-05 -2.19174 10.13672 0.7700648308 2.4077856541    0.710  3.047  3.6620  0.842    7  0.000  0.395     0.00     0.00 -1    -1e-30      0.00 7.531e-01 2.468e-01 1.231e-05 1.040e-05 4.154e-05 -1.000 1.000e-04 -2.848 -3.246 -3.760 -4.176 -4.756 -4.989 -5.038 -5.062 -5.057 -4.638 -5.049 -4.613 -4.934 -4.981 -4.999 -5.019 -5.048 -5.057 -5.064 -5.075 -5.067 -5.031 -5.041 -4.833
9.5884e-05 -2.19174 10.13672 0.7700650096 2.4077858925    0.710  3.057  3.6613  0.829    7  0.000  0.395     0.00     0.00 -1    -1e-30      0.00 7.531e-01 2.468e-01 1.230e-05 1.042e-05 4.153e-05 -1.000 9.997e-05 -2.873 -3.270 -3.786 -4.204 -4.785 -5.019 -5.068 -5.092 -5.087 -4.667 -5.079 -4.642 -4.964 -5.011 -5.029 -5.048 -5.079 -5.087 -5.094 -5.106 -5.097 -5.060 -5.071 -4.862
9.5884e-05 -2.19174 10.13672 0.7700651288 2.4077858925    0.710  3.070  3.6605  0.813    7  0.000  0.394     0.00     0.00 -1    -1e-30      0.00 7.529e-01 2.470e-01 1.225e-05 1.060e-05 4.140e-05 -1.000 9.996e-05 -2.904 -3.301 -3.819 -4.239 -4.821 -5.056 -5.105 -5.130 -5.124 -4.703 -5.116 -4.677 -5.000 -5.048 -5.066 -5.085 -5.116 -5.125 -5.132 -5.143 -5.135 -5.096 -5.107 -4.899
9.5884e-05 -2.19174 10.13672 0.7700653076 2.4077858925    0.710  3.086  3.6595  0.793    7  0.000  0.394     0.00     0.00 -1    -1e-30      0.00 7.527e-01 2.472e-01 1.219e-05 1.081e-05 4.124e-05 -1.000 9.996e-05 -2.946 -3.341 -3.863 -4.284 -4.869 -5.105 -5.155 -5.179 -5.173 -4.751 -5.165 -4.725 -5.049 -5.097 -5.115 -5.134 -5.166 -5.174 -5.182 -5.193 -5.184 -5.143 -5.155 -4.947
9.5884e-05 -2.19174 10.13672 0.7700655460 2.4077861309    0.710  3.114  3.6577  0.757    7  0.000  0.394     0.00     0.00 -1    -1e-30      0.00 7.525e-01 2.474e-01 1.212e-05 1.106e-05 4.106e-05 -1.000 1.000e-04 -3.016 -3.409 -3.937 -4.362 -4.951 -5.189 -5.239 -5.264 -5.256 -4.832 -5.250 -4.805 -5.132 -5.180 -5.199 -5.217 -5.250 -5.259 -5.267 -5.278 -5.269 -5.224 -5.237 -5.029
9.5884e-05 -2.19174 10.13672 0.7700659037 2.4077861309    0.710  3.152  3.6553  0.711    7  0.000  0.393     0.00     0.00 -1    -1e-30      0.00 7.522e-01 2.478e-01 1.202e-05 1.139e-05 4.082e-05 -1.000 7.911e-05 -3.109 -3.498 -4.034 -4.464 -5.059 -5.299 -5.349 -5.376 -5.366 -4.940 -5.361 -4.912 -5.241 -5.291 -5.310 -5.326 -5.362 -5.371 -5.379 -5.390 -5.380 -5.331 -5.345 -5.138
9.5884e-05 -2.19174 10.13672 0.7700662613 2.4077863693    0.710  3.414  3.6091  0.263    8  0.549  0.390    97.30    45.00  1  -1.5e-06      0.00 7.290e-01 2.706e-01 6.375e-05 5.931e-05 2.177e-04 -1.000 3.690e-04 -3.766 -3.949 -4.662 -5.222 -5.961 -6.280 -6.315 -6.381 -6.345 -5.836 -6.345 -5.773 -6.186 -6.266 -6.297 -6.247 -6.362 -6.373 -6.384 -6.403 -6.381 -6.250 -6.281 -6.059
9.5884e-05 -2.19174 10.13672 0.7700663209 2.4077863693    0.710  3.292  3.6156  0.411    8  0.549  0.390    70.65    34.12  1 -8.57e-07      0.00 7.290e-01 2.706e-01 6.375e-05 5.931e-05 2.177e-04 -1.000 3.690e-04 -3.459 -3.688 -4.363 -4.900 -5.619 -5.926 -5.963 -6.022 -5.988 -5.494 -5.989 -5.437 -5.838 -5.913 -5.941 -5.901 -6.004 -6.014 -6.025 -6.042 -6.022 -5.898 -5.927 -5.715
9.5884e-05 -2.19174 10.13672 0.7700663805 2.4077863693    0.710  3.144  3.6291  0.614    8  0.549  0.390    45.69    23.41  1 -4.27e-07      0.00 7.290e-01 2.706e-01 6.375e-05 5.931e-05 2.177e-04 -1.000 3.691e-04 -3.089 -3.389 -4.006 -4.502 -5.177 -5.460 -5.503 -5.549 -5.521 -5.053 -5.523 -5.008 -5.383 -5.448 -5.473 -5.454 -5.533 -5.542 -5.552 -5.567 -5.549 -5.447 -5.472 -5.267
9.5884e-05 -2.19174 10.13672 0.7700664997 2.4077863693    0.710  2.925  3.6490  0.912    8  0.549  0.390    24.02    13.42  1 -1.47e-07      0.00 7.290e-01 2.706e-01 6.375e-05 5.931e-05 2.177e-04 -1.000 3.690e-04 -2.543 -2.911 -3.458 -3.903 -4.520 -4.772 -4.821 -4.851 -4.836 -4.399 -4.834 -4.366 -4.709 -4.762 -4.783 -4.792 -4.837 -4.845 -4.854 -4.866 -4.853 -4.792 -4.809 -4.601
9.5884e-05 -2.19174 10.13672 0.7700666189 2.4077863693    0.709  2.930  3.6485  0.905    8  0.549  0.390    24.39    13.60  1  -1.5e-07      0.00 7.290e-01 2.706e-01 6.375e-05 5.931e-05 2.177e-04 -1.000 3.690e-04 -2.556 -2.922 -3.471 -3.917 -4.535 -4.788 -4.836 -4.867 -4.852 -4.414 -4.850 -4.381 -4.724 -4.778 -4.799 -4.808 -4.853 -4.861 -4.870 -4.882 -4.869 -4.807 -4.824 -4.617
9.5884e-05 -2.19174 10.13672 0.7700668573 2.4077866077    0.709  3.001  3.6421  0.808    8  0.550  0.390    30.03    16.27  1 -2.14e-07      0.00 7.290e-01 2.706e-01 6.375e-05 5.931e-05 2.177e-04 -1.000 3.690e-04 -2.732 -3.080 -3.651 -4.112 -4.748 -5.010 -5.057 -5.093 -5.073 -4.626 -5.073 -4.589 -4.943 -5.000 -5.022 -5.022 -5.078 -5.087 -5.095 -5.109 -5.094 -5.018 -5.039 -4.832
9.5884e-05 -2.19174 10.13672 0.7700670958 2.4077866077    0.709  3.156  3.6279  0.596    8  0.550  0.390    47.48    24.17  1 -4.54e-07      0.00 7.290e-01 2.706e-01 6.375e-05 5.931e-05 2.177e-04 -1.000 3.691e-04 -3.121 -3.415 -4.037 -4.537 -5.215 -5.500 -5.542 -5.590 -5.560 -5.091 -5.563 -5.045 -5.423 -5.488 -5.513 -5.492 -5.573 -5.583 -5.592 -5.608 -5.589 -5.485 -5.511 -5.306
9.5884e-05 -2.19174 10.13672 0.7700673938 2.4077868462    0.709  3.297  3.6150  0.403    8  0.550  0.390    71.95    34.60  1 -8.81e-07      0.00 7.290e-01 2.706e-01 6.375e-05 5.931e-05 2.177e-04 -1.000 3.690e-04 -3.473 -3.699 -4.376 -4.915 -5.636 -5.944 -5.981 -6.040 -6.005 -5.511 -6.007 -5.453 -5.856 -5.930 -5.959 -5.918 -6.022 -6.032 -6.043 -6.061 -6.040 -5.915 -5.945 -5.732
9.5884e-05 -2.19174 10.13672 0.7700677514 2.4077868462    0.709  3.392  3.6064  0.275    8  0.551  0.390    95.05    43.99  1 -1.36e-06      0.00 7.290e-01 2.706e-01 6.375e-05 5.931e-05 2.177e-04 -1.000 3.690e-04 -3.709 -3.876 -4.597 -5.165 -5.914 -6.240 -6.274 -6.342 -6.306 -5.790 -6.305 -5.723 -6.144 -6.226 -6.258 -6.205 -6.322 -6.334 -6.345 -6.365 -6.342 -6.209 -6.240 -6.014
9.5884e-05 -2.19174 10.13672 0.7700681090 2.4077870846    0.709  3.444  3.6016  0.203    8  0.551  0.390   110.90    50.23  1 -1.73e-06      0.00 7.290e-01 2.706e-01 6.375e-05 5.931e-05 2.177e-04 -1.000 3.690e-04 -3.840 -3.970 -4.717 -5.302 -6.067 -6.404 -6.436 -6.508 -6.472 -5.944 -6.469 -5.871 -6.303 -6.389 -6.423 -6.363 -6.488 -6.500 -6.512 -6.532 -6.509 -6.372 -6.403 -6.170
9.5884e-05 -2.19174 10.13672 0.7700685263 2.4077870846    0.709  3.470  3.5992  0.167    8  0.552  0.390   120.00    53.73  0 -1.95e-06      0.00 7.290e-01 2.706e-01 6.375e-05 5.931e-05 2.177e-04 -1.000 3.690e-04 -3.906 -4.018 -4.779 -5.372 -6.145 -6.488 -6.519 -6.593 -6.557 -6.023 -6.553 -5.946 -6.383 -6.472 -6.506 -6.443 -6.572 -6.585 -6.597 -6.618 -6.595 -6.456 -6.487 -6.249
9.5884e-05 -2.19174 10.13672 0.7700690031 2.4077873230    0.709  3.487  3.5984  0.147    8  0.552  0.390   125.39    55.76  0  -2.1e-06      0.00 7.290e-01 2.706e-01 6.375e-05 5.931e-05 2.177e-04 -1.000 3.690e-04 -3.948 -4.054 -4.819 -5.415 -6.191 -6.536 -6.566 -6.642 -6.606 -6.069 -6.601 -5.991 -6.430 -6.520 -6.554 -6.490 -6.620 -6.634 -6.646 -6.667 -6.644 -6.504 -6.535 -6.296
9.5884e-05 -2.19174 10.13672 0.7700707912 2.4077880383    0.554 -9.999  4.0000  1.705    9  0.554  0.000     0.00     0.00 -1    -1e-30      0.00 7.290e-01 2.706e-01 6.375e-05 5.931e-05 2.177e-04 -1.000 3.690e-04 29.767 30.073 30.058 30.105 30.109 30.111 30.110 30.115 30.111 30.106 30.112 30.115 30.095 30.104 30.116 30.116 30.112 30.116 30.116 30.110 30.111 30.109 30.112 30.106
#isochrone terminated
