# File generated by CMD 3.6 (http://stev.oapd.inaf.it/cmd) on Mon Feb 28 23:04:38 CET 2022
# isochrones based on PARSEC release v1.2S +  COLIBRI S_37 + S_35 + PR16
# Basic references: Bressan et al. (2012), MNRAS, 427, 127 + Chen et al. (2014, 2015), MNRAS, 444, 2525 + MNRAS, 452, 1068 + Tang et al. (2014), MNRAS, 445, 4287 + Marigo et al. (2017), ApJ, 835, 77 + Pastorelli al. (2019), MNRAS, 485, 5666 + Pastorelli al. (2020), MNRAS, in press
# Thermal pulse cycles included 
# On RGB, assumed Reimers mass loss with efficiency eta=0.2
# LPV periods and growth rates added cf. Trabucchi et al. (2019)
# but fundamental-mode LPV periods are from Trabucchi et al. (2021)
# Photometric system: JWST NIRCam wide+verywide+medium filters, Vegamags
# Using YBC version of bolometric corrections as in Chen et al. (2019)
# O-rich circumstellar dpmod60alox40 dust from Groenewegen (2006)
# C-rich circumstellar AMCSIC15 dust from Groenewegen (2006)
# IMF: Kroupa (2001, 2002) + Kroupa et al. (2013) canonical two-part-power law IMF corrected for unresolved binaries 
# Kind of output: isochrone tables
# Zini     MH   logAge Mini        int_IMF         Mass   logL    logTe  logg  label   McoreTP C_O  period0  period1  period2  period3  period4  pmode  Mloss  tau1m   X   Y   Xc  Xn  Xo  Cexcess  Z 	 mbolmag  F070Wmag  F090Wmag  F115Wmag  F150Wmag  F200Wmag  F277Wmag  F356Wmag  F444Wmag  F150W2mag  F322W2mag  F140Mmag  F162Mmag  F182Mmag  F210Mmag  F250Mmag  F300Mmag  F335Mmag  F360Mmag  F410Mmag  F430Mmag  F460Mmag  F480Mmag  F150WS60mag
0.00029609 -1.72000 10.00000 0.0900000036 1.0816895962    0.090 -3.196  3.4818  5.467    1  0.000  0.545     0.00     0.00     0.00     0.00     0.00 -1 -4.93e-17      0.00 7.487e-01 2.510e-01 5.906e-05 1.594e-05 1.445e-04 -1.000 3.285e-04 12.760 12.987 11.596 10.922 10.524 10.483 10.181 9.754 9.645 10.653 9.978 10.575 10.466 10.514 10.440 10.316 10.050 9.807 9.714 9.640 9.633 9.652 9.631 10.502
0.00029609 -1.72000 10.00000 0.0968686044 1.1444033384    0.097 -2.956  3.5167  5.399    1  0.000  0.545     0.00     0.00     0.00     0.00     0.00 -1 -8.93e-17      0.00 7.473e-01 2.523e-01 5.906e-05 1.594e-05 1.445e-04 -1.000 3.284e-04 12.160 12.178 11.074 10.439 9.943 9.810 9.584 9.250 9.151 10.072 9.428 10.028 9.835 9.841 9.769 9.681 9.492 9.300 9.214 9.145 9.140 9.159 9.143 9.898
0.00029609 -1.72000 10.00000 0.1000000015 1.1711064577    0.100 -2.852  3.5318  5.370    1  0.000  0.545     0.00     0.00     0.00     0.00     0.00 -1 -1.15e-16      0.00 7.467e-01 2.530e-01 5.906e-05 1.594e-05 1.445e-04 -1.000 3.285e-04 11.901 11.840 10.840 10.228 9.706 9.541 9.338 9.042 8.947 9.831 9.202 9.803 9.582 9.572 9.501 9.422 9.261 9.090 9.008 8.941 8.937 8.954 8.940 9.653
0.00029609 -1.72000 10.00000 0.1200000048 1.3193155527    0.120 -2.562  3.5628  5.282    1  0.000  0.545     0.00     0.00     0.00     0.00     0.00 -1 -2.28e-16      0.00 7.442e-01 2.555e-01 5.906e-05 1.594e-05 1.445e-04 -1.000 3.285e-04 11.174 10.966 10.154 9.595 9.047 8.822 8.656 8.435 8.352 9.157 8.556 9.162 8.895 8.853 8.784 8.719 8.603 8.476 8.407 8.347 8.343 8.357 8.345 8.982
0.00029609 -1.72000 10.00000 0.1400000006 1.4384527206    0.140 -2.380  3.5777  5.226    1  0.000  0.545     0.00     0.00     0.00     0.00     0.00 -1 -3.42e-16      0.00 7.424e-01 2.572e-01 5.906e-05 1.594e-05 1.445e-04 -1.000 3.285e-04 10.719 10.457 9.716 9.183 8.631 8.379 8.227 8.043 7.967 8.733 8.144 8.753 8.470 8.411 8.343 8.282 8.183 8.078 8.018 7.964 7.960 7.972 7.960 8.563
0.00029609 -1.72000 10.00000 0.1599999964 1.5372931957    0.160 -2.238  3.5876  5.182    1  0.000  0.545     0.00     0.00     0.00     0.00     0.00 -1 -4.66e-16      0.00 7.412e-01 2.585e-01 5.906e-05 1.594e-05 1.445e-04 -1.000 3.284e-04 10.365 10.074 9.372 8.856 8.304 8.036 7.891 7.730 7.662 8.401 7.819 8.429 8.138 8.068 8.001 7.940 7.851 7.761 7.709 7.659 7.656 7.666 7.655 8.234
0.00029609 -1.72000 10.00000 0.2000000179 1.6938792467    0.200 -2.018  3.6003  5.110    1  0.000  0.545     0.00     0.00     0.00     0.00     0.00 -1 -7.51e-16      0.00 7.401e-01 2.596e-01 5.906e-05 1.594e-05 1.445e-04 -1.000 3.284e-04 9.814 9.494 8.833 8.340 7.790 7.507 7.368 7.237 7.179 7.881 7.310 7.918 7.619 7.540 7.473 7.413 7.334 7.263 7.220 7.177 7.174 7.183 7.172 7.717
0.00029609 -1.72000 10.00000 0.2060873210 1.7141311169    0.206 -1.990  3.6018  5.101    1  0.000  0.545     0.00     0.00     0.00     0.00     0.00 -1 -7.96e-16      0.00 7.401e-01 2.596e-01 5.906e-05 1.594e-05 1.445e-04 -1.000 3.283e-04 9.746 9.423 8.766 8.275 7.726 7.443 7.304 7.176 7.120 7.816 7.247 7.854 7.555 7.475 7.408 7.348 7.270 7.201 7.159 7.117 7.114 7.123 7.112 7.653
0.00029609 -1.72000 10.00000 0.2500000000 1.8403258324    0.250 -1.814  3.6113  5.047    1  0.000  0.545     0.00     0.00     0.00     0.00     0.00 -1 -1.16e-15      0.00 7.400e-01 2.596e-01 5.906e-05 1.594e-05 1.445e-04 -1.000 3.285e-04 9.305 8.962 8.333 7.858 7.312 7.025 6.893 6.783 6.734 7.400 6.844 7.441 7.140 7.057 6.993 6.933 6.862 6.804 6.768 6.730 6.728 6.738 6.727 7.239
0.00029609 -1.72000 10.00000 0.3000000417 1.9529141188    0.300 -1.658  3.6202  5.005    1  0.000  0.545     0.00     0.00     0.00     0.00     0.00 -1 -1.59e-15      0.00 7.402e-01 2.595e-01 5.905e-05 1.594e-05 1.445e-04 -1.000 3.285e-04 8.914 8.554 7.950 7.489 6.947 6.662 6.535 6.439 6.397 7.035 6.493 7.076 6.775 6.692 6.631 6.572 6.506 6.457 6.427 6.393 6.392 6.402 6.391 6.874
0.00029609 -1.72000 10.00000 0.3427276611 2.0313348770    0.343 -1.548  3.6269  4.980    1  0.000  0.545     0.00     0.00     0.00     0.00     0.00 -1 -1.97e-15      0.00 7.402e-01 2.595e-01 5.902e-05 1.594e-05 1.445e-04 -1.000 3.284e-04 8.639 8.267 7.681 7.231 6.692 6.412 6.288 6.202 6.165 6.781 6.250 6.821 6.521 6.440 6.382 6.323 6.261 6.218 6.192 6.161 6.160 6.169 6.159 6.619
0.00029609 -1.72000 10.00000 0.3499999940 2.0434174538    0.350 -1.530  3.6280  4.976    1  0.000  0.544     0.00     0.00     0.00     0.00     0.00 -1 -2.04e-15      0.00 7.402e-01 2.594e-01 5.902e-05 1.594e-05 1.445e-04 -1.000 3.284e-04 8.596 8.222 7.639 7.191 6.652 6.372 6.249 6.165 6.128 6.741 6.212 6.781 6.481 6.400 6.343 6.284 6.222 6.180 6.155 6.124 6.123 6.132 6.123 6.579
0.00029609 -1.72000 10.00000 0.3701497018 2.0752584934    0.370 -1.475  3.6321  4.962    1  0.000  0.545     0.00     0.00     0.00     0.00     0.00 -1 -2.28e-15      0.00 7.444e-01 2.552e-01 5.904e-05 1.594e-05 1.445e-04 -1.000 3.284e-04 8.459 8.078 7.505 7.064 6.527 6.250 6.130 6.051 6.017 6.617 6.095 6.655 6.357 6.277 6.222 6.164 6.104 6.066 6.042 6.013 6.012 6.021 6.012 6.455
0.00029609 -1.72000 10.00000 0.4000000060 2.1185026169    0.400 -1.399  3.6379  4.943    1  0.000  0.545     0.00     0.00     0.00     0.00     0.00 -1 -2.68e-15      0.00 7.503e-01 2.494e-01 5.906e-05 1.594e-05 1.445e-04 -1.000 3.285e-04 8.268 7.878 7.320 6.887 6.354 6.083 5.966 5.894 5.864 6.445 5.935 6.481 6.185 6.108 6.056 5.998 5.942 5.908 5.886 5.859 5.859 5.868 5.860 6.282
0.00029609 -1.72000 10.00000 0.4500000179 2.1822810173    0.450 -1.238  3.6544  4.898    1  0.000  0.545     0.00     0.00     0.00     0.00     0.00 -1 -3.86e-15      0.00 7.506e-01 2.491e-01 5.906e-05 1.594e-05 1.445e-04 -1.000 3.285e-04 7.864 7.449 6.933 6.525 6.006 5.753 5.650 5.592 5.570 6.101 5.625 6.130 5.844 5.775 5.730 5.678 5.629 5.603 5.586 5.564 5.565 5.576 5.569 5.938
0.00029609 -1.72000 10.00000 0.5000000000 2.2374541759    0.500 -1.057  3.6757  4.849    1  0.000  0.545     0.00     0.00     0.00     0.00     0.00 -1 -5.86e-15      0.00 7.506e-01 2.491e-01 5.906e-05 1.594e-05 1.445e-04 -1.000 3.285e-04 7.413 6.976 6.509 6.134 5.644 5.416 5.326 5.282 5.266 5.740 5.306 5.758 5.494 5.434 5.397 5.349 5.309 5.289 5.277 5.260 5.262 5.271 5.266 5.580
0.00029609 -1.72000 10.00000 0.5500000715 2.2836585045    0.550 -0.856  3.6976  4.777    1  0.000  0.544     0.00     0.00     0.00     0.00     0.00 -1 -9.64e-15      0.00 7.791e-01 2.206e-01 5.270e-05 1.423e-05 1.291e-04 -1.000 2.714e-04 6.911 6.461 6.040 5.701 5.248 5.047 4.968 4.932 4.920 5.343 4.952 5.352 5.113 5.062 5.031 4.987 4.955 4.939 4.928 4.915 4.916 4.923 4.921 5.190
0.00029609 -1.72000 10.00000 0.6000000238 2.3211214542    0.600 -0.657  3.7228  4.716    1  0.000  0.544     0.00     0.00     0.00     0.00     0.00 -1 -1.56e-14      0.00 7.890e-01 2.107e-01 5.065e-05 1.368e-05 1.241e-04 -1.000 3.231e-04 6.413 5.965 5.592 5.292 4.882 4.710 4.642 4.614 4.602 4.975 4.630 4.973 4.763 4.722 4.696 4.658 4.632 4.619 4.610 4.600 4.600 4.601 4.601 4.831
0.00029609 -1.72000 10.00000 0.6017079353 2.3222751617    0.601 -0.650  3.7237  4.714    1  0.000  0.544     0.00     0.00     0.00     0.00     0.00 -1 -1.59e-14      0.00 7.894e-01 2.103e-01 5.057e-05 1.366e-05 1.240e-04 -1.000 3.270e-04 6.395 5.948 5.577 5.278 4.870 4.699 4.631 4.603 4.592 4.962 4.619 4.961 4.752 4.711 4.685 4.647 4.621 4.608 4.600 4.590 4.590 4.591 4.591 4.819
0.00029609 -1.72000 10.00000 0.6143800616 2.3306059837    0.614 -0.598  3.7310  4.700    1  0.000  0.544     0.00     0.00     0.00     0.00     0.00 -1 -1.81e-14      0.00 7.924e-01 2.073e-01 4.995e-05 1.349e-05 1.225e-04 -1.000 2.870e-04 6.264 5.821 5.463 5.175 4.778 4.615 4.551 4.526 4.514 4.870 4.540 4.866 4.665 4.626 4.602 4.566 4.542 4.530 4.523 4.513 4.513 4.512 4.513 4.729
0.00029609 -1.72000 10.00000 0.6291272640 2.3398168087    0.629 -0.537  3.7394  4.683    1  0.000  0.544     0.00     0.00     0.00     0.00     0.00 -1 -2.09e-14      0.00 7.962e-01 2.035e-01 4.919e-05 1.329e-05 1.207e-04 -1.000 2.904e-04 6.111 5.675 5.332 5.055 4.671 4.517 4.457 4.434 4.423 4.762 4.447 4.755 4.562 4.527 4.505 4.471 4.449 4.439 4.432 4.423 4.422 4.420 4.422 4.624
0.00029609 -1.72000 10.00000 0.6427208185 2.3478779793    0.642 -0.480  3.7472  4.667    1  0.000  0.543     0.00     0.00     0.00     0.00     0.00 -1 -2.41e-14      0.00 7.999e-01 1.999e-01 4.845e-05 1.309e-05 1.189e-04 -1.000 2.637e-04 5.970 5.543 5.213 4.945 4.571 4.425 4.370 4.350 4.340 4.661 4.361 4.652 4.465 4.434 4.414 4.382 4.363 4.354 4.347 4.340 4.339 4.335 4.338 4.525
0.00029609 -1.72000 10.00000 0.6499999762 2.3520355225    0.650 -0.450  3.7512  4.657    1  0.000  0.543     0.00     0.00     0.00     0.00     0.00 -1 -2.59e-14      0.00 8.019e-01 1.978e-01 4.804e-05 1.298e-05 1.179e-04 -1.000 2.805e-04 5.894 5.472 5.149 4.887 4.517 4.375 4.323 4.305 4.295 4.608 4.315 4.597 4.413 4.384 4.365 4.335 4.317 4.308 4.303 4.296 4.295 4.291 4.294 4.472
0.00029609 -1.72000 10.00000 0.6637384892 2.3595972061    0.664 -0.392  3.7585  4.637    1  0.000  0.543     0.00     0.00     0.00     0.00     0.00 -1    -3e-14      0.00 8.068e-01 1.930e-01 4.707e-05 1.273e-05 1.156e-04 -1.000 2.544e-04 5.749 5.339 5.029 4.775 4.413 4.280 4.233 4.218 4.209 4.504 4.226 4.491 4.314 4.287 4.271 4.243 4.228 4.221 4.216 4.210 4.209 4.204 4.208 4.370
0.00029609 -1.72000 10.00000 0.6781823635 2.3671686649    0.678 -0.330  3.7659  4.615    1  0.000  0.543     0.00     0.00     0.00     0.00     0.00 -1 -3.51e-14      0.00 8.123e-01 1.874e-01 4.597e-05 1.243e-05 1.130e-04 -1.000 2.539e-04 5.595 5.198 4.901 4.655 4.302 4.176 4.134 4.122 4.114 4.393 4.129 4.377 4.205 4.182 4.168 4.143 4.131 4.125 4.120 4.115 4.114 4.109 4.113 4.260
0.00029609 -1.72000 10.00000 0.6918955445 2.3740215302    0.692 -0.271  3.7727  4.592    1  0.000  0.542     0.00     0.00     0.00     0.00     0.00 -1 -4.09e-14      0.00 8.180e-01 1.817e-01 4.483e-05 1.213e-05 1.103e-04 -1.000 2.856e-04 5.447 5.063 4.777 4.539 4.193 4.074 4.037 4.028 4.021 4.284 4.033 4.266 4.099 4.079 4.067 4.045 4.035 4.030 4.026 4.021 4.020 4.016 4.020 4.152
0.00029609 -1.72000 10.00000 0.6999999881 2.3779268265    0.700 -0.235  3.7767  4.577    1  0.000  0.542     0.00     0.00     0.00     0.00     0.00 -1 -4.48e-14      0.00 8.216e-01 1.781e-01 4.412e-05 1.194e-05 1.086e-04 -1.000 2.856e-04 5.359 4.982 4.702 4.469 4.127 4.012 3.979 3.970 3.963 4.218 3.975 4.199 4.036 4.017 4.006 3.986 3.977 3.972 3.968 3.964 3.963 3.959 3.963 4.088
0.00029609 -1.72000 10.00000 0.7021135688 2.3789281845    0.702 -0.226  3.7777  4.573    1  0.000  0.541     0.00     0.00     0.00     0.00     0.00 -1 -4.59e-14      0.00 8.227e-01 1.770e-01 4.387e-05 1.188e-05 1.080e-04 -1.000 2.835e-04 5.335 4.961 4.683 4.450 4.109 3.996 3.963 3.954 3.948 4.200 3.959 4.181 4.018 4.001 3.990 3.970 3.961 3.956 3.953 3.949 3.948 3.943 3.947 4.070
0.00029609 -1.72000 10.00000 0.7146667838 2.3847358227    0.714 -0.169  3.7834  4.547    1  0.000  0.539     0.00     0.00     0.00     0.00     0.00 -1 -5.35e-14      0.00 8.295e-01 1.702e-01 4.236e-05 1.151e-05 1.048e-04 -1.000 2.532e-04 5.193 4.831 4.562 4.336 4.002 3.895 3.865 3.859 3.853 4.093 3.862 4.072 3.914 3.899 3.889 3.871 3.865 3.860 3.857 3.853 3.853 3.848 3.852 3.964
0.00029609 -1.72000 10.00000 0.7267593741 2.3901128769    0.726 -0.113  3.7888  4.519    1  0.000  0.536     0.00     0.00     0.00     0.00     0.00 -1 -6.23e-14      0.00 8.361e-01 1.637e-01 4.090e-05 1.115e-05 1.016e-04 -1.000 1.857e-04 5.052 4.701 4.441 4.220 3.894 3.792 3.766 3.761 3.755 3.984 3.763 3.962 3.808 3.795 3.787 3.771 3.766 3.762 3.759 3.756 3.755 3.751 3.755 3.857
0.00029609 -1.72000 10.00000 0.7375208139 2.3947277069    0.737 -0.061  3.7935  4.492    1  0.000  0.534     0.00     0.00     0.00     0.00     0.00 -1 -7.19e-14      0.00 8.418e-01 1.580e-01 3.965e-05 1.085e-05 9.891e-05 -1.000 1.996e-04 4.922 4.581 4.328 4.113 3.793 3.696 3.672 3.668 3.663 3.882 3.670 3.859 3.710 3.698 3.691 3.676 3.673 3.669 3.667 3.663 3.663 3.658 3.662 3.757
0.00029609 -1.72000 10.00000 0.7476661801 2.3989388943    0.747 -0.010  3.7977  4.464    1  0.000  0.532     0.00     0.00     0.00     0.00     0.00 -1  -8.3e-14      0.00 8.468e-01 1.530e-01 3.856e-05 1.058e-05 9.656e-05 -1.000 1.882e-04 4.794 4.461 4.216 4.005 3.691 3.599 3.577 3.574 3.569 3.780 3.576 3.756 3.611 3.601 3.594 3.581 3.578 3.575 3.572 3.570 3.569 3.565 3.569 3.656
0.00029609 -1.72000 10.00000 0.7500000000 2.3998889923    0.750  0.002  3.7987  4.457    1  0.000  0.532     0.00     0.00     0.00     0.00     0.00 -1 -8.59e-14      0.00 8.479e-01 1.519e-01 3.832e-05 1.053e-05 9.606e-05 -1.000 1.856e-04 4.764 4.433 4.189 3.980 3.667 3.575 3.555 3.551 3.546 3.756 3.553 3.731 3.587 3.578 3.571 3.558 3.555 3.552 3.550 3.547 3.546 3.542 3.546 3.632
0.00029609 -1.72000 10.00000 0.7592020631 2.4035701752    0.759  0.051  3.8026  4.429    1  0.000  0.531     0.00     0.00     0.00     0.00     0.00 -1 -9.85e-14      0.00 8.497e-01 1.501e-01 3.812e-05 1.048e-05 9.567e-05 -1.000 1.964e-04 4.642 4.318 4.081 3.876 3.570 3.482 3.463 3.460 3.455 3.658 3.461 3.632 3.492 3.484 3.478 3.466 3.464 3.461 3.458 3.456 3.455 3.451 3.455 3.536
0.00029609 -1.72000 10.00000 0.7688852549 2.4073345661    0.768  0.105  3.8066  4.397    1  0.000  0.531     0.00     0.00     0.00     0.00     0.00 -1 -1.15e-13      0.00 8.514e-01 1.484e-01 3.796e-05 1.044e-05 9.537e-05 -1.000 1.858e-04 4.507 4.190 3.960 3.759 3.460 3.376 3.358 3.356 3.351 3.547 3.357 3.520 3.385 3.378 3.373 3.361 3.360 3.357 3.354 3.352 3.351 3.347 3.351 3.427
0.00029609 -1.72000 10.00000 0.7774625421 2.4105792046    0.777  0.156  3.8101  4.364    1  0.000  0.530     0.00     0.00     0.00     0.00     0.00 -1 -1.34e-13      0.00 8.527e-01 1.471e-01 3.785e-05 1.042e-05 9.519e-05 -1.000 2.164e-04 4.379 4.068 3.844 3.648 3.354 3.274 3.258 3.255 3.251 3.441 3.256 3.413 3.281 3.276 3.271 3.260 3.259 3.256 3.254 3.251 3.251 3.247 3.250 3.322
0.00029609 -1.72000 10.00000 0.7856474519 2.4135994911    0.785  0.209  3.8134  4.330    1  0.000  0.530     0.00     0.00     0.00     0.00     0.00 -1 -1.56e-13      0.00 8.538e-01 1.460e-01 3.777e-05 1.040e-05 9.508e-05 -1.000 2.047e-04 4.248 3.943 3.724 3.532 3.245 3.168 3.152 3.150 3.145 3.330 3.151 3.302 3.174 3.169 3.164 3.155 3.153 3.151 3.148 3.146 3.145 3.141 3.145 3.214
0.00029609 -1.72000 10.00000 0.7931913733 2.4163198471    0.792  0.260  3.8163  4.294    1  0.000  0.529     0.00     0.00     0.00     0.00     0.00 -1 -1.82e-13      0.00 8.547e-01 1.451e-01 3.773e-05 1.039e-05 9.502e-05 -1.000 1.932e-04 4.120 3.818 3.604 3.416 3.135 3.060 3.045 3.042 3.038 3.219 3.044 3.190 3.066 3.062 3.057 3.047 3.046 3.044 3.041 3.039 3.038 3.034 3.038 3.105
0.00029609 -1.72000 10.00000 0.8000000119 2.4187245369    0.799  0.310  3.8187  4.258    1  0.000  0.529     0.00     0.00     0.00     0.00     0.00 -1 -2.12e-13      0.00 8.554e-01 1.444e-01 3.770e-05 1.038e-05 9.502e-05 -1.000 1.857e-04 3.995 3.697 3.487 3.302 3.026 2.953 2.938 2.936 2.932 3.109 2.937 3.080 2.959 2.955 2.950 2.941 2.940 2.937 2.935 2.932 2.932 2.928 2.932 2.997
0.00029609 -1.72000 10.00000 0.8011541963 2.4191274643    0.800  0.318  3.8192  4.251    1  0.000  0.529     0.00     0.00     0.00     0.00     0.00 -1 -2.17e-13      0.00 8.554e-01 1.445e-01 3.772e-05 1.039e-05 9.508e-05 -1.000 1.878e-04 3.974 3.676 3.467 3.282 3.007 2.935 2.921 2.918 2.914 3.090 2.919 3.061 2.941 2.937 2.932 2.923 2.922 2.919 2.917 2.914 2.914 2.910 2.914 2.978
0.00029609 -1.72000 10.00000 0.8078364730 2.4214346409    0.807  0.370  3.8213  4.212    1  0.000  0.529     0.00     0.00     0.00     0.00     0.00 -1 -2.55e-13      0.00 8.547e-01 1.450e-01 3.793e-05 1.045e-05 9.563e-05 -1.000 2.258e-04 3.844 3.548 3.343 3.161 2.891 2.820 2.806 2.804 2.800 2.973 2.805 2.943 2.826 2.822 2.817 2.809 2.808 2.805 2.802 2.800 2.800 2.796 2.799 2.863
0.00029609 -1.72000 10.00000 0.8152405620 2.4239401817    0.814  0.433  3.8229  4.159    1  0.000  0.529     0.00     0.00     0.00     0.00     0.00 -1 -3.11e-13      0.00 8.525e-01 1.472e-01 3.843e-05 1.059e-05 9.687e-05 -1.000 2.463e-04 3.688 3.394 3.191 3.011 2.745 2.676 2.662 2.659 2.655 2.826 2.661 2.797 2.682 2.678 2.673 2.664 2.663 2.660 2.658 2.656 2.655 2.651 2.655 2.717
0.00029609 -1.72000 10.00000 0.8163284063 2.4243037701    0.815  0.443  3.8230  4.151    1  0.000  0.529     0.00     0.00     0.00     0.00     0.00 -1 -3.23e-13      0.00 8.522e-01 1.476e-01 3.851e-05 1.061e-05 9.706e-05 -1.000 2.474e-04 3.664 3.369 3.167 2.988 2.722 2.652 2.639 2.636 2.632 2.802 2.637 2.773 2.659 2.654 2.649 2.641 2.640 2.637 2.634 2.632 2.632 2.628 2.632 2.694
0.00029609 -1.72000 10.00000 0.8181742430 2.4249184132    0.817  0.461  3.8229  4.133    1  0.000  0.529     0.00     0.00     0.00     0.00     0.00 -1 -3.43e-13      0.00 8.516e-01 1.481e-01 3.865e-05 1.065e-05 9.741e-05 -1.000 2.496e-04 3.619 3.324 3.122 2.942 2.676 2.606 2.593 2.590 2.586 2.756 2.591 2.727 2.613 2.608 2.603 2.595 2.594 2.591 2.588 2.586 2.586 2.582 2.586 2.648
0.00029609 -1.72000 10.00000 0.8234118819 2.4266452789    0.822  0.514  3.8215  4.077    1  0.000  0.529     0.00     0.00     0.00     0.00     0.00 -1 -4.11e-13      0.00 8.499e-01 1.498e-01 3.904e-05 1.075e-05 9.837e-05 -1.000 2.556e-04 3.484 3.186 2.982 2.801 2.533 2.462 2.448 2.445 2.441 2.614 2.447 2.585 2.469 2.464 2.459 2.451 2.449 2.447 2.444 2.442 2.441 2.437 2.441 2.505
0.00029609 -1.72000 10.00000 0.8277707100 2.4280631542    0.826  0.566  3.8182  4.014    1  0.000  0.529     0.00     0.00     0.00     0.00     0.00 -1 -4.96e-13      0.00 8.485e-01 1.512e-01 3.936e-05 1.084e-05 9.917e-05 -1.000 2.607e-04 3.355 3.051 2.842 2.656 2.383 2.309 2.295 2.291 2.287 2.465 2.293 2.436 2.317 2.311 2.306 2.298 2.296 2.293 2.290 2.288 2.287 2.283 2.287 2.354
0.00029609 -1.72000 10.00000 0.8285072446 2.4283010960    0.827  0.575  3.8174  4.001    1  0.000  0.529     0.00     0.00     0.00     0.00     0.00 -1 -5.17e-13      0.00 8.483e-01 1.514e-01 3.941e-05 1.086e-05 9.931e-05 -1.000 2.615e-04 3.331 3.026 2.816 2.629 2.354 2.279 2.265 2.262 2.257 2.436 2.263 2.407 2.287 2.281 2.276 2.268 2.266 2.263 2.260 2.258 2.257 2.253 2.257 2.325
0.00029609 -1.72000 10.00000 0.8292289376 2.4285335541    0.828  0.586  3.8161  3.987    2  0.000  0.529     0.00     0.00     0.00     0.00     0.00 -1 -5.39e-13      0.00 8.481e-01 1.516e-01 3.947e-05 1.087e-05 9.944e-05 -1.000 2.622e-04 3.306 2.998 2.786 2.598 2.320 2.245 2.230 2.227 2.223 2.403 2.229 2.374 2.253 2.247 2.242 2.233 2.231 2.228 2.225 2.223 2.223 2.219 2.222 2.291
0.00029609 -1.72000 10.00000 0.8316524029 2.4293115139    0.830  0.623  3.8106  3.929    2  0.000  0.529     0.00     0.00     0.00     0.00     0.00 -1 -6.23e-13      0.00 8.473e-01 1.524e-01 3.965e-05 1.092e-05 9.988e-05 -1.000 2.650e-04 3.213 2.896 2.675 2.479 2.192 2.112 2.096 2.093 2.088 2.277 2.095 2.249 2.122 2.114 2.109 2.100 2.097 2.094 2.091 2.089 2.088 2.084 2.088 2.161
0.00029609 -1.72000 10.00000 0.8334980011 2.4299001694    0.832  0.655  3.8039  3.870    2  0.000  0.529     0.00     0.00     0.00     0.00     0.00 -1 -7.17e-13      0.00 8.467e-01 1.530e-01 3.978e-05 1.096e-05 1.002e-04 -1.000 2.671e-04 3.132 2.803 2.571 2.368 2.069 1.982 1.965 1.961 1.956 2.155 1.963 2.128 1.994 1.984 1.979 1.969 1.965 1.962 1.959 1.957 1.956 1.952 1.955 2.036
0.00029609 -1.72000 10.00000 0.8349372149 2.4303574562    0.833  0.684  3.7960  3.811    2  0.000  0.529     0.00     0.00     0.00     0.00     0.00 -1  -8.2e-13      0.00 8.463e-01 1.534e-01 3.989e-05 1.099e-05 1.005e-04 -1.000 2.688e-04 3.060 2.719 2.474 2.261 1.947 1.853 1.834 1.829 1.824 2.036 1.832 2.011 1.868 1.856 1.850 1.838 1.834 1.831 1.828 1.825 1.824 1.820 1.823 1.913
0.00029609 -1.72000 10.00000 0.8360944390 2.4307236671    0.834  0.709  3.7872  3.751    2  0.000  0.529     0.00     0.00     0.00     0.00     0.00 -1 -9.31e-13      0.00 8.432e-01 1.565e-01 4.080e-05 1.123e-05 1.027e-04 -1.000 2.644e-04 2.997 2.642 2.383 2.158 1.830 1.728 1.705 1.700 1.694 1.921 1.703 1.898 1.745 1.730 1.723 1.710 1.705 1.701 1.698 1.695 1.694 1.689 1.693 1.793
0.00029609 -1.72000 10.00000 0.8370578289 2.4310276508    0.835  0.732  3.7780  3.692    2  0.000  0.530     0.00     0.00     0.00     0.00     0.00 -1 -1.05e-12      0.00 8.341e-01 1.656e-01 4.291e-05 1.180e-05 1.078e-04 -1.000 2.459e-04 2.940 2.572 2.297 2.061 1.718 1.606 1.580 1.573 1.567 1.810 1.577 1.789 1.627 1.609 1.601 1.586 1.579 1.575 1.571 1.568 1.567 1.562 1.566 1.678
0.00029609 -1.72000 10.00000 0.8378967047 2.4312915802    0.836  0.753  3.7694  3.637    2  0.000  0.532     0.00     0.00     0.00     0.00     0.00 -1 -1.17e-12      0.00 8.134e-01 1.864e-01 4.677e-05 1.283e-05 1.170e-04 -1.000 2.618e-04 2.888 2.508 2.219 1.972 1.614 1.493 1.463 1.455 1.449 1.708 1.460 1.690 1.518 1.497 1.487 1.470 1.462 1.457 1.454 1.450 1.449 1.444 1.448 1.572
0.00029609 -1.72000 10.00000 0.8386704326 2.4315347672    0.837  0.775  3.7613  3.583    2  0.000  0.535     0.00     0.00     0.00     0.00     0.00 -1 -1.31e-12      0.00 7.925e-01 2.072e-01 5.045e-05 1.382e-05 1.258e-04 -1.000 2.826e-04 2.832 2.441 2.138 1.881 1.510 1.381 1.347 1.337 1.330 1.606 1.342 1.590 1.409 1.386 1.374 1.354 1.345 1.339 1.335 1.331 1.330 1.326 1.330 1.467
0.00029609 -1.72000 10.00000 0.8394468427 2.4317779541    0.837  0.806  3.7537  3.522    2  0.000  0.536     0.00     0.00     0.00     0.00     0.00 -1 -1.51e-12      0.00 7.787e-01 2.210e-01 5.287e-05 1.447e-05 1.316e-04 -1.000 3.051e-04 2.755 2.356 2.040 1.773 1.391 1.253 1.214 1.203 1.196 1.487 1.209 1.473 1.285 1.258 1.245 1.223 1.211 1.205 1.201 1.196 1.196 1.192 1.195 1.345
0.00029609 -1.72000 10.00000 0.8400538564 2.4319679737    0.838  0.839  3.7487  3.469    2  0.000  0.536     0.00     0.00     0.00     0.00     0.00 -1 -1.73e-12      0.00 7.725e-01 2.272e-01 5.398e-05 1.476e-05 1.342e-04 -1.000 3.071e-04 2.671 2.267 1.942 1.669 1.279 1.135 1.094 1.082 1.074 1.376 1.089 1.364 1.170 1.142 1.127 1.104 1.091 1.084 1.080 1.074 1.074 1.070 1.074 1.232
0.00029609 -1.72000 10.00000 0.8406545520 2.4321553707    0.839  0.879  3.7445  3.412    2  0.000  0.537     0.00     0.00     0.00     0.00     0.00 -1 -2.02e-12      0.00 7.683e-01 2.314e-01 5.475e-05 1.497e-05 1.361e-04 -1.000 2.856e-04 2.573 2.164 1.832 1.553 1.157 1.008 0.965 0.951 0.944 1.254 0.959 1.243 1.046 1.015 1.000 0.975 0.961 0.954 0.949 0.943 0.943 0.940 0.943 1.109
0.00029609 -1.72000 10.00000 0.8408401012 2.4322133064    0.839  0.894  3.7435  3.394    2  0.000  0.537     0.00     0.00     0.00     0.00     0.00 -1 -2.14e-12      0.00 7.675e-01 2.323e-01 5.490e-05 1.501e-05 1.364e-04 -1.000 2.899e-04 2.535 2.126 1.792 1.512 1.113 0.964 0.920 0.906 0.899 1.211 0.914 1.201 1.002 0.971 0.955 0.930 0.916 0.909 0.904 0.898 0.898 0.896 0.898 1.065
0.00029609 -1.72000 10.00000 0.8413379788 2.4323685169    0.839  0.936  3.7411  3.342    3  0.000  0.537     0.00     0.00     0.00     0.00     0.00 -1  -2.5e-12      0.00 7.652e-01 2.345e-01 5.526e-05 1.510e-05 1.373e-04 -1.000 3.228e-04 2.430 2.019 1.681 1.397 0.994 0.842 0.797 0.782 0.775 1.092 0.791 1.083 0.881 0.850 0.833 0.808 0.793 0.785 0.780 0.774 0.774 0.772 0.775 0.946
0.00029609 -1.72000 10.00000 0.8418825269 2.4325380325    0.840  0.985  3.7386  3.283    3  0.000  0.537     0.00     0.00     0.00     0.00     0.00 -1 -2.99e-12      0.00 7.629e-01 2.368e-01 5.558e-05 1.519e-05 1.380e-04 -1.000 3.250e-04 2.307 1.894 1.551 1.264 0.857 0.702 0.656 0.641 0.634 0.955 0.649 0.947 0.742 0.709 0.693 0.666 0.651 0.644 0.638 0.632 0.633 0.632 0.634 0.807
0.00029609 -1.72000 10.00000 0.8423447609 2.4326815605    0.840  1.031  3.7368  3.231    3  0.000  0.537     0.00     0.00     0.00     0.00     0.00 -1 -3.53e-12      0.00 7.611e-01 2.386e-01 5.580e-05 1.525e-05 1.386e-04 -1.000 3.251e-04 2.193 1.780 1.434 1.143 0.732 0.575 0.529 0.513 0.507 0.830 0.522 0.823 0.616 0.583 0.566 0.539 0.524 0.516 0.511 0.505 0.505 0.505 0.507 0.682
0.00029609 -1.72000 10.00000 0.8427864313 2.4328188896    0.840  1.077  3.7351  3.178    3  0.000  0.537     0.00     0.00     0.00     0.00     0.00 -1 -4.18e-12      0.00 7.594e-01 2.403e-01 5.596e-05 1.530e-05 1.390e-04 -1.000 3.284e-04 2.077 1.663 1.314 1.020 0.606 0.447 0.400 0.384 0.378 0.705 0.393 0.698 0.488 0.455 0.437 0.411 0.395 0.387 0.382 0.376 0.377 0.377 0.379 0.555
0.00029609 -1.72000 10.00000 0.8432350159 2.4329578876    0.841  1.128  3.7334  3.120    3  0.000  0.536     0.00     0.00     0.00     0.00     0.00 -1 -5.01e-12      0.00 7.576e-01 2.421e-01 5.608e-05 1.535e-05 1.394e-04 -1.000 3.140e-04 1.950 1.536 1.184 0.887 0.469 0.308 0.261 0.245 0.239 0.568 0.254 0.562 0.350 0.316 0.298 0.272 0.256 0.248 0.243 0.236 0.237 0.239 0.240 0.417
0.00029609 -1.72000 10.00000 0.8436471820 2.4330854416    0.841  1.178  3.7318  3.064    3  0.000  0.536     0.00     0.00     0.00     0.00     0.00 -1    -6e-12      0.00 7.560e-01 2.437e-01 5.610e-05 1.541e-05 1.397e-04 -1.000 2.958e-04 1.825 1.410 1.055 0.755 0.333 0.170 0.123 0.107 0.102 0.433 0.116 0.427 0.213 0.178 0.161 0.134 0.118 0.110 0.105 0.099 0.100 0.102 0.103 0.281
0.00029609 -1.72000 10.00000 0.8440171480 2.4331998825    0.841  1.227  3.7302  3.009    3  0.000  0.534     0.00     0.00     0.00     0.00     0.00 -1 -7.15e-12      0.00 7.545e-01 2.452e-01 5.603e-05 1.550e-05 1.399e-04 -1.000 2.893e-04 1.703 1.287 0.929 0.628 0.201 0.037 -0.011 -0.026 -0.031 0.302 -0.018 0.297 0.080 0.045 0.027 0.001 -0.016 -0.023 -0.029 -0.035 -0.034 -0.030 -0.030 0.149
0.00029609 -1.72000 10.00000 0.8443406224 2.4333000183    0.842  1.273  3.7288  2.957    3  0.000  0.532     0.00     0.00     0.00     0.00     0.00 -1 -8.45e-12      0.00 7.531e-01 2.465e-01 5.586e-05 1.564e-05 1.401e-04 -1.000 3.255e-04 1.587 1.172 0.811 0.507 0.077 -0.089 -0.137 -0.153 -0.157 0.178 -0.144 0.173 -0.046 -0.081 -0.099 -0.125 -0.142 -0.150 -0.155 -0.161 -0.160 -0.156 -0.156 0.024
0.00029609 -1.72000 10.00000 0.8446556926 2.4333972931    0.842  1.322  3.7272  2.902    3  0.000  0.529     0.00     0.00     0.00     0.00     0.00 -1 -1.01e-11      0.00 7.519e-01 2.478e-01 5.558e-05 1.588e-05 1.403e-04 -1.000 3.283e-04 1.465 1.049 0.686 0.379 -0.054 -0.222 -0.270 -0.286 -0.291 0.047 -0.277 0.043 -0.178 -0.214 -0.232 -0.258 -0.275 -0.283 -0.288 -0.295 -0.293 -0.289 -0.288 -0.108
0.00029609 -1.72000 10.00000 0.8449579477 2.4334905148    0.842  1.373  3.7256  2.844    3  0.000  0.526     0.00     0.00     0.00     0.00     0.00 -1 -1.21e-11      0.00 7.508e-01 2.489e-01 5.521e-05 1.623e-05 1.404e-04 -1.000 3.268e-04 1.337 0.921 0.554 0.245 -0.192 -0.361 -0.409 -0.426 -0.430 -0.090 -0.417 -0.094 -0.317 -0.353 -0.371 -0.398 -0.415 -0.423 -0.428 -0.435 -0.433 -0.428 -0.428 -0.246
0.00029609 -1.72000 10.00000 0.8452113271 2.4335684776    0.842  1.420  3.7240  2.792    3  0.000  0.522     0.00     0.00     0.00     0.00     0.00 -1 -1.43e-11      0.00 7.500e-01 2.497e-01 5.486e-05 1.660e-05 1.405e-04 -1.000 3.256e-04 1.220 0.804 0.435 0.122 -0.317 -0.489 -0.537 -0.554 -0.558 -0.215 -0.544 -0.218 -0.444 -0.481 -0.499 -0.525 -0.543 -0.551 -0.556 -0.563 -0.561 -0.555 -0.555 -0.372
0.00029609 -1.72000 10.00000 0.8454424143 2.4336397648    0.842  1.466  3.7225  2.739    3  0.000  0.519     0.00     0.00     0.00     0.00     0.00 -1 -1.69e-11      0.00 7.493e-01 2.504e-01 5.452e-05 1.698e-05 1.405e-04 -1.000 3.259e-04 1.105 0.688 0.316 0.001 -0.442 -0.615 -0.664 -0.681 -0.684 -0.340 -0.671 -0.342 -0.570 -0.607 -0.625 -0.652 -0.669 -0.677 -0.683 -0.689 -0.687 -0.681 -0.681 -0.497
0.00029609 -1.72000 10.00000 0.8456597328 2.4337067604    0.842  1.514  3.7209  2.685    3  0.000  0.516     0.00     0.00     0.00     0.00     0.00 -1 -2.01e-11      0.00 7.487e-01 2.510e-01 5.422e-05 1.733e-05 1.406e-04 -1.000 3.172e-04 0.986 0.569 0.194 -0.123 -0.570 -0.745 -0.794 -0.811 -0.814 -0.467 -0.801 -0.469 -0.699 -0.737 -0.755 -0.782 -0.799 -0.808 -0.813 -0.820 -0.817 -0.810 -0.811 -0.626
0.00029609 -1.72000 10.00000 0.8458518386 2.4337658882    0.842  1.559  3.7192  2.633    3  0.000  0.514     0.00     0.00     0.00     0.00     0.00 -1 -2.37e-11      0.00 7.483e-01 2.514e-01 5.401e-05 1.758e-05 1.406e-04 -1.000 3.115e-04 0.872 0.456 0.077 -0.243 -0.694 -0.870 -0.919 -0.936 -0.939 -0.590 -0.927 -0.591 -0.824 -0.862 -0.880 -0.907 -0.925 -0.933 -0.939 -0.945 -0.943 -0.935 -0.936 -0.750
0.00029609 -1.72000 10.00000 0.8460345268 2.4338219166    0.842  1.606  3.7176  2.579    3  0.000  0.512     0.00     0.00     0.00     0.00     0.00 -1 -2.81e-11      0.00 7.480e-01 2.516e-01 5.385e-05 1.777e-05 1.407e-04 -1.000 3.203e-04 0.754 0.338 -0.044 -0.367 -0.822 -1.000 -1.049 -1.067 -1.069 -0.718 -1.057 -0.718 -0.953 -0.992 -1.010 -1.037 -1.055 -1.063 -1.069 -1.076 -1.073 -1.064 -1.065 -0.878
0.00029609 -1.72000 10.00000 0.8461955786 2.4338715076    0.842  1.652  3.7159  2.527    3  0.000  0.511     0.00     0.00     0.00     0.00     0.00 -1 -3.31e-11      0.00 7.479e-01 2.518e-01 5.375e-05 1.789e-05 1.407e-04 -1.000 3.285e-04 0.641 0.224 -0.160 -0.486 -0.945 -1.125 -1.175 -1.192 -1.194 -0.840 -1.182 -0.840 -1.078 -1.117 -1.135 -1.162 -1.180 -1.189 -1.194 -1.201 -1.198 -1.189 -1.190 -1.002
0.00029609 -1.72000 10.00000 0.8463388681 2.4339156151    0.842  1.696  3.7143  2.477    3  0.000  0.511     0.00     0.00     0.00     0.00     0.00 -1 -3.88e-11      0.00 7.478e-01 2.519e-01 5.370e-05 1.796e-05 1.407e-04 -1.000 3.285e-04 0.531 0.115 -0.273 -0.602 -1.064 -1.246 -1.296 -1.314 -1.316 -0.959 -1.304 -0.958 -1.199 -1.238 -1.256 -1.283 -1.302 -1.311 -1.316 -1.323 -1.320 -1.309 -1.311 -1.122
0.00029609 -1.72000 10.00000 0.8464754224 2.4339575768    0.842  1.741  3.7125  2.424    3  0.000  0.511     0.00     0.00     0.00     0.00     0.00 -1 -4.58e-11      0.00 7.477e-01 2.519e-01 5.368e-05 1.798e-05 1.407e-04 -1.000 3.285e-04 0.417 0.000 -0.390 -0.722 -1.187 -1.372 -1.422 -1.440 -1.441 -1.082 -1.430 -1.081 -1.323 -1.363 -1.382 -1.409 -1.428 -1.437 -1.442 -1.449 -1.445 -1.434 -1.436 -1.246
0.00029609 -1.72000 10.00000 0.8465989828 2.4339954853    0.842  1.786  3.7108  2.373    3  0.000  0.511     0.00     0.00     0.00     0.00     0.00 -1 -5.39e-11      0.00 7.477e-01 2.519e-01 5.368e-05 1.799e-05 1.407e-04 -1.000 3.285e-04 0.306 -0.112 -0.506 -0.840 -1.309 -1.495 -1.546 -1.564 -1.565 -1.204 -1.554 -1.201 -1.446 -1.487 -1.506 -1.533 -1.552 -1.561 -1.567 -1.574 -1.570 -1.558 -1.560 -1.368
0.00029609 -1.72000 10.00000 0.8467078805 2.4340288639    0.842  1.828  3.7091  2.323    3  0.000  0.511     0.00     0.00     0.00     0.00     0.00 -1 -6.29e-11      0.00 7.477e-01 2.519e-01 5.368e-05 1.799e-05 1.407e-04 -1.000 3.285e-04 0.199 -0.219 -0.616 -0.953 -1.425 -1.613 -1.664 -1.683 -1.684 -1.320 -1.673 -1.317 -1.564 -1.605 -1.624 -1.651 -1.671 -1.680 -1.686 -1.693 -1.689 -1.675 -1.678 -1.485
0.00029609 -1.72000 10.00000 0.8468078375 2.4340596199    0.841  1.870  3.7074  2.274    3  0.000  0.511     0.00     0.00     0.00     0.00     0.00 -1 -7.33e-11      0.00 7.477e-01 2.520e-01 5.367e-05 1.799e-05 1.407e-04 -1.000 3.286e-04 0.094 -0.324 -0.725 -1.064 -1.540 -1.730 -1.781 -1.801 -1.801 -1.434 -1.790 -1.430 -1.680 -1.721 -1.741 -1.768 -1.788 -1.797 -1.803 -1.810 -1.806 -1.792 -1.795 -1.601
0.00029609 -1.72000 10.00000 0.8469045162 2.4340891838    0.841  1.914  3.7056  2.223    3  0.000  0.510     0.00     0.00     0.00     0.00     0.00 -1 -8.61e-11      0.00 7.477e-01 2.520e-01 5.367e-05 1.800e-05 1.407e-04 -1.000 3.285e-04 -0.016 -0.434 -0.838 -1.180 -1.660 -1.852 -1.904 -1.924 -1.923 -1.554 -1.912 -1.549 -1.802 -1.843 -1.863 -1.890 -1.911 -1.920 -1.926 -1.933 -1.928 -1.913 -1.916 -1.721
0.00029609 -1.72000 10.00000 0.8469892144 2.4341151714    0.841  1.956  3.7039  2.175    3  0.000  0.510     0.00     0.00     0.00     0.00     0.00 -1    -1e-10      0.00 7.477e-01 2.520e-01 5.367e-05 1.800e-05 1.407e-04 -1.000 3.285e-04 -0.119 -0.538 -0.945 -1.290 -1.774 -1.968 -2.020 -2.040 -2.039 -1.667 -2.029 -1.662 -1.917 -1.959 -1.979 -2.006 -2.027 -2.037 -2.043 -2.050 -2.045 -2.028 -2.032 -1.836
0.00029609 -1.72000 10.00000 0.8470670581 2.4341390133    0.841  1.996  3.7021  2.127    3  0.000  0.510     0.00     0.00     0.00     0.00     0.00 -1 -1.16e-10      0.00 7.477e-01 2.520e-01 5.367e-05 1.800e-05 1.407e-04 -1.000 3.285e-04 -0.221 -0.640 -1.051 -1.399 -1.887 -2.082 -2.135 -2.155 -2.154 -1.779 -2.144 -1.773 -2.031 -2.073 -2.093 -2.120 -2.142 -2.151 -2.158 -2.165 -2.159 -2.141 -2.145 -1.949
0.00029609 -1.72000 10.00000 0.8471408486 2.4341616631    0.840  2.038  3.7004  2.078    3  0.000  0.510     0.00     0.00     0.00     0.00     0.00 -1 -1.35e-10      0.00 7.477e-01 2.520e-01 5.366e-05 1.801e-05 1.407e-04 -1.000 3.284e-04 -0.324 -0.743 -1.157 -1.508 -2.000 -2.198 -2.251 -2.271 -2.269 -1.892 -2.260 -1.886 -2.146 -2.189 -2.209 -2.236 -2.258 -2.268 -2.274 -2.282 -2.275 -2.256 -2.260 -2.063
0.00029609 -1.72000 10.00000 0.8472057581 2.4341814518    0.840  2.077  3.6986  2.032    3  0.000  0.510     0.00     0.00     0.00     0.00     0.00 -1 -1.56e-10      0.00 7.477e-01 2.520e-01 5.366e-05 1.801e-05 1.407e-04 -1.000 3.285e-04 -0.421 -0.839 -1.257 -1.611 -2.107 -2.307 -2.360 -2.381 -2.378 -1.999 -2.369 -1.991 -2.254 -2.298 -2.318 -2.345 -2.368 -2.377 -2.384 -2.392 -2.385 -2.364 -2.369 -2.170
0.00029609 -1.72000 10.00000 0.8472682238 2.4342007637    0.840  2.114  3.6969  1.987    3  0.000  0.510     0.00     0.00     0.00     0.00     0.00 -1 -1.79e-10      0.00 7.477e-01 2.520e-01 5.366e-05 1.801e-05 1.407e-04 -1.000 3.285e-04 -0.516 -0.934 -1.355 -1.712 -2.212 -2.414 -2.467 -2.489 -2.485 -2.103 -2.477 -2.095 -2.361 -2.405 -2.425 -2.452 -2.475 -2.485 -2.491 -2.499 -2.492 -2.470 -2.475 -2.276
0.00029609 -1.72000 10.00000 0.8473331332 2.4342205524    0.839  2.148  3.6955  1.948    3  0.000  0.510     0.00     0.00     0.00     0.00     0.00 -1 -2.03e-10      0.00 7.477e-01 2.520e-01 5.366e-05 1.801e-05 1.407e-04 -1.000 3.285e-04 -0.599 -1.016 -1.441 -1.800 -2.304 -2.508 -2.561 -2.583 -2.579 -2.195 -2.570 -2.185 -2.454 -2.498 -2.519 -2.545 -2.569 -2.579 -2.585 -2.593 -2.586 -2.562 -2.568 -2.368
0.00029609 -1.72000 10.00000 0.8473911285 2.4342384338    0.839  2.173  3.6944  1.919    3  0.000  0.510     0.00     0.00     0.00     0.00     0.00 -1 -2.23e-10      0.00 7.477e-01 2.520e-01 5.366e-05 1.802e-05 1.407e-04 -1.000 3.285e-04 -0.661 -1.079 -1.505 -1.867 -2.373 -2.578 -2.631 -2.653 -2.649 -2.263 -2.641 -2.254 -2.524 -2.568 -2.589 -2.615 -2.640 -2.649 -2.656 -2.664 -2.656 -2.632 -2.637 -2.437
0.00029609 -1.72000 10.00000 0.8474378586 2.4342527390    0.838  2.156  3.6955  1.939    3  0.000  0.510     0.00     0.00     0.00     0.00     0.00 -1 -2.11e-10      0.00 7.477e-01 2.520e-01 5.366e-05 1.802e-05 1.407e-04 -1.000 3.285e-04 -0.620 -1.038 -1.462 -1.822 -2.325 -2.529 -2.582 -2.604 -2.600 -2.216 -2.591 -2.207 -2.475 -2.520 -2.540 -2.566 -2.590 -2.600 -2.606 -2.614 -2.607 -2.583 -2.589 -2.389
0.00029609 -1.72000 10.00000 0.8474441171 2.4342546463    0.838  2.154  3.6956  1.942    3  0.000  0.510     0.00     0.00     0.00     0.00     0.00 -1  -2.1e-10      0.00 7.477e-01 2.520e-01 5.366e-05 1.802e-05 1.407e-04 -1.000 3.285e-04 -0.615 -1.032 -1.456 -1.816 -2.318 -2.522 -2.575 -2.597 -2.593 -2.210 -2.585 -2.200 -2.468 -2.513 -2.533 -2.560 -2.583 -2.593 -2.600 -2.608 -2.600 -2.577 -2.582 -2.383
0.00029609 -1.72000 10.00000 0.8474762440 2.4342644215    0.838  2.181  3.6944  1.910    3  0.000  0.510     0.00     0.00     0.00     0.00     0.00 -1  -2.3e-10      0.00 7.477e-01 2.520e-01 5.365e-05 1.802e-05 1.407e-04 -1.000 3.285e-04 -0.682 -1.099 -1.525 -1.887 -2.393 -2.598 -2.652 -2.674 -2.669 -2.284 -2.661 -2.274 -2.544 -2.589 -2.610 -2.636 -2.660 -2.670 -2.676 -2.684 -2.676 -2.652 -2.658 -2.458
0.00029609 -1.72000 10.00000 0.8475250602 2.4342794418    0.838  2.223  3.6924  1.860    3  0.000  0.510     0.00     0.00     0.00     0.00     0.00 -1 -2.67e-10      0.00 7.477e-01 2.520e-01 5.365e-05 1.802e-05 1.407e-04 -1.000 3.285e-04 -0.787 -1.203 -1.634 -2.000 -2.510 -2.718 -2.772 -2.794 -2.789 -2.401 -2.782 -2.390 -2.663 -2.709 -2.730 -2.755 -2.780 -2.790 -2.797 -2.805 -2.796 -2.770 -2.777 -2.576
0.00029609 -1.72000 10.00000 0.8475704193 2.4342932701    0.837  2.264  3.6904  1.810    3  0.000  0.510     0.00     0.00     0.00     0.00     0.00 -1 -3.11e-10      0.00 7.477e-01 2.520e-01 5.365e-05 1.802e-05 1.407e-04 -1.000 3.285e-04 -0.890 -1.307 -1.742 -2.111 -2.626 -2.837 -2.890 -2.913 -2.907 -2.516 -2.900 -2.504 -2.781 -2.827 -2.848 -2.873 -2.899 -2.909 -2.916 -2.924 -2.915 -2.887 -2.893 -2.693
0.00029609 -1.72000 10.00000 0.8476123214 2.4343061447    0.837  2.305  3.6884  1.761    3  0.000  0.510     0.00     0.00     0.00     0.00     0.00 -1 -3.61e-10      0.00 7.477e-01 2.520e-01 5.365e-05 1.803e-05 1.407e-04 -1.000 3.285e-04 -0.992 -1.407 -1.847 -2.219 -2.740 -2.953 -3.007 -3.030 -3.023 -2.630 -3.017 -2.617 -2.897 -2.944 -2.965 -2.990 -3.016 -3.026 -3.033 -3.041 -3.032 -3.002 -3.009 -2.808
0.00029609 -1.72000 10.00000 0.8476490974 2.4343173504    0.836  2.343  3.6864  1.715    3  0.000  0.510     0.00     0.00     0.00     0.00     0.00 -1 -4.16e-10      0.00 7.477e-01 2.520e-01 5.365e-05 1.803e-05 1.407e-04 -1.000 3.285e-04 -1.088 -1.501 -1.945 -2.321 -2.848 -3.063 -3.117 -3.141 -3.133 -2.737 -3.127 -2.723 -3.006 -3.054 -3.075 -3.099 -3.127 -3.137 -3.144 -3.152 -3.142 -3.111 -3.118 -2.916
0.00029609 -1.72000 10.00000 0.8476849198 2.4343283176    0.836  2.383  3.6844  1.667    3  0.000  0.510     0.00     0.00     0.00     0.00     0.00 -1 -4.82e-10      0.00 7.476e-01 2.520e-01 5.365e-05 1.803e-05 1.407e-04 -1.000 3.285e-04 -1.187 -1.600 -2.048 -2.429 -2.960 -3.178 -3.231 -3.255 -3.247 -2.849 -3.242 -2.834 -3.121 -3.168 -3.190 -3.213 -3.241 -3.251 -3.258 -3.266 -3.256 -3.224 -3.231 -3.029
0.00029609 -1.72000 10.00000 0.8477165103 2.4343380928    0.835  2.420  3.6824  1.621    3  0.000  0.510     0.00     0.00     0.00     0.00     0.00 -1 -5.55e-10      0.00 7.476e-01 2.520e-01 5.365e-05 1.803e-05 1.407e-04 -1.000 3.285e-04 -1.280 -1.694 -2.146 -2.530 -3.068 -3.287 -3.339 -3.364 -3.355 -2.955 -3.350 -2.940 -3.230 -3.277 -3.299 -3.320 -3.350 -3.360 -3.367 -3.375 -3.364 -3.330 -3.338 -3.137
0.00029609 -1.72000 10.00000 0.8477470279 2.4343473911    0.834  2.459  3.6805  1.574    3  0.000  0.510     0.00     0.00     0.00     0.00     0.00 -1  -6.4e-10      0.00 7.476e-01 2.520e-01 5.365e-05 1.803e-05 1.407e-04 -1.000 3.285e-04 -1.377 -1.792 -2.248 -2.635 -3.178 -3.399 -3.450 -3.475 -3.466 -3.064 -3.461 -3.049 -3.341 -3.389 -3.410 -3.430 -3.461 -3.471 -3.478 -3.487 -3.476 -3.439 -3.448 -3.249
0.00029609 -1.72000 10.00000 0.8477742076 2.4343557358    0.833  2.496  3.6785  1.529    3  0.000  0.510     0.00     0.00     0.00     0.00     0.00 -1 -7.34e-10      0.00 7.476e-01 2.520e-01 5.365e-05 1.803e-05 1.407e-04 -1.000 3.285e-04 -1.469 -1.884 -2.344 -2.736 -3.284 -3.506 -3.557 -3.583 -3.571 -3.169 -3.568 -3.153 -3.449 -3.497 -3.517 -3.536 -3.569 -3.578 -3.585 -3.594 -3.582 -3.542 -3.552 -3.355
0.00029609 -1.72000 10.00000 0.8478057981 2.4343652725    0.833  2.541  3.6760  1.473    3  0.000  0.510     7.19     5.66     4.02     3.10     2.51  3  -8.7e-10      0.00 7.476e-01 2.520e-01 5.364e-05 1.803e-05 1.407e-04 -1.000 3.285e-04 -1.584 -1.998 -2.463 -2.860 -3.415 -3.639 -3.689 -3.715 -3.703 -3.299 -3.700 -3.282 -3.581 -3.629 -3.650 -3.666 -3.701 -3.711 -3.718 -3.727 -3.715 -3.670 -3.682 -3.487
0.00029609 -1.72000 10.00000 0.8478339314 2.4343738556    0.831  2.585  3.6736  1.419    3  0.000  0.510     8.06     6.25     4.41     3.41     2.76  3 -1.03e-09      0.00 7.476e-01 2.520e-01 5.364e-05 1.804e-05 1.407e-04 -1.000 3.284e-04 -1.693 -2.108 -2.579 -2.980 -3.541 -3.767 -3.816 -3.844 -3.830 -3.424 -3.828 -3.407 -3.709 -3.757 -3.778 -3.792 -3.829 -3.839 -3.846 -3.856 -3.843 -3.794 -3.807 -3.614
0.00029609 -1.72000 10.00000 0.8478559852 2.4343807697    0.831  2.622  3.6715  1.373    3  0.000  0.510     8.88     6.78     4.78     3.70     2.99  3 -1.18e-09      0.00 7.476e-01 2.520e-01 5.364e-05 1.804e-05 1.407e-04 -1.000 3.285e-04 -1.786 -2.201 -2.676 -3.081 -3.648 -3.874 -3.923 -3.952 -3.936 -3.529 -3.935 -3.512 -3.816 -3.865 -3.886 -3.898 -3.937 -3.947 -3.954 -3.964 -3.951 -3.898 -3.912 -3.721
0.00029609 -1.72000 10.00000 0.8478794694 2.4343879223    0.829  2.664  3.6691  1.321    3  0.000  0.510     9.91     7.45     5.22     4.05     3.28  3 -1.38e-09      0.00 7.476e-01 2.520e-01 5.364e-05 1.804e-05 1.407e-04 -1.000 3.285e-04 -1.891 -2.306 -2.787 -3.197 -3.769 -3.997 -4.045 -4.075 -4.058 -3.650 -4.058 -3.632 -3.939 -3.988 -4.009 -4.018 -4.060 -4.070 -4.078 -4.087 -4.074 -4.016 -4.032 -3.843
0.00029609 -1.72000 10.00000 0.8478983045 2.4343936443    0.828  2.700  3.6670  1.276    3  0.000  0.510    10.89     8.08     5.64     4.38     3.55  3 -1.58e-09      0.00 7.476e-01 2.520e-01 5.364e-05 1.804e-05 1.407e-04 -1.000 3.285e-04 -1.981 -2.395 -2.881 -3.295 -3.873 -4.103 -4.150 -4.181 -4.163 -3.753 -4.163 -3.734 -4.044 -4.094 -4.114 -4.121 -4.166 -4.176 -4.183 -4.194 -4.180 -4.118 -4.135 -3.948
0.00029609 -1.72000 10.00000 0.8479180336 2.4343996048    0.827  2.741  3.6646  1.225    3  0.000  0.510    12.11     8.85     6.16     4.78     3.88  3 -1.84e-09      0.00 7.476e-01 2.520e-01 5.364e-05 1.804e-05 1.407e-04 -1.000 3.285e-04 -2.082 -2.494 -2.987 -3.406 -3.990 -4.221 -4.267 -4.300 -4.280 -3.869 -4.281 -3.850 -4.163 -4.212 -4.233 -4.237 -4.285 -4.294 -4.302 -4.313 -4.298 -4.232 -4.250 -4.065
0.00029609 -1.72000 10.00000 0.8479370475 2.4344055653    0.825  2.782  3.6621  1.173    3  0.000  0.510    13.51     9.72     6.73     5.24     4.25  2 -2.15e-09      0.00 7.476e-01 2.520e-01 5.364e-05 1.804e-05 1.407e-04 -1.000 3.285e-04 -2.185 -2.597 -3.096 -3.520 -4.110 -4.344 -4.388 -4.422 -4.401 -3.988 -4.403 -3.968 -4.284 -4.335 -4.355 -4.356 -4.408 -4.417 -4.425 -4.436 -4.421 -4.348 -4.369 -4.186
0.00029609 -1.72000 10.00000 0.8479547501 2.4344108105    0.824  2.823  3.6596  1.121    3  0.000  0.510    15.10    10.68     7.37     5.74     4.65  2 -2.51e-09      0.00 7.476e-01 2.520e-01 5.364e-05 1.804e-05 1.407e-04 -1.000 3.285e-04 -2.289 -2.699 -3.205 -3.634 -4.231 -4.467 -4.510 -4.546 -4.523 -4.108 -4.526 -4.088 -4.407 -4.458 -4.479 -4.475 -4.531 -4.540 -4.548 -4.560 -4.544 -4.466 -4.488 -4.308
0.00029609 -1.72000 10.00000 0.8479701281 2.4344155788    0.822  2.862  3.6572  1.072    3  0.000  0.510    16.71    11.65     8.01     6.25     5.07  2  -2.9e-09      0.00 7.476e-01 2.520e-01 5.364e-05 1.804e-05 1.407e-04 -1.000 3.285e-04 -2.384 -2.791 -3.303 -3.739 -4.342 -4.580 -4.622 -4.659 -4.635 -4.218 -4.638 -4.197 -4.519 -4.571 -4.592 -4.585 -4.645 -4.654 -4.662 -4.674 -4.657 -4.574 -4.598 -4.420
0.00029609 -1.72000 10.00000 0.8479852080 2.4344201088    0.820  2.902  3.6547  1.021    3  0.000  0.510    18.61    12.78     8.74     6.83     5.54  2 -3.38e-09      0.00 7.476e-01 2.520e-01 5.364e-05 1.804e-05 1.407e-04 -1.000 3.285e-04 -2.484 -2.885 -3.405 -3.846 -4.456 -4.699 -4.740 -4.779 -4.753 -4.332 -4.757 -4.309 -4.636 -4.689 -4.711 -4.700 -4.764 -4.773 -4.782 -4.793 -4.777 -4.689 -4.713 -4.535
0.00029609 -1.72000 10.00000 0.8479983211 2.4344241619    0.818  2.939  3.6523  0.973    3  0.000  0.510    20.57    13.92     9.48     7.42     6.02  2 -3.89e-09      0.00 7.476e-01 2.520e-01 5.364e-05 1.804e-05 1.407e-04 -1.000 3.286e-04 -2.577 -2.972 -3.499 -3.946 -4.563 -4.809 -4.849 -4.890 -4.863 -4.438 -4.867 -4.414 -4.745 -4.799 -4.821 -4.807 -4.875 -4.884 -4.893 -4.905 -4.887 -4.796 -4.821 -4.643
0.00029609 -1.72000 10.00000 0.8480109572 2.4344279766    0.816  2.977  3.6500  0.925    3  0.000  0.510    22.77    15.18    10.30     8.08     6.55  2  -4.5e-09      0.00 7.476e-01 2.520e-01 5.364e-05 1.804e-05 1.407e-04 -1.000 3.285e-04 -2.672 -3.061 -3.596 -4.049 -4.671 -4.921 -4.960 -5.003 -4.975 -4.546 -4.979 -4.520 -4.856 -4.911 -4.933 -4.916 -4.988 -4.998 -5.006 -5.018 -5.000 -4.905 -4.930 -4.752
0.00029609 -1.72000 10.00000 0.8480228186 2.4344317913    0.814  3.015  3.6473  0.875    3  0.000  0.510    25.27    16.59    11.22     8.80     7.14  2 -5.21e-09      0.00 7.476e-01 2.520e-01 5.364e-05 1.804e-05 1.407e-04 -1.000 3.285e-04 -2.766 -3.147 -3.691 -4.151 -4.781 -5.035 -5.073 -5.119 -5.088 -4.656 -5.093 -4.628 -4.967 -5.025 -5.047 -5.027 -5.103 -5.113 -5.121 -5.134 -5.115 -5.015 -5.042 -4.862
0.00029609 -1.72000 10.00000 0.8480331898 2.4344348907    0.812  3.050  3.6451  0.830    3  0.000  0.510    27.80    18.00    12.12     9.53     7.73  1 -5.96e-09      0.00 7.476e-01 2.520e-01 5.364e-05 1.804e-05 1.407e-04 -1.000 3.285e-04 -2.854 -3.228 -3.780 -4.245 -4.881 -5.139 -5.177 -5.224 -5.193 -4.756 -5.198 -4.726 -5.070 -5.129 -5.152 -5.128 -5.208 -5.218 -5.227 -5.240 -5.221 -5.117 -5.144 -4.964
0.00029609 -1.72000 10.00000 0.8480432034 2.4344379902    0.809  3.086  3.6427  0.783    3  0.000  0.510    30.67    19.57    13.13    10.33     8.39  1 -6.84e-09      0.00 7.476e-01 2.520e-01 5.364e-05 1.804e-05 1.407e-04 -1.000 3.285e-04 -2.944 -3.310 -3.870 -4.341 -4.984 -5.246 -5.283 -5.332 -5.300 -4.859 -5.305 -4.827 -5.175 -5.235 -5.259 -5.233 -5.316 -5.326 -5.335 -5.348 -5.329 -5.221 -5.249 -5.068
0.00029609 -1.72000 10.00000 0.8480526805 2.4344408512    0.806  3.121  3.6402  0.736    3  0.000  0.510    33.85    21.29    14.23    11.22     9.10  1 -7.84e-09      0.00 7.476e-01 2.521e-01 5.364e-05 1.804e-05 1.407e-04 -1.000 3.285e-04 -3.033 -3.391 -3.959 -4.437 -5.087 -5.353 -5.390 -5.441 -5.407 -4.961 -5.412 -4.928 -5.281 -5.342 -5.366 -5.337 -5.424 -5.434 -5.444 -5.457 -5.437 -5.326 -5.354 -5.172
0.00029609 -1.72000 10.00000 0.8480612040 2.4344434738    0.803  3.155  3.6379  0.692    3  0.000  0.510    37.14    23.04    15.34    12.11     9.83  1 -8.93e-09      0.00 7.476e-01 2.521e-01 5.364e-05 1.804e-05 1.407e-04 -1.000 3.284e-04 -3.117 -3.466 -4.043 -4.527 -5.183 -5.454 -5.489 -5.542 -5.507 -5.058 -5.513 -5.022 -5.379 -5.443 -5.467 -5.434 -5.525 -5.536 -5.545 -5.559 -5.538 -5.424 -5.452 -5.269
0.00029609 -1.72000 10.00000 0.8480696678 2.4344460964    0.800  3.190  3.6355  0.645    3  0.000  0.510    40.99    25.06    16.62    13.13    10.67  1 -1.03e-08      0.00 7.476e-01 2.521e-01 5.364e-05 1.804e-05 1.407e-04 -1.000 3.285e-04 -3.205 -3.545 -4.131 -4.622 -5.285 -5.560 -5.595 -5.650 -5.613 -5.160 -5.619 -5.122 -5.484 -5.549 -5.574 -5.537 -5.632 -5.643 -5.653 -5.667 -5.646 -5.527 -5.556 -5.372
0.00029609 -1.72000 10.00000 0.8480773568 2.4344484806    0.796  3.223  3.6332  0.600    3  0.000  0.510    44.99    27.12    17.93    14.18    11.52  1 -1.17e-08      0.00 7.476e-01 2.521e-01 5.364e-05 1.805e-05 1.407e-04 -1.000 3.285e-04 -3.289 -3.619 -4.213 -4.710 -5.381 -5.660 -5.694 -5.751 -5.713 -5.255 -5.719 -5.216 -5.582 -5.648 -5.674 -5.634 -5.733 -5.744 -5.754 -5.768 -5.746 -5.624 -5.653 -5.469
0.00029609 -1.72000 10.00000 0.8480846286 2.4344506264    0.793  3.256  3.6310  0.557    3  0.000  0.510    49.26    29.30    19.30    15.29    12.42  1 -1.33e-08      0.00 7.476e-01 2.521e-01 5.364e-05 1.805e-05 1.407e-04 -1.000 3.285e-04 -3.370 -3.690 -4.293 -4.797 -5.474 -5.757 -5.790 -5.849 -5.810 -5.348 -5.816 -5.307 -5.677 -5.745 -5.771 -5.728 -5.831 -5.842 -5.852 -5.867 -5.845 -5.718 -5.748 -5.563
0.00029609 -1.72000 10.00000 0.8480908275 2.4344525337    0.789  3.282  3.6292  0.522    3  0.000  0.510    52.98    31.17    20.47    16.23    13.19  1 -1.48e-08      0.00 7.476e-01 2.521e-01 5.364e-05 1.805e-05 1.407e-04 -1.000 3.285e-04 -3.434 -3.747 -4.357 -4.866 -5.548 -5.835 -5.867 -5.927 -5.888 -5.422 -5.893 -5.379 -5.753 -5.823 -5.849 -5.803 -5.909 -5.920 -5.930 -5.945 -5.923 -5.794 -5.824 -5.638
0.00029609 -1.72000 10.00000 0.8480908275 2.4344525337    0.789  1.739  3.7819  2.676    4  0.000  0.527     0.00     0.00     0.00     0.00     0.00 -1    -1e-30      0.00 7.484e-01 2.513e-01 5.610e-05 1.631e-05 1.421e-04 -1.000 3.285e-04 0.424 0.046 -0.218 -0.449 -0.775 -0.884 -0.906 -0.914 -0.920 -0.687 -0.909 -0.709 -0.862 -0.881 -0.888 -0.899 -0.908 -0.912 -0.915 -0.919 -0.920 -0.925 -0.921 -0.813
0.00029609 -1.72000 10.00000 0.8481490016 2.4344704151    0.789  1.759  3.7755  2.630    4  0.000  0.527     0.00     0.00     0.00     0.00     0.00 -1    -1e-30      0.00 7.484e-01 2.513e-01 5.610e-05 1.631e-05 1.421e-04 -1.000 3.285e-04 0.373 -0.011 -0.286 -0.526 -0.867 -0.982 -1.005 -1.013 -1.020 -0.776 -1.009 -0.797 -0.958 -0.979 -0.986 -0.998 -1.007 -1.011 -1.014 -1.019 -1.020 -1.025 -1.021 -0.906
0.00029609 -1.72000 10.00000 0.8482056856 2.4344875813    0.789  1.761  3.7755  2.628    4  0.000  0.527     0.00     0.00     0.00     0.00     0.00 -1    -1e-30      0.00 7.484e-01 2.513e-01 5.610e-05 1.631e-05 1.421e-04 -1.000 3.285e-04 0.367 -0.016 -0.292 -0.532 -0.872 -0.987 -1.011 -1.019 -1.025 -0.782 -1.014 -0.802 -0.963 -0.984 -0.991 -1.004 -1.012 -1.017 -1.020 -1.024 -1.025 -1.030 -1.026 -0.912
0.00029609 -1.72000 10.00000 0.8482643366 2.4345054626    0.789  1.762  3.7759  2.629    4  0.000  0.527     0.00     0.00     0.00     0.00     0.00 -1    -1e-30      0.00 7.484e-01 2.513e-01 5.610e-05 1.631e-05 1.421e-04 -1.000 3.284e-04 0.365 -0.019 -0.293 -0.532 -0.872 -0.986 -1.010 -1.018 -1.024 -0.782 -1.013 -0.802 -0.963 -0.984 -0.991 -1.003 -1.012 -1.016 -1.019 -1.023 -1.024 -1.029 -1.026 -0.911
0.00029609 -1.72000 10.00000 0.8483223915 2.4345233440    0.789  1.763  3.7767  2.631    4  0.000  0.527     0.00     0.00     0.00     0.00     0.00 -1    -1e-30      0.00 7.484e-01 2.513e-01 5.610e-05 1.631e-05 1.421e-04 -1.000 3.285e-04 0.363 -0.020 -0.293 -0.531 -0.869 -0.982 -1.006 -1.014 -1.020 -0.779 -1.009 -0.800 -0.959 -0.980 -0.987 -0.999 -1.008 -1.012 -1.015 -1.019 -1.020 -1.025 -1.021 -0.908
0.00029609 -1.72000 10.00000 0.8483809829 2.4345412254    0.789  1.763  3.7777  2.635    4  0.000  0.527     0.00     0.00     0.00     0.00     0.00 -1    -1e-30      0.00 7.484e-01 2.513e-01 5.610e-05 1.631e-05 1.421e-04 -1.000 3.285e-04 0.362 -0.020 -0.291 -0.528 -0.863 -0.976 -0.999 -1.007 -1.013 -0.773 -1.002 -0.794 -0.952 -0.973 -0.980 -0.992 -1.001 -1.005 -1.008 -1.012 -1.013 -1.018 -1.014 -0.902
0.00029609 -1.72000 10.00000 0.8484403491 2.4345593452    0.789  1.763  3.7790  2.640    4  0.000  0.527     0.00     0.00     0.00     0.00     0.00 -1    -1e-30      0.00 7.484e-01 2.513e-01 5.610e-05 1.631e-05 1.421e-04 -1.000 3.284e-04 0.362 -0.019 -0.288 -0.522 -0.855 -0.966 -0.989 -0.997 -1.003 -0.766 -0.993 -0.787 -0.943 -0.964 -0.970 -0.982 -0.991 -0.995 -0.998 -1.002 -1.003 -1.008 -1.005 -0.893
0.00029609 -1.72000 10.00000 0.8484990597 2.4345772266    0.789  1.763  3.7804  2.646    4  0.000  0.527     0.00     0.00     0.00     0.00     0.00 -1    -1e-30      0.00 7.484e-01 2.513e-01 5.610e-05 1.631e-05 1.421e-04 -1.000 3.284e-04 0.363 -0.017 -0.283 -0.516 -0.845 -0.955 -0.978 -0.985 -0.992 -0.756 -0.981 -0.778 -0.932 -0.952 -0.959 -0.971 -0.979 -0.984 -0.987 -0.991 -0.992 -0.997 -0.993 -0.883
0.00029609 -1.72000 10.00000 0.8485591412 2.4345955849    0.790  1.762  3.7820  2.653    4  0.000  0.527     0.00     0.00     0.00     0.00     0.00 -1    -1e-30      0.00 7.484e-01 2.513e-01 5.610e-05 1.631e-05 1.421e-04 -1.000 3.284e-04 0.364 -0.014 -0.278 -0.508 -0.834 -0.942 -0.965 -0.973 -0.979 -0.746 -0.968 -0.768 -0.920 -0.940 -0.946 -0.958 -0.967 -0.971 -0.974 -0.978 -0.979 -0.984 -0.980 -0.871
0.00029609 -1.72000 10.00000 0.8486182094 2.4346137047    0.790  1.762  3.7835  2.660    4  0.000  0.527     0.00     0.00     0.00     0.00     0.00 -1    -1e-30      0.00 7.484e-01 2.513e-01 5.610e-05 1.631e-05 1.421e-04 -1.000 3.284e-04 0.365 -0.012 -0.273 -0.501 -0.823 -0.930 -0.952 -0.960 -0.966 -0.736 -0.956 -0.758 -0.908 -0.928 -0.934 -0.946 -0.954 -0.958 -0.961 -0.965 -0.966 -0.971 -0.968 -0.860
0.00029609 -1.72000 10.00000 0.8486729860 2.4346303940    0.790  1.761  3.7849  2.665    4  0.000  0.527     0.00     0.00     0.00     0.00     0.00 -1    -1e-30      0.00 7.484e-01 2.513e-01 5.610e-05 1.631e-05 1.421e-04 -1.000 3.284e-04 0.366 -0.009 -0.268 -0.494 -0.814 -0.920 -0.941 -0.949 -0.955 -0.727 -0.945 -0.749 -0.898 -0.917 -0.923 -0.935 -0.943 -0.947 -0.950 -0.954 -0.955 -0.960 -0.957 -0.850
0.00029609 -1.72000 10.00000 0.8487344384 2.4346492290    0.790  1.761  3.7862  2.671    4  0.000  0.527     0.00     0.00     0.00     0.00     0.00 -1    -1e-30      0.00 7.484e-01 2.513e-01 5.610e-05 1.631e-05 1.421e-04 -1.000 3.285e-04 0.367 -0.007 -0.264 -0.488 -0.804 -0.909 -0.931 -0.938 -0.944 -0.718 -0.934 -0.741 -0.888 -0.907 -0.913 -0.924 -0.932 -0.937 -0.940 -0.943 -0.944 -0.949 -0.946 -0.841
0.00029609 -1.72000 10.00000 0.8487953544 2.4346678257    0.790  1.761  3.7873  2.676    4  0.000  0.527     0.00     0.00     0.00     0.00     0.00 -1    -1e-30      0.00 7.484e-01 2.513e-01 5.610e-05 1.631e-05 1.421e-04 -1.000 3.285e-04 0.368 -0.006 -0.260 -0.483 -0.797 -0.901 -0.922 -0.929 -0.936 -0.712 -0.925 -0.734 -0.880 -0.898 -0.904 -0.915 -0.924 -0.928 -0.931 -0.935 -0.936 -0.941 -0.937 -0.833
0.00029609 -1.72000 10.00000 0.8488546014 2.4346857071    0.790  1.761  3.7881  2.679    4  0.000  0.527     0.00     0.00     0.00     0.00     0.00 -1    -1e-30      0.00 7.484e-01 2.513e-01 5.610e-05 1.632e-05 1.421e-04 -1.000 3.284e-04 0.368 -0.005 -0.258 -0.480 -0.792 -0.895 -0.916 -0.924 -0.930 -0.707 -0.919 -0.729 -0.874 -0.893 -0.898 -0.910 -0.918 -0.922 -0.925 -0.929 -0.930 -0.935 -0.931 -0.828
0.00029609 -1.72000 10.00000 0.8489140868 2.4347040653    0.790  1.761  3.7886  2.681    4  0.000  0.527     0.00     0.00     0.00     0.00     0.00 -1    -1e-30      0.00 7.484e-01 2.513e-01 5.610e-05 1.632e-05 1.421e-04 -1.000 3.284e-04 0.367 -0.005 -0.257 -0.478 -0.789 -0.892 -0.913 -0.920 -0.927 -0.704 -0.916 -0.727 -0.871 -0.889 -0.895 -0.906 -0.915 -0.919 -0.922 -0.925 -0.926 -0.932 -0.928 -0.825
0.00029609 -1.72000 10.00000 0.8489207029 2.4347059727    0.790  1.761  3.7886  2.681    4  0.000  0.527     0.00     0.00     0.00     0.00     0.00 -1    -1e-30      0.00 7.484e-01 2.513e-01 5.610e-05 1.632e-05 1.421e-04 -1.000 3.285e-04 0.367 -0.005 -0.257 -0.478 -0.789 -0.891 -0.913 -0.920 -0.926 -0.704 -0.916 -0.727 -0.871 -0.889 -0.895 -0.906 -0.914 -0.918 -0.921 -0.925 -0.926 -0.931 -0.927 -0.825
0.00029609 -1.72000 10.00000 0.8489752412 2.4347226620    0.790  1.762  3.7885  2.680    4  0.000  0.527     0.00     0.00     0.00     0.00     0.00 -1    -1e-30      0.00 7.484e-01 2.513e-01 5.610e-05 1.632e-05 1.421e-04 -1.000 3.285e-04 0.366 -0.006 -0.259 -0.480 -0.791 -0.894 -0.915 -0.922 -0.928 -0.706 -0.918 -0.729 -0.873 -0.891 -0.897 -0.908 -0.917 -0.921 -0.924 -0.927 -0.928 -0.933 -0.930 -0.827
0.00029609 -1.72000 10.00000 0.8490346670 2.4347407818    0.790  1.762  3.7881  2.678    4  0.000  0.527     0.00     0.00     0.00     0.00     0.00 -1    -1e-30      0.00 7.484e-01 2.513e-01 5.610e-05 1.632e-05 1.421e-04 -1.000 3.284e-04 0.364 -0.008 -0.262 -0.484 -0.796 -0.899 -0.920 -0.927 -0.933 -0.711 -0.923 -0.733 -0.878 -0.896 -0.902 -0.913 -0.922 -0.926 -0.929 -0.932 -0.933 -0.938 -0.935 -0.831
0.00029609 -1.72000 10.00000 0.8490926623 2.4347584248    0.790  1.763  3.7872  2.673    4  0.000  0.527     0.00     0.00     0.00     0.00     0.00 -1    -1e-30      0.00 7.484e-01 2.513e-01 5.610e-05 1.632e-05 1.421e-04 -1.000 3.285e-04 0.362 -0.012 -0.267 -0.490 -0.804 -0.907 -0.929 -0.936 -0.943 -0.718 -0.932 -0.741 -0.886 -0.905 -0.911 -0.922 -0.931 -0.935 -0.938 -0.941 -0.942 -0.948 -0.944 -0.840
0.00029609 -1.72000 10.00000 0.8491479158 2.4347753525    0.790  1.765  3.7859  2.667    4  0.000  0.527     0.00     0.00     0.00     0.00     0.00 -1    -1e-30      0.00 7.484e-01 2.513e-01 5.610e-05 1.632e-05 1.421e-04 -1.000 3.285e-04 0.358 -0.016 -0.273 -0.498 -0.815 -0.920 -0.941 -0.949 -0.955 -0.729 -0.945 -0.751 -0.898 -0.917 -0.923 -0.935 -0.943 -0.947 -0.950 -0.954 -0.955 -0.960 -0.956 -0.851
0.00029609 -1.72000 10.00000 0.8492050171 2.4347927570    0.790  1.766  3.7842  2.658    4  0.000  0.527     0.00     0.00     0.00     0.00     0.00 -1    -1e-30      0.00 7.484e-01 2.513e-01 5.610e-05 1.632e-05 1.421e-04 -1.000 3.285e-04 0.354 -0.022 -0.282 -0.509 -0.830 -0.936 -0.958 -0.966 -0.972 -0.743 -0.962 -0.765 -0.914 -0.934 -0.940 -0.951 -0.960 -0.964 -0.967 -0.971 -0.972 -0.977 -0.973 -0.866
0.00029609 -1.72000 10.00000 0.8492658138 2.4348111153    0.790  1.769  3.7820  2.647    4  0.000  0.527     0.00     0.00     0.00     0.00     0.00 -1    -1e-30      0.00 7.484e-01 2.513e-01 5.610e-05 1.632e-05 1.421e-04 -1.000 3.285e-04 0.349 -0.030 -0.293 -0.524 -0.849 -0.958 -0.980 -0.988 -0.994 -0.762 -0.984 -0.783 -0.936 -0.955 -0.962 -0.974 -0.982 -0.986 -0.989 -0.993 -0.994 -0.999 -0.996 -0.887
0.00029609 -1.72000 10.00000 0.8493227959 2.4348285198    0.790  1.771  3.7795  2.635    4  0.000  0.527     0.00     0.00     0.00     0.00     0.00 -1    -1e-30      0.00 7.483e-01 2.513e-01 5.610e-05 1.632e-05 1.421e-04 -1.000 3.285e-04 0.342 -0.038 -0.306 -0.540 -0.871 -0.982 -1.005 -1.013 -1.019 -0.782 -1.008 -0.804 -0.959 -0.979 -0.986 -0.998 -1.007 -1.011 -1.014 -1.018 -1.019 -1.024 -1.020 -0.909
0.00029609 -1.72000 10.00000 0.8493492603 2.4348366261    0.790  1.772  3.7783  2.629    4  0.000  0.527     0.00     0.00     0.00     0.00     0.00 -1    -1e-30      0.00 7.483e-01 2.513e-01 5.610e-05 1.632e-05 1.421e-04 -1.000 3.284e-04 0.339 -0.042 -0.312 -0.548 -0.882 -0.994 -1.017 -1.025 -1.031 -0.792 -1.020 -0.814 -0.971 -0.991 -0.998 -1.010 -1.019 -1.023 -1.026 -1.030 -1.031 -1.036 -1.033 -0.920
0.00029609 -1.72000 10.00000 0.8494010568 2.4348523617    0.790  1.775  3.7758  2.616    4  0.000  0.527     0.00     0.00     0.00     0.00     0.00 -1    -1e-30      0.00 7.483e-01 2.513e-01 5.610e-05 1.632e-05 1.421e-04 -1.000 3.284e-04 0.332 -0.052 -0.326 -0.566 -0.905 -1.020 -1.044 -1.052 -1.058 -0.815 -1.047 -0.836 -0.996 -1.017 -1.024 -1.037 -1.046 -1.050 -1.053 -1.057 -1.058 -1.063 -1.059 -0.945
0.00029609 -1.72000 10.00000 0.8494558930 2.4348690510    0.791  1.778  3.7730  2.602    4  0.000  0.527     0.00     0.00     0.00     0.00     0.00 -1    -1e-30      0.00 7.483e-01 2.513e-01 5.610e-05 1.632e-05 1.422e-04 -1.000 3.284e-04 0.324 -0.062 -0.342 -0.585 -0.931 -1.049 -1.073 -1.081 -1.088 -0.840 -1.077 -0.860 -1.025 -1.046 -1.053 -1.066 -1.075 -1.079 -1.082 -1.087 -1.087 -1.093 -1.089 -0.972
0.00029609 -1.72000 10.00000 0.8495100737 2.4348857403    0.791  1.782  3.7704  2.588    4  0.000  0.527     0.00     0.00     0.00     0.00     0.00 -1    -1e-30      0.00 7.483e-01 2.513e-01 5.610e-05 1.632e-05 1.422e-04 -1.000 3.284e-04 0.315 -0.073 -0.357 -0.605 -0.957 -1.077 -1.102 -1.110 -1.116 -0.864 -1.105 -0.884 -1.052 -1.074 -1.081 -1.094 -1.103 -1.108 -1.111 -1.115 -1.116 -1.121 -1.117 -0.998
0.00029609 -1.72000 10.00000 0.8495655060 2.4349024296    0.791  1.786  3.7677  2.573    4  0.000  0.527     0.00     0.00     0.00     0.00     0.00 -1    -1e-30      0.00 7.483e-01 2.513e-01 5.610e-05 1.632e-05 1.422e-04 -1.000 3.284e-04 0.305 -0.085 -0.374 -0.626 -0.984 -1.107 -1.132 -1.140 -1.147 -0.890 -1.136 -0.909 -1.081 -1.104 -1.111 -1.125 -1.134 -1.138 -1.141 -1.146 -1.147 -1.152 -1.148 -1.026
0.00029609 -1.72000 10.00000 0.8496184349 2.4349186420    0.791  1.790  3.7655  2.560    4  0.000  0.527     0.00     0.00     0.00     0.00     0.00 -1    -1e-30      0.00 7.483e-01 2.513e-01 5.610e-05 1.632e-05 1.422e-04 -1.000 3.284e-04 0.295 -0.098 -0.391 -0.645 -1.008 -1.133 -1.159 -1.168 -1.174 -0.914 -1.163 -0.932 -1.107 -1.130 -1.138 -1.152 -1.161 -1.166 -1.169 -1.173 -1.174 -1.179 -1.175 -1.051
0.00029609 -1.72000 10.00000 0.8496713042 2.4349348545    0.791  1.794  3.7635  2.548    4  0.000  0.527     0.00     0.00     0.00     0.00     0.00 -1    -1e-30      0.00 7.483e-01 2.513e-01 5.610e-05 1.632e-05 1.422e-04 -1.000 3.285e-04 0.284 -0.110 -0.406 -0.663 -1.030 -1.157 -1.184 -1.193 -1.200 -0.935 -1.188 -0.953 -1.131 -1.154 -1.162 -1.177 -1.186 -1.191 -1.194 -1.199 -1.199 -1.205 -1.201 -1.074
0.00029609 -1.72000 10.00000 0.8497234583 2.4349505901    0.791  1.800  3.7612  2.533    4  0.000  0.527     0.00     0.00     0.00     0.00     0.00 -1    -1e-30      0.00 7.483e-01 2.513e-01 5.610e-05 1.632e-05 1.422e-04 -1.000 3.284e-04 0.271 -0.125 -0.425 -0.686 -1.057 -1.187 -1.214 -1.223 -1.230 -0.962 -1.218 -0.979 -1.159 -1.183 -1.192 -1.207 -1.216 -1.221 -1.224 -1.229 -1.230 -1.235 -1.231 -1.101
0.00029609 -1.72000 10.00000 0.8497764468 2.4349668026    0.791  1.806  3.7587  2.517    4  0.000  0.527     0.00     0.00     0.00     0.00     0.00 -1    -1e-30      0.00 7.483e-01 2.513e-01 5.610e-05 1.632e-05 1.422e-04 -1.000 3.284e-04 0.254 -0.143 -0.448 -0.712 -1.089 -1.221 -1.250 -1.258 -1.265 -0.992 -1.253 -1.009 -1.192 -1.217 -1.226 -1.242 -1.252 -1.256 -1.260 -1.264 -1.265 -1.270 -1.266 -1.134
0.00029609 -1.72000 10.00000 0.8498291373 2.4349827766    0.791  1.814  3.7563  2.500    4  0.000  0.527     0.00     0.00     0.00     0.00     0.00 -1    -1e-30      0.00 7.483e-01 2.514e-01 5.610e-05 1.632e-05 1.422e-04 -1.000 3.285e-04 0.236 -0.162 -0.472 -0.739 -1.121 -1.256 -1.286 -1.295 -1.302 -1.024 -1.290 -1.040 -1.227 -1.252 -1.262 -1.278 -1.288 -1.293 -1.296 -1.301 -1.302 -1.307 -1.303 -1.167
0.00029609 -1.72000 10.00000 0.8498635888 2.4349932671    0.791  1.815  3.7562  2.497    4  0.000  0.527     0.00     0.00     0.00     0.00     0.00 -1    -1e-30      0.00 7.483e-01 2.514e-01 5.610e-05 1.632e-05 1.422e-04 -1.000 3.284e-04 0.232 -0.167 -0.477 -0.745 -1.127 -1.262 -1.291 -1.300 -1.307 -1.030 -1.295 -1.045 -1.232 -1.258 -1.267 -1.283 -1.293 -1.298 -1.302 -1.307 -1.307 -1.312 -1.308 -1.172
0.00029609 -1.72000 10.00000 0.8499155045 2.4350090027    0.791  1.827  3.7526  2.471    4  0.000  0.527     0.00     0.00     0.00     0.00     0.00 -1    -1e-30      0.00 7.483e-01 2.514e-01 5.610e-05 1.632e-05 1.422e-04 -1.000 3.285e-04 0.202 -0.199 -0.515 -0.788 -1.177 -1.316 -1.347 -1.357 -1.364 -1.080 -1.352 -1.094 -1.286 -1.312 -1.322 -1.339 -1.350 -1.355 -1.359 -1.363 -1.364 -1.369 -1.365 -1.224
0.00029609 -1.72000 10.00000 0.8499691486 2.4350254536    0.791  1.844  3.7485  2.439    4  0.000  0.527     0.00     0.00     0.00     0.00     0.00 -1    -1e-30      0.00 7.483e-01 2.514e-01 5.610e-05 1.632e-05 1.422e-04 -1.000 3.285e-04 0.161 -0.243 -0.567 -0.845 -1.242 -1.386 -1.419 -1.429 -1.436 -1.143 -1.423 -1.156 -1.353 -1.381 -1.392 -1.410 -1.421 -1.427 -1.430 -1.435 -1.436 -1.440 -1.437 -1.290
0.00029609 -1.72000 10.00000 0.8500216007 2.4350414276    0.791  1.871  3.7430  2.389    4  0.000  0.527     0.00     0.00     0.00     0.00     0.00 -1    -1e-30      0.00 7.483e-01 2.514e-01 5.610e-05 1.632e-05 1.422e-04 -1.000 3.285e-04 0.093 -0.314 -0.648 -0.934 -1.341 -1.491 -1.526 -1.537 -1.545 -1.241 -1.531 -1.252 -1.456 -1.485 -1.498 -1.517 -1.529 -1.535 -1.539 -1.544 -1.545 -1.549 -1.545 -1.391
0.00029609 -1.72000 10.00000 0.8500533700 2.4350509644    0.791  1.902  3.7373  2.335    4  0.000  0.527     0.00     0.00     0.00     0.00     0.00 -1    -1e-30      0.00 7.483e-01 2.514e-01 5.610e-05 1.632e-05 1.422e-04 -1.000 3.285e-04 0.015 -0.396 -0.740 -1.034 -1.451 -1.607 -1.645 -1.657 -1.664 -1.350 -1.650 -1.359 -1.569 -1.601 -1.614 -1.635 -1.648 -1.655 -1.659 -1.665 -1.665 -1.668 -1.665 -1.502
0.00029609 -1.72000 10.00000 0.8500692248 2.4350557327    0.791  1.936  3.7319  2.280    4  0.000  0.527     0.00     0.00     0.00     0.00     0.00 -1    -1e-30      0.00 7.483e-01 2.514e-01 5.610e-05 1.632e-05 1.422e-04 -1.000 3.284e-04 -0.070 -0.484 -0.838 -1.140 -1.568 -1.729 -1.769 -1.782 -1.789 -1.465 -1.775 -1.473 -1.690 -1.723 -1.737 -1.759 -1.773 -1.780 -1.784 -1.790 -1.790 -1.791 -1.789 -1.620
0.00029609 -1.72000 10.00000 0.8500760198 2.4350578785    0.791  1.970  3.7271  2.227    4  0.000  0.527     0.00     0.00     0.00     0.00     0.00 -1    -1e-30      0.00 7.483e-01 2.514e-01 5.610e-05 1.632e-05 1.422e-04 -1.000 3.284e-04 -0.155 -0.572 -0.934 -1.243 -1.680 -1.847 -1.889 -1.903 -1.909 -1.577 -1.895 -1.582 -1.806 -1.840 -1.855 -1.878 -1.893 -1.900 -1.905 -1.911 -1.910 -1.909 -1.908 -1.734
0.00029609 -1.72000 10.00000 0.8500791192 2.4350588322    0.791  2.004  3.7229  2.176    4  0.000  0.527     0.00     0.00     0.00     0.00     0.00 -1    -1e-30      0.00 7.483e-01 2.514e-01 5.610e-05 1.632e-05 1.422e-04 -1.000 3.284e-04 -0.241 -0.659 -1.029 -1.345 -1.790 -1.961 -2.005 -2.020 -2.024 -1.686 -2.011 -1.690 -1.919 -1.954 -1.970 -1.993 -2.009 -2.017 -2.022 -2.028 -2.027 -2.023 -2.023 -1.845
0.00029609 -1.72000 10.00000 0.8500806689 2.4350593090    0.791  2.036  3.7195  2.130    4  0.000  0.527     0.00     0.00     0.00     0.00     0.00 -1    -1e-30      0.00 7.483e-01 2.514e-01 5.610e-05 1.632e-05 1.422e-04 -1.000 3.285e-04 -0.321 -0.741 -1.117 -1.438 -1.890 -2.065 -2.109 -2.125 -2.129 -1.785 -2.116 -1.787 -2.021 -2.058 -2.074 -2.098 -2.114 -2.122 -2.127 -2.134 -2.132 -2.127 -2.127 -1.946
0.00029609 -1.72000 10.00000 0.8500807881 2.4350593090    0.791  2.039  3.7193  2.126    7  0.000  0.527     0.00     0.00     0.00     0.00     0.00 -1    -1e-30      0.00 7.483e-01 2.514e-01 5.610e-05 1.632e-05 1.422e-04 -1.000 3.285e-04 -0.328 -0.748 -1.125 -1.445 -1.898 -2.073 -2.118 -2.134 -2.138 -1.793 -2.125 -1.796 -2.029 -2.066 -2.082 -2.106 -2.123 -2.131 -2.136 -2.143 -2.141 -2.135 -2.136 -1.955
0.00029609 -1.72000 10.00000 0.8500815034 2.4350595474    0.791  2.063  3.7172  2.094    7  0.000  0.527     0.00     0.00     0.00     0.00     0.00 -1    -1e-30      0.00 7.483e-01 2.514e-01 5.610e-05 1.632e-05 1.422e-04 -1.000 3.284e-04 -0.387 -0.808 -1.188 -1.512 -1.969 -2.147 -2.192 -2.208 -2.212 -1.864 -2.199 -1.865 -2.102 -2.139 -2.156 -2.180 -2.197 -2.205 -2.211 -2.217 -2.215 -2.208 -2.209 -2.026
0.00029609 -1.72000 10.00000 0.8500826955 2.4350600243    0.791  2.108  3.7135  2.035    7  0.000  0.527     0.00     0.00     0.00     0.00     0.00 -1    -1e-30      0.00 7.483e-01 2.514e-01 5.610e-05 1.632e-05 1.422e-04 -1.000 3.285e-04 -0.500 -0.921 -1.308 -1.638 -2.103 -2.284 -2.331 -2.348 -2.350 -1.997 -2.338 -1.996 -2.238 -2.276 -2.293 -2.318 -2.336 -2.345 -2.350 -2.357 -2.354 -2.344 -2.346 -2.161
0.00029609 -1.72000 10.00000 0.8500837684 2.4350602627    0.791  2.146  3.7107  1.985    7  0.000  0.527     0.00     0.00     0.00     0.00     0.00 -1    -1e-30      0.00 7.483e-01 2.514e-01 5.610e-05 1.632e-05 1.422e-04 -1.000 3.284e-04 -0.594 -1.016 -1.409 -1.743 -2.213 -2.398 -2.446 -2.463 -2.465 -2.107 -2.453 -2.106 -2.351 -2.390 -2.408 -2.433 -2.452 -2.460 -2.466 -2.473 -2.469 -2.458 -2.460 -2.273
0.00029609 -1.72000 10.00000 0.8500848413 2.4350605011    0.791  2.181  3.7081  1.940    7  0.000  0.527     0.00     0.00     0.00     0.00     0.00 -1    -1e-30      0.00 7.483e-01 2.514e-01 5.610e-05 1.632e-05 1.422e-04 -1.000 3.285e-04 -0.683 -1.105 -1.504 -1.842 -2.318 -2.506 -2.554 -2.572 -2.573 -2.211 -2.562 -2.208 -2.458 -2.498 -2.515 -2.541 -2.560 -2.569 -2.575 -2.582 -2.578 -2.564 -2.567 -2.378
0.00029609 -1.72000 10.00000 0.8500872850 2.4350614548    0.791  2.198  3.7071  1.918    7  0.000  0.527     0.00     0.00     0.00     0.00     0.00 -1    -1e-30      0.00 7.483e-01 2.514e-01 5.610e-05 1.632e-05 1.422e-04 -1.000 3.285e-04 -0.725 -1.147 -1.548 -1.888 -2.366 -2.556 -2.604 -2.623 -2.623 -2.259 -2.612 -2.256 -2.507 -2.547 -2.565 -2.591 -2.610 -2.619 -2.625 -2.632 -2.628 -2.614 -2.617 -2.427
0.00029609 -1.72000 10.00000 0.8500893116 2.4350619316    0.791  2.179  3.7085  1.943    7  0.000  0.527     0.00     0.00     0.00     0.00     0.00 -1    -1e-30      0.00 7.483e-01 2.514e-01 5.610e-05 1.632e-05 1.422e-04 -1.000 3.285e-04 -0.678 -1.100 -1.498 -1.836 -2.311 -2.498 -2.546 -2.564 -2.565 -2.204 -2.554 -2.201 -2.450 -2.490 -2.507 -2.533 -2.552 -2.561 -2.566 -2.574 -2.569 -2.557 -2.560 -2.371
0.00029609 -1.72000 10.00000 0.8500971198 2.4350643158    0.791  2.156  3.7102  1.973    7  0.000  0.527     0.00     0.00     0.00     0.00     0.00 -1    -1e-30      0.00 7.483e-01 2.514e-01 5.610e-05 1.632e-05 1.422e-04 -1.000 3.284e-04 -0.619 -1.042 -1.436 -1.771 -2.242 -2.427 -2.475 -2.493 -2.494 -2.135 -2.483 -2.134 -2.380 -2.419 -2.437 -2.462 -2.481 -2.489 -2.495 -2.502 -2.498 -2.486 -2.489 -2.301
0.00029609 -1.72000 10.00000 0.8501305580 2.4350745678    0.791  2.181  3.7080  1.939    7  0.000  0.527     0.00     0.00     0.00     0.00     0.00 -1    -1e-30      0.00 7.483e-01 2.514e-01 5.610e-05 1.632e-05 1.422e-04 -1.000 3.284e-04 -0.682 -1.105 -1.503 -1.842 -2.318 -2.506 -2.554 -2.573 -2.573 -2.211 -2.562 -2.208 -2.458 -2.498 -2.516 -2.541 -2.561 -2.569 -2.575 -2.582 -2.578 -2.565 -2.568 -2.378
0.00029609 -1.72000 10.00000 0.8501507640 2.4350807667    0.791  2.224  3.7048  1.884    7  0.000  0.527     0.00     0.00     0.00     0.00     0.00 -1    -1e-30      0.00 7.483e-01 2.514e-01 5.610e-05 1.632e-05 1.422e-04 -1.000 3.284e-04 -0.789 -1.211 -1.616 -1.960 -2.444 -2.635 -2.685 -2.703 -2.703 -2.336 -2.693 -2.332 -2.586 -2.627 -2.645 -2.671 -2.691 -2.700 -2.706 -2.713 -2.708 -2.692 -2.696 -2.505
0.00029609 -1.72000 10.00000 0.8501664400 2.4350852966    0.791  2.260  3.7022  1.837    7  0.000  0.527     0.00     0.00     0.00     0.00     0.00 -1    -1e-30      0.00 7.483e-01 2.514e-01 5.610e-05 1.632e-05 1.422e-04 -1.000 3.285e-04 -0.881 -1.303 -1.714 -2.062 -2.551 -2.746 -2.796 -2.816 -2.814 -2.443 -2.805 -2.438 -2.696 -2.738 -2.757 -2.782 -2.803 -2.812 -2.818 -2.826 -2.820 -2.802 -2.806 -2.614
0.00029609 -1.72000 10.00000 0.8501848578 2.4350910187    0.791  2.303  3.6993  1.783    7  0.000  0.527     0.00     0.00     0.00     0.00     0.00 -1    -1e-30      0.00 7.483e-01 2.514e-01 5.610e-05 1.632e-05 1.422e-04 -1.000 3.285e-04 -0.987 -1.409 -1.826 -2.179 -2.675 -2.873 -2.924 -2.944 -2.941 -2.566 -2.932 -2.559 -2.822 -2.865 -2.884 -2.909 -2.931 -2.940 -2.946 -2.954 -2.947 -2.927 -2.932 -2.738
0.00029609 -1.72000 10.00000 0.8502025604 2.4350965023    0.791  2.345  3.6966  1.730    7  0.000  0.527     0.00     0.00     0.00     0.00     0.00 -1    -1e-30      0.00 7.483e-01 2.514e-01 5.609e-05 1.632e-05 1.422e-04 -1.000 3.285e-04 -1.092 -1.513 -1.935 -2.294 -2.796 -2.998 -3.049 -3.070 -3.066 -2.687 -3.058 -2.678 -2.946 -2.989 -3.009 -3.034 -3.057 -3.066 -3.072 -3.080 -3.072 -3.049 -3.055 -2.860
0.00029609 -1.72000 10.00000 0.8502184153 2.4351012707    0.791  2.386  3.6939  1.678    7  0.000  0.527     0.00     0.00     0.00     0.00     0.00 -1    -1e-30      0.00 7.483e-01 2.514e-01 5.609e-05 1.632e-05 1.422e-04 -1.000 3.284e-04 -1.195 -1.615 -2.043 -2.407 -2.915 -3.121 -3.172 -3.194 -3.188 -2.806 -3.182 -2.796 -3.068 -3.112 -3.132 -3.157 -3.180 -3.190 -3.196 -3.204 -3.196 -3.170 -3.177 -2.981
0.00029609 -1.72000 10.00000 0.8502324820 2.4351055622    0.791  2.427  3.6912  1.626    7  0.000  0.527     0.00     0.00     0.00     0.00     0.00 -1    -1e-30      0.00 7.483e-01 2.514e-01 5.606e-05 1.633e-05 1.422e-04 -1.000 3.285e-04 -1.298 -1.717 -2.151 -2.519 -3.034 -3.243 -3.295 -3.317 -3.310 -2.924 -3.305 -2.913 -3.189 -3.234 -3.254 -3.279 -3.303 -3.313 -3.319 -3.327 -3.318 -3.290 -3.297 -3.101
0.00029609 -1.72000 10.00000 0.8502451181 2.4351093769    0.791  2.468  3.6885  1.574    7  0.000  0.525     0.00     0.00     0.00     0.00     0.00 -1    -1e-30      0.00 7.482e-01 2.514e-01 5.594e-05 1.639e-05 1.422e-04 -1.000 3.285e-04 -1.400 -1.818 -2.257 -2.630 -3.153 -3.365 -3.417 -3.439 -3.431 -3.042 -3.427 -3.029 -3.310 -3.356 -3.376 -3.400 -3.426 -3.436 -3.442 -3.450 -3.440 -3.410 -3.417 -3.220
0.00029609 -1.72000 10.00000 0.8502565026 2.4351127148    0.791  2.509  3.6859  1.523    7  0.000  0.521     6.36     5.11     3.64     2.81     2.27  3    -1e-30      0.00 7.482e-01 2.515e-01 5.558e-05 1.666e-05 1.422e-04 -1.000 3.285e-04 -1.503 -1.918 -2.363 -2.742 -3.271 -3.487 -3.539 -3.562 -3.553 -3.159 -3.549 -3.145 -3.431 -3.478 -3.498 -3.521 -3.548 -3.558 -3.565 -3.573 -3.562 -3.530 -3.537 -3.339
0.00029609 -1.72000 10.00000 0.8502668142 2.4351158142    0.791  2.550  3.6832  1.471    7  0.000  0.513     7.09     5.61     3.98     3.08     2.49  3    -1e-30      0.00 7.481e-01 2.515e-01 5.481e-05 1.741e-05 1.422e-04 -1.000 3.285e-04 -1.605 -2.021 -2.471 -2.855 -3.391 -3.609 -3.660 -3.684 -3.675 -3.278 -3.671 -3.263 -3.553 -3.600 -3.620 -3.642 -3.671 -3.680 -3.687 -3.695 -3.684 -3.650 -3.658 -3.460
0.00029609 -1.72000 10.00000 0.8502761722 2.4351186752    0.791  2.590  3.6806  1.420    7  0.000  0.501     7.91     6.15     4.35     3.37     2.72  3    -1e-30      0.00 7.480e-01 2.517e-01 5.365e-05 1.875e-05 1.422e-04 -1.000 3.253e-04 -1.706 -2.123 -2.580 -2.968 -3.511 -3.730 -3.781 -3.806 -3.796 -3.396 -3.792 -3.381 -3.674 -3.721 -3.742 -3.762 -3.792 -3.802 -3.809 -3.817 -3.806 -3.770 -3.778 -3.581
0.00029609 -1.72000 10.00000 0.8502846956 2.4351212978    0.791  2.631  3.6779  1.369    7  0.000  0.490     8.81     6.75     4.75     3.68     2.98  3    -1e-30      0.00 7.479e-01 2.518e-01 5.247e-05 2.019e-05 1.422e-04 -1.000 3.171e-04 -1.807 -2.224 -2.686 -3.079 -3.629 -3.851 -3.901 -3.927 -3.916 -3.514 -3.912 -3.498 -3.794 -3.841 -3.862 -3.880 -3.913 -3.922 -3.930 -3.938 -3.927 -3.886 -3.896 -3.700
0.00029609 -1.72000 10.00000 0.8502927423 2.4351239204    0.791  2.671  3.6752  1.318    7  0.000  0.480     9.81     7.40     5.18     4.02     3.26  3    -1e-30      0.00 7.478e-01 2.519e-01 5.142e-05 2.148e-05 1.422e-04 -1.000 3.179e-04 -1.907 -2.325 -2.793 -3.191 -3.747 -3.971 -4.020 -4.047 -4.035 -3.631 -4.032 -3.614 -3.914 -3.962 -3.982 -3.998 -4.033 -4.043 -4.050 -4.059 -4.047 -4.002 -4.014 -3.819
0.00029609 -1.72000 10.00000 0.8503003716 2.4351260662    0.791  2.711  3.6725  1.267    7  0.000  0.471    10.93     8.11     5.66     4.40     3.56  3    -1e-30      0.00 7.476e-01 2.520e-01 5.047e-05 2.265e-05 1.422e-04 -1.000 3.260e-04 -2.007 -2.425 -2.900 -3.303 -3.866 -4.091 -4.140 -4.168 -4.154 -3.748 -4.152 -3.731 -4.034 -4.082 -4.103 -4.115 -4.154 -4.164 -4.171 -4.181 -4.168 -4.117 -4.131 -3.939
0.00029609 -1.72000 10.00000 0.8503077626 2.4351284504    0.791  2.751  3.6697  1.216    7  0.000  0.463    12.18     8.89     6.18     4.81     3.90  2    -1e-30      0.00 7.475e-01 2.522e-01 4.967e-05 2.364e-05 1.422e-04 -1.000 3.064e-04 -2.107 -2.525 -3.006 -3.415 -3.984 -4.211 -4.259 -4.289 -4.273 -3.865 -4.272 -3.848 -4.154 -4.202 -4.223 -4.233 -4.274 -4.284 -4.292 -4.302 -4.288 -4.232 -4.247 -4.058
0.00029609 -1.72000 10.00000 0.8503149152 2.4351305962    0.791  2.792  3.6670  1.165    7  0.000  0.456    13.59     9.76     6.76     5.27     4.27  2    -1e-30      0.00 7.474e-01 2.523e-01 4.897e-05 2.451e-05 1.422e-04 -1.000 2.950e-04 -2.209 -2.625 -3.113 -3.528 -4.104 -4.334 -4.380 -4.412 -4.394 -3.984 -4.394 -3.966 -4.276 -4.325 -4.345 -4.352 -4.397 -4.407 -4.414 -4.425 -4.411 -4.348 -4.366 -4.179
0.00029609 -1.72000 10.00000 0.8503214121 2.4351325035    0.791  2.833  3.6641  1.112    7  0.000  0.451    15.18    10.73     7.39     5.77     4.68  2    -1e-30      0.00 7.472e-01 2.525e-01 4.834e-05 2.528e-05 1.422e-04 -1.000 3.279e-04 -2.311 -2.726 -3.222 -3.642 -4.226 -4.457 -4.503 -4.536 -4.516 -4.105 -4.517 -4.086 -4.399 -4.448 -4.469 -4.472 -4.521 -4.531 -4.539 -4.549 -4.535 -4.466 -4.485 -4.301
0.00029609 -1.72000 10.00000 0.8503274322 2.4351344109    0.791  2.875  3.6611  1.058    7  0.000  0.446    17.03    11.84     8.12     6.35     5.14  2    -1e-30      0.00 7.470e-01 2.526e-01 4.779e-05 2.597e-05 1.421e-04 -1.000 3.284e-04 -2.417 -2.830 -3.334 -3.760 -4.352 -4.585 -4.629 -4.664 -4.642 -4.229 -4.645 -4.210 -4.526 -4.577 -4.597 -4.596 -4.650 -4.659 -4.667 -4.678 -4.663 -4.587 -4.609 -4.428
0.00029609 -1.72000 10.00000 0.8503327370 2.4351360798    0.791  2.918  3.6580  1.002    7  0.000  0.441    19.18    13.10     8.95     7.00     5.68  2    -1e-30      0.00 7.468e-01 2.528e-01 4.730e-05 2.659e-05 1.420e-04 -1.000 3.284e-04 -2.526 -2.936 -3.449 -3.882 -4.482 -4.718 -4.760 -4.798 -4.773 -4.358 -4.777 -4.338 -4.658 -4.710 -4.730 -4.723 -4.783 -4.792 -4.800 -4.812 -4.796 -4.713 -4.736 -4.559
0.00029609 -1.72000 10.00000 0.8503367901 2.4351372719    0.791  2.960  3.6550  0.949    7  0.000  0.438    21.48    14.43     9.81     7.69     6.24  2    -1e-30      0.00 7.467e-01 2.530e-01 4.691e-05 2.712e-05 1.419e-04 -1.000 3.285e-04 -2.629 -3.032 -3.554 -3.995 -4.603 -4.844 -4.885 -4.925 -4.899 -4.479 -4.902 -4.456 -4.782 -4.835 -4.856 -4.845 -4.909 -4.919 -4.927 -4.939 -4.922 -4.834 -4.859 -4.681
0.00029609 -1.72000 10.00000 0.8503402472 2.4351382256    0.791  2.998  3.6522  0.899    7  0.000  0.436    23.84    15.77    10.68     8.39     6.80  2    -1e-30      0.00 7.466e-01 2.531e-01 4.660e-05 2.757e-05 1.417e-04 -1.000 3.285e-04 -2.725 -3.120 -3.651 -4.099 -4.714 -4.959 -5.000 -5.042 -5.014 -4.589 -5.018 -4.565 -4.896 -4.950 -4.972 -4.957 -5.026 -5.036 -5.044 -5.057 -5.039 -4.946 -4.971 -4.794
0.00029609 -1.72000 10.00000 0.8503437042 2.4351394176    0.791  3.037  3.6493  0.848    7  0.000  0.434    26.56    17.30    11.66     9.17     7.44  1    -1e-30      0.00 7.464e-01 2.533e-01 4.635e-05 2.798e-05 1.415e-04 -1.000 3.285e-04 -2.823 -3.211 -3.751 -4.206 -4.829 -5.079 -5.118 -5.162 -5.133 -4.704 -5.138 -4.678 -5.013 -5.069 -5.091 -5.073 -5.147 -5.156 -5.165 -5.178 -5.159 -5.062 -5.088 -4.909
0.00029609 -1.72000 10.00000 0.8503466845 2.4351401329    0.791  3.090  3.6453  0.780    7  0.000  0.433    30.70    19.57    13.12    10.34     8.39  1    -1e-30      0.00 7.463e-01 2.534e-01 4.616e-05 2.834e-05 1.413e-04 -1.000 3.284e-04 -2.954 -3.329 -3.882 -4.347 -4.982 -5.239 -5.277 -5.324 -5.293 -4.857 -5.298 -4.827 -5.170 -5.228 -5.251 -5.228 -5.308 -5.318 -5.327 -5.340 -5.321 -5.217 -5.244 -5.064
0.00029609 -1.72000 10.00000 0.8503495455 2.4351410866    0.791  3.186  3.6379  0.654    7  0.000  0.432    40.12    24.59    16.32    12.90    10.47  1    -1e-30      0.00 7.458e-01 2.539e-01 4.576e-05 2.952e-05 1.405e-04 -1.000 3.279e-04 -3.195 -3.545 -4.123 -4.608 -5.263 -5.533 -5.569 -5.623 -5.587 -5.138 -5.593 -5.103 -5.459 -5.522 -5.547 -5.514 -5.606 -5.616 -5.626 -5.639 -5.619 -5.503 -5.532 -5.349
0.00029609 -1.72000 10.00000 0.8503497243 2.4351410866    0.792  3.204  3.6364  0.630    7  0.000  0.431    42.18    25.66    17.00    13.44    10.92  1    -1e-30      0.00 7.458e-01 2.539e-01 4.574e-05 2.957e-05 1.405e-04 -1.000 3.277e-04 -3.240 -3.583 -4.167 -4.655 -5.315 -5.588 -5.624 -5.678 -5.642 -5.190 -5.648 -5.154 -5.513 -5.577 -5.602 -5.567 -5.661 -5.672 -5.681 -5.695 -5.674 -5.556 -5.585 -5.402
0.00029609 -1.72000 10.00000 0.8503499627 2.4351410866    0.791  3.226  3.6345  0.600    7  0.000  0.430    44.96    27.10    17.91    14.17    11.51  1    -1e-30      0.00 7.456e-01 2.541e-01 4.540e-05 3.039e-05 1.400e-04 -1.000 3.277e-04 -3.296 -3.631 -4.222 -4.716 -5.382 -5.658 -5.693 -5.749 -5.712 -5.257 -5.718 -5.218 -5.581 -5.647 -5.672 -5.634 -5.732 -5.742 -5.752 -5.766 -5.745 -5.624 -5.653 -5.469
0.00029609 -1.72000 10.00000 0.8503502607 2.4351413250    0.792  3.260  3.6317  0.555    7  0.000  0.429    49.44    29.38    19.35    15.33    12.45  1    -1e-30      0.00 7.454e-01 2.542e-01 4.509e-05 3.125e-05 1.394e-04 -1.000 3.279e-04 -3.380 -3.703 -4.304 -4.806 -5.481 -5.762 -5.795 -5.854 -5.816 -5.355 -5.821 -5.314 -5.683 -5.751 -5.777 -5.734 -5.836 -5.847 -5.857 -5.872 -5.850 -5.724 -5.754 -5.569
0.00029609 -1.72000 10.00000 0.8503507972 2.4351415634    0.792  3.299  3.6285  0.503    7  0.000  0.429    55.24    32.30    21.18    16.80    13.65  1    -1e-30      0.00 7.453e-01 2.544e-01 4.489e-05 3.189e-05 1.390e-04 -1.000 3.283e-04 -3.479 -3.788 -4.401 -4.912 -5.596 -5.884 -5.916 -5.978 -5.938 -5.471 -5.943 -5.427 -5.802 -5.872 -5.899 -5.852 -5.959 -5.970 -5.981 -5.995 -5.973 -5.843 -5.873 -5.686
0.00029609 -1.72000 10.00000 0.8503509760 2.4351415634    0.792  3.308  3.6278  0.492    7  0.542  0.429    56.54    32.95    21.58    17.13    13.92  1    -1e-30      0.00 7.452e-01 2.544e-01 4.485e-05 3.201e-05 1.388e-04 -1.000 3.284e-04 -3.500 -3.806 -4.421 -4.934 -5.620 -5.910 -5.941 -6.004 -5.963 -5.495 -5.969 -5.451 -5.827 -5.898 -5.924 -5.877 -5.985 -5.996 -6.007 -6.021 -5.999 -5.868 -5.899 -5.711
0.00029609 -1.72000 10.00000 0.8503510952 2.4351415634    0.791  3.357  3.6227  0.423    8  0.536  0.420    65.46    37.34    24.32    19.34    15.72  1 -6.81e-07      0.00 7.406e-01 2.592e-01 4.295e-05 3.729e-05 1.405e-04 -1.000 2.492e-04 -3.621 -3.900 -4.537 -5.066 -5.768 -6.068 -6.098 -6.164 -6.123 -5.643 -6.127 -5.593 -5.980 -6.055 -6.083 -6.029 -6.145 -6.157 -6.167 -6.183 -6.160 -6.024 -6.055 -5.861
0.00029609 -1.72000 10.00000 0.8503511548 2.4351415634    0.790  3.178  3.6364  0.655    8  0.536  0.408    39.98    24.51    16.27    12.86    10.44  1 -3.08e-07      0.00 7.406e-01 2.592e-01 4.295e-05 3.729e-05 1.405e-04 -1.000 2.491e-04 -3.175 -3.519 -4.101 -4.589 -5.250 -5.523 -5.558 -5.612 -5.577 -5.124 -5.582 -5.088 -5.447 -5.512 -5.536 -5.501 -5.595 -5.606 -5.615 -5.629 -5.608 -5.491 -5.520 -5.336
0.00029609 -1.72000 10.00000 0.8503512740 2.4351415634    0.788  3.034  3.6482  0.845    8  0.536  0.408    26.70    17.37    11.71     9.21     7.47  1 -1.66e-07      0.00 7.406e-01 2.592e-01 4.295e-05 3.729e-05 1.405e-04 -1.000 2.492e-04 -2.814 -3.198 -3.741 -4.199 -4.825 -5.077 -5.116 -5.161 -5.132 -4.700 -5.136 -4.673 -5.011 -5.067 -5.090 -5.070 -5.146 -5.155 -5.164 -5.177 -5.158 -5.059 -5.085 -4.907
0.00029609 -1.72000 10.00000 0.8503514528 2.4351415634    0.783  2.827  3.6649  1.116    8  0.536  0.408    15.02    10.63     7.33     5.72     4.63  2 -7.12e-08      0.00 7.406e-01 2.592e-01 4.295e-05 3.729e-05 1.405e-04 -1.000 2.491e-04 -2.298 -2.713 -3.207 -3.626 -4.208 -4.438 -4.484 -4.517 -4.497 -4.086 -4.498 -4.068 -4.380 -4.429 -4.450 -4.454 -4.502 -4.511 -4.519 -4.530 -4.515 -4.448 -4.467 -4.283
0.00029609 -1.72000 10.00000 0.8503517509 2.4351418018    0.776  2.832  3.6643  1.105    8  0.536  0.408    15.34    10.82     7.45     5.82     4.72  2 -7.38e-08      0.00 7.406e-01 2.592e-01 4.295e-05 3.729e-05 1.405e-04 -1.000 2.491e-04 -2.311 -2.726 -3.221 -3.641 -4.224 -4.456 -4.501 -4.534 -4.514 -4.103 -4.516 -4.084 -4.397 -4.447 -4.467 -4.470 -4.519 -4.529 -4.537 -4.547 -4.533 -4.464 -4.484 -4.300
0.00029609 -1.72000 10.00000 0.8503521681 2.4351418018    0.768  2.922  3.6567  0.980    8  0.536  0.408    19.94    13.53     9.22     7.23     5.86  2 -1.09e-07      0.00 7.406e-01 2.592e-01 4.295e-05 3.729e-05 1.405e-04 -1.000 2.491e-04 -2.536 -2.943 -3.459 -3.896 -4.499 -4.738 -4.779 -4.817 -4.792 -4.375 -4.796 -4.354 -4.677 -4.728 -4.749 -4.741 -4.802 -4.812 -4.820 -4.832 -4.816 -4.730 -4.754 -4.577
0.00029609 -1.72000 10.00000 0.8503525853 2.4351420403    0.759  3.089  3.6428  0.753    8  0.537  0.408    32.19    20.33    13.60    10.73     8.71  1 -2.28e-07      0.00 7.406e-01 2.592e-01 4.295e-05 3.729e-05 1.405e-04 -1.000 2.491e-04 -2.951 -3.319 -3.879 -4.350 -4.992 -5.253 -5.291 -5.340 -5.307 -4.867 -5.312 -4.835 -5.183 -5.243 -5.266 -5.240 -5.323 -5.334 -5.343 -5.356 -5.336 -5.229 -5.256 -5.075
0.00029609 -1.72000 10.00000 0.8503531218 2.4351422787    0.747  3.235  3.6305  0.550    8  0.537  0.408    49.36    29.21    19.22    15.26    12.39  1 -4.53e-07      0.00 7.406e-01 2.592e-01 4.295e-05 3.729e-05 1.405e-04 -1.000 2.492e-04 -3.318 -3.637 -4.242 -4.747 -5.425 -5.709 -5.742 -5.801 -5.762 -5.299 -5.768 -5.257 -5.629 -5.697 -5.723 -5.679 -5.783 -5.794 -5.804 -5.819 -5.797 -5.670 -5.700 -5.514
0.00029609 -1.72000 10.00000 0.8503537178 2.4351422787    0.735  3.333  3.6222  0.412    8  0.537  0.408    66.04    37.35    24.29    19.37    15.73  1 -7.32e-07      0.00 7.406e-01 2.592e-01 4.295e-05 3.729e-05 1.405e-04 -1.000 2.491e-04 -3.562 -3.838 -4.478 -5.008 -5.712 -6.013 -6.042 -6.109 -6.068 -5.587 -6.072 -5.537 -5.924 -6.000 -6.028 -5.973 -6.091 -6.102 -6.112 -6.129 -6.105 -5.969 -6.000 -5.805
0.00029609 -1.72000 10.00000 0.8503544331 2.4351425171    0.721  3.386  3.6174  0.331    8  0.538  0.408    78.22    43.03    27.79    22.22    18.05  1 -9.79e-07      0.00 7.406e-01 2.592e-01 4.295e-05 3.729e-05 1.405e-04 -1.000 2.491e-04 -3.696 -3.944 -4.606 -5.152 -5.870 -6.181 -6.209 -6.281 -6.239 -5.745 -6.242 -5.690 -6.087 -6.167 -6.197 -6.136 -6.261 -6.273 -6.284 -6.301 -6.277 -6.136 -6.167 -5.965
0.00029609 -1.72000 10.00000 0.8503552079 2.4351427555    0.705  3.413  3.6148  0.284    8  0.538  0.408    86.14    46.58    29.96    24.00    19.50  1 -1.17e-06      0.00 7.406e-01 2.592e-01 4.295e-05 3.729e-05 1.405e-04 -1.000 2.492e-04 -3.764 -3.996 -4.670 -5.224 -5.950 -6.267 -6.294 -6.369 -6.328 -5.826 -6.328 -5.768 -6.170 -6.253 -6.284 -6.220 -6.348 -6.361 -6.373 -6.390 -6.366 -6.223 -6.254 -6.046
0.00029609 -1.72000 10.00000 0.8503560424 2.4351429939    0.689  3.430  3.6130  0.250    8  0.539  0.408    92.28    49.23    31.57    25.34    20.58  1 -1.34e-06      0.00 7.406e-01 2.592e-01 4.295e-05 3.729e-05 1.405e-04 -1.000 2.492e-04 -3.805 -4.025 -4.709 -5.269 -6.000 -6.321 -6.348 -6.425 -6.384 -5.876 -6.383 -5.816 -6.222 -6.307 -6.338 -6.272 -6.403 -6.417 -6.429 -6.446 -6.423 -6.278 -6.309 -6.097
0.00029609 -1.72000 10.00000 0.8503599167 2.4351441860    0.541 -9.999  4.0000  1.786    9  0.541  0.000     0.00     0.00     0.00     0.00     0.00 -1    -1e-30      0.00 7.406e-01 2.592e-01 4.295e-05 3.729e-05 1.405e-04 -1.000 2.492e-04 29.767 30.056 30.039 30.081 30.080 30.080 30.078 30.081 30.078 30.079 30.079 30.087 30.066 30.073 30.084 30.084 30.079 30.082 30.081 30.077 30.078 30.075 30.079 30.077
#isochrone terminated
