# File generated by CMD 3.3 (http://stev.oapd.inaf.it/cmd) on Fri Nov 20 18:10:06 CET 2020
# isochrones based on PARSEC release v1.2S +  COLIBRI S_35
# Basic references: Bressan et al. (2012), MNRAS, 427, 127 + Chen et al. (2014, 2015), MNRAS, 444, 2525 + MNRAS, 452, 1068 + Tang et al. (2014), MNRAS, 445, 4287 + Marigo et al. (2017), ApJ, 835, 77 + Pastorelli al. (2019), MNRAS in press
# Thermal pulse cycles included 
# On RGB, assumed Reimers mass loss with efficiency eta=0.2
# Photometric system: JWST NIRCam wide+verywide+medium filters, Vegamags
# Using OBC version of bolometric corrections as detailed in Marigo et al. (2008, A&A 482, 883) and Girardi et al. (2008, PASP 120, 583
# O-rich circumstellar dpmod60alox40 dust from Groenewegen (2006)
# C-rich circumstellar AMCSIC15 dust from Groenewegen (2006)
# IMF: Kroupa (2001, 2002) + Kroupa et al. (2013) canonical two-part-power law IMF corrected for unresolved binaries 
# Kind of output: isochrone tables
# Zini     MH   logAge Mini        int_IMF         Mass   logL    logTe  logg  label   McoreTP C_O  period0 period1 pmode  Mloss  tau1m   X   Y   Xc  Xn  Xo  Cexcess  Z 	 mbolmag  F070Wmag  F090Wmag  F115Wmag  F150Wmag  F200Wmag  F277Wmag  F356Wmag  F444Wmag  F150W2mag  F322W2mag  F140Mmag  F162Mmag  F182Mmag  F210Mmag  F250Mmag  F300Mmag  F335Mmag  F360Mmag  F410Mmag  F430Mmag  F460Mmag  F480Mmag  F150WS60mag
0.00024632 -1.80000 10.03743 0.0900000036 1.0816895962    0.090 -3.198  3.4846  5.481    1  0.000  0.545     0.00     0.00 -1 -4.82e-17      0.00 7.485e-01 2.512e-01 4.823e-05 1.301e-05 1.180e-04 -1.000 2.682e-04 12.766 13.004 11.763 11.036 10.501 10.419 10.209 9.807 9.755 10.654 10.019 10.603 10.374 10.438 10.382 10.320 10.088 9.852 9.770 9.719 9.738 9.798 9.742 10.450
0.00024632 -1.80000 10.03743 0.0975997373 1.1507375240    0.098 -2.920  3.5255  5.401    1  0.000  0.545     0.00     0.00 -1 -9.66e-17      0.00 7.468e-01 2.529e-01 4.823e-05 1.301e-05 1.180e-04 -1.000 2.682e-04 12.069 12.083 11.110 10.463 9.881 9.664 9.498 9.214 9.154 10.000 9.367 10.008 9.714 9.699 9.619 9.566 9.432 9.259 9.182 9.125 9.138 9.194 9.146 9.810
0.00024632 -1.80000 10.03743 0.1000000015 1.1711064577    0.100 -2.836  3.5377  5.377    1  0.000  0.545     0.00     0.00 -1 -1.19e-16      0.00 7.463e-01 2.535e-01 4.823e-05 1.301e-05 1.180e-04 -1.000 2.681e-04 11.861 11.812 10.908 10.287 9.702 9.461 9.302 9.048 8.987 9.813 9.186 9.831 9.530 9.497 9.416 9.363 9.245 9.091 9.017 8.961 8.972 9.024 8.978 9.629
0.00024632 -1.80000 10.03743 0.1199999973 1.3193154335    0.120 -2.544  3.5685  5.287    1  0.000  0.545     0.00     0.00 -1 -2.36e-16      0.00 7.434e-01 2.563e-01 4.823e-05 1.301e-05 1.180e-04 -1.000 2.682e-04 11.129 10.944 10.190 9.633 9.060 8.774 8.630 8.445 8.386 9.152 8.546 9.190 8.884 8.812 8.733 8.679 8.590 8.483 8.419 8.365 8.373 8.418 8.380 8.984
0.00024632 -1.80000 10.03743 0.1400000006 1.4384527206    0.140 -2.360  3.5834  5.230    1  0.000  0.545     0.00     0.00 -1 -3.56e-16      0.00 7.414e-01 2.583e-01 4.823e-05 1.301e-05 1.180e-04 -1.000 2.683e-04 10.671 10.428 9.717 9.181 8.621 8.350 8.247 8.033 7.971 8.715 8.150 8.756 8.439 8.386 8.309 8.288 8.217 8.080 8.000 7.943 7.955 8.006 7.981 8.544
0.00024632 -1.80000 10.03743 0.1599999964 1.5372931957    0.160 -2.217  3.5931  5.184    1  0.000  0.545     0.00     0.00 -1 -4.87e-16      0.00 7.401e-01 2.597e-01 4.823e-05 1.301e-05 1.180e-04 -1.000 2.682e-04 10.314 10.021 9.351 8.844 8.291 8.023 7.951 7.739 7.681 8.384 7.855 8.429 8.105 8.057 7.985 7.981 7.933 7.784 7.705 7.652 7.663 7.715 7.699 8.213
0.00024632 -1.80000 10.03743 0.2000000179 1.6938792467    0.200 -1.997  3.6055  5.110    1  0.000  0.545     0.00     0.00 -1 -7.88e-16      0.00 7.391e-01 2.606e-01 4.823e-05 1.301e-05 1.180e-04 -1.000 2.682e-04 9.763 9.432 8.802 8.322 7.775 7.506 7.437 7.256 7.206 7.867 7.356 7.913 7.592 7.538 7.471 7.462 7.424 7.294 7.227 7.181 7.190 7.236 7.225 7.699
0.00024632 -1.80000 10.03743 0.2500000298 1.8403259516    0.250 -1.794  3.6165  5.048    1  0.000  0.545     0.00     0.00 -1 -1.21e-15      0.00 7.392e-01 2.605e-01 4.822e-05 1.301e-05 1.180e-04 -1.000 2.682e-04 9.256 8.906 8.304 7.843 7.301 7.027 6.939 6.800 6.760 7.390 6.877 7.435 7.123 7.057 6.995 6.966 6.923 6.828 6.779 6.739 6.747 6.785 6.772 7.226
0.00024632 -1.80000 10.03743 0.3000000417 1.9529141188    0.300 -1.639  3.6255  5.008    1  0.000  0.545     0.00     0.00 -1 -1.65e-15      0.00 7.393e-01 2.604e-01 4.821e-05 1.301e-05 1.180e-04 -1.000 2.682e-04 8.867 8.503 7.923 7.477 6.939 6.664 6.559 6.454 6.422 7.028 6.512 7.071 6.765 6.692 6.634 6.588 6.540 6.475 6.439 6.406 6.411 6.443 6.429 6.865
0.00024632 -1.80000 10.03743 0.3500000238 2.0434176922    0.350 -1.512  3.6336  4.980    1  0.000  0.544     0.00     0.00 -1 -2.12e-15      0.00 7.392e-01 2.605e-01 4.819e-05 1.301e-05 1.180e-04 -1.000 2.680e-04 8.549 8.172 7.613 7.179 6.647 6.379 6.273 6.183 6.156 6.738 6.233 6.776 6.477 6.405 6.351 6.301 6.254 6.201 6.171 6.141 6.146 6.175 6.162 6.575
0.00024632 -1.80000 10.03743 0.4000000358 2.1185026169    0.400 -1.383  3.6432  4.947    1  0.000  0.545     0.00     0.00 -1 -2.77e-15      0.00 7.503e-01 2.494e-01 4.823e-05 1.301e-05 1.180e-04 -1.000 2.681e-04 8.226 7.834 7.298 6.879 6.356 6.096 5.991 5.918 5.896 6.448 5.959 6.482 6.190 6.120 6.070 6.019 5.973 5.932 5.908 5.882 5.887 5.914 5.901 6.286
0.00024632 -1.80000 10.03743 0.4500000477 2.1822810173    0.450 -1.223  3.6592  4.903    1  0.000  0.545     0.00     0.00 -1 -3.96e-15      0.00 7.506e-01 2.491e-01 4.823e-05 1.301e-05 1.180e-04 -1.000 2.683e-04 7.828 7.413 6.916 6.522 6.015 5.773 5.676 5.621 5.606 6.110 5.652 6.136 5.858 5.794 5.752 5.701 5.659 5.632 5.614 5.593 5.598 5.622 5.610 5.948
0.00024632 -1.80000 10.03743 0.5000000000 2.2374541759    0.500 -1.045  3.6792  4.851    1  0.000  0.545     0.00     0.00 -1 -6.01e-15      0.00 7.506e-01 2.491e-01 4.823e-05 1.301e-05 1.180e-04 -1.000 2.682e-04 7.383 6.949 6.498 6.135 5.656 5.438 5.352 5.312 5.302 5.752 5.335 5.768 5.510 5.455 5.420 5.373 5.338 5.320 5.307 5.291 5.296 5.314 5.306 5.593
0.00024632 -1.80000 10.03743 0.5500000715 2.2836585045    0.550 -0.842  3.7005  4.774    1  0.000  0.544     0.00     0.00 -1 -9.99e-15      0.00 7.817e-01 2.182e-01 4.259e-05 1.150e-05 1.043e-04 -1.000 1.713e-04 6.876 6.435 6.027 5.697 5.249 5.058 4.984 4.955 4.946 5.345 4.971 5.352 5.116 5.071 5.043 5.002 4.973 4.961 4.951 4.939 4.941 4.952 4.948 5.192
0.00024632 -1.80000 10.03743 0.5719971061 2.3010683060    0.572 -0.751  3.7118  4.745    1  0.000  0.544     0.00     0.00 -1 -1.25e-14      0.00 7.866e-01 2.132e-01 4.175e-05 1.127e-05 1.023e-04 -1.000 2.037e-04 6.647 6.209 5.822 5.509 5.078 4.900 4.833 4.809 4.799 5.174 4.822 5.177 4.952 4.911 4.887 4.849 4.825 4.814 4.806 4.795 4.796 4.802 4.800 5.024
0.00024632 -1.80000 10.03743 0.6000000238 2.3211214542    0.600 -0.639  3.7258  4.710    1  0.000  0.544     0.00     0.00 -1 -1.64e-14      0.00 7.926e-01 2.071e-01 4.071e-05 1.100e-05 9.982e-05 -1.000 2.407e-04 6.367 5.937 5.576 5.283 4.871 4.708 4.651 4.631 4.622 4.967 4.643 4.964 4.753 4.718 4.698 4.664 4.644 4.635 4.629 4.620 4.620 4.621 4.622 4.820
0.00024632 -1.80000 10.03743 0.6129378080 2.3296778202    0.613 -0.584  3.7333  4.694    1  0.000  0.544     0.00     0.00 -1 -1.88e-14      0.00 7.961e-01 2.037e-01 4.013e-05 1.084e-05 9.843e-05 -1.000 2.143e-04 6.229 5.808 5.460 5.176 4.774 4.620 4.567 4.550 4.541 4.870 4.560 4.865 4.660 4.628 4.610 4.579 4.561 4.554 4.548 4.540 4.540 4.539 4.541 4.725
0.00024632 -1.80000 10.03743 0.6261576414 2.3380022049    0.626 -0.527  3.7410  4.677    1  0.000  0.543     0.00     0.00 -1 -2.16e-14      0.00 7.999e-01 1.999e-01 3.950e-05 1.067e-05 9.693e-05 -1.000 2.168e-04 6.087 5.676 5.341 5.067 4.675 4.529 4.481 4.467 4.458 4.771 4.475 4.763 4.565 4.537 4.520 4.491 4.476 4.470 4.465 4.458 4.458 4.455 4.458 4.628
0.00024632 -1.80000 10.03743 0.6374643445 2.3448076248    0.637 -0.478  3.7475  4.663    1  0.000  0.543     0.00     0.00 -1 -2.44e-14      0.00 8.033e-01 1.965e-01 3.894e-05 1.052e-05 9.557e-05 -1.000 2.193e-04 5.966 5.564 5.240 4.974 4.590 4.451 4.407 4.395 4.387 4.686 4.402 4.675 4.483 4.458 4.443 4.416 4.403 4.398 4.394 4.387 4.386 4.383 4.386 4.544
0.00024632 -1.80000 10.03743 0.6483976841 2.3511295319    0.648 -0.431  3.7537  4.647    1  0.000  0.543     0.00     0.00 -1 -2.74e-14      0.00 8.068e-01 1.930e-01 3.837e-05 1.037e-05 9.420e-05 -1.000 2.369e-04 5.847 5.455 5.142 4.883 4.507 4.374 4.334 4.324 4.316 4.602 4.329 4.590 4.402 4.380 4.366 4.342 4.331 4.327 4.323 4.317 4.316 4.313 4.316 4.462
0.00024632 -1.80000 10.03743 0.6499999762 2.3520355225    0.650 -0.424  3.7546  4.645    1  0.000  0.543     0.00     0.00 -1 -2.79e-14      0.00 8.073e-01 1.925e-01 3.828e-05 1.035e-05 9.400e-05 -1.000 2.162e-04 5.829 5.439 5.127 4.870 4.495 4.362 4.323 4.313 4.306 4.590 4.318 4.577 4.390 4.368 4.355 4.331 4.320 4.316 4.312 4.306 4.305 4.302 4.305 4.450
0.00024632 -1.80000 10.03743 0.6610301137 2.3581352234    0.661 -0.375  3.7605  4.627    1  0.000  0.543     0.00     0.00 -1 -3.16e-14      0.00 8.118e-01 1.880e-01 3.755e-05 1.015e-05 9.223e-05 -1.000 2.094e-04 5.708 5.328 5.025 4.775 4.407 4.281 4.245 4.238 4.230 4.502 4.242 4.488 4.306 4.286 4.274 4.252 4.243 4.240 4.237 4.231 4.230 4.226 4.230 4.364
0.00024632 -1.80000 10.03743 0.6743990183 2.3652215004    0.674 -0.316  3.7675  4.604    1  0.000  0.542     0.00     0.00 -1 -3.68e-14      0.00 8.175e-01 1.822e-01 3.659e-05 9.899e-06 8.997e-05 -1.000 2.454e-04 5.559 5.190 4.899 4.657 4.299 4.180 4.148 4.142 4.136 4.393 4.145 4.377 4.201 4.184 4.174 4.154 4.147 4.145 4.142 4.137 4.136 4.131 4.136 4.257
0.00024632 -1.80000 10.03743 0.6867769361 2.3715004921    0.687 -0.259  3.7738  4.581    1  0.000  0.542     0.00     0.00 -1 -4.26e-14      0.00 8.233e-01 1.764e-01 3.564e-05 9.645e-06 8.769e-05 -1.000 2.416e-04 5.418 5.061 4.780 4.545 4.196 4.083 4.055 4.050 4.044 4.289 4.053 4.271 4.101 4.086 4.078 4.060 4.054 4.052 4.049 4.045 4.044 4.040 4.044 4.155
0.00024632 -1.80000 10.03743 0.6981489658 2.3770439625    0.698 -0.206  3.7794  4.558    1  0.000  0.541     0.00     0.00 -1 -4.79e-14      0.00 8.291e-01 1.707e-01 3.470e-05 9.395e-06 8.545e-05 -1.000 2.320e-04 5.286 4.938 4.666 4.439 4.097 3.990 3.965 3.962 3.956 4.189 3.963 4.170 4.005 3.993 3.985 3.969 3.965 3.964 3.961 3.956 3.956 3.952 3.956 4.057
0.00024632 -1.80000 10.03743 0.6999999881 2.3779268265    0.700 -0.198  3.7804  4.554    1  0.000  0.541     0.00     0.00 -1 -5.02e-14      0.00 8.301e-01 1.697e-01 3.454e-05 9.353e-06 8.507e-05 -1.000 2.193e-04 5.264 4.918 4.647 4.421 4.080 3.974 3.949 3.946 3.941 4.173 3.948 4.153 3.989 3.977 3.969 3.953 3.950 3.948 3.946 3.941 3.940 3.936 3.941 4.040
0.00024632 -1.80000 10.03743 0.7088836432 2.3820898533    0.709 -0.155  3.7845  4.533    1  0.000  0.539     0.00     0.00 -1 -5.64e-14      0.00 8.352e-01 1.647e-01 3.363e-05 9.131e-06 8.311e-05 -1.000 1.455e-04 5.156 4.818 4.554 4.332 3.998 3.896 3.873 3.871 3.865 4.090 3.872 4.069 3.909 3.899 3.892 3.877 3.874 3.873 3.870 3.866 3.865 3.861 3.865 3.959
0.00024632 -1.80000 10.03743 0.7193884850 2.3868601322    0.719 -0.102  3.7893  4.506    1  0.000  0.537     0.00     0.00 -1 -6.52e-14      0.00 8.410e-01 1.588e-01 3.260e-05 8.877e-06 8.087e-05 -1.000 1.921e-04 5.025 4.695 4.439 4.223 3.895 3.799 3.778 3.776 3.771 3.987 3.777 3.965 3.810 3.801 3.795 3.781 3.779 3.778 3.775 3.771 3.771 3.767 3.771 3.858
0.00024632 -1.80000 10.03743 0.7292925119 2.3912131786    0.729 -0.050  3.7938  4.478    1  0.000  0.535     0.00     0.00 -1 -7.53e-14      0.00 8.462e-01 1.536e-01 3.168e-05 8.656e-06 7.892e-05 -1.000 1.768e-04 4.895 4.573 4.324 4.113 3.793 3.701 3.681 3.680 3.675 3.884 3.681 3.860 3.710 3.703 3.697 3.684 3.683 3.682 3.680 3.676 3.675 3.671 3.675 3.757
0.00024632 -1.80000 10.03743 0.7379862666 2.3949239254    0.738 -0.002  3.7976  4.450    1  0.000  0.533     0.00     0.00 -1 -8.63e-14      0.00 8.505e-01 1.493e-01 3.096e-05 8.481e-06 7.737e-05 -1.000 1.636e-04 4.775 4.459 4.216 4.010 3.697 3.609 3.590 3.589 3.584 3.787 3.590 3.762 3.617 3.610 3.605 3.593 3.592 3.591 3.589 3.585 3.584 3.580 3.584 3.662
0.00024632 -1.80000 10.03743 0.7465708852 2.3984904289    0.746  0.047  3.8012  4.420    1  0.000  0.531     0.00     0.00 -1 -9.94e-14      0.00 8.544e-01 1.455e-01 3.032e-05 8.328e-06 7.603e-05 -1.000 1.467e-04 4.651 4.341 4.104 3.903 3.596 3.511 3.494 3.493 3.488 3.685 3.493 3.659 3.518 3.513 3.507 3.496 3.495 3.494 3.492 3.488 3.488 3.484 3.488 3.562
0.00024632 -1.80000 10.03743 0.7500000000 2.3998889923    0.749  0.068  3.8027  4.408    1  0.000  0.531     0.00     0.00 -1 -1.05e-13      0.00 8.558e-01 1.441e-01 3.009e-05 8.273e-06 7.555e-05 -1.000 1.454e-04 4.601 4.292 4.058 3.858 3.554 3.470 3.454 3.453 3.448 3.643 3.453 3.617 3.477 3.472 3.467 3.456 3.455 3.455 3.452 3.448 3.448 3.444 3.448 3.521
0.00024632 -1.80000 10.03743 0.7581298351 2.4031465054    0.758  0.118  3.8062  4.376    1  0.000  0.530     0.00     0.00 -1 -1.22e-13      0.00 8.569e-01 1.429e-01 3.002e-05 8.261e-06 7.548e-05 -1.000 1.579e-04 4.474 4.171 3.943 3.747 3.450 3.369 3.354 3.353 3.348 3.537 3.353 3.510 3.375 3.371 3.366 3.356 3.355 3.354 3.352 3.348 3.348 3.344 3.348 3.417
0.00024632 -1.80000 10.03743 0.7661215067 2.4062714577    0.765  0.172  3.8096  4.341    1  0.000  0.530     0.00     0.00 -1 -1.43e-13      0.00 8.579e-01 1.419e-01 2.998e-05 8.254e-06 7.546e-05 -1.000 1.991e-04 4.340 4.042 3.820 3.628 3.338 3.260 3.245 3.245 3.240 3.424 3.245 3.396 3.265 3.262 3.257 3.247 3.247 3.246 3.244 3.240 3.240 3.236 3.240 3.306
0.00024632 -1.80000 10.03743 0.7734873891 2.4090857506    0.773  0.225  3.8127  4.304    1  0.000  0.529     0.00     0.00 -1 -1.68e-13      0.00 8.587e-01 1.411e-01 2.997e-05 8.253e-06 7.547e-05 -1.000 1.858e-04 4.208 3.913 3.696 3.509 3.224 3.149 3.135 3.135 3.130 3.309 3.135 3.281 3.154 3.151 3.146 3.137 3.137 3.136 3.134 3.130 3.130 3.126 3.130 3.194
0.00024632 -1.80000 10.03743 0.7802287936 2.4116082191    0.779  0.277  3.8153  4.265    1  0.000  0.529     0.00     0.00 -1 -1.97e-13      0.00 8.594e-01 1.405e-01 2.996e-05 8.254e-06 7.551e-05 -1.000 1.454e-04 4.077 3.785 3.573 3.389 3.110 3.037 3.023 3.023 3.018 3.193 3.023 3.165 3.041 3.038 3.034 3.025 3.025 3.024 3.022 3.018 3.018 3.014 3.018 3.080
0.00024632 -1.80000 10.03743 0.7863974571 2.4138727188    0.785  0.329  3.8173  4.225    1  0.000  0.529     0.00     0.00 -1 -2.31e-13      0.00 8.598e-01 1.400e-01 2.998e-05 8.262e-06 7.561e-05 -1.000 1.543e-04 3.948 3.659 3.450 3.269 2.994 2.923 2.909 2.909 2.904 3.076 2.909 3.048 2.927 2.924 2.920 2.911 2.911 2.910 2.908 2.905 2.904 2.900 2.904 2.965
0.00024632 -1.80000 10.03743 0.7921436429 2.4159455299    0.791  0.380  3.8186  4.183    1  0.000  0.529     0.00     0.00 -1 -2.72e-13      0.00 8.590e-01 1.408e-01 3.019e-05 8.319e-06 7.613e-05 -1.000 1.622e-04 3.820 3.532 3.325 3.146 2.875 2.804 2.791 2.791 2.786 2.956 2.791 2.928 2.809 2.806 2.802 2.793 2.793 2.792 2.790 2.787 2.786 2.782 2.786 2.846
0.00024632 -1.80000 10.03743 0.7960804701 2.4173460007    0.795  0.417  3.8191  4.150    1  0.000  0.529     0.00     0.00 -1 -3.09e-13      0.00 8.582e-01 1.416e-01 3.037e-05 8.369e-06 7.659e-05 -1.000 1.664e-04 3.729 3.441 3.235 3.056 2.787 2.717 2.704 2.703 2.699 2.868 2.703 2.840 2.721 2.718 2.714 2.706 2.706 2.705 2.702 2.699 2.698 2.695 2.699 2.758
0.00024632 -1.80000 10.03743 0.7974167466 2.4178178310    0.796  0.431  3.8189  4.136    1  0.000  0.529     0.00     0.00 -1 -3.24e-13      0.00 8.579e-01 1.419e-01 3.043e-05 8.387e-06 7.676e-05 -1.000 1.671e-04 3.693 3.405 3.199 3.020 2.750 2.680 2.667 2.666 2.662 2.831 2.666 2.803 2.685 2.682 2.677 2.669 2.669 2.668 2.665 2.662 2.661 2.658 2.662 2.721
0.00024632 -1.80000 10.03743 0.8000000119 2.4187245369    0.799  0.459  3.8182  4.106    1  0.000  0.529     0.00     0.00 -1 -3.56e-13      0.00 8.574e-01 1.425e-01 3.056e-05 8.422e-06 7.707e-05 -1.000 1.682e-04 3.622 3.332 3.125 2.945 2.674 2.603 2.590 2.589 2.585 2.755 2.589 2.727 2.608 2.605 2.601 2.592 2.592 2.591 2.588 2.585 2.584 2.581 2.584 2.645
0.00024632 -1.80000 10.03743 0.8025320768 2.4196069241    0.801  0.487  3.8175  4.076    1  0.000  0.529     0.00     0.00 -1 -3.91e-13      0.00 8.565e-01 1.433e-01 3.071e-05 8.463e-06 7.745e-05 -1.000 1.723e-04 3.551 3.260 3.052 2.871 2.599 2.528 2.515 2.514 2.509 2.681 2.514 2.653 2.533 2.530 2.526 2.517 2.516 2.515 2.513 2.510 2.509 2.505 2.509 2.570
0.00024632 -1.80000 10.03743 0.8065080047 2.4209794998    0.805  0.538  3.8144  4.015    1  0.000  0.529     0.00     0.00 -1 -4.71e-13      0.00 8.552e-01 1.446e-01 3.095e-05 8.529e-06 7.804e-05 -1.000 1.785e-04 3.424 3.127 2.915 2.730 2.452 2.378 2.365 2.364 2.359 2.535 2.364 2.507 2.384 2.380 2.376 2.367 2.366 2.365 2.363 2.360 2.359 2.355 2.359 2.422
0.00024632 -1.80000 10.03743 0.8071798086 2.4212098122    0.806  0.548  3.8137  4.003    1  0.000  0.529     0.00     0.00 -1 -4.89e-13      0.00 8.550e-01 1.448e-01 3.099e-05 8.540e-06 7.814e-05 -1.000 1.796e-04 3.401 3.103 2.889 2.703 2.424 2.350 2.336 2.335 2.330 2.507 2.335 2.479 2.356 2.352 2.347 2.338 2.337 2.336 2.334 2.331 2.330 2.326 2.330 2.394
0.00024632 -1.80000 10.03743 0.8078548908 2.4214408398    0.806  0.558  3.8126  3.989    2  0.000  0.529     0.00     0.00 -1 -5.11e-13      0.00 8.548e-01 1.450e-01 3.103e-05 8.551e-06 7.824e-05 -1.000 1.806e-04 3.375 3.075 2.860 2.672 2.392 2.316 2.303 2.301 2.296 2.475 2.302 2.447 2.322 2.318 2.314 2.305 2.304 2.303 2.300 2.297 2.296 2.292 2.296 2.361
0.00024632 -1.80000 10.03743 0.8101217747 2.4222135544    0.809  0.595  3.8074  3.932    2  0.000  0.529     0.00     0.00 -1  -5.9e-13      0.00 8.541e-01 1.458e-01 3.117e-05 8.588e-06 7.858e-05 -1.000 1.842e-04 3.281 2.973 2.749 2.555 2.265 2.185 2.171 2.169 2.164 2.350 2.170 2.323 2.193 2.187 2.183 2.173 2.172 2.171 2.168 2.165 2.164 2.160 2.164 2.233
0.00024632 -1.80000 10.03743 0.8118477464 2.4227986336    0.810  0.629  3.8010  3.874    2  0.000  0.529     0.00     0.00 -1 -6.81e-13      0.00 8.535e-01 1.463e-01 3.127e-05 8.616e-06 7.883e-05 -1.000 1.869e-04 3.198 2.880 2.645 2.444 2.141 2.056 2.040 2.038 2.032 2.228 2.039 2.203 2.065 2.057 2.053 2.043 2.041 2.040 2.037 2.033 2.032 2.028 2.032 2.108
0.00024632 -1.80000 10.03743 0.8131936789 2.4232528210    0.812  0.658  3.7934  3.814    2  0.000  0.529     0.00     0.00 -1  -7.8e-13      0.00 8.531e-01 1.467e-01 3.135e-05 8.638e-06 7.903e-05 -1.000 1.890e-04 3.124 2.794 2.547 2.336 2.019 1.926 1.909 1.906 1.900 2.108 1.908 2.084 1.937 1.928 1.923 1.912 1.910 1.908 1.905 1.901 1.900 1.896 1.900 1.983
0.00024632 -1.80000 10.03743 0.8142756820 2.4236166477    0.813  0.685  3.7849  3.755    2  0.000  0.529     0.00     0.00 -1 -8.88e-13      0.00 8.501e-01 1.497e-01 3.223e-05 8.877e-06 8.120e-05 -1.000 1.895e-04 3.058 2.716 2.456 2.233 1.900 1.800 1.780 1.778 1.771 1.992 1.779 1.970 1.813 1.802 1.797 1.784 1.781 1.780 1.777 1.772 1.771 1.766 1.770 1.862
0.00024632 -1.80000 10.03743 0.8151763678 2.4239187241    0.813  0.709  3.7762  3.697    2  0.000  0.530     0.00     0.00 -1    -1e-12      0.00 8.391e-01 1.607e-01 3.432e-05 9.442e-06 8.627e-05 -1.000 1.840e-04 2.998 2.645 2.370 2.136 1.786 1.678 1.656 1.653 1.646 1.881 1.655 1.861 1.693 1.680 1.674 1.661 1.657 1.655 1.652 1.647 1.646 1.641 1.645 1.746
0.00024632 -1.80000 10.03743 0.8159606457 2.4241809845    0.814  0.731  3.7682  3.642    2  0.000  0.532     0.00     0.00 -1 -1.12e-12      0.00 8.145e-01 1.853e-01 3.793e-05 1.041e-05 9.492e-05 -1.000 2.218e-04 2.942 2.579 2.290 2.045 1.681 1.564 1.541 1.536 1.529 1.778 1.539 1.760 1.582 1.566 1.560 1.545 1.541 1.539 1.535 1.530 1.529 1.524 1.528 1.638
0.00024632 -1.80000 10.03743 0.8166839480 2.4244225025    0.815  0.756  3.7606  3.587    2  0.000  0.535     0.00     0.00 -1 -1.27e-12      0.00 7.937e-01 2.061e-01 4.095e-05 1.122e-05 1.021e-04 -1.000 2.063e-04 2.880 2.508 2.207 1.951 1.572 1.448 1.422 1.417 1.409 1.671 1.420 1.655 1.468 1.451 1.444 1.427 1.422 1.419 1.416 1.410 1.409 1.405 1.408 1.527
0.00024632 -1.80000 10.03743 0.8174096942 2.4246642590    0.816  0.789  3.7534  3.526    2  0.000  0.536     0.00     0.00 -1 -1.47e-12      0.00 7.804e-01 2.193e-01 4.289e-05 1.174e-05 1.067e-04 -1.000 2.448e-04 2.797 2.417 2.104 1.838 1.446 1.314 1.286 1.280 1.272 1.546 1.284 1.533 1.337 1.317 1.309 1.292 1.286 1.283 1.279 1.273 1.272 1.268 1.271 1.399
0.00024632 -1.80000 10.03743 0.8179771304 2.4248530865    0.816  0.824  3.7486  3.472    2  0.000  0.536     0.00     0.00 -1 -1.69e-12      0.00 7.743e-01 2.254e-01 4.380e-05 1.198e-05 1.089e-04 -1.000 2.584e-04 2.710 2.326 2.004 1.731 1.331 1.194 1.164 1.158 1.150 1.432 1.162 1.420 1.218 1.198 1.189 1.171 1.164 1.161 1.157 1.151 1.150 1.146 1.149 1.283
0.00024632 -1.80000 10.03743 0.8185386062 2.4250395298    0.817  0.865  3.7447  3.416    2  0.000  0.536     0.00     0.00 -1 -1.98e-12      0.00 7.702e-01 2.296e-01 4.441e-05 1.214e-05 1.104e-04 -1.000 2.454e-04 2.608 2.220 1.891 1.612 1.204 1.064 1.033 1.026 1.018 1.306 1.030 1.296 1.089 1.067 1.058 1.039 1.032 1.028 1.024 1.018 1.018 1.013 1.017 1.155
0.00024632 -1.80000 10.03743 0.8187140822 2.4250977039    0.817  0.880  3.7437  3.397    3  0.000  0.536     0.00     0.00 -1  -2.1e-12      0.00 7.693e-01 2.305e-01 4.454e-05 1.218e-05 1.107e-04 -1.000 2.053e-04 2.571 2.181 1.850 1.571 1.161 1.019 0.988 0.981 0.973 1.263 0.985 1.253 1.045 1.023 1.014 0.995 0.987 0.984 0.980 0.974 0.973 0.969 0.972 1.112
0.00024632 -1.80000 10.03743 0.8191851377 2.4252536297    0.817  0.922  3.7413  3.346    3  0.000  0.537     0.00     0.00 -1 -2.44e-12      0.00 7.669e-01 2.329e-01 4.486e-05 1.226e-05 1.115e-04 -1.000 2.658e-04 2.465 2.073 1.738 1.455 1.041 0.897 0.865 0.857 0.849 1.144 0.862 1.134 0.924 0.901 0.891 0.872 0.864 0.860 0.856 0.850 0.849 0.845 0.849 0.991
0.00024632 -1.80000 10.03743 0.8197001815 2.4254240990    0.818  0.972  3.7389  3.287    3  0.000  0.537     0.00     0.00 -1 -2.93e-12      0.00 7.646e-01 2.352e-01 4.514e-05 1.234e-05 1.121e-04 -1.000 2.613e-04 2.341 1.946 1.607 1.321 0.902 0.755 0.723 0.715 0.707 1.005 0.720 0.997 0.783 0.759 0.749 0.730 0.722 0.718 0.714 0.708 0.707 0.703 0.706 0.851
0.00024632 -1.80000 10.03743 0.8201374412 2.4255685806    0.818  1.017  3.7372  3.234    3  0.000  0.537     0.00     0.00 -1 -3.45e-12      0.00 7.627e-01 2.370e-01 4.533e-05 1.239e-05 1.126e-04 -1.000 2.611e-04 2.227 1.831 1.489 1.200 0.777 0.629 0.597 0.588 0.580 0.881 0.593 0.873 0.657 0.633 0.623 0.604 0.595 0.591 0.587 0.581 0.580 0.576 0.579 0.726
0.00024632 -1.80000 10.03743 0.8205552101 2.4257066250    0.818  1.063  3.7355  3.181    3  0.000  0.537     0.00     0.00 -1 -4.08e-12      0.00 7.611e-01 2.386e-01 4.548e-05 1.243e-05 1.130e-04 -1.000 2.682e-04 2.111 1.713 1.369 1.077 0.651 0.501 0.468 0.460 0.452 0.756 0.464 0.748 0.530 0.505 0.495 0.476 0.467 0.463 0.459 0.452 0.451 0.448 0.451 0.599
0.00024632 -1.80000 10.03743 0.8209794760 2.4258465767    0.819  1.114  3.7338  3.124    3  0.000  0.537     0.00     0.00 -1  -4.9e-12      0.00 7.594e-01 2.403e-01 4.560e-05 1.247e-05 1.133e-04 -1.000 2.638e-04 1.985 1.586 1.238 0.944 0.515 0.363 0.329 0.321 0.313 0.620 0.325 0.613 0.392 0.367 0.356 0.337 0.328 0.324 0.320 0.313 0.312 0.309 0.312 0.462
0.00024632 -1.80000 10.03743 0.8213693500 2.4259748459    0.819  1.164  3.7322  3.068    3  0.000  0.536     0.00     0.00 -1 -5.86e-12      0.00 7.578e-01 2.419e-01 4.566e-05 1.251e-05 1.136e-04 -1.000 2.522e-04 1.859 1.459 1.109 0.812 0.380 0.226 0.192 0.184 0.176 0.485 0.189 0.478 0.256 0.230 0.220 0.200 0.191 0.187 0.182 0.176 0.175 0.172 0.175 0.326
0.00024632 -1.80000 10.03743 0.8217192888 2.4260900021    0.819  1.213  3.7307  3.013    3  0.000  0.535     0.00     0.00 -1 -6.98e-12      0.00 7.565e-01 2.433e-01 4.567e-05 1.256e-05 1.138e-04 -1.000 2.399e-04 1.737 1.336 0.983 0.684 0.248 0.093 0.059 0.050 0.043 0.354 0.055 0.348 0.123 0.097 0.086 0.067 0.058 0.053 0.049 0.042 0.042 0.039 0.042 0.194
0.00024632 -1.80000 10.03743 0.8220251799 2.4261906147    0.819  1.259  3.7293  2.961    3  0.000  0.534     0.00     0.00 -1 -8.25e-12      0.00 7.552e-01 2.445e-01 4.562e-05 1.262e-05 1.139e-04 -1.000 2.602e-04 1.622 1.219 0.864 0.562 0.124 -0.033 -0.067 -0.076 -0.084 0.230 -0.071 0.224 -0.003 -0.029 -0.040 -0.059 -0.069 -0.073 -0.078 -0.085 -0.085 -0.087 -0.085 0.069
0.00024632 -1.80000 10.03743 0.8223231435 2.4262883663    0.820  1.308  3.7278  2.906    3  0.000  0.532     0.00     0.00 -1 -9.84e-12      0.00 7.540e-01 2.457e-01 4.550e-05 1.273e-05 1.141e-04 -1.000 2.678e-04 1.499 1.096 0.737 0.433 -0.008 -0.167 -0.201 -0.210 -0.218 0.098 -0.205 0.094 -0.136 -0.162 -0.173 -0.193 -0.203 -0.207 -0.212 -0.218 -0.219 -0.221 -0.218 -0.063
0.00024632 -1.80000 10.03743 0.8226090074 2.4263823032    0.820  1.359  3.7262  2.849    3  0.000  0.530     0.00     0.00 -1 -1.18e-11      0.00 7.530e-01 2.467e-01 4.533e-05 1.289e-05 1.142e-04 -1.000 2.635e-04 1.371 0.966 0.605 0.298 -0.146 -0.306 -0.341 -0.350 -0.358 -0.039 -0.345 -0.044 -0.275 -0.302 -0.313 -0.333 -0.343 -0.347 -0.352 -0.359 -0.359 -0.361 -0.359 -0.201
0.00024632 -1.80000 10.03743 0.8228486776 2.4264607430    0.820  1.406  3.7246  2.796    3  0.000  0.528     0.00     0.00 -1  -1.4e-11      0.00 7.522e-01 2.475e-01 4.516e-05 1.306e-05 1.143e-04 -1.000 2.597e-04 1.254 0.848 0.483 0.175 -0.273 -0.435 -0.469 -0.479 -0.487 -0.166 -0.474 -0.169 -0.403 -0.430 -0.441 -0.461 -0.472 -0.476 -0.481 -0.488 -0.488 -0.490 -0.487 -0.328
0.00024632 -1.80000 10.03743 0.8230671883 2.4265322685    0.820  1.453  3.7231  2.743    3  0.000  0.526     0.00     0.00 -1 -1.66e-11      0.00 7.515e-01 2.482e-01 4.498e-05 1.324e-05 1.143e-04 -1.000 2.674e-04 1.138 0.730 0.363 0.052 -0.398 -0.562 -0.597 -0.607 -0.615 -0.291 -0.601 -0.294 -0.529 -0.558 -0.568 -0.589 -0.599 -0.604 -0.608 -0.615 -0.616 -0.617 -0.615 -0.455
0.00024632 -1.80000 10.03743 0.8232727647 2.4265997410    0.820  1.501  3.7215  2.689    3  0.000  0.524     0.00     0.00 -1 -1.97e-11      0.00 7.510e-01 2.487e-01 4.482e-05 1.342e-05 1.144e-04 -1.000 2.651e-04 1.019 0.610 0.240 -0.073 -0.527 -0.693 -0.728 -0.738 -0.745 -0.419 -0.732 -0.422 -0.659 -0.688 -0.699 -0.719 -0.730 -0.735 -0.740 -0.747 -0.747 -0.747 -0.745 -0.584
0.00024632 -1.80000 10.03743 0.8234543800 2.4266591072    0.820  1.547  3.7199  2.637    3  0.000  0.522     0.00     0.00 -1 -2.32e-11      0.00 7.506e-01 2.491e-01 4.469e-05 1.356e-05 1.144e-04 -1.000 2.635e-04 0.904 0.494 0.121 -0.195 -0.652 -0.819 -0.855 -0.865 -0.873 -0.544 -0.859 -0.546 -0.786 -0.815 -0.826 -0.846 -0.857 -0.862 -0.867 -0.874 -0.874 -0.874 -0.872 -0.709
0.00024632 -1.80000 10.03743 0.8236271739 2.4267156124    0.820  1.594  3.7183  2.582    3  0.000  0.521     0.00     0.00 -1 -2.76e-11      0.00 7.503e-01 2.494e-01 4.460e-05 1.366e-05 1.144e-04 -1.000 2.659e-04 0.784 0.374 -0.003 -0.321 -0.782 -0.951 -0.987 -0.997 -1.004 -0.674 -0.991 -0.674 -0.917 -0.946 -0.958 -0.978 -0.989 -0.994 -0.999 -1.006 -1.006 -1.005 -1.004 -0.840
0.00024632 -1.80000 10.03743 0.8237794638 2.4267654419    0.820  1.641  3.7166  2.530    3  0.000  0.520     0.00     0.00 -1 -3.26e-11      0.00 7.502e-01 2.496e-01 4.454e-05 1.373e-05 1.145e-04 -1.000 2.682e-04 0.669 0.258 -0.122 -0.443 -0.907 -1.078 -1.114 -1.125 -1.132 -0.798 -1.119 -0.798 -1.043 -1.073 -1.085 -1.105 -1.117 -1.122 -1.127 -1.134 -1.133 -1.132 -1.131 -0.966
0.00024632 -1.80000 10.03743 0.8239149451 2.4268097878    0.820  1.685  3.7150  2.478    3  0.000  0.520     0.00     0.00 -1 -3.84e-11      0.00 7.501e-01 2.496e-01 4.450e-05 1.377e-05 1.145e-04 -1.000 2.681e-04 0.557 0.146 -0.237 -0.561 -1.029 -1.202 -1.237 -1.249 -1.255 -0.919 -1.242 -0.919 -1.166 -1.197 -1.208 -1.229 -1.240 -1.246 -1.251 -1.258 -1.257 -1.255 -1.254 -1.088
0.00024632 -1.80000 10.03743 0.8240441084 2.4268519878    0.820  1.731  3.7133  2.425    3  0.000  0.520     0.00     0.00 -1 -4.54e-11      0.00 7.501e-01 2.497e-01 4.449e-05 1.378e-05 1.145e-04 -1.000 2.682e-04 0.441 0.029 -0.358 -0.683 -1.155 -1.330 -1.366 -1.377 -1.384 -1.045 -1.371 -1.044 -1.294 -1.325 -1.336 -1.357 -1.369 -1.374 -1.379 -1.387 -1.386 -1.383 -1.383 -1.214
0.00024632 -1.80000 10.03743 0.8241609931 2.4268901348    0.819  1.777  3.7116  2.373    3  0.000  0.520     0.00     0.00 -1 -5.35e-11      0.00 7.501e-01 2.497e-01 4.449e-05 1.379e-05 1.145e-04 -1.000 2.682e-04 0.327 -0.086 -0.476 -0.804 -1.279 -1.456 -1.493 -1.504 -1.511 -1.170 -1.498 -1.168 -1.420 -1.451 -1.463 -1.484 -1.496 -1.501 -1.506 -1.514 -1.513 -1.510 -1.509 -1.339
0.00024632 -1.80000 10.03743 0.8242638707 2.4269237518    0.819  1.821  3.7099  2.322    3  0.000  0.520     0.00     0.00 -1 -6.28e-11      0.00 7.501e-01 2.497e-01 4.449e-05 1.379e-05 1.145e-04 -1.000 2.682e-04 0.218 -0.196 -0.589 -0.920 -1.399 -1.578 -1.614 -1.626 -1.632 -1.289 -1.620 -1.286 -1.540 -1.573 -1.584 -1.605 -1.618 -1.623 -1.628 -1.636 -1.635 -1.631 -1.631 -1.459
0.00024632 -1.80000 10.03743 0.8243584037 2.4269545078    0.819  1.864  3.7082  2.272    3  0.000  0.520     0.00     0.00 -1 -7.35e-11      0.00 7.500e-01 2.497e-01 4.449e-05 1.379e-05 1.145e-04 -1.000 2.682e-04 0.110 -0.305 -0.701 -1.035 -1.517 -1.698 -1.735 -1.747 -1.753 -1.407 -1.741 -1.403 -1.660 -1.693 -1.705 -1.725 -1.739 -1.744 -1.749 -1.757 -1.755 -1.751 -1.751 -1.578
0.00024632 -1.80000 10.03743 0.8244498968 2.4269845486    0.819  1.909  3.7064  2.220    3  0.000  0.520     0.00     0.00 -1 -8.66e-11      0.00 7.500e-01 2.497e-01 4.448e-05 1.380e-05 1.145e-04 -1.000 2.681e-04 -0.003 -0.418 -0.818 -1.155 -1.641 -1.823 -1.861 -1.874 -1.879 -1.530 -1.867 -1.526 -1.785 -1.818 -1.830 -1.851 -1.865 -1.870 -1.876 -1.884 -1.882 -1.876 -1.877 -1.703
0.00024632 -1.80000 10.03743 0.8245299459 2.4270105362    0.819  1.952  3.7046  2.170    3  0.000  0.519     0.00     0.00 -1 -1.01e-10      0.00 7.500e-01 2.497e-01 4.448e-05 1.380e-05 1.145e-04 -1.000 2.682e-04 -0.110 -0.526 -0.930 -1.269 -1.759 -1.944 -1.981 -1.995 -1.999 -1.648 -1.987 -1.642 -1.905 -1.938 -1.950 -1.971 -1.986 -1.991 -1.996 -2.004 -2.002 -1.996 -1.997 -1.821
0.00024632 -1.80000 10.03743 0.8246036172 2.4270346165    0.818  1.994  3.7029  2.120    3  0.000  0.519     0.00     0.00 -1 -1.18e-10      0.00 7.500e-01 2.497e-01 4.448e-05 1.380e-05 1.145e-04 -1.000 2.682e-04 -0.216 -0.632 -1.040 -1.382 -1.876 -2.062 -2.101 -2.114 -2.118 -1.764 -2.107 -1.758 -2.023 -2.057 -2.069 -2.090 -2.105 -2.111 -2.116 -2.124 -2.121 -2.114 -2.115 -1.939
0.00024632 -1.80000 10.03743 0.8246733546 2.4270572662    0.818  2.038  3.7011  2.070    3  0.000  0.519     0.00     0.00 -1 -1.38e-10      0.00 7.500e-01 2.497e-01 4.448e-05 1.380e-05 1.145e-04 -1.000 2.682e-04 -0.324 -0.741 -1.152 -1.497 -1.994 -2.183 -2.221 -2.235 -2.239 -1.882 -2.228 -1.875 -2.143 -2.178 -2.190 -2.211 -2.226 -2.231 -2.237 -2.245 -2.242 -2.235 -2.236 -2.058
0.00024632 -1.80000 10.03743 0.8247346878 2.4270772934    0.818  2.078  3.6993  2.022    3  0.000  0.519     0.00     0.00 -1 -1.61e-10      0.00 7.500e-01 2.497e-01 4.448e-05 1.381e-05 1.145e-04 -1.000 2.682e-04 -0.425 -0.842 -1.257 -1.605 -2.106 -2.297 -2.336 -2.350 -2.353 -1.994 -2.342 -1.986 -2.257 -2.292 -2.305 -2.325 -2.341 -2.346 -2.352 -2.360 -2.357 -2.348 -2.350 -2.170
0.00024632 -1.80000 10.03743 0.8247938156 2.4270966053    0.817  2.118  3.6976  1.974    3  0.000  0.519     0.00     0.00 -1 -1.86e-10      0.00 7.500e-01 2.497e-01 4.448e-05 1.381e-05 1.145e-04 -1.000 2.682e-04 -0.526 -0.943 -1.361 -1.713 -2.218 -2.411 -2.450 -2.464 -2.467 -2.105 -2.456 -2.096 -2.370 -2.405 -2.418 -2.439 -2.454 -2.460 -2.466 -2.474 -2.471 -2.462 -2.463 -2.282
0.00024632 -1.80000 10.03743 0.8248551488 2.4271166325    0.817  2.156  3.6960  1.930    3  0.000  0.519     0.00     0.00 -1 -2.14e-10      0.00 7.500e-01 2.497e-01 4.447e-05 1.381e-05 1.145e-04 -1.000 2.682e-04 -0.621 -1.039 -1.460 -1.814 -2.323 -2.517 -2.557 -2.571 -2.574 -2.210 -2.563 -2.200 -2.476 -2.512 -2.525 -2.545 -2.562 -2.568 -2.573 -2.581 -2.578 -2.568 -2.570 -2.388
0.00024632 -1.80000 10.03743 0.8249099851 2.4271345139    0.816  2.181  3.6950  1.900    3  0.000  0.519     0.00     0.00 -1 -2.36e-10      0.00 7.500e-01 2.497e-01 4.447e-05 1.381e-05 1.145e-04 -1.000 2.682e-04 -0.683 -1.101 -1.524 -1.880 -2.391 -2.587 -2.627 -2.641 -2.643 -2.278 -2.633 -2.268 -2.545 -2.581 -2.594 -2.615 -2.631 -2.637 -2.643 -2.651 -2.648 -2.637 -2.639 -2.456
0.00024632 -1.80000 10.03743 0.8249477148 2.4271469116    0.816  2.169  3.6958  1.916    3  0.000  0.519     0.00     0.00 -1 -2.27e-10      0.00 7.500e-01 2.497e-01 4.447e-05 1.381e-05 1.145e-04 -1.000 2.682e-04 -0.652 -1.070 -1.492 -1.846 -2.355 -2.549 -2.589 -2.603 -2.606 -2.242 -2.595 -2.232 -2.508 -2.544 -2.557 -2.577 -2.594 -2.600 -2.605 -2.613 -2.610 -2.600 -2.602 -2.420
0.00024632 -1.80000 10.03743 0.8249527216 2.4271483421    0.816  2.167  3.6959  1.918    3  0.000  0.519     0.00     0.00 -1 -2.25e-10      0.00 7.500e-01 2.497e-01 4.447e-05 1.381e-05 1.145e-04 -1.000 2.682e-04 -0.648 -1.065 -1.487 -1.841 -2.350 -2.544 -2.584 -2.598 -2.601 -2.237 -2.590 -2.227 -2.503 -2.539 -2.552 -2.572 -2.589 -2.595 -2.600 -2.608 -2.605 -2.595 -2.597 -2.415
0.00024632 -1.80000 10.03743 0.8249809742 2.4271576405    0.815  2.193  3.6947  1.887    3  0.000  0.519     0.00     0.00 -1 -2.46e-10      0.00 7.500e-01 2.497e-01 4.447e-05 1.381e-05 1.145e-04 -1.000 2.683e-04 -0.714 -1.131 -1.556 -1.912 -2.423 -2.619 -2.659 -2.674 -2.676 -2.310 -2.666 -2.300 -2.577 -2.614 -2.627 -2.647 -2.664 -2.670 -2.676 -2.684 -2.680 -2.669 -2.671 -2.489
0.00024632 -1.80000 10.03743 0.8250237703 2.4271717072    0.815  2.235  3.6928  1.837    3  0.000  0.519     0.00     0.00 -1 -2.86e-10      0.00 7.500e-01 2.497e-01 4.447e-05 1.382e-05 1.145e-04 -1.000 2.682e-04 -0.818 -1.236 -1.664 -2.024 -2.539 -2.737 -2.778 -2.793 -2.794 -2.426 -2.784 -2.414 -2.694 -2.732 -2.745 -2.765 -2.783 -2.789 -2.795 -2.803 -2.799 -2.786 -2.788 -2.605
0.00024632 -1.80000 10.03743 0.8250636458 2.4271845818    0.814  2.276  3.6909  1.788    3  0.000  0.519     0.00     0.00 -1 -3.33e-10      0.00 7.500e-01 2.497e-01 4.447e-05 1.382e-05 1.145e-04 -1.000 2.682e-04 -0.921 -1.338 -1.770 -2.133 -2.653 -2.853 -2.894 -2.910 -2.910 -2.539 -2.901 -2.527 -2.810 -2.848 -2.861 -2.881 -2.900 -2.906 -2.912 -2.920 -2.916 -2.901 -2.904 -2.720
0.00024632 -1.80000 10.03743 0.8251004219 2.4271965027    0.814  2.317  3.6889  1.740    3  0.000  0.519     0.00     0.00 -1 -3.86e-10      0.00 7.500e-01 2.497e-01 4.447e-05 1.382e-05 1.145e-04 -1.000 2.682e-04 -1.022 -1.439 -1.875 -2.242 -2.765 -2.969 -3.010 -3.026 -3.026 -2.652 -3.017 -2.638 -2.924 -2.963 -2.976 -2.996 -3.015 -3.022 -3.028 -3.036 -3.031 -3.014 -3.018 -2.833
0.00024632 -1.80000 10.03743 0.8251327872 2.4272069931    0.813  2.355  3.6871  1.694    3  0.000  0.519     0.00     0.00 -1 -4.44e-10      0.00 7.500e-01 2.497e-01 4.447e-05 1.382e-05 1.145e-04 -1.000 2.682e-04 -1.117 -1.533 -1.974 -2.343 -2.871 -3.076 -3.118 -3.134 -3.134 -2.757 -3.125 -2.743 -3.031 -3.070 -3.084 -3.104 -3.124 -3.130 -3.137 -3.145 -3.139 -3.121 -3.125 -2.939
0.00024632 -1.80000 10.03743 0.8251641989 2.4272172451    0.813  2.394  3.6852  1.647    3  0.000  0.519     0.00     0.00 -1 -5.14e-10      0.00 7.500e-01 2.497e-01 4.447e-05 1.382e-05 1.145e-04 -1.000 2.683e-04 -1.215 -1.631 -2.076 -2.449 -2.981 -3.188 -3.230 -3.247 -3.246 -2.866 -3.238 -2.851 -3.143 -3.182 -3.196 -3.216 -3.236 -3.243 -3.249 -3.258 -3.252 -3.231 -3.236 -3.050
0.00024632 -1.80000 10.03743 0.8251919150 2.4272263050    0.812  2.431  3.6833  1.602    3  0.000  0.519     0.00     0.00 -1  -5.9e-10      0.00 7.500e-01 2.497e-01 4.447e-05 1.382e-05 1.145e-04 -1.000 2.681e-04 -1.308 -1.723 -2.172 -2.548 -3.085 -3.295 -3.337 -3.354 -3.352 -2.970 -3.345 -2.954 -3.248 -3.289 -3.303 -3.322 -3.343 -3.350 -3.357 -3.365 -3.359 -3.336 -3.341 -3.155
0.00024632 -1.80000 10.03743 0.8252187967 2.4272351265    0.811  2.469  3.6815  1.555    3  0.000  0.519     0.00     0.00 -1  -6.8e-10      0.00 7.500e-01 2.497e-01 4.447e-05 1.382e-05 1.145e-04 -1.000 2.682e-04 -1.404 -1.818 -2.272 -2.651 -3.192 -3.404 -3.446 -3.464 -3.461 -3.077 -3.454 -3.059 -3.357 -3.398 -3.412 -3.431 -3.453 -3.460 -3.467 -3.475 -3.468 -3.443 -3.449 -3.262
0.00024632 -1.80000 10.03743 0.8252425790 2.4272427559    0.810  2.506  3.6796  1.511    3  0.000  0.519     0.00     0.00 -1 -7.78e-10      0.00 7.500e-01 2.498e-01 4.447e-05 1.382e-05 1.145e-04 -1.000 2.682e-04 -1.495 -1.908 -2.365 -2.748 -3.294 -3.509 -3.550 -3.569 -3.565 -3.178 -3.559 -3.160 -3.461 -3.502 -3.517 -3.535 -3.558 -3.565 -3.572 -3.581 -3.573 -3.546 -3.553 -3.365
0.00024632 -1.80000 10.03743 0.8252704144 2.4272518158    0.809  2.551  3.6772  1.456    3  0.000  0.519     0.00     0.00 -1 -9.21e-10      0.00 7.500e-01 2.498e-01 4.446e-05 1.382e-05 1.145e-04 -1.000 2.682e-04 -1.608 -2.019 -2.482 -2.870 -3.421 -3.639 -3.681 -3.701 -3.695 -3.305 -3.690 -3.286 -3.590 -3.632 -3.647 -3.664 -3.689 -3.696 -3.703 -3.712 -3.704 -3.674 -3.681 -3.493
0.00024632 -1.80000 10.03743 0.8252950907 2.4272599220    0.808  2.595  3.6749  1.403    3  0.000  0.519     0.00     0.00 -1 -1.08e-09      0.00 7.500e-01 2.498e-01 4.446e-05 1.382e-05 1.145e-04 -1.000 2.682e-04 -1.717 -2.126 -2.595 -2.987 -3.543 -3.764 -3.806 -3.827 -3.820 -3.427 -3.815 -3.406 -3.713 -3.757 -3.772 -3.788 -3.815 -3.822 -3.829 -3.838 -3.829 -3.796 -3.805 -3.616
0.00024632 -1.80000 10.03743 0.8253144622 2.4272663593    0.807  2.631  3.6729  1.357    3  0.000  0.519     0.00     0.00 -1 -1.24e-09      0.00 7.500e-01 2.498e-01 4.446e-05 1.382e-05 1.145e-04 -1.000 2.682e-04 -1.808 -2.215 -2.690 -3.085 -3.647 -3.869 -3.912 -3.933 -3.926 -3.530 -3.922 -3.508 -3.818 -3.862 -3.878 -3.894 -3.922 -3.929 -3.936 -3.945 -3.936 -3.900 -3.909 -3.720
0.00024632 -1.80000 10.03743 0.8253350854 2.4272730350    0.806  2.673  3.6707  1.306    3  0.000  0.519     0.00     0.00 -1 -1.45e-09      0.00 7.500e-01 2.498e-01 4.446e-05 1.382e-05 1.145e-04 -1.000 2.682e-04 -1.912 -2.317 -2.798 -3.197 -3.763 -3.989 -4.032 -4.054 -4.045 -3.646 -4.042 -3.624 -3.937 -3.982 -3.998 -4.013 -4.043 -4.050 -4.057 -4.066 -4.056 -4.018 -4.027 -3.838
0.00024632 -1.80000 10.03743 0.8253515363 2.4272782803    0.805  2.708  3.6687  1.262    3  0.000  0.519     0.00     0.00 -1 -1.66e-09      0.00 7.500e-01 2.498e-01 4.446e-05 1.383e-05 1.145e-04 -1.000 2.681e-04 -2.001 -2.405 -2.890 -3.294 -3.864 -4.092 -4.136 -4.159 -4.148 -3.747 -4.146 -3.723 -4.040 -4.085 -4.102 -4.115 -4.147 -4.154 -4.161 -4.171 -4.160 -4.119 -4.129 -3.939
0.00024632 -1.80000 10.03743 0.8253689408 2.4272840023    0.804  2.748  3.6664  1.213    3  0.000  0.519     0.00     0.00 -1 -1.92e-09      0.00 7.500e-01 2.498e-01 4.446e-05 1.383e-05 1.145e-04 -1.000 2.682e-04 -2.100 -2.501 -2.993 -3.401 -3.977 -4.208 -4.251 -4.275 -4.264 -3.859 -4.262 -3.834 -4.154 -4.201 -4.217 -4.230 -4.263 -4.271 -4.278 -4.288 -4.277 -4.231 -4.242 -4.053
0.00024632 -1.80000 10.03743 0.8253856301 2.4272894859    0.802  2.789  3.6641  1.162    3  0.000  0.519     0.00     0.00 -1 -2.24e-09      0.00 7.500e-01 2.498e-01 4.446e-05 1.383e-05 1.145e-04 -1.000 2.682e-04 -2.202 -2.600 -3.098 -3.511 -4.093 -4.327 -4.370 -4.395 -4.382 -3.974 -4.381 -3.948 -4.272 -4.319 -4.336 -4.347 -4.383 -4.390 -4.398 -4.408 -4.396 -4.346 -4.359 -4.169
0.00024632 -1.80000 10.03743 0.8254011869 2.4272944927    0.800  2.830  3.6616  1.110    3  0.000  0.519     0.00     0.00 -1 -2.62e-09      0.00 7.500e-01 2.498e-01 4.446e-05 1.383e-05 1.145e-04 -1.000 2.682e-04 -2.304 -2.699 -3.203 -3.621 -4.209 -4.446 -4.489 -4.516 -4.501 -4.090 -4.501 -4.063 -4.390 -4.438 -4.456 -4.464 -4.503 -4.511 -4.518 -4.528 -4.516 -4.462 -4.475 -4.287
0.00024632 -1.80000 10.03743 0.8254147172 2.4272987843    0.799  2.867  3.6594  1.063    3  0.000  0.519     0.00     0.00 -1 -3.02e-09      0.00 7.500e-01 2.498e-01 4.446e-05 1.383e-05 1.145e-04 -1.000 2.682e-04 -2.398 -2.790 -3.301 -3.723 -4.316 -4.556 -4.599 -4.626 -4.611 -4.197 -4.611 -4.169 -4.499 -4.548 -4.566 -4.572 -4.614 -4.622 -4.629 -4.640 -4.626 -4.569 -4.583 -4.395
0.00024632 -1.80000 10.03743 0.8254278898 2.4273030758    0.797  2.907  3.6570  1.013    3  0.000  0.519     0.00     0.00 -1  -3.5e-09      0.00 7.500e-01 2.498e-01 4.446e-05 1.383e-05 1.145e-04 -1.000 2.682e-04 -2.496 -2.885 -3.402 -3.829 -4.429 -4.671 -4.714 -4.743 -4.725 -4.309 -4.727 -4.280 -4.613 -4.663 -4.681 -4.686 -4.730 -4.738 -4.746 -4.756 -4.742 -4.680 -4.696 -4.508
0.00024632 -1.80000 10.03743 0.8254393935 2.4273068905    0.795  2.943  3.6548  0.967    3  0.000  0.519     0.00     0.00 -1 -4.02e-09      0.00 7.500e-01 2.498e-01 4.446e-05 1.383e-05 1.145e-04 -1.000 2.683e-04 -2.587 -2.973 -3.497 -3.928 -4.533 -4.778 -4.821 -4.851 -4.832 -4.413 -4.834 -4.383 -4.719 -4.770 -4.788 -4.791 -4.838 -4.846 -4.854 -4.865 -4.850 -4.784 -4.800 -4.613
0.00024632 -1.80000 10.03743 0.8254505396 2.4273104668    0.793  2.980  3.6525  0.919    3  0.000  0.519     0.00     0.00 -1 -4.64e-09      0.00 7.500e-01 2.498e-01 4.446e-05 1.383e-05 1.145e-04 -1.000 2.682e-04 -2.681 -3.061 -3.592 -4.029 -4.640 -4.888 -4.930 -4.962 -4.942 -4.519 -4.944 -4.488 -4.827 -4.879 -4.898 -4.899 -4.949 -4.957 -4.965 -4.976 -4.961 -4.890 -4.908 -4.720
0.00024632 -1.80000 10.03743 0.8254609704 2.4273140430    0.790  3.017  3.6501  0.871    3  0.000  0.519     0.00     0.00 -1 -5.35e-09      0.00 7.500e-01 2.498e-01 4.446e-05 1.383e-05 1.145e-04 -1.000 2.682e-04 -2.773 -3.147 -3.686 -4.129 -4.746 -4.998 -5.040 -5.073 -5.051 -4.625 -5.054 -4.592 -4.935 -4.989 -5.008 -5.006 -5.060 -5.068 -5.076 -5.088 -5.072 -4.997 -5.016 -4.827
0.00024632 -1.80000 10.03743 0.8254700303 2.4273169041    0.788  3.052  3.6480  0.827    3  0.000  0.519     0.00     0.00 -1 -6.09e-09      0.00 7.500e-01 2.498e-01 4.446e-05 1.383e-05 1.145e-04 -1.000 2.682e-04 -2.859 -3.227 -3.773 -4.221 -4.844 -5.098 -5.140 -5.175 -5.152 -4.722 -5.155 -4.689 -5.035 -5.089 -5.109 -5.104 -5.162 -5.170 -5.178 -5.190 -5.174 -5.094 -5.114 -4.926
0.00024632 -1.80000 10.03743 0.8254788518 2.4273197651    0.785  3.086  3.6457  0.781    3  0.000  0.519     0.00     0.00 -1 -6.97e-09      0.00 7.500e-01 2.498e-01 4.446e-05 1.383e-05 1.145e-04 -1.000 2.681e-04 -2.946 -3.308 -3.862 -4.316 -4.944 -5.202 -5.243 -5.281 -5.256 -4.823 -5.260 -4.787 -5.137 -5.193 -5.213 -5.205 -5.266 -5.275 -5.283 -5.296 -5.279 -5.195 -5.216 -5.028
0.00024632 -1.80000 10.03743 0.8254871368 2.4273223877    0.782  3.121  3.6435  0.736    3  0.000  0.519     0.00     0.00 -1 -7.96e-09      0.00 7.500e-01 2.498e-01 4.446e-05 1.383e-05 1.145e-04 -1.000 2.682e-04 -3.033 -3.388 -3.950 -4.410 -5.044 -5.305 -5.346 -5.385 -5.358 -4.922 -5.363 -4.885 -5.238 -5.295 -5.316 -5.305 -5.370 -5.379 -5.387 -5.400 -5.383 -5.294 -5.316 -5.128
0.00024632 -1.80000 10.03743 0.8254946470 2.4273250103    0.780  3.154  3.6413  0.693    3  0.000  0.519     0.00     0.00 -1 -9.04e-09      0.00 7.500e-01 2.498e-01 4.446e-05 1.383e-05 1.145e-04 -1.000 2.682e-04 -3.115 -3.464 -4.033 -4.499 -5.138 -5.402 -5.443 -5.484 -5.456 -5.016 -5.461 -4.979 -5.335 -5.392 -5.414 -5.400 -5.469 -5.478 -5.486 -5.499 -5.481 -5.389 -5.411 -5.224
0.00024632 -1.80000 10.03743 0.8255020976 2.4273273945    0.776  3.188  3.6391  0.648    3  0.000  0.519     0.00     0.00 -1 -1.03e-08      0.00 7.500e-01 2.498e-01 4.446e-05 1.383e-05 1.145e-04 -1.000 2.682e-04 -3.201 -3.542 -4.120 -4.591 -5.238 -5.505 -5.545 -5.588 -5.558 -5.115 -5.564 -5.076 -5.436 -5.495 -5.517 -5.500 -5.573 -5.581 -5.590 -5.604 -5.585 -5.488 -5.512 -5.324
0.00024632 -1.80000 10.03743 0.8255088329 2.4273295403    0.773  3.221  3.6370  0.605    3  0.000  0.519     0.00     0.00 -1 -1.17e-08      0.00 7.500e-01 2.498e-01 4.446e-05 1.383e-05 1.145e-04 -1.000 2.682e-04 -3.281 -3.614 -4.200 -4.677 -5.330 -5.600 -5.640 -5.685 -5.654 -5.207 -5.659 -5.167 -5.529 -5.590 -5.613 -5.593 -5.669 -5.678 -5.687 -5.701 -5.682 -5.581 -5.605 -5.417
0.00024632 -1.80000 10.03743 0.8255152702 2.4273316860    0.769  3.252  3.6349  0.563    3  0.000  0.519     0.00     0.00 -1 -1.33e-08      0.00 7.500e-01 2.498e-01 4.446e-05 1.383e-05 1.145e-04 -1.000 2.682e-04 -3.360 -3.685 -4.279 -4.762 -5.420 -5.694 -5.733 -5.780 -5.748 -5.297 -5.753 -5.256 -5.622 -5.684 -5.707 -5.684 -5.764 -5.773 -5.782 -5.796 -5.777 -5.672 -5.697 -5.508
0.00024632 -1.80000 10.03743 0.8255206943 2.4273333549    0.766  3.277  3.6332  0.530    3  0.000  0.519     0.00     0.00 -1 -1.47e-08      0.00 7.500e-01 2.498e-01 4.446e-05 1.383e-05 1.145e-04 -1.000 2.682e-04 -3.423 -3.741 -4.341 -4.829 -5.492 -5.769 -5.807 -5.855 -5.822 -5.369 -5.828 -5.326 -5.695 -5.758 -5.782 -5.756 -5.839 -5.848 -5.857 -5.872 -5.852 -5.744 -5.770 -5.580
0.00024632 -1.80000 10.03743 0.8255206943 2.4273333549    0.766  1.713  3.8169  2.829    4  0.000  0.529     0.00     0.00 -1    -1e-30      0.00 7.513e-01 2.484e-01 4.560e-05 1.308e-05 1.151e-04 -1.000 2.682e-04 0.488 0.162 -0.042 -0.217 -0.462 -0.537 -0.553 -0.557 -0.564 -0.392 -0.555 -0.415 -0.524 -0.536 -0.540 -0.548 -0.554 -0.555 -0.558 -0.563 -0.564 -0.568 -0.565 -0.489
0.00024632 -1.80000 10.03743 0.8255694509 2.4273493290    0.766  1.734  3.8076  2.770    4  0.000  0.529     0.00     0.00 -1    -1e-30      0.00 7.513e-01 2.484e-01 4.560e-05 1.308e-05 1.151e-04 -1.000 2.682e-04 0.435 0.096 -0.123 -0.311 -0.577 -0.658 -0.675 -0.680 -0.686 -0.501 -0.677 -0.525 -0.644 -0.657 -0.661 -0.670 -0.676 -0.678 -0.681 -0.685 -0.686 -0.691 -0.688 -0.606
0.00024632 -1.80000 10.03743 0.8256190419 2.4273653030    0.766  1.736  3.8077  2.769    4  0.000  0.529     0.00     0.00 -1    -1e-30      0.00 7.513e-01 2.484e-01 4.560e-05 1.308e-05 1.151e-04 -1.000 2.683e-04 0.429 0.090 -0.129 -0.315 -0.581 -0.663 -0.680 -0.684 -0.691 -0.506 -0.682 -0.529 -0.649 -0.662 -0.665 -0.675 -0.681 -0.682 -0.685 -0.690 -0.690 -0.696 -0.692 -0.611
0.00024632 -1.80000 10.03743 0.8256694078 2.4273817539    0.766  1.737  3.8086  2.772    4  0.000  0.529     0.00     0.00 -1    -1e-30      0.00 7.513e-01 2.484e-01 4.560e-05 1.308e-05 1.151e-04 -1.000 2.682e-04 0.428 0.090 -0.128 -0.313 -0.577 -0.658 -0.675 -0.679 -0.686 -0.502 -0.677 -0.526 -0.644 -0.657 -0.660 -0.670 -0.676 -0.677 -0.680 -0.685 -0.686 -0.691 -0.687 -0.606
0.00024632 -1.80000 10.03743 0.8257192969 2.4273979664    0.766  1.737  3.8097  2.776    4  0.000  0.529     0.00     0.00 -1    -1e-30      0.00 7.513e-01 2.484e-01 4.560e-05 1.308e-05 1.151e-04 -1.000 2.682e-04 0.427 0.091 -0.125 -0.309 -0.571 -0.651 -0.667 -0.672 -0.678 -0.496 -0.670 -0.520 -0.637 -0.650 -0.653 -0.663 -0.669 -0.670 -0.673 -0.677 -0.678 -0.683 -0.680 -0.600
0.00024632 -1.80000 10.03743 0.8257709742 2.4274148941    0.766  1.737  3.8110  2.781    4  0.000  0.529     0.00     0.00 -1    -1e-30      0.00 7.513e-01 2.484e-01 4.560e-05 1.308e-05 1.151e-04 -1.000 2.682e-04 0.427 0.092 -0.121 -0.304 -0.562 -0.641 -0.658 -0.662 -0.669 -0.488 -0.660 -0.512 -0.628 -0.640 -0.644 -0.653 -0.659 -0.660 -0.663 -0.668 -0.669 -0.674 -0.670 -0.591
0.00024632 -1.80000 10.03743 0.8258211613 2.4274311066    0.766  1.737  3.8124  2.787    4  0.000  0.529     0.00     0.00 -1    -1e-30      0.00 7.513e-01 2.484e-01 4.560e-05 1.308e-05 1.151e-04 -1.000 2.682e-04 0.427 0.094 -0.117 -0.297 -0.552 -0.631 -0.647 -0.651 -0.658 -0.479 -0.649 -0.503 -0.617 -0.630 -0.633 -0.642 -0.648 -0.649 -0.652 -0.657 -0.658 -0.663 -0.659 -0.581
0.00024632 -1.80000 10.03743 0.8258752823 2.4274487495    0.766  1.737  3.8140  2.794    4  0.000  0.529     0.00     0.00 -1    -1e-30      0.00 7.513e-01 2.484e-01 4.560e-05 1.308e-05 1.151e-04 -1.000 2.682e-04 0.428 0.097 -0.111 -0.290 -0.541 -0.618 -0.634 -0.638 -0.645 -0.469 -0.636 -0.492 -0.604 -0.617 -0.620 -0.629 -0.635 -0.636 -0.639 -0.644 -0.645 -0.650 -0.646 -0.568
0.00024632 -1.80000 10.03743 0.8259261250 2.4274652004    0.766  1.736  3.8156  2.800    4  0.000  0.529     0.00     0.00 -1    -1e-30      0.00 7.513e-01 2.484e-01 4.560e-05 1.308e-05 1.151e-04 -1.000 2.682e-04 0.429 0.101 -0.106 -0.282 -0.529 -0.605 -0.621 -0.626 -0.632 -0.458 -0.623 -0.482 -0.592 -0.604 -0.608 -0.617 -0.623 -0.624 -0.627 -0.631 -0.632 -0.637 -0.634 -0.557
0.00024632 -1.80000 10.03743 0.8259786963 2.4274823666    0.766  1.736  3.8171  2.807    4  0.000  0.529     0.00     0.00 -1    -1e-30      0.00 7.513e-01 2.484e-01 4.560e-05 1.308e-05 1.151e-04 -1.000 2.681e-04 0.430 0.104 -0.100 -0.274 -0.519 -0.593 -0.609 -0.614 -0.620 -0.448 -0.611 -0.471 -0.580 -0.592 -0.596 -0.605 -0.611 -0.612 -0.615 -0.619 -0.620 -0.625 -0.621 -0.546
0.00024632 -1.80000 10.03743 0.8260284662 2.4274985790    0.766  1.736  3.8182  2.811    4  0.000  0.529     0.00     0.00 -1    -1e-30      0.00 7.513e-01 2.484e-01 4.560e-05 1.308e-05 1.151e-04 -1.000 2.682e-04 0.431 0.106 -0.096 -0.269 -0.510 -0.585 -0.600 -0.605 -0.611 -0.441 -0.602 -0.464 -0.572 -0.584 -0.587 -0.596 -0.602 -0.603 -0.606 -0.610 -0.611 -0.616 -0.612 -0.537
0.00024632 -1.80000 10.03743 0.8260826468 2.4275159836    0.766  1.736  3.8192  2.816    4  0.000  0.529     0.00     0.00 -1    -1e-30      0.00 7.513e-01 2.484e-01 4.560e-05 1.308e-05 1.151e-04 -1.000 2.681e-04 0.431 0.108 -0.093 -0.264 -0.503 -0.577 -0.592 -0.596 -0.603 -0.434 -0.594 -0.457 -0.564 -0.576 -0.579 -0.587 -0.594 -0.594 -0.597 -0.602 -0.603 -0.607 -0.604 -0.530
0.00024632 -1.80000 10.03743 0.8261370063 2.4275336266    0.766  1.736  3.8198  2.818    4  0.000  0.529     0.00     0.00 -1    -1e-30      0.00 7.513e-01 2.484e-01 4.560e-05 1.308e-05 1.151e-04 -1.000 2.682e-04 0.431 0.108 -0.091 -0.262 -0.500 -0.573 -0.588 -0.593 -0.599 -0.431 -0.590 -0.454 -0.560 -0.572 -0.575 -0.584 -0.590 -0.591 -0.594 -0.598 -0.599 -0.604 -0.600 -0.526
0.00024632 -1.80000 10.03743 0.8261885643 2.4275505543    0.766  1.736  3.8201  2.819    4  0.000  0.529     0.00     0.00 -1    -1e-30      0.00 7.513e-01 2.484e-01 4.560e-05 1.308e-05 1.151e-04 -1.000 2.681e-04 0.430 0.108 -0.091 -0.261 -0.499 -0.571 -0.587 -0.591 -0.598 -0.430 -0.589 -0.453 -0.558 -0.570 -0.574 -0.582 -0.588 -0.589 -0.592 -0.597 -0.597 -0.602 -0.599 -0.525
0.00024632 -1.80000 10.03743 0.8262400031 2.4275672436    0.766  1.736  3.8198  2.817    4  0.000  0.529     0.00     0.00 -1    -1e-30      0.00 7.513e-01 2.484e-01 4.560e-05 1.308e-05 1.151e-04 -1.000 2.681e-04 0.429 0.107 -0.093 -0.263 -0.501 -0.574 -0.590 -0.594 -0.601 -0.432 -0.592 -0.456 -0.561 -0.573 -0.576 -0.585 -0.591 -0.592 -0.595 -0.600 -0.600 -0.605 -0.602 -0.528
0.00024632 -1.80000 10.03743 0.8262460232 2.4275691509    0.766  1.736  3.8198  2.817    4  0.000  0.529     0.00     0.00 -1    -1e-30      0.00 7.513e-01 2.484e-01 4.560e-05 1.308e-05 1.151e-04 -1.000 2.683e-04 0.429 0.106 -0.093 -0.264 -0.502 -0.575 -0.590 -0.594 -0.601 -0.433 -0.592 -0.456 -0.562 -0.574 -0.577 -0.585 -0.592 -0.592 -0.595 -0.600 -0.601 -0.605 -0.602 -0.528
0.00024632 -1.80000 10.03743 0.8262513280 2.4275708199    0.766  1.736  3.8197  2.817    4  0.000  0.529     0.00     0.00 -1    -1e-30      0.00 7.513e-01 2.484e-01 4.560e-05 1.308e-05 1.151e-04 -1.000 2.683e-04 0.429 0.106 -0.093 -0.264 -0.502 -0.576 -0.591 -0.595 -0.602 -0.434 -0.593 -0.457 -0.563 -0.574 -0.578 -0.586 -0.592 -0.593 -0.596 -0.601 -0.602 -0.606 -0.603 -0.529
0.00024632 -1.80000 10.03743 0.8263003230 2.4275867939    0.766  1.737  3.8189  2.813    4  0.000  0.529     0.00     0.00 -1    -1e-30      0.00 7.513e-01 2.484e-01 4.560e-05 1.308e-05 1.151e-04 -1.000 2.682e-04 0.427 0.103 -0.098 -0.270 -0.510 -0.584 -0.599 -0.604 -0.610 -0.441 -0.601 -0.464 -0.571 -0.583 -0.586 -0.595 -0.601 -0.602 -0.605 -0.609 -0.610 -0.615 -0.611 -0.536
0.00024632 -1.80000 10.03743 0.8263518810 2.4276034832    0.767  1.738  3.8175  2.806    4  0.000  0.529     0.00     0.00 -1    -1e-30      0.00 7.513e-01 2.484e-01 4.560e-05 1.308e-05 1.151e-04 -1.000 2.682e-04 0.424 0.098 -0.105 -0.279 -0.522 -0.597 -0.613 -0.617 -0.623 -0.452 -0.615 -0.475 -0.584 -0.596 -0.599 -0.608 -0.614 -0.615 -0.618 -0.622 -0.623 -0.628 -0.625 -0.549
0.00024632 -1.80000 10.03743 0.8264031410 2.4276201725    0.767  1.740  3.8155  2.797    4  0.000  0.529     0.00     0.00 -1    -1e-30      0.00 7.513e-01 2.484e-01 4.560e-05 1.308e-05 1.151e-04 -1.000 2.682e-04 0.420 0.092 -0.115 -0.291 -0.539 -0.615 -0.631 -0.635 -0.641 -0.467 -0.633 -0.491 -0.601 -0.614 -0.617 -0.626 -0.632 -0.633 -0.636 -0.640 -0.641 -0.646 -0.643 -0.566
0.00024632 -1.80000 10.03743 0.8264540434 2.4276366234    0.767  1.742  3.8130  2.785    4  0.000  0.529     0.00     0.00 -1    -1e-30      0.00 7.513e-01 2.484e-01 4.560e-05 1.308e-05 1.151e-04 -1.000 2.682e-04 0.416 0.083 -0.127 -0.307 -0.560 -0.638 -0.654 -0.659 -0.665 -0.488 -0.656 -0.511 -0.625 -0.637 -0.640 -0.650 -0.656 -0.657 -0.660 -0.664 -0.665 -0.670 -0.667 -0.588
0.00024632 -1.80000 10.03743 0.8265032172 2.4276525974    0.767  1.744  3.8100  2.771    4  0.000  0.529     0.00     0.00 -1    -1e-30      0.00 7.513e-01 2.484e-01 4.560e-05 1.308e-05 1.151e-04 -1.000 2.682e-04 0.410 0.074 -0.141 -0.325 -0.585 -0.665 -0.682 -0.686 -0.693 -0.511 -0.684 -0.534 -0.651 -0.664 -0.667 -0.677 -0.683 -0.684 -0.687 -0.692 -0.692 -0.697 -0.694 -0.614
0.00024632 -1.80000 10.03743 0.8265531659 2.4276688099    0.767  1.746  3.8064  2.754    4  0.000  0.529     0.00     0.00 -1    -1e-30      0.00 7.513e-01 2.484e-01 4.560e-05 1.308e-05 1.151e-04 -1.000 2.682e-04 0.404 0.063 -0.158 -0.347 -0.616 -0.698 -0.715 -0.720 -0.726 -0.539 -0.717 -0.563 -0.684 -0.697 -0.701 -0.710 -0.716 -0.718 -0.721 -0.725 -0.726 -0.731 -0.728 -0.645
0.00024632 -1.80000 10.03743 0.8266039491 2.4276852608    0.767  1.749  3.8022  2.734    4  0.000  0.529     0.00     0.00 -1    -1e-30      0.00 7.513e-01 2.484e-01 4.560e-05 1.308e-05 1.151e-04 -1.000 2.681e-04 0.396 0.050 -0.178 -0.372 -0.650 -0.736 -0.754 -0.759 -0.765 -0.572 -0.756 -0.595 -0.722 -0.735 -0.739 -0.749 -0.755 -0.756 -0.760 -0.764 -0.765 -0.770 -0.767 -0.681
0.00024632 -1.80000 10.03743 0.8266285062 2.4276933670    0.767  1.751  3.8001  2.724    4  0.000  0.529     0.00     0.00 -1    -1e-30      0.00 7.513e-01 2.484e-01 4.560e-05 1.308e-05 1.151e-04 -1.000 2.682e-04 0.393 0.044 -0.188 -0.385 -0.668 -0.755 -0.773 -0.778 -0.785 -0.588 -0.776 -0.611 -0.741 -0.754 -0.758 -0.768 -0.774 -0.776 -0.779 -0.784 -0.785 -0.790 -0.786 -0.699
0.00024632 -1.80000 10.03743 0.8266373873 2.4276962280    0.767  1.752  3.7992  2.720    4  0.000  0.529     0.00     0.00 -1    -1e-30      0.00 7.513e-01 2.484e-01 4.560e-05 1.308e-05 1.151e-04 -1.000 2.682e-04 0.391 0.041 -0.192 -0.391 -0.675 -0.763 -0.781 -0.786 -0.793 -0.595 -0.784 -0.618 -0.749 -0.762 -0.766 -0.776 -0.782 -0.784 -0.787 -0.792 -0.793 -0.798 -0.794 -0.707
0.00024632 -1.80000 10.03743 0.8266898394 2.4277131557    0.767  1.755  3.7941  2.695    4  0.000  0.529     0.00     0.00 -1    -1e-30      0.00 7.513e-01 2.484e-01 4.560e-05 1.308e-05 1.151e-04 -1.000 2.682e-04 0.381 0.025 -0.216 -0.422 -0.718 -0.811 -0.829 -0.835 -0.842 -0.636 -0.832 -0.659 -0.795 -0.810 -0.814 -0.824 -0.830 -0.832 -0.836 -0.841 -0.841 -0.846 -0.843 -0.752
0.00024632 -1.80000 10.03743 0.8267409801 2.4277298450    0.767  1.759  3.7891  2.672    4  0.000  0.529     0.00     0.00 -1    -1e-30      0.00 7.513e-01 2.484e-01 4.560e-05 1.308e-05 1.151e-04 -1.000 2.682e-04 0.371 0.009 -0.240 -0.453 -0.760 -0.857 -0.876 -0.881 -0.888 -0.675 -0.878 -0.697 -0.840 -0.855 -0.859 -0.871 -0.877 -0.879 -0.882 -0.887 -0.888 -0.893 -0.889 -0.795
0.00024632 -1.80000 10.03743 0.8267956376 2.4277474880    0.767  1.764  3.7838  2.646    4  0.000  0.529     0.00     0.00 -1    -1e-30      0.00 7.513e-01 2.484e-01 4.560e-05 1.308e-05 1.151e-04 -1.000 2.682e-04 0.360 -0.008 -0.266 -0.487 -0.806 -0.907 -0.927 -0.933 -0.940 -0.719 -0.930 -0.740 -0.890 -0.906 -0.910 -0.922 -0.928 -0.931 -0.934 -0.939 -0.940 -0.945 -0.941 -0.842
0.00024632 -1.80000 10.03743 0.8268476129 2.4277644157    0.767  1.769  3.7787  2.620    4  0.000  0.529     0.00     0.00 -1    -1e-30      0.00 7.513e-01 2.484e-01 4.560e-05 1.308e-05 1.151e-04 -1.000 2.681e-04 0.347 -0.026 -0.293 -0.521 -0.851 -0.957 -0.978 -0.983 -0.991 -0.762 -0.980 -0.782 -0.939 -0.955 -0.960 -0.972 -0.978 -0.981 -0.984 -0.990 -0.991 -0.996 -0.992 -0.889
0.00024632 -1.80000 10.03743 0.8268974423 2.4277803898    0.767  1.774  3.7745  2.599    4  0.000  0.529     0.00     0.00 -1    -1e-30      0.00 7.513e-01 2.484e-01 4.560e-05 1.308e-05 1.151e-04 -1.000 2.682e-04 0.334 -0.043 -0.317 -0.551 -0.890 -1.000 -1.021 -1.027 -1.035 -0.799 -1.024 -0.819 -0.981 -0.998 -1.003 -1.016 -1.022 -1.025 -1.029 -1.034 -1.035 -1.041 -1.037 -0.930
0.00024632 -1.80000 10.03743 0.8269488811 2.4277970791    0.767  1.780  3.7707  2.578    4  0.000  0.529     0.00     0.00 -1    -1e-30      0.00 7.513e-01 2.484e-01 4.560e-05 1.308e-05 1.151e-04 -1.000 2.682e-04 0.320 -0.060 -0.341 -0.581 -0.928 -1.041 -1.063 -1.070 -1.078 -0.836 -1.066 -0.855 -1.022 -1.040 -1.045 -1.058 -1.065 -1.068 -1.071 -1.076 -1.077 -1.083 -1.079 -0.969
0.00024632 -1.80000 10.03743 0.8269993663 2.4278135300    0.767  1.786  3.7677  2.560    4  0.000  0.529     0.00     0.00 -1    -1e-30      0.00 7.513e-01 2.484e-01 4.560e-05 1.308e-05 1.151e-04 -1.000 2.682e-04 0.306 -0.077 -0.363 -0.607 -0.961 -1.077 -1.099 -1.106 -1.114 -0.867 -1.102 -0.885 -1.057 -1.075 -1.080 -1.093 -1.101 -1.104 -1.107 -1.113 -1.114 -1.119 -1.116 -1.003
0.00024632 -1.80000 10.03743 0.8270503283 2.4278299809    0.767  1.792  3.7649  2.543    4  0.000  0.529     0.00     0.00 -1    -1e-30      0.00 7.513e-01 2.484e-01 4.560e-05 1.308e-05 1.151e-04 -1.000 2.682e-04 0.291 -0.095 -0.386 -0.634 -0.994 -1.113 -1.136 -1.142 -1.150 -0.899 -1.139 -0.917 -1.092 -1.111 -1.116 -1.130 -1.137 -1.140 -1.144 -1.149 -1.150 -1.156 -1.152 -1.037
0.00024632 -1.80000 10.03743 0.8271013498 2.4278464317    0.767  1.799  3.7622  2.525    4  0.000  0.529     0.00     0.00 -1    -1e-30      0.00 7.513e-01 2.484e-01 4.560e-05 1.308e-05 1.151e-04 -1.000 2.681e-04 0.273 -0.115 -0.410 -0.662 -1.028 -1.149 -1.173 -1.180 -1.188 -0.932 -1.176 -0.949 -1.128 -1.148 -1.153 -1.167 -1.174 -1.178 -1.181 -1.187 -1.188 -1.194 -1.190 -1.071
0.00024632 -1.80000 10.03743 0.8271527886 2.4278631210    0.767  1.804  3.7605  2.513    4  0.000  0.529     0.00     0.00 -1    -1e-30      0.00 7.513e-01 2.484e-01 4.560e-05 1.308e-05 1.151e-04 -1.000 2.681e-04 0.260 -0.130 -0.428 -0.683 -1.052 -1.175 -1.199 -1.206 -1.214 -0.956 -1.202 -0.973 -1.154 -1.174 -1.179 -1.193 -1.201 -1.204 -1.208 -1.213 -1.214 -1.220 -1.216 -1.096
0.00024632 -1.80000 10.03743 0.8271629810 2.4278664589    0.767  1.796  3.7638  2.534    4  0.000  0.529     0.00     0.00 -1    -1e-30      0.00 7.513e-01 2.484e-01 4.560e-05 1.308e-05 1.151e-04 -1.000 2.682e-04 0.280 -0.107 -0.400 -0.649 -1.012 -1.131 -1.154 -1.161 -1.169 -0.916 -1.157 -0.934 -1.110 -1.130 -1.135 -1.148 -1.156 -1.159 -1.162 -1.168 -1.169 -1.175 -1.171 -1.054
0.00024632 -1.80000 10.03743 0.8272157311 2.4278836250    0.767  1.812  3.7578  2.495    4  0.000  0.529     0.00     0.00 -1    -1e-30      0.00 7.513e-01 2.484e-01 4.560e-05 1.308e-05 1.151e-04 -1.000 2.682e-04 0.240 -0.152 -0.455 -0.713 -1.089 -1.214 -1.239 -1.246 -1.254 -0.991 -1.242 -1.007 -1.192 -1.212 -1.218 -1.232 -1.240 -1.244 -1.247 -1.253 -1.254 -1.260 -1.256 -1.133
0.00024632 -1.80000 10.03743 0.8272675872 2.4279003143    0.768  1.832  3.7525  2.453    4  0.000  0.529     0.00     0.00 -1    -1e-30      0.00 7.513e-01 2.484e-01 4.560e-05 1.308e-05 1.151e-04 -1.000 2.682e-04 0.191 -0.206 -0.518 -0.784 -1.171 -1.302 -1.328 -1.335 -1.344 -1.072 -1.331 -1.087 -1.279 -1.300 -1.306 -1.321 -1.329 -1.333 -1.337 -1.343 -1.344 -1.349 -1.346 -1.217
0.00024632 -1.80000 10.03743 0.8273112774 2.4279146194    0.768  1.862  3.7457  2.396    4  0.000  0.529     0.00     0.00 -1    -1e-30      0.00 7.513e-01 2.484e-01 4.560e-05 1.308e-05 1.151e-04 -1.000 2.682e-04 0.115 -0.287 -0.612 -0.888 -1.289 -1.427 -1.454 -1.462 -1.471 -1.188 -1.457 -1.200 -1.402 -1.424 -1.431 -1.447 -1.455 -1.459 -1.463 -1.470 -1.471 -1.476 -1.473 -1.337
0.00024632 -1.80000 10.03743 0.8273349404 2.4279222488    0.768  1.897  3.7391  2.335    4  0.000  0.529     0.00     0.00 -1    -1e-30      0.00 7.513e-01 2.484e-01 4.560e-05 1.308e-05 1.151e-04 -1.000 2.682e-04 0.028 -0.379 -0.716 -1.002 -1.417 -1.561 -1.590 -1.599 -1.608 -1.313 -1.594 -1.324 -1.535 -1.558 -1.566 -1.583 -1.592 -1.596 -1.600 -1.607 -1.608 -1.613 -1.610 -1.468
0.00024632 -1.80000 10.03743 0.8273456097 2.4279255867    0.768  1.932  3.7332  2.275    4  0.000  0.529     0.00     0.00 -1    -1e-30      0.00 7.513e-01 2.484e-01 4.560e-05 1.308e-05 1.151e-04 -1.000 2.681e-04 -0.061 -0.472 -0.820 -1.114 -1.542 -1.692 -1.723 -1.732 -1.741 -1.437 -1.727 -1.445 -1.664 -1.689 -1.697 -1.715 -1.725 -1.729 -1.733 -1.741 -1.741 -1.745 -1.742 -1.594
0.00024632 -1.80000 10.03743 0.8273503780 2.4279272556    0.768  1.968  3.7279  2.218    4  0.000  0.529     0.00     0.00 -1    -1e-30      0.00 7.513e-01 2.484e-01 4.560e-05 1.308e-05 1.151e-04 -1.000 2.682e-04 -0.151 -0.565 -0.923 -1.225 -1.664 -1.820 -1.852 -1.862 -1.870 -1.557 -1.856 -1.563 -1.790 -1.817 -1.825 -1.844 -1.854 -1.859 -1.863 -1.870 -1.871 -1.874 -1.872 -1.718
0.00024632 -1.80000 10.03743 0.8273526430 2.4279279709    0.768  2.005  3.7235  2.165    4  0.000  0.529     0.00     0.00 -1    -1e-30      0.00 7.513e-01 2.484e-01 4.560e-05 1.308e-05 1.151e-04 -1.000 2.682e-04 -0.242 -0.658 -1.024 -1.333 -1.781 -1.942 -1.975 -1.985 -1.994 -1.674 -1.980 -1.677 -1.911 -1.939 -1.948 -1.967 -1.978 -1.982 -1.987 -1.994 -1.995 -1.997 -1.995 -1.837
0.00024632 -1.80000 10.03743 0.8273535371 2.4279282093    0.768  2.028  3.7211  2.132    4  0.000  0.529     0.00     0.00 -1    -1e-30      0.00 7.513e-01 2.484e-01 4.560e-05 1.308e-05 1.151e-04 -1.000 2.682e-04 -0.300 -0.717 -1.087 -1.401 -1.853 -2.018 -2.051 -2.062 -2.070 -1.746 -2.056 -1.748 -1.986 -2.014 -2.023 -2.043 -2.054 -2.059 -2.063 -2.071 -2.071 -2.073 -2.071 -1.910
0.00024632 -1.80000 10.03743 0.8273535967 2.4279282093    0.768  2.028  3.7210  2.131    7  0.000  0.529     0.00     0.00 -1    -1e-30      0.00 7.513e-01 2.484e-01 4.560e-05 1.308e-05 1.151e-04 -1.000 2.682e-04 -0.301 -0.718 -1.089 -1.402 -1.855 -2.019 -2.052 -2.063 -2.072 -1.747 -2.057 -1.750 -1.987 -2.016 -2.025 -2.044 -2.055 -2.060 -2.065 -2.072 -2.072 -2.074 -2.072 -1.912
0.00024632 -1.80000 10.03743 0.8273541331 2.4279284477    0.768  2.051  3.7190  2.100    7  0.000  0.529     0.00     0.00 -1    -1e-30      0.00 7.513e-01 2.484e-01 4.560e-05 1.308e-05 1.151e-04 -1.000 2.682e-04 -0.357 -0.775 -1.150 -1.466 -1.923 -2.090 -2.124 -2.135 -2.143 -1.815 -2.129 -1.817 -2.057 -2.087 -2.096 -2.116 -2.127 -2.132 -2.136 -2.144 -2.144 -2.145 -2.143 -1.981
0.00024632 -1.80000 10.03743 0.8273552656 2.4279286861    0.768  2.095  3.7154  2.042    7  0.000  0.529     0.00     0.00 -1    -1e-30      0.00 7.513e-01 2.484e-01 4.560e-05 1.308e-05 1.151e-04 -1.000 2.682e-04 -0.467 -0.886 -1.268 -1.590 -2.055 -2.226 -2.261 -2.272 -2.280 -1.946 -2.266 -1.947 -2.192 -2.222 -2.232 -2.252 -2.264 -2.269 -2.274 -2.282 -2.281 -2.281 -2.279 -2.114
0.00024632 -1.80000 10.03743 0.8273561597 2.4279289246    0.768  2.128  3.7128  1.998    7  0.000  0.529     0.00     0.00 -1    -1e-30      0.00 7.513e-01 2.484e-01 4.560e-05 1.308e-05 1.151e-04 -1.000 2.681e-04 -0.551 -0.970 -1.357 -1.684 -2.154 -2.328 -2.363 -2.375 -2.382 -2.044 -2.369 -2.044 -2.293 -2.324 -2.334 -2.354 -2.367 -2.372 -2.376 -2.384 -2.383 -2.382 -2.381 -2.214
0.00024632 -1.80000 10.03743 0.8273571134 2.4279294014    0.768  2.146  3.7116  1.975    7  0.000  0.529     0.00     0.00 -1    -1e-30      0.00 7.513e-01 2.484e-01 4.560e-05 1.308e-05 1.151e-04 -1.000 2.682e-04 -0.596 -1.016 -1.406 -1.734 -2.206 -2.382 -2.417 -2.429 -2.436 -2.097 -2.423 -2.096 -2.347 -2.378 -2.388 -2.408 -2.421 -2.426 -2.431 -2.439 -2.438 -2.436 -2.435 -2.267
0.00024632 -1.80000 10.03743 0.8273592591 2.4279301167    0.768  2.152  3.7113  1.969    7  0.000  0.529     0.00     0.00 -1    -1e-30      0.00 7.513e-01 2.484e-01 4.560e-05 1.308e-05 1.151e-04 -1.000 2.682e-04 -0.610 -1.030 -1.420 -1.749 -2.222 -2.398 -2.433 -2.445 -2.452 -2.113 -2.439 -2.111 -2.362 -2.394 -2.404 -2.424 -2.437 -2.442 -2.447 -2.455 -2.454 -2.452 -2.451 -2.282
0.00024632 -1.80000 10.03743 0.8273611069 2.4279305935    0.768  2.140  3.7122  1.984    7  0.000  0.529     0.00     0.00 -1    -1e-30      0.00 7.513e-01 2.484e-01 4.560e-05 1.308e-05 1.151e-04 -1.000 2.682e-04 -0.581 -1.001 -1.389 -1.716 -2.187 -2.362 -2.397 -2.409 -2.417 -2.078 -2.403 -2.077 -2.327 -2.358 -2.368 -2.388 -2.401 -2.406 -2.411 -2.419 -2.418 -2.416 -2.416 -2.247
0.00024632 -1.80000 10.03743 0.8273680210 2.4279329777    0.768  2.122  3.7135  2.007    7  0.000  0.529     0.00     0.00 -1    -1e-30      0.00 7.513e-01 2.484e-01 4.560e-05 1.308e-05 1.151e-04 -1.000 2.681e-04 -0.535 -0.955 -1.340 -1.666 -2.134 -2.307 -2.342 -2.354 -2.361 -2.025 -2.348 -2.025 -2.273 -2.304 -2.313 -2.333 -2.346 -2.351 -2.356 -2.364 -2.363 -2.362 -2.361 -2.194
0.00024632 -1.80000 10.03743 0.8273976445 2.4279425144    0.768  2.160  3.7104  1.957    7  0.000  0.529     0.00     0.00 -1    -1e-30      0.00 7.513e-01 2.484e-01 4.560e-05 1.308e-05 1.151e-04 -1.000 2.682e-04 -0.630 -1.051 -1.443 -1.773 -2.248 -2.425 -2.461 -2.473 -2.480 -2.138 -2.467 -2.137 -2.389 -2.421 -2.431 -2.451 -2.465 -2.470 -2.475 -2.483 -2.482 -2.479 -2.479 -2.309
0.00024632 -1.80000 10.03743 0.8274155259 2.4279482365    0.768  2.200  3.7075  1.905    7  0.000  0.529     0.00     0.00 -1    -1e-30      0.00 7.513e-01 2.484e-01 4.560e-05 1.308e-05 1.151e-04 -1.000 2.682e-04 -0.729 -1.150 -1.548 -1.883 -2.365 -2.545 -2.581 -2.594 -2.600 -2.254 -2.587 -2.251 -2.508 -2.540 -2.551 -2.571 -2.585 -2.591 -2.596 -2.604 -2.602 -2.598 -2.599 -2.426
0.00024632 -1.80000 10.03743 0.8274294138 2.4279527664    0.768  2.240  3.7047  1.854    7  0.000  0.529     0.00     0.00 -1    -1e-30      0.00 7.513e-01 2.484e-01 4.560e-05 1.308e-05 1.151e-04 -1.000 2.682e-04 -0.829 -1.251 -1.655 -1.994 -2.482 -2.665 -2.702 -2.715 -2.721 -2.371 -2.708 -2.366 -2.627 -2.660 -2.672 -2.692 -2.706 -2.712 -2.717 -2.725 -2.723 -2.718 -2.719 -2.544
0.00024632 -1.80000 10.03743 0.8274457455 2.4279580116    0.768  2.291  3.7012  1.789    7  0.000  0.529     0.00     0.00 -1    -1e-30      0.00 7.513e-01 2.484e-01 4.560e-05 1.308e-05 1.151e-04 -1.000 2.683e-04 -0.958 -1.380 -1.791 -2.136 -2.631 -2.819 -2.857 -2.870 -2.875 -2.520 -2.863 -2.513 -2.779 -2.814 -2.826 -2.846 -2.861 -2.867 -2.872 -2.880 -2.878 -2.871 -2.872 -2.695
0.00024632 -1.80000 10.03743 0.8274614215 2.4279630184    0.768  2.337  3.6983  1.731    7  0.000  0.529     0.00     0.00 -1    -1e-30      0.00 7.513e-01 2.484e-01 4.560e-05 1.308e-05 1.151e-04 -1.000 2.682e-04 -1.072 -1.495 -1.912 -2.262 -2.763 -2.954 -2.993 -3.007 -3.011 -2.651 -2.999 -2.643 -2.914 -2.949 -2.961 -2.982 -2.998 -3.003 -3.009 -3.017 -3.014 -3.006 -3.008 -2.828
0.00024632 -1.80000 10.03743 0.8274754882 2.4279675484    0.768  2.379  3.6956  1.678    7  0.000  0.529     0.00     0.00 -1    -1e-30      0.00 7.513e-01 2.484e-01 4.559e-05 1.308e-05 1.151e-04 -1.000 2.444e-04 -1.178 -1.601 -2.024 -2.378 -2.886 -3.080 -3.119 -3.134 -3.137 -2.773 -3.125 -2.764 -3.038 -3.074 -3.087 -3.107 -3.124 -3.130 -3.136 -3.144 -3.141 -3.131 -3.133 -2.951
0.00024632 -1.80000 10.03743 0.8274879456 2.4279716015    0.768  2.421  3.6929  1.626    7  0.000  0.529     0.00     0.00 -1    -1e-30      0.00 7.514e-01 2.484e-01 4.556e-05 1.309e-05 1.151e-04 -1.000 2.460e-04 -1.282 -1.704 -2.132 -2.491 -3.005 -3.202 -3.242 -3.257 -3.259 -2.892 -3.248 -2.881 -3.160 -3.196 -3.209 -3.230 -3.247 -3.253 -3.259 -3.267 -3.263 -3.251 -3.254 -3.071
0.00024632 -1.80000 10.03743 0.8274990916 2.4279751778    0.768  2.461  3.6904  1.575    7  0.000  0.527     0.00     0.00 -1    -1e-30      0.00 7.514e-01 2.484e-01 4.544e-05 1.315e-05 1.151e-04 -1.000 2.430e-04 -1.384 -1.805 -2.239 -2.602 -3.122 -3.322 -3.362 -3.378 -3.379 -3.008 -3.369 -2.996 -3.279 -3.316 -3.329 -3.349 -3.368 -3.374 -3.380 -3.389 -3.384 -3.369 -3.372 -3.189
0.00024632 -1.80000 10.03743 0.8275092244 2.4279785156    0.768  2.502  3.6879  1.525    7  0.000  0.522     0.00     0.00 -1    -1e-30      0.00 7.513e-01 2.484e-01 4.507e-05 1.344e-05 1.151e-04 -1.000 2.455e-04 -1.485 -1.906 -2.345 -2.713 -3.238 -3.442 -3.482 -3.499 -3.499 -3.124 -3.490 -3.111 -3.397 -3.436 -3.449 -3.469 -3.488 -3.495 -3.501 -3.510 -3.504 -3.487 -3.491 -3.306
0.00024632 -1.80000 10.03743 0.8275183439 2.4279816151    0.768  2.543  3.6853  1.474    7  0.000  0.512     0.00     0.00 -1    -1e-30      0.00 7.512e-01 2.485e-01 4.438e-05 1.415e-05 1.151e-04 -1.000 2.682e-04 -1.587 -2.006 -2.451 -2.824 -3.355 -3.561 -3.602 -3.619 -3.618 -3.240 -3.610 -3.225 -3.516 -3.555 -3.569 -3.588 -3.608 -3.615 -3.622 -3.630 -3.624 -3.604 -3.609 -3.423
0.00024632 -1.80000 10.03743 0.8275266290 2.4279842377    0.768  2.583  3.6828  1.424    7  0.000  0.500     0.00     0.00 -1    -1e-30      0.00 7.511e-01 2.486e-01 4.342e-05 1.525e-05 1.152e-04 -1.000 2.645e-04 -1.687 -2.106 -2.557 -2.934 -3.470 -3.680 -3.721 -3.739 -3.737 -3.355 -3.729 -3.339 -3.634 -3.674 -3.688 -3.707 -3.728 -3.735 -3.742 -3.750 -3.744 -3.721 -3.727 -3.540
0.00024632 -1.80000 10.03743 0.8275341988 2.4279866219    0.768  2.623  3.6803  1.373    7  0.000  0.488     0.00     0.00 -1    -1e-30      0.00 7.510e-01 2.488e-01 4.240e-05 1.648e-05 1.152e-04 -1.000 2.553e-04 -1.787 -2.204 -2.662 -3.043 -3.585 -3.798 -3.840 -3.858 -3.855 -3.470 -3.848 -3.452 -3.750 -3.792 -3.806 -3.824 -3.847 -3.854 -3.861 -3.870 -3.862 -3.836 -3.843 -3.656
0.00024632 -1.80000 10.03743 0.8275412917 2.4279890060    0.768  2.663  3.6777  1.324    7  0.000  0.477     0.00     0.00 -1    -1e-30      0.00 7.508e-01 2.489e-01 4.147e-05 1.763e-05 1.152e-04 -1.000 2.563e-04 -1.886 -2.301 -2.765 -3.151 -3.699 -3.915 -3.957 -3.977 -3.972 -3.583 -3.966 -3.565 -3.867 -3.909 -3.924 -3.941 -3.966 -3.973 -3.979 -3.989 -3.981 -3.951 -3.959 -3.771
0.00024632 -1.80000 10.03743 0.8275480270 2.4279911518    0.768  2.702  3.6751  1.274    7  0.000  0.467     0.00     0.00 -1    -1e-30      0.00 7.507e-01 2.491e-01 4.063e-05 1.866e-05 1.152e-04 -1.000 2.654e-04 -1.985 -2.398 -2.868 -3.259 -3.813 -4.032 -4.075 -4.095 -4.089 -3.697 -4.084 -3.677 -3.982 -4.026 -4.041 -4.057 -4.084 -4.091 -4.098 -4.107 -4.098 -4.066 -4.074 -3.885
0.00024632 -1.80000 10.03743 0.8275545835 2.4279932976    0.768  2.741  3.6726  1.224    7  0.000  0.459     0.00     0.00 -1    -1e-30      0.00 7.505e-01 2.492e-01 3.992e-05 1.953e-05 1.152e-04 -1.000 2.553e-04 -2.083 -2.494 -2.970 -3.366 -3.926 -4.149 -4.191 -4.213 -4.205 -3.809 -4.201 -3.788 -4.098 -4.142 -4.158 -4.173 -4.201 -4.209 -4.215 -4.225 -4.216 -4.179 -4.188 -4.000
0.00024632 -1.80000 10.03743 0.8275609016 2.4279952049    0.768  2.781  3.6700  1.174    7  0.000  0.452     0.00     0.00 -1    -1e-30      0.00 7.504e-01 2.494e-01 3.930e-05 2.030e-05 1.152e-04 -1.000 2.531e-04 -2.183 -2.590 -3.074 -3.475 -4.041 -4.266 -4.310 -4.332 -4.323 -3.924 -4.319 -3.901 -4.215 -4.259 -4.276 -4.290 -4.320 -4.328 -4.334 -4.344 -4.334 -4.294 -4.304 -4.115
0.00024632 -1.80000 10.03743 0.8275666833 2.4279971123    0.768  2.821  3.6673  1.124    7  0.000  0.446     0.00     0.00 -1    -1e-30      0.00 7.502e-01 2.495e-01 3.876e-05 2.097e-05 1.151e-04 -1.000 2.682e-04 -2.282 -2.687 -3.178 -3.584 -4.156 -4.385 -4.428 -4.452 -4.441 -4.038 -4.438 -4.014 -4.332 -4.378 -4.394 -4.407 -4.440 -4.447 -4.454 -4.464 -4.453 -4.409 -4.420 -4.231
0.00024632 -1.80000 10.03743 0.8275720477 2.4279987812    0.768  2.863  3.6645  1.070    7  0.000  0.441     0.00     0.00 -1    -1e-30      0.00 7.500e-01 2.497e-01 3.828e-05 2.157e-05 1.151e-04 -1.000 2.682e-04 -2.387 -2.788 -3.286 -3.698 -4.277 -4.510 -4.554 -4.578 -4.566 -4.159 -4.564 -4.134 -4.456 -4.503 -4.520 -4.530 -4.566 -4.574 -4.581 -4.591 -4.579 -4.530 -4.542 -4.354
0.00024632 -1.80000 10.03743 0.8275766969 2.4280004501    0.768  2.906  3.6615  1.015    7  0.000  0.436     0.00     0.00 -1    -1e-30      0.00 7.499e-01 2.499e-01 3.785e-05 2.211e-05 1.150e-04 -1.000 2.683e-04 -2.495 -2.892 -3.398 -3.816 -4.403 -4.640 -4.683 -4.709 -4.695 -4.284 -4.694 -4.258 -4.584 -4.632 -4.649 -4.657 -4.697 -4.704 -4.712 -4.722 -4.709 -4.655 -4.668 -4.481
0.00024632 -1.80000 10.03743 0.8275803328 2.4280016422    0.768  2.946  3.6588  0.964    7  0.000  0.433     0.00     0.00 -1    -1e-30      0.00 7.497e-01 2.501e-01 3.751e-05 2.257e-05 1.149e-04 -1.000 2.681e-04 -2.595 -2.989 -3.502 -3.926 -4.520 -4.760 -4.803 -4.831 -4.814 -4.401 -4.815 -4.372 -4.702 -4.751 -4.769 -4.775 -4.818 -4.826 -4.833 -4.844 -4.830 -4.771 -4.786 -4.598
0.00024632 -1.80000 10.03743 0.8275833726 2.4280025959    0.768  2.983  3.6561  0.917    7  0.000  0.430     0.00     0.00 -1    -1e-30      0.00 7.495e-01 2.502e-01 3.724e-05 2.296e-05 1.147e-04 -1.000 2.682e-04 -2.688 -3.077 -3.599 -4.028 -4.628 -4.871 -4.914 -4.943 -4.925 -4.508 -4.927 -4.479 -4.812 -4.862 -4.881 -4.885 -4.930 -4.938 -4.946 -4.957 -4.942 -4.878 -4.895 -4.707
0.00024632 -1.80000 10.03743 0.8275864124 2.4280035496    0.768  3.021  3.6534  0.868    7  0.000  0.428     0.00     0.00 -1    -1e-30      0.00 7.493e-01 2.504e-01 3.701e-05 2.333e-05 1.146e-04 -1.000 2.682e-04 -2.784 -3.168 -3.698 -4.133 -4.740 -4.986 -5.029 -5.060 -5.040 -4.619 -5.042 -4.589 -4.926 -4.977 -4.996 -4.998 -5.047 -5.055 -5.063 -5.074 -5.059 -4.989 -5.007 -4.820
0.00024632 -1.80000 10.03743 0.8275890946 2.4280045033    0.768  3.059  3.6507  0.820    7  0.000  0.427     0.00     0.00 -1    -1e-30      0.00 7.492e-01 2.505e-01 3.684e-05 2.363e-05 1.144e-04 -1.000 2.683e-04 -2.876 -3.253 -3.792 -4.234 -4.847 -5.098 -5.140 -5.174 -5.152 -4.727 -5.155 -4.695 -5.036 -5.089 -5.108 -5.107 -5.160 -5.168 -5.176 -5.188 -5.172 -5.097 -5.116 -4.929
0.00024632 -1.80000 10.03743 0.8275915980 2.4280052185    0.768  3.109  3.6470  0.754    7  0.000  0.426     0.00     0.00 -1    -1e-30      0.00 7.490e-01 2.507e-01 3.663e-05 2.411e-05 1.141e-04 -1.000 2.681e-04 -3.002 -3.368 -3.920 -4.370 -4.994 -5.250 -5.292 -5.328 -5.304 -4.873 -5.307 -4.839 -5.186 -5.241 -5.261 -5.255 -5.314 -5.322 -5.331 -5.343 -5.326 -5.244 -5.265 -5.077
0.00024632 -1.80000 10.03743 0.8275917768 2.4280052185    0.768  3.123  3.6459  0.736    7  0.000  0.425     0.00     0.00 -1    -1e-30      0.00 7.490e-01 2.507e-01 3.660e-05 2.417e-05 1.141e-04 -1.000 2.682e-04 -3.037 -3.400 -3.955 -4.409 -5.036 -5.292 -5.334 -5.372 -5.347 -4.914 -5.350 -4.879 -5.228 -5.283 -5.304 -5.296 -5.357 -5.366 -5.374 -5.386 -5.369 -5.286 -5.306 -5.119
0.00024632 -1.80000 10.03743 0.8275919557 2.4280052185    0.768  3.140  3.6446  0.714    7  0.000  0.425     0.00     0.00 -1    -1e-30      0.00 7.489e-01 2.508e-01 3.648e-05 2.450e-05 1.139e-04 -1.000 2.674e-04 -3.079 -3.438 -3.998 -4.455 -5.085 -5.344 -5.385 -5.424 -5.398 -4.963 -5.402 -4.928 -5.278 -5.334 -5.355 -5.346 -5.409 -5.418 -5.426 -5.439 -5.421 -5.335 -5.356 -5.169
0.00024632 -1.80000 10.03743 0.8275921941 2.4280054569    0.768  3.178  3.6418  0.665    7  0.000  0.424     0.00     0.00 -1    -1e-30      0.00 7.487e-01 2.511e-01 3.628e-05 2.511e-05 1.134e-04 -1.000 2.642e-04 -3.174 -3.525 -4.094 -4.559 -5.197 -5.459 -5.500 -5.541 -5.513 -5.075 -5.518 -5.037 -5.392 -5.450 -5.471 -5.458 -5.526 -5.535 -5.544 -5.557 -5.539 -5.446 -5.469 -5.281
0.00024632 -1.80000 10.03743 0.8275926709 2.4280054569    0.768  3.228  3.6379  0.599    7  0.000  0.423     0.00     0.00 -1    -1e-30      0.00 7.484e-01 2.514e-01 3.601e-05 2.592e-05 1.129e-04 -1.000 2.682e-04 -3.300 -3.637 -4.220 -4.695 -5.344 -5.613 -5.653 -5.697 -5.667 -5.221 -5.672 -5.182 -5.543 -5.602 -5.625 -5.606 -5.681 -5.690 -5.699 -5.713 -5.694 -5.594 -5.618 -5.430
0.00024632 -1.80000 10.03743 0.8275928497 2.4280056953    0.768  3.240  3.6370  0.583    7  0.549  0.423     0.00     0.00 -1    -1e-30      0.00 7.483e-01 2.514e-01 3.593e-05 2.614e-05 1.127e-04 -1.000 2.682e-04 -3.330 -3.663 -4.250 -4.727 -5.379 -5.650 -5.689 -5.734 -5.703 -5.257 -5.709 -5.216 -5.579 -5.639 -5.662 -5.642 -5.718 -5.727 -5.736 -5.750 -5.731 -5.630 -5.654 -5.466
0.00024632 -1.80000 10.03743 0.8275929689 2.4280056953    0.768  3.414  3.6091  0.297    8  0.549  0.390    89.88    43.79  1 -1.17e-06      0.00 7.290e-01 2.706e-01 6.375e-05 5.931e-05 2.177e-04 -1.000 3.690e-04 -3.766 -3.953 -4.653 -5.214 -5.955 -6.279 -6.309 -6.379 -6.341 -5.832 -6.341 -5.767 -6.182 -6.265 -6.296 -6.237 -6.360 -6.371 -6.382 -6.401 -6.378 -6.240 -6.271 -6.054
0.00024632 -1.80000 10.03743 0.8275930285 2.4280056953    0.767  3.278  3.6181  0.469    8  0.549  0.390    62.10    31.80  1 -6.29e-07      0.00 7.290e-01 2.706e-01 6.375e-05 5.931e-05 2.177e-04 -1.000 3.690e-04 -3.426 -3.671 -4.324 -4.855 -5.569 -5.874 -5.907 -5.968 -5.930 -5.445 -5.934 -5.388 -5.787 -5.862 -5.890 -5.843 -5.950 -5.960 -5.970 -5.987 -5.964 -5.836 -5.866 -5.664
0.00024632 -1.80000 10.03743 0.8275930882 2.4280056953    0.766  3.136  3.6310  0.662    8  0.549  0.390    40.94    22.17  1 -3.23e-07      0.00 7.290e-01 2.706e-01 6.375e-05 5.931e-05 2.177e-04 -1.000 3.690e-04 -3.071 -3.378 -3.980 -4.473 -5.146 -5.428 -5.466 -5.515 -5.482 -5.023 -5.487 -4.977 -5.352 -5.417 -5.442 -5.414 -5.499 -5.508 -5.517 -5.532 -5.512 -5.402 -5.428 -5.236
0.00024632 -1.80000 10.03743 0.8275932670 2.4280056953    0.764  2.929  3.6498  0.944    8  0.549  0.390    22.30    13.09  1 -1.17e-07      0.00 7.290e-01 2.706e-01 6.375e-05 5.931e-05 2.177e-04 -1.000 3.690e-04 -2.552 -2.924 -3.461 -3.905 -4.524 -4.777 -4.819 -4.853 -4.831 -4.403 -4.834 -4.370 -4.714 -4.768 -4.788 -4.785 -4.839 -4.847 -4.855 -4.867 -4.851 -4.776 -4.795 -4.606
0.00024632 -1.80000 10.03743 0.8275934458 2.4280056953    0.761  2.934  3.6493  0.935    8  0.549  0.390    22.73    13.29  1 -1.22e-07      0.00 7.290e-01 2.706e-01 6.375e-05 5.931e-05 2.177e-04 -1.000 3.690e-04 -2.565 -2.935 -3.474 -3.919 -4.540 -4.793 -4.835 -4.869 -4.847 -4.418 -4.850 -4.385 -4.730 -4.784 -4.804 -4.801 -4.856 -4.864 -4.872 -4.883 -4.867 -4.791 -4.810 -4.622
0.00024632 -1.80000 10.03743 0.8275937438 2.4280059338    0.758  3.018  3.6415  0.817    8  0.550  0.390    29.31    16.51  1 -1.89e-07      0.00 7.290e-01 2.706e-01 6.375e-05 5.931e-05 2.177e-04 -1.000 3.690e-04 -2.776 -3.123 -3.688 -4.153 -4.794 -5.059 -5.100 -5.140 -5.113 -4.672 -5.117 -4.634 -4.991 -5.050 -5.071 -5.058 -5.125 -5.134 -5.143 -5.155 -5.137 -5.047 -5.069 -4.880
0.00024632 -1.80000 10.03743 0.8275940418 2.4280059338    0.754  3.171  3.6275  0.606    8  0.550  0.390    46.29    24.44  1 -4.03e-07      0.00 7.290e-01 2.706e-01 6.375e-05 5.931e-05 2.177e-04 -1.000 3.690e-04 -3.159 -3.452 -4.067 -4.570 -5.253 -5.541 -5.578 -5.630 -5.595 -5.129 -5.600 -5.082 -5.463 -5.530 -5.555 -5.522 -5.613 -5.622 -5.632 -5.647 -5.626 -5.511 -5.538 -5.345
0.00024632 -1.80000 10.03743 0.8275944591 2.4280061722    0.749  3.306  3.6150  0.418    8  0.550  0.390    69.40    34.56  1 -7.75e-07      0.00 7.290e-01 2.706e-01 6.375e-05 5.931e-05 2.177e-04 -1.000 3.690e-04 -3.496 -3.723 -4.391 -4.932 -5.655 -5.966 -5.998 -6.062 -6.023 -5.531 -6.027 -5.471 -5.876 -5.953 -5.983 -5.932 -6.044 -6.054 -6.064 -6.082 -6.059 -5.927 -5.957 -5.751
0.00024632 -1.80000 10.03743 0.8275948763 2.4280061722    0.743  3.396  3.6067  0.292    8  0.551  0.390    91.17    43.57  1  -1.2e-06      0.00 7.290e-01 2.706e-01 6.375e-05 5.931e-05 2.177e-04 -1.000 3.690e-04 -3.720 -3.892 -4.602 -5.170 -5.919 -6.249 -6.278 -6.350 -6.311 -5.796 -6.311 -5.728 -6.149 -6.235 -6.266 -6.205 -6.330 -6.341 -6.353 -6.372 -6.349 -6.209 -6.240 -6.020
0.00024632 -1.80000 10.03743 0.8275954127 2.4280064106    0.737  3.445  3.6021  0.220    8  0.551  0.390   106.52    49.59  1 -1.54e-06      0.00 7.290e-01 2.706e-01 6.375e-05 5.931e-05 2.177e-04 -1.000 3.690e-04 -3.844 -3.982 -4.716 -5.300 -6.064 -6.405 -6.432 -6.509 -6.471 -5.942 -6.468 -5.868 -6.300 -6.390 -6.423 -6.355 -6.487 -6.501 -6.514 -6.533 -6.510 -6.367 -6.398 -6.167
0.00024632 -1.80000 10.03743 0.8275959492 2.4280066490    0.730  3.471  3.5996  0.181    8  0.552  0.390   116.08    53.12  1 -1.78e-06      0.00 7.290e-01 2.706e-01 6.375e-05 5.931e-05 2.177e-04 -1.000 3.690e-04 -3.907 -4.026 -4.774 -5.366 -6.139 -6.486 -6.512 -6.592 -6.555 -6.018 -6.549 -5.940 -6.378 -6.471 -6.504 -6.433 -6.570 -6.583 -6.596 -6.617 -6.594 -6.449 -6.480 -6.243
0.00024632 -1.80000 10.03743 0.8275965452 2.4280068874    0.722  3.487  3.5984  0.155    8  0.552  0.390   122.91    55.44  0 -1.98e-06      0.00 7.290e-01 2.706e-01 6.375e-05 5.931e-05 2.177e-04 -1.000 3.690e-04 -3.948 -4.057 -4.812 -5.409 -6.186 -6.536 -6.562 -6.643 -6.606 -6.065 -6.599 -5.986 -6.426 -6.520 -6.554 -6.482 -6.620 -6.634 -6.648 -6.668 -6.646 -6.500 -6.531 -6.291
0.00024632 -1.80000 10.03743 0.8275989294 2.4280076027    0.554 -9.999  4.0000  1.705    9  0.554  0.000     0.00     0.00 -1    -1e-30      0.00 7.290e-01 2.706e-01 6.375e-05 5.931e-05 2.177e-04 -1.000 3.690e-04 29.767 30.066 30.053 30.101 30.105 30.107 30.107 30.112 30.108 30.102 30.109 30.112 30.092 30.100 30.112 30.113 30.108 30.113 30.113 30.107 30.108 30.106 30.110 30.102
#isochrone terminated
