# File generated by CMD 3.3 (http://stev.oapd.inaf.it/cmd) on Mon Apr  6 22:18:58 CEST 2020
# isochrones based on PARSEC release v1.2S +  COLIBRI S_35
# Basic references: Bressan et al. (2012), MNRAS, 427, 127 + Chen et al. (2014, 2015), MNRAS, 444, 2525 + MNRAS, 452, 1068 + Tang et al. (2014), MNRAS, 445, 4287 + Marigo et al. (2017), ApJ, 835, 77 + Pastorelli al. (2019), MNRAS in press
# Thermal pulse cycles included 
# On RGB, assumed Reimers mass loss with efficiency eta=0.2
# Photometric system: <i>UBVRIJHK</i> (cf. Maiz-Apellaniz 2006 + Bessell 1990)
# Using YBC version of bolometric corrections as in Chen et al. (2019)
# O-rich circumstellar dpmod60alox40 dust from Groenewegen (2006)
# C-rich circumstellar AMCSIC15 dust from Groenewegen (2006)
# IMF: Kroupa (2001, 2002) + Kroupa et al. (2013) canonical two-part-power law IMF corrected for unresolved binaries 
# Kind of output: isochrone tables
# Zini     MH   logAge Mini        int_IMF         Mass   logL    logTe  logg  label   McoreTP C_O  period0 period1 pmode  Mloss  tau1m   X   Y   Xc  Xn  Xo  Cexcess  Z 	 mbolmag  Umag    Bmag    Vmag    Rmag    Imag    Jmag    Hmag    Kmag
0.00024632 -1.80000 10.03743 0.0900000036 1.0816895962    0.090 -3.198  3.4846  5.481    1  0.000  0.545     0.00     0.00 -1 -4.82e-17      0.00 7.485e-01 2.512e-01 4.823e-05 1.301e-05 1.180e-04 -1.000 2.682e-04 12.766 19.847 17.113 15.109 13.505 12.011 10.796 10.565 10.496
0.00024632 -1.80000 10.03743 0.0975997373 1.1507375240    0.098 -2.920  3.5255  5.401    1  0.000  0.545     0.00     0.00 -1 -9.66e-17      0.00 7.468e-01 2.529e-01 4.823e-05 1.301e-05 1.180e-04 -1.000 2.682e-04 12.069 17.397 15.505 13.691 12.454 11.339 10.237 9.831 9.716
0.00024632 -1.80000 10.03743 0.1000000015 1.1711064577    0.100 -2.836  3.5377  5.377    1  0.000  0.545     0.00     0.00 -1 -1.19e-16      0.00 7.463e-01 2.535e-01 4.823e-05 1.301e-05 1.180e-04 -1.000 2.681e-04 11.861 16.744 15.047 13.324 12.155 11.135 10.070 9.628 9.501
0.00024632 -1.80000 10.03743 0.1199999973 1.3193154335    0.120 -2.544  3.5685  5.287    1  0.000  0.545     0.00     0.00 -1 -2.36e-16      0.00 7.434e-01 2.563e-01 4.823e-05 1.301e-05 1.180e-04 -1.000 2.682e-04 11.129 15.007 13.733 12.255 11.233 10.412 9.444 8.933 8.779
0.00024632 -1.80000 10.03743 0.1400000006 1.4384527206    0.140 -2.360  3.5834  5.230    1  0.000  0.545     0.00     0.00 -1 -3.56e-16      0.00 7.414e-01 2.583e-01 4.823e-05 1.301e-05 1.180e-04 -1.000 2.683e-04 10.671 14.136 13.029 11.663 10.711 9.956 9.034 8.502 8.336
0.00024632 -1.80000 10.03743 0.1599999964 1.5372931957    0.160 -2.217  3.5931  5.184    1  0.000  0.545     0.00     0.00 -1 -4.87e-16      0.00 7.401e-01 2.597e-01 4.823e-05 1.301e-05 1.180e-04 -1.000 2.682e-04 10.314 13.524 12.521 11.224 10.319 9.599 8.707 8.166 7.993
0.00024632 -1.80000 10.03743 0.2000000179 1.6938792467    0.200 -1.997  3.6055  5.110    1  0.000  0.545     0.00     0.00 -1 -7.88e-16      0.00 7.391e-01 2.606e-01 4.823e-05 1.301e-05 1.180e-04 -1.000 2.682e-04 9.763 12.677 11.792 10.576 9.729 9.047 8.193 7.645 7.468
0.00024632 -1.80000 10.03743 0.2500000298 1.8403259516    0.250 -1.794  3.6165  5.048    1  0.000  0.545     0.00     0.00 -1 -1.21e-15      0.00 7.392e-01 2.605e-01 4.822e-05 1.301e-05 1.180e-04 -1.000 2.682e-04 9.256 11.929 11.139 9.988 9.189 8.538 7.718 7.169 6.994
0.00024632 -1.80000 10.03743 0.3000000417 1.9529141188    0.300 -1.639  3.6255  5.008    1  0.000  0.545     0.00     0.00 -1 -1.65e-15      0.00 7.393e-01 2.604e-01 4.821e-05 1.301e-05 1.180e-04 -1.000 2.682e-04 8.867 11.355 10.638 9.536 8.776 8.148 7.354 6.808 6.639
0.00024632 -1.80000 10.03743 0.3500000238 2.0434176922    0.350 -1.512  3.6336  4.980    1  0.000  0.544     0.00     0.00 -1 -2.12e-15      0.00 7.392e-01 2.605e-01 4.819e-05 1.301e-05 1.180e-04 -1.000 2.680e-04 8.549 10.881 10.226 9.165 8.437 7.830 7.059 6.517 6.354
0.00024632 -1.80000 10.03743 0.4000000358 2.1185026169    0.400 -1.383  3.6432  4.947    1  0.000  0.545     0.00     0.00 -1 -2.77e-15      0.00 7.503e-01 2.494e-01 4.823e-05 1.301e-05 1.180e-04 -1.000 2.681e-04 8.226 10.377 9.796 8.781 8.090 7.507 6.762 6.228 6.075
0.00024632 -1.80000 10.03743 0.4500000477 2.1822810173    0.450 -1.223  3.6592  4.903    1  0.000  0.545     0.00     0.00 -1 -3.96e-15      0.00 7.506e-01 2.491e-01 4.823e-05 1.301e-05 1.180e-04 -1.000 2.683e-04 7.828 9.688 9.232 8.290 7.655 7.110 6.410 5.894 5.757
0.00024632 -1.80000 10.03743 0.5000000000 2.2374541759    0.500 -1.045  3.6792  4.851    1  0.000  0.545     0.00     0.00 -1 -6.01e-15      0.00 7.506e-01 2.491e-01 4.823e-05 1.301e-05 1.180e-04 -1.000 2.682e-04 7.383 8.888 8.600 7.742 7.174 6.673 6.030 5.545 5.427
0.00024632 -1.80000 10.03743 0.5500000715 2.2836585045    0.550 -0.842  3.7005  4.774    1  0.000  0.544     0.00     0.00 -1 -9.99e-15      0.00 7.817e-01 2.182e-01 4.259e-05 1.150e-05 1.043e-04 -1.000 1.713e-04 6.876 8.040 7.923 7.149 6.641 6.180 5.599 5.155 5.053
0.00024632 -1.80000 10.03743 0.5719971061 2.3010683060    0.572 -0.751  3.7118  4.745    1  0.000  0.544     0.00     0.00 -1 -1.25e-14      0.00 7.866e-01 2.132e-01 4.175e-05 1.127e-05 1.023e-04 -1.000 2.037e-04 6.647 7.653 7.616 6.885 6.405 5.964 5.414 4.991 4.898
0.00024632 -1.80000 10.03743 0.6000000238 2.3211214542    0.600 -0.639  3.7258  4.710    1  0.000  0.544     0.00     0.00 -1 -1.64e-14      0.00 7.926e-01 2.071e-01 4.071e-05 1.100e-05 9.982e-05 -1.000 2.407e-04 6.367 7.198 7.247 6.570 6.121 5.704 5.191 4.793 4.710
0.00024632 -1.80000 10.03743 0.6129378080 2.3296778202    0.613 -0.584  3.7333  4.694    1  0.000  0.544     0.00     0.00 -1 -1.88e-14      0.00 7.961e-01 2.037e-01 4.013e-05 1.084e-05 9.843e-05 -1.000 2.143e-04 6.229 6.975 7.064 6.417 5.984 5.579 5.085 4.700 4.622
0.00024632 -1.80000 10.03743 0.6261576414 2.3380022049    0.626 -0.527  3.7410  4.677    1  0.000  0.543     0.00     0.00 -1 -2.16e-14      0.00 7.999e-01 1.999e-01 3.950e-05 1.067e-05 9.693e-05 -1.000 2.168e-04 6.087 6.754 6.881 6.261 5.844 5.452 4.977 4.604 4.532
0.00024632 -1.80000 10.03743 0.6374643445 2.3448076248    0.637 -0.478  3.7475  4.663    1  0.000  0.543     0.00     0.00 -1 -2.44e-14      0.00 8.033e-01 1.965e-01 3.894e-05 1.052e-05 9.557e-05 -1.000 2.193e-04 5.966 6.573 6.727 6.130 5.726 5.345 4.884 4.520 4.453
0.00024632 -1.80000 10.03743 0.6483976841 2.3511295319    0.648 -0.431  3.7537  4.647    1  0.000  0.543     0.00     0.00 -1 -2.74e-14      0.00 8.068e-01 1.930e-01 3.837e-05 1.037e-05 9.420e-05 -1.000 2.369e-04 5.847 6.399 6.578 6.004 5.613 5.242 4.795 4.439 4.378
0.00024632 -1.80000 10.03743 0.6499999762 2.3520355225    0.650 -0.424  3.7546  4.645    1  0.000  0.543     0.00     0.00 -1 -2.79e-14      0.00 8.073e-01 1.925e-01 3.828e-05 1.035e-05 9.400e-05 -1.000 2.162e-04 5.829 6.373 6.555 5.985 5.596 5.227 4.782 4.427 4.366
0.00024632 -1.80000 10.03743 0.6610301137 2.3581352234    0.661 -0.375  3.7605  4.627    1  0.000  0.543     0.00     0.00 -1 -3.16e-14      0.00 8.118e-01 1.880e-01 3.755e-05 1.015e-05 9.223e-05 -1.000 2.094e-04 5.708 6.201 6.405 5.857 5.480 5.121 4.689 4.342 4.287
0.00024632 -1.80000 10.03743 0.6743990183 2.3652215004    0.674 -0.316  3.7675  4.604    1  0.000  0.542     0.00     0.00 -1 -3.68e-14      0.00 8.175e-01 1.822e-01 3.659e-05 9.899e-06 8.997e-05 -1.000 2.454e-04 5.559 6.002 6.227 5.703 5.340 4.992 4.574 4.235 4.186
0.00024632 -1.80000 10.03743 0.6867769361 2.3715004921    0.687 -0.259  3.7738  4.581    1  0.000  0.542     0.00     0.00 -1 -4.26e-14      0.00 8.233e-01 1.764e-01 3.564e-05 9.645e-06 8.769e-05 -1.000 2.416e-04 5.418 5.821 6.060 5.558 5.207 4.870 4.465 4.134 4.090
0.00024632 -1.80000 10.03743 0.6981489658 2.3770439625    0.698 -0.206  3.7794  4.558    1  0.000  0.541     0.00     0.00 -1 -4.79e-14      0.00 8.291e-01 1.707e-01 3.470e-05 9.395e-06 8.545e-05 -1.000 2.320e-04 5.286 5.653 5.905 5.423 5.082 4.754 4.360 4.037 3.997
0.00024632 -1.80000 10.03743 0.6999999881 2.3779268265    0.700 -0.198  3.7804  4.554    1  0.000  0.541     0.00     0.00 -1 -5.02e-14      0.00 8.301e-01 1.697e-01 3.454e-05 9.353e-06 8.507e-05 -1.000 2.193e-04 5.264 5.626 5.879 5.400 5.061 4.734 4.343 4.020 3.982
0.00024632 -1.80000 10.03743 0.7088836432 2.3820898533    0.709 -0.155  3.7845  4.533    1  0.000  0.539     0.00     0.00 -1 -5.64e-14      0.00 8.352e-01 1.647e-01 3.363e-05 9.131e-06 8.311e-05 -1.000 1.455e-04 5.156 5.498 5.756 5.291 4.960 4.640 4.257 3.940 3.905
0.00024632 -1.80000 10.03743 0.7193884850 2.3868601322    0.719 -0.102  3.7893  4.506    1  0.000  0.537     0.00     0.00 -1 -6.52e-14      0.00 8.410e-01 1.588e-01 3.260e-05 8.877e-06 8.087e-05 -1.000 1.921e-04 5.025 5.344 5.606 5.157 4.835 4.523 4.150 3.841 3.809
0.00024632 -1.80000 10.03743 0.7292925119 2.3912131786    0.729 -0.050  3.7938  4.478    1  0.000  0.535     0.00     0.00 -1 -7.53e-14      0.00 8.462e-01 1.536e-01 3.168e-05 8.656e-06 7.892e-05 -1.000 1.768e-04 4.895 5.196 5.459 5.024 4.712 4.407 4.043 3.741 3.712
0.00024632 -1.80000 10.03743 0.7379862666 2.3949239254    0.738 -0.002  3.7976  4.450    1  0.000  0.533     0.00     0.00 -1 -8.63e-14      0.00 8.505e-01 1.493e-01 3.096e-05 8.481e-06 7.737e-05 -1.000 1.636e-04 4.775 5.063 5.325 4.902 4.597 4.299 3.943 3.647 3.621
0.00024632 -1.80000 10.03743 0.7465708852 2.3984904289    0.746  0.047  3.8012  4.420    1  0.000  0.531     0.00     0.00 -1 -9.94e-14      0.00 8.544e-01 1.455e-01 3.032e-05 8.328e-06 7.603e-05 -1.000 1.467e-04 4.651 4.927 5.186 4.775 4.477 4.186 3.838 3.548 3.525
0.00024632 -1.80000 10.03743 0.7500000000 2.3998889923    0.749  0.068  3.8027  4.408    1  0.000  0.531     0.00     0.00 -1 -1.05e-13      0.00 8.558e-01 1.441e-01 3.009e-05 8.273e-06 7.555e-05 -1.000 1.454e-04 4.601 4.873 5.130 4.724 4.428 4.139 3.795 3.508 3.485
0.00024632 -1.80000 10.03743 0.7581298351 2.4031465054    0.758  0.118  3.8062  4.376    1  0.000  0.530     0.00     0.00 -1 -1.22e-13      0.00 8.569e-01 1.429e-01 3.002e-05 8.261e-06 7.548e-05 -1.000 1.579e-04 4.474 4.737 4.990 4.594 4.306 4.022 3.686 3.406 3.385
0.00024632 -1.80000 10.03743 0.7661215067 2.4062714577    0.765  0.172  3.8096  4.341    1  0.000  0.530     0.00     0.00 -1 -1.43e-13      0.00 8.579e-01 1.419e-01 2.998e-05 8.254e-06 7.546e-05 -1.000 1.991e-04 4.340 4.595 4.842 4.457 4.175 3.898 3.569 3.296 3.277
0.00024632 -1.80000 10.03743 0.7734873891 2.4090857506    0.773  0.225  3.8127  4.304    1  0.000  0.529     0.00     0.00 -1 -1.68e-13      0.00 8.587e-01 1.411e-01 2.997e-05 8.253e-06 7.547e-05 -1.000 1.858e-04 4.208 4.458 4.696 4.320 4.045 3.773 3.452 3.184 3.166
0.00024632 -1.80000 10.03743 0.7802287936 2.4116082191    0.779  0.277  3.8153  4.265    1  0.000  0.529     0.00     0.00 -1 -1.97e-13      0.00 8.594e-01 1.405e-01 2.996e-05 8.254e-06 7.551e-05 -1.000 1.454e-04 4.077 4.324 4.554 4.186 3.916 3.649 3.333 3.071 3.054
0.00024632 -1.80000 10.03743 0.7863974571 2.4138727188    0.785  0.329  3.8173  4.225    1  0.000  0.529     0.00     0.00 -1 -2.31e-13      0.00 8.598e-01 1.400e-01 2.998e-05 8.262e-06 7.561e-05 -1.000 1.543e-04 3.948 4.193 4.416 4.054 3.788 3.525 3.214 2.957 2.940
0.00024632 -1.80000 10.03743 0.7921436429 2.4159455299    0.791  0.380  3.8186  4.183    1  0.000  0.529     0.00     0.00 -1 -2.72e-13      0.00 8.590e-01 1.408e-01 3.019e-05 8.319e-06 7.613e-05 -1.000 1.622e-04 3.820 4.065 4.281 3.923 3.660 3.400 3.092 2.839 2.822
0.00024632 -1.80000 10.03743 0.7960804701 2.4173460007    0.795  0.417  3.8191  4.150    1  0.000  0.529     0.00     0.00 -1 -3.09e-13      0.00 8.582e-01 1.416e-01 3.037e-05 8.369e-06 7.659e-05 -1.000 1.664e-04 3.729 3.974 4.185 3.830 3.568 3.309 3.003 2.751 2.735
0.00024632 -1.80000 10.03743 0.7974167466 2.4178178310    0.796  0.431  3.8189  4.136    1  0.000  0.529     0.00     0.00 -1 -3.24e-13      0.00 8.579e-01 1.419e-01 3.043e-05 8.387e-06 7.676e-05 -1.000 1.671e-04 3.693 3.940 4.149 3.794 3.532 3.273 2.966 2.714 2.698
0.00024632 -1.80000 10.03743 0.8000000119 2.4187245369    0.799  0.459  3.8182  4.106    1  0.000  0.529     0.00     0.00 -1 -3.56e-13      0.00 8.574e-01 1.425e-01 3.056e-05 8.422e-06 7.707e-05 -1.000 1.682e-04 3.622 3.871 4.078 3.722 3.459 3.199 2.891 2.638 2.621
0.00024632 -1.80000 10.03743 0.8025320768 2.4196069241    0.801  0.487  3.8175  4.076    1  0.000  0.529     0.00     0.00 -1 -3.91e-13      0.00 8.565e-01 1.433e-01 3.071e-05 8.463e-06 7.745e-05 -1.000 1.723e-04 3.551 3.804 4.008 3.651 3.388 3.127 2.817 2.563 2.546
0.00024632 -1.80000 10.03743 0.8065080047 2.4209794998    0.805  0.538  3.8144  4.015    1  0.000  0.529     0.00     0.00 -1 -4.71e-13      0.00 8.552e-01 1.446e-01 3.095e-05 8.529e-06 7.804e-05 -1.000 1.785e-04 3.424 3.687 3.888 3.525 3.257 2.991 2.674 2.414 2.396
0.00024632 -1.80000 10.03743 0.8071798086 2.4212098122    0.806  0.548  3.8137  4.003    1  0.000  0.529     0.00     0.00 -1 -4.89e-13      0.00 8.550e-01 1.448e-01 3.099e-05 8.540e-06 7.814e-05 -1.000 1.796e-04 3.401 3.666 3.867 3.502 3.233 2.966 2.647 2.386 2.368
0.00024632 -1.80000 10.03743 0.8078548908 2.4214408398    0.806  0.558  3.8126  3.989    2  0.000  0.529     0.00     0.00 -1 -5.11e-13      0.00 8.548e-01 1.450e-01 3.103e-05 8.551e-06 7.824e-05 -1.000 1.806e-04 3.375 3.643 3.844 3.477 3.206 2.937 2.616 2.352 2.334
0.00024632 -1.80000 10.03743 0.8101217747 2.4222135544    0.809  0.595  3.8074  3.932    2  0.000  0.529     0.00     0.00 -1  -5.9e-13      0.00 8.541e-01 1.458e-01 3.117e-05 8.588e-06 7.858e-05 -1.000 1.842e-04 3.281 3.564 3.766 3.386 3.106 2.829 2.496 2.223 2.202
0.00024632 -1.80000 10.03743 0.8118477464 2.4227986336    0.810  0.629  3.8010  3.874    2  0.000  0.529     0.00     0.00 -1 -6.81e-13      0.00 8.535e-01 1.463e-01 3.127e-05 8.616e-06 7.883e-05 -1.000 1.869e-04 3.198 3.500 3.704 3.307 3.016 2.729 2.381 2.096 2.072
0.00024632 -1.80000 10.03743 0.8131936789 2.4232528210    0.812  0.658  3.7934  3.814    2  0.000  0.529     0.00     0.00 -1  -7.8e-13      0.00 8.531e-01 1.467e-01 3.135e-05 8.638e-06 7.903e-05 -1.000 1.890e-04 3.124 3.453 3.657 3.239 2.934 2.635 2.269 1.969 1.941
0.00024632 -1.80000 10.03743 0.8142756820 2.4236166477    0.813  0.685  3.7849  3.755    2  0.000  0.529     0.00     0.00 -1 -8.88e-13      0.00 8.501e-01 1.497e-01 3.223e-05 8.877e-06 8.120e-05 -1.000 1.895e-04 3.058 3.419 3.623 3.181 2.861 2.548 2.162 1.846 1.814
0.00024632 -1.80000 10.03743 0.8151763678 2.4239187241    0.813  0.709  3.7762  3.697    2  0.000  0.530     0.00     0.00 -1    -1e-12      0.00 8.391e-01 1.607e-01 3.432e-05 9.442e-06 8.627e-05 -1.000 1.840e-04 2.998 3.399 3.598 3.130 2.794 2.466 2.061 1.729 1.692
0.00024632 -1.80000 10.03743 0.8159606457 2.4241809845    0.814  0.731  3.7682  3.642    2  0.000  0.532     0.00     0.00 -1 -1.12e-12      0.00 8.145e-01 1.853e-01 3.793e-05 1.041e-05 9.492e-05 -1.000 2.218e-04 2.942 3.384 3.575 3.082 2.731 2.391 1.967 1.620 1.578
0.00024632 -1.80000 10.03743 0.8166839480 2.4244225025    0.815  0.756  3.7606  3.587    2  0.000  0.535     0.00     0.00 -1 -1.27e-12      0.00 7.937e-01 2.061e-01 4.095e-05 1.122e-05 1.021e-04 -1.000 2.063e-04 2.880 3.365 3.548 3.030 2.664 2.311 1.869 1.510 1.462
0.00024632 -1.80000 10.03743 0.8174096942 2.4246642590    0.816  0.789  3.7534  3.526    2  0.000  0.536     0.00     0.00 -1 -1.47e-12      0.00 7.804e-01 2.193e-01 4.289e-05 1.174e-05 1.067e-04 -1.000 2.448e-04 2.797 3.330 3.499 2.957 2.578 2.213 1.754 1.382 1.329
0.00024632 -1.80000 10.03743 0.8179771304 2.4248530865    0.816  0.824  3.7486  3.472    2  0.000  0.536     0.00     0.00 -1 -1.69e-12      0.00 7.743e-01 2.254e-01 4.380e-05 1.198e-05 1.089e-04 -1.000 2.584e-04 2.710 3.276 3.435 2.878 2.490 2.117 1.647 1.267 1.210
0.00024632 -1.80000 10.03743 0.8185386062 2.4250395298    0.817  0.865  3.7447  3.416    2  0.000  0.536     0.00     0.00 -1 -1.98e-12      0.00 7.702e-01 2.296e-01 4.441e-05 1.214e-05 1.104e-04 -1.000 2.454e-04 2.608 3.204 3.353 2.782 2.386 2.007 1.527 1.140 1.080
0.00024632 -1.80000 10.03743 0.8187140822 2.4250977039    0.817  0.880  3.7437  3.397    3  0.000  0.536     0.00     0.00 -1  -2.1e-12      0.00 7.693e-01 2.305e-01 4.454e-05 1.218e-05 1.107e-04 -1.000 2.053e-04 2.571 3.174 3.320 2.746 2.348 1.967 1.485 1.096 1.036
0.00024632 -1.80000 10.03743 0.8191851377 2.4252536297    0.817  0.922  3.7413  3.346    3  0.000  0.537     0.00     0.00 -1 -2.44e-12      0.00 7.669e-01 2.329e-01 4.486e-05 1.226e-05 1.115e-04 -1.000 2.658e-04 2.465 3.086 3.226 2.644 2.242 1.857 1.369 0.976 0.913
0.00024632 -1.80000 10.03743 0.8197001815 2.4254240990    0.818  0.972  3.7389  3.287    3  0.000  0.537     0.00     0.00 -1 -2.93e-12      0.00 7.646e-01 2.352e-01 4.514e-05 1.234e-05 1.121e-04 -1.000 2.613e-04 2.341 2.982 3.114 2.524 2.118 1.729 1.234 0.836 0.772
0.00024632 -1.80000 10.03743 0.8201374412 2.4255685806    0.818  1.017  3.7372  3.234    3  0.000  0.537     0.00     0.00 -1 -3.45e-12      0.00 7.627e-01 2.370e-01 4.533e-05 1.239e-05 1.126e-04 -1.000 2.611e-04 2.227 2.884 3.009 2.414 2.005 1.613 1.113 0.710 0.646
0.00024632 -1.80000 10.03743 0.8205552101 2.4257066250    0.818  1.063  3.7355  3.181    3  0.000  0.537     0.00     0.00 -1 -4.08e-12      0.00 7.611e-01 2.386e-01 4.548e-05 1.243e-05 1.130e-04 -1.000 2.682e-04 2.111 2.783 2.902 2.302 1.889 1.495 0.990 0.583 0.517
0.00024632 -1.80000 10.03743 0.8209794760 2.4258465767    0.819  1.114  3.7338  3.124    3  0.000  0.537     0.00     0.00 -1  -4.9e-12      0.00 7.594e-01 2.403e-01 4.560e-05 1.247e-05 1.133e-04 -1.000 2.638e-04 1.985 2.671 2.784 2.179 1.764 1.366 0.856 0.445 0.379
0.00024632 -1.80000 10.03743 0.8213693500 2.4259748459    0.819  1.164  3.7322  3.068    3  0.000  0.536     0.00     0.00 -1 -5.86e-12      0.00 7.578e-01 2.419e-01 4.566e-05 1.251e-05 1.136e-04 -1.000 2.522e-04 1.859 2.559 2.667 2.056 1.639 1.239 0.724 0.309 0.242
0.00024632 -1.80000 10.03743 0.8217192888 2.4260900021    0.819  1.213  3.7307  3.013    3  0.000  0.535     0.00     0.00 -1 -6.98e-12      0.00 7.565e-01 2.433e-01 4.567e-05 1.256e-05 1.138e-04 -1.000 2.399e-04 1.737 2.450 2.553 1.937 1.517 1.115 0.595 0.176 0.109
0.00024632 -1.80000 10.03743 0.8220251799 2.4261906147    0.819  1.259  3.7293  2.961    3  0.000  0.534     0.00     0.00 -1 -8.25e-12      0.00 7.552e-01 2.445e-01 4.562e-05 1.262e-05 1.139e-04 -1.000 2.602e-04 1.622 2.348 2.445 1.825 1.402 0.997 0.473 0.051 -0.017
0.00024632 -1.80000 10.03743 0.8223231435 2.4262883663    0.820  1.308  3.7278  2.906    3  0.000  0.532     0.00     0.00 -1 -9.84e-12      0.00 7.540e-01 2.457e-01 4.550e-05 1.273e-05 1.141e-04 -1.000 2.678e-04 1.499 2.240 2.330 1.705 1.280 0.873 0.345 -0.082 -0.150
0.00024632 -1.80000 10.03743 0.8226090074 2.4263823032    0.820  1.359  3.7262  2.849    3  0.000  0.530     0.00     0.00 -1 -1.18e-11      0.00 7.530e-01 2.467e-01 4.533e-05 1.289e-05 1.142e-04 -1.000 2.635e-04 1.371 2.128 2.210 1.580 1.152 0.743 0.210 -0.220 -0.290
0.00024632 -1.80000 10.03743 0.8228486776 2.4264607430    0.820  1.406  3.7246  2.796    3  0.000  0.528     0.00     0.00 -1  -1.4e-11      0.00 7.522e-01 2.475e-01 4.516e-05 1.306e-05 1.143e-04 -1.000 2.597e-04 1.254 2.026 2.102 1.467 1.036 0.624 0.086 -0.348 -0.418
0.00024632 -1.80000 10.03743 0.8230671883 2.4265322685    0.820  1.453  3.7231  2.743    3  0.000  0.526     0.00     0.00 -1 -1.66e-11      0.00 7.515e-01 2.482e-01 4.498e-05 1.324e-05 1.143e-04 -1.000 2.674e-04 1.138 1.924 1.994 1.354 0.920 0.506 -0.036 -0.474 -0.544
0.00024632 -1.80000 10.03743 0.8232727647 2.4265997410    0.820  1.501  3.7215  2.689    3  0.000  0.524     0.00     0.00 -1 -1.97e-11      0.00 7.510e-01 2.487e-01 4.482e-05 1.342e-05 1.144e-04 -1.000 2.651e-04 1.019 1.819 1.883 1.238 0.802 0.385 -0.162 -0.604 -0.675
0.00024632 -1.80000 10.03743 0.8234543800 2.4266591072    0.820  1.547  3.7199  2.637    3  0.000  0.522     0.00     0.00 -1 -2.32e-11      0.00 7.506e-01 2.491e-01 4.469e-05 1.356e-05 1.144e-04 -1.000 2.635e-04 0.904 1.719 1.777 1.126 0.688 0.268 -0.284 -0.730 -0.801
0.00024632 -1.80000 10.03743 0.8236271739 2.4267156124    0.820  1.594  3.7183  2.582    3  0.000  0.521     0.00     0.00 -1 -2.76e-11      0.00 7.503e-01 2.494e-01 4.460e-05 1.366e-05 1.144e-04 -1.000 2.659e-04 0.784 1.617 1.667 1.011 0.569 0.147 -0.410 -0.860 -0.933
0.00024632 -1.80000 10.03743 0.8237794638 2.4267654419    0.820  1.641  3.7166  2.530    3  0.000  0.520     0.00     0.00 -1 -3.26e-11      0.00 7.502e-01 2.496e-01 4.454e-05 1.373e-05 1.145e-04 -1.000 2.682e-04 0.669 1.518 1.562 0.900 0.455 0.030 -0.532 -0.986 -1.059
0.00024632 -1.80000 10.03743 0.8239149451 2.4268097878    0.820  1.685  3.7150  2.478    3  0.000  0.520     0.00     0.00 -1 -3.84e-11      0.00 7.501e-01 2.496e-01 4.450e-05 1.377e-05 1.145e-04 -1.000 2.681e-04 0.557 1.425 1.461 0.792 0.344 -0.083 -0.650 -1.109 -1.182
0.00024632 -1.80000 10.03743 0.8240441084 2.4268519878    0.820  1.731  3.7133  2.425    3  0.000  0.520     0.00     0.00 -1 -4.54e-11      0.00 7.501e-01 2.497e-01 4.449e-05 1.378e-05 1.145e-04 -1.000 2.682e-04 0.441 1.331 1.356 0.680 0.229 -0.202 -0.773 -1.235 -1.310
0.00024632 -1.80000 10.03743 0.8241609931 2.4268901348    0.819  1.777  3.7116  2.373    3  0.000  0.520     0.00     0.00 -1 -5.35e-11      0.00 7.501e-01 2.497e-01 4.449e-05 1.379e-05 1.145e-04 -1.000 2.682e-04 0.327 1.238 1.253 0.570 0.115 -0.318 -0.895 -1.361 -1.436
0.00024632 -1.80000 10.03743 0.8242638707 2.4269237518    0.819  1.821  3.7099  2.322    3  0.000  0.520     0.00     0.00 -1 -6.28e-11      0.00 7.501e-01 2.497e-01 4.449e-05 1.379e-05 1.145e-04 -1.000 2.682e-04 0.218 1.150 1.155 0.465 0.007 -0.430 -1.011 -1.481 -1.557
0.00024632 -1.80000 10.03743 0.8243584037 2.4269545078    0.819  1.864  3.7082  2.272    3  0.000  0.520     0.00     0.00 -1 -7.35e-11      0.00 7.500e-01 2.497e-01 4.449e-05 1.379e-05 1.145e-04 -1.000 2.682e-04 0.110 1.065 1.059 0.361 -0.100 -0.540 -1.126 -1.600 -1.677
0.00024632 -1.80000 10.03743 0.8244498968 2.4269845486    0.819  1.909  3.7064  2.220    3  0.000  0.520     0.00     0.00 -1 -8.66e-11      0.00 7.500e-01 2.497e-01 4.448e-05 1.380e-05 1.145e-04 -1.000 2.681e-04 -0.003 0.976 0.959 0.253 -0.212 -0.655 -1.246 -1.725 -1.802
0.00024632 -1.80000 10.03743 0.8245299459 2.4270105362    0.819  1.952  3.7046  2.170    3  0.000  0.519     0.00     0.00 -1 -1.01e-10      0.00 7.500e-01 2.497e-01 4.448e-05 1.380e-05 1.145e-04 -1.000 2.682e-04 -0.110 0.893 0.865 0.151 -0.318 -0.764 -1.361 -1.844 -1.922
0.00024632 -1.80000 10.03743 0.8246036172 2.4270346165    0.818  1.994  3.7029  2.120    3  0.000  0.519     0.00     0.00 -1 -1.18e-10      0.00 7.500e-01 2.497e-01 4.448e-05 1.380e-05 1.145e-04 -1.000 2.682e-04 -0.216 0.810 0.772 0.050 -0.423 -0.872 -1.474 -1.962 -2.040
0.00024632 -1.80000 10.03743 0.8246733546 2.4270572662    0.818  2.038  3.7011  2.070    3  0.000  0.519     0.00     0.00 -1 -1.38e-10      0.00 7.500e-01 2.497e-01 4.448e-05 1.380e-05 1.145e-04 -1.000 2.682e-04 -0.324 0.726 0.677 -0.053 -0.530 -0.982 -1.589 -2.081 -2.161
0.00024632 -1.80000 10.03743 0.8247346878 2.4270772934    0.818  2.078  3.6993  2.022    3  0.000  0.519     0.00     0.00 -1 -1.61e-10      0.00 7.500e-01 2.497e-01 4.448e-05 1.381e-05 1.145e-04 -1.000 2.682e-04 -0.425 0.651 0.591 -0.148 -0.630 -1.085 -1.698 -2.194 -2.275
0.00024632 -1.80000 10.03743 0.8247938156 2.4270966053    0.817  2.118  3.6976  1.974    3  0.000  0.519     0.00     0.00 -1 -1.86e-10      0.00 7.500e-01 2.497e-01 4.448e-05 1.381e-05 1.145e-04 -1.000 2.682e-04 -0.526 0.577 0.504 -0.244 -0.729 -1.188 -1.806 -2.307 -2.388
0.00024632 -1.80000 10.03743 0.8248551488 2.4271166325    0.817  2.156  3.6960  1.930    3  0.000  0.519     0.00     0.00 -1 -2.14e-10      0.00 7.500e-01 2.497e-01 4.447e-05 1.381e-05 1.145e-04 -1.000 2.682e-04 -0.621 0.510 0.423 -0.333 -0.823 -1.284 -1.908 -2.413 -2.495
0.00024632 -1.80000 10.03743 0.8249099851 2.4271345139    0.816  2.181  3.6950  1.900    3  0.000  0.519     0.00     0.00 -1 -2.36e-10      0.00 7.500e-01 2.497e-01 4.447e-05 1.381e-05 1.145e-04 -1.000 2.682e-04 -0.683 0.465 0.370 -0.392 -0.884 -1.348 -1.974 -2.482 -2.564
0.00024632 -1.80000 10.03743 0.8249477148 2.4271469116    0.816  2.169  3.6958  1.916    3  0.000  0.519     0.00     0.00 -1 -2.27e-10      0.00 7.500e-01 2.497e-01 4.447e-05 1.381e-05 1.145e-04 -1.000 2.682e-04 -0.652 0.483 0.394 -0.364 -0.853 -1.315 -1.939 -2.445 -2.527
0.00024632 -1.80000 10.03743 0.8249527216 2.4271483421    0.816  2.167  3.6959  1.918    3  0.000  0.519     0.00     0.00 -1 -2.25e-10      0.00 7.500e-01 2.497e-01 4.447e-05 1.381e-05 1.145e-04 -1.000 2.682e-04 -0.648 0.486 0.397 -0.360 -0.849 -1.311 -1.935 -2.440 -2.522
0.00024632 -1.80000 10.03743 0.8249809742 2.4271576405    0.815  2.193  3.6947  1.887    3  0.000  0.519     0.00     0.00 -1 -2.46e-10      0.00 7.500e-01 2.497e-01 4.447e-05 1.381e-05 1.145e-04 -1.000 2.683e-04 -0.714 0.441 0.342 -0.422 -0.914 -1.379 -2.006 -2.515 -2.597
0.00024632 -1.80000 10.03743 0.8250237703 2.4271717072    0.815  2.235  3.6928  1.837    3  0.000  0.519     0.00     0.00 -1 -2.86e-10      0.00 7.500e-01 2.497e-01 4.447e-05 1.382e-05 1.145e-04 -1.000 2.682e-04 -0.818 0.369 0.255 -0.520 -1.017 -1.485 -2.119 -2.632 -2.716
0.00024632 -1.80000 10.03743 0.8250636458 2.4271845818    0.814  2.276  3.6909  1.788    3  0.000  0.519     0.00     0.00 -1 -3.33e-10      0.00 7.500e-01 2.497e-01 4.447e-05 1.382e-05 1.145e-04 -1.000 2.682e-04 -0.921 0.298 0.169 -0.616 -1.118 -1.590 -2.229 -2.748 -2.832
0.00024632 -1.80000 10.03743 0.8251004219 2.4271965027    0.814  2.317  3.6889  1.740    3  0.000  0.519     0.00     0.00 -1 -3.86e-10      0.00 7.500e-01 2.497e-01 4.447e-05 1.382e-05 1.145e-04 -1.000 2.682e-04 -1.022 0.232 0.087 -0.710 -1.216 -1.692 -2.338 -2.863 -2.948
0.00024632 -1.80000 10.03743 0.8251327872 2.4272069931    0.813  2.355  3.6871  1.694    3  0.000  0.519     0.00     0.00 -1 -4.44e-10      0.00 7.500e-01 2.497e-01 4.447e-05 1.382e-05 1.145e-04 -1.000 2.682e-04 -1.117 0.172 0.010 -0.797 -1.308 -1.788 -2.440 -2.970 -3.056
0.00024632 -1.80000 10.03743 0.8251641989 2.4272172451    0.813  2.394  3.6852  1.647    3  0.000  0.519     0.00     0.00 -1 -5.14e-10      0.00 7.500e-01 2.497e-01 4.447e-05 1.382e-05 1.145e-04 -1.000 2.683e-04 -1.215 0.137 -0.062 -0.890 -1.408 -1.890 -2.549 -3.084 -3.169
0.00024632 -1.80000 10.03743 0.8251919150 2.4272263050    0.812  2.431  3.6833  1.602    3  0.000  0.519     0.00     0.00 -1  -5.9e-10      0.00 7.500e-01 2.497e-01 4.447e-05 1.382e-05 1.145e-04 -1.000 2.681e-04 -1.308 0.120 -0.124 -0.978 -1.502 -1.988 -2.652 -3.193 -3.276
0.00024632 -1.80000 10.03743 0.8252187967 2.4272351265    0.811  2.469  3.6815  1.555    3  0.000  0.519     0.00     0.00 -1  -6.8e-10      0.00 7.500e-01 2.497e-01 4.447e-05 1.382e-05 1.145e-04 -1.000 2.682e-04 -1.404 0.090 -0.192 -1.067 -1.599 -2.088 -2.758 -3.304 -3.386
0.00024632 -1.80000 10.03743 0.8252425790 2.4272427559    0.810  2.506  3.6796  1.511    3  0.000  0.519     0.00     0.00 -1 -7.78e-10      0.00 7.500e-01 2.498e-01 4.447e-05 1.382e-05 1.145e-04 -1.000 2.682e-04 -1.495 0.069 -0.252 -1.151 -1.690 -2.183 -2.859 -3.410 -3.491
0.00024632 -1.80000 10.03743 0.8252704144 2.4272518158    0.809  2.551  3.6772  1.456    3  0.000  0.519     0.00     0.00 -1 -9.21e-10      0.00 7.500e-01 2.498e-01 4.446e-05 1.382e-05 1.145e-04 -1.000 2.682e-04 -1.608 -0.031 -0.348 -1.250 -1.793 -2.292 -2.978 -3.536 -3.620
0.00024632 -1.80000 10.03743 0.8252950907 2.4272599220    0.808  2.595  3.6749  1.403    3  0.000  0.519     0.00     0.00 -1 -1.08e-09      0.00 7.500e-01 2.498e-01 4.446e-05 1.382e-05 1.145e-04 -1.000 2.682e-04 -1.717 -0.055 -0.418 -1.347 -1.900 -2.404 -3.097 -3.662 -3.745
0.00024632 -1.80000 10.03743 0.8253144622 2.4272663593    0.807  2.631  3.6729  1.357    3  0.000  0.519     0.00     0.00 -1 -1.24e-09      0.00 7.500e-01 2.498e-01 4.446e-05 1.382e-05 1.145e-04 -1.000 2.682e-04 -1.808 -0.067 -0.472 -1.427 -1.989 -2.499 -3.199 -3.768 -3.851
0.00024632 -1.80000 10.03743 0.8253350854 2.4272730350    0.806  2.673  3.6707  1.306    3  0.000  0.519     0.00     0.00 -1 -1.45e-09      0.00 7.500e-01 2.498e-01 4.446e-05 1.382e-05 1.145e-04 -1.000 2.682e-04 -1.912 -0.078 -0.533 -1.519 -2.091 -2.606 -3.314 -3.889 -3.971
0.00024632 -1.80000 10.03743 0.8253515363 2.4272782803    0.805  2.708  3.6687  1.262    3  0.000  0.519     0.00     0.00 -1 -1.66e-09      0.00 7.500e-01 2.498e-01 4.446e-05 1.383e-05 1.145e-04 -1.000 2.681e-04 -2.001 -0.079 -0.581 -1.595 -2.177 -2.698 -3.412 -3.993 -4.075
0.00024632 -1.80000 10.03743 0.8253689408 2.4272840023    0.804  2.748  3.6664  1.213    3  0.000  0.519     0.00     0.00 -1 -1.92e-09      0.00 7.500e-01 2.498e-01 4.446e-05 1.383e-05 1.145e-04 -1.000 2.682e-04 -2.100 -0.074 -0.632 -1.679 -2.273 -2.800 -3.522 -4.109 -4.190
0.00024632 -1.80000 10.03743 0.8253856301 2.4272894859    0.802  2.789  3.6641  1.162    3  0.000  0.519     0.00     0.00 -1 -2.24e-09      0.00 7.500e-01 2.498e-01 4.446e-05 1.383e-05 1.145e-04 -1.000 2.682e-04 -2.202 -0.062 -0.681 -1.765 -2.371 -2.904 -3.636 -4.229 -4.309
0.00024632 -1.80000 10.03743 0.8254011869 2.4272944927    0.800  2.830  3.6616  1.110    3  0.000  0.519     0.00     0.00 -1 -2.62e-09      0.00 7.500e-01 2.498e-01 4.446e-05 1.383e-05 1.145e-04 -1.000 2.682e-04 -2.304 -0.037 -0.724 -1.848 -2.468 -3.009 -3.750 -4.349 -4.429
0.00024632 -1.80000 10.03743 0.8254147172 2.4272987843    0.799  2.867  3.6594  1.063    3  0.000  0.519     0.00     0.00 -1 -3.02e-09      0.00 7.500e-01 2.498e-01 4.446e-05 1.383e-05 1.145e-04 -1.000 2.682e-04 -2.398 -0.009 -0.760 -1.924 -2.558 -3.106 -3.855 -4.460 -4.539
0.00024632 -1.80000 10.03743 0.8254278898 2.4273030758    0.797  2.907  3.6570  1.013    3  0.000  0.519     0.00     0.00 -1  -3.5e-09      0.00 7.500e-01 2.498e-01 4.446e-05 1.383e-05 1.145e-04 -1.000 2.682e-04 -2.496 0.015 -0.799 -2.001 -2.648 -3.204 -3.963 -4.575 -4.655
0.00024632 -1.80000 10.03743 0.8254393935 2.4273068905    0.795  2.943  3.6548  0.967    3  0.000  0.519     0.00     0.00 -1 -4.02e-09      0.00 7.500e-01 2.498e-01 4.446e-05 1.383e-05 1.145e-04 -1.000 2.683e-04 -2.587 0.018 -0.840 -2.071 -2.731 -3.295 -4.063 -4.681 -4.762
0.00024632 -1.80000 10.03743 0.8254505396 2.4273104668    0.793  2.980  3.6525  0.919    3  0.000  0.519     0.00     0.00 -1 -4.64e-09      0.00 7.500e-01 2.498e-01 4.446e-05 1.383e-05 1.145e-04 -1.000 2.682e-04 -2.681 0.025 -0.880 -2.141 -2.815 -3.387 -4.165 -4.790 -4.871
0.00024632 -1.80000 10.03743 0.8254609704 2.4273140430    0.790  3.017  3.6501  0.871    3  0.000  0.519     0.00     0.00 -1 -5.35e-09      0.00 7.500e-01 2.498e-01 4.446e-05 1.383e-05 1.145e-04 -1.000 2.682e-04 -2.773 0.037 -0.917 -2.210 -2.898 -3.479 -4.267 -4.899 -4.981
0.00024632 -1.80000 10.03743 0.8254700303 2.4273169041    0.788  3.052  3.6480  0.827    3  0.000  0.519     0.00     0.00 -1 -6.09e-09      0.00 7.500e-01 2.498e-01 4.446e-05 1.383e-05 1.145e-04 -1.000 2.682e-04 -2.859 0.047 -0.952 -2.274 -2.974 -3.562 -4.360 -4.998 -5.082
0.00024632 -1.80000 10.03743 0.8254788518 2.4273197651    0.785  3.086  3.6457  0.781    3  0.000  0.519     0.00     0.00 -1 -6.97e-09      0.00 7.500e-01 2.498e-01 4.446e-05 1.383e-05 1.145e-04 -1.000 2.681e-04 -2.946 0.063 -0.984 -2.336 -3.050 -3.647 -4.456 -5.101 -5.186
0.00024632 -1.80000 10.03743 0.8254871368 2.4273223877    0.782  3.121  3.6435  0.736    3  0.000  0.519     0.00     0.00 -1 -7.96e-09      0.00 7.500e-01 2.498e-01 4.446e-05 1.383e-05 1.145e-04 -1.000 2.682e-04 -3.033 0.078 -1.017 -2.399 -3.126 -3.732 -4.550 -5.202 -5.288
0.00024632 -1.80000 10.03743 0.8254946470 2.4273250103    0.780  3.154  3.6413  0.693    3  0.000  0.519     0.00     0.00 -1 -9.04e-09      0.00 7.500e-01 2.498e-01 4.446e-05 1.383e-05 1.145e-04 -1.000 2.682e-04 -3.115 0.093 -1.046 -2.458 -3.198 -3.812 -4.640 -5.298 -5.385
0.00024632 -1.80000 10.03743 0.8255020976 2.4273273945    0.776  3.188  3.6391  0.648    3  0.000  0.519     0.00     0.00 -1 -1.03e-08      0.00 7.500e-01 2.498e-01 4.446e-05 1.383e-05 1.145e-04 -1.000 2.682e-04 -3.201 0.115 -1.074 -2.517 -3.271 -3.895 -4.734 -5.400 -5.488
0.00024632 -1.80000 10.03743 0.8255088329 2.4273295403    0.773  3.221  3.6370  0.605    3  0.000  0.519     0.00     0.00 -1 -1.17e-08      0.00 7.500e-01 2.498e-01 4.446e-05 1.383e-05 1.145e-04 -1.000 2.682e-04 -3.281 0.136 -1.099 -2.571 -3.339 -3.971 -4.821 -5.494 -5.583
0.00024632 -1.80000 10.03743 0.8255152702 2.4273316860    0.769  3.252  3.6349  0.563    3  0.000  0.519     0.00     0.00 -1 -1.33e-08      0.00 7.500e-01 2.498e-01 4.446e-05 1.383e-05 1.145e-04 -1.000 2.682e-04 -3.360 0.159 -1.122 -2.624 -3.406 -4.047 -4.907 -5.586 -5.677
0.00024632 -1.80000 10.03743 0.8255206943 2.4273333549    0.766  3.277  3.6332  0.530    3  0.000  0.519     0.00     0.00 -1 -1.47e-08      0.00 7.500e-01 2.498e-01 4.446e-05 1.383e-05 1.145e-04 -1.000 2.682e-04 -3.423 0.177 -1.140 -2.665 -3.459 -4.106 -4.975 -5.659 -5.751
0.00024632 -1.80000 10.03743 0.8255206943 2.4273333549    0.766  1.713  3.8169  2.829    4  0.000  0.529     0.00     0.00 -1    -1e-30      0.00 7.513e-01 2.484e-01 4.560e-05 1.308e-05 1.151e-04 -1.000 2.682e-04 0.488 0.805 0.839 0.522 0.281 0.039 -0.266 -0.496 -0.519
0.00024632 -1.80000 10.03743 0.8255694509 2.4273493290    0.766  1.734  3.8076  2.770    4  0.000  0.529     0.00     0.00 -1    -1e-30      0.00 7.513e-01 2.484e-01 4.560e-05 1.308e-05 1.151e-04 -1.000 2.682e-04 0.435 0.777 0.825 0.482 0.222 -0.037 -0.364 -0.615 -0.641
0.00024632 -1.80000 10.03743 0.8256190419 2.4273653030    0.766  1.736  3.8077  2.769    4  0.000  0.529     0.00     0.00 -1    -1e-30      0.00 7.513e-01 2.484e-01 4.560e-05 1.308e-05 1.151e-04 -1.000 2.683e-04 0.429 0.771 0.819 0.476 0.217 -0.042 -0.369 -0.619 -0.645
0.00024632 -1.80000 10.03743 0.8256694078 2.4273817539    0.766  1.737  3.8086  2.772    4  0.000  0.529     0.00     0.00 -1    -1e-30      0.00 7.513e-01 2.484e-01 4.560e-05 1.308e-05 1.151e-04 -1.000 2.682e-04 0.428 0.767 0.813 0.473 0.216 -0.042 -0.367 -0.615 -0.640
0.00024632 -1.80000 10.03743 0.8257192969 2.4273979664    0.766  1.737  3.8097  2.776    4  0.000  0.529     0.00     0.00 -1    -1e-30      0.00 7.513e-01 2.484e-01 4.560e-05 1.308e-05 1.151e-04 -1.000 2.682e-04 0.427 0.763 0.807 0.470 0.215 -0.040 -0.362 -0.608 -0.633
0.00024632 -1.80000 10.03743 0.8257709742 2.4274148941    0.766  1.737  3.8110  2.781    4  0.000  0.529     0.00     0.00 -1    -1e-30      0.00 7.513e-01 2.484e-01 4.560e-05 1.308e-05 1.151e-04 -1.000 2.682e-04 0.427 0.759 0.801 0.468 0.216 -0.037 -0.356 -0.599 -0.623
0.00024632 -1.80000 10.03743 0.8258211613 2.4274311066    0.766  1.737  3.8124  2.787    4  0.000  0.529     0.00     0.00 -1    -1e-30      0.00 7.513e-01 2.484e-01 4.560e-05 1.308e-05 1.151e-04 -1.000 2.682e-04 0.427 0.756 0.795 0.466 0.217 -0.034 -0.349 -0.588 -0.613
0.00024632 -1.80000 10.03743 0.8258752823 2.4274487495    0.766  1.737  3.8140  2.794    4  0.000  0.529     0.00     0.00 -1    -1e-30      0.00 7.513e-01 2.484e-01 4.560e-05 1.308e-05 1.151e-04 -1.000 2.682e-04 0.428 0.753 0.789 0.464 0.219 -0.029 -0.340 -0.576 -0.600
0.00024632 -1.80000 10.03743 0.8259261250 2.4274652004    0.766  1.736  3.8156  2.800    4  0.000  0.529     0.00     0.00 -1    -1e-30      0.00 7.513e-01 2.484e-01 4.560e-05 1.308e-05 1.151e-04 -1.000 2.682e-04 0.429 0.750 0.783 0.463 0.221 -0.024 -0.331 -0.564 -0.587
0.00024632 -1.80000 10.03743 0.8259786963 2.4274823666    0.766  1.736  3.8171  2.807    4  0.000  0.529     0.00     0.00 -1    -1e-30      0.00 7.513e-01 2.484e-01 4.560e-05 1.308e-05 1.151e-04 -1.000 2.681e-04 0.430 0.747 0.778 0.462 0.223 -0.019 -0.323 -0.552 -0.575
0.00024632 -1.80000 10.03743 0.8260284662 2.4274985790    0.766  1.736  3.8182  2.811    4  0.000  0.529     0.00     0.00 -1    -1e-30      0.00 7.513e-01 2.484e-01 4.560e-05 1.308e-05 1.151e-04 -1.000 2.682e-04 0.431 0.745 0.774 0.461 0.224 -0.016 -0.317 -0.543 -0.566
0.00024632 -1.80000 10.03743 0.8260826468 2.4275159836    0.766  1.736  3.8192  2.816    4  0.000  0.529     0.00     0.00 -1    -1e-30      0.00 7.513e-01 2.484e-01 4.560e-05 1.308e-05 1.151e-04 -1.000 2.681e-04 0.431 0.743 0.771 0.460 0.225 -0.013 -0.311 -0.535 -0.558
0.00024632 -1.80000 10.03743 0.8261370063 2.4275336266    0.766  1.736  3.8198  2.818    4  0.000  0.529     0.00     0.00 -1    -1e-30      0.00 7.513e-01 2.484e-01 4.560e-05 1.308e-05 1.151e-04 -1.000 2.682e-04 0.431 0.741 0.768 0.459 0.225 -0.011 -0.309 -0.532 -0.554
0.00024632 -1.80000 10.03743 0.8261885643 2.4275505543    0.766  1.736  3.8201  2.819    4  0.000  0.529     0.00     0.00 -1    -1e-30      0.00 7.513e-01 2.484e-01 4.560e-05 1.308e-05 1.151e-04 -1.000 2.681e-04 0.430 0.740 0.767 0.459 0.225 -0.011 -0.308 -0.530 -0.553
0.00024632 -1.80000 10.03743 0.8262400031 2.4275672436    0.766  1.736  3.8198  2.817    4  0.000  0.529     0.00     0.00 -1    -1e-30      0.00 7.513e-01 2.484e-01 4.560e-05 1.308e-05 1.151e-04 -1.000 2.681e-04 0.429 0.739 0.766 0.458 0.224 -0.013 -0.310 -0.533 -0.556
0.00024632 -1.80000 10.03743 0.8262460232 2.4275691509    0.766  1.736  3.8198  2.817    4  0.000  0.529     0.00     0.00 -1    -1e-30      0.00 7.513e-01 2.484e-01 4.560e-05 1.308e-05 1.151e-04 -1.000 2.683e-04 0.429 0.739 0.766 0.458 0.224 -0.013 -0.311 -0.533 -0.556
0.00024632 -1.80000 10.03743 0.8262513280 2.4275708199    0.766  1.736  3.8197  2.817    4  0.000  0.529     0.00     0.00 -1    -1e-30      0.00 7.513e-01 2.484e-01 4.560e-05 1.308e-05 1.151e-04 -1.000 2.683e-04 0.429 0.739 0.767 0.458 0.223 -0.014 -0.311 -0.534 -0.557
0.00024632 -1.80000 10.03743 0.8263003230 2.4275867939    0.766  1.737  3.8189  2.813    4  0.000  0.529     0.00     0.00 -1    -1e-30      0.00 7.513e-01 2.484e-01 4.560e-05 1.308e-05 1.151e-04 -1.000 2.682e-04 0.427 0.739 0.768 0.457 0.221 -0.018 -0.317 -0.542 -0.565
0.00024632 -1.80000 10.03743 0.8263518810 2.4276034832    0.767  1.738  3.8175  2.806    4  0.000  0.529     0.00     0.00 -1    -1e-30      0.00 7.513e-01 2.484e-01 4.560e-05 1.308e-05 1.151e-04 -1.000 2.682e-04 0.424 0.740 0.771 0.456 0.217 -0.024 -0.327 -0.555 -0.579
0.00024632 -1.80000 10.03743 0.8264031410 2.4276201725    0.767  1.740  3.8155  2.797    4  0.000  0.529     0.00     0.00 -1    -1e-30      0.00 7.513e-01 2.484e-01 4.560e-05 1.308e-05 1.151e-04 -1.000 2.682e-04 0.420 0.741 0.775 0.454 0.212 -0.033 -0.340 -0.573 -0.596
0.00024632 -1.80000 10.03743 0.8264540434 2.4276366234    0.767  1.742  3.8130  2.785    4  0.000  0.529     0.00     0.00 -1    -1e-30      0.00 7.513e-01 2.484e-01 4.560e-05 1.308e-05 1.151e-04 -1.000 2.682e-04 0.416 0.743 0.780 0.453 0.206 -0.044 -0.358 -0.596 -0.620
0.00024632 -1.80000 10.03743 0.8265032172 2.4276525974    0.767  1.744  3.8100  2.771    4  0.000  0.529     0.00     0.00 -1    -1e-30      0.00 7.513e-01 2.484e-01 4.560e-05 1.308e-05 1.151e-04 -1.000 2.682e-04 0.410 0.746 0.788 0.452 0.199 -0.056 -0.377 -0.622 -0.647
0.00024632 -1.80000 10.03743 0.8265531659 2.4276688099    0.767  1.746  3.8064  2.754    4  0.000  0.529     0.00     0.00 -1    -1e-30      0.00 7.513e-01 2.484e-01 4.560e-05 1.308e-05 1.151e-04 -1.000 2.682e-04 0.404 0.749 0.799 0.452 0.190 -0.071 -0.401 -0.654 -0.681
0.00024632 -1.80000 10.03743 0.8266039491 2.4276852608    0.767  1.749  3.8022  2.734    4  0.000  0.529     0.00     0.00 -1    -1e-30      0.00 7.513e-01 2.484e-01 4.560e-05 1.308e-05 1.151e-04 -1.000 2.681e-04 0.396 0.754 0.811 0.451 0.181 -0.088 -0.429 -0.692 -0.719
0.00024632 -1.80000 10.03743 0.8266285062 2.4276933670    0.767  1.751  3.8001  2.724    4  0.000  0.529     0.00     0.00 -1    -1e-30      0.00 7.513e-01 2.484e-01 4.560e-05 1.308e-05 1.151e-04 -1.000 2.682e-04 0.393 0.756 0.817 0.451 0.176 -0.097 -0.443 -0.710 -0.738
0.00024632 -1.80000 10.03743 0.8266373873 2.4276962280    0.767  1.752  3.7992  2.720    4  0.000  0.529     0.00     0.00 -1    -1e-30      0.00 7.513e-01 2.484e-01 4.560e-05 1.308e-05 1.151e-04 -1.000 2.682e-04 0.391 0.757 0.819 0.451 0.174 -0.101 -0.449 -0.718 -0.746
0.00024632 -1.80000 10.03743 0.8266898394 2.4277131557    0.767  1.755  3.7941  2.695    4  0.000  0.529     0.00     0.00 -1    -1e-30      0.00 7.513e-01 2.484e-01 4.560e-05 1.308e-05 1.151e-04 -1.000 2.682e-04 0.381 0.765 0.834 0.450 0.163 -0.121 -0.482 -0.764 -0.794
0.00024632 -1.80000 10.03743 0.8267409801 2.4277298450    0.767  1.759  3.7891  2.672    4  0.000  0.529     0.00     0.00 -1    -1e-30      0.00 7.513e-01 2.484e-01 4.560e-05 1.308e-05 1.151e-04 -1.000 2.682e-04 0.371 0.771 0.848 0.448 0.152 -0.142 -0.515 -0.808 -0.840
0.00024632 -1.80000 10.03743 0.8267956376 2.4277474880    0.767  1.764  3.7838  2.646    4  0.000  0.529     0.00     0.00 -1    -1e-30      0.00 7.513e-01 2.484e-01 4.560e-05 1.308e-05 1.151e-04 -1.000 2.682e-04 0.360 0.779 0.863 0.446 0.139 -0.165 -0.551 -0.857 -0.891
0.00024632 -1.80000 10.03743 0.8268476129 2.4277644157    0.767  1.769  3.7787  2.620    4  0.000  0.529     0.00     0.00 -1    -1e-30      0.00 7.513e-01 2.484e-01 4.560e-05 1.308e-05 1.151e-04 -1.000 2.681e-04 0.347 0.786 0.875 0.443 0.125 -0.188 -0.588 -0.905 -0.941
0.00024632 -1.80000 10.03743 0.8268974423 2.4277803898    0.767  1.774  3.7745  2.599    4  0.000  0.529     0.00     0.00 -1    -1e-30      0.00 7.513e-01 2.484e-01 4.560e-05 1.308e-05 1.151e-04 -1.000 2.682e-04 0.334 0.793 0.884 0.438 0.111 -0.209 -0.620 -0.948 -0.985
0.00024632 -1.80000 10.03743 0.8269488811 2.4277970791    0.767  1.780  3.7707  2.578    4  0.000  0.529     0.00     0.00 -1    -1e-30      0.00 7.513e-01 2.484e-01 4.560e-05 1.308e-05 1.151e-04 -1.000 2.682e-04 0.320 0.797 0.889 0.431 0.097 -0.230 -0.652 -0.989 -1.028
0.00024632 -1.80000 10.03743 0.8269993663 2.4278135300    0.767  1.786  3.7677  2.560    4  0.000  0.529     0.00     0.00 -1    -1e-30      0.00 7.513e-01 2.484e-01 4.560e-05 1.308e-05 1.151e-04 -1.000 2.682e-04 0.306 0.798 0.891 0.423 0.083 -0.250 -0.679 -1.023 -1.064
0.00024632 -1.80000 10.03743 0.8270503283 2.4278299809    0.767  1.792  3.7649  2.543    4  0.000  0.529     0.00     0.00 -1    -1e-30      0.00 7.513e-01 2.484e-01 4.560e-05 1.308e-05 1.151e-04 -1.000 2.682e-04 0.291 0.796 0.890 0.413 0.067 -0.271 -0.707 -1.058 -1.099
0.00024632 -1.80000 10.03743 0.8271013498 2.4278464317    0.767  1.799  3.7622  2.525    4  0.000  0.529     0.00     0.00 -1    -1e-30      0.00 7.513e-01 2.484e-01 4.560e-05 1.308e-05 1.151e-04 -1.000 2.681e-04 0.273 0.792 0.887 0.401 0.050 -0.293 -0.736 -1.093 -1.136
0.00024632 -1.80000 10.03743 0.8271527886 2.4278631210    0.767  1.804  3.7605  2.513    4  0.000  0.529     0.00     0.00 -1    -1e-30      0.00 7.513e-01 2.484e-01 4.560e-05 1.308e-05 1.151e-04 -1.000 2.681e-04 0.260 0.786 0.883 0.391 0.036 -0.309 -0.757 -1.118 -1.162
0.00024632 -1.80000 10.03743 0.8271629810 2.4278664589    0.767  1.796  3.7638  2.534    4  0.000  0.529     0.00     0.00 -1    -1e-30      0.00 7.513e-01 2.484e-01 4.560e-05 1.308e-05 1.151e-04 -1.000 2.682e-04 0.280 0.791 0.885 0.405 0.057 -0.283 -0.722 -1.076 -1.118
0.00024632 -1.80000 10.03743 0.8272157311 2.4278836250    0.767  1.812  3.7578  2.495    4  0.000  0.529     0.00     0.00 -1    -1e-30      0.00 7.513e-01 2.484e-01 4.560e-05 1.308e-05 1.151e-04 -1.000 2.682e-04 0.240 0.781 0.877 0.376 0.017 -0.334 -0.788 -1.155 -1.201
0.00024632 -1.80000 10.03743 0.8272675872 2.4279003143    0.768  1.832  3.7525  2.453    4  0.000  0.529     0.00     0.00 -1    -1e-30      0.00 7.513e-01 2.484e-01 4.560e-05 1.308e-05 1.151e-04 -1.000 2.682e-04 0.191 0.764 0.858 0.338 -0.032 -0.392 -0.861 -1.240 -1.289
0.00024632 -1.80000 10.03743 0.8273112774 2.4279146194    0.768  1.862  3.7457  2.396    4  0.000  0.529     0.00     0.00 -1    -1e-30      0.00 7.513e-01 2.484e-01 4.560e-05 1.308e-05 1.151e-04 -1.000 2.682e-04 0.115 0.731 0.819 0.275 -0.108 -0.480 -0.966 -1.359 -1.412
0.00024632 -1.80000 10.03743 0.8273349404 2.4279222488    0.768  1.897  3.7391  2.335    4  0.000  0.529     0.00     0.00 -1    -1e-30      0.00 7.513e-01 2.484e-01 4.560e-05 1.308e-05 1.151e-04 -1.000 2.682e-04 0.028 0.690 0.769 0.202 -0.195 -0.578 -1.081 -1.487 -1.545
0.00024632 -1.80000 10.03743 0.8273456097 2.4279255867    0.768  1.932  3.7332  2.275    4  0.000  0.529     0.00     0.00 -1    -1e-30      0.00 7.513e-01 2.484e-01 4.560e-05 1.308e-05 1.151e-04 -1.000 2.681e-04 -0.061 0.652 0.715 0.125 -0.284 -0.677 -1.195 -1.615 -1.675
0.00024632 -1.80000 10.03743 0.8273503780 2.4279272556    0.768  1.968  3.7279  2.218    4  0.000  0.529     0.00     0.00 -1    -1e-30      0.00 7.513e-01 2.484e-01 4.560e-05 1.308e-05 1.151e-04 -1.000 2.682e-04 -0.151 0.609 0.656 0.046 -0.373 -0.776 -1.308 -1.739 -1.802
0.00024632 -1.80000 10.03743 0.8273526430 2.4279279709    0.768  2.005  3.7235  2.165    4  0.000  0.529     0.00     0.00 -1    -1e-30      0.00 7.513e-01 2.484e-01 4.560e-05 1.308e-05 1.151e-04 -1.000 2.682e-04 -0.242 0.562 0.594 -0.034 -0.463 -0.873 -1.417 -1.857 -1.923
0.00024632 -1.80000 10.03743 0.8273535371 2.4279282093    0.768  2.028  3.7211  2.132    4  0.000  0.529     0.00     0.00 -1    -1e-30      0.00 7.513e-01 2.484e-01 4.560e-05 1.308e-05 1.151e-04 -1.000 2.682e-04 -0.300 0.529 0.552 -0.087 -0.520 -0.935 -1.485 -1.931 -1.998
0.00024632 -1.80000 10.03743 0.8273535967 2.4279282093    0.768  2.028  3.7210  2.131    7  0.000  0.529     0.00     0.00 -1    -1e-30      0.00 7.513e-01 2.484e-01 4.560e-05 1.308e-05 1.151e-04 -1.000 2.682e-04 -0.301 0.528 0.551 -0.087 -0.521 -0.936 -1.486 -1.933 -2.000
0.00024632 -1.80000 10.03743 0.8273541331 2.4279284477    0.768  2.051  3.7190  2.100    7  0.000  0.529     0.00     0.00 -1    -1e-30      0.00 7.513e-01 2.484e-01 4.560e-05 1.308e-05 1.151e-04 -1.000 2.682e-04 -0.357 0.493 0.508 -0.139 -0.577 -0.996 -1.552 -2.002 -2.070
0.00024632 -1.80000 10.03743 0.8273552656 2.4279286861    0.768  2.095  3.7154  2.042    7  0.000  0.529     0.00     0.00 -1    -1e-30      0.00 7.513e-01 2.484e-01 4.560e-05 1.308e-05 1.151e-04 -1.000 2.682e-04 -0.467 0.425 0.424 -0.240 -0.685 -1.110 -1.676 -2.136 -2.206
0.00024632 -1.80000 10.03743 0.8273561597 2.4279289246    0.768  2.128  3.7128  1.998    7  0.000  0.529     0.00     0.00 -1    -1e-30      0.00 7.513e-01 2.484e-01 4.560e-05 1.308e-05 1.151e-04 -1.000 2.681e-04 -0.551 0.370 0.358 -0.317 -0.767 -1.197 -1.770 -2.235 -2.307
0.00024632 -1.80000 10.03743 0.8273571134 2.4279294014    0.768  2.146  3.7116  1.975    7  0.000  0.529     0.00     0.00 -1    -1e-30      0.00 7.513e-01 2.484e-01 4.560e-05 1.308e-05 1.151e-04 -1.000 2.682e-04 -0.596 0.341 0.322 -0.358 -0.812 -1.244 -1.821 -2.289 -2.361
0.00024632 -1.80000 10.03743 0.8273592591 2.4279301167    0.768  2.152  3.7113  1.969    7  0.000  0.529     0.00     0.00 -1    -1e-30      0.00 7.513e-01 2.484e-01 4.560e-05 1.308e-05 1.151e-04 -1.000 2.682e-04 -0.610 0.331 0.310 -0.372 -0.826 -1.259 -1.836 -2.305 -2.377
0.00024632 -1.80000 10.03743 0.8273611069 2.4279305935    0.768  2.140  3.7122  1.984    7  0.000  0.529     0.00     0.00 -1    -1e-30      0.00 7.513e-01 2.484e-01 4.560e-05 1.308e-05 1.151e-04 -1.000 2.682e-04 -0.581 0.349 0.332 -0.345 -0.797 -1.228 -1.803 -2.270 -2.341
0.00024632 -1.80000 10.03743 0.8273680210 2.4279329777    0.768  2.122  3.7135  2.007    7  0.000  0.529     0.00     0.00 -1    -1e-30      0.00 7.513e-01 2.484e-01 4.560e-05 1.308e-05 1.151e-04 -1.000 2.681e-04 -0.535 0.378 0.368 -0.303 -0.752 -1.181 -1.752 -2.215 -2.286
0.00024632 -1.80000 10.03743 0.8273976445 2.4279425144    0.768  2.160  3.7104  1.957    7  0.000  0.529     0.00     0.00 -1    -1e-30      0.00 7.513e-01 2.484e-01 4.560e-05 1.308e-05 1.151e-04 -1.000 2.682e-04 -0.630 0.322 0.296 -0.390 -0.846 -1.281 -1.861 -2.331 -2.404
0.00024632 -1.80000 10.03743 0.8274155259 2.4279482365    0.768  2.200  3.7075  1.905    7  0.000  0.529     0.00     0.00 -1    -1e-30      0.00 7.513e-01 2.484e-01 4.560e-05 1.308e-05 1.151e-04 -1.000 2.682e-04 -0.729 0.264 0.221 -0.480 -0.943 -1.383 -1.972 -2.450 -2.524
0.00024632 -1.80000 10.03743 0.8274294138 2.4279527664    0.768  2.240  3.7047  1.854    7  0.000  0.529     0.00     0.00 -1    -1e-30      0.00 7.513e-01 2.484e-01 4.560e-05 1.308e-05 1.151e-04 -1.000 2.682e-04 -0.829 0.205 0.143 -0.572 -1.041 -1.487 -2.084 -2.569 -2.645
0.00024632 -1.80000 10.03743 0.8274457455 2.4279580116    0.768  2.291  3.7012  1.789    7  0.000  0.529     0.00     0.00 -1    -1e-30      0.00 7.513e-01 2.484e-01 4.560e-05 1.308e-05 1.151e-04 -1.000 2.683e-04 -0.958 0.126 0.043 -0.690 -1.168 -1.620 -2.228 -2.721 -2.799
0.00024632 -1.80000 10.03743 0.8274614215 2.4279630184    0.768  2.337  3.6983  1.731    7  0.000  0.529     0.00     0.00 -1    -1e-30      0.00 7.513e-01 2.484e-01 4.560e-05 1.308e-05 1.151e-04 -1.000 2.682e-04 -1.072 0.058 -0.045 -0.794 -1.279 -1.737 -2.354 -2.855 -2.934
0.00024632 -1.80000 10.03743 0.8274754882 2.4279675484    0.768  2.379  3.6956  1.678    7  0.000  0.529     0.00     0.00 -1    -1e-30      0.00 7.513e-01 2.484e-01 4.559e-05 1.308e-05 1.151e-04 -1.000 2.444e-04 -1.178 -0.004 -0.127 -0.891 -1.383 -1.845 -2.471 -2.980 -3.060
0.00024632 -1.80000 10.03743 0.8274879456 2.4279716015    0.768  2.421  3.6929  1.626    7  0.000  0.529     0.00     0.00 -1    -1e-30      0.00 7.514e-01 2.484e-01 4.556e-05 1.309e-05 1.151e-04 -1.000 2.460e-04 -1.282 -0.065 -0.207 -0.985 -1.484 -1.951 -2.586 -3.101 -3.182
0.00024632 -1.80000 10.03743 0.8274990916 2.4279751778    0.768  2.461  3.6904  1.575    7  0.000  0.527     0.00     0.00 -1    -1e-30      0.00 7.514e-01 2.484e-01 4.544e-05 1.315e-05 1.151e-04 -1.000 2.430e-04 -1.384 -0.125 -0.285 -1.078 -1.583 -2.056 -2.698 -3.220 -3.303
0.00024632 -1.80000 10.03743 0.8275092244 2.4279785156    0.768  2.502  3.6879  1.525    7  0.000  0.522     0.00     0.00 -1    -1e-30      0.00 7.513e-01 2.484e-01 4.507e-05 1.344e-05 1.151e-04 -1.000 2.455e-04 -1.485 -0.181 -0.362 -1.170 -1.681 -2.159 -2.810 -3.339 -3.423
0.00024632 -1.80000 10.03743 0.8275183439 2.4279816151    0.768  2.543  3.6853  1.474    7  0.000  0.512     0.00     0.00 -1    -1e-30      0.00 7.512e-01 2.485e-01 4.438e-05 1.415e-05 1.151e-04 -1.000 2.682e-04 -1.587 -0.232 -0.436 -1.261 -1.778 -2.261 -2.921 -3.458 -3.543
0.00024632 -1.80000 10.03743 0.8275266290 2.4279842377    0.768  2.583  3.6828  1.424    7  0.000  0.500     0.00     0.00 -1    -1e-30      0.00 7.511e-01 2.486e-01 4.342e-05 1.525e-05 1.152e-04 -1.000 2.645e-04 -1.687 -0.258 -0.502 -1.352 -1.878 -2.366 -3.034 -3.577 -3.662
0.00024632 -1.80000 10.03743 0.8275341988 2.4279866219    0.768  2.623  3.6803  1.373    7  0.000  0.488     0.00     0.00 -1    -1e-30      0.00 7.510e-01 2.488e-01 4.240e-05 1.648e-05 1.152e-04 -1.000 2.553e-04 -1.787 -0.277 -0.565 -1.442 -1.977 -2.470 -3.146 -3.696 -3.780
0.00024632 -1.80000 10.03743 0.8275412917 2.4279890060    0.768  2.663  3.6777  1.324    7  0.000  0.477     0.00     0.00 -1    -1e-30      0.00 7.508e-01 2.489e-01 4.147e-05 1.763e-05 1.152e-04 -1.000 2.563e-04 -1.886 -0.286 -0.622 -1.529 -2.074 -2.573 -3.258 -3.814 -3.897
0.00024632 -1.80000 10.03743 0.8275480270 2.4279911518    0.768  2.702  3.6751  1.274    7  0.000  0.467     0.00     0.00 -1    -1e-30      0.00 7.507e-01 2.491e-01 4.063e-05 1.866e-05 1.152e-04 -1.000 2.654e-04 -1.985 -0.288 -0.676 -1.614 -2.170 -2.676 -3.369 -3.932 -4.015
0.00024632 -1.80000 10.03743 0.8275545835 2.4279932976    0.768  2.741  3.6726  1.224    7  0.000  0.459     0.00     0.00 -1    -1e-30      0.00 7.505e-01 2.492e-01 3.992e-05 1.953e-05 1.152e-04 -1.000 2.553e-04 -2.083 -0.284 -0.726 -1.698 -2.266 -2.778 -3.480 -4.049 -4.131
0.00024632 -1.80000 10.03743 0.8275609016 2.4279952049    0.768  2.781  3.6700  1.174    7  0.000  0.452     0.00     0.00 -1    -1e-30      0.00 7.504e-01 2.494e-01 3.930e-05 2.030e-05 1.152e-04 -1.000 2.531e-04 -2.183 -0.271 -0.773 -1.782 -2.362 -2.881 -3.592 -4.168 -4.249
0.00024632 -1.80000 10.03743 0.8275666833 2.4279971123    0.768  2.821  3.6673  1.124    7  0.000  0.446     0.00     0.00 -1    -1e-30      0.00 7.502e-01 2.495e-01 3.876e-05 2.097e-05 1.151e-04 -1.000 2.682e-04 -2.282 -0.250 -0.816 -1.864 -2.458 -2.984 -3.704 -4.287 -4.368
0.00024632 -1.80000 10.03743 0.8275720477 2.4279987812    0.768  2.863  3.6645  1.070    7  0.000  0.441     0.00     0.00 -1    -1e-30      0.00 7.500e-01 2.497e-01 3.828e-05 2.157e-05 1.151e-04 -1.000 2.682e-04 -2.387 -0.215 -0.856 -1.949 -2.558 -3.092 -3.822 -4.413 -4.493
0.00024632 -1.80000 10.03743 0.8275766969 2.4280004501    0.768  2.906  3.6615  1.015    7  0.000  0.436     0.00     0.00 -1    -1e-30      0.00 7.499e-01 2.499e-01 3.785e-05 2.211e-05 1.150e-04 -1.000 2.683e-04 -2.495 -0.167 -0.890 -2.034 -2.660 -3.204 -3.945 -4.543 -4.623
0.00024632 -1.80000 10.03743 0.8275803328 2.4280016422    0.768  2.946  3.6588  0.964    7  0.000  0.433     0.00     0.00 -1    -1e-30      0.00 7.497e-01 2.501e-01 3.751e-05 2.257e-05 1.149e-04 -1.000 2.681e-04 -2.595 -0.103 -0.911 -2.108 -2.753 -3.307 -4.059 -4.665 -4.744
0.00024632 -1.80000 10.03743 0.8275833726 2.4280025959    0.768  2.983  3.6561  0.917    7  0.000  0.430     0.00     0.00 -1    -1e-30      0.00 7.495e-01 2.502e-01 3.724e-05 2.296e-05 1.147e-04 -1.000 2.682e-04 -2.688 -0.072 -0.940 -2.175 -2.836 -3.399 -4.163 -4.775 -4.855
0.00024632 -1.80000 10.03743 0.8275864124 2.4280035496    0.768  3.021  3.6534  0.868    7  0.000  0.428     0.00     0.00 -1    -1e-30      0.00 7.493e-01 2.504e-01 3.701e-05 2.333e-05 1.146e-04 -1.000 2.682e-04 -2.784 -0.055 -0.975 -2.244 -2.921 -3.494 -4.268 -4.889 -4.970
0.00024632 -1.80000 10.03743 0.8275890946 2.4280045033    0.768  3.059  3.6507  0.820    7  0.000  0.427     0.00     0.00 -1    -1e-30      0.00 7.492e-01 2.505e-01 3.684e-05 2.363e-05 1.144e-04 -1.000 2.683e-04 -2.876 -0.035 -1.007 -2.311 -3.003 -3.585 -4.371 -4.999 -5.081
0.00024632 -1.80000 10.03743 0.8275915980 2.4280052185    0.768  3.109  3.6470  0.754    7  0.000  0.426     0.00     0.00 -1    -1e-30      0.00 7.490e-01 2.507e-01 3.663e-05 2.411e-05 1.141e-04 -1.000 2.681e-04 -3.002 -0.003 -1.049 -2.399 -3.111 -3.707 -4.510 -5.150 -5.234
0.00024632 -1.80000 10.03743 0.8275917768 2.4280052185    0.768  3.123  3.6459  0.736    7  0.000  0.425     0.00     0.00 -1    -1e-30      0.00 7.490e-01 2.507e-01 3.660e-05 2.417e-05 1.141e-04 -1.000 2.682e-04 -3.037 0.007 -1.059 -2.423 -3.141 -3.741 -4.549 -5.192 -5.276
0.00024632 -1.80000 10.03743 0.8275919557 2.4280052185    0.768  3.140  3.6446  0.714    7  0.000  0.425     0.00     0.00 -1    -1e-30      0.00 7.489e-01 2.508e-01 3.648e-05 2.450e-05 1.139e-04 -1.000 2.674e-04 -3.079 0.020 -1.071 -2.452 -3.177 -3.781 -4.595 -5.242 -5.327
0.00024632 -1.80000 10.03743 0.8275921941 2.4280054569    0.768  3.178  3.6418  0.665    7  0.000  0.424     0.00     0.00 -1    -1e-30      0.00 7.487e-01 2.511e-01 3.628e-05 2.511e-05 1.134e-04 -1.000 2.642e-04 -3.174 0.050 -1.099 -2.516 -3.258 -3.873 -4.700 -5.356 -5.443
0.00024632 -1.80000 10.03743 0.8275926709 2.4280054569    0.768  3.228  3.6379  0.599    7  0.000  0.423     0.00     0.00 -1    -1e-30      0.00 7.484e-01 2.514e-01 3.601e-05 2.592e-05 1.129e-04 -1.000 2.682e-04 -3.300 0.097 -1.130 -2.597 -3.363 -3.993 -4.838 -5.507 -5.596
0.00024632 -1.80000 10.03743 0.8275928497 2.4280056953    0.768  3.240  3.6370  0.583    7  0.549  0.423     0.00     0.00 -1    -1e-30      0.00 7.483e-01 2.514e-01 3.593e-05 2.614e-05 1.127e-04 -1.000 2.682e-04 -3.330 0.109 -1.137 -2.616 -3.388 -4.021 -4.871 -5.543 -5.632
0.00024632 -1.80000 10.03743 0.8275929689 2.4280056953    0.768  3.414  3.6091  0.297    8  0.549  0.390    89.88    43.79  1 -1.17e-06      0.00 7.290e-01 2.706e-01 6.375e-05 5.931e-05 2.177e-04 -1.000 3.690e-04 -3.766 0.804 -0.894 -2.682 -3.628 -4.374 -5.373 -6.148 -6.260
0.00024632 -1.80000 10.03743 0.8275930285 2.4280056953    0.767  3.278  3.6181  0.469    8  0.549  0.390    62.10    31.80  1 -6.29e-07      0.00 7.290e-01 2.706e-01 6.375e-05 5.931e-05 2.177e-04 -1.000 3.690e-04 -3.426 0.681 -0.841 -2.498 -3.365 -4.064 -5.008 -5.752 -5.855
0.00024632 -1.80000 10.03743 0.8275930882 2.4280056953    0.766  3.136  3.6310  0.662    8  0.549  0.390    40.94    22.17  1 -3.23e-07      0.00 7.290e-01 2.706e-01 6.375e-05 5.931e-05 2.177e-04 -1.000 3.690e-04 -3.071 0.461 -0.816 -2.314 -3.098 -3.743 -4.620 -5.317 -5.410
0.00024632 -1.80000 10.03743 0.8275932670 2.4280056953    0.764  2.929  3.6498  0.944    8  0.549  0.390    22.30    13.09  1 -1.17e-07      0.00 7.290e-01 2.706e-01 6.375e-05 5.931e-05 2.177e-04 -1.000 3.690e-04 -2.552 0.201 -0.722 -1.996 -2.676 -3.254 -4.043 -4.677 -4.760
0.00024632 -1.80000 10.03743 0.8275934458 2.4280056953    0.761  2.934  3.6493  0.935    8  0.549  0.390    22.73    13.29  1 -1.22e-07      0.00 7.290e-01 2.706e-01 6.375e-05 5.931e-05 2.177e-04 -1.000 3.690e-04 -2.565 0.210 -0.723 -2.003 -2.686 -3.266 -4.057 -4.693 -4.776
0.00024632 -1.80000 10.03743 0.8275937438 2.4280059338    0.758  3.018  3.6415  0.817    8  0.550  0.390    29.31    16.51  1 -1.89e-07      0.00 7.290e-01 2.706e-01 6.375e-05 5.931e-05 2.177e-04 -1.000 3.690e-04 -2.776 0.312 -0.765 -2.137 -2.861 -3.467 -4.294 -4.955 -5.042
0.00024632 -1.80000 10.03743 0.8275940418 2.4280059338    0.754  3.171  3.6275  0.606    8  0.550  0.390    46.29    24.44  1 -4.03e-07      0.00 7.290e-01 2.706e-01 6.375e-05 5.931e-05 2.177e-04 -1.000 3.690e-04 -3.159 0.530 -0.816 -2.357 -3.164 -3.823 -4.717 -5.427 -5.523
0.00024632 -1.80000 10.03743 0.8275944591 2.4280061722    0.749  3.306  3.6150  0.418    8  0.550  0.390    69.40    34.56  1 -7.75e-07      0.00 7.290e-01 2.706e-01 6.375e-05 5.931e-05 2.177e-04 -1.000 3.690e-04 -3.496 0.757 -0.821 -2.519 -3.411 -4.124 -5.087 -5.841 -5.947
0.00024632 -1.80000 10.03743 0.8275948763 2.4280061722    0.743  3.396  3.6067  0.292    8  0.551  0.390    91.17    43.57  1  -1.2e-06      0.00 7.290e-01 2.706e-01 6.375e-05 5.931e-05 2.177e-04 -1.000 3.690e-04 -3.720 0.927 -0.800 -2.606 -3.563 -4.319 -5.331 -6.115 -6.229
0.00024632 -1.80000 10.03743 0.8275954127 2.4280064106    0.737  3.445  3.6021  0.220    8  0.551  0.390   106.52    49.59  1 -1.54e-06      0.00 7.290e-01 2.706e-01 6.375e-05 5.931e-05 2.177e-04 -1.000 3.690e-04 -3.844 1.029 -0.780 -2.647 -3.643 -4.424 -5.464 -6.266 -6.386
0.00024632 -1.80000 10.03743 0.8275959492 2.4280066490    0.730  3.471  3.5996  0.181    8  0.552  0.390   116.08    53.12  1 -1.78e-06      0.00 7.290e-01 2.706e-01 6.375e-05 5.931e-05 2.177e-04 -1.000 3.690e-04 -3.907 1.088 -0.764 -2.665 -3.682 -4.477 -5.533 -6.344 -6.466
0.00024632 -1.80000 10.03743 0.8275965452 2.4280068874    0.722  3.487  3.5984  0.155    8  0.552  0.390   122.91    55.44  0 -1.98e-06      0.00 7.290e-01 2.706e-01 6.375e-05 5.931e-05 2.177e-04 -1.000 3.690e-04 -3.948 1.116 -0.760 -2.680 -3.709 -4.513 -5.576 -6.392 -6.516
0.00024632 -1.80000 10.03743 0.8275989294 2.4280076027    0.554 -9.999  4.0000  1.705    9  0.554  0.000     0.00     0.00 -1    -1e-30      0.00 7.290e-01 2.706e-01 6.375e-05 5.931e-05 2.177e-04 -1.000 3.690e-04 29.767 29.798 30.046 30.096 30.089 30.080 30.124 30.120 30.136
#isochrone terminated
