# File generated by CMD 3.3 (http://stev.oapd.inaf.it/cmd) on Mon Apr  6 22:19:53 CEST 2020
# isochrones based on PARSEC release v1.2S +  COLIBRI S_35
# Basic references: Bressan et al. (2012), MNRAS, 427, 127 + Chen et al. (2014, 2015), MNRAS, 444, 2525 + MNRAS, 452, 1068 + Tang et al. (2014), MNRAS, 445, 4287 + Marigo et al. (2017), ApJ, 835, 77 + Pastorelli al. (2019), MNRAS in press
# Thermal pulse cycles included 
# On RGB, assumed Reimers mass loss with efficiency eta=0.2
# Photometric system: <i>UBVRIJHK</i> (cf. Maiz-Apellaniz 2006 + Bessell 1990)
# Using YBC version of bolometric corrections as in Chen et al. (2019)
# O-rich circumstellar dpmod60alox40 dust from Groenewegen (2006)
# C-rich circumstellar AMCSIC15 dust from Groenewegen (2006)
# IMF: Kroupa (2001, 2002) + Kroupa et al. (2013) canonical two-part-power law IMF corrected for unresolved binaries 
# Kind of output: isochrone tables
# Zini     MH   logAge Mini        int_IMF         Mass   logL    logTe  logg  label   McoreTP C_O  period0 period1 pmode  Mloss  tau1m   X   Y   Xc  Xn  Xo  Cexcess  Z 	 mbolmag  Umag    Bmag    Vmag    Rmag    Imag    Jmag    Hmag    Kmag
0.00012351 -2.10000 10.07918 0.0969537646 1.1451442242    0.097 -2.908  3.5372  5.433    1  0.000  0.545     0.00     0.00 -1 -9.59e-17      0.00 7.463e-01 2.536e-01 2.346e-05 6.329e-06 5.740e-05 -1.000 1.305e-04 12.041 16.976 15.195 13.462 12.284 11.274 10.231 9.885 9.783
0.00012351 -2.10000 10.07918 0.1068295985 1.2257492542    0.106 -2.688  3.5650  5.365    1  0.000  0.545     0.00     0.00 -1 -1.64e-16      0.00 7.442e-01 2.557e-01 2.346e-05 6.329e-06 5.740e-05 -1.000 1.304e-04 11.491 15.464 14.121 12.620 11.580 10.752 9.782 9.340 9.212
0.00012351 -2.10000 10.07918 0.1265812516 1.3612058163    0.126 -2.430  3.5900  5.281    1  0.000  0.545     0.00     0.00 -1 -3.01e-16      0.00 7.411e-01 2.588e-01 2.346e-05 6.329e-06 5.740e-05 -1.000 1.304e-04 10.846 14.087 13.063 11.757 10.843 10.119 9.223 8.722 8.574
0.00012351 -2.10000 10.07918 0.1463329047 1.4716402292    0.146 -2.261  3.6024  5.224    1  0.000  0.545     0.00     0.00 -1 -4.41e-16      0.00 7.391e-01 2.608e-01 2.346e-05 6.329e-06 5.740e-05 -1.000 1.305e-04 10.422 13.357 12.463 11.239 10.385 9.698 8.839 8.322 8.163
0.00012351 -2.10000 10.07918 0.1660845429 1.5642192364    0.166 -2.129  3.6104  5.179    1  0.000  0.545     0.00     0.00 -1 -5.91e-16      0.00 7.381e-01 2.618e-01 2.346e-05 6.329e-06 5.740e-05 -1.000 1.304e-04 10.092 12.840 12.026 10.851 10.034 9.368 8.534 8.010 7.846
0.00012351 -2.10000 10.07918 0.2055878639 1.7124989033    0.205 -1.920  3.6217  5.108    1  0.000  0.545     0.00     0.00 -1 -9.31e-16      0.00 7.376e-01 2.623e-01 2.346e-05 6.329e-06 5.740e-05 -1.000 1.304e-04 9.570 12.072 11.363 10.251 9.484 8.847 8.045 7.520 7.353
0.00012351 -2.10000 10.07918 0.2549670041 1.8527730703    0.255 -1.728  3.6320  5.052    1  0.000  0.545     0.00     0.00 -1 -1.39e-15      0.00 7.378e-01 2.620e-01 2.346e-05 6.330e-06 5.740e-05 -1.000 1.304e-04 9.090 11.380 10.763 9.702 8.978 8.366 7.595 7.074 6.909
0.00012351 -2.10000 10.07918 0.3043461442 1.9615367651    0.304 -1.580  3.6406  5.015    1  0.000  0.545     0.00     0.00 -1 -1.87e-15      0.00 7.379e-01 2.620e-01 2.345e-05 6.330e-06 5.740e-05 -1.000 1.304e-04 8.719 10.841 10.298 9.277 8.586 7.995 7.249 6.735 6.575
0.00012351 -2.10000 10.07918 0.3537252545 2.0494811535    0.354 -1.456  3.6486  4.989    1  0.000  0.544     0.00     0.00 -1 -2.37e-15      0.00 7.385e-01 2.614e-01 2.343e-05 6.331e-06 5.740e-05 -1.000 1.304e-04 8.409 10.384 9.907 8.920 8.258 7.684 6.962 6.457 6.303
0.00012351 -2.10000 10.07918 0.4031043947 2.1227581501    0.403 -1.333  3.6573  4.957    1  0.000  0.545     0.00     0.00 -1 -3.06e-15      0.00 7.501e-01 2.498e-01 2.346e-05 6.329e-06 5.740e-05 -1.000 1.304e-04 8.102 9.922 9.516 8.566 7.933 7.378 6.680 6.186 6.039
0.00012351 -2.10000 10.07918 0.4524835348 2.1852064133    0.452 -1.183  3.6712  4.913    1  0.000  0.545     0.00     0.00 -1 -4.28e-15      0.00 7.507e-01 2.492e-01 2.346e-05 6.329e-06 5.740e-05 -1.000 1.304e-04 7.728 9.302 9.014 8.122 7.534 7.008 6.350 5.874 5.741
0.00012351 -2.10000 10.07918 0.5018626451 2.2393662930    0.502 -1.016  3.6870  4.855    1  0.000  0.545     0.00     0.00 -1 -6.39e-15      0.00 7.520e-01 2.478e-01 2.337e-05 6.306e-06 5.719e-05 -1.000 1.304e-04 7.310 8.627 8.463 7.637 7.094 6.600 5.986 5.532 5.414
0.00012351 -2.10000 10.07918 0.5512418151 2.2846839428    0.551 -0.814  3.7067  4.772    1  0.000  0.544     0.00     0.00 -1 -1.07e-14      0.00 7.850e-01 2.149e-01 2.044e-05 5.520e-06 5.008e-05 -1.000 9.967e-05 6.804 7.834 7.809 7.064 6.572 6.116 5.554 5.130 5.028
0.00012351 -2.10000 10.07918 0.6006208658 2.3215417862    0.600 -0.607  3.7316  4.701    1  0.000  0.544     0.00     0.00 -1 -1.79e-14      0.00 7.977e-01 2.022e-01 1.936e-05 5.232e-06 4.749e-05 -1.000 8.380e-05 6.287 7.018 7.133 6.487 6.050 5.638 5.139 4.753 4.671
0.00012351 -2.10000 10.07918 0.6073508859 2.3260343075    0.607 -0.577  3.7355  4.692    1  0.000  0.544     0.00     0.00 -1 -1.92e-14      0.00 7.999e-01 2.000e-01 1.919e-05 5.183e-06 4.706e-05 -1.000 5.955e-05 6.212 6.903 7.037 6.405 5.976 5.571 5.082 4.702 4.623
0.00012351 -2.10000 10.07918 0.6184533834 2.3332006931    0.618 -0.527  3.7421  4.677    1  0.000  0.543     0.00     0.00 -1 -2.17e-14      0.00 8.036e-01 1.963e-01 1.888e-05 5.101e-06 4.632e-05 -1.000 1.253e-04 6.088 6.716 6.877 6.270 5.855 5.461 4.986 4.616 4.542
0.00012351 -2.10000 10.07918 0.6283465028 2.3393416405    0.628 -0.483  3.7479  4.662    1  0.000  0.543     0.00     0.00 -1 -2.43e-14      0.00 8.071e-01 1.928e-01 1.858e-05 5.023e-06 4.562e-05 -1.000 9.677e-05 5.977 6.552 6.737 6.150 5.747 5.363 4.902 4.538 4.470
0.00012351 -2.10000 10.07918 0.6379513144 2.3450944424    0.638 -0.439  3.7535  4.647    1  0.000  0.543     0.00     0.00 -1 -5.98e-15      0.00 8.107e-01 1.893e-01 1.829e-05 4.945e-06 4.492e-05 -1.000 7.291e-05 5.867 6.396 6.600 6.034 5.643 5.269 4.819 4.462 4.400
0.00012351 -2.10000 10.07918 0.6492674351 2.3516218662    0.649 -0.387  3.7599  4.629    1  0.000  0.543     0.00     0.00 -1 -1.82e-14      0.00 8.151e-01 1.848e-01 1.793e-05 4.847e-06 4.404e-05 -1.000 8.400e-05 5.737 6.212 6.439 5.897 5.519 5.156 4.721 4.371 4.315
0.00012351 -2.10000 10.07918 0.6499999762 2.3520355225    0.650 -0.384  3.7603  4.628    1  0.000  0.543     0.00     0.00 -1 -3.12e-14      0.00 8.154e-01 1.845e-01 1.790e-05 4.840e-06 4.398e-05 -1.000 1.270e-04 5.729 6.201 6.429 5.888 5.511 5.149 4.714 4.366 4.309
0.00012351 -2.10000 10.07918 0.6587160826 2.3568749428    0.658 -0.343  3.7651  4.611    1  0.000  0.542     0.00     0.00 -1 -3.47e-14      0.00 8.197e-01 1.802e-01 1.754e-05 4.744e-06 4.312e-05 -1.000 1.304e-04 5.627 6.067 6.307 5.782 5.414 5.060 4.636 4.292 4.240
0.00012351 -2.10000 10.07918 0.6689382792 2.3623661995    0.669 -0.294  3.7706  4.591    1  0.000  0.542     0.00     0.00 -1 -3.94e-14      0.00 8.252e-01 1.747e-01 1.709e-05 4.625e-06 4.205e-05 -1.000 1.244e-04 5.504 5.909 6.162 5.656 5.299 4.954 4.540 4.204 4.157
0.00012351 -2.10000 10.07918 0.6786620021 2.3674137592    0.678 -0.246  3.7757  4.571    1  0.000  0.541     0.00     0.00 -1 -3.85e-14      0.00 8.306e-01 1.692e-01 1.663e-05 4.504e-06 4.096e-05 -1.000 1.170e-04 5.386 5.761 6.024 5.535 5.187 4.850 4.447 4.116 4.073
0.00012351 -2.10000 10.07918 0.6879447699 2.3720793724    0.688 -0.200  3.7806  4.549    1  0.000  0.541     0.00     0.00 -1 -2.83e-14      0.00 8.363e-01 1.636e-01 1.617e-05 4.380e-06 3.985e-05 -1.000 1.069e-04 5.269 5.617 5.889 5.416 5.077 4.748 4.354 4.029 3.990
0.00012351 -2.10000 10.07918 0.6961826086 2.3761003017    0.696 -0.157  3.7848  4.528    1  0.000  0.541     0.00     0.00 -1 -4.15e-15      0.00 8.416e-01 1.584e-01 1.574e-05 4.264e-06 3.881e-05 -1.000 7.559e-05 5.162 5.489 5.765 5.306 4.976 4.654 4.269 3.950 3.915
0.00012351 -2.10000 10.07918 0.6999999881 2.3779268265    0.700 -0.136  3.7868  4.518    1  0.000  0.540     0.00     0.00 -1 -6.02e-14      0.00 8.441e-01 1.558e-01 1.553e-05 4.209e-06 3.831e-05 -1.000 6.142e-05 5.111 5.430 5.707 5.254 4.928 4.610 4.228 3.913 3.879
0.00012351 -2.10000 10.07918 0.7090934515 2.3821866512    0.709 -0.086  3.7912  4.491    1  0.000  0.538     0.00     0.00 -1 -6.93e-14      0.00 8.492e-01 1.507e-01 1.511e-05 4.108e-06 3.742e-05 -1.000 6.452e-05 4.985 5.285 5.564 5.126 4.808 4.497 4.125 3.816 3.785
0.00012351 -2.10000 10.07918 0.7175766826 2.3860487938    0.717 -0.036  3.7952  4.463    1  0.000  0.536     0.00     0.00 -1 -7.97e-14      0.00 8.534e-01 1.465e-01 1.477e-05 4.027e-06 3.672e-05 -1.000 9.447e-05 4.861 5.146 5.425 4.999 4.690 4.386 4.022 3.720 3.692
0.00012351 -2.10000 10.07918 0.7259507775 2.3897597790    0.725  0.015  3.7992  4.432    1  0.000  0.534     0.00     0.00 -1 -9.24e-14      0.00 8.572e-01 1.428e-01 1.449e-05 3.961e-06 3.615e-05 -1.000 5.622e-05 4.732 5.004 5.280 4.867 4.566 4.268 3.914 3.618 3.593
0.00012351 -2.10000 10.07918 0.7331413031 2.3928685188    0.733  0.062  3.8025  4.403    1  0.000  0.533     0.00     0.00 -1 -1.06e-13      0.00 8.600e-01 1.399e-01 1.429e-05 3.914e-06 3.575e-05 -1.000 6.297e-05 4.614 4.878 5.150 4.747 4.452 4.160 3.813 3.523 3.500
0.00012351 -2.10000 10.07918 0.7401060462 2.3958134651    0.740  0.111  3.8056  4.370    1  0.000  0.531     0.00     0.00 -1 -9.77e-14      0.00 8.624e-01 1.374e-01 1.411e-05 3.875e-06 3.542e-05 -1.000 1.172e-04 4.493 4.749 5.016 4.623 4.333 4.047 3.707 3.423 3.402
0.00012351 -2.10000 10.07918 0.7470700145 2.3986949921    0.746  0.164  3.8085  4.334    1  0.000  0.530     0.00     0.00 -1 -1.83e-14      0.00 8.647e-01 1.351e-01 1.396e-05 3.842e-06 3.513e-05 -1.000 1.247e-04 4.361 4.612 4.872 4.488 4.205 3.924 3.590 3.312 3.292
0.00012351 -2.10000 10.07918 0.7500000000 2.3998889923    0.749  0.186  3.8097  4.317    1  0.000  0.529     0.00     0.00 -1 -1.54e-13      0.00 8.656e-01 1.342e-01 1.390e-05 3.828e-06 3.501e-05 -1.000 1.291e-04 4.304 4.552 4.810 4.429 4.149 3.870 3.539 3.263 3.244
0.00012351 -2.10000 10.07918 0.7513157129 2.4004216194    0.751  0.197  3.8104  4.310    1  0.000  0.529     0.00     0.00 -1 -1.58e-13      0.00 8.657e-01 1.341e-01 1.391e-05 3.831e-06 3.503e-05 -1.000 1.295e-04 4.278 4.525 4.782 4.403 4.123 3.846 3.516 3.242 3.223
0.00012351 -2.10000 10.07918 0.7594111562 2.4036526680    0.759  0.267  3.8138  4.258    1  0.000  0.529     0.00     0.00 -1 -1.96e-13      0.00 8.661e-01 1.339e-01 1.395e-05 3.845e-06 3.518e-05 -1.000 3.278e-05 4.102 4.345 4.590 4.221 3.949 3.678 3.356 3.089 3.072
0.00012351 -2.10000 10.07918 0.7647827864 2.4057531357    0.764  0.319  3.8158  4.217    1  0.000  0.529     0.00     0.00 -1 -2.31e-13      0.00 8.662e-01 1.337e-01 1.399e-05 3.855e-06 3.528e-05 -1.000 9.340e-05 3.973 4.215 4.452 4.090 3.821 3.554 3.237 2.975 2.958
0.00012351 -2.10000 10.07918 0.7698755860 2.4077134132    0.769  0.370  3.8172  4.175    1  0.000  0.528     0.00     0.00 -1 -2.72e-13      0.00 8.652e-01 1.347e-01 1.411e-05 3.888e-06 3.559e-05 -1.000 9.999e-05 3.845 4.086 4.316 3.958 3.693 3.429 3.115 2.857 2.840
0.00012351 -2.10000 10.07918 0.7740391493 2.4092941284    0.773  0.415  3.8178  4.134    1  0.000  0.528     0.00     0.00 -1 -3.17e-13      0.00 8.640e-01 1.359e-01 1.423e-05 3.924e-06 3.591e-05 -1.000 9.996e-05 3.731 3.974 4.198 3.843 3.579 3.316 3.004 2.747 2.731
0.00012351 -2.10000 10.07918 0.7755584717 2.4098660946    0.774  0.434  3.8175  4.115    1  0.000  0.528     0.00     0.00 -1 -3.38e-13      0.00 8.636e-01 1.363e-01 1.428e-05 3.936e-06 3.603e-05 -1.000 9.999e-05 3.684 3.928 4.150 3.795 3.531 3.268 2.955 2.698 2.681
0.00012351 -2.10000 10.07918 0.7796864510 2.4114069939    0.778  0.489  3.8155  4.054    1  0.000  0.528     0.00     0.00 -1 -4.09e-13      0.00 8.624e-01 1.375e-01 1.441e-05 3.971e-06 3.635e-05 -1.000 9.994e-05 3.547 3.799 4.016 3.658 3.391 3.126 2.808 2.548 2.530
0.00012351 -2.10000 10.07918 0.7825749516 2.4124741554    0.781  0.532  3.8127  4.002    1  0.000  0.528     0.00     0.00 -1 -4.79e-13      0.00 8.616e-01 1.383e-01 1.449e-05 3.996e-06 3.657e-05 -1.000 9.996e-05 3.440 3.699 3.915 3.551 3.281 3.011 2.687 2.421 2.402
0.00012351 -2.10000 10.07918 0.7831909060 2.4127006531    0.782  0.542  3.8120  3.989    1  0.000  0.528     0.00     0.00 -1 -4.98e-13      0.00 8.614e-01 1.385e-01 1.451e-05 4.001e-06 3.662e-05 -1.000 9.993e-05 3.415 3.677 3.893 3.527 3.255 2.984 2.658 2.391 2.372
0.00012351 -2.10000 10.07918 0.7837864757 2.4129190445    0.782  0.553  3.8107  3.974    1  0.000  0.528     0.00     0.00 -1  -5.2e-13      0.00 8.613e-01 1.386e-01 1.453e-05 4.006e-06 3.667e-05 -1.000 9.997e-05 3.388 3.653 3.869 3.501 3.226 2.953 2.625 2.355 2.336
0.00012351 -2.10000 10.07918 0.7857903242 2.4136517048    0.784  0.592  3.8051  3.912    2  0.000  0.528     0.00     0.00 -1 -6.09e-13      0.00 8.607e-01 1.392e-01 1.459e-05 4.022e-06 3.682e-05 -1.000 9.996e-05 3.289 3.571 3.787 3.405 3.121 2.839 2.497 2.217 2.195
0.00012351 -2.10000 10.07918 0.7873246074 2.4142096043    0.786  0.628  3.7982  3.850    2  0.000  0.528     0.00     0.00 -1 -7.09e-13      0.00 8.603e-01 1.396e-01 1.464e-05 4.035e-06 3.694e-05 -1.000 9.996e-05 3.200 3.503 3.722 3.321 3.025 2.732 2.374 2.081 2.056
0.00012351 -2.10000 10.07918 0.7885268331 2.4146449566    0.787  0.660  3.7901  3.786    2  0.000  0.528     0.00     0.00 -1 -8.22e-13      0.00 8.598e-01 1.401e-01 1.469e-05 4.049e-06 3.706e-05 -1.000 1.024e-04 3.120 3.450 3.670 3.247 2.936 2.630 2.254 1.945 1.915
0.00012351 -2.10000 10.07918 0.7894965410 2.4149949551    0.788  0.690  3.7811  3.721    2  0.000  0.528     0.00     0.00 -1 -9.47e-13      0.00 8.560e-01 1.439e-01 1.503e-05 4.143e-06 3.791e-05 -1.000 7.077e-05 3.046 3.411 3.630 3.182 2.855 2.534 2.137 1.811 1.777
0.00012351 -2.10000 10.07918 0.7903102636 2.4152879715    0.789  0.718  3.7725  3.659    2  0.000  0.530     0.00     0.00 -1 -1.08e-12      0.00 8.391e-01 1.609e-01 1.637e-05 4.505e-06 4.117e-05 -1.000 5.549e-05 2.976 3.382 3.595 3.121 2.778 2.443 2.026 1.685 1.645
0.00012351 -2.10000 10.07918 0.7910283208 2.4155459404    0.789  0.746  3.7645  3.599    2  0.000  0.533     0.00     0.00 -1 -1.24e-12      0.00 8.116e-01 1.884e-01 1.847e-05 5.069e-06 4.621e-05 -1.000 8.376e-05 2.904 3.351 3.556 3.058 2.701 2.352 1.917 1.563 1.517
0.00012351 -2.10000 10.07918 0.7916654944 2.4157745838    0.790  0.778  3.7574  3.539    2  0.000  0.535     0.00     0.00 -1 -1.43e-12      0.00 7.924e-01 2.075e-01 1.992e-05 5.454e-06 4.966e-05 -1.000 1.026e-04 2.825 3.312 3.508 2.988 2.618 2.258 1.806 1.440 1.389
0.00012351 -2.10000 10.07918 0.7922966480 2.4160003662    0.790  0.818  3.7512  3.475    2  0.000  0.536     0.00     0.00 -1 -1.69e-12      0.00 7.809e-01 2.190e-01 2.078e-05 5.687e-06 5.173e-05 -1.000 1.262e-04 2.725 3.252 3.437 2.897 2.514 2.144 1.678 1.301 1.245
0.00012351 -2.10000 10.07918 0.7927948833 2.4161784649    0.791  0.857  3.7471  3.419    2  0.000  0.536     0.00     0.00 -1 -1.97e-12      0.00 7.754e-01 2.244e-01 2.120e-05 5.797e-06 5.272e-05 -1.000 1.304e-04 2.627 3.182 3.358 2.804 2.414 2.037 1.561 1.177 1.118
0.00012351 -2.10000 10.07918 0.7931354642 2.4163000584    0.791  0.887  3.7447  3.380    2  0.000  0.536     0.00     0.00 -1 -2.21e-12      0.00 7.726e-01 2.272e-01 2.141e-05 5.853e-06 5.322e-05 -1.000 1.304e-04 2.552 3.126 3.296 2.734 2.339 1.957 1.475 1.087 1.027
0.00012351 -2.10000 10.07918 0.7934368849 2.4164073467    0.791  0.917  3.7430  3.343    3  0.000  0.537     0.00     0.00 -1 -2.47e-12      0.00 7.709e-01 2.290e-01 2.153e-05 5.886e-06 5.352e-05 -1.000 1.215e-04 2.477 3.063 3.228 2.661 2.263 1.879 1.393 1.001 0.940
0.00012351 -2.10000 10.07918 0.7938320041 2.4165482521    0.792  0.959  3.7410  3.294    3  0.000  0.537     0.00     0.00 -1 -2.86e-12      0.00 7.688e-01 2.311e-01 2.168e-05 5.925e-06 5.386e-05 -1.000 9.964e-05 2.374 2.975 3.135 2.562 2.160 1.772 1.280 0.885 0.822
0.00012351 -2.10000 10.07918 0.7942300439 2.4166898727    0.792  1.003  3.7390  3.242    3  0.000  0.537     0.00     0.00 -1 -3.36e-12      0.00 7.668e-01 2.331e-01 2.179e-05 5.957e-06 5.414e-05 -1.000 8.625e-05 2.264 2.880 3.034 2.455 2.050 1.659 1.162 0.763 0.698
0.00012351 -2.10000 10.07918 0.7946113348 2.4168252945    0.792  1.047  3.7374  3.191    3  0.000  0.537     0.00     0.00 -1 -3.95e-12      0.00 7.651e-01 2.348e-01 2.189e-05 5.982e-06 5.437e-05 -1.000 1.279e-04 2.152 2.782 2.931 2.347 1.938 1.545 1.043 0.640 0.574
0.00012351 -2.10000 10.07918 0.7950165868 2.4169690609    0.793  1.098  3.7356  3.134    3  0.000  0.537     0.00     0.00 -1 -4.75e-12      0.00 7.634e-01 2.364e-01 2.197e-05 6.005e-06 5.458e-05 -1.000 1.304e-04 2.025 2.671 2.813 2.223 1.812 1.416 0.909 0.501 0.435
0.00012351 -2.10000 10.07918 0.7953565717 2.4170897007    0.793  1.144  3.7341  3.082    3  0.000  0.537     0.00     0.00 -1 -5.59e-12      0.00 7.620e-01 2.378e-01 2.203e-05 6.022e-06 5.473e-05 -1.000 1.305e-04 1.911 2.569 2.706 2.112 1.698 1.299 0.788 0.376 0.310
0.00012351 -2.10000 10.07918 0.7957006097 2.4172115326    0.793  1.193  3.7326  3.026    3  0.000  0.537     0.00     0.00 -1 -6.68e-12      0.00 7.607e-01 2.392e-01 2.208e-05 6.038e-06 5.486e-05 -1.000 9.781e-05 1.787 2.457 2.589 1.991 1.574 1.173 0.657 0.241 0.174
0.00012351 -2.10000 10.07918 0.7960381508 2.4173309803    0.793  1.246  3.7310  2.967    3  0.000  0.537     0.00     0.00 -1 -8.09e-12      0.00 7.594e-01 2.405e-01 2.212e-05 6.052e-06 5.497e-05 -1.000 1.058e-04 1.654 2.338 2.464 1.861 1.442 1.038 0.517 0.097 0.029
0.00012351 -2.10000 10.07918 0.7963104844 2.4174273014    0.794  1.293  3.7295  2.914    3  0.000  0.536     0.00     0.00 -1 -9.58e-12      0.00 7.584e-01 2.415e-01 2.214e-05 6.065e-06 5.505e-05 -1.000 1.267e-04 1.537 2.234 2.354 1.746 1.325 0.919 0.393 -0.030 -0.098
0.00012351 -2.10000 10.07918 0.7965732813 2.4175202847    0.794  1.343  3.7280  2.859    3  0.000  0.536     0.00     0.00 -1 -1.14e-11      0.00 7.574e-01 2.424e-01 2.214e-05 6.078e-06 5.513e-05 -1.000 1.304e-04 1.414 2.125 2.239 1.626 1.203 0.794 0.264 -0.162 -0.231
0.00012351 -2.10000 10.07918 0.7968093157 2.4176034927    0.794  1.391  3.7265  2.805    3  0.000  0.535     0.00     0.00 -1 -1.36e-11      0.00 7.566e-01 2.433e-01 2.214e-05 6.093e-06 5.518e-05 -1.000 1.302e-04 1.294 2.019 2.126 1.509 1.083 0.672 0.138 -0.292 -0.362
0.00012351 -2.10000 10.07918 0.7970232368 2.4176790714    0.794  1.438  3.7250  2.752    3  0.000  0.534     0.00     0.00 -1 -1.61e-11      0.00 7.559e-01 2.440e-01 2.212e-05 6.110e-06 5.523e-05 -1.000 1.293e-04 1.175 1.915 2.015 1.394 0.965 0.551 0.013 -0.420 -0.491
0.00012351 -2.10000 10.07918 0.7972145677 2.4177465439    0.794  1.485  3.7235  2.699    3  0.000  0.534     0.00     0.00 -1 -1.91e-11      0.00 7.554e-01 2.445e-01 2.210e-05 6.129e-06 5.526e-05 -1.000 1.299e-04 1.058 1.811 1.906 1.280 0.848 0.432 -0.110 -0.547 -0.618
0.00012351 -2.10000 10.07918 0.7973957062 2.4178104401    0.794  1.533  3.7220  2.645    3  0.000  0.533     0.00     0.00 -1 -2.27e-11      0.00 7.549e-01 2.450e-01 2.207e-05 6.150e-06 5.529e-05 -1.000 1.305e-04 0.937 1.704 1.793 1.163 0.728 0.310 -0.237 -0.678 -0.749
0.00012351 -2.10000 10.07918 0.7975565195 2.4178669453    0.794  1.580  3.7204  2.591    3  0.000  0.532     0.00     0.00 -1 -2.69e-11      0.00 7.545e-01 2.453e-01 2.205e-05 6.168e-06 5.531e-05 -1.000 1.304e-04 0.820 1.601 1.684 1.048 0.611 0.190 -0.361 -0.805 -0.878
0.00012351 -2.10000 10.07918 0.7976993918 2.4179172516    0.794  1.626  3.7188  2.539    3  0.000  0.532     0.00     0.00 -1 -3.17e-11      0.00 7.543e-01 2.456e-01 2.203e-05 6.183e-06 5.532e-05 -1.000 1.305e-04 0.706 1.502 1.579 0.938 0.498 0.075 -0.481 -0.929 -1.003
0.00012351 -2.10000 10.07918 0.7978289127 2.4179627895    0.794  1.671  3.7173  2.488    3  0.000  0.531     0.00     0.00 -1 -3.73e-11      0.00 7.542e-01 2.457e-01 2.202e-05 6.192e-06 5.533e-05 -1.000 1.275e-04 0.593 1.405 1.476 0.829 0.387 -0.040 -0.600 -1.052 -1.126
0.00012351 -2.10000 10.07918 0.7979502678 2.4180057049    0.793  1.717  3.7157  2.436    3  0.000  0.531     0.00     0.00 -1  -4.4e-11      0.00 7.541e-01 2.458e-01 2.201e-05 6.197e-06 5.533e-05 -1.000 1.305e-04 0.478 1.310 1.371 0.718 0.272 -0.157 -0.722 -1.178 -1.252
0.00012351 -2.10000 10.07918 0.7980574369 2.4180433750    0.793  1.761  3.7141  2.385    3  0.000  0.531     0.00     0.00 -1 -5.17e-11      0.00 7.541e-01 2.458e-01 2.201e-05 6.199e-06 5.534e-05 -1.000 1.304e-04 0.368 1.219 1.270 0.611 0.162 -0.270 -0.840 -1.299 -1.374
0.00012351 -2.10000 10.07918 0.7981564999 2.4180781841    0.793  1.805  3.7125  2.334    3  0.000  0.531     0.00     0.00 -1 -6.07e-11      0.00 7.541e-01 2.458e-01 2.201e-05 6.200e-06 5.534e-05 -1.000 1.306e-04 0.257 1.127 1.169 0.503 0.051 -0.383 -0.958 -1.421 -1.497
0.00012351 -2.10000 10.07918 0.7982473969 2.4181101322    0.793  1.850  3.7109  2.283    3  0.000  0.531     0.00     0.00 -1 -7.13e-11      0.00 7.541e-01 2.458e-01 2.201e-05 6.200e-06 5.534e-05 -1.000 1.305e-04 0.146 1.036 1.069 0.397 -0.059 -0.496 -1.075 -1.542 -1.619
0.00012351 -2.10000 10.07918 0.7983281612 2.4181385040    0.793  1.892  3.7093  2.234    3  0.000  0.531     0.00     0.00 -1 -6.41e-11      0.00 7.541e-01 2.458e-01 2.201e-05 6.200e-06 5.534e-05 -1.000 1.304e-04 0.040 0.950 0.974 0.295 -0.164 -0.605 -1.188 -1.659 -1.737
0.00012351 -2.10000 10.07918 0.7984028459 2.4181647301    0.792  1.934  3.7078  2.186    3  0.000  0.531     0.00     0.00 -1 -6.52e-11      0.00 7.541e-01 2.458e-01 2.201e-05 6.201e-06 5.534e-05 -1.000 1.304e-04 -0.066 0.865 0.879 0.193 -0.269 -0.712 -1.301 -1.776 -1.854
0.00012351 -2.10000 10.07918 0.7984744906 2.4181897640    0.792  1.978  3.7061  2.135    3  0.000  0.531     0.00     0.00 -1 -7.53e-11      0.00 7.541e-01 2.458e-01 2.201e-05 6.201e-06 5.534e-05 -1.000 1.305e-04 -0.176 0.777 0.781 0.088 -0.378 -0.824 -1.418 -1.897 -1.976
0.00012351 -2.10000 10.07918 0.7985358834 2.4182114601    0.792  2.019  3.7045  2.088    3  0.000  0.531     0.00     0.00 -1 -8.87e-11      0.00 7.540e-01 2.458e-01 2.201e-05 6.201e-06 5.534e-05 -1.000 1.305e-04 -0.277 0.697 0.691 -0.010 -0.479 -0.928 -1.526 -2.009 -2.089
0.00012351 -2.10000 10.07918 0.7985926867 2.4182314873    0.791  2.059  3.7030  2.041    3  0.000  0.531     0.00     0.00 -1 -1.04e-10      0.00 7.540e-01 2.458e-01 2.201e-05 6.201e-06 5.534e-05 -1.000 1.304e-04 -0.379 0.616 0.601 -0.107 -0.579 -1.031 -1.634 -2.121 -2.202
0.00012351 -2.10000 10.07918 0.7986469269 2.4182503223    0.791  2.101  3.7014  1.992    3  0.000  0.531     0.00     0.00 -1 -1.23e-10      0.00 7.540e-01 2.458e-01 2.201e-05 6.201e-06 5.534e-05 -1.000 1.304e-04 -0.483 0.534 0.509 -0.206 -0.682 -1.137 -1.745 -2.236 -2.318
0.00012351 -2.10000 10.07918 0.7986942530 2.4182670116    0.791  2.140  3.6997  1.947    3  0.000  0.531     0.00     0.00 -1 -1.44e-10      0.00 7.540e-01 2.458e-01 2.201e-05 6.201e-06 5.534e-05 -1.000 1.304e-04 -0.580 0.462 0.425 -0.299 -0.779 -1.237 -1.850 -2.345 -2.427
0.00012351 -2.10000 10.07918 0.7987385988 2.4182825089    0.790  2.179  3.6982  1.902    3  0.000  0.531     0.00     0.00 -1 -1.67e-10      0.00 7.540e-01 2.458e-01 2.201e-05 6.202e-06 5.534e-05 -1.000 1.305e-04 -0.676 0.391 0.342 -0.390 -0.874 -1.334 -1.952 -2.451 -2.534
0.00012351 -2.10000 10.07918 0.7987847328 2.4182987213    0.790  2.215  3.6968  1.860    3  0.000  0.531     0.00     0.00 -1 -1.93e-10      0.00 7.540e-01 2.458e-01 2.201e-05 6.202e-06 5.534e-05 -1.000 1.305e-04 -0.766 0.324 0.263 -0.476 -0.963 -1.426 -2.048 -2.551 -2.634
0.00012351 -2.10000 10.07918 0.7988358736 2.4183168411    0.789  2.245  3.6956  1.825    3  0.000  0.531     0.00     0.00 -1  -2.2e-10      0.00 7.540e-01 2.458e-01 2.201e-05 6.202e-06 5.534e-05 -1.000 1.304e-04 -0.842 0.268 0.198 -0.548 -1.038 -1.503 -2.129 -2.634 -2.718
0.00012351 -2.10000 10.07918 0.7988617420 2.4183259010    0.788  2.238  3.6961  1.833    3  0.000  0.531     0.00     0.00 -1 -2.17e-10      0.00 7.540e-01 2.458e-01 2.201e-05 6.202e-06 5.535e-05 -1.000 1.304e-04 -0.826 0.277 0.210 -0.533 -1.022 -1.486 -2.110 -2.614 -2.698
0.00012351 -2.10000 10.07918 0.7988678813 2.4183280468    0.788  2.245  3.6958  1.825    3  0.000  0.531     0.00     0.00 -1 -2.22e-10      0.00 7.540e-01 2.459e-01 2.201e-05 6.202e-06 5.535e-05 -1.000 1.304e-04 -0.843 0.265 0.196 -0.549 -1.038 -1.504 -2.129 -2.633 -2.717
0.00012351 -2.10000 10.07918 0.7989017963 2.4183399677    0.788  2.286  3.6941  1.777    3  0.000  0.531     0.00     0.00 -1 -2.58e-10      0.00 7.540e-01 2.459e-01 2.201e-05 6.202e-06 5.535e-05 -1.000 1.305e-04 -0.944 0.193 0.110 -0.644 -1.138 -1.607 -2.237 -2.746 -2.831
0.00012351 -2.10000 10.07918 0.7989360690 2.4183518887    0.787  2.329  3.6924  1.727    3  0.000  0.531     0.00     0.00 -1 -3.04e-10      0.00 7.540e-01 2.459e-01 2.201e-05 6.202e-06 5.535e-05 -1.000 1.304e-04 -1.052 0.113 0.016 -0.747 -1.245 -1.717 -2.353 -2.866 -2.952
0.00012351 -2.10000 10.07918 0.7989651561 2.4183621407    0.787  2.368  3.6906  1.680    3  0.000  0.531     0.00     0.00 -1 -3.54e-10      0.00 7.540e-01 2.459e-01 2.201e-05 6.202e-06 5.535e-05 -1.000 1.304e-04 -1.150 0.045 -0.066 -0.839 -1.341 -1.817 -2.458 -2.976 -3.062
0.00012351 -2.10000 10.07918 0.7989937663 2.4183721542    0.786  2.409  3.6887  1.631    3  0.000  0.531     0.00     0.00 -1 -4.15e-10      0.00 7.540e-01 2.459e-01 2.201e-05 6.202e-06 5.535e-05 -1.000 1.304e-04 -1.252 -0.025 -0.151 -0.934 -1.442 -1.921 -2.568 -3.090 -3.178
0.00012351 -2.10000 10.07918 0.7990204692 2.4183814526    0.785  2.450  3.6870  1.583    3  0.000  0.531     0.00     0.00 -1 -4.86e-10      0.00 7.540e-01 2.459e-01 2.201e-05 6.203e-06 5.535e-05 -1.000 1.304e-04 -1.355 -0.095 -0.236 -1.030 -1.542 -2.025 -2.677 -3.205 -3.293
0.00012351 -2.10000 10.07918 0.7990438342 2.4183897972    0.784  2.488  3.6852  1.537    3  0.000  0.531     0.00     0.00 -1 -5.63e-10      0.00 7.540e-01 2.459e-01 2.201e-05 6.203e-06 5.535e-05 -1.000 1.304e-04 -1.451 -0.121 -0.304 -1.121 -1.640 -2.126 -2.784 -3.316 -3.403
0.00012351 -2.10000 10.07918 0.7990670204 2.4183979034    0.783  2.529  3.6834  1.488    3  0.000  0.531     0.00     0.00 -1 -6.58e-10      0.00 7.540e-01 2.459e-01 2.201e-05 6.203e-06 5.535e-05 -1.000 1.305e-04 -1.553 -0.199 -0.390 -1.215 -1.738 -2.228 -2.892 -3.430 -3.518
0.00012351 -2.10000 10.07918 0.7990875244 2.4184050560    0.782  2.568  3.6816  1.442    3  0.000  0.531     0.00     0.00 -1 -7.63e-10      0.00 7.540e-01 2.459e-01 2.201e-05 6.203e-06 5.535e-05 -1.000 1.304e-04 -1.650 -0.239 -0.461 -1.305 -1.835 -2.329 -2.998 -3.540 -3.628
0.00012351 -2.10000 10.07918 0.7991067171 2.4184117317    0.781  2.606  3.6798  1.396    3  0.000  0.531     0.00     0.00 -1 -8.85e-10      0.00 7.540e-01 2.459e-01 2.201e-05 6.203e-06 5.535e-05 -1.000 1.304e-04 -1.746 -0.271 -0.528 -1.394 -1.930 -2.429 -3.104 -3.650 -3.737
0.00012351 -2.10000 10.07918 0.7991249561 2.4184181690    0.780  2.646  3.6780  1.348    3  0.000  0.531     0.00     0.00 -1 -1.03e-09      0.00 7.540e-01 2.459e-01 2.201e-05 6.203e-06 5.535e-05 -1.000 1.304e-04 -1.844 -0.300 -0.594 -1.483 -2.027 -2.530 -3.211 -3.762 -3.849
0.00012351 -2.10000 10.07918 0.7991446257 2.4184250832    0.779  2.691  3.6758  1.294    3  0.000  0.531     0.00     0.00 -1 -1.22e-09      0.00 7.540e-01 2.459e-01 2.201e-05 6.203e-06 5.535e-05 -1.000 1.304e-04 -1.958 -0.326 -0.668 -1.585 -2.139 -2.647 -3.335 -3.891 -3.978
0.00012351 -2.10000 10.07918 0.7991604209 2.4184305668    0.777  2.730  3.6739  1.246    3  0.000  0.531     0.00     0.00 -1 -1.42e-09      0.00 7.540e-01 2.459e-01 2.201e-05 6.203e-06 5.535e-05 -1.000 1.305e-04 -2.055 -0.339 -0.726 -1.671 -2.235 -2.749 -3.443 -4.004 -4.091
0.00012351 -2.10000 10.07918 0.7991767526 2.4184362888    0.776  2.774  3.6717  1.193    3  0.000  0.531     0.00     0.00 -1 -1.67e-09      0.00 7.540e-01 2.459e-01 2.201e-05 6.203e-06 5.535e-05 -1.000 1.305e-04 -2.164 -0.349 -0.789 -1.766 -2.341 -2.861 -3.563 -4.129 -4.216
0.00012351 -2.10000 10.07918 0.7991902232 2.4184410572    0.774  2.812  3.6699  1.146    3  0.000  0.531     0.00     0.00 -1 -1.94e-09      0.00 7.540e-01 2.459e-01 2.201e-05 6.203e-06 5.535e-05 -1.000 1.305e-04 -2.260 -0.356 -0.844 -1.851 -2.436 -2.961 -3.669 -4.240 -4.326
0.00012351 -2.10000 10.07918 0.7992038727 2.4184458256    0.772  2.854  3.6676  1.094    3  0.000  0.531     0.00     0.00 -1 -2.27e-09      0.00 7.540e-01 2.459e-01 2.201e-05 6.203e-06 5.535e-05 -1.000 1.305e-04 -2.364 -0.340 -0.892 -1.937 -2.536 -3.069 -3.785 -4.362 -4.447
0.00012351 -2.10000 10.07918 0.7992152572 2.4184498787    0.771  2.891  3.6658  1.049    3  0.000  0.531     0.00     0.00 -1 -2.62e-09      0.00 7.540e-01 2.459e-01 2.201e-05 6.203e-06 5.535e-05 -1.000 1.305e-04 -2.457 -0.336 -0.939 -2.016 -2.626 -3.165 -3.887 -4.469 -4.553
0.00012351 -2.10000 10.07918 0.7992272377 2.4184539318    0.768  2.932  3.6635  0.997    3  0.000  0.531     0.00     0.00 -1 -3.07e-09      0.00 7.540e-01 2.459e-01 2.201e-05 6.203e-06 5.535e-05 -1.000 1.305e-04 -2.561 -0.305 -0.980 -2.100 -2.725 -3.272 -4.003 -4.591 -4.675
0.00012351 -2.10000 10.07918 0.7992393374 2.4184582233    0.766  2.977  3.6612  0.942    3  0.000  0.531     0.00     0.00 -1 -3.65e-09      0.00 7.540e-01 2.459e-01 2.201e-05 6.203e-06 5.535e-05 -1.000 1.305e-04 -2.673 -0.264 -1.017 -2.189 -2.832 -3.389 -4.129 -4.722 -4.805
0.00012351 -2.10000 10.07918 0.7992491722 2.4184617996    0.763  3.016  3.6590  0.893    3  0.000  0.531     0.00     0.00 -1 -4.24e-09      0.00 7.540e-01 2.459e-01 2.201e-05 6.203e-06 5.535e-05 -1.000 1.304e-04 -2.771 -0.207 -1.038 -2.261 -2.923 -3.490 -4.239 -4.837 -4.919
0.00012351 -2.10000 10.07918 0.7992575765 2.4184646606    0.761  3.052  3.6571  0.848    3  0.000  0.531     0.00     0.00 -1 -4.86e-09      0.00 7.540e-01 2.459e-01 2.201e-05 6.203e-06 5.535e-05 -1.000 1.304e-04 -2.859 -0.176 -1.065 -2.326 -3.004 -3.579 -4.337 -4.940 -5.022
0.00012351 -2.10000 10.07918 0.7992663383 2.4184677601    0.758  3.090  3.6550  0.799    3  0.000  0.531     0.00     0.00 -1 -5.64e-09      0.00 7.540e-01 2.459e-01 2.201e-05 6.203e-06 5.535e-05 -1.000 1.305e-04 -2.956 -0.170 -1.106 -2.400 -3.092 -3.676 -4.443 -5.052 -5.134
0.00012351 -2.10000 10.07918 0.7992752194 2.4184708595    0.754  3.132  3.6526  0.746    3  0.000  0.531     0.00     0.00 -1 -6.62e-09      0.00 7.540e-01 2.459e-01 2.201e-05 6.203e-06 5.535e-05 -1.000 1.305e-04 -3.061 -0.160 -1.148 -2.479 -3.187 -3.781 -4.558 -5.173 -5.256
0.00012351 -2.10000 10.07918 0.7992827296 2.4184734821    0.751  3.170  3.6504  0.697    3  0.000  0.531     0.00     0.00 -1 -7.68e-09      0.00 7.540e-01 2.459e-01 2.201e-05 6.203e-06 5.535e-05 -1.000 1.304e-04 -3.155 -0.148 -1.184 -2.549 -3.272 -3.875 -4.661 -5.283 -5.367
0.00012351 -2.10000 10.07918 0.7992902398 2.4184761047    0.747  3.209  3.6482  0.647    3  0.000  0.531     0.00     0.00 -1 -8.95e-09      0.00 7.540e-01 2.459e-01 2.201e-05 6.203e-06 5.535e-05 -1.000 1.304e-04 -3.253 -0.138 -1.223 -2.622 -3.359 -3.972 -4.769 -5.396 -5.481
0.00012351 -2.10000 10.07918 0.7992972732 2.4184784889    0.743  3.246  3.6461  0.599    3  0.000  0.531     0.00     0.00 -1 -1.03e-08      0.00 7.540e-01 2.459e-01 2.201e-05 6.203e-06 5.535e-05 -1.000 1.305e-04 -3.344 -0.124 -1.256 -2.687 -3.440 -4.061 -4.868 -5.502 -5.587
0.00012351 -2.10000 10.07918 0.7992991805 2.4184792042    0.741  3.255  3.6456  0.587    3  0.000  0.531     0.00     0.00 -1 -1.08e-08      0.00 7.540e-01 2.459e-01 2.201e-05 6.203e-06 5.535e-05 -1.000 1.304e-04 -3.367 -0.120 -1.264 -2.703 -3.460 -4.084 -4.893 -5.528 -5.614
0.00012351 -2.10000 10.07918 0.7992991805 2.4184792042    0.741  1.665  3.9262  3.300    4  0.000  0.532     0.00     0.00 -1    -1e-30      0.00 7.556e-01 2.443e-01 2.201e-05 6.146e-06 5.515e-05 -1.000 1.303e-04 0.608 0.765 0.684 0.639 0.598 0.546 0.469 0.431 0.422
0.00012351 -2.10000 10.07918 0.7992999554 2.4184794426    0.741  1.673  3.9213  3.272    4  0.000  0.532     0.00     0.00 -1    -1e-30      0.00 7.556e-01 2.443e-01 2.201e-05 6.146e-06 5.515e-05 -1.000 1.304e-04 0.587 0.747 0.660 0.608 0.562 0.503 0.418 0.375 0.365
0.00012351 -2.10000 10.07918 0.7993505597 2.4184973240    0.741  1.691  3.9125  3.219    4  0.000  0.532     0.00     0.00 -1    -1e-30      0.00 7.556e-01 2.443e-01 2.201e-05 6.146e-06 5.515e-05 -1.000 1.304e-04 0.543 0.709 0.617 0.549 0.491 0.420 0.319 0.266 0.254
0.00012351 -2.10000 10.07918 0.7993998528 2.4185144901    0.741  1.691  3.9129  3.220    4  0.000  0.532     0.00     0.00 -1    -1e-30      0.00 7.556e-01 2.443e-01 2.201e-05 6.146e-06 5.515e-05 -1.000 1.304e-04 0.543 0.708 0.616 0.549 0.491 0.421 0.321 0.268 0.257
0.00012351 -2.10000 10.07918 0.7994492054 2.4185318947    0.741  1.691  3.9134  3.222    4  0.000  0.532     0.00     0.00 -1    -1e-30      0.00 7.556e-01 2.443e-01 2.201e-05 6.146e-06 5.515e-05 -1.000 1.303e-04 0.543 0.708 0.616 0.550 0.493 0.423 0.324 0.272 0.261
0.00012351 -2.10000 10.07918 0.7994990945 2.4185492992    0.741  1.691  3.9138  3.224    4  0.000  0.532     0.00     0.00 -1    -1e-30      0.00 7.556e-01 2.443e-01 2.201e-05 6.146e-06 5.515e-05 -1.000 1.304e-04 0.543 0.707 0.616 0.550 0.494 0.425 0.326 0.275 0.264
0.00012351 -2.10000 10.07918 0.7995503545 2.4185671806    0.741  1.691  3.9139  3.225    4  0.000  0.532     0.00     0.00 -1    -1e-30      0.00 7.556e-01 2.443e-01 2.201e-05 6.146e-06 5.515e-05 -1.000 1.303e-04 0.542 0.707 0.616 0.550 0.494 0.426 0.327 0.276 0.265
0.00012351 -2.10000 10.07918 0.7996011972 2.4185850620    0.741  1.691  3.9139  3.224    4  0.000  0.532     0.00     0.00 -1    -1e-30      0.00 7.556e-01 2.443e-01 2.201e-05 6.146e-06 5.515e-05 -1.000 1.303e-04 0.542 0.707 0.615 0.550 0.494 0.425 0.327 0.275 0.264
0.00012351 -2.10000 10.07918 0.7996487021 2.4186017513    0.741  1.691  3.9136  3.223    4  0.000  0.532     0.00     0.00 -1    -1e-30      0.00 7.556e-01 2.443e-01 2.201e-05 6.146e-06 5.515e-05 -1.000 1.304e-04 0.541 0.706 0.615 0.549 0.492 0.423 0.324 0.273 0.261
0.00012351 -2.10000 10.07918 0.7997000813 2.4186196327    0.741  1.692  3.9131  3.220    4  0.000  0.532     0.00     0.00 -1    -1e-30      0.00 7.556e-01 2.443e-01 2.201e-05 6.146e-06 5.515e-05 -1.000 1.304e-04 0.540 0.705 0.614 0.547 0.489 0.420 0.320 0.268 0.256
0.00012351 -2.10000 10.07918 0.7997473478 2.4186360836    0.741  1.693  3.9121  3.216    4  0.000  0.532     0.00     0.00 -1    -1e-30      0.00 7.556e-01 2.443e-01 2.201e-05 6.146e-06 5.515e-05 -1.000 1.303e-04 0.538 0.704 0.612 0.543 0.485 0.414 0.312 0.259 0.247
0.00012351 -2.10000 10.07918 0.7997952700 2.4186530113    0.741  1.694  3.9109  3.210    4  0.000  0.532     0.00     0.00 -1    -1e-30      0.00 7.556e-01 2.443e-01 2.201e-05 6.146e-06 5.515e-05 -1.000 1.303e-04 0.536 0.703 0.610 0.539 0.479 0.406 0.302 0.247 0.235
0.00012351 -2.10000 10.07918 0.7998455763 2.4186706543    0.741  1.695  3.9091  3.201    4  0.000  0.532     0.00     0.00 -1    -1e-30      0.00 7.556e-01 2.443e-01 2.201e-05 6.146e-06 5.515e-05 -1.000 1.304e-04 0.533 0.701 0.608 0.533 0.470 0.394 0.287 0.230 0.218
0.00012351 -2.10000 10.07918 0.7998979092 2.4186887741    0.742  1.697  3.9067  3.190    4  0.000  0.532     0.00     0.00 -1    -1e-30      0.00 7.556e-01 2.443e-01 2.201e-05 6.146e-06 5.515e-05 -1.000 1.303e-04 0.528 0.699 0.606 0.526 0.459 0.380 0.269 0.208 0.196
0.00012351 -2.10000 10.07918 0.7999467254 2.4187059402    0.742  1.699  3.9039  3.177    4  0.000  0.532     0.00     0.00 -1    -1e-30      0.00 7.556e-01 2.443e-01 2.201e-05 6.146e-06 5.515e-05 -1.000 1.303e-04 0.523 0.697 0.604 0.518 0.447 0.363 0.247 0.183 0.170
0.00012351 -2.10000 10.07918 0.7999952435 2.4187228680    0.742  1.701  3.9006  3.162    4  0.000  0.532     0.00     0.00 -1    -1e-30      0.00 7.556e-01 2.443e-01 2.201e-05 6.146e-06 5.515e-05 -1.000 1.303e-04 0.518 0.695 0.601 0.508 0.432 0.344 0.221 0.153 0.140
0.00012351 -2.10000 10.07918 0.8000463247 2.4187407494    0.742  1.704  3.8965  3.143    4  0.000  0.532     0.00     0.00 -1    -1e-30      0.00 7.556e-01 2.443e-01 2.201e-05 6.146e-06 5.515e-05 -1.000 1.304e-04 0.511 0.692 0.601 0.498 0.415 0.320 0.190 0.116 0.102
0.00012351 -2.10000 10.07918 0.8000944853 2.4187576771    0.742  1.707  3.8921  3.122    4  0.000  0.532     0.00     0.00 -1    -1e-30      0.00 7.556e-01 2.443e-01 2.201e-05 6.146e-06 5.515e-05 -1.000 1.303e-04 0.503 0.690 0.601 0.487 0.397 0.295 0.156 0.075 0.061
0.00012351 -2.10000 10.07918 0.8001428843 2.4187746048    0.742  1.710  3.8871  3.099    4  0.000  0.532     0.00     0.00 -1    -1e-30      0.00 7.556e-01 2.443e-01 2.201e-05 6.146e-06 5.515e-05 -1.000 1.304e-04 0.495 0.688 0.604 0.477 0.377 0.266 0.118 0.030 0.015
0.00012351 -2.10000 10.07918 0.8001927137 2.4187920094    0.742  1.714  3.8814  3.072    4  0.000  0.532     0.00     0.00 -1    -1e-30      0.00 7.556e-01 2.443e-01 2.201e-05 6.146e-06 5.515e-05 -1.000 1.304e-04 0.485 0.686 0.610 0.466 0.356 0.235 0.075 -0.023 -0.038
0.00012351 -2.10000 10.07918 0.8002438545 2.4188098907    0.742  1.719  3.8748  3.041    4  0.000  0.532     0.00     0.00 -1    -1e-30      0.00 7.556e-01 2.443e-01 2.201e-05 6.146e-06 5.515e-05 -1.000 1.303e-04 0.474 0.684 0.618 0.456 0.333 0.200 0.026 -0.083 -0.099
0.00012351 -2.10000 10.07918 0.8002914786 2.4188263416    0.742  1.723  3.8681  3.010    4  0.000  0.532     0.00     0.00 -1    -1e-30      0.00 7.556e-01 2.443e-01 2.201e-05 6.146e-06 5.515e-05 -1.000 1.304e-04 0.462 0.682 0.627 0.447 0.311 0.165 -0.023 -0.144 -0.161
0.00012351 -2.10000 10.07918 0.8002960086 2.4188280106    0.742  1.723  3.8675  3.007    4  0.000  0.532     0.00     0.00 -1    -1e-30      0.00 7.556e-01 2.443e-01 2.201e-05 6.146e-06 5.515e-05 -1.000 1.303e-04 0.461 0.682 0.628 0.446 0.309 0.162 -0.027 -0.150 -0.166
0.00012351 -2.10000 10.07918 0.8003041744 2.4188308716    0.742  1.724  3.8664  3.002    4  0.000  0.532     0.00     0.00 -1    -1e-30      0.00 7.556e-01 2.443e-01 2.201e-05 6.146e-06 5.515e-05 -1.000 1.303e-04 0.459 0.682 0.630 0.445 0.305 0.157 -0.035 -0.160 -0.177
0.00012351 -2.10000 10.07918 0.8003520966 2.4188475609    0.742  1.729  3.8596  2.970    4  0.000  0.532     0.00     0.00 -1    -1e-30      0.00 7.556e-01 2.443e-01 2.201e-05 6.146e-06 5.515e-05 -1.000 1.304e-04 0.448 0.680 0.640 0.437 0.284 0.123 -0.084 -0.222 -0.239
0.00012351 -2.10000 10.07918 0.8003988862 2.4188640118    0.742  1.734  3.8526  2.937    4  0.000  0.532     0.00     0.00 -1    -1e-30      0.00 7.556e-01 2.443e-01 2.201e-05 6.146e-06 5.515e-05 -1.000 1.304e-04 0.436 0.678 0.652 0.432 0.265 0.089 -0.133 -0.285 -0.304
0.00012351 -2.10000 10.07918 0.8004489541 2.4188814163    0.742  1.739  3.8446  2.900    4  0.000  0.532     0.00     0.00 -1    -1e-30      0.00 7.556e-01 2.443e-01 2.201e-05 6.146e-06 5.515e-05 -1.000 1.303e-04 0.422 0.678 0.666 0.426 0.243 0.052 -0.189 -0.358 -0.377
0.00012351 -2.10000 10.07918 0.8004965186 2.4188981056    0.742  1.745  3.8364  2.861    4  0.000  0.532     0.00     0.00 -1    -1e-30      0.00 7.556e-01 2.443e-01 2.201e-05 6.146e-06 5.515e-05 -1.000 1.304e-04 0.407 0.678 0.681 0.421 0.221 0.014 -0.245 -0.432 -0.452
0.00012351 -2.10000 10.07918 0.8005421162 2.4189140797    0.742  1.751  3.8286  2.824    4  0.000  0.532     0.00     0.00 -1    -1e-30      0.00 7.556e-01 2.443e-01 2.201e-05 6.146e-06 5.515e-05 -1.000 1.304e-04 0.393 0.678 0.696 0.415 0.200 -0.021 -0.299 -0.503 -0.525
0.00012351 -2.10000 10.07918 0.8005892038 2.4189305305    0.742  1.757  3.8205  2.786    4  0.000  0.532     0.00     0.00 -1    -1e-30      0.00 7.556e-01 2.443e-01 2.201e-05 6.146e-06 5.515e-05 -1.000 1.303e-04 0.378 0.681 0.713 0.411 0.179 -0.057 -0.355 -0.577 -0.600
0.00012351 -2.10000 10.07918 0.8006354570 2.4189465046    0.742  1.763  3.8127  2.748    4  0.000  0.532     0.00     0.00 -1    -1e-30      0.00 7.556e-01 2.443e-01 2.201e-05 6.146e-06 5.515e-05 -1.000 1.303e-04 0.362 0.684 0.728 0.406 0.159 -0.092 -0.408 -0.648 -0.673
0.00012351 -2.10000 10.07918 0.8006821275 2.4189629555    0.742  1.770  3.8054  2.713    4  0.000  0.532     0.00     0.00 -1    -1e-30      0.00 7.556e-01 2.443e-01 2.201e-05 6.146e-06 5.515e-05 -1.000 1.303e-04 0.346 0.687 0.746 0.401 0.139 -0.126 -0.460 -0.717 -0.743
0.00012351 -2.10000 10.07918 0.8007289171 2.4189791679    0.742  1.776  3.7986  2.679    4  0.000  0.532     0.00     0.00 -1    -1e-30      0.00 7.556e-01 2.443e-01 2.201e-05 6.146e-06 5.515e-05 -1.000 1.304e-04 0.329 0.690 0.761 0.396 0.120 -0.158 -0.509 -0.782 -0.810
0.00012351 -2.10000 10.07918 0.8007759452 2.4189956188    0.742  1.785  3.7910  2.640    4  0.000  0.532     0.00     0.00 -1    -1e-30      0.00 7.556e-01 2.443e-01 2.201e-05 6.146e-06 5.515e-05 -1.000 1.304e-04 0.308 0.692 0.776 0.388 0.096 -0.196 -0.566 -0.856 -0.888
0.00012351 -2.10000 10.07918 0.8007853627 2.4189989567    0.742  1.784  3.7907  2.640    4  0.000  0.532     0.00     0.00 -1    -1e-30      0.00 7.556e-01 2.443e-01 2.201e-05 6.146e-06 5.515e-05 -1.000 1.304e-04 0.311 0.697 0.781 0.392 0.099 -0.193 -0.565 -0.855 -0.887
0.00012351 -2.10000 10.07918 0.8008337021 2.4190158844    0.743  1.795  3.7828  2.597    4  0.000  0.532     0.00     0.00 -1    -1e-30      0.00 7.556e-01 2.443e-01 2.201e-05 6.146e-06 5.515e-05 -1.000 1.303e-04 0.283 0.695 0.791 0.377 0.069 -0.238 -0.629 -0.938 -0.973
0.00012351 -2.10000 10.07918 0.8008812666 2.4190323353    0.743  1.811  3.7738  2.545    4  0.000  0.532     0.00     0.00 -1    -1e-30      0.00 7.556e-01 2.443e-01 2.201e-05 6.146e-06 5.515e-05 -1.000 1.303e-04 0.243 0.693 0.795 0.354 0.027 -0.296 -0.710 -1.041 -1.079
0.00012351 -2.10000 10.07918 0.8009212613 2.4190464020    0.743  1.838  3.7625  2.473    4  0.000  0.532     0.00     0.00 -1    -1e-30      0.00 7.556e-01 2.443e-01 2.201e-05 6.146e-06 5.515e-05 -1.000 1.304e-04 0.176 0.679 0.787 0.309 -0.040 -0.384 -0.828 -1.186 -1.229
0.00012351 -2.10000 10.07918 0.8009429574 2.4190537930    0.743  1.869  3.7522  2.400    4  0.000  0.532     0.00     0.00 -1    -1e-30      0.00 7.556e-01 2.443e-01 2.201e-05 6.146e-06 5.515e-05 -1.000 1.304e-04 0.097 0.655 0.762 0.250 -0.119 -0.481 -0.952 -1.333 -1.382
0.00012351 -2.10000 10.07918 0.8009527326 2.4190573692    0.743  1.902  3.7437  2.334    4  0.000  0.532     0.00     0.00 -1    -1e-30      0.00 7.556e-01 2.443e-01 2.201e-05 6.146e-06 5.515e-05 -1.000 1.303e-04 0.015 0.625 0.727 0.186 -0.200 -0.577 -1.070 -1.469 -1.523
0.00012351 -2.10000 10.07918 0.8009571433 2.4190587997    0.743  1.936  3.7364  2.270    4  0.000  0.532     0.00     0.00 -1    -1e-30      0.00 7.556e-01 2.443e-01 2.201e-05 6.146e-06 5.515e-05 -1.000 1.303e-04 -0.071 0.592 0.682 0.116 -0.285 -0.675 -1.187 -1.602 -1.661
0.00012351 -2.10000 10.07918 0.8009592295 2.4190595150    0.743  1.970  3.7308  2.214    4  0.000  0.532     0.00     0.00 -1    -1e-30      0.00 7.556e-01 2.443e-01 2.201e-05 6.146e-06 5.515e-05 -1.000 1.303e-04 -0.154 0.555 0.632 0.044 -0.368 -0.768 -1.295 -1.722 -1.784
0.00012351 -2.10000 10.07918 0.8009600639 2.4190597534    0.743  1.991  3.7278  2.181    7  0.000  0.532     0.00     0.00 -1    -1e-30      0.00 7.556e-01 2.443e-01 2.201e-05 6.146e-06 5.515e-05 -1.000 1.304e-04 -0.208 0.529 0.596 -0.003 -0.421 -0.826 -1.361 -1.795 -1.859
0.00012351 -2.10000 10.07918 0.8009603024 2.4190599918    0.743  2.000  3.7267  2.167    7  0.000  0.532     0.00     0.00 -1    -1e-30      0.00 7.556e-01 2.443e-01 2.201e-05 6.146e-06 5.515e-05 -1.000 1.303e-04 -0.231 0.516 0.580 -0.023 -0.444 -0.851 -1.389 -1.825 -1.889
0.00012351 -2.10000 10.07918 0.8009612560 2.4190602303    0.743  2.040  3.7227  2.111    7  0.000  0.532     0.00     0.00 -1    -1e-30      0.00 7.556e-01 2.443e-01 2.201e-05 6.146e-06 5.515e-05 -1.000 1.304e-04 -0.331 0.454 0.505 -0.114 -0.543 -0.957 -1.506 -1.951 -2.017
0.00012351 -2.10000 10.07918 0.8009620905 2.4190604687    0.743  2.080  3.7192  2.058    7  0.000  0.532     0.00     0.00 -1    -1e-30      0.00 7.556e-01 2.443e-01 2.201e-05 6.146e-06 5.515e-05 -1.000 1.304e-04 -0.429 0.390 0.428 -0.204 -0.640 -1.061 -1.619 -2.072 -2.141
0.00012351 -2.10000 10.07918 0.8009629250 2.4190609455    0.743  2.116  3.7163  2.009    7  0.000  0.532     0.00     0.00 -1    -1e-30      0.00 7.556e-01 2.443e-01 2.201e-05 6.146e-06 5.515e-05 -1.000 1.303e-04 -0.521 0.331 0.357 -0.289 -0.731 -1.157 -1.723 -2.183 -2.253
0.00012351 -2.10000 10.07918 0.8009638190 2.4190611839    0.743  2.150  3.7139  1.966    7  0.000  0.532     0.00     0.00 -1    -1e-30      0.00 7.556e-01 2.443e-01 2.201e-05 6.146e-06 5.515e-05 -1.000 1.304e-04 -0.604 0.277 0.291 -0.366 -0.814 -1.244 -1.817 -2.282 -2.354
0.00012351 -2.10000 10.07918 0.8009651899 2.4190616608    0.743  2.171  3.7125  1.940    7  0.000  0.532     0.00     0.00 -1    -1e-30      0.00 7.556e-01 2.443e-01 2.201e-05 6.146e-06 5.515e-05 -1.000 1.303e-04 -0.658 0.240 0.246 -0.416 -0.867 -1.300 -1.877 -2.345 -2.417
0.00012351 -2.10000 10.07918 0.8009678125 2.4190626144    0.743  2.152  3.7140  1.965    7  0.000  0.532     0.00     0.00 -1    -1e-30      0.00 7.556e-01 2.443e-01 2.201e-05 6.146e-06 5.515e-05 -1.000 1.303e-04 -0.610 0.270 0.284 -0.372 -0.819 -1.249 -1.822 -2.286 -2.358
0.00012351 -2.10000 10.07918 0.8009841442 2.4190683365    0.743  2.141  3.7144  1.977    7  0.000  0.532     0.00     0.00 -1    -1e-30      0.00 7.556e-01 2.443e-01 2.201e-05 6.146e-06 5.515e-05 -1.000 1.303e-04 -0.583 0.291 0.308 -0.346 -0.792 -1.222 -1.794 -2.257 -2.329
0.00012351 -2.10000 10.07918 0.8009995818 2.4190735817    0.743  2.170  3.7121  1.939    7  0.000  0.532     0.00     0.00 -1    -1e-30      0.00 7.556e-01 2.443e-01 2.201e-05 6.146e-06 5.515e-05 -1.000 1.303e-04 -0.655 0.248 0.253 -0.411 -0.863 -1.297 -1.875 -2.344 -2.417
0.00012351 -2.10000 10.07918 0.8010182381 2.4190800190    0.743  2.216  3.7088  1.880    7  0.000  0.532     0.00     0.00 -1    -1e-30      0.00 7.556e-01 2.443e-01 2.201e-05 6.146e-06 5.515e-05 -1.000 1.304e-04 -0.771 0.173 0.161 -0.519 -0.978 -1.418 -2.005 -2.481 -2.556
0.00012351 -2.10000 10.07918 0.8010360599 2.4190864563    0.743  2.260  3.7059  1.824    7  0.000  0.532     0.00     0.00 -1    -1e-30      0.00 7.556e-01 2.443e-01 2.201e-05 6.146e-06 5.515e-05 -1.000 1.304e-04 -0.881 0.103 0.073 -0.621 -1.087 -1.532 -2.128 -2.610 -2.687
0.00012351 -2.10000 10.07918 0.8010525703 2.4190921783    0.743  2.304  3.7033  1.770    7  0.000  0.532     0.00     0.00 -1    -1e-30      0.00 7.556e-01 2.443e-01 2.201e-05 6.146e-06 5.515e-05 -1.000 1.303e-04 -0.990 0.032 -0.014 -0.722 -1.194 -1.644 -2.248 -2.737 -2.815
0.00012351 -2.10000 10.07918 0.8010672927 2.4190971851    0.743  2.346  3.7007  1.718    7  0.000  0.532     0.00     0.00 -1    -1e-30      0.00 7.556e-01 2.443e-01 2.200e-05 6.146e-06 5.515e-05 -1.000 1.297e-04 -1.095 -0.037 -0.099 -0.819 -1.298 -1.753 -2.364 -2.859 -2.938
0.00012351 -2.10000 10.07918 0.8010805249 2.4191019535    0.743  2.388  3.6983  1.666    7  0.000  0.532     0.00     0.00 -1    -1e-30      0.00 7.556e-01 2.443e-01 2.199e-05 6.149e-06 5.515e-05 -1.000 1.197e-04 -1.199 -0.104 -0.183 -0.916 -1.400 -1.860 -2.479 -2.979 -3.060
0.00012351 -2.10000 10.07918 0.8010919690 2.4191057682    0.743  2.429  3.6960  1.616    7  0.000  0.530     0.00     0.00 -1    -1e-30      0.00 7.556e-01 2.443e-01 2.193e-05 6.170e-06 5.515e-05 -1.000 1.229e-04 -1.302 -0.170 -0.265 -1.011 -1.501 -1.966 -2.591 -3.098 -3.179
0.00012351 -2.10000 10.07918 0.8011021614 2.4191093445    0.743  2.470  3.6936  1.566    7  0.000  0.525     0.00     0.00 -1    -1e-30      0.00 7.555e-01 2.443e-01 2.173e-05 6.315e-06 5.515e-05 -1.000 1.148e-04 -1.404 -0.236 -0.347 -1.105 -1.601 -2.070 -2.703 -3.215 -3.298
0.00012351 -2.10000 10.07918 0.8011114001 2.4191126823    0.743  2.511  3.6913  1.516    7  0.000  0.512     0.00     0.00 -1    -1e-30      0.00 7.554e-01 2.444e-01 2.125e-05 6.801e-06 5.516e-05 -1.000 1.274e-04 -1.507 -0.301 -0.429 -1.200 -1.701 -2.175 -2.814 -3.332 -3.416
0.00012351 -2.10000 10.07918 0.8011197448 2.4191155434    0.743  2.551  3.6891  1.466    7  0.000  0.496     0.00     0.00 -1    -1e-30      0.00 7.553e-01 2.445e-01 2.061e-05 7.547e-06 5.517e-05 -1.000 1.305e-04 -1.608 -0.364 -0.508 -1.293 -1.800 -2.279 -2.925 -3.449 -3.534
0.00012351 -2.10000 10.07918 0.8011274934 2.4191181660    0.743  2.592  3.6868  1.416    7  0.000  0.481     0.00     0.00 -1    -1e-30      0.00 7.552e-01 2.447e-01 2.000e-05 8.306e-06 5.518e-05 -1.000 1.304e-04 -1.710 -0.422 -0.586 -1.385 -1.898 -2.382 -3.036 -3.565 -3.652
0.00012351 -2.10000 10.07918 0.8011346459 2.4191207886    0.743  2.632  3.6845  1.367    7  0.000  0.468     0.00     0.00 -1    -1e-30      0.00 7.550e-01 2.449e-01 1.945e-05 8.982e-06 5.519e-05 -1.000 1.242e-04 -1.811 -0.466 -0.659 -1.477 -1.998 -2.486 -3.147 -3.682 -3.769
0.00012351 -2.10000 10.07918 0.8011414409 2.4191231728    0.743  2.673  3.6823  1.317    7  0.000  0.456     0.00     0.00 -1    -1e-30      0.00 7.548e-01 2.451e-01 1.898e-05 9.560e-06 5.520e-05 -1.000 1.208e-04 -1.912 -0.493 -0.726 -1.569 -2.098 -2.592 -3.260 -3.800 -3.887
0.00012351 -2.10000 10.07918 0.8011479378 2.4191253185    0.743  2.713  3.6800  1.268    7  0.000  0.446     0.00     0.00 -1    -1e-30      0.00 7.545e-01 2.453e-01 1.857e-05 1.007e-05 5.520e-05 -1.000 1.304e-04 -2.012 -0.514 -0.790 -1.660 -2.198 -2.697 -3.372 -3.918 -4.005
0.00012351 -2.10000 10.07918 0.8011541367 2.4191274643    0.743  2.753  3.6777  1.219    7  0.000  0.438     0.00     0.00 -1    -1e-30      0.00 7.543e-01 2.455e-01 1.822e-05 1.050e-05 5.519e-05 -1.000 1.304e-04 -2.113 -0.525 -0.849 -1.749 -2.297 -2.802 -3.484 -4.035 -4.122
0.00012351 -2.10000 10.07918 0.8011599779 2.4191296101    0.743  2.794  3.6754  1.169    7  0.000  0.430     0.00     0.00 -1    -1e-30      0.00 7.541e-01 2.458e-01 1.790e-05 1.089e-05 5.517e-05 -1.000 1.305e-04 -2.215 -0.529 -0.905 -1.838 -2.397 -2.908 -3.598 -4.155 -4.241
0.00012351 -2.10000 10.07918 0.8011651039 2.4191312790    0.743  2.835  3.6730  1.118    7  0.000  0.424     0.00     0.00 -1    -1e-30      0.00 7.538e-01 2.460e-01 1.763e-05 1.123e-05 5.512e-05 -1.000 1.304e-04 -2.319 -0.526 -0.959 -1.927 -2.498 -3.016 -3.714 -4.277 -4.363
0.00012351 -2.10000 10.07918 0.8011693358 2.4191327095    0.743  2.876  3.6706  1.067    7  0.000  0.419     0.00     0.00 -1    -1e-30      0.00 7.536e-01 2.463e-01 1.741e-05 1.153e-05 5.504e-05 -1.000 1.304e-04 -2.420 -0.514 -1.007 -2.013 -2.597 -3.123 -3.828 -4.397 -4.482
0.00012351 -2.10000 10.07918 0.8011730909 2.4191341400    0.743  2.917  3.6682  1.017    7  0.000  0.415     0.00     0.00 -1    -1e-30      0.00 7.533e-01 2.465e-01 1.721e-05 1.182e-05 5.493e-05 -1.000 1.262e-04 -2.523 -0.491 -1.051 -2.098 -2.696 -3.229 -3.944 -4.519 -4.603
0.00012351 -2.10000 10.07918 0.8011763692 2.4191353321    0.743  2.957  3.6658  0.967    7  0.000  0.412     0.00     0.00 -1    -1e-30      0.00 7.531e-01 2.468e-01 1.704e-05 1.211e-05 5.479e-05 -1.000 1.132e-04 -2.623 -0.453 -1.085 -2.177 -2.792 -3.334 -4.057 -4.638 -4.722
0.00012351 -2.10000 10.07918 0.8011797667 2.4191365242    0.743  2.998  3.6633  0.916    7  0.000  0.411     0.00     0.00 -1    -1e-30      0.00 7.529e-01 2.470e-01 1.691e-05 1.237e-05 5.463e-05 -1.000 1.304e-04 -2.726 -0.398 -1.111 -2.256 -2.889 -3.441 -4.174 -4.761 -4.844
0.00012351 -2.10000 10.07918 0.8011828661 2.4191374779    0.743  3.043  3.6605  0.860    7  0.000  0.409     0.00     0.00 -1    -1e-30      0.00 7.526e-01 2.472e-01 1.680e-05 1.263e-05 5.446e-05 -1.000 1.305e-04 -2.837 -0.327 -1.132 -2.337 -2.993 -3.556 -4.300 -4.893 -4.975
0.00012351 -2.10000 10.07918 0.8011842966 2.4191379547    0.743  3.066  3.6591  0.831    7  0.000  0.408     0.00     0.00 -1    -1e-30      0.00 7.524e-01 2.474e-01 1.672e-05 1.285e-05 5.431e-05 -1.000 1.305e-04 -2.895 -0.282 -1.139 -2.378 -3.047 -3.617 -4.367 -4.963 -5.045
0.00012351 -2.10000 10.07918 0.8011847138 2.4191381931    0.743  3.052  3.6599  0.849    7  0.000  0.408     0.00     0.00 -1    -1e-30      0.00 7.524e-01 2.475e-01 1.669e-05 1.296e-05 5.423e-05 -1.000 1.304e-04 -2.860 -0.308 -1.135 -2.354 -3.015 -3.581 -4.327 -4.922 -5.004
0.00012351 -2.10000 10.07918 0.8011848330 2.4191381931    0.743  3.050  3.6601  0.851    7  0.000  0.408     0.00     0.00 -1    -1e-30      0.00 7.523e-01 2.475e-01 1.668e-05 1.297e-05 5.423e-05 -1.000 1.304e-04 -2.855 -0.312 -1.134 -2.350 -3.010 -3.575 -4.320 -4.915 -4.997
0.00012351 -2.10000 10.07918 0.8011848927 2.4191381931    0.743  3.051  3.6600  0.850    7  0.000  0.408     0.00     0.00 -1    -1e-30      0.00 7.523e-01 2.475e-01 1.668e-05 1.298e-05 5.422e-05 -1.000 1.304e-04 -2.857 -0.309 -1.134 -2.352 -3.012 -3.578 -4.324 -4.918 -5.000
0.00012351 -2.10000 10.07918 0.8011850119 2.4191381931    0.743  3.063  3.6592  0.835    7  0.000  0.408     0.00     0.00 -1    -1e-30      0.00 7.523e-01 2.475e-01 1.668e-05 1.298e-05 5.421e-05 -1.000 1.304e-04 -2.888 -0.287 -1.138 -2.373 -3.041 -3.610 -4.359 -4.955 -5.037
0.00012351 -2.10000 10.07918 0.8011850715 2.4191381931    0.743  3.071  3.6588  0.825    7  0.000  0.408     0.00     0.00 -1    -1e-30      0.00 7.523e-01 2.475e-01 1.668e-05 1.299e-05 5.421e-05 -1.000 1.304e-04 -2.908 -0.272 -1.141 -2.387 -3.059 -3.630 -4.381 -4.979 -5.060
0.00012351 -2.10000 10.07918 0.8011852503 2.4191384315    0.743  3.089  3.6576  0.803    7  0.000  0.408     0.00     0.00 -1    -1e-30      0.00 7.523e-01 2.475e-01 1.667e-05 1.301e-05 5.420e-05 -1.000 1.304e-04 -2.952 -0.245 -1.149 -2.418 -3.099 -3.675 -4.431 -5.032 -5.113
0.00012351 -2.10000 10.07918 0.8011854291 2.4191384315    0.743  3.116  3.6559  0.769    7  0.000  0.407     0.00     0.00 -1    -1e-30      0.00 7.521e-01 2.478e-01 1.659e-05 1.327e-05 5.400e-05 -1.000 1.304e-04 -3.020 -0.235 -1.174 -2.468 -3.159 -3.742 -4.505 -5.111 -5.193
0.00012351 -2.10000 10.07918 0.8011858463 2.4191386700    0.743  3.170  3.6523  0.700    7  0.000  0.407     0.00     0.00 -1    -1e-30      0.00 7.517e-01 2.482e-01 1.646e-05 1.373e-05 5.367e-05 -1.000 1.304e-04 -3.155 -0.206 -1.218 -2.565 -3.279 -3.877 -4.656 -5.271 -5.354
0.00012351 -2.10000 10.07918 0.8011863828 2.4191386700    0.743  3.226  3.6485  0.629    7  0.549  0.406     0.00     0.00 -1    -1e-30      0.00 7.512e-01 2.486e-01 1.628e-05 1.434e-05 5.321e-05 -1.000 1.304e-04 -3.294 -0.170 -1.260 -2.662 -3.401 -4.014 -4.810 -5.436 -5.521
0.00012351 -2.10000 10.07918 0.8011866808 2.4191389084    0.743  3.414  3.6091  0.283    8  0.549  0.390    92.83    44.33  1  -1.3e-06      0.00 7.290e-01 2.706e-01 6.375e-05 5.931e-05 2.177e-04 -1.000 3.690e-04 -3.766 0.915 -0.766 -2.621 -3.610 -4.385 -5.385 -6.153 -6.263
0.00012351 -2.10000 10.07918 0.8011867404 2.4191389084    0.743  3.289  3.6166  0.438    8  0.549  0.390    66.38    33.16  1 -7.32e-07      0.00 7.290e-01 2.706e-01 6.375e-05 5.931e-05 2.177e-04 -1.000 3.690e-04 -3.451 0.829 -0.716 -2.450 -3.365 -4.095 -5.048 -5.790 -5.894
0.00012351 -2.10000 10.07918 0.8011868000 2.4191389084    0.742  3.144  3.6298  0.636    8  0.549  0.390    43.38    22.95  1 -3.71e-07      0.00 7.290e-01 2.706e-01 6.375e-05 5.931e-05 2.177e-04 -1.000 3.690e-04 -3.090 0.581 -0.728 -2.284 -3.101 -3.769 -4.650 -5.344 -5.439
0.00012351 -2.10000 10.07918 0.8011869192 2.4191389084    0.741  2.926  3.6496  0.932    8  0.549  0.390    22.89    13.19  1 -1.28e-07      0.00 7.290e-01 2.706e-01 6.375e-05 5.931e-05 2.177e-04 -1.000 3.690e-04 -2.545 0.271 -0.666 -1.966 -2.662 -3.253 -4.040 -4.670 -4.756
0.00012351 -2.10000 10.07918 0.8011871576 2.4191389084    0.740  2.931  3.6491  0.924    8  0.549  0.390    23.28    13.37  1 -1.32e-07      0.00 7.290e-01 2.706e-01 6.375e-05 5.931e-05 2.177e-04 -1.000 3.690e-04 -2.558 0.280 -0.667 -1.973 -2.672 -3.265 -4.055 -4.686 -4.772
0.00012351 -2.10000 10.07918 0.8011873960 2.4191391468    0.738  3.004  3.6424  0.824    8  0.550  0.390    28.92    16.11  1 -1.91e-07      0.00 7.290e-01 2.706e-01 6.375e-05 5.931e-05 2.177e-04 -1.000 3.690e-04 -2.740 0.374 -0.695 -2.086 -2.823 -3.440 -4.259 -4.912 -5.001
0.00012351 -2.10000 10.07918 0.8011876941 2.4191391468    0.736  3.159  3.6282  0.611    8  0.550  0.390    45.79    23.92  1 -4.08e-07      0.00 7.290e-01 2.706e-01 6.375e-05 5.931e-05 2.177e-04 -1.000 3.690e-04 -3.127 0.615 -0.723 -2.300 -3.128 -3.803 -4.691 -5.391 -5.487
0.00012351 -2.10000 10.07918 0.8011880517 2.4191393852    0.734  3.299  3.6154  0.419    8  0.550  0.390    69.41    34.21  1 -7.96e-07      0.00 7.290e-01 2.706e-01 6.375e-05 5.931e-05 2.177e-04 -1.000 3.690e-04 -3.477 0.860 -0.704 -2.456 -3.380 -4.117 -5.076 -5.823 -5.928
0.00012351 -2.10000 10.07918 0.8011884689 2.4191393852    0.731  3.392  3.6068  0.289    8  0.551  0.390    91.86    43.48  1 -1.24e-06      0.00 7.290e-01 2.706e-01 6.375e-05 5.931e-05 2.177e-04 -1.000 3.690e-04 -3.711 1.033 -0.670 -2.538 -3.537 -4.319 -5.332 -6.110 -6.222
0.00012351 -2.10000 10.07918 0.8011889458 2.4191396236    0.728  3.444  3.6020  0.216    8  0.551  0.390   107.52    49.68  1 -1.59e-06      0.00 7.290e-01 2.706e-01 6.375e-05 5.931e-05 2.177e-04 -1.000 3.690e-04 -3.840 1.137 -0.641 -2.575 -3.618 -4.428 -5.472 -6.269 -6.386
0.00012351 -2.10000 10.07918 0.8011894822 2.4191398621    0.725  3.470  3.5996  0.178    8  0.552  0.390   116.87    53.23  1 -1.82e-06      0.00 7.290e-01 2.706e-01 6.375e-05 5.931e-05 2.177e-04 -1.000 3.690e-04 -3.906 1.193 -0.623 -2.591 -3.658 -4.483 -5.543 -6.350 -6.469
0.00012351 -2.10000 10.07918 0.8011900187 2.4191401005    0.721  3.487  3.5984  0.154    8  0.552  0.390   123.06    55.46  0 -1.99e-06      0.00 7.290e-01 2.706e-01 6.375e-05 5.931e-05 2.177e-04 -1.000 3.690e-04 -3.948 1.215 -0.621 -2.608 -3.686 -4.520 -5.588 -6.399 -6.520
0.00012351 -2.10000 10.07918 0.8011921644 2.4191408157    0.554 -9.999  4.0000  1.705    9  0.554  0.000     0.00     0.00 -1    -1e-30      0.00 7.290e-01 2.706e-01 6.375e-05 5.931e-05 2.177e-04 -1.000 3.690e-04 29.767 29.806 30.052 30.102 30.095 30.085 30.128 30.123 30.138
#isochrone terminated
