# File generated by CMD 3.3 (http://stev.oapd.inaf.it/cmd) on Fri Nov 20 18:02:12 CET 2020
# isochrones based on PARSEC release v1.2S +  COLIBRI S_35
# Basic references: Bressan et al. (2012), MNRAS, 427, 127 + Chen et al. (2014, 2015), MNRAS, 444, 2525 + MNRAS, 452, 1068 + Tang et al. (2014), MNRAS, 445, 4287 + Marigo et al. (2017), ApJ, 835, 77 + Pastorelli al. (2019), MNRAS in press
# Thermal pulse cycles included 
# On RGB, assumed Reimers mass loss with efficiency eta=0.2
# Photometric system: JWST NIRCam wide+verywide+medium filters, Vegamags
# Using OBC version of bolometric corrections as detailed in Marigo et al. (2008, A&A 482, 883) and Girardi et al. (2008, PASP 120, 583
# O-rich circumstellar dpmod60alox40 dust from Groenewegen (2006)
# C-rich circumstellar AMCSIC15 dust from Groenewegen (2006)
# IMF: Kroupa (2001, 2002) + Kroupa et al. (2013) canonical two-part-power law IMF corrected for unresolved binaries 
# Kind of output: isochrone tables
# Zini     MH   logAge Mini        int_IMF         Mass   logL    logTe  logg  label   McoreTP C_O  period0 period1 pmode  Mloss  tau1m   X   Y   Xc  Xn  Xo  Cexcess  Z 	 mbolmag  F070Wmag  F090Wmag  F115Wmag  F150Wmag  F200Wmag  F277Wmag  F356Wmag  F444Wmag  F150W2mag  F322W2mag  F140Mmag  F162Mmag  F182Mmag  F210Mmag  F250Mmag  F300Mmag  F335Mmag  F360Mmag  F410Mmag  F430Mmag  F460Mmag  F480Mmag  F150WS60mag
3.9069e-05 -2.19174 10.14301 0.1000000015 1.1711064577    0.100 -2.778  3.5591  5.405    1  0.000  0.545     0.00     0.00 -1 -8.31e-19      0.00 7.444e-01 2.555e-01 1.798e-05 4.851e-06 4.400e-05 -1.000 1.001e-04 11.716 11.568 10.771 10.195 9.616 9.347 9.194 8.992 8.932 9.716 9.103 9.745 9.443 9.384 9.306 9.247 9.149 9.031 8.965 8.911 8.918 8.963 8.923 9.542
3.9069e-05 -2.19174 10.14301 0.1098214313 1.2482755184    0.109 -2.630  3.5743  5.356    1  0.000  0.545     0.00     0.00 -1 -7.27e-18      0.00 7.423e-01 2.576e-01 1.798e-05 4.851e-06 4.400e-05 -1.000 1.000e-04 11.344 11.132 10.396 9.849 9.286 9.016 8.871 8.683 8.625 9.382 8.786 9.412 9.117 9.052 8.978 8.921 8.830 8.721 8.658 8.605 8.612 8.652 8.619 9.213
3.9069e-05 -2.19174 10.14301 0.1294642836 1.3786746264    0.129 -2.387  3.5968  5.275    1  0.000  0.545     0.00     0.00 -1 -3.31e-16      0.00 7.389e-01 2.610e-01 1.798e-05 4.851e-06 4.400e-05 -1.000 1.001e-04 10.737 10.411 9.761 9.269 8.737 8.515 8.390 8.195 8.135 8.843 8.302 8.858 8.581 8.539 8.487 8.437 8.354 8.229 8.170 8.122 8.122 8.150 8.136 8.671
3.9069e-05 -2.19174 10.14301 0.1491071582 1.4855960608    0.149 -2.222  3.6081  5.217    1  0.000  0.545     0.00     0.00 -1 -8.31e-18      0.00 7.369e-01 2.630e-01 1.798e-05 4.851e-06 4.400e-05 -1.000 1.000e-04 10.325 9.980 9.359 8.887 8.361 8.124 7.999 7.836 7.783 8.461 7.926 8.482 8.203 8.149 8.097 8.042 7.966 7.864 7.816 7.773 7.772 7.794 7.782 8.293
3.9069e-05 -2.19174 10.14301 0.1687500030 1.5756140947    0.168 -2.095  3.6154  5.172    1  0.000  0.545     0.00     0.00 -1 -3.32e-17      0.00 7.361e-01 2.638e-01 1.798e-05 4.851e-06 4.400e-05 -1.000 9.993e-05 10.008 9.652 9.048 8.589 8.067 7.820 7.692 7.552 7.504 8.163 7.630 8.188 7.908 7.846 7.792 7.733 7.662 7.577 7.535 7.495 7.494 7.513 7.501 7.999
3.9069e-05 -2.19174 10.14301 0.2080357224 1.7204496861    0.207 -1.893  3.6263  5.104    1  0.000  0.545     0.00     0.00 -1 -1.04e-16      0.00 7.359e-01 2.640e-01 1.798e-05 4.851e-06 4.400e-05 -1.000 9.996e-05 9.501 9.129 8.551 8.111 7.596 7.338 7.204 7.097 7.055 7.686 7.157 7.716 7.439 7.366 7.309 7.241 7.176 7.116 7.085 7.050 7.048 7.061 7.050 7.529
3.9069e-05 -2.19174 10.14301 0.2571428716 1.8581268787    0.257 -1.706  3.6364  5.051    1  0.000  0.545     0.00     0.00 -1 -2.58e-17      0.00 7.362e-01 2.637e-01 1.798e-05 4.852e-06 4.400e-05 -1.000 1.001e-04 9.035 8.645 8.091 7.669 7.169 6.914 6.783 6.691 6.653 7.257 6.742 7.286 7.016 6.942 6.886 6.817 6.756 6.707 6.681 6.649 6.647 6.656 6.646 7.103
3.9069e-05 -2.19174 10.14301 0.3062500358 1.9652637243    0.306 -1.562  3.6448  5.016    1  0.000  0.544     0.00     0.00 -1 -5.56e-18      0.00 7.360e-01 2.639e-01 1.797e-05 4.852e-06 4.400e-05 -1.000 1.001e-04 8.674 8.270 7.735 7.329 6.841 6.592 6.462 6.382 6.346 6.927 6.427 6.955 6.693 6.619 6.564 6.494 6.437 6.396 6.373 6.344 6.341 6.347 6.338 6.778
3.9069e-05 -2.19174 10.14301 0.3553571701 2.0521113873    0.355 -1.439  3.6528  4.990    1  0.000  0.544     0.00     0.00 -1 -5.78e-16      0.00 7.371e-01 2.628e-01 1.796e-05 4.853e-06 4.400e-05 -1.000 1.002e-04 8.367 7.950 7.434 7.042 6.566 6.322 6.196 6.124 6.091 6.651 6.164 6.676 6.421 6.349 6.295 6.226 6.172 6.137 6.116 6.090 6.087 6.090 6.083 6.504
3.9069e-05 -2.19174 10.14301 0.4044643044 2.1246092319    0.404 -1.315  3.6613  4.956    1  0.000  0.545     0.00     0.00 -1 -1.34e-16      0.00 7.500e-01 2.499e-01 1.798e-05 4.851e-06 4.400e-05 -1.000 1.000e-04 8.057 7.632 7.135 6.756 6.291 6.055 5.934 5.871 5.839 6.376 5.906 6.398 6.149 6.080 6.030 5.963 5.913 5.882 5.863 5.839 5.836 5.837 5.831 6.230
3.9069e-05 -2.19174 10.14301 0.4535714388 2.1864814758    0.453 -1.166  3.6748  4.911    1  0.000  0.545     0.00     0.00 -1 -4.46e-15      0.00 7.507e-01 2.492e-01 1.798e-05 4.851e-06 4.400e-05 -1.000 9.999e-05 7.684 7.250 6.783 6.424 5.974 5.753 5.643 5.589 5.561 6.061 5.619 6.078 5.837 5.775 5.731 5.669 5.624 5.599 5.583 5.562 5.558 5.558 5.553 5.915
3.9069e-05 -2.19174 10.14301 0.5026785731 2.2401986122    0.503 -0.998  3.6899  4.848    1  0.000  0.545     0.00     0.00 -1 -6.71e-15      0.00 7.529e-01 2.470e-01 1.784e-05 4.813e-06 4.366e-05 -1.000 1.000e-04 7.264 6.826 6.391 6.054 5.617 5.414 5.317 5.273 5.248 5.706 5.298 5.717 5.487 5.432 5.394 5.340 5.301 5.281 5.268 5.250 5.246 5.243 5.241 5.561
3.9069e-05 -2.19174 10.14301 0.5517857671 2.2851314545    0.551 -0.787  3.7100  4.759    1  0.000  0.544     0.00     0.00 -1 -9.32e-15      0.00 7.905e-01 2.094e-01 1.529e-05 4.130e-06 3.748e-05 -1.000 9.994e-05 6.738 6.309 5.914 5.602 5.183 5.002 4.923 4.891 4.871 5.274 4.909 5.278 5.060 5.016 4.986 4.941 4.911 4.897 4.887 4.873 4.871 4.864 4.866 5.130
3.9069e-05 -2.19174 10.14301 0.6008928418 2.3217256069    0.600 -0.569  3.7362  4.682    1  0.000  0.543     0.00     0.00 -1 -1.99e-14      0.00 8.053e-01 1.946e-01 1.433e-05 3.872e-06 3.516e-05 -1.000 9.881e-05 6.192 5.793 5.445 5.164 4.769 4.616 4.559 4.541 4.528 4.863 4.551 4.858 4.657 4.625 4.605 4.571 4.553 4.545 4.539 4.530 4.528 4.521 4.526 4.721
3.9069e-05 -2.19174 10.14301 0.6022340655 2.3226292133    0.602 -0.563  3.7371  4.680    1  0.000  0.543     0.00     0.00 -1 -2.02e-14      0.00 8.058e-01 1.941e-01 1.429e-05 3.863e-06 3.508e-05 -1.000 9.653e-05 6.177 5.778 5.432 5.152 4.758 4.605 4.549 4.531 4.518 4.852 4.541 4.846 4.646 4.614 4.594 4.561 4.543 4.535 4.529 4.520 4.518 4.512 4.517 4.709
3.9069e-05 -2.19174 10.14301 0.6114439368 2.3287110329    0.611 -0.519  3.7427  4.666    1  0.000  0.543     0.00     0.00 -1 -2.26e-14      0.00 8.094e-01 1.905e-01 1.407e-05 3.803e-06 3.454e-05 -1.000 7.635e-05 6.067 5.677 5.340 5.067 4.678 4.531 4.480 4.465 4.453 4.772 4.473 4.765 4.568 4.539 4.521 4.491 4.475 4.468 4.463 4.455 4.453 4.447 4.451 4.631
3.9069e-05 -2.19174 10.14301 0.6222963333 2.3356127739    0.622 -0.466  3.7493  4.647    1  0.000  0.543     0.00     0.00 -1 -3.26e-23      0.00 8.138e-01 1.861e-01 1.379e-05 3.727e-06 3.385e-05 -1.000 8.091e-05 5.935 5.556 5.231 4.965 4.583 4.443 4.397 4.384 4.374 4.677 4.391 4.668 4.476 4.450 4.434 4.406 4.393 4.387 4.383 4.375 4.374 4.368 4.373 4.537
3.9069e-05 -2.19174 10.14301 0.6319193840 2.3415050507    0.632 -0.419  3.7551  4.630    1  0.000  0.543     0.00     0.00 -1 -4.92e-20      0.00 8.180e-01 1.820e-01 1.352e-05 3.656e-06 3.322e-05 -1.000 3.049e-05 5.817 5.447 5.132 4.873 4.496 4.362 4.321 4.310 4.301 4.591 4.316 4.579 4.392 4.368 4.354 4.329 4.318 4.313 4.309 4.302 4.301 4.296 4.300 4.451
3.9069e-05 -2.19174 10.14301 0.6411698461 2.3469779491    0.641 -0.372  3.7606  4.612    1  0.000  0.542     0.00     0.00 -1 -5.17e-17      0.00 8.221e-01 1.778e-01 1.325e-05 3.585e-06 3.258e-05 -1.000 1.711e-05 5.701 5.341 5.034 4.782 4.412 4.283 4.245 4.237 4.229 4.506 4.242 4.493 4.310 4.289 4.276 4.253 4.243 4.239 4.236 4.229 4.229 4.224 4.228 4.368
3.9069e-05 -2.19174 10.14301 0.6499798298 2.3520240784    0.650 -0.328  3.7657  4.593    1  0.000  0.542     0.00     0.00 -1 -3.64e-14      0.00 8.263e-01 1.737e-01 1.299e-05 3.513e-06 3.194e-05 -1.000 4.373e-05 5.589 5.237 4.939 4.692 4.328 4.205 4.171 4.164 4.157 4.423 4.168 4.408 4.229 4.210 4.198 4.178 4.170 4.166 4.163 4.157 4.157 4.152 4.156 4.285
3.9069e-05 -2.19174 10.14301 0.6499999762 2.3520355225    0.650 -0.328  3.7657  4.593    1  0.000  0.542     0.00     0.00 -1 -3.69e-14      0.00 8.262e-01 1.737e-01 1.298e-05 3.513e-06 3.194e-05 -1.000 9.997e-05 5.589 5.237 4.939 4.692 4.328 4.205 4.171 4.164 4.157 4.423 4.168 4.408 4.229 4.210 4.198 4.178 4.170 4.166 4.163 4.157 4.157 4.152 4.156 4.285
3.9069e-05 -2.19174 10.14301 0.6506932974 2.3524258137    0.650 -0.324  3.7661  4.591    1  0.000  0.542     0.00     0.00 -1 -3.73e-14      0.00 8.266e-01 1.733e-01 1.295e-05 3.506e-06 3.187e-05 -1.000 9.997e-05 5.580 5.229 4.931 4.685 4.321 4.199 4.165 4.158 4.151 4.416 4.162 4.401 4.222 4.203 4.192 4.171 4.164 4.161 4.157 4.151 4.151 4.146 4.150 4.279
3.9069e-05 -2.19174 10.14301 0.6596059203 2.3573608398    0.659 -0.277  3.7711  4.570    1  0.000  0.542     0.00     0.00 -1 -4.23e-14      0.00 8.321e-01 1.678e-01 1.261e-05 3.413e-06 3.104e-05 -1.000 1.000e-04 5.462 5.120 4.830 4.590 4.232 4.115 4.084 4.079 4.072 4.327 4.082 4.310 4.135 4.119 4.109 4.090 4.084 4.081 4.078 4.073 4.072 4.068 4.072 4.191
3.9069e-05 -2.19174 10.14301 0.6675151587 2.3616132736    0.667 -0.233  3.7755  4.550    1  0.000  0.541     0.00     0.00 -1 -1.04e-24      0.00 8.372e-01 1.627e-01 1.228e-05 3.325e-06 3.025e-05 -1.000 7.530e-05 5.354 5.019 4.737 4.502 4.150 4.037 4.009 4.005 3.998 4.244 4.007 4.226 4.055 4.040 4.032 4.014 4.009 4.007 4.004 3.999 3.998 3.994 3.998 4.109
3.9069e-05 -2.19174 10.14301 0.6751780510 2.3656244278    0.675 -0.190  3.7798  4.528    1  0.000  0.541     0.00     0.00 -1 -4.12e-22      0.00 8.424e-01 1.575e-01 1.194e-05 3.236e-06 2.945e-05 -1.000 5.175e-05 5.244 4.917 4.642 4.412 4.065 3.957 3.932 3.928 3.922 4.159 3.930 4.140 3.972 3.960 3.953 3.936 3.932 3.930 3.927 3.923 3.922 3.918 3.922 4.025
3.9069e-05 -2.19174 10.14301 0.6842480898 2.3702387810    0.684 -0.135  3.7848  4.500    1  0.000  0.540     0.00     0.00 -1 -4.65e-19      0.00 8.487e-01 1.512e-01 1.154e-05 3.128e-06 2.848e-05 -1.000 6.905e-05 5.109 4.790 4.523 4.299 3.960 3.857 3.833 3.832 3.826 4.053 3.833 4.033 3.870 3.859 3.853 3.837 3.835 3.833 3.831 3.827 3.826 3.822 3.826 3.921
3.9069e-05 -2.19174 10.14301 0.6925990582 2.3743648529    0.692 -0.082  3.7895  4.470    1  0.000  0.539     0.00     0.00 -1 -2.88e-16      0.00 8.545e-01 1.454e-01 1.118e-05 3.032e-06 2.763e-05 -1.000 9.091e-05 4.975 4.664 4.405 4.186 3.855 3.756 3.735 3.734 3.728 3.947 3.734 3.926 3.768 3.758 3.753 3.738 3.736 3.735 3.733 3.729 3.728 3.724 3.728 3.817
3.9069e-05 -2.19174 10.14301 0.6999999881 2.3779268265    0.700 -0.032  3.7935  4.441    1  0.000  0.539     0.00     0.00 -1 -8.36e-14      0.00 8.595e-01 1.404e-01 1.087e-05 2.952e-06 2.691e-05 -1.000 4.412e-05 4.850 4.545 4.292 4.078 3.754 3.659 3.639 3.639 3.633 3.846 3.639 3.823 3.669 3.661 3.656 3.642 3.641 3.640 3.638 3.634 3.633 3.629 3.633 3.718
3.9069e-05 -2.19174 10.14301 0.7037488222 2.3796982765    0.703 -0.006  3.7954  4.424    1  0.000  0.538     0.00     0.00 -1 -9.01e-14      0.00 8.612e-01 1.388e-01 1.078e-05 2.931e-06 2.673e-05 -1.000 7.808e-06 4.784 4.482 4.233 4.021 3.700 3.607 3.588 3.588 3.582 3.791 3.588 3.768 3.617 3.609 3.604 3.591 3.590 3.589 3.587 3.583 3.582 3.578 3.582 3.664
3.9069e-05 -2.19174 10.14301 0.7104424238 2.3828079700    0.710  0.045  3.7987  4.391    1  0.000  0.536     0.00     0.00 -1 -2.79e-14      0.00 8.639e-01 1.360e-01 1.064e-05 2.898e-06 2.645e-05 -1.000 9.996e-05 4.658 4.361 4.117 3.910 3.595 3.505 3.487 3.487 3.481 3.685 3.487 3.661 3.514 3.507 3.502 3.490 3.489 3.488 3.486 3.482 3.481 3.477 3.481 3.560
3.9069e-05 -2.19174 10.14301 0.7171344161 2.3858499527    0.717  0.099  3.8019  4.354    1  0.000  0.535     0.00     0.00 -1 -1.68e-23      0.00 8.664e-01 1.335e-01 1.051e-05 2.870e-06 2.621e-05 -1.000 9.999e-05 4.522 4.229 3.990 3.787 3.478 3.391 3.375 3.374 3.369 3.567 3.374 3.542 3.399 3.393 3.388 3.377 3.377 3.375 3.373 3.369 3.369 3.365 3.369 3.444
3.9069e-05 -2.19174 10.14301 0.7248644233 2.3892838955    0.724  0.169  3.8053  4.303    1  0.000  0.533     0.00     0.00 -1 -5.28e-22      0.00 8.687e-01 1.312e-01 1.040e-05 2.847e-06 2.601e-05 -1.000 7.583e-05 4.349 4.060 3.827 3.628 3.326 3.242 3.227 3.226 3.221 3.414 3.227 3.388 3.249 3.244 3.239 3.229 3.229 3.228 3.225 3.221 3.221 3.217 3.221 3.292
3.9069e-05 -2.19174 10.14301 0.7320871949 2.3924171925    0.731  0.241  3.8081  4.245    1  0.000  0.532     0.00     0.00 -1 -1.79e-19      0.00 8.702e-01 1.297e-01 1.033e-05 2.835e-06 2.591e-05 -1.000 7.673e-05 4.167 3.881 3.654 3.458 3.161 3.081 3.066 3.065 3.060 3.248 3.066 3.221 3.087 3.082 3.078 3.068 3.068 3.067 3.064 3.060 3.060 3.056 3.060 3.128
3.9069e-05 -2.19174 10.14301 0.7371669412 2.3945784569    0.736  0.298  3.8095  4.198    1  0.000  0.531     0.00     0.00 -1 -1.09e-17      0.00 8.710e-01 1.289e-01 1.030e-05 2.829e-06 2.588e-05 -1.000 1.001e-04 4.026 3.742 3.517 3.323 3.029 2.950 2.935 2.935 2.930 3.116 2.935 3.089 2.956 2.951 2.947 2.938 2.937 2.936 2.934 2.930 2.930 2.926 2.930 2.997
3.9069e-05 -2.19174 10.14301 0.7415758371 2.3964266777    0.741  0.351  3.8101  4.149    1  0.000  0.530     0.00     0.00 -1 -3.95e-16      0.00 8.713e-01 1.286e-01 1.030e-05 2.831e-06 2.591e-05 -1.000 1.000e-04 3.892 3.608 3.384 3.191 2.899 2.820 2.806 2.805 2.800 2.985 2.806 2.958 2.826 2.822 2.817 2.808 2.808 2.807 2.804 2.800 2.800 2.796 2.800 2.867
3.9069e-05 -2.19174 10.14301 0.7426022887 2.3968534470    0.742  0.364  3.8101  4.137    1  0.000  0.530     0.00     0.00 -1 -9.14e-16      0.00 8.713e-01 1.286e-01 1.030e-05 2.832e-06 2.592e-05 -1.000 9.997e-05 3.860 3.576 3.352 3.159 2.867 2.788 2.774 2.773 2.768 2.953 2.774 2.926 2.794 2.790 2.785 2.776 2.776 2.775 2.772 2.768 2.768 2.764 2.768 2.835
3.9069e-05 -2.19174 10.14301 0.7439209819 2.3973996639    0.743  0.383  3.8097  4.117    1  0.000  0.529     0.00     0.00 -1 -2.71e-15      0.00 8.714e-01 1.285e-01 1.030e-05 2.834e-06 2.593e-05 -1.000 1.001e-04 3.813 3.528 3.304 3.110 2.817 2.738 2.724 2.723 2.718 2.904 2.724 2.877 2.745 2.740 2.735 2.726 2.726 2.725 2.722 2.718 2.718 2.714 2.718 2.785
3.9069e-05 -2.19174 10.14301 0.7474982142 2.3988702297    0.746  0.437  3.8075  4.056    1  0.000  0.529     0.00     0.00 -1 -5.26e-14      0.00 8.715e-01 1.284e-01 1.030e-05 2.837e-06 2.597e-05 -1.000 1.000e-04 3.678 3.388 3.161 2.964 2.668 2.587 2.572 2.571 2.566 2.755 2.572 2.728 2.594 2.588 2.584 2.575 2.574 2.573 2.570 2.566 2.566 2.562 2.566 2.636
3.9069e-05 -2.19174 10.14301 0.7499966025 2.3998875618    0.749  0.479  3.8046  4.003    1  0.000  0.528     0.00     0.00 -1 -4.33e-13      0.00 8.716e-01 1.283e-01 1.030e-05 2.839e-06 2.599e-05 -1.000 1.001e-04 3.572 3.277 3.045 2.845 2.543 2.460 2.444 2.443 2.438 2.631 2.444 2.605 2.468 2.461 2.457 2.447 2.446 2.445 2.442 2.438 2.438 2.434 2.438 2.510
3.9069e-05 -2.19174 10.14301 0.7500000000 2.3998889923    0.749  0.479  3.8046  4.003    1  0.000  0.528     0.00     0.00 -1 -4.34e-13      0.00 8.716e-01 1.283e-01 1.030e-05 2.839e-06 2.599e-05 -1.000 9.997e-05 3.571 3.277 3.045 2.845 2.543 2.460 2.444 2.443 2.438 2.631 2.444 2.605 2.468 2.461 2.457 2.447 2.446 2.445 2.442 2.438 2.438 2.434 2.438 2.510
3.9069e-05 -2.19174 10.14301 0.7505418658 2.4001085758    0.749  0.489  3.8039  3.992    1  0.000  0.528     0.00     0.00 -1  -4.5e-13      0.00 8.714e-01 1.285e-01 1.031e-05 2.843e-06 2.603e-05 -1.000 1.000e-04 3.548 3.253 3.020 2.818 2.516 2.432 2.416 2.415 2.410 2.604 2.416 2.578 2.440 2.433 2.429 2.419 2.418 2.417 2.414 2.410 2.410 2.405 2.409 2.483
3.9069e-05 -2.19174 10.14301 0.7510848641 2.4003283978    0.750  0.500  3.8029  3.977    2  0.000  0.528     0.00     0.00 -1 -4.69e-13      0.00 8.713e-01 1.286e-01 1.033e-05 2.847e-06 2.606e-05 -1.000 9.999e-05 3.521 3.223 2.989 2.786 2.482 2.397 2.381 2.379 2.374 2.570 2.380 2.544 2.405 2.398 2.394 2.384 2.383 2.381 2.379 2.374 2.374 2.370 2.374 2.448
3.9069e-05 -2.19174 10.14301 0.7529114485 2.4010648727    0.752  0.540  3.7977  3.917    2  0.000  0.528     0.00     0.00 -1 -5.49e-13      0.00 8.707e-01 1.292e-01 1.037e-05 2.860e-06 2.618e-05 -1.000 1.000e-04 3.419 3.114 2.871 2.662 2.348 2.259 2.241 2.240 2.234 2.438 2.241 2.413 2.268 2.260 2.256 2.245 2.243 2.242 2.239 2.235 2.234 2.230 2.234 2.313
3.9069e-05 -2.19174 10.14301 0.7543097138 2.4016258717    0.753  0.577  3.7913  3.855    2  0.000  0.528     0.00     0.00 -1 -6.41e-13      0.00 8.703e-01 1.296e-01 1.041e-05 2.869e-06 2.627e-05 -1.000 1.001e-04 3.327 3.013 2.759 2.542 2.216 2.121 2.102 2.100 2.094 2.308 2.101 2.284 2.132 2.122 2.118 2.106 2.104 2.102 2.100 2.095 2.094 2.089 2.093 2.180
3.9069e-05 -2.19174 10.14301 0.7554052472 2.4020638466    0.754  0.611  3.7838  3.791    2  0.000  0.528     0.00     0.00 -1 -7.45e-13      0.00 8.699e-01 1.300e-01 1.044e-05 2.877e-06 2.634e-05 -1.000 9.984e-05 3.242 2.917 2.652 2.424 2.085 1.982 1.962 1.959 1.952 2.178 1.960 2.157 1.995 1.983 1.978 1.965 1.962 1.961 1.958 1.953 1.952 1.948 1.952 2.046
3.9069e-05 -2.19174 10.14301 0.7562887669 2.4024159908    0.755  0.643  3.7759  3.729    2  0.000  0.529     0.00     0.00 -1  -8.6e-13      0.00 8.599e-01 1.400e-01 1.113e-05 3.066e-06 2.806e-05 -1.000 2.432e-05 3.164 2.829 2.550 2.312 1.958 1.847 1.825 1.822 1.814 2.053 1.823 2.034 1.863 1.849 1.844 1.829 1.825 1.824 1.821 1.815 1.814 1.810 1.814 1.917
3.9069e-05 -2.19174 10.14301 0.7570301294 2.4027106762    0.756  0.673  3.7686  3.670    2  0.000  0.531     0.00     0.00 -1 -9.86e-13      0.00 8.327e-01 1.672e-01 1.284e-05 3.530e-06 3.223e-05 -1.000 6.744e-05 3.089 2.745 2.453 2.206 1.838 1.720 1.695 1.691 1.684 1.936 1.693 1.918 1.738 1.723 1.716 1.700 1.695 1.693 1.690 1.685 1.684 1.679 1.683 1.794
3.9069e-05 -2.19174 10.14301 0.7576842904 2.4029700756    0.756  0.704  3.7615  3.610    2  0.000  0.534     0.00     0.00 -1 -1.14e-12      0.00 8.082e-01 1.917e-01 1.431e-05 3.924e-06 3.576e-05 -1.000 9.093e-05 3.009 2.658 2.354 2.097 1.716 1.590 1.564 1.559 1.551 1.815 1.561 1.800 1.611 1.593 1.586 1.569 1.563 1.561 1.558 1.552 1.551 1.546 1.550 1.670
3.9069e-05 -2.19174 10.14301 0.7582647204 2.4031999111    0.757  0.739  3.7553  3.551    2  0.000  0.535     0.00     0.00 -1 -1.32e-12      0.00 7.926e-01 2.073e-01 1.523e-05 4.170e-06 3.796e-05 -1.000 9.802e-05 2.922 2.564 2.250 1.984 1.591 1.459 1.431 1.425 1.417 1.692 1.428 1.678 1.482 1.462 1.454 1.437 1.430 1.427 1.424 1.418 1.417 1.412 1.416 1.544
3.9069e-05 -2.19174 10.14301 0.7588396072 2.4034271240    0.757  0.783  3.7499  3.486    2  0.000  0.536     0.00     0.00 -1 -1.57e-12      0.00 7.831e-01 2.168e-01 1.579e-05 4.321e-06 3.930e-05 -1.000 9.994e-05 2.813 2.450 2.126 1.852 1.450 1.312 1.282 1.275 1.267 1.552 1.279 1.540 1.337 1.315 1.307 1.288 1.281 1.278 1.274 1.268 1.267 1.262 1.266 1.401
3.9069e-05 -2.19174 10.14301 0.7592934370 2.4036061764    0.758  0.824  3.7464  3.431    2  0.000  0.536     0.00     0.00 -1 -1.83e-12      0.00 7.781e-01 2.218e-01 1.608e-05 4.398e-06 3.999e-05 -1.000 9.999e-05 2.711 2.344 2.014 1.735 1.327 1.186 1.154 1.147 1.138 1.429 1.151 1.419 1.212 1.189 1.180 1.161 1.153 1.149 1.146 1.139 1.138 1.133 1.137 1.277
3.9069e-05 -2.19174 10.14301 0.7596036792 2.4037284851    0.758  0.854  3.7443  3.393    2  0.000  0.536     0.00     0.00 -1 -2.06e-12      0.00 7.755e-01 2.244e-01 1.623e-05 4.438e-06 4.035e-05 -1.000 9.999e-05 2.635 2.265 1.932 1.650 1.238 1.095 1.062 1.055 1.046 1.341 1.059 1.331 1.122 1.099 1.089 1.069 1.061 1.057 1.054 1.047 1.046 1.041 1.045 1.188
3.9069e-05 -2.19174 10.14301 0.7598825097 2.4038383961    0.758  0.884  3.7427  3.357    3  0.000  0.536     0.00     0.00 -1  -2.3e-12      0.00 7.737e-01 2.262e-01 1.633e-05 4.465e-06 4.059e-05 -1.000 1.000e-04 2.561 2.190 1.853 1.570 1.155 1.009 0.977 0.969 0.960 1.258 0.973 1.248 1.037 1.013 1.003 0.983 0.975 0.972 0.968 0.961 0.960 0.955 0.959 1.104
3.9069e-05 -2.19174 10.14301 0.7602481246 2.4039821625    0.758  0.925  3.7408  3.309    3  0.000  0.537     0.00     0.00 -1 -2.66e-12      0.00 7.716e-01 2.283e-01 1.644e-05 4.494e-06 4.086e-05 -1.000 9.054e-05 2.459 2.085 1.746 1.459 1.041 0.893 0.860 0.852 0.843 1.144 0.857 1.136 0.921 0.898 0.887 0.867 0.859 0.855 0.851 0.844 0.843 0.838 0.842 0.989
3.9069e-05 -2.19174 10.14301 0.7606164217 2.4041268826    0.759  0.968  3.7390  3.258    3  0.000  0.537     0.00     0.00 -1 -3.12e-12      0.00 7.697e-01 2.303e-01 1.653e-05 4.520e-06 4.108e-05 -1.000 8.941e-06 2.350 1.975 1.632 1.343 0.921 0.772 0.738 0.730 0.721 1.025 0.735 1.017 0.800 0.776 0.766 0.745 0.737 0.733 0.729 0.722 0.721 0.716 0.720 0.869
3.9069e-05 -2.19174 10.14301 0.7609692216 2.4042654037    0.759  1.012  3.7375  3.208    3  0.000  0.537     0.00     0.00 -1 -3.66e-12      0.00 7.680e-01 2.319e-01 1.661e-05 4.540e-06 4.127e-05 -1.000 9.915e-05 2.239 1.863 1.517 1.226 0.801 0.650 0.617 0.608 0.599 0.905 0.613 0.898 0.679 0.655 0.644 0.624 0.615 0.611 0.607 0.600 0.599 0.594 0.598 0.748
3.9069e-05 -2.19174 10.14301 0.7613441348 2.4044125080    0.759  1.062  3.7358  3.151    3  0.000  0.537     0.00     0.00 -1 -4.37e-12      0.00 7.664e-01 2.335e-01 1.667e-05 4.558e-06 4.144e-05 -1.000 9.999e-05 2.114 1.736 1.388 1.094 0.666 0.513 0.479 0.471 0.461 0.770 0.475 0.764 0.543 0.517 0.507 0.487 0.478 0.474 0.470 0.463 0.461 0.456 0.460 0.612
3.9069e-05 -2.19174 10.14301 0.7616587877 2.4045357704    0.759  1.107  3.7344  3.101    3  0.000  0.537     0.00     0.00 -1 -5.15e-12      0.00 7.650e-01 2.349e-01 1.673e-05 4.572e-06 4.156e-05 -1.000 1.000e-04 2.002 1.623 1.272 0.976 0.544 0.390 0.356 0.347 0.337 0.649 0.352 0.643 0.420 0.394 0.384 0.363 0.354 0.350 0.346 0.339 0.338 0.332 0.336 0.491
3.9069e-05 -2.19174 10.14301 0.7619770169 2.4046602249    0.760  1.157  3.7329  3.046    3  0.000  0.537     0.00     0.00 -1 -6.14e-12      0.00 7.638e-01 2.361e-01 1.677e-05 4.584e-06 4.166e-05 -1.000 8.744e-05 1.879 1.499 1.145 0.847 0.412 0.256 0.222 0.213 0.203 0.517 0.218 0.512 0.287 0.261 0.251 0.230 0.221 0.216 0.212 0.205 0.204 0.198 0.202 0.358
3.9069e-05 -2.19174 10.14301 0.7622893453 2.4047822952    0.760  1.209  3.7314  2.987    3  0.000  0.537     0.00     0.00 -1 -7.41e-12      0.00 7.626e-01 2.374e-01 1.681e-05 4.596e-06 4.177e-05 -1.000 9.035e-05 1.747 1.366 1.009 0.709 0.270 0.113 0.079 0.070 0.060 0.376 0.075 0.371 0.144 0.118 0.108 0.087 0.077 0.073 0.069 0.062 0.060 0.054 0.058 0.216
3.9069e-05 -2.19174 10.14301 0.7625413537 2.4048807621    0.760  1.256  3.7299  2.935    3  0.000  0.536     0.00     0.00 -1 -8.77e-12      0.00 7.617e-01 2.382e-01 1.683e-05 4.604e-06 4.183e-05 -1.000 9.853e-05 1.631 1.248 0.889 0.586 0.145 -0.014 -0.048 -0.058 -0.068 0.251 -0.053 0.247 0.018 -0.009 -0.019 -0.041 -0.050 -0.055 -0.059 -0.066 -0.067 -0.073 -0.069 0.090
3.9069e-05 -2.19174 10.14301 0.7627844810 2.4049756527    0.760  1.305  3.7285  2.880    3  0.000  0.537     0.00     0.00 -1 -1.05e-11      0.00 7.608e-01 2.391e-01 1.685e-05 4.611e-06 4.189e-05 -1.000 1.000e-04 1.508 1.124 0.762 0.457 0.013 -0.147 -0.181 -0.191 -0.201 0.120 -0.186 0.116 -0.115 -0.142 -0.153 -0.174 -0.184 -0.188 -0.192 -0.199 -0.201 -0.207 -0.203 -0.042
3.9069e-05 -2.19174 10.14301 0.7630028725 2.4050610065    0.760  1.353  3.7271  2.826    3  0.000  0.536     0.00     0.00 -1 -1.24e-11      0.00 7.600e-01 2.399e-01 1.686e-05 4.619e-06 4.194e-05 -1.000 9.996e-05 1.388 1.002 0.637 0.331 -0.116 -0.278 -0.312 -0.323 -0.333 -0.009 -0.317 -0.013 -0.245 -0.273 -0.283 -0.305 -0.315 -0.320 -0.324 -0.331 -0.332 -0.339 -0.335 -0.171
3.9069e-05 -2.19174 10.14301 0.7632007599 2.4051380157    0.760  1.401  3.7256  2.772    3  0.000  0.536     0.00     0.00 -1 -1.47e-11      0.00 7.594e-01 2.405e-01 1.687e-05 4.626e-06 4.198e-05 -1.000 1.000e-04 1.268 0.881 0.514 0.205 -0.245 -0.408 -0.443 -0.454 -0.464 -0.138 -0.448 -0.140 -0.375 -0.403 -0.414 -0.435 -0.446 -0.451 -0.455 -0.462 -0.463 -0.469 -0.465 -0.300
3.9069e-05 -2.19174 10.14301 0.7633777857 2.4052069187    0.760  1.448  3.7241  2.720    3  0.000  0.536     0.00     0.00 -1 -1.75e-11      0.00 7.589e-01 2.410e-01 1.687e-05 4.631e-06 4.200e-05 -1.000 9.999e-05 1.151 0.763 0.392 0.081 -0.372 -0.536 -0.572 -0.582 -0.592 -0.264 -0.576 -0.266 -0.503 -0.532 -0.542 -0.564 -0.574 -0.579 -0.583 -0.590 -0.592 -0.598 -0.594 -0.428
3.9069e-05 -2.19174 10.14301 0.7635453343 2.4052722454    0.760  1.496  3.7226  2.665    3  0.000  0.535     0.00     0.00 -1 -2.08e-11      0.00 7.584e-01 2.415e-01 1.687e-05 4.637e-06 4.203e-05 -1.000 1.000e-04 1.029 0.640 0.267 -0.047 -0.503 -0.669 -0.705 -0.715 -0.726 -0.395 -0.709 -0.396 -0.635 -0.664 -0.675 -0.697 -0.707 -0.712 -0.717 -0.724 -0.726 -0.731 -0.728 -0.559
3.9069e-05 -2.19174 10.14301 0.7636941075 2.4053301811    0.760  1.544  3.7210  2.611    3  0.000  0.535     0.00     0.00 -1 -2.47e-11      0.00 7.581e-01 2.418e-01 1.687e-05 4.642e-06 4.204e-05 -1.000 1.000e-04 0.910 0.520 0.144 -0.172 -0.631 -0.799 -0.835 -0.846 -0.856 -0.523 -0.840 -0.524 -0.765 -0.794 -0.805 -0.827 -0.838 -0.843 -0.847 -0.854 -0.856 -0.862 -0.858 -0.688
3.9069e-05 -2.19174 10.14301 0.7638263106 2.4053816795    0.760  1.590  3.7195  2.558    3  0.000  0.535     0.00     0.00 -1 -2.92e-11      0.00 7.579e-01 2.420e-01 1.687e-05 4.646e-06 4.206e-05 -1.000 1.000e-04 0.794 0.403 0.024 -0.294 -0.756 -0.926 -0.963 -0.974 -0.984 -0.648 -0.967 -0.648 -0.891 -0.921 -0.932 -0.954 -0.965 -0.970 -0.975 -0.982 -0.984 -0.989 -0.986 -0.814
3.9069e-05 -2.19174 10.14301 0.7639461160 2.4054281712    0.760  1.636  3.7179  2.507    3  0.000  0.535     0.00     0.00 -1 -3.44e-11      0.00 7.578e-01 2.422e-01 1.687e-05 4.649e-06 4.206e-05 -1.000 2.851e-05 0.680 0.288 -0.094 -0.414 -0.880 -1.051 -1.088 -1.099 -1.110 -0.771 -1.093 -0.771 -1.016 -1.047 -1.058 -1.080 -1.091 -1.096 -1.101 -1.108 -1.110 -1.115 -1.112 -0.938
3.9069e-05 -2.19174 10.14301 0.7640584111 2.4054718018    0.760  1.683  3.7164  2.454    3  0.000  0.535     0.00     0.00 -1 -4.08e-11      0.00 7.576e-01 2.423e-01 1.686e-05 4.650e-06 4.207e-05 -1.000 1.000e-04 0.563 0.170 -0.215 -0.538 -1.006 -1.179 -1.217 -1.228 -1.238 -0.897 -1.221 -0.896 -1.144 -1.175 -1.186 -1.208 -1.219 -1.225 -1.229 -1.237 -1.238 -1.244 -1.241 -1.065
3.9069e-05 -2.19174 10.14301 0.7641575933 2.4055104256    0.760  1.728  3.7148  2.402    3  0.000  0.534     0.00     0.00 -1 -4.81e-11      0.00 7.576e-01 2.423e-01 1.686e-05 4.651e-06 4.207e-05 -1.000 1.001e-04 0.450 0.055 -0.332 -0.658 -1.129 -1.304 -1.342 -1.354 -1.364 -1.020 -1.347 -1.018 -1.268 -1.300 -1.311 -1.334 -1.345 -1.351 -1.355 -1.362 -1.364 -1.370 -1.366 -1.189
3.9069e-05 -2.19174 10.14301 0.7642492056 2.4055459499    0.759  1.774  3.7132  2.350    3  0.000  0.534     0.00     0.00 -1 -5.67e-11      0.00 7.576e-01 2.423e-01 1.686e-05 4.651e-06 4.207e-05 -1.000 1.001e-04 0.336 -0.060 -0.451 -0.779 -1.253 -1.429 -1.468 -1.479 -1.490 -1.143 -1.473 -1.141 -1.393 -1.425 -1.436 -1.459 -1.471 -1.476 -1.481 -1.489 -1.490 -1.496 -1.493 -1.313
3.9069e-05 -2.19174 10.14301 0.7643333077 2.4055786133    0.759  1.819  3.7116  2.298    3  0.000  0.534     0.00     0.00 -1 -6.68e-11      0.00 7.576e-01 2.423e-01 1.686e-05 4.651e-06 4.207e-05 -1.000 1.000e-04 0.222 -0.175 -0.569 -0.899 -1.377 -1.555 -1.594 -1.605 -1.617 -1.267 -1.599 -1.264 -1.517 -1.550 -1.562 -1.585 -1.596 -1.602 -1.607 -1.615 -1.617 -1.622 -1.619 -1.437
3.9069e-05 -2.19174 10.14301 0.7644079924 2.4056077003    0.759  1.863  3.7100  2.247    3  0.000  0.534     0.00     0.00 -1 -7.85e-11      0.00 7.576e-01 2.423e-01 1.686e-05 4.651e-06 4.207e-05 -1.000 1.001e-04 0.112 -0.286 -0.683 -1.016 -1.497 -1.677 -1.716 -1.728 -1.740 -1.387 -1.722 -1.383 -1.639 -1.672 -1.684 -1.708 -1.719 -1.725 -1.730 -1.738 -1.740 -1.745 -1.742 -1.558
3.9069e-05 -2.19174 10.14301 0.7644770741 2.4056344032    0.758  1.907  3.7084  2.196    3  0.000  0.534     0.00     0.00 -1 -9.21e-11      0.00 7.576e-01 2.423e-01 1.686e-05 4.652e-06 4.207e-05 -1.000 1.000e-04 0.002 -0.397 -0.798 -1.133 -1.617 -1.799 -1.838 -1.850 -1.862 -1.507 -1.844 -1.502 -1.760 -1.793 -1.806 -1.829 -1.841 -1.847 -1.852 -1.860 -1.862 -1.867 -1.864 -1.678
3.9069e-05 -2.19174 10.14301 0.7645434141 2.4056601524    0.758  1.953  3.7068  2.144    3  0.000  0.534     0.00     0.00 -1 -1.09e-10      0.00 7.576e-01 2.423e-01 1.686e-05 4.652e-06 4.207e-05 -1.000 1.000e-04 -0.113 -0.513 -0.917 -1.255 -1.742 -1.925 -1.965 -1.977 -1.989 -1.631 -1.971 -1.626 -1.886 -1.920 -1.932 -1.956 -1.968 -1.974 -1.979 -1.987 -1.989 -1.994 -1.991 -1.804
3.9069e-05 -2.19174 10.14301 0.7646002173 2.4056823254    0.758  1.996  3.7051  2.094    3  0.000  0.534     0.00     0.00 -1 -1.27e-10      0.00 7.576e-01 2.423e-01 1.686e-05 4.652e-06 4.207e-05 -1.000 1.000e-04 -0.220 -0.621 -1.028 -1.369 -1.859 -2.045 -2.085 -2.097 -2.109 -1.748 -2.091 -1.742 -2.005 -2.039 -2.052 -2.076 -2.088 -2.094 -2.099 -2.108 -2.109 -2.113 -2.111 -1.922
3.9069e-05 -2.19174 10.14301 0.7646527290 2.4057025909    0.757  2.039  3.7034  2.044    3  0.000  0.534     0.00     0.00 -1 -1.49e-10      0.00 7.576e-01 2.423e-01 1.686e-05 4.652e-06 4.207e-05 -1.000 1.000e-04 -0.327 -0.728 -1.139 -1.483 -1.976 -2.164 -2.204 -2.217 -2.228 -1.865 -2.210 -1.858 -2.124 -2.158 -2.171 -2.195 -2.208 -2.214 -2.219 -2.227 -2.229 -2.233 -2.230 -2.040
3.9069e-05 -2.19174 10.14301 0.7647029161 2.4057221413    0.757  2.083  3.7019  1.993    3  0.000  0.534     0.00     0.00 -1 -1.75e-10      0.00 7.576e-01 2.423e-01 1.687e-05 4.652e-06 4.208e-05 -1.000 9.993e-05 -0.438 -0.840 -1.254 -1.600 -2.097 -2.286 -2.327 -2.340 -2.351 -1.986 -2.333 -1.978 -2.246 -2.281 -2.294 -2.318 -2.330 -2.337 -2.342 -2.351 -2.352 -2.356 -2.353 -2.161
3.9069e-05 -2.19174 10.14301 0.7647467256 2.4057390690    0.756  2.125  3.7001  1.944    3  0.000  0.534     0.00     0.00 -1 -2.03e-10      0.00 7.576e-01 2.423e-01 1.687e-05 4.652e-06 4.208e-05 -1.000 1.000e-04 -0.542 -0.945 -1.363 -1.712 -2.212 -2.403 -2.444 -2.458 -2.469 -2.101 -2.450 -2.092 -2.362 -2.398 -2.411 -2.435 -2.448 -2.455 -2.460 -2.469 -2.470 -2.474 -2.471 -2.276
3.9069e-05 -2.19174 10.14301 0.7647877336 2.4057550430    0.756  2.167  3.6985  1.895    3  0.000  0.534     0.00     0.00 -1 -2.37e-10      0.00 7.576e-01 2.423e-01 1.687e-05 4.652e-06 4.208e-05 -1.000 1.000e-04 -0.648 -1.052 -1.473 -1.824 -2.328 -2.521 -2.563 -2.576 -2.588 -2.216 -2.569 -2.207 -2.479 -2.515 -2.528 -2.553 -2.566 -2.573 -2.578 -2.587 -2.588 -2.592 -2.590 -2.393
3.9069e-05 -2.19174 10.14301 0.7648304105 2.4057714939    0.755  2.210  3.6969  1.846    3  0.000  0.534     0.00     0.00 -1 -2.77e-10      0.00 7.576e-01 2.423e-01 1.687e-05 4.652e-06 4.208e-05 -1.000 1.000e-04 -0.755 -1.160 -1.584 -1.938 -2.445 -2.639 -2.681 -2.695 -2.707 -2.333 -2.687 -2.322 -2.597 -2.634 -2.647 -2.672 -2.685 -2.692 -2.697 -2.706 -2.707 -2.711 -2.709 -2.510
3.9069e-05 -2.19174 10.14301 0.7648777366 2.4057898521    0.754  2.240  3.6957  1.811    3  0.000  0.534     0.00     0.00 -1 -3.11e-10      0.00 7.576e-01 2.423e-01 1.687e-05 4.652e-06 4.208e-05 -1.000 1.000e-04 -0.830 -1.236 -1.663 -2.018 -2.527 -2.723 -2.766 -2.780 -2.791 -2.415 -2.772 -2.404 -2.681 -2.718 -2.731 -2.756 -2.770 -2.777 -2.782 -2.791 -2.792 -2.795 -2.793 -2.593
3.9069e-05 -2.19174 10.14301 0.7648938894 2.4057962894    0.754  2.237  3.6960  1.815    3  0.000  0.534     0.00     0.00 -1  -3.1e-10      0.00 7.576e-01 2.423e-01 1.687e-05 4.652e-06 4.208e-05 -1.000 1.000e-04 -0.822 -1.227 -1.653 -2.009 -2.517 -2.713 -2.755 -2.769 -2.780 -2.405 -2.761 -2.394 -2.670 -2.707 -2.720 -2.745 -2.759 -2.766 -2.771 -2.780 -2.781 -2.785 -2.783 -2.583
3.9069e-05 -2.19174 10.14301 0.7648990750 2.4057981968    0.754  2.243  3.6958  1.807    3  0.000  0.534     0.00     0.00 -1 -3.17e-10      0.00 7.576e-01 2.423e-01 1.687e-05 4.652e-06 4.208e-05 -1.000 9.999e-05 -0.838 -1.244 -1.671 -2.026 -2.535 -2.731 -2.774 -2.788 -2.799 -2.423 -2.780 -2.412 -2.689 -2.726 -2.739 -2.764 -2.778 -2.785 -2.790 -2.799 -2.800 -2.803 -2.801 -2.601
3.9069e-05 -2.19174 10.14301 0.7649275661 2.4058091640    0.753  2.283  3.6941  1.760    3  0.000  0.534     0.00     0.00 -1 -3.64e-10      0.00 7.576e-01 2.423e-01 1.687e-05 4.652e-06 4.208e-05 -1.000 1.000e-04 -0.939 -1.345 -1.775 -2.134 -2.646 -2.844 -2.887 -2.901 -2.912 -2.534 -2.893 -2.522 -2.801 -2.838 -2.852 -2.877 -2.891 -2.898 -2.903 -2.912 -2.913 -2.916 -2.914 -2.712
3.9069e-05 -2.19174 10.14301 0.7649562955 2.4058203697    0.753  2.327  3.6924  1.710    3  0.000  0.534     0.00     0.00 -1 -4.25e-10      0.00 7.576e-01 2.423e-01 1.687e-05 4.653e-06 4.208e-05 -1.000 9.996e-05 -1.046 -1.453 -1.887 -2.248 -2.763 -2.963 -3.007 -3.021 -3.032 -2.651 -3.013 -2.639 -2.920 -2.957 -2.971 -2.996 -3.011 -3.018 -3.023 -3.033 -3.033 -3.035 -3.034 -2.831
3.9069e-05 -2.19174 10.14301 0.7649807334 2.4058299065    0.752  2.365  3.6907  1.664    3  0.000  0.534     0.00     0.00 -1 -4.91e-10      0.00 7.576e-01 2.423e-01 1.687e-05 4.653e-06 4.208e-05 -1.000 1.000e-04 -1.144 -1.550 -1.989 -2.352 -2.871 -3.073 -3.117 -3.132 -3.143 -2.759 -3.124 -2.746 -3.029 -3.067 -3.081 -3.106 -3.122 -3.129 -3.134 -3.143 -3.144 -3.145 -3.144 -2.939
3.9069e-05 -2.19174 10.14301 0.7650048137 2.4058392048    0.751  2.406  3.6889  1.615    3  0.000  0.534     0.00     0.00 -1  -5.7e-10      0.00 7.575e-01 2.424e-01 1.687e-05 4.653e-06 4.208e-05 -1.000 1.001e-04 -1.246 -1.653 -2.095 -2.461 -2.984 -3.188 -3.233 -3.248 -3.258 -2.871 -3.239 -2.857 -3.143 -3.182 -3.196 -3.222 -3.237 -3.244 -3.250 -3.259 -3.259 -3.260 -3.259 -3.053
3.9069e-05 -2.19174 10.14301 0.7650272250 2.4058477879    0.750  2.447  3.6873  1.567    3  0.000  0.534     0.00     0.00 -1 -6.63e-10      0.00 7.575e-01 2.424e-01 1.687e-05 4.653e-06 4.208e-05 -1.000 9.999e-05 -1.348 -1.755 -2.201 -2.570 -3.097 -3.302 -3.347 -3.363 -3.373 -2.984 -3.354 -2.969 -3.257 -3.296 -3.311 -3.336 -3.352 -3.359 -3.365 -3.374 -3.374 -3.374 -3.374 -3.166
3.9069e-05 -2.19174 10.14301 0.7650468349 2.4058554173    0.750  2.486  3.6856  1.521    3  0.000  0.534     0.00     0.00 -1 -7.63e-10      0.00 7.575e-01 2.424e-01 1.687e-05 4.653e-06 4.208e-05 -1.000 9.999e-05 -1.444 -1.851 -2.301 -2.673 -3.203 -3.411 -3.457 -3.472 -3.482 -3.090 -3.463 -3.075 -3.365 -3.405 -3.419 -3.445 -3.461 -3.468 -3.474 -3.484 -3.483 -3.482 -3.482 -3.273
3.9069e-05 -2.19174 10.14301 0.7650663257 2.4058630466    0.749  2.526  3.6837  1.473    3  0.000  0.534     0.00     0.00 -1 -8.87e-10      0.00 7.575e-01 2.424e-01 1.687e-05 4.653e-06 4.208e-05 -1.000 9.999e-05 -1.546 -1.953 -2.408 -2.783 -3.317 -3.526 -3.572 -3.588 -3.598 -3.203 -3.579 -3.187 -3.480 -3.520 -3.535 -3.561 -3.577 -3.584 -3.590 -3.600 -3.599 -3.598 -3.598 -3.387
3.9069e-05 -2.19174 10.14301 0.7650835514 2.4058697224    0.748  2.565  3.6821  1.427    3  0.000  0.534     0.00     0.00 -1 -1.02e-09      0.00 7.575e-01 2.424e-01 1.687e-05 4.653e-06 4.208e-05 -1.000 9.999e-05 -1.643 -2.050 -2.509 -2.887 -3.424 -3.635 -3.682 -3.698 -3.707 -3.309 -3.689 -3.293 -3.588 -3.629 -3.644 -3.670 -3.687 -3.694 -3.700 -3.710 -3.709 -3.706 -3.707 -3.494
3.9069e-05 -2.19174 10.14301 0.7650997043 2.4058759212    0.746  2.604  3.6803  1.381    3  0.000  0.534     0.00     0.00 -1 -1.18e-09      0.00 7.575e-01 2.424e-01 1.687e-05 4.653e-06 4.208e-05 -1.000 9.999e-05 -1.739 -2.146 -2.609 -2.990 -3.531 -3.744 -3.791 -3.808 -3.816 -3.416 -3.798 -3.399 -3.696 -3.738 -3.753 -3.779 -3.797 -3.804 -3.810 -3.820 -3.819 -3.814 -3.816 -3.602
3.9069e-05 -2.19174 10.14301 0.7651150227 2.4058818817    0.745  2.643  3.6785  1.334    3  0.000  0.534     0.00     0.00 -1 -1.36e-09      0.00 7.575e-01 2.424e-01 1.687e-05 4.653e-06 4.208e-05 -1.000 1.000e-04 -1.836 -2.243 -2.710 -3.095 -3.639 -3.854 -3.902 -3.919 -3.927 -3.524 -3.910 -3.506 -3.806 -3.848 -3.863 -3.889 -3.908 -3.915 -3.921 -3.931 -3.930 -3.923 -3.925 -3.711
3.9069e-05 -2.19174 10.14301 0.7651315331 2.4058883190    0.744  2.688  3.6766  1.280    3  0.000  0.534     0.00     0.00 -1 -1.61e-09      0.00 7.575e-01 2.424e-01 1.687e-05 4.653e-06 4.208e-05 -1.000 1.000e-04 -1.950 -2.355 -2.828 -3.216 -3.764 -3.982 -4.030 -4.048 -4.055 -3.649 -4.038 -3.630 -3.932 -3.975 -3.991 -4.017 -4.036 -4.044 -4.050 -4.060 -4.058 -4.049 -4.052 -3.837
3.9069e-05 -2.19174 10.14301 0.7651448250 2.4058935642    0.742  2.727  3.6746  1.232    3  0.000  0.534     0.00     0.00 -1 -1.86e-09      0.00 7.575e-01 2.424e-01 1.687e-05 4.653e-06 4.208e-05 -1.000 1.001e-04 -2.048 -2.452 -2.930 -3.322 -3.874 -4.094 -4.142 -4.161 -4.167 -3.759 -4.151 -3.739 -4.044 -4.087 -4.103 -4.129 -4.149 -4.157 -4.163 -4.173 -4.171 -4.160 -4.163 -3.947
3.9069e-05 -2.19174 10.14301 0.7651585340 2.4058988094    0.741  2.770  3.6726  1.180    3  0.000  0.534     0.00     0.00 -1 -2.19e-09      0.00 7.575e-01 2.424e-01 1.687e-05 4.653e-06 4.208e-05 -1.000 9.999e-05 -2.156 -2.560 -3.043 -3.438 -3.995 -4.216 -4.265 -4.284 -4.289 -3.879 -4.274 -3.858 -4.165 -4.209 -4.226 -4.251 -4.272 -4.280 -4.286 -4.297 -4.294 -4.281 -4.285 -4.068
3.9069e-05 -2.19174 10.14301 0.7651697993 2.4059031010    0.739  2.809  3.6709  1.133    3  0.000  0.534     0.00     0.00 -1 -2.53e-09      0.00 7.575e-01 2.424e-01 1.687e-05 4.653e-06 4.208e-05 -1.000 9.999e-05 -2.252 -2.655 -3.143 -3.542 -4.102 -4.325 -4.375 -4.394 -4.398 -3.986 -4.383 -3.964 -4.274 -4.318 -4.335 -4.361 -4.382 -4.390 -4.396 -4.407 -4.404 -4.388 -4.393 -4.176
3.9069e-05 -2.19174 10.14301 0.7651813030 2.4059076309    0.737  2.850  3.6687  1.082    3  0.000  0.534     0.00     0.00 -1 -2.95e-09      0.00 7.575e-01 2.424e-01 1.687e-05 4.653e-06 4.208e-05 -1.000 1.000e-04 -2.355 -2.757 -3.251 -3.654 -4.219 -4.445 -4.495 -4.515 -4.518 -4.103 -4.504 -4.080 -4.393 -4.438 -4.455 -4.480 -4.502 -4.511 -4.517 -4.528 -4.524 -4.506 -4.512 -4.294
3.9069e-05 -2.19174 10.14301 0.7651908994 2.4059114456    0.735  2.887  3.6671  1.038    3  0.000  0.534     0.00     0.00 -1 -3.39e-09      0.00 7.575e-01 2.424e-01 1.687e-05 4.653e-06 4.208e-05 -1.000 1.000e-04 -2.447 -2.848 -3.347 -3.753 -4.322 -4.549 -4.599 -4.620 -4.622 -4.204 -4.608 -4.181 -4.496 -4.542 -4.559 -4.584 -4.607 -4.616 -4.622 -4.633 -4.628 -4.608 -4.614 -4.397
3.9069e-05 -2.19174 10.14301 0.7652009130 2.4059152603    0.733  2.928  3.6648  0.986    3  0.000  0.534     0.00     0.00 -1 -3.96e-09      0.00 7.575e-01 2.424e-01 1.687e-05 4.653e-06 4.208e-05 -1.000 1.000e-04 -2.551 -2.949 -3.454 -3.865 -4.438 -4.669 -4.719 -4.740 -4.741 -4.321 -4.729 -4.296 -4.615 -4.661 -4.679 -4.703 -4.727 -4.736 -4.742 -4.754 -4.749 -4.724 -4.731 -4.515
3.9069e-05 -2.19174 10.14301 0.7652111053 2.4059190750    0.730  2.973  3.6626  0.931    3  0.000  0.534     0.00     0.00 -1 -4.69e-09      0.00 7.575e-01 2.424e-01 1.687e-05 4.653e-06 4.208e-05 -1.000 1.000e-04 -2.663 -3.059 -3.571 -3.986 -4.565 -4.797 -4.848 -4.870 -4.869 -4.447 -4.858 -4.421 -4.742 -4.789 -4.807 -4.830 -4.857 -4.866 -4.872 -4.884 -4.878 -4.849 -4.858 -4.641
3.9069e-05 -2.19174 10.14301 0.7652193904 2.4059224129    0.727  3.012  3.6606  0.882    3  0.000  0.534     0.00     0.00 -1 -5.43e-09      0.00 7.575e-01 2.424e-01 1.687e-05 4.653e-06 4.208e-05 -1.000 9.999e-05 -2.760 -3.154 -3.673 -4.092 -4.675 -4.909 -4.961 -4.984 -4.981 -4.556 -4.971 -4.530 -4.854 -4.901 -4.920 -4.942 -4.970 -4.979 -4.986 -4.998 -4.991 -4.959 -4.969 -4.752
3.9069e-05 -2.19174 10.14301 0.7652264237 2.4059250355    0.725  3.048  3.6587  0.838    3  0.000  0.534     0.00     0.00 -1 -6.21e-09      0.00 7.575e-01 2.424e-01 1.687e-05 4.653e-06 4.208e-05 -1.000 1.000e-04 -2.849 -3.241 -3.765 -4.188 -4.775 -5.012 -5.063 -5.088 -5.084 -4.657 -5.074 -4.630 -4.955 -5.004 -5.022 -5.044 -5.074 -5.082 -5.090 -5.101 -5.094 -5.058 -5.069 -4.853
3.9069e-05 -2.19174 10.14301 0.7652337551 2.4059278965    0.722  3.086  3.6567  0.789    3  0.000  0.534     0.00     0.00 -1  -7.2e-09      0.00 7.575e-01 2.424e-01 1.687e-05 4.653e-06 4.208e-05 -1.000 1.000e-04 -2.946 -3.335 -3.866 -4.294 -4.884 -5.123 -5.175 -5.200 -5.195 -4.766 -5.186 -4.738 -5.066 -5.115 -5.134 -5.155 -5.186 -5.195 -5.203 -5.215 -5.207 -5.167 -5.179 -4.963
3.9069e-05 -2.19174 10.14301 0.7652412653 2.4059307575    0.718  3.128  3.6545  0.736    3  0.000  0.534     0.00     0.00 -1 -8.45e-09      0.00 7.575e-01 2.424e-01 1.687e-05 4.653e-06 4.208e-05 -1.000 1.000e-04 -3.051 -3.437 -3.976 -4.408 -5.003 -5.245 -5.297 -5.323 -5.316 -4.884 -5.309 -4.856 -5.186 -5.236 -5.256 -5.275 -5.309 -5.318 -5.326 -5.338 -5.329 -5.285 -5.299 -5.083
3.9069e-05 -2.19174 10.14301 0.7652475238 2.4059333801    0.714  3.166  3.6525  0.688    3  0.000  0.534     0.00     0.00 -1 -9.76e-09      0.00 7.575e-01 2.424e-01 1.687e-05 4.653e-06 4.208e-05 -1.000 1.000e-04 -3.144 -3.526 -4.072 -4.509 -5.109 -5.353 -5.405 -5.433 -5.424 -4.990 -5.417 -4.961 -5.293 -5.344 -5.364 -5.381 -5.418 -5.427 -5.435 -5.447 -5.438 -5.389 -5.404 -5.189
3.9069e-05 -2.19174 10.14301 0.7652538419 2.4059357643    0.710  3.205  3.6504  0.638    3  0.000  0.534     0.00     0.00 -1 -1.14e-08      0.00 7.575e-01 2.424e-01 1.687e-05 4.653e-06 4.208e-05 -1.000 1.000e-04 -3.242 -3.618 -4.172 -4.614 -5.220 -5.467 -5.518 -5.547 -5.537 -5.100 -5.531 -5.070 -5.406 -5.457 -5.478 -5.492 -5.532 -5.542 -5.550 -5.563 -5.552 -5.499 -5.515 -5.300
3.9069e-05 -2.19174 10.14301 0.7652597427 2.4059379101    0.706  3.241  3.6484  0.591    3  0.000  0.534     0.00     0.00 -1 -1.31e-08      0.00 7.575e-01 2.424e-01 1.687e-05 4.653e-06 4.208e-05 -1.000 9.997e-05 -3.333 -3.703 -4.265 -4.711 -5.323 -5.572 -5.623 -5.654 -5.642 -5.202 -5.636 -5.171 -5.510 -5.563 -5.584 -5.595 -5.639 -5.648 -5.656 -5.669 -5.658 -5.600 -5.617 -5.404
3.9069e-05 -2.19174 10.14301 0.7652614117 2.4059386253    0.704  3.251  3.6480  0.579    3  0.000  0.534     0.00     0.00 -1 -1.36e-08      0.00 7.575e-01 2.424e-01 1.687e-05 4.653e-06 4.208e-05 -1.000 9.999e-05 -3.356 -3.725 -4.289 -4.736 -5.349 -5.599 -5.649 -5.681 -5.668 -5.228 -5.663 -5.197 -5.536 -5.589 -5.610 -5.621 -5.665 -5.675 -5.683 -5.696 -5.685 -5.626 -5.643 -5.430
3.9069e-05 -2.19174 10.14301 0.7652614117 2.4059386253    0.704  1.617  4.0009  3.625    4  0.000  0.533     0.00     0.00 -1    -1e-30      0.00 7.562e-01 2.437e-01 1.688e-05 4.684e-06 4.222e-05 -1.000 1.000e-04 0.728 1.034 1.038 1.062 1.074 1.077 1.082 1.086 1.085 1.069 1.083 1.073 1.072 1.074 1.081 1.083 1.083 1.086 1.087 1.085 1.085 1.085 1.086 1.074
3.9069e-05 -2.19174 10.14301 0.7652627230 2.4059391022    0.704  1.627  3.9951  3.591    4  0.000  0.533     0.00     0.00 -1    -1e-30      0.00 7.562e-01 2.437e-01 1.688e-05 4.684e-06 4.222e-05 -1.000 1.001e-04 0.703 0.977 0.977 0.997 1.006 1.008 1.012 1.016 1.014 1.002 1.013 1.007 1.004 1.005 1.011 1.013 1.012 1.016 1.017 1.014 1.014 1.014 1.015 1.006
3.9069e-05 -2.19174 10.14301 0.7653038502 2.4059550762    0.704  1.644  3.9865  3.540    4  0.000  0.533     0.00     0.00 -1    -1e-30      0.00 7.562e-01 2.437e-01 1.688e-05 4.684e-06 4.222e-05 -1.000 1.000e-04 0.660 0.889 0.881 0.896 0.902 0.902 0.904 0.906 0.905 0.899 0.905 0.903 0.899 0.899 0.904 0.906 0.904 0.907 0.907 0.905 0.904 0.904 0.905 0.901
3.9069e-05 -2.19174 10.14301 0.7653460503 2.4059715271    0.704  1.645  3.9858  3.536    4  0.000  0.533     0.00     0.00 -1    -1e-30      0.00 7.562e-01 2.437e-01 1.688e-05 4.684e-06 4.222e-05 -1.000 9.994e-05 0.657 0.883 0.875 0.889 0.895 0.894 0.896 0.898 0.897 0.891 0.897 0.896 0.891 0.891 0.896 0.898 0.896 0.899 0.899 0.897 0.896 0.896 0.897 0.894
3.9069e-05 -2.19174 10.14301 0.7653889060 2.4059879780    0.704  1.645  3.9853  3.534    4  0.000  0.533     0.00     0.00 -1    -1e-30      0.00 7.562e-01 2.437e-01 1.688e-05 4.684e-06 4.222e-05 -1.000 9.999e-05 0.657 0.880 0.872 0.885 0.891 0.890 0.892 0.895 0.893 0.888 0.893 0.892 0.888 0.887 0.892 0.894 0.892 0.895 0.895 0.893 0.892 0.892 0.893 0.890
3.9069e-05 -2.19174 10.14301 0.7654328942 2.4060051441    0.704  1.645  3.9845  3.531    4  0.000  0.533     0.00     0.00 -1    -1e-30      0.00 7.562e-01 2.437e-01 1.688e-05 4.684e-06 4.222e-05 -1.000 1.000e-04 0.657 0.876 0.866 0.879 0.885 0.883 0.886 0.888 0.886 0.882 0.886 0.886 0.881 0.881 0.886 0.887 0.885 0.889 0.889 0.886 0.885 0.885 0.886 0.884
3.9069e-05 -2.19174 10.14301 0.7654767036 2.4060220718    0.705  1.646  3.9833  3.525    4  0.000  0.533     0.00     0.00 -1    -1e-30      0.00 7.562e-01 2.437e-01 1.688e-05 4.684e-06 4.222e-05 -1.000 1.000e-04 0.656 0.869 0.858 0.870 0.875 0.873 0.875 0.877 0.875 0.872 0.876 0.877 0.871 0.871 0.876 0.877 0.875 0.878 0.878 0.875 0.875 0.875 0.876 0.874
3.9069e-05 -2.19174 10.14301 0.7655210495 2.4060392380    0.705  1.647  3.9818  3.519    4  0.000  0.533     0.00     0.00 -1    -1e-30      0.00 7.562e-01 2.437e-01 1.688e-05 4.684e-06 4.222e-05 -1.000 1.000e-04 0.654 0.859 0.847 0.858 0.862 0.860 0.862 0.864 0.862 0.860 0.862 0.864 0.858 0.858 0.863 0.864 0.861 0.865 0.865 0.862 0.861 0.861 0.862 0.861
3.9069e-05 -2.19174 10.14301 0.7655656338 2.4060564041    0.705  1.648  3.9798  3.510    4  0.000  0.533     0.00     0.00 -1    -1e-30      0.00 7.562e-01 2.437e-01 1.688e-05 4.684e-06 4.222e-05 -1.000 1.000e-04 0.651 0.846 0.832 0.842 0.845 0.843 0.844 0.846 0.844 0.843 0.844 0.847 0.841 0.840 0.845 0.846 0.843 0.847 0.847 0.844 0.843 0.843 0.844 0.844
3.9069e-05 -2.19174 10.14301 0.7656108141 2.4060738087    0.705  1.649  3.9776  3.499    4  0.000  0.533     0.00     0.00 -1    -1e-30      0.00 7.562e-01 2.437e-01 1.688e-05 4.684e-06 4.222e-05 -1.000 1.001e-04 0.647 0.831 0.815 0.823 0.826 0.822 0.824 0.825 0.823 0.824 0.824 0.828 0.821 0.820 0.824 0.826 0.823 0.826 0.826 0.823 0.822 0.822 0.823 0.825
3.9069e-05 -2.19174 10.14301 0.7656536102 2.4060904980    0.705  1.651  3.9751  3.488    4  0.000  0.533     0.00     0.00 -1    -1e-30      0.00 7.562e-01 2.437e-01 1.688e-05 4.684e-06 4.222e-05 -1.000 1.000e-04 0.643 0.814 0.796 0.802 0.804 0.799 0.800 0.801 0.799 0.802 0.800 0.806 0.798 0.797 0.801 0.802 0.799 0.802 0.802 0.799 0.798 0.798 0.799 0.802
3.9069e-05 -2.19174 10.14301 0.7656964064 2.4061069489    0.705  1.653  3.9722  3.474    4  0.000  0.533     0.00     0.00 -1    -1e-30      0.00 7.562e-01 2.437e-01 1.688e-05 4.684e-06 4.222e-05 -1.000 1.001e-04 0.638 0.794 0.774 0.778 0.778 0.773 0.773 0.774 0.771 0.777 0.773 0.781 0.773 0.771 0.775 0.775 0.772 0.775 0.775 0.772 0.771 0.771 0.771 0.777
3.9069e-05 -2.19174 10.14301 0.7657378912 2.4061231613    0.705  1.655  3.9689  3.458    4  0.000  0.533     0.00     0.00 -1    -1e-30      0.00 7.562e-01 2.437e-01 1.688e-05 4.684e-06 4.222e-05 -1.000 1.000e-04 0.632 0.772 0.749 0.751 0.749 0.743 0.742 0.743 0.739 0.748 0.742 0.751 0.742 0.740 0.744 0.744 0.740 0.743 0.743 0.740 0.739 0.739 0.739 0.747
3.9069e-05 -2.19174 10.14301 0.7657793164 2.4061391354    0.705  1.658  3.9652  3.441    4  0.000  0.533     0.00     0.00 -1    -1e-30      0.00 7.562e-01 2.437e-01 1.688e-05 4.684e-06 4.222e-05 -1.000 1.000e-04 0.625 0.747 0.721 0.720 0.716 0.708 0.706 0.707 0.704 0.715 0.707 0.719 0.709 0.706 0.710 0.709 0.705 0.708 0.708 0.705 0.704 0.703 0.704 0.714
3.9069e-05 -2.19174 10.14301 0.7657813430 2.4061398506    0.705  1.658  3.9650  3.440    4  0.000  0.533     0.00     0.00 -1    -1e-30      0.00 7.562e-01 2.437e-01 1.688e-05 4.684e-06 4.222e-05 -1.000 1.000e-04 0.625 0.745 0.719 0.718 0.714 0.707 0.705 0.705 0.702 0.713 0.705 0.717 0.707 0.705 0.708 0.708 0.703 0.706 0.706 0.703 0.702 0.701 0.702 0.712
3.9069e-05 -2.19174 10.14301 0.7658190131 2.4061543941    0.705  1.661  3.9611  3.421    4  0.000  0.533     0.00     0.00 -1    -1e-30      0.00 7.562e-01 2.437e-01 1.688e-05 4.684e-06 4.222e-05 -1.000 1.001e-04 0.617 0.719 0.689 0.685 0.679 0.670 0.667 0.668 0.664 0.678 0.668 0.682 0.671 0.668 0.671 0.670 0.666 0.668 0.668 0.665 0.664 0.663 0.664 0.676
3.9069e-05 -2.19174 10.14301 0.7658587098 2.4061698914    0.705  1.665  3.9565  3.399    4  0.000  0.533     0.00     0.00 -1    -1e-30      0.00 7.562e-01 2.437e-01 1.688e-05 4.684e-06 4.222e-05 -1.000 1.001e-04 0.608 0.689 0.655 0.647 0.637 0.627 0.623 0.624 0.620 0.638 0.624 0.641 0.629 0.625 0.628 0.627 0.622 0.624 0.624 0.620 0.619 0.619 0.619 0.634
3.9069e-05 -2.19174 10.14301 0.7658978701 2.4061849117    0.705  1.669  3.9515  3.375    4  0.000  0.533     0.00     0.00 -1    -1e-30      0.00 7.562e-01 2.437e-01 1.688e-05 4.684e-06 4.222e-05 -1.000 1.000e-04 0.599 0.656 0.617 0.605 0.592 0.580 0.575 0.575 0.571 0.593 0.575 0.596 0.583 0.578 0.580 0.580 0.574 0.576 0.576 0.572 0.571 0.570 0.571 0.589
3.9069e-05 -2.19174 10.14301 0.7659406066 2.4062013626    0.705  1.673  3.9457  3.348    4  0.000  0.533     0.00     0.00 -1    -1e-30      0.00 7.562e-01 2.437e-01 1.688e-05 4.684e-06 4.222e-05 -1.000 1.000e-04 0.587 0.619 0.575 0.557 0.540 0.526 0.521 0.520 0.516 0.542 0.520 0.545 0.530 0.525 0.526 0.525 0.519 0.521 0.520 0.516 0.515 0.514 0.515 0.536
3.9069e-05 -2.19174 10.14301 0.7659801841 2.4062166214    0.705  1.678  3.9399  3.320    4  0.000  0.533     0.00     0.00 -1    -1e-30      0.00 7.562e-01 2.437e-01 1.688e-05 4.684e-06 4.222e-05 -1.000 1.000e-04 0.576 0.583 0.533 0.510 0.487 0.471 0.465 0.464 0.459 0.491 0.465 0.493 0.476 0.471 0.471 0.470 0.463 0.465 0.464 0.460 0.459 0.458 0.458 0.483
3.9069e-05 -2.19174 10.14301 0.7660207152 2.4062323570    0.705  1.683  3.9334  3.289    4  0.000  0.533     0.00     0.00 -1    -1e-30      0.00 7.562e-01 2.437e-01 1.688e-05 4.684e-06 4.222e-05 -1.000 9.997e-05 0.563 0.543 0.487 0.458 0.429 0.411 0.404 0.402 0.397 0.435 0.403 0.436 0.416 0.410 0.411 0.409 0.401 0.403 0.402 0.398 0.397 0.395 0.396 0.424
3.9069e-05 -2.19174 10.14301 0.7660602331 2.4062476158    0.705  1.688  3.9268  3.258    4  0.000  0.533     0.00     0.00 -1    -1e-30      0.00 7.562e-01 2.437e-01 1.688e-05 4.684e-06 4.222e-05 -1.000 1.000e-04 0.550 0.504 0.441 0.405 0.369 0.348 0.340 0.338 0.333 0.378 0.340 0.377 0.355 0.348 0.348 0.345 0.338 0.340 0.339 0.334 0.333 0.331 0.332 0.363
3.9069e-05 -2.19174 10.14301 0.7660995722 2.4062628746    0.705  1.693  3.9198  3.224    4  0.000  0.533     0.00     0.00 -1    -1e-30      0.00 7.562e-01 2.437e-01 1.688e-05 4.684e-06 4.222e-05 -1.000 1.000e-04 0.536 0.464 0.393 0.350 0.306 0.283 0.274 0.271 0.266 0.318 0.273 0.315 0.291 0.283 0.283 0.279 0.271 0.273 0.272 0.267 0.266 0.264 0.265 0.300
3.9069e-05 -2.19174 10.14301 0.7661072016 2.4062657356    0.705  1.695  3.9185  3.218    4  0.000  0.533     0.00     0.00 -1    -1e-30      0.00 7.562e-01 2.437e-01 1.688e-05 4.684e-06 4.222e-05 -1.000 1.000e-04 0.534 0.456 0.384 0.339 0.294 0.270 0.261 0.258 0.253 0.306 0.260 0.303 0.278 0.270 0.270 0.266 0.258 0.260 0.259 0.254 0.253 0.251 0.252 0.288
3.9069e-05 -2.19174 10.14301 0.7661269307 2.4062733650    0.705  1.697  3.9152  3.202    4  0.000  0.533     0.00     0.00 -1    -1e-30      0.00 7.562e-01 2.437e-01 1.688e-05 4.684e-06 4.222e-05 -1.000 9.999e-05 0.527 0.438 0.362 0.314 0.264 0.239 0.229 0.227 0.221 0.277 0.228 0.274 0.246 0.239 0.238 0.235 0.227 0.228 0.227 0.222 0.221 0.219 0.220 0.257
3.9069e-05 -2.19174 10.14301 0.7661679387 2.4062893391    0.705  1.703  3.9079  3.167    4  0.000  0.533     0.00     0.00 -1    -1e-30      0.00 7.562e-01 2.437e-01 1.688e-05 4.684e-06 4.222e-05 -1.000 1.001e-04 0.513 0.398 0.314 0.258 0.198 0.170 0.160 0.157 0.151 0.214 0.159 0.209 0.178 0.170 0.170 0.166 0.157 0.158 0.157 0.152 0.150 0.149 0.150 0.190
3.9069e-05 -2.19174 10.14301 0.7662070394 2.4063043594    0.705  1.709  3.9006  3.132    4  0.000  0.533     0.00     0.00 -1    -1e-30      0.00 7.562e-01 2.437e-01 1.688e-05 4.684e-06 4.222e-05 -1.000 1.000e-04 0.498 0.359 0.268 0.203 0.132 0.101 0.090 0.087 0.081 0.151 0.089 0.145 0.110 0.101 0.100 0.096 0.087 0.088 0.087 0.082 0.080 0.079 0.080 0.123
3.9069e-05 -2.19174 10.14301 0.7662470341 2.4063198566    0.705  1.715  3.8925  3.093    4  0.000  0.533     0.00     0.00 -1    -1e-30      0.00 7.562e-01 2.437e-01 1.688e-05 4.684e-06 4.222e-05 -1.000 1.000e-04 0.482 0.318 0.217 0.143 0.058 0.025 0.013 0.010 0.004 0.082 0.012 0.074 0.034 0.026 0.023 0.019 0.010 0.011 0.010 0.005 0.003 0.001 0.003 0.048
3.9069e-05 -2.19174 10.14301 0.7662859559 2.4063348770    0.705  1.722  3.8844  3.054    4  0.000  0.533     0.00     0.00 -1    -1e-30      0.00 7.562e-01 2.437e-01 1.688e-05 4.684e-06 4.222e-05 -1.000 1.000e-04 0.466 0.279 0.168 0.084 -0.016 -0.053 -0.065 -0.068 -0.074 0.013 -0.066 0.002 -0.043 -0.052 -0.054 -0.059 -0.067 -0.066 -0.068 -0.073 -0.075 -0.077 -0.075 -0.027
3.9069e-05 -2.19174 10.14301 0.7663248181 2.4063498974    0.705  1.728  3.8769  3.018    4  0.000  0.533     0.00     0.00 -1    -1e-30      0.00 7.562e-01 2.437e-01 1.688e-05 4.684e-06 4.222e-05 -1.000 1.000e-04 0.451 0.242 0.123 0.029 -0.085 -0.125 -0.137 -0.140 -0.147 -0.052 -0.138 -0.064 -0.114 -0.124 -0.126 -0.131 -0.139 -0.139 -0.141 -0.146 -0.147 -0.150 -0.148 -0.097
3.9069e-05 -2.19174 10.14301 0.7663643956 2.4063651562    0.705  1.734  3.8690  2.980    4  0.000  0.533     0.00     0.00 -1    -1e-30      0.00 7.562e-01 2.437e-01 1.688e-05 4.684e-06 4.222e-05 -1.000 9.999e-05 0.434 0.208 0.079 -0.026 -0.156 -0.200 -0.212 -0.216 -0.223 -0.118 -0.214 -0.132 -0.189 -0.199 -0.201 -0.207 -0.214 -0.214 -0.216 -0.222 -0.223 -0.226 -0.224 -0.170
3.9069e-05 -2.19174 10.14301 0.7664040923 2.4063804150    0.706  1.740  3.8618  2.945    4  0.000  0.533     0.00     0.00 -1    -1e-30      0.00 7.562e-01 2.437e-01 1.688e-05 4.684e-06 4.222e-05 -1.000 1.000e-04 0.419 0.177 0.038 -0.077 -0.222 -0.270 -0.282 -0.286 -0.292 -0.178 -0.284 -0.195 -0.258 -0.269 -0.271 -0.277 -0.284 -0.284 -0.286 -0.291 -0.292 -0.296 -0.294 -0.238
3.9069e-05 -2.19174 10.14301 0.7664430737 2.4063954353    0.706  1.747  3.8542  2.908    4  0.000  0.533     0.00     0.00 -1    -1e-30      0.00 7.562e-01 2.437e-01 1.688e-05 4.684e-06 4.222e-05 -1.000 9.999e-05 0.403 0.147 -0.004 -0.129 -0.290 -0.342 -0.356 -0.359 -0.366 -0.242 -0.357 -0.260 -0.331 -0.342 -0.344 -0.350 -0.357 -0.357 -0.360 -0.365 -0.366 -0.369 -0.368 -0.308
3.9069e-05 -2.19174 10.14301 0.7664825320 2.4064106941    0.706  1.753  3.8470  2.873    4  0.000  0.533     0.00     0.00 -1    -1e-30      0.00 7.562e-01 2.437e-01 1.688e-05 4.684e-06 4.222e-05 -1.000 1.000e-04 0.386 0.117 -0.044 -0.178 -0.356 -0.412 -0.426 -0.429 -0.436 -0.303 -0.427 -0.323 -0.400 -0.411 -0.413 -0.420 -0.427 -0.427 -0.429 -0.435 -0.436 -0.440 -0.438 -0.375
3.9069e-05 -2.19174 10.14301 0.7665241957 2.4064269066    0.706  1.763  3.8375  2.826    4  0.000  0.533     0.00     0.00 -1    -1e-30      0.00 7.562e-01 2.437e-01 1.688e-05 4.684e-06 4.222e-05 -1.000 9.999e-05 0.363 0.078 -0.097 -0.245 -0.444 -0.506 -0.520 -0.524 -0.531 -0.385 -0.522 -0.406 -0.493 -0.505 -0.507 -0.515 -0.521 -0.522 -0.524 -0.530 -0.531 -0.535 -0.532 -0.465
3.9069e-05 -2.19174 10.14301 0.7665631175 2.4064419270    0.706  1.773  3.8273  2.775    4  0.000  0.533     0.00     0.00 -1    -1e-30      0.00 7.562e-01 2.437e-01 1.688e-05 4.684e-06 4.222e-05 -1.000 1.001e-04 0.338 0.037 -0.154 -0.315 -0.537 -0.606 -0.621 -0.625 -0.632 -0.472 -0.623 -0.494 -0.593 -0.605 -0.608 -0.616 -0.622 -0.623 -0.626 -0.631 -0.632 -0.636 -0.633 -0.562
3.9069e-05 -2.19174 10.14301 0.7665959597 2.4064545631    0.706  1.784  3.8169  2.722    4  0.000  0.533     0.00     0.00 -1    -1e-30      0.00 7.562e-01 2.437e-01 1.688e-05 4.684e-06 4.222e-05 -1.000 9.993e-05 0.310 -0.006 -0.213 -0.389 -0.634 -0.710 -0.726 -0.731 -0.738 -0.563 -0.728 -0.586 -0.697 -0.709 -0.712 -0.721 -0.728 -0.729 -0.732 -0.737 -0.738 -0.743 -0.739 -0.662
3.9069e-05 -2.19174 10.14301 0.7666168213 2.4064624310    0.706  1.797  3.8071  2.670    4  0.000  0.533     0.00     0.00 -1    -1e-30      0.00 7.562e-01 2.437e-01 1.688e-05 4.684e-06 4.222e-05 -1.000 1.000e-04 0.278 -0.052 -0.274 -0.463 -0.731 -0.814 -0.832 -0.837 -0.843 -0.655 -0.834 -0.678 -0.800 -0.813 -0.816 -0.827 -0.832 -0.835 -0.838 -0.842 -0.843 -0.848 -0.845 -0.762
3.9069e-05 -2.19174 10.14301 0.7666316032 2.4064681530    0.706  1.810  3.7975  2.619    4  0.000  0.533     0.00     0.00 -1    -1e-30      0.00 7.562e-01 2.437e-01 1.688e-05 4.684e-06 4.222e-05 -1.000 1.000e-04 0.246 -0.095 -0.333 -0.536 -0.825 -0.917 -0.935 -0.940 -0.947 -0.744 -0.937 -0.767 -0.901 -0.915 -0.919 -0.930 -0.936 -0.938 -0.941 -0.946 -0.947 -0.952 -0.948 -0.859
3.9069e-05 -2.19174 10.14301 0.7666404247 2.4064717293    0.706  1.821  3.7885  2.571    4  0.000  0.533     0.00     0.00 -1    -1e-30      0.00 7.562e-01 2.437e-01 1.688e-05 4.684e-06 4.222e-05 -1.000 1.000e-04 0.217 -0.134 -0.387 -0.603 -0.913 -1.011 -1.031 -1.037 -1.044 -0.827 -1.033 -0.849 -0.995 -1.010 -1.014 -1.026 -1.032 -1.034 -1.038 -1.043 -1.044 -1.049 -1.045 -0.948
3.9069e-05 -2.19174 10.14301 0.7666469812 2.4064741135    0.706  1.834  3.7789  2.521    4  0.000  0.533     0.00     0.00 -1    -1e-30      0.00 7.562e-01 2.437e-01 1.688e-05 4.684e-06 4.222e-05 -1.000 1.000e-04 0.186 -0.174 -0.443 -0.673 -1.005 -1.112 -1.133 -1.139 -1.146 -0.915 -1.135 -0.936 -1.094 -1.111 -1.115 -1.127 -1.134 -1.137 -1.140 -1.145 -1.146 -1.151 -1.148 -1.043
3.9069e-05 -2.19174 10.14301 0.7666516304 2.4064760208    0.706  1.846  3.7707  2.476    4  0.000  0.533     0.00     0.00 -1    -1e-30      0.00 7.562e-01 2.437e-01 1.688e-05 4.684e-06 4.222e-05 -1.000 1.000e-04 0.155 -0.212 -0.495 -0.737 -1.087 -1.202 -1.224 -1.231 -1.238 -0.994 -1.227 -1.012 -1.182 -1.200 -1.205 -1.218 -1.225 -1.228 -1.232 -1.237 -1.238 -1.243 -1.240 -1.128
3.9069e-05 -2.19174 10.14301 0.7666555643 2.4064774513    0.706  1.862  3.7618  2.424    4  0.000  0.533     0.00     0.00 -1    -1e-30      0.00 7.562e-01 2.437e-01 1.688e-05 4.684e-06 4.222e-05 -1.000 9.999e-05 0.114 -0.261 -0.560 -0.815 -1.184 -1.307 -1.331 -1.338 -1.347 -1.088 -1.334 -1.103 -1.286 -1.305 -1.310 -1.325 -1.332 -1.335 -1.339 -1.345 -1.346 -1.352 -1.348 -1.228
3.9069e-05 -2.19174 10.14301 0.7666587234 2.4064786434    0.706  1.884  3.7533  2.368    4  0.000  0.533     0.00     0.00 -1    -1e-30      0.00 7.562e-01 2.437e-01 1.688e-05 4.684e-06 4.222e-05 -1.000 1.000e-04 0.060 -0.322 -0.636 -0.903 -1.291 -1.422 -1.448 -1.456 -1.465 -1.192 -1.452 -1.205 -1.399 -1.420 -1.426 -1.442 -1.449 -1.453 -1.457 -1.463 -1.464 -1.470 -1.466 -1.338
3.9069e-05 -2.19174 10.14301 0.7666607499 2.4064795971    0.706  1.908  3.7456  2.313    4  0.000  0.533     0.00     0.00 -1    -1e-30      0.00 7.562e-01 2.437e-01 1.688e-05 4.684e-06 4.222e-05 -1.000 9.999e-05 -0.001 -0.389 -0.717 -0.995 -1.399 -1.539 -1.566 -1.575 -1.584 -1.298 -1.570 -1.309 -1.513 -1.536 -1.543 -1.559 -1.568 -1.572 -1.576 -1.582 -1.583 -1.590 -1.586 -1.448
3.9069e-05 -2.19174 10.14301 0.7666621208 2.4064800739    0.706  1.936  3.7389  2.259    4  0.000  0.533     0.00     0.00 -1    -1e-30      0.00 7.562e-01 2.437e-01 1.688e-05 4.684e-06 4.222e-05 -1.000 9.999e-05 -0.069 -0.461 -0.802 -1.090 -1.508 -1.655 -1.684 -1.693 -1.703 -1.405 -1.688 -1.414 -1.628 -1.652 -1.659 -1.677 -1.686 -1.690 -1.694 -1.701 -1.702 -1.709 -1.705 -1.560
3.9069e-05 -2.19174 10.14301 0.7666628361 2.4064803123    0.706  1.958  3.7345  2.218    7  0.000  0.533     0.00     0.00 -1    -1e-30      0.00 7.562e-01 2.437e-01 1.688e-05 4.684e-06 4.222e-05 -1.000 1.000e-04 -0.126 -0.521 -0.870 -1.164 -1.592 -1.744 -1.774 -1.783 -1.793 -1.488 -1.778 -1.495 -1.715 -1.741 -1.748 -1.766 -1.776 -1.780 -1.785 -1.791 -1.793 -1.799 -1.795 -1.645
3.9069e-05 -2.19174 10.14301 0.7666634321 2.4064805508    0.706  1.987  3.7305  2.174    7  0.000  0.533     0.00     0.00 -1    -1e-30      0.00 7.562e-01 2.437e-01 1.688e-05 4.684e-06 4.222e-05 -1.000 9.999e-05 -0.197 -0.594 -0.951 -1.252 -1.688 -1.843 -1.875 -1.885 -1.895 -1.582 -1.879 -1.588 -1.814 -1.840 -1.848 -1.867 -1.877 -1.882 -1.886 -1.893 -1.894 -1.901 -1.897 -1.742
3.9069e-05 -2.19174 10.14301 0.7666641474 2.4064807892    0.706  2.023  3.7262  2.120    7  0.000  0.533     0.00     0.00 -1    -1e-30      0.00 7.562e-01 2.437e-01 1.688e-05 4.684e-06 4.222e-05 -1.000 1.000e-04 -0.288 -0.688 -1.052 -1.360 -1.805 -1.965 -1.998 -2.008 -2.018 -1.698 -2.002 -1.702 -1.934 -1.962 -1.971 -1.990 -2.000 -2.005 -2.009 -2.017 -2.018 -2.025 -2.021 -1.861
3.9069e-05 -2.19174 10.14301 0.7666648626 2.4064810276    0.706  2.061  3.7224  2.067    7  0.000  0.533     0.00     0.00 -1    -1e-30      0.00 7.562e-01 2.437e-01 1.688e-05 4.684e-06 4.222e-05 -1.000 1.000e-04 -0.383 -0.784 -1.156 -1.469 -1.923 -2.087 -2.120 -2.131 -2.142 -1.815 -2.125 -1.817 -2.055 -2.083 -2.093 -2.112 -2.123 -2.128 -2.132 -2.140 -2.142 -2.148 -2.144 -1.980
3.9069e-05 -2.19174 10.14301 0.7666655779 2.4064812660    0.706  2.099  3.7191  2.016    7  0.000  0.533     0.00     0.00 -1    -1e-30      0.00 7.562e-01 2.437e-01 1.688e-05 4.684e-06 4.222e-05 -1.000 9.997e-05 -0.477 -0.879 -1.258 -1.577 -2.037 -2.205 -2.239 -2.250 -2.261 -1.928 -2.244 -1.929 -2.171 -2.201 -2.211 -2.231 -2.242 -2.247 -2.252 -2.260 -2.261 -2.267 -2.264 -2.095
3.9069e-05 -2.19174 10.14301 0.7666665316 2.4064817429    0.706  2.131  3.7166  1.974    7  0.000  0.533     0.00     0.00 -1    -1e-30      0.00 7.562e-01 2.437e-01 1.688e-05 4.684e-06 4.222e-05 -1.000 9.999e-05 -0.557 -0.960 -1.344 -1.666 -2.132 -2.303 -2.338 -2.349 -2.360 -2.023 -2.343 -2.022 -2.268 -2.298 -2.308 -2.330 -2.341 -2.346 -2.351 -2.359 -2.360 -2.366 -2.363 -2.191
3.9069e-05 -2.19174 10.14301 0.7666684389 2.4064824581    0.706  2.141  3.7160  1.962    7  0.000  0.533     0.00     0.00 -1    -1e-30      0.00 7.562e-01 2.437e-01 1.688e-05 4.684e-06 4.222e-05 -1.000 1.001e-04 -0.583 -0.987 -1.372 -1.695 -2.161 -2.333 -2.368 -2.380 -2.391 -2.053 -2.374 -2.052 -2.298 -2.329 -2.339 -2.360 -2.371 -2.377 -2.381 -2.389 -2.391 -2.397 -2.393 -2.220
3.9069e-05 -2.19174 10.14301 0.7666714787 2.4064836502    0.706  2.123  3.7174  1.986    7  0.000  0.533     0.00     0.00 -1    -1e-30      0.00 7.562e-01 2.437e-01 1.688e-05 4.684e-06 4.222e-05 -1.000 9.999e-05 -0.537 -0.940 -1.322 -1.643 -2.107 -2.277 -2.312 -2.323 -2.334 -1.998 -2.317 -1.998 -2.243 -2.273 -2.283 -2.304 -2.315 -2.320 -2.325 -2.333 -2.334 -2.340 -2.337 -2.166
3.9069e-05 -2.19174 10.14301 0.7666904330 2.4064910412    0.706  2.141  3.7152  1.959    7  0.000  0.533     0.00     0.00 -1    -1e-30      0.00 7.562e-01 2.437e-01 1.688e-05 4.684e-06 4.222e-05 -1.000 1.000e-04 -0.582 -0.986 -1.372 -1.697 -2.165 -2.337 -2.373 -2.385 -2.396 -2.056 -2.378 -2.055 -2.303 -2.333 -2.343 -2.365 -2.376 -2.382 -2.386 -2.394 -2.396 -2.402 -2.398 -2.224
3.9069e-05 -2.19174 10.14301 0.7667026520 2.4064955711    0.706  2.183  3.7119  1.903    7  0.000  0.533     0.00     0.00 -1    -1e-30      0.00 7.562e-01 2.437e-01 1.688e-05 4.684e-06 4.222e-05 -1.000 9.991e-05 -0.687 -1.093 -1.485 -1.815 -2.290 -2.466 -2.503 -2.515 -2.526 -2.181 -2.508 -2.178 -2.430 -2.462 -2.472 -2.495 -2.506 -2.512 -2.517 -2.525 -2.526 -2.532 -2.529 -2.350
3.9069e-05 -2.19174 10.14301 0.7667205334 2.4065024853    0.706  2.234  3.7084  1.838    7  0.000  0.533     0.00     0.00 -1    -1e-30      0.00 7.562e-01 2.437e-01 1.688e-05 4.684e-06 4.222e-05 -1.000 1.000e-04 -0.814 -1.222 -1.622 -1.957 -2.439 -2.619 -2.657 -2.669 -2.681 -2.329 -2.662 -2.324 -2.582 -2.614 -2.625 -2.648 -2.660 -2.666 -2.671 -2.679 -2.681 -2.686 -2.683 -2.500
3.9069e-05 -2.19174 10.14301 0.7667351961 2.4065082073    0.706  2.276  3.7057  1.786    7  0.000  0.533     0.00     0.00 -1    -1e-30      0.00 7.562e-01 2.437e-01 1.688e-05 4.684e-06 4.222e-05 -1.000 9.996e-05 -0.919 -1.327 -1.733 -2.072 -2.559 -2.743 -2.781 -2.794 -2.806 -2.449 -2.787 -2.443 -2.704 -2.738 -2.749 -2.772 -2.785 -2.791 -2.796 -2.804 -2.806 -2.811 -2.808 -2.622
3.9069e-05 -2.19174 10.14301 0.7667483091 2.4065132141    0.706  2.317  3.7031  1.734    7  0.000  0.533     0.00     0.00 -1    -1e-30      0.00 7.562e-01 2.437e-01 1.688e-05 4.684e-06 4.222e-05 -1.000 1.001e-04 -1.023 -1.432 -1.843 -2.187 -2.679 -2.865 -2.905 -2.918 -2.929 -2.568 -2.910 -2.561 -2.826 -2.860 -2.872 -2.895 -2.908 -2.914 -2.919 -2.928 -2.929 -2.934 -2.932 -2.742
3.9069e-05 -2.19174 10.14301 0.7667599320 2.4065177441    0.706  2.359  3.7007  1.683    7  0.000  0.533     0.00     0.00 -1    -1e-30      0.00 7.562e-01 2.437e-01 1.688e-05 4.686e-06 4.222e-05 -1.000 1.000e-04 -1.126 -1.536 -1.953 -2.300 -2.797 -2.986 -3.026 -3.040 -3.052 -2.686 -3.032 -2.678 -2.946 -2.981 -2.993 -3.017 -3.030 -3.037 -3.042 -3.050 -3.052 -3.056 -3.054 -2.861
3.9069e-05 -2.19174 10.14301 0.7667701840 2.4065217972    0.706  2.400  3.6983  1.632    7  0.000  0.532     0.00     0.00 -1    -1e-30      0.00 7.562e-01 2.437e-01 1.685e-05 4.694e-06 4.222e-05 -1.000 1.000e-04 -1.230 -1.640 -2.062 -2.413 -2.915 -3.107 -3.148 -3.162 -3.173 -2.804 -3.154 -2.794 -3.066 -3.102 -3.114 -3.138 -3.152 -3.159 -3.164 -3.172 -3.174 -3.178 -3.176 -2.980
3.9069e-05 -2.19174 10.14301 0.7667792439 2.4065251350    0.706  2.441  3.6960  1.581    7  0.000  0.528     0.00     0.00 -1    -1e-30      0.00 7.562e-01 2.437e-01 1.672e-05 4.761e-06 4.222e-05 -1.000 9.999e-05 -1.333 -1.744 -2.171 -2.525 -3.033 -3.227 -3.268 -3.282 -3.294 -2.921 -3.274 -2.910 -3.186 -3.222 -3.234 -3.258 -3.272 -3.279 -3.284 -3.293 -3.294 -3.299 -3.297 -3.099
3.9069e-05 -2.19174 10.14301 0.7667872310 2.4065282345    0.706  2.482  3.6937  1.532    7  0.000  0.518     0.00     0.00 -1    -1e-30      0.00 7.562e-01 2.437e-01 1.640e-05 5.048e-06 4.222e-05 -1.000 1.000e-04 -1.435 -1.846 -2.278 -2.636 -3.148 -3.345 -3.387 -3.402 -3.413 -3.036 -3.394 -3.025 -3.303 -3.340 -3.353 -3.377 -3.392 -3.399 -3.404 -3.413 -3.414 -3.417 -3.416 -3.215
3.9069e-05 -2.19174 10.14301 0.7667945623 2.4065310955    0.706  2.523  3.6914  1.482    7  0.000  0.501     0.00     0.00 -1    -1e-30      0.00 7.562e-01 2.437e-01 1.587e-05 5.647e-06 4.222e-05 -1.000 9.997e-05 -1.537 -1.948 -2.385 -2.747 -3.264 -3.464 -3.507 -3.521 -3.532 -3.151 -3.513 -3.139 -3.421 -3.458 -3.471 -3.496 -3.511 -3.518 -3.523 -3.533 -3.533 -3.535 -3.534 -3.331
3.9069e-05 -2.19174 10.14301 0.7668012977 2.4065337181    0.706  2.563  3.6892  1.432    7  0.000  0.483     0.00     0.00 -1    -1e-30      0.00 7.561e-01 2.438e-01 1.529e-05 6.346e-06 4.222e-05 -1.000 1.001e-04 -1.638 -2.049 -2.492 -2.857 -3.378 -3.581 -3.625 -3.640 -3.650 -3.265 -3.631 -3.252 -3.537 -3.575 -3.589 -3.614 -3.629 -3.636 -3.642 -3.651 -3.651 -3.653 -3.652 -3.447
3.9069e-05 -2.19174 10.14301 0.7668075562 2.4065361023    0.706  2.603  3.6870  1.383    7  0.000  0.467     0.00     0.00 -1    -1e-30      0.00 7.559e-01 2.440e-01 1.478e-05 6.976e-06 4.223e-05 -1.000 1.001e-04 -1.739 -2.150 -2.598 -2.967 -3.493 -3.698 -3.742 -3.758 -3.768 -3.379 -3.749 -3.365 -3.653 -3.692 -3.706 -3.731 -3.747 -3.754 -3.760 -3.769 -3.769 -3.770 -3.769 -3.562
3.9069e-05 -2.19174 10.14301 0.7668134570 2.4065384865    0.706  2.644  3.6848  1.334    7  0.000  0.453     0.00     0.00 -1    -1e-30      0.00 7.556e-01 2.443e-01 1.434e-05 7.519e-06 4.224e-05 -1.000 1.000e-04 -1.840 -2.251 -2.704 -3.077 -3.607 -3.815 -3.860 -3.876 -3.886 -3.493 -3.867 -3.479 -3.769 -3.809 -3.823 -3.848 -3.865 -3.872 -3.878 -3.888 -3.887 -3.887 -3.887 -3.677
3.9069e-05 -2.19174 10.14301 0.7668190598 2.4065406322    0.706  2.684  3.6826  1.285    7  0.000  0.441     0.00     0.00 -1    -1e-30      0.00 7.554e-01 2.445e-01 1.396e-05 7.989e-06 4.225e-05 -1.000 9.997e-05 -1.940 -2.352 -2.810 -3.187 -3.722 -3.931 -3.977 -3.993 -4.003 -3.607 -3.985 -3.591 -3.885 -3.925 -3.940 -3.966 -3.983 -3.990 -3.995 -4.005 -4.005 -4.004 -4.004 -3.792
3.9069e-05 -2.19174 10.14301 0.7668243647 2.4065425396    0.706  2.724  3.6804  1.236    7  0.000  0.430     0.00     0.00 -1    -1e-30      0.00 7.551e-01 2.448e-01 1.364e-05 8.396e-06 4.225e-05 -1.000 9.999e-05 -2.041 -2.451 -2.915 -3.296 -3.836 -4.048 -4.094 -4.111 -4.120 -3.721 -4.102 -3.704 -4.000 -4.041 -4.056 -4.082 -4.100 -4.107 -4.113 -4.123 -4.122 -4.119 -4.120 -3.906
3.9069e-05 -2.19174 10.14301 0.7668294907 2.4065444469    0.706  2.765  3.6781  1.186    7  0.000  0.421     0.00     0.00 -1    -1e-30      0.00 7.548e-01 2.451e-01 1.335e-05 8.753e-06 4.223e-05 -1.000 1.000e-04 -2.143 -2.552 -3.022 -3.407 -3.951 -4.166 -4.213 -4.230 -4.238 -3.836 -4.221 -3.818 -4.117 -4.159 -4.175 -4.200 -4.219 -4.226 -4.232 -4.243 -4.241 -4.235 -4.237 -4.022
3.9069e-05 -2.19174 10.14301 0.7668339610 2.4065463543    0.706  2.806  3.6758  1.136    7  0.000  0.414     0.00     0.00 -1    -1e-30      0.00 7.546e-01 2.453e-01 1.310e-05 9.062e-06 4.220e-05 -1.000 9.997e-05 -2.245 -2.653 -3.129 -3.519 -4.067 -4.284 -4.332 -4.350 -4.357 -3.952 -4.340 -3.933 -4.235 -4.278 -4.293 -4.319 -4.338 -4.346 -4.352 -4.363 -4.361 -4.352 -4.355 -4.139
3.9069e-05 -2.19174 10.14301 0.7668377161 2.4065477848    0.706  2.846  3.6736  1.087    7  0.000  0.408     0.00     0.00 -1    -1e-30      0.00 7.543e-01 2.456e-01 1.290e-05 9.327e-06 4.214e-05 -1.000 1.000e-04 -2.345 -2.752 -3.234 -3.628 -4.181 -4.401 -4.449 -4.468 -4.474 -4.065 -4.457 -4.045 -4.351 -4.394 -4.410 -4.435 -4.456 -4.464 -4.470 -4.480 -4.478 -4.466 -4.470 -4.254
3.9069e-05 -2.19174 10.14301 0.7668408751 2.4065489769    0.706  2.885  3.6714  1.039    7  0.000  0.403     0.00     0.00 -1    -1e-30      0.00 7.540e-01 2.459e-01 1.272e-05 9.567e-06 4.206e-05 -1.000 1.000e-04 -2.443 -2.849 -3.337 -3.735 -4.293 -4.515 -4.564 -4.584 -4.588 -4.177 -4.573 -4.156 -4.465 -4.509 -4.525 -4.550 -4.571 -4.580 -4.586 -4.596 -4.593 -4.579 -4.583 -4.367
3.9069e-05 -2.19174 10.14301 0.7668435574 2.4065499306    0.706  2.922  3.6692  0.993    7  0.000  0.400     0.00     0.00 -1    -1e-30      0.00 7.538e-01 2.461e-01 1.258e-05 9.786e-06 4.196e-05 -1.000 9.924e-05 -2.536 -2.941 -3.435 -3.836 -4.399 -4.623 -4.673 -4.693 -4.697 -4.282 -4.682 -4.260 -4.572 -4.617 -4.633 -4.658 -4.680 -4.689 -4.695 -4.706 -4.702 -4.685 -4.690 -4.474
3.9069e-05 -2.19174 10.14301 0.7668462992 2.4065511227    0.706  2.962  3.6669  0.944    7  0.000  0.397     0.00     0.00 -1    -1e-30      0.00 7.536e-01 2.463e-01 1.246e-05 1.001e-05 4.183e-05 -1.000 9.978e-05 -2.636 -3.039 -3.539 -3.946 -4.513 -4.740 -4.791 -4.811 -4.813 -4.396 -4.800 -4.373 -4.688 -4.733 -4.750 -4.775 -4.798 -4.807 -4.813 -4.824 -4.820 -4.799 -4.806 -4.589
3.9069e-05 -2.19174 10.14301 0.7668485641 2.4065518379    0.706  2.998  3.6648  0.900    7  0.000  0.395     0.00     0.00 -1    -1e-30      0.00 7.534e-01 2.465e-01 1.237e-05 1.020e-05 4.171e-05 -1.000 9.999e-05 -2.725 -3.125 -3.632 -4.043 -4.615 -4.844 -4.895 -4.917 -4.917 -4.498 -4.904 -4.474 -4.791 -4.837 -4.854 -4.878 -4.903 -4.912 -4.919 -4.930 -4.925 -4.900 -4.908 -4.691
3.9069e-05 -2.19174 10.14301 0.7668510675 2.4065527916    0.706  3.039  3.6624  0.850    7  0.000  0.394     0.00     0.00 -1    -1e-30      0.00 7.532e-01 2.467e-01 1.229e-05 1.039e-05 4.158e-05 -1.000 9.993e-05 -2.826 -3.224 -3.738 -4.154 -4.731 -4.963 -5.014 -5.037 -5.036 -4.613 -5.024 -4.589 -4.909 -4.955 -4.974 -4.996 -5.023 -5.032 -5.039 -5.050 -5.045 -5.016 -5.025 -4.808
3.9069e-05 -2.19174 10.14301 0.7668511868 2.4065530300    0.706  3.043  3.6622  0.844    7  0.000  0.394     0.00     0.00 -1    -1e-30      0.00 7.532e-01 2.467e-01 1.228e-05 1.040e-05 4.157e-05 -1.000 1.000e-04 -2.838 -3.235 -3.750 -4.166 -4.744 -4.977 -5.028 -5.050 -5.049 -4.626 -5.038 -4.601 -4.922 -4.969 -4.987 -5.010 -5.037 -5.046 -5.053 -5.064 -5.058 -5.029 -5.038 -4.821
3.9069e-05 -2.19174 10.14301 0.7668513656 2.4065530300    0.706  3.049  3.6618  0.837    7  0.000  0.394     0.00     0.00 -1    -1e-30      0.00 7.532e-01 2.467e-01 1.228e-05 1.041e-05 4.156e-05 -1.000 1.000e-04 -2.853 -3.250 -3.766 -4.183 -4.762 -4.995 -5.046 -5.069 -5.067 -4.644 -5.056 -4.619 -4.940 -4.987 -5.005 -5.028 -5.055 -5.064 -5.071 -5.082 -5.076 -5.046 -5.055 -4.839
3.9069e-05 -2.19174 10.14301 0.7668515444 2.4065530300    0.706  3.058  3.6612  0.826    7  0.000  0.394     0.00     0.00 -1    -1e-30      0.00 7.530e-01 2.469e-01 1.224e-05 1.054e-05 4.147e-05 -1.000 9.999e-05 -2.875 -3.271 -3.789 -4.207 -4.787 -5.020 -5.071 -5.095 -5.093 -4.669 -5.082 -4.644 -4.965 -5.012 -5.031 -5.053 -5.081 -5.090 -5.097 -5.108 -5.102 -5.071 -5.081 -4.864
3.9069e-05 -2.19174 10.14301 0.7668516636 2.4065530300    0.706  3.071  3.6604  0.810    7  0.000  0.393     0.00     0.00 -1    -1e-30      0.00 7.529e-01 2.470e-01 1.219e-05 1.070e-05 4.135e-05 -1.000 9.996e-05 -2.906 -3.301 -3.822 -4.242 -4.824 -5.058 -5.109 -5.133 -5.130 -4.705 -5.119 -4.680 -5.002 -5.050 -5.068 -5.090 -5.119 -5.128 -5.135 -5.147 -5.140 -5.107 -5.118 -4.901
3.9069e-05 -2.19174 10.14301 0.7668519020 2.4065532684    0.706  3.095  3.6589  0.779    7  0.000  0.393     0.00     0.00 -1    -1e-30      0.00 7.527e-01 2.472e-01 1.213e-05 1.091e-05 4.120e-05 -1.000 1.000e-04 -2.968 -3.361 -3.887 -4.310 -4.895 -5.131 -5.182 -5.207 -5.203 -4.777 -5.193 -4.750 -5.075 -5.123 -5.142 -5.163 -5.193 -5.202 -5.209 -5.221 -5.214 -5.178 -5.189 -4.972
3.9069e-05 -2.19174 10.14301 0.7668522596 2.4065532684    0.706  3.133  3.6564  0.731    7  0.000  0.392     0.00     0.00 -1    -1e-30      0.00 7.523e-01 2.476e-01 1.203e-05 1.125e-05 4.096e-05 -1.000 7.430e-05 -3.064 -3.453 -3.987 -4.415 -5.006 -5.245 -5.296 -5.322 -5.316 -4.887 -5.307 -4.860 -5.187 -5.236 -5.255 -5.276 -5.307 -5.317 -5.324 -5.336 -5.328 -5.288 -5.300 -5.084
3.9069e-05 -2.19174 10.14301 0.7668526173 2.4065535069    0.706  3.414  3.6091  0.261    8  0.549  0.390    97.82    45.07  1 -1.52e-06      0.00 7.290e-01 2.706e-01 6.375e-05 5.931e-05 2.177e-04 -1.000 3.690e-04 -3.766 -3.950 -4.662 -5.222 -5.961 -6.280 -6.315 -6.381 -6.345 -5.836 -6.344 -5.773 -6.186 -6.266 -6.296 -6.247 -6.362 -6.373 -6.384 -6.403 -6.381 -6.250 -6.281 -6.059
3.9069e-05 -2.19174 10.14301 0.7668526769 2.4065535069    0.706  3.292  3.6155  0.409    8  0.549  0.390    71.07    34.19  1  -8.7e-07      0.00 7.290e-01 2.706e-01 6.375e-05 5.931e-05 2.177e-04 -1.000 3.690e-04 -3.459 -3.688 -4.363 -4.901 -5.619 -5.926 -5.964 -6.023 -5.989 -5.495 -5.990 -5.438 -5.839 -5.913 -5.941 -5.903 -6.005 -6.015 -6.025 -6.043 -6.023 -5.900 -5.929 -5.715
3.9069e-05 -2.19174 10.14301 0.7668527365 2.4065535069    0.706  3.143  3.6290  0.612    8  0.549  0.390    45.92    23.44  1 -4.33e-07      0.00 7.290e-01 2.706e-01 6.375e-05 5.931e-05 2.177e-04 -1.000 3.690e-04 -3.088 -3.388 -4.006 -4.503 -5.177 -5.459 -5.503 -5.549 -5.522 -5.053 -5.523 -5.007 -5.382 -5.447 -5.472 -5.455 -5.532 -5.542 -5.552 -5.567 -5.549 -5.449 -5.475 -5.266
3.9069e-05 -2.19174 10.14301 0.7668528557 2.4065535069    0.706  2.925  3.6489  0.909    8  0.549  0.390    24.16    13.45  1 -1.49e-07      0.00 7.290e-01 2.706e-01 6.375e-05 5.931e-05 2.177e-04 -1.000 3.690e-04 -2.543 -2.910 -3.459 -3.904 -4.519 -4.772 -4.822 -4.852 -4.840 -4.399 -4.835 -4.366 -4.708 -4.762 -4.783 -4.796 -4.838 -4.846 -4.854 -4.867 -4.856 -4.800 -4.816 -4.601
3.9069e-05 -2.19174 10.14301 0.7668529749 2.4065535069    0.706  2.930  3.6484  0.902    8  0.549  0.390    24.53    13.63  1 -1.53e-07      0.00 7.290e-01 2.706e-01 6.375e-05 5.931e-05 2.177e-04 -1.000 3.690e-04 -2.556 -2.922 -3.472 -3.918 -4.535 -4.787 -4.838 -4.868 -4.856 -4.415 -4.851 -4.381 -4.724 -4.778 -4.799 -4.811 -4.854 -4.862 -4.871 -4.883 -4.872 -4.815 -4.831 -4.617
3.9069e-05 -2.19174 10.14301 0.7668532133 2.4065537453    0.706  3.001  3.6420  0.806    8  0.550  0.390    30.22    16.31  1 -2.17e-07      0.00 7.290e-01 2.706e-01 6.375e-05 5.931e-05 2.177e-04 -1.000 3.690e-04 -2.733 -3.080 -3.653 -4.114 -4.749 -5.010 -5.060 -5.095 -5.077 -4.627 -5.075 -4.590 -4.943 -5.000 -5.023 -5.026 -5.079 -5.088 -5.097 -5.110 -5.097 -5.025 -5.045 -4.833
3.9069e-05 -2.19174 10.14301 0.7668534517 2.4065537453    0.706  3.157  3.6278  0.593    8  0.550  0.390    47.78    24.23  1 -4.61e-07      0.00 7.290e-01 2.706e-01 6.375e-05 5.931e-05 2.177e-04 -1.000 3.690e-04 -3.121 -3.416 -4.038 -4.539 -5.216 -5.500 -5.544 -5.591 -5.563 -5.093 -5.565 -5.046 -5.423 -5.489 -5.514 -5.495 -5.575 -5.584 -5.594 -5.610 -5.591 -5.489 -5.515 -5.307
3.9069e-05 -2.19174 10.14301 0.7668537498 2.4065539837    0.706  3.297  3.6149  0.401    8  0.550  0.390    72.38    34.68  1 -8.94e-07      0.00 7.290e-01 2.706e-01 6.375e-05 5.931e-05 2.177e-04 -1.000 3.690e-04 -3.474 -3.699 -4.377 -4.916 -5.637 -5.945 -5.982 -6.042 -6.007 -5.512 -6.008 -5.454 -5.856 -5.931 -5.960 -5.920 -6.023 -6.034 -6.044 -6.062 -6.041 -5.917 -5.947 -5.732
3.9069e-05 -2.19174 10.14301 0.7668540478 2.4065539837    0.706  3.392  3.6063  0.272    8  0.551  0.390    95.58    44.07  1 -1.38e-06      0.00 7.290e-01 2.706e-01 6.375e-05 5.931e-05 2.177e-04 -1.000 3.690e-04 -3.709 -3.876 -4.597 -5.166 -5.915 -6.241 -6.275 -6.343 -6.306 -5.791 -6.305 -5.724 -6.144 -6.227 -6.258 -6.205 -6.323 -6.334 -6.345 -6.365 -6.343 -6.210 -6.241 -6.015
3.9069e-05 -2.19174 10.14301 0.7668544054 2.4065542221    0.706  3.444  3.6016  0.201    8  0.551  0.390   111.48    50.32  1 -1.75e-06      0.00 7.290e-01 2.706e-01 6.375e-05 5.931e-05 2.177e-04 -1.000 3.690e-04 -3.840 -3.970 -4.718 -5.302 -6.068 -6.405 -6.437 -6.509 -6.472 -5.945 -6.469 -5.871 -6.303 -6.390 -6.423 -6.363 -6.488 -6.500 -6.512 -6.532 -6.510 -6.373 -6.403 -6.171
3.9069e-05 -2.19174 10.14301 0.7668548226 2.4065542221    0.706  3.470  3.5991  0.165    8  0.552  0.390   120.59    53.82  0 -1.97e-06      0.00 7.290e-01 2.706e-01 6.375e-05 5.931e-05 2.177e-04 -1.000 3.690e-04 -3.906 -4.018 -4.779 -5.372 -6.146 -6.488 -6.519 -6.593 -6.557 -6.023 -6.553 -5.947 -6.384 -6.473 -6.507 -6.444 -6.572 -6.585 -6.597 -6.618 -6.594 -6.455 -6.486 -6.250
3.9069e-05 -2.19174 10.14301 0.7668552995 2.4065544605    0.706  3.487  3.5984  0.145    8  0.552  0.390   125.91    55.82  0 -2.13e-06      0.00 7.290e-01 2.706e-01 6.375e-05 5.931e-05 2.177e-04 -1.000 3.690e-04 -3.948 -4.054 -4.819 -5.416 -6.192 -6.536 -6.566 -6.641 -6.605 -6.069 -6.600 -5.992 -6.431 -6.520 -6.554 -6.490 -6.620 -6.633 -6.645 -6.666 -6.643 -6.503 -6.534 -6.296
3.9069e-05 -2.19174 10.14301 0.7668570876 2.4065551758    0.554 -9.999  4.0000  1.705    9  0.554  0.000     0.00     0.00 -1    -1e-30      0.00 7.290e-01 2.706e-01 6.375e-05 5.931e-05 2.177e-04 -1.000 3.690e-04 29.767 30.076 30.060 30.107 30.111 30.112 30.112 30.116 30.112 30.108 30.114 30.117 30.097 30.105 30.117 30.117 30.113 30.117 30.117 30.111 30.112 30.110 30.113 30.107
#isochrone terminated
