# File generated by CMD 3.3 (http://stev.oapd.inaf.it/cmd) on Mon Apr  6 22:00:10 CEST 2020
# isochrones based on PARSEC release v1.2S +  COLIBRI S_35
# Basic references: Bressan et al. (2012), MNRAS, 427, 127 + Chen et al. (2014, 2015), MNRAS, 444, 2525 + MNRAS, 452, 1068 + Tang et al. (2014), MNRAS, 445, 4287 + Marigo et al. (2017), ApJ, 835, 77 + Pastorelli al. (2019), MNRAS in press
# Thermal pulse cycles included 
# On RGB, assumed Reimers mass loss with efficiency eta=0.2
# Photometric system: <i>UBVRIJHK</i> (cf. Maiz-Apellaniz 2006 + Bessell 1990)
# Using YBC version of bolometric corrections as in Chen et al. (2019)
# O-rich circumstellar dpmod60alox40 dust from Groenewegen (2006)
# C-rich circumstellar AMCSIC15 dust from Groenewegen (2006)
# IMF: Kroupa (2001, 2002) + Kroupa et al. (2013) canonical two-part-power law IMF corrected for unresolved binaries 
# Kind of output: isochrone tables
# Zini     MH   logAge Mini        int_IMF         Mass   logL    logTe  logg  label   McoreTP C_O  period0 period1 pmode  Mloss  tau1m   X   Y   Xc  Xn  Xo  Cexcess  Z 	 mbolmag  Umag    Bmag    Vmag    Rmag    Imag    Jmag    Hmag    Kmag
3.9069e-05 -2.19174 10.14301 0.1000000015 1.1711064577    0.100 -2.778  3.5591  5.405    1  0.000  0.545     0.00     0.00 -1 -8.31e-19      0.00 7.444e-01 2.555e-01 1.798e-05 4.851e-06 4.400e-05 -1.000 1.001e-04 11.716 15.879 14.375 12.832 11.762 10.917 9.965 9.686 9.589
3.9069e-05 -2.19174 10.14301 0.1098214313 1.2482755184    0.109 -2.630  3.5743  5.356    1  0.000  0.545     0.00     0.00 -1 -7.27e-18      0.00 7.423e-01 2.576e-01 1.798e-05 4.851e-06 4.400e-05 -1.000 1.000e-04 11.344 14.970 13.741 12.334 11.346 10.576 9.651 9.295 9.177
3.9069e-05 -2.19174 10.14301 0.1294642836 1.3786746264    0.129 -2.387  3.5968  5.275    1  0.000  0.545     0.00     0.00 -1 -3.31e-16      0.00 7.389e-01 2.610e-01 1.798e-05 4.851e-06 4.400e-05 -1.000 1.001e-04 10.737 13.680 12.790 11.555 10.695 9.996 9.126 8.682 8.548
3.9069e-05 -2.19174 10.14301 0.1491071582 1.4855960608    0.149 -2.222  3.6081  5.217    1  0.000  0.545     0.00     0.00 -1 -8.31e-18      0.00 7.369e-01 2.630e-01 1.798e-05 4.851e-06 4.400e-05 -1.000 1.000e-04 10.325 12.995 12.236 11.068 10.263 9.592 8.754 8.282 8.139
3.9069e-05 -2.19174 10.14301 0.1687500030 1.5756140947    0.168 -2.095  3.6154  5.172    1  0.000  0.545     0.00     0.00 -1 -3.32e-17      0.00 7.361e-01 2.638e-01 1.798e-05 4.851e-06 4.400e-05 -1.000 9.993e-05 10.008 12.518 11.835 10.705 9.932 9.277 8.460 7.978 7.829
3.9069e-05 -2.19174 10.14301 0.2080357224 1.7204496861    0.207 -1.893  3.6263  5.104    1  0.000  0.545     0.00     0.00 -1 -1.04e-16      0.00 7.359e-01 2.640e-01 1.798e-05 4.851e-06 4.400e-05 -1.000 9.996e-05 9.501 11.786 11.210 10.131 9.402 8.772 7.988 7.498 7.340
3.9069e-05 -2.19174 10.14301 0.2571428716 1.8581268787    0.257 -1.706  3.6364  5.051    1  0.000  0.545     0.00     0.00 -1 -2.58e-17      0.00 7.362e-01 2.637e-01 1.798e-05 4.852e-06 4.400e-05 -1.000 1.001e-04 9.035 11.126 10.642 9.606 8.914 8.306 7.552 7.064 6.903
3.9069e-05 -2.19174 10.14301 0.3062500358 1.9652637243    0.306 -1.562  3.6448  5.016    1  0.000  0.544     0.00     0.00 -1 -5.56e-18      0.00 7.360e-01 2.639e-01 1.797e-05 4.852e-06 4.400e-05 -1.000 1.001e-04 8.674 10.611 10.199 9.198 8.535 7.944 7.215 6.734 6.573
3.9069e-05 -2.19174 10.14301 0.3553571701 2.0521113873    0.355 -1.439  3.6528  4.990    1  0.000  0.544     0.00     0.00 -1 -5.78e-16      0.00 7.371e-01 2.628e-01 1.796e-05 4.853e-06 4.400e-05 -1.000 1.002e-04 8.367 10.167 9.820 8.851 8.212 7.637 6.932 6.458 6.300
3.9069e-05 -2.19174 10.14301 0.4044643044 2.1246092319    0.404 -1.315  3.6613  4.956    1  0.000  0.545     0.00     0.00 -1 -1.34e-16      0.00 7.500e-01 2.499e-01 1.798e-05 4.851e-06 4.400e-05 -1.000 1.000e-04 8.057 9.713 9.434 8.499 7.885 7.329 6.648 6.183 6.030
3.9069e-05 -2.19174 10.14301 0.4535714388 2.1864814758    0.453 -1.166  3.6748  4.911    1  0.000  0.545     0.00     0.00 -1 -4.46e-15      0.00 7.507e-01 2.492e-01 1.798e-05 4.851e-06 4.400e-05 -1.000 9.999e-05 7.684 9.121 8.945 8.067 7.491 6.962 6.318 5.868 5.727
3.9069e-05 -2.19174 10.14301 0.5026785731 2.2401986122    0.503 -0.998  3.6899  4.848    1  0.000  0.545     0.00     0.00 -1 -6.71e-15      0.00 7.529e-01 2.470e-01 1.784e-05 4.813e-06 4.366e-05 -1.000 1.000e-04 7.264 8.472 8.400 7.589 7.053 6.555 5.950 5.514 5.390
3.9069e-05 -2.19174 10.14301 0.5517857671 2.2851314545    0.551 -0.787  3.7100  4.759    1  0.000  0.544     0.00     0.00 -1 -9.32e-15      0.00 7.905e-01 2.094e-01 1.529e-05 4.130e-06 3.748e-05 -1.000 9.994e-05 6.738 7.671 7.722 7.000 6.514 6.057 5.502 5.088 4.985
3.9069e-05 -2.19174 10.14301 0.6008928418 2.3217256069    0.600 -0.569  3.7362  4.682    1  0.000  0.543     0.00     0.00 -1 -1.99e-14      0.00 8.053e-01 1.946e-01 1.433e-05 3.872e-06 3.516e-05 -1.000 9.881e-05 6.192 6.843 7.015 6.396 5.968 5.560 5.069 4.690 4.610
3.9069e-05 -2.19174 10.14301 0.6022340655 2.3226292133    0.602 -0.563  3.7371  4.680    1  0.000  0.543     0.00     0.00 -1 -2.02e-14      0.00 8.058e-01 1.941e-01 1.429e-05 3.863e-06 3.508e-05 -1.000 9.653e-05 6.177 6.819 6.995 6.378 5.953 5.546 5.057 4.679 4.599
3.9069e-05 -2.19174 10.14301 0.6114439368 2.3287110329    0.611 -0.519  3.7427  4.666    1  0.000  0.543     0.00     0.00 -1 -2.26e-14      0.00 8.094e-01 1.905e-01 1.407e-05 3.803e-06 3.454e-05 -1.000 7.635e-05 6.067 6.657 6.855 6.259 5.845 5.448 4.973 4.602 4.528
3.9069e-05 -2.19174 10.14301 0.6222963333 2.3356127739    0.622 -0.466  3.7493  4.647    1  0.000  0.543     0.00     0.00 -1 -3.26e-23      0.00 8.138e-01 1.861e-01 1.379e-05 3.727e-06 3.385e-05 -1.000 8.091e-05 5.935 6.469 6.690 6.118 5.718 5.334 4.873 4.510 4.442
3.9069e-05 -2.19174 10.14301 0.6319193840 2.3415050507    0.632 -0.419  3.7551  4.630    1  0.000  0.543     0.00     0.00 -1 -4.92e-20      0.00 8.180e-01 1.820e-01 1.352e-05 3.656e-06 3.322e-05 -1.000 3.049e-05 5.817 6.305 6.545 5.993 5.606 5.232 4.783 4.427 4.364
3.9069e-05 -2.19174 10.14301 0.6411698461 2.3469779491    0.641 -0.372  3.7606  4.612    1  0.000  0.542     0.00     0.00 -1 -5.17e-17      0.00 8.221e-01 1.778e-01 1.325e-05 3.585e-06 3.258e-05 -1.000 1.711e-05 5.701 6.148 6.404 5.872 5.496 5.132 4.695 4.344 4.287
3.9069e-05 -2.19174 10.14301 0.6499798298 2.3520240784    0.650 -0.328  3.7657  4.593    1  0.000  0.542     0.00     0.00 -1 -3.64e-14      0.00 8.263e-01 1.737e-01 1.299e-05 3.513e-06 3.194e-05 -1.000 4.373e-05 5.589 6.003 6.271 5.756 5.390 5.035 4.608 4.263 4.211
3.9069e-05 -2.19174 10.14301 0.6499999762 2.3520355225    0.650 -0.328  3.7657  4.593    1  0.000  0.542     0.00     0.00 -1 -3.69e-14      0.00 8.262e-01 1.737e-01 1.298e-05 3.513e-06 3.194e-05 -1.000 9.997e-05 5.589 6.003 6.271 5.756 5.390 5.035 4.608 4.263 4.211
3.9069e-05 -2.19174 10.14301 0.6506932974 2.3524258137    0.650 -0.324  3.7661  4.591    1  0.000  0.542     0.00     0.00 -1 -3.73e-14      0.00 8.266e-01 1.733e-01 1.295e-05 3.506e-06 3.187e-05 -1.000 9.997e-05 5.580 5.991 6.260 5.747 5.382 5.027 4.601 4.257 4.205
3.9069e-05 -2.19174 10.14301 0.6596059203 2.3573608398    0.659 -0.277  3.7711  4.570    1  0.000  0.542     0.00     0.00 -1 -4.23e-14      0.00 8.321e-01 1.678e-01 1.261e-05 3.413e-06 3.104e-05 -1.000 1.000e-04 5.462 5.843 6.122 5.626 5.270 4.924 4.508 4.169 4.122
3.9069e-05 -2.19174 10.14301 0.6675151587 2.3616132736    0.667 -0.233  3.7755  4.550    1  0.000  0.541     0.00     0.00 -1 -1.04e-24      0.00 8.372e-01 1.627e-01 1.228e-05 3.325e-06 3.025e-05 -1.000 7.530e-05 5.354 5.712 5.998 5.516 5.168 4.828 4.420 4.086 4.043
3.9069e-05 -2.19174 10.14301 0.6751780510 2.3656244278    0.675 -0.190  3.7798  4.528    1  0.000  0.541     0.00     0.00 -1 -4.12e-22      0.00 8.424e-01 1.575e-01 1.194e-05 3.236e-06 2.945e-05 -1.000 5.175e-05 5.244 5.581 5.874 5.405 5.065 4.732 4.332 4.003 3.962
3.9069e-05 -2.19174 10.14301 0.6842480898 2.3702387810    0.684 -0.135  3.7848  4.500    1  0.000  0.540     0.00     0.00 -1 -4.65e-19      0.00 8.487e-01 1.512e-01 1.154e-05 3.128e-06 2.848e-05 -1.000 6.905e-05 5.109 5.422 5.719 5.266 4.937 4.612 4.223 3.900 3.864
3.9069e-05 -2.19174 10.14301 0.6925990582 2.3743648529    0.692 -0.082  3.7895  4.470    1  0.000  0.539     0.00     0.00 -1 -2.88e-16      0.00 8.545e-01 1.454e-01 1.118e-05 3.032e-06 2.763e-05 -1.000 9.091e-05 4.975 5.270 5.568 5.130 4.810 4.493 4.114 3.798 3.766
3.9069e-05 -2.19174 10.14301 0.6999999881 2.3779268265    0.700 -0.032  3.7935  4.441    1  0.000  0.539     0.00     0.00 -1 -8.36e-14      0.00 8.595e-01 1.404e-01 1.087e-05 2.952e-06 2.691e-05 -1.000 4.412e-05 4.850 5.130 5.427 5.002 4.690 4.380 4.009 3.700 3.671
3.9069e-05 -2.19174 10.14301 0.7037488222 2.3796982765    0.703 -0.006  3.7954  4.424    1  0.000  0.538     0.00     0.00 -1 -9.01e-14      0.00 8.612e-01 1.388e-01 1.078e-05 2.931e-06 2.673e-05 -1.000 7.808e-06 4.784 5.059 5.355 4.935 4.627 4.320 3.954 3.648 3.620
3.9069e-05 -2.19174 10.14301 0.7104424238 2.3828079700    0.710  0.045  3.7987  4.391    1  0.000  0.536     0.00     0.00 -1 -2.79e-14      0.00 8.639e-01 1.360e-01 1.064e-05 2.898e-06 2.645e-05 -1.000 9.996e-05 4.658 4.923 5.216 4.807 4.505 4.204 3.845 3.545 3.519
3.9069e-05 -2.19174 10.14301 0.7171344161 2.3858499527    0.717  0.099  3.8019  4.354    1  0.000  0.535     0.00     0.00 -1 -1.68e-23      0.00 8.664e-01 1.335e-01 1.051e-05 2.870e-06 2.621e-05 -1.000 9.999e-05 4.522 4.779 5.066 4.667 4.372 4.077 3.724 3.430 3.407
3.9069e-05 -2.19174 10.14301 0.7248644233 2.3892838955    0.724  0.169  3.8053  4.303    1  0.000  0.533     0.00     0.00 -1 -5.28e-22      0.00 8.687e-01 1.312e-01 1.040e-05 2.847e-06 2.601e-05 -1.000 7.583e-05 4.349 4.599 4.878 4.490 4.201 3.913 3.568 3.281 3.259
3.9069e-05 -2.19174 10.14301 0.7320871949 2.3924171925    0.731  0.241  3.8081  4.245    1  0.000  0.532     0.00     0.00 -1 -1.79e-19      0.00 8.702e-01 1.297e-01 1.033e-05 2.835e-06 2.591e-05 -1.000 7.673e-05 4.167 4.414 4.684 4.304 4.022 3.739 3.400 3.119 3.098
3.9069e-05 -2.19174 10.14301 0.7371669412 2.3945784569    0.736  0.298  3.8095  4.198    1  0.000  0.531     0.00     0.00 -1 -1.09e-17      0.00 8.710e-01 1.289e-01 1.030e-05 2.829e-06 2.588e-05 -1.000 1.001e-04 4.026 4.272 4.535 4.161 3.881 3.601 3.266 2.988 2.968
3.9069e-05 -2.19174 10.14301 0.7415758371 2.3964266777    0.741  0.351  3.8101  4.149    1  0.000  0.530     0.00     0.00 -1 -3.95e-16      0.00 8.713e-01 1.286e-01 1.030e-05 2.831e-06 2.591e-05 -1.000 1.000e-04 3.892 4.140 4.396 4.025 3.747 3.468 3.135 2.858 2.839
3.9069e-05 -2.19174 10.14301 0.7426022887 2.3968534470    0.742  0.364  3.8101  4.137    1  0.000  0.530     0.00     0.00 -1 -9.14e-16      0.00 8.713e-01 1.286e-01 1.030e-05 2.832e-06 2.592e-05 -1.000 9.997e-05 3.860 4.108 4.363 3.992 3.715 3.436 3.103 2.826 2.807
3.9069e-05 -2.19174 10.14301 0.7439209819 2.3973996639    0.743  0.383  3.8097  4.117    1  0.000  0.529     0.00     0.00 -1 -2.71e-15      0.00 8.714e-01 1.285e-01 1.030e-05 2.834e-06 2.593e-05 -1.000 1.001e-04 3.813 4.063 4.317 3.945 3.667 3.388 3.053 2.776 2.757
3.9069e-05 -2.19174 10.14301 0.7474982142 2.3988702297    0.746  0.437  3.8075  4.056    1  0.000  0.529     0.00     0.00 -1 -5.26e-14      0.00 8.715e-01 1.284e-01 1.030e-05 2.837e-06 2.597e-05 -1.000 1.000e-04 3.678 3.936 4.186 3.810 3.528 3.246 2.907 2.626 2.605
3.9069e-05 -2.19174 10.14301 0.7499966025 2.3998875618    0.749  0.479  3.8046  4.003    1  0.000  0.528     0.00     0.00 -1 -4.33e-13      0.00 8.716e-01 1.283e-01 1.030e-05 2.839e-06 2.599e-05 -1.000 1.001e-04 3.572 3.839 4.087 3.705 3.418 3.132 2.785 2.499 2.477
3.9069e-05 -2.19174 10.14301 0.7500000000 2.3998889923    0.749  0.479  3.8046  4.003    1  0.000  0.528     0.00     0.00 -1 -4.34e-13      0.00 8.716e-01 1.283e-01 1.030e-05 2.839e-06 2.599e-05 -1.000 9.997e-05 3.571 3.839 4.087 3.705 3.418 3.132 2.785 2.499 2.477
3.9069e-05 -2.19174 10.14301 0.7505418658 2.4001085758    0.749  0.489  3.8039  3.992    1  0.000  0.528     0.00     0.00 -1  -4.5e-13      0.00 8.714e-01 1.285e-01 1.031e-05 2.843e-06 2.603e-05 -1.000 1.000e-04 3.548 3.818 4.065 3.681 3.394 3.106 2.759 2.471 2.449
3.9069e-05 -2.19174 10.14301 0.7510848641 2.4003283978    0.750  0.500  3.8029  3.977    2  0.000  0.528     0.00     0.00 -1 -4.69e-13      0.00 8.713e-01 1.286e-01 1.033e-05 2.847e-06 2.606e-05 -1.000 9.999e-05 3.521 3.794 4.041 3.654 3.365 3.076 2.726 2.437 2.414
3.9069e-05 -2.19174 10.14301 0.7529114485 2.4010648727    0.752  0.540  3.7977  3.917    2  0.000  0.528     0.00     0.00 -1 -5.49e-13      0.00 8.707e-01 1.292e-01 1.037e-05 2.860e-06 2.618e-05 -1.000 1.000e-04 3.419 3.708 3.955 3.556 3.258 2.960 2.598 2.300 2.274
3.9069e-05 -2.19174 10.14301 0.7543097138 2.4016258717    0.753  0.577  3.7913  3.855    2  0.000  0.528     0.00     0.00 -1 -6.41e-13      0.00 8.703e-01 1.296e-01 1.041e-05 2.869e-06 2.627e-05 -1.000 1.001e-04 3.327 3.638 3.884 3.468 3.159 2.851 2.474 2.164 2.135
3.9069e-05 -2.19174 10.14301 0.7554052472 2.4020638466    0.754  0.611  3.7838  3.791    2  0.000  0.528     0.00     0.00 -1 -7.45e-13      0.00 8.699e-01 1.300e-01 1.044e-05 2.877e-06 2.634e-05 -1.000 9.984e-05 3.242 3.581 3.826 3.390 3.067 2.747 2.352 2.028 1.994
3.9069e-05 -2.19174 10.14301 0.7562887669 2.4024159908    0.755  0.643  3.7759  3.729    2  0.000  0.529     0.00     0.00 -1  -8.6e-13      0.00 8.599e-01 1.400e-01 1.113e-05 3.066e-06 2.806e-05 -1.000 2.432e-05 3.164 3.536 3.777 3.319 2.981 2.648 2.236 1.898 1.860
3.9069e-05 -2.19174 10.14301 0.7570301294 2.4027106762    0.756  0.673  3.7686  3.670    2  0.000  0.531     0.00     0.00 -1 -9.86e-13      0.00 8.327e-01 1.672e-01 1.284e-05 3.530e-06 3.223e-05 -1.000 6.744e-05 3.089 3.495 3.730 3.250 2.900 2.556 2.127 1.777 1.733
3.9069e-05 -2.19174 10.14301 0.7576842904 2.4029700756    0.756  0.704  3.7615  3.610    2  0.000  0.534     0.00     0.00 -1 -1.14e-12      0.00 8.082e-01 1.917e-01 1.431e-05 3.924e-06 3.576e-05 -1.000 9.093e-05 3.009 3.451 3.680 3.179 2.816 2.460 2.015 1.653 1.604
3.9069e-05 -2.19174 10.14301 0.7582647204 2.4031999111    0.757  0.739  3.7553  3.551    2  0.000  0.535     0.00     0.00 -1 -1.32e-12      0.00 7.926e-01 2.073e-01 1.523e-05 4.170e-06 3.796e-05 -1.000 9.802e-05 2.922 3.401 3.620 3.099 2.725 2.358 1.899 1.527 1.474
3.9069e-05 -2.19174 10.14301 0.7588396072 2.4034271240    0.757  0.783  3.7499  3.486    2  0.000  0.536     0.00     0.00 -1 -1.57e-12      0.00 7.831e-01 2.168e-01 1.579e-05 4.321e-06 3.930e-05 -1.000 9.994e-05 2.813 3.325 3.534 2.997 2.612 2.237 1.766 1.385 1.328
3.9069e-05 -2.19174 10.14301 0.7592934370 2.4036061764    0.758  0.824  3.7464  3.431    2  0.000  0.536     0.00     0.00 -1 -1.83e-12      0.00 7.781e-01 2.218e-01 1.608e-05 4.398e-06 3.999e-05 -1.000 9.999e-05 2.711 3.248 3.449 2.901 2.509 2.128 1.648 1.261 1.201
3.9069e-05 -2.19174 10.14301 0.7596036792 2.4037284851    0.758  0.854  3.7443  3.393    2  0.000  0.536     0.00     0.00 -1 -2.06e-12      0.00 7.755e-01 2.244e-01 1.623e-05 4.438e-06 4.035e-05 -1.000 9.999e-05 2.635 3.187 3.383 2.828 2.432 2.047 1.562 1.172 1.110
3.9069e-05 -2.19174 10.14301 0.7598825097 2.4038383961    0.758  0.884  3.7427  3.357    3  0.000  0.536     0.00     0.00 -1  -2.3e-12      0.00 7.737e-01 2.262e-01 1.633e-05 4.465e-06 4.059e-05 -1.000 1.000e-04 2.561 3.124 3.316 2.756 2.358 1.970 1.481 1.088 1.025
3.9069e-05 -2.19174 10.14301 0.7602481246 2.4039821625    0.758  0.925  3.7408  3.309    3  0.000  0.537     0.00     0.00 -1 -2.66e-12      0.00 7.716e-01 2.283e-01 1.644e-05 4.494e-06 4.086e-05 -1.000 9.054e-05 2.459 3.036 3.223 2.657 2.255 1.864 1.370 0.974 0.909
3.9069e-05 -2.19174 10.14301 0.7606164217 2.4041268826    0.759  0.968  3.7390  3.258    3  0.000  0.537     0.00     0.00 -1 -3.12e-12      0.00 7.697e-01 2.303e-01 1.653e-05 4.520e-06 4.108e-05 -1.000 8.941e-06 2.350 2.940 3.122 2.551 2.146 1.752 1.254 0.853 0.788
3.9069e-05 -2.19174 10.14301 0.7609692216 2.4042654037    0.759  1.012  3.7375  3.208    3  0.000  0.537     0.00     0.00 -1 -3.66e-12      0.00 7.680e-01 2.319e-01 1.661e-05 4.540e-06 4.127e-05 -1.000 9.915e-05 2.239 2.842 3.018 2.444 2.036 1.640 1.137 0.733 0.666
3.9069e-05 -2.19174 10.14301 0.7613441348 2.4044125080    0.759  1.062  3.7358  3.151    3  0.000  0.537     0.00     0.00 -1 -4.37e-12      0.00 7.664e-01 2.335e-01 1.667e-05 4.558e-06 4.144e-05 -1.000 9.999e-05 2.114 2.730 2.901 2.322 1.911 1.512 1.004 0.597 0.530
3.9069e-05 -2.19174 10.14301 0.7616587877 2.4045357704    0.759  1.107  3.7344  3.101    3  0.000  0.537     0.00     0.00 -1 -5.15e-12      0.00 7.650e-01 2.349e-01 1.673e-05 4.572e-06 4.156e-05 -1.000 1.000e-04 2.002 2.629 2.795 2.212 1.799 1.398 0.886 0.475 0.407
3.9069e-05 -2.19174 10.14301 0.7619770169 2.4046602249    0.760  1.157  3.7329  3.046    3  0.000  0.537     0.00     0.00 -1 -6.14e-12      0.00 7.638e-01 2.361e-01 1.677e-05 4.584e-06 4.166e-05 -1.000 8.744e-05 1.879 2.517 2.679 2.092 1.677 1.273 0.756 0.342 0.273
3.9069e-05 -2.19174 10.14301 0.7622893453 2.4047822952    0.760  1.209  3.7314  2.987    3  0.000  0.537     0.00     0.00 -1 -7.41e-12      0.00 7.626e-01 2.374e-01 1.681e-05 4.596e-06 4.177e-05 -1.000 9.035e-05 1.747 2.397 2.554 1.963 1.545 1.139 0.618 0.200 0.131
3.9069e-05 -2.19174 10.14301 0.7625413537 2.4048807621    0.760  1.256  3.7299  2.935    3  0.000  0.536     0.00     0.00 -1 -8.77e-12      0.00 7.617e-01 2.382e-01 1.683e-05 4.604e-06 4.183e-05 -1.000 9.853e-05 1.631 2.292 2.444 1.849 1.429 1.021 0.495 0.074 0.004
3.9069e-05 -2.19174 10.14301 0.7627844810 2.4049756527    0.760  1.305  3.7285  2.880    3  0.000  0.537     0.00     0.00 -1 -1.05e-11      0.00 7.608e-01 2.391e-01 1.685e-05 4.611e-06 4.189e-05 -1.000 1.000e-04 1.508 2.183 2.328 1.730 1.307 0.896 0.367 -0.059 -0.129
3.9069e-05 -2.19174 10.14301 0.7630028725 2.4050610065    0.760  1.353  3.7271  2.826    3  0.000  0.536     0.00     0.00 -1 -1.24e-11      0.00 7.600e-01 2.399e-01 1.686e-05 4.619e-06 4.194e-05 -1.000 9.996e-05 1.388 2.076 2.215 1.612 1.187 0.774 0.240 -0.188 -0.259
3.9069e-05 -2.19174 10.14301 0.7632007599 2.4051380157    0.760  1.401  3.7256  2.772    3  0.000  0.536     0.00     0.00 -1 -1.47e-11      0.00 7.594e-01 2.405e-01 1.687e-05 4.626e-06 4.198e-05 -1.000 1.000e-04 1.268 1.970 2.103 1.496 1.068 0.652 0.115 -0.318 -0.389
3.9069e-05 -2.19174 10.14301 0.7633777857 2.4052069187    0.760  1.448  3.7241  2.720    3  0.000  0.536     0.00     0.00 -1 -1.75e-11      0.00 7.589e-01 2.410e-01 1.687e-05 4.631e-06 4.200e-05 -1.000 9.999e-05 1.151 1.866 1.993 1.382 0.951 0.533 -0.009 -0.445 -0.517
3.9069e-05 -2.19174 10.14301 0.7635453343 2.4052722454    0.760  1.496  3.7226  2.665    3  0.000  0.535     0.00     0.00 -1 -2.08e-11      0.00 7.584e-01 2.415e-01 1.687e-05 4.637e-06 4.203e-05 -1.000 1.000e-04 1.029 1.757 1.878 1.263 0.830 0.409 -0.137 -0.577 -0.649
3.9069e-05 -2.19174 10.14301 0.7636941075 2.4053301811    0.760  1.544  3.7210  2.611    3  0.000  0.535     0.00     0.00 -1 -2.47e-11      0.00 7.581e-01 2.418e-01 1.687e-05 4.642e-06 4.204e-05 -1.000 1.000e-04 0.910 1.651 1.767 1.147 0.712 0.289 -0.262 -0.706 -0.779
3.9069e-05 -2.19174 10.14301 0.7638263106 2.4053816795    0.760  1.590  3.7195  2.558    3  0.000  0.535     0.00     0.00 -1 -2.92e-11      0.00 7.579e-01 2.420e-01 1.687e-05 4.646e-06 4.206e-05 -1.000 1.000e-04 0.794 1.549 1.660 1.035 0.597 0.171 -0.384 -0.832 -0.906
3.9069e-05 -2.19174 10.14301 0.7639461160 2.4054281712    0.760  1.636  3.7179  2.507    3  0.000  0.535     0.00     0.00 -1 -3.44e-11      0.00 7.578e-01 2.422e-01 1.687e-05 4.649e-06 4.206e-05 -1.000 2.851e-05 0.680 1.449 1.554 0.925 0.484 0.055 -0.505 -0.956 -1.031
3.9069e-05 -2.19174 10.14301 0.7640584111 2.4054718018    0.760  1.683  3.7164  2.454    3  0.000  0.535     0.00     0.00 -1 -4.08e-11      0.00 7.576e-01 2.423e-01 1.686e-05 4.650e-06 4.207e-05 -1.000 1.000e-04 0.563 1.349 1.446 0.811 0.367 -0.064 -0.629 -1.083 -1.159
3.9069e-05 -2.19174 10.14301 0.7641575933 2.4055104256    0.760  1.728  3.7148  2.402    3  0.000  0.534     0.00     0.00 -1 -4.81e-11      0.00 7.576e-01 2.423e-01 1.686e-05 4.651e-06 4.207e-05 -1.000 1.001e-04 0.450 1.255 1.343 0.702 0.254 -0.180 -0.749 -1.207 -1.284
3.9069e-05 -2.19174 10.14301 0.7642492056 2.4055459499    0.759  1.774  3.7132  2.350    3  0.000  0.534     0.00     0.00 -1 -5.67e-11      0.00 7.576e-01 2.423e-01 1.686e-05 4.651e-06 4.207e-05 -1.000 1.001e-04 0.336 1.159 1.238 0.591 0.141 -0.296 -0.870 -1.332 -1.409
3.9069e-05 -2.19174 10.14301 0.7643333077 2.4055786133    0.759  1.819  3.7116  2.298    3  0.000  0.534     0.00     0.00 -1 -6.68e-11      0.00 7.576e-01 2.423e-01 1.686e-05 4.651e-06 4.207e-05 -1.000 1.000e-04 0.222 1.063 1.133 0.481 0.027 -0.412 -0.991 -1.456 -1.534
3.9069e-05 -2.19174 10.14301 0.7644079924 2.4056077003    0.759  1.863  3.7100  2.247    3  0.000  0.534     0.00     0.00 -1 -7.85e-11      0.00 7.576e-01 2.423e-01 1.686e-05 4.651e-06 4.207e-05 -1.000 1.001e-04 0.112 0.971 1.034 0.375 -0.082 -0.525 -1.108 -1.577 -1.656
3.9069e-05 -2.19174 10.14301 0.7644770741 2.4056344032    0.758  1.907  3.7084  2.196    3  0.000  0.534     0.00     0.00 -1 -9.21e-11      0.00 7.576e-01 2.423e-01 1.686e-05 4.652e-06 4.207e-05 -1.000 1.000e-04 0.002 0.881 0.934 0.269 -0.192 -0.637 -1.225 -1.698 -1.777
3.9069e-05 -2.19174 10.14301 0.7645434141 2.4056601524    0.758  1.953  3.7068  2.144    3  0.000  0.534     0.00     0.00 -1 -1.09e-10      0.00 7.576e-01 2.423e-01 1.686e-05 4.652e-06 4.207e-05 -1.000 1.000e-04 -0.113 0.786 0.830 0.158 -0.306 -0.754 -1.347 -1.824 -1.904
3.9069e-05 -2.19174 10.14301 0.7646002173 2.4056823254    0.758  1.996  3.7051  2.094    3  0.000  0.534     0.00     0.00 -1 -1.27e-10      0.00 7.576e-01 2.423e-01 1.686e-05 4.652e-06 4.207e-05 -1.000 1.000e-04 -0.220 0.700 0.735 0.056 -0.411 -0.863 -1.461 -1.942 -2.023
3.9069e-05 -2.19174 10.14301 0.7646527290 2.4057025909    0.757  2.039  3.7034  2.044    3  0.000  0.534     0.00     0.00 -1 -1.49e-10      0.00 7.576e-01 2.423e-01 1.686e-05 4.652e-06 4.207e-05 -1.000 1.000e-04 -0.327 0.613 0.639 -0.047 -0.518 -0.972 -1.575 -2.060 -2.142
3.9069e-05 -2.19174 10.14301 0.7647029161 2.4057221413    0.757  2.083  3.7019  1.993    3  0.000  0.534     0.00     0.00 -1 -1.75e-10      0.00 7.576e-01 2.423e-01 1.687e-05 4.652e-06 4.208e-05 -1.000 9.993e-05 -0.438 0.522 0.538 -0.153 -0.628 -1.085 -1.692 -2.182 -2.264
3.9069e-05 -2.19174 10.14301 0.7647467256 2.4057390690    0.756  2.125  3.7001  1.944    3  0.000  0.534     0.00     0.00 -1 -2.03e-10      0.00 7.576e-01 2.423e-01 1.687e-05 4.652e-06 4.208e-05 -1.000 1.000e-04 -0.542 0.442 0.447 -0.253 -0.731 -1.192 -1.804 -2.297 -2.381
3.9069e-05 -2.19174 10.14301 0.7647877336 2.4057550430    0.756  2.167  3.6985  1.895    3  0.000  0.534     0.00     0.00 -1 -2.37e-10      0.00 7.576e-01 2.423e-01 1.687e-05 4.652e-06 4.208e-05 -1.000 1.000e-04 -0.648 0.362 0.355 -0.353 -0.836 -1.299 -1.917 -2.414 -2.498
3.9069e-05 -2.19174 10.14301 0.7648304105 2.4057714939    0.755  2.210  3.6969  1.846    3  0.000  0.534     0.00     0.00 -1 -2.77e-10      0.00 7.576e-01 2.423e-01 1.687e-05 4.652e-06 4.208e-05 -1.000 1.000e-04 -0.755 0.279 0.260 -0.456 -0.942 -1.409 -2.031 -2.531 -2.616
3.9069e-05 -2.19174 10.14301 0.7648777366 2.4057898521    0.754  2.240  3.6957  1.811    3  0.000  0.534     0.00     0.00 -1 -3.11e-10      0.00 7.576e-01 2.423e-01 1.687e-05 4.652e-06 4.208e-05 -1.000 1.000e-04 -0.830 0.223 0.194 -0.527 -1.016 -1.485 -2.111 -2.614 -2.700
3.9069e-05 -2.19174 10.14301 0.7648938894 2.4057962894    0.754  2.237  3.6960  1.815    3  0.000  0.534     0.00     0.00 -1  -3.1e-10      0.00 7.576e-01 2.423e-01 1.687e-05 4.652e-06 4.208e-05 -1.000 1.000e-04 -0.822 0.227 0.200 -0.520 -1.008 -1.477 -2.101 -2.604 -2.690
3.9069e-05 -2.19174 10.14301 0.7648990750 2.4057981968    0.754  2.243  3.6958  1.807    3  0.000  0.534     0.00     0.00 -1 -3.17e-10      0.00 7.576e-01 2.423e-01 1.687e-05 4.652e-06 4.208e-05 -1.000 9.999e-05 -0.838 0.214 0.186 -0.536 -1.025 -1.494 -2.119 -2.622 -2.708
3.9069e-05 -2.19174 10.14301 0.7649275661 2.4058091640    0.753  2.283  3.6941  1.760    3  0.000  0.534     0.00     0.00 -1 -3.64e-10      0.00 7.576e-01 2.423e-01 1.687e-05 4.652e-06 4.208e-05 -1.000 1.000e-04 -0.939 0.140 0.099 -0.631 -1.124 -1.596 -2.227 -2.734 -2.821
3.9069e-05 -2.19174 10.14301 0.7649562955 2.4058203697    0.753  2.327  3.6924  1.710    3  0.000  0.534     0.00     0.00 -1 -4.25e-10      0.00 7.576e-01 2.423e-01 1.687e-05 4.653e-06 4.208e-05 -1.000 9.996e-05 -1.046 0.059 0.005 -0.733 -1.230 -1.706 -2.341 -2.852 -2.940
3.9069e-05 -2.19174 10.14301 0.7649807334 2.4058299065    0.752  2.365  3.6907  1.664    3  0.000  0.534     0.00     0.00 -1 -4.91e-10      0.00 7.576e-01 2.423e-01 1.687e-05 4.653e-06 4.208e-05 -1.000 1.000e-04 -1.144 -0.012 -0.078 -0.825 -1.326 -1.805 -2.446 -2.961 -3.049
3.9069e-05 -2.19174 10.14301 0.7650048137 2.4058392048    0.751  2.406  3.6889  1.615    3  0.000  0.534     0.00     0.00 -1  -5.7e-10      0.00 7.575e-01 2.424e-01 1.687e-05 4.653e-06 4.208e-05 -1.000 1.001e-04 -1.246 -0.085 -0.164 -0.920 -1.426 -1.909 -2.555 -3.075 -3.164
3.9069e-05 -2.19174 10.14301 0.7650272250 2.4058477879    0.750  2.447  3.6873  1.567    3  0.000  0.534     0.00     0.00 -1 -6.63e-10      0.00 7.575e-01 2.424e-01 1.687e-05 4.653e-06 4.208e-05 -1.000 9.999e-05 -1.348 -0.158 -0.251 -1.017 -1.527 -2.013 -2.664 -3.188 -3.278
3.9069e-05 -2.19174 10.14301 0.7650468349 2.4058554173    0.750  2.486  3.6856  1.521    3  0.000  0.534     0.00     0.00 -1 -7.63e-10      0.00 7.575e-01 2.424e-01 1.687e-05 4.653e-06 4.208e-05 -1.000 9.999e-05 -1.444 -0.199 -0.323 -1.107 -1.623 -2.113 -2.769 -3.297 -3.387
3.9069e-05 -2.19174 10.14301 0.7650663257 2.4058630466    0.749  2.526  3.6837  1.473    3  0.000  0.534     0.00     0.00 -1 -8.87e-10      0.00 7.575e-01 2.424e-01 1.687e-05 4.653e-06 4.208e-05 -1.000 9.999e-05 -1.546 -0.267 -0.407 -1.201 -1.722 -2.216 -2.878 -3.411 -3.502
3.9069e-05 -2.19174 10.14301 0.7650835514 2.4058697224    0.748  2.565  3.6821  1.427    3  0.000  0.534     0.00     0.00 -1 -1.02e-09      0.00 7.575e-01 2.424e-01 1.687e-05 4.653e-06 4.208e-05 -1.000 9.999e-05 -1.643 -0.309 -0.479 -1.291 -1.819 -2.317 -2.983 -3.520 -3.611
3.9069e-05 -2.19174 10.14301 0.7650997043 2.4058759212    0.746  2.604  3.6803  1.381    3  0.000  0.534     0.00     0.00 -1 -1.18e-09      0.00 7.575e-01 2.424e-01 1.687e-05 4.653e-06 4.208e-05 -1.000 9.999e-05 -1.739 -0.341 -0.545 -1.380 -1.915 -2.417 -3.089 -3.630 -3.721
3.9069e-05 -2.19174 10.14301 0.7651150227 2.4058818817    0.745  2.643  3.6785  1.334    3  0.000  0.534     0.00     0.00 -1 -1.36e-09      0.00 7.575e-01 2.424e-01 1.687e-05 4.653e-06 4.208e-05 -1.000 1.000e-04 -1.836 -0.367 -0.610 -1.468 -2.011 -2.519 -3.196 -3.741 -3.832
3.9069e-05 -2.19174 10.14301 0.7651315331 2.4058883190    0.744  2.688  3.6766  1.280    3  0.000  0.534     0.00     0.00 -1 -1.61e-09      0.00 7.575e-01 2.424e-01 1.687e-05 4.653e-06 4.208e-05 -1.000 1.000e-04 -1.950 -0.395 -0.684 -1.570 -2.123 -2.637 -3.320 -3.869 -3.960
3.9069e-05 -2.19174 10.14301 0.7651448250 2.4058935642    0.742  2.727  3.6746  1.232    3  0.000  0.534     0.00     0.00 -1 -1.86e-09      0.00 7.575e-01 2.424e-01 1.687e-05 4.653e-06 4.208e-05 -1.000 1.001e-04 -2.048 -0.405 -0.741 -1.656 -2.220 -2.739 -3.429 -3.982 -4.073
3.9069e-05 -2.19174 10.14301 0.7651585340 2.4058988094    0.741  2.770  3.6726  1.180    3  0.000  0.534     0.00     0.00 -1 -2.19e-09      0.00 7.575e-01 2.424e-01 1.687e-05 4.653e-06 4.208e-05 -1.000 9.999e-05 -2.156 -0.415 -0.803 -1.751 -2.326 -2.852 -3.548 -4.106 -4.197
3.9069e-05 -2.19174 10.14301 0.7651697993 2.4059031010    0.739  2.809  3.6709  1.133    3  0.000  0.534     0.00     0.00 -1 -2.53e-09      0.00 7.575e-01 2.424e-01 1.687e-05 4.653e-06 4.208e-05 -1.000 9.999e-05 -2.252 -0.417 -0.854 -1.835 -2.420 -2.952 -3.654 -4.217 -4.307
3.9069e-05 -2.19174 10.14301 0.7651813030 2.4059076309    0.737  2.850  3.6687  1.082    3  0.000  0.534     0.00     0.00 -1 -2.95e-09      0.00 7.575e-01 2.424e-01 1.687e-05 4.653e-06 4.208e-05 -1.000 1.000e-04 -2.355 -0.399 -0.900 -1.921 -2.521 -3.061 -3.770 -4.338 -4.428
3.9069e-05 -2.19174 10.14301 0.7651908994 2.4059114456    0.735  2.887  3.6671  1.038    3  0.000  0.534     0.00     0.00 -1 -3.39e-09      0.00 7.575e-01 2.424e-01 1.687e-05 4.653e-06 4.208e-05 -1.000 1.000e-04 -2.447 -0.392 -0.945 -1.999 -2.610 -3.156 -3.871 -4.444 -4.533
3.9069e-05 -2.19174 10.14301 0.7652009130 2.4059152603    0.733  2.928  3.6648  0.986    3  0.000  0.534     0.00     0.00 -1 -3.96e-09      0.00 7.575e-01 2.424e-01 1.687e-05 4.653e-06 4.208e-05 -1.000 1.000e-04 -2.551 -0.349 -0.978 -2.080 -2.708 -3.264 -3.987 -4.565 -4.655
3.9069e-05 -2.19174 10.14301 0.7652111053 2.4059190750    0.730  2.973  3.6626  0.931    3  0.000  0.534     0.00     0.00 -1 -4.69e-09      0.00 7.575e-01 2.424e-01 1.687e-05 4.653e-06 4.208e-05 -1.000 1.000e-04 -2.663 -0.302 -1.010 -2.167 -2.815 -3.382 -4.114 -4.696 -4.785
3.9069e-05 -2.19174 10.14301 0.7652193904 2.4059224129    0.727  3.012  3.6606  0.882    3  0.000  0.534     0.00     0.00 -1 -5.43e-09      0.00 7.575e-01 2.424e-01 1.687e-05 4.653e-06 4.208e-05 -1.000 9.999e-05 -2.760 -0.242 -1.027 -2.238 -2.907 -3.485 -4.224 -4.811 -4.899
3.9069e-05 -2.19174 10.14301 0.7652264237 2.4059250355    0.725  3.048  3.6587  0.838    3  0.000  0.534     0.00     0.00 -1 -6.21e-09      0.00 7.575e-01 2.424e-01 1.687e-05 4.653e-06 4.208e-05 -1.000 1.000e-04 -2.849 -0.179 -1.038 -2.300 -2.989 -3.577 -4.324 -4.916 -5.003
3.9069e-05 -2.19174 10.14301 0.7652337551 2.4059278965    0.722  3.086  3.6567  0.789    3  0.000  0.534     0.00     0.00 -1  -7.2e-09      0.00 7.575e-01 2.424e-01 1.687e-05 4.653e-06 4.208e-05 -1.000 1.000e-04 -2.946 -0.145 -1.063 -2.370 -3.077 -3.676 -4.432 -5.029 -5.115
3.9069e-05 -2.19174 10.14301 0.7652412653 2.4059307575    0.718  3.128  3.6545  0.736    3  0.000  0.534     0.00     0.00 -1 -8.45e-09      0.00 7.575e-01 2.424e-01 1.687e-05 4.653e-06 4.208e-05 -1.000 1.000e-04 -3.051 -0.128 -1.099 -2.447 -3.171 -3.781 -4.547 -5.149 -5.237
3.9069e-05 -2.19174 10.14301 0.7652475238 2.4059333801    0.714  3.166  3.6525  0.688    3  0.000  0.534     0.00     0.00 -1 -9.76e-09      0.00 7.575e-01 2.424e-01 1.687e-05 4.653e-06 4.208e-05 -1.000 1.000e-04 -3.144 -0.114 -1.131 -2.515 -3.256 -3.876 -4.650 -5.257 -5.345
3.9069e-05 -2.19174 10.14301 0.7652538419 2.4059357643    0.710  3.205  3.6504  0.638    3  0.000  0.534     0.00     0.00 -1 -1.14e-08      0.00 7.575e-01 2.424e-01 1.687e-05 4.653e-06 4.208e-05 -1.000 1.000e-04 -3.242 -0.096 -1.162 -2.585 -3.344 -3.974 -4.758 -5.370 -5.458
3.9069e-05 -2.19174 10.14301 0.7652597427 2.4059379101    0.706  3.241  3.6484  0.591    3  0.000  0.534     0.00     0.00 -1 -1.31e-08      0.00 7.575e-01 2.424e-01 1.687e-05 4.653e-06 4.208e-05 -1.000 9.997e-05 -3.333 -0.084 -1.194 -2.651 -3.425 -4.065 -4.857 -5.475 -5.563
3.9069e-05 -2.19174 10.14301 0.7652614117 2.4059386253    0.704  3.251  3.6480  0.579    3  0.000  0.534     0.00     0.00 -1 -1.36e-08      0.00 7.575e-01 2.424e-01 1.687e-05 4.653e-06 4.208e-05 -1.000 9.999e-05 -3.356 -0.083 -1.203 -2.668 -3.446 -4.088 -4.882 -5.502 -5.590
3.9069e-05 -2.19174 10.14301 0.7652614117 2.4059386253    0.704  1.617  4.0009  3.625    4  0.000  0.533     0.00     0.00 -1    -1e-30      0.00 7.562e-01 2.437e-01 1.688e-05 4.684e-06 4.222e-05 -1.000 1.000e-04 0.728 0.907 1.001 1.042 1.054 1.063 1.089 1.097 1.105
3.9069e-05 -2.19174 10.14301 0.7652627230 2.4059391022    0.704  1.627  3.9951  3.591    4  0.000  0.533     0.00     0.00 -1    -1e-30      0.00 7.562e-01 2.437e-01 1.688e-05 4.684e-06 4.222e-05 -1.000 1.001e-04 0.703 0.875 0.953 0.989 0.998 1.005 1.024 1.029 1.036
3.9069e-05 -2.19174 10.14301 0.7653038502 2.4059550762    0.704  1.644  3.9865  3.540    4  0.000  0.533     0.00     0.00 -1    -1e-30      0.00 7.562e-01 2.437e-01 1.688e-05 4.684e-06 4.222e-05 -1.000 1.000e-04 0.660 0.822 0.876 0.907 0.912 0.913 0.922 0.924 0.929
3.9069e-05 -2.19174 10.14301 0.7653460503 2.4059715271    0.704  1.645  3.9858  3.536    4  0.000  0.533     0.00     0.00 -1    -1e-30      0.00 7.562e-01 2.437e-01 1.688e-05 4.684e-06 4.222e-05 -1.000 9.994e-05 0.657 0.819 0.871 0.901 0.906 0.907 0.915 0.917 0.921
3.9069e-05 -2.19174 10.14301 0.7653889060 2.4059879780    0.704  1.645  3.9853  3.534    4  0.000  0.533     0.00     0.00 -1    -1e-30      0.00 7.562e-01 2.437e-01 1.688e-05 4.684e-06 4.222e-05 -1.000 9.999e-05 0.657 0.819 0.870 0.899 0.903 0.904 0.911 0.913 0.917
3.9069e-05 -2.19174 10.14301 0.7654328942 2.4060051441    0.704  1.645  3.9845  3.531    4  0.000  0.533     0.00     0.00 -1    -1e-30      0.00 7.562e-01 2.437e-01 1.688e-05 4.684e-06 4.222e-05 -1.000 1.000e-04 0.657 0.818 0.866 0.895 0.899 0.899 0.905 0.907 0.910
3.9069e-05 -2.19174 10.14301 0.7654767036 2.4060220718    0.705  1.646  3.9833  3.525    4  0.000  0.533     0.00     0.00 -1    -1e-30      0.00 7.562e-01 2.437e-01 1.688e-05 4.684e-06 4.222e-05 -1.000 1.000e-04 0.656 0.815 0.861 0.888 0.892 0.891 0.896 0.897 0.900
3.9069e-05 -2.19174 10.14301 0.7655210495 2.4060392380    0.705  1.647  3.9818  3.519    4  0.000  0.533     0.00     0.00 -1    -1e-30      0.00 7.562e-01 2.437e-01 1.688e-05 4.684e-06 4.222e-05 -1.000 1.000e-04 0.654 0.812 0.853 0.879 0.882 0.881 0.884 0.884 0.887
3.9069e-05 -2.19174 10.14301 0.7655656338 2.4060564041    0.705  1.648  3.9798  3.510    4  0.000  0.533     0.00     0.00 -1    -1e-30      0.00 7.562e-01 2.437e-01 1.688e-05 4.684e-06 4.222e-05 -1.000 1.000e-04 0.651 0.808 0.843 0.867 0.870 0.867 0.867 0.867 0.869
3.9069e-05 -2.19174 10.14301 0.7656108141 2.4060738087    0.705  1.649  3.9776  3.499    4  0.000  0.533     0.00     0.00 -1    -1e-30      0.00 7.562e-01 2.437e-01 1.688e-05 4.684e-06 4.222e-05 -1.000 1.001e-04 0.647 0.803 0.832 0.854 0.855 0.851 0.849 0.847 0.849
3.9069e-05 -2.19174 10.14301 0.7656536102 2.4060904980    0.705  1.651  3.9751  3.488    4  0.000  0.533     0.00     0.00 -1    -1e-30      0.00 7.562e-01 2.437e-01 1.688e-05 4.684e-06 4.222e-05 -1.000 1.000e-04 0.643 0.798 0.820 0.839 0.839 0.833 0.827 0.824 0.826
3.9069e-05 -2.19174 10.14301 0.7656964064 2.4061069489    0.705  1.653  3.9722  3.474    4  0.000  0.533     0.00     0.00 -1    -1e-30      0.00 7.562e-01 2.437e-01 1.688e-05 4.684e-06 4.222e-05 -1.000 1.001e-04 0.638 0.791 0.806 0.822 0.820 0.812 0.803 0.798 0.799
3.9069e-05 -2.19174 10.14301 0.7657378912 2.4061231613    0.705  1.655  3.9689  3.458    4  0.000  0.533     0.00     0.00 -1    -1e-30      0.00 7.562e-01 2.437e-01 1.688e-05 4.684e-06 4.222e-05 -1.000 1.000e-04 0.632 0.784 0.789 0.802 0.798 0.788 0.774 0.768 0.768
3.9069e-05 -2.19174 10.14301 0.7657793164 2.4061391354    0.705  1.658  3.9652  3.441    4  0.000  0.533     0.00     0.00 -1    -1e-30      0.00 7.562e-01 2.437e-01 1.688e-05 4.684e-06 4.222e-05 -1.000 1.000e-04 0.625 0.776 0.772 0.781 0.775 0.762 0.743 0.734 0.733
3.9069e-05 -2.19174 10.14301 0.7657813430 2.4061398506    0.705  1.658  3.9650  3.440    4  0.000  0.533     0.00     0.00 -1    -1e-30      0.00 7.562e-01 2.437e-01 1.688e-05 4.684e-06 4.222e-05 -1.000 1.000e-04 0.625 0.775 0.771 0.780 0.773 0.760 0.741 0.733 0.732
3.9069e-05 -2.19174 10.14301 0.7658190131 2.4061543941    0.705  1.661  3.9611  3.421    4  0.000  0.533     0.00     0.00 -1    -1e-30      0.00 7.562e-01 2.437e-01 1.688e-05 4.684e-06 4.222e-05 -1.000 1.001e-04 0.617 0.766 0.752 0.757 0.748 0.732 0.707 0.696 0.695
3.9069e-05 -2.19174 10.14301 0.7658587098 2.4061698914    0.705  1.665  3.9565  3.399    4  0.000  0.533     0.00     0.00 -1    -1e-30      0.00 7.562e-01 2.437e-01 1.688e-05 4.684e-06 4.222e-05 -1.000 1.001e-04 0.608 0.757 0.732 0.731 0.719 0.699 0.668 0.654 0.651
3.9069e-05 -2.19174 10.14301 0.7658978701 2.4061849117    0.705  1.669  3.9515  3.375    4  0.000  0.533     0.00     0.00 -1    -1e-30      0.00 7.562e-01 2.437e-01 1.688e-05 4.684e-06 4.222e-05 -1.000 1.000e-04 0.599 0.746 0.711 0.704 0.688 0.663 0.625 0.608 0.604
3.9069e-05 -2.19174 10.14301 0.7659406066 2.4062013626    0.705  1.673  3.9457  3.348    4  0.000  0.533     0.00     0.00 -1    -1e-30      0.00 7.562e-01 2.437e-01 1.688e-05 4.684e-06 4.222e-05 -1.000 1.000e-04 0.587 0.736 0.688 0.674 0.653 0.623 0.576 0.555 0.550
3.9069e-05 -2.19174 10.14301 0.7659801841 2.4062166214    0.705  1.678  3.9399  3.320    4  0.000  0.533     0.00     0.00 -1    -1e-30      0.00 7.562e-01 2.437e-01 1.688e-05 4.684e-06 4.222e-05 -1.000 1.000e-04 0.576 0.725 0.666 0.644 0.619 0.582 0.527 0.501 0.495
3.9069e-05 -2.19174 10.14301 0.7660207152 2.4062323570    0.705  1.683  3.9334  3.289    4  0.000  0.533     0.00     0.00 -1    -1e-30      0.00 7.562e-01 2.437e-01 1.688e-05 4.684e-06 4.222e-05 -1.000 9.997e-05 0.563 0.716 0.645 0.614 0.582 0.539 0.473 0.441 0.434
3.9069e-05 -2.19174 10.14301 0.7660602331 2.4062476158    0.705  1.688  3.9268  3.258    4  0.000  0.533     0.00     0.00 -1    -1e-30      0.00 7.562e-01 2.437e-01 1.688e-05 4.684e-06 4.222e-05 -1.000 1.000e-04 0.550 0.707 0.627 0.586 0.546 0.495 0.417 0.380 0.371
3.9069e-05 -2.19174 10.14301 0.7660995722 2.4062628746    0.705  1.693  3.9198  3.224    4  0.000  0.533     0.00     0.00 -1    -1e-30      0.00 7.562e-01 2.437e-01 1.688e-05 4.684e-06 4.222e-05 -1.000 1.000e-04 0.536 0.697 0.610 0.558 0.510 0.449 0.360 0.316 0.305
3.9069e-05 -2.19174 10.14301 0.7661072016 2.4062657356    0.705  1.695  3.9185  3.218    4  0.000  0.533     0.00     0.00 -1    -1e-30      0.00 7.562e-01 2.437e-01 1.688e-05 4.684e-06 4.222e-05 -1.000 1.000e-04 0.534 0.696 0.608 0.553 0.503 0.441 0.349 0.303 0.292
3.9069e-05 -2.19174 10.14301 0.7661269307 2.4062733650    0.705  1.697  3.9152  3.202    4  0.000  0.533     0.00     0.00 -1    -1e-30      0.00 7.562e-01 2.437e-01 1.688e-05 4.684e-06 4.222e-05 -1.000 9.999e-05 0.527 0.691 0.602 0.541 0.487 0.419 0.322 0.272 0.261
3.9069e-05 -2.19174 10.14301 0.7661679387 2.4062893391    0.705  1.703  3.9079  3.167    4  0.000  0.533     0.00     0.00 -1    -1e-30      0.00 7.562e-01 2.437e-01 1.688e-05 4.684e-06 4.222e-05 -1.000 1.001e-04 0.513 0.683 0.591 0.516 0.452 0.373 0.263 0.204 0.192
3.9069e-05 -2.19174 10.14301 0.7662070394 2.4063043594    0.705  1.709  3.9006  3.132    4  0.000  0.533     0.00     0.00 -1    -1e-30      0.00 7.562e-01 2.437e-01 1.688e-05 4.684e-06 4.222e-05 -1.000 1.000e-04 0.498 0.676 0.583 0.493 0.418 0.328 0.204 0.136 0.123
3.9069e-05 -2.19174 10.14301 0.7662470341 2.4063198566    0.705  1.715  3.8925  3.093    4  0.000  0.533     0.00     0.00 -1    -1e-30      0.00 7.562e-01 2.437e-01 1.688e-05 4.684e-06 4.222e-05 -1.000 1.000e-04 0.482 0.669 0.581 0.471 0.382 0.280 0.140 0.060 0.046
3.9069e-05 -2.19174 10.14301 0.7662859559 2.4063348770    0.705  1.722  3.8844  3.054    4  0.000  0.533     0.00     0.00 -1    -1e-30      0.00 7.562e-01 2.437e-01 1.688e-05 4.684e-06 4.222e-05 -1.000 1.000e-04 0.466 0.663 0.584 0.453 0.349 0.232 0.077 -0.017 -0.032
3.9069e-05 -2.19174 10.14301 0.7663248181 2.4063498974    0.705  1.728  3.8769  3.018    4  0.000  0.533     0.00     0.00 -1    -1e-30      0.00 7.562e-01 2.437e-01 1.688e-05 4.684e-06 4.222e-05 -1.000 1.000e-04 0.451 0.657 0.590 0.438 0.319 0.189 0.018 -0.088 -0.104
3.9069e-05 -2.19174 10.14301 0.7663643956 2.4063651562    0.705  1.734  3.8690  2.980    4  0.000  0.533     0.00     0.00 -1    -1e-30      0.00 7.562e-01 2.437e-01 1.688e-05 4.684e-06 4.222e-05 -1.000 9.999e-05 0.434 0.652 0.598 0.424 0.290 0.146 -0.042 -0.163 -0.179
3.9069e-05 -2.19174 10.14301 0.7664040923 2.4063804150    0.706  1.740  3.8618  2.945    4  0.000  0.533     0.00     0.00 -1    -1e-30      0.00 7.562e-01 2.437e-01 1.688e-05 4.684e-06 4.222e-05 -1.000 1.000e-04 0.419 0.646 0.605 0.413 0.265 0.107 -0.097 -0.232 -0.249
3.9069e-05 -2.19174 10.14301 0.7664430737 2.4063954353    0.706  1.747  3.8542  2.908    4  0.000  0.533     0.00     0.00 -1    -1e-30      0.00 7.562e-01 2.437e-01 1.688e-05 4.684e-06 4.222e-05 -1.000 9.999e-05 0.403 0.640 0.615 0.404 0.240 0.067 -0.154 -0.304 -0.322
3.9069e-05 -2.19174 10.14301 0.7664825320 2.4064106941    0.706  1.753  3.8470  2.873    4  0.000  0.533     0.00     0.00 -1    -1e-30      0.00 7.562e-01 2.437e-01 1.688e-05 4.684e-06 4.222e-05 -1.000 1.000e-04 0.386 0.635 0.623 0.394 0.217 0.030 -0.207 -0.372 -0.391
3.9069e-05 -2.19174 10.14301 0.7665241957 2.4064269066    0.706  1.763  3.8375  2.826    4  0.000  0.533     0.00     0.00 -1    -1e-30      0.00 7.562e-01 2.437e-01 1.688e-05 4.684e-06 4.222e-05 -1.000 9.999e-05 0.363 0.628 0.635 0.382 0.185 -0.020 -0.279 -0.465 -0.485
3.9069e-05 -2.19174 10.14301 0.7665631175 2.4064419270    0.706  1.773  3.8273  2.775    4  0.000  0.533     0.00     0.00 -1    -1e-30      0.00 7.562e-01 2.437e-01 1.688e-05 4.684e-06 4.222e-05 -1.000 1.001e-04 0.338 0.621 0.648 0.369 0.153 -0.072 -0.356 -0.564 -0.586
3.9069e-05 -2.19174 10.14301 0.7665959597 2.4064545631    0.706  1.784  3.8169  2.722    4  0.000  0.533     0.00     0.00 -1    -1e-30      0.00 7.562e-01 2.437e-01 1.688e-05 4.684e-06 4.222e-05 -1.000 9.993e-05 0.310 0.616 0.661 0.356 0.118 -0.126 -0.435 -0.667 -0.691
3.9069e-05 -2.19174 10.14301 0.7666168213 2.4064624310    0.706  1.797  3.8071  2.670    4  0.000  0.533     0.00     0.00 -1    -1e-30      0.00 7.562e-01 2.437e-01 1.688e-05 4.684e-06 4.222e-05 -1.000 1.000e-04 0.278 0.607 0.671 0.338 0.080 -0.183 -0.515 -0.770 -0.796
3.9069e-05 -2.19174 10.14301 0.7666316032 2.4064681530    0.706  1.810  3.7975  2.619    4  0.000  0.533     0.00     0.00 -1    -1e-30      0.00 7.562e-01 2.437e-01 1.688e-05 4.684e-06 4.222e-05 -1.000 1.000e-04 0.246 0.601 0.684 0.322 0.044 -0.237 -0.593 -0.870 -0.899
3.9069e-05 -2.19174 10.14301 0.7666404247 2.4064717293    0.706  1.821  3.7885  2.571    4  0.000  0.533     0.00     0.00 -1    -1e-30      0.00 7.562e-01 2.437e-01 1.688e-05 4.684e-06 4.222e-05 -1.000 1.000e-04 0.217 0.600 0.699 0.309 0.013 -0.285 -0.664 -0.962 -0.995
3.9069e-05 -2.19174 10.14301 0.7666469812 2.4064741135    0.706  1.834  3.7789  2.521    4  0.000  0.533     0.00     0.00 -1    -1e-30      0.00 7.562e-01 2.437e-01 1.688e-05 4.684e-06 4.222e-05 -1.000 1.000e-04 0.186 0.602 0.715 0.296 -0.020 -0.335 -0.739 -1.059 -1.096
3.9069e-05 -2.19174 10.14301 0.7666516304 2.4064760208    0.706  1.846  3.7707  2.476    4  0.000  0.533     0.00     0.00 -1    -1e-30      0.00 7.562e-01 2.437e-01 1.688e-05 4.684e-06 4.222e-05 -1.000 1.000e-04 0.155 0.606 0.724 0.281 -0.051 -0.381 -0.807 -1.147 -1.187
3.9069e-05 -2.19174 10.14301 0.7666555643 2.4064774513    0.706  1.862  3.7618  2.424    4  0.000  0.533     0.00     0.00 -1    -1e-30      0.00 7.562e-01 2.437e-01 1.688e-05 4.684e-06 4.222e-05 -1.000 9.999e-05 0.114 0.604 0.728 0.257 -0.092 -0.439 -0.887 -1.249 -1.292
3.9069e-05 -2.19174 10.14301 0.7666587234 2.4064786434    0.706  1.884  3.7533  2.368    4  0.000  0.533     0.00     0.00 -1    -1e-30      0.00 7.562e-01 2.437e-01 1.688e-05 4.684e-06 4.222e-05 -1.000 1.000e-04 0.060 0.593 0.719 0.220 -0.147 -0.508 -0.979 -1.359 -1.408
3.9069e-05 -2.19174 10.14301 0.7666607499 2.4064795971    0.706  1.908  3.7456  2.313    4  0.000  0.533     0.00     0.00 -1    -1e-30      0.00 7.562e-01 2.437e-01 1.688e-05 4.684e-06 4.222e-05 -1.000 9.999e-05 -0.001 0.576 0.699 0.175 -0.207 -0.582 -1.073 -1.470 -1.523
3.9069e-05 -2.19174 10.14301 0.7666621208 2.4064800739    0.706  1.936  3.7389  2.259    4  0.000  0.533     0.00     0.00 -1    -1e-30      0.00 7.562e-01 2.437e-01 1.688e-05 4.684e-06 4.222e-05 -1.000 9.999e-05 -0.069 0.550 0.668 0.121 -0.274 -0.661 -1.169 -1.581 -1.639
3.9069e-05 -2.19174 10.14301 0.7666628361 2.4064803123    0.706  1.958  3.7345  2.218    7  0.000  0.533     0.00     0.00 -1    -1e-30      0.00 7.562e-01 2.437e-01 1.688e-05 4.684e-06 4.222e-05 -1.000 1.000e-04 -0.126 0.526 0.635 0.073 -0.330 -0.726 -1.245 -1.667 -1.727
3.9069e-05 -2.19174 10.14301 0.7666634321 2.4064805508    0.706  1.987  3.7305  2.174    7  0.000  0.533     0.00     0.00 -1    -1e-30      0.00 7.562e-01 2.437e-01 1.688e-05 4.684e-06 4.222e-05 -1.000 9.999e-05 -0.197 0.485 0.586 0.011 -0.401 -0.804 -1.334 -1.764 -1.826
3.9069e-05 -2.19174 10.14301 0.7666641474 2.4064807892    0.706  2.023  3.7262  2.120    7  0.000  0.533     0.00     0.00 -1    -1e-30      0.00 7.562e-01 2.437e-01 1.688e-05 4.684e-06 4.222e-05 -1.000 1.000e-04 -0.288 0.432 0.521 -0.071 -0.491 -0.902 -1.443 -1.883 -1.948
3.9069e-05 -2.19174 10.14301 0.7666648626 2.4064810276    0.706  2.061  3.7224  2.067    7  0.000  0.533     0.00     0.00 -1    -1e-30      0.00 7.562e-01 2.437e-01 1.688e-05 4.684e-06 4.222e-05 -1.000 1.000e-04 -0.383 0.371 0.449 -0.156 -0.584 -1.002 -1.554 -2.002 -2.069
3.9069e-05 -2.19174 10.14301 0.7666655779 2.4064812660    0.706  2.099  3.7191  2.016    7  0.000  0.533     0.00     0.00 -1    -1e-30      0.00 7.562e-01 2.437e-01 1.688e-05 4.684e-06 4.222e-05 -1.000 9.997e-05 -0.477 0.308 0.376 -0.242 -0.677 -1.101 -1.662 -2.117 -2.187
3.9069e-05 -2.19174 10.14301 0.7666665316 2.4064817429    0.706  2.131  3.7166  1.974    7  0.000  0.533     0.00     0.00 -1    -1e-30      0.00 7.562e-01 2.437e-01 1.688e-05 4.684e-06 4.222e-05 -1.000 9.999e-05 -0.557 0.255 0.312 -0.316 -0.756 -1.184 -1.753 -2.213 -2.284
3.9069e-05 -2.19174 10.14301 0.7666684389 2.4064824581    0.706  2.141  3.7160  1.962    7  0.000  0.533     0.00     0.00 -1    -1e-30      0.00 7.562e-01 2.437e-01 1.688e-05 4.684e-06 4.222e-05 -1.000 1.001e-04 -0.583 0.236 0.290 -0.341 -0.782 -1.212 -1.781 -2.243 -2.314
3.9069e-05 -2.19174 10.14301 0.7666714787 2.4064836502    0.706  2.123  3.7174  1.986    7  0.000  0.533     0.00     0.00 -1    -1e-30      0.00 7.562e-01 2.437e-01 1.688e-05 4.684e-06 4.222e-05 -1.000 9.999e-05 -0.537 0.266 0.327 -0.298 -0.737 -1.163 -1.729 -2.188 -2.258
3.9069e-05 -2.19174 10.14301 0.7666904330 2.4064910412    0.706  2.141  3.7152  1.959    7  0.000  0.533     0.00     0.00 -1    -1e-30      0.00 7.562e-01 2.437e-01 1.688e-05 4.684e-06 4.222e-05 -1.000 1.000e-04 -0.582 0.245 0.297 -0.337 -0.781 -1.212 -1.784 -2.247 -2.319
3.9069e-05 -2.19174 10.14301 0.7667026520 2.4064955711    0.706  2.183  3.7119  1.903    7  0.000  0.533     0.00     0.00 -1    -1e-30      0.00 7.562e-01 2.437e-01 1.688e-05 4.684e-06 4.222e-05 -1.000 9.991e-05 -0.687 0.177 0.214 -0.434 -0.885 -1.322 -1.903 -2.373 -2.447
3.9069e-05 -2.19174 10.14301 0.7667205334 2.4065024853    0.706  2.234  3.7084  1.838    7  0.000  0.533     0.00     0.00 -1    -1e-30      0.00 7.562e-01 2.437e-01 1.688e-05 4.684e-06 4.222e-05 -1.000 1.000e-04 -0.814 0.091 0.111 -0.552 -1.011 -1.455 -2.045 -2.523 -2.599
3.9069e-05 -2.19174 10.14301 0.7667351961 2.4065082073    0.706  2.276  3.7057  1.786    7  0.000  0.533     0.00     0.00 -1    -1e-30      0.00 7.562e-01 2.437e-01 1.688e-05 4.684e-06 4.222e-05 -1.000 9.996e-05 -0.919 0.022 0.026 -0.649 -1.114 -1.563 -2.161 -2.645 -2.723
3.9069e-05 -2.19174 10.14301 0.7667483091 2.4065132141    0.706  2.317  3.7031  1.734    7  0.000  0.533     0.00     0.00 -1    -1e-30      0.00 7.562e-01 2.437e-01 1.688e-05 4.684e-06 4.222e-05 -1.000 1.001e-04 -1.023 -0.049 -0.059 -0.746 -1.217 -1.671 -2.276 -2.766 -2.845
3.9069e-05 -2.19174 10.14301 0.7667599320 2.4065177441    0.706  2.359  3.7007  1.683    7  0.000  0.533     0.00     0.00 -1    -1e-30      0.00 7.562e-01 2.437e-01 1.688e-05 4.686e-06 4.222e-05 -1.000 1.000e-04 -1.126 -0.120 -0.144 -0.842 -1.319 -1.778 -2.390 -2.885 -2.965
3.9069e-05 -2.19174 10.14301 0.7667701840 2.4065217972    0.706  2.400  3.6983  1.632    7  0.000  0.532     0.00     0.00 -1    -1e-30      0.00 7.562e-01 2.437e-01 1.685e-05 4.694e-06 4.222e-05 -1.000 1.000e-04 -1.230 -0.190 -0.229 -0.938 -1.421 -1.884 -2.503 -3.004 -3.086
3.9069e-05 -2.19174 10.14301 0.7667792439 2.4065251350    0.706  2.441  3.6960  1.581    7  0.000  0.528     0.00     0.00 -1    -1e-30      0.00 7.562e-01 2.437e-01 1.672e-05 4.761e-06 4.222e-05 -1.000 9.999e-05 -1.333 -0.258 -0.312 -1.033 -1.521 -1.990 -2.616 -3.122 -3.205
3.9069e-05 -2.19174 10.14301 0.7667872310 2.4065282345    0.706  2.482  3.6937  1.532    7  0.000  0.518     0.00     0.00 -1    -1e-30      0.00 7.562e-01 2.437e-01 1.640e-05 5.048e-06 4.222e-05 -1.000 1.000e-04 -1.435 -0.326 -0.395 -1.127 -1.621 -2.094 -2.727 -3.238 -3.323
3.9069e-05 -2.19174 10.14301 0.7667945623 2.4065310955    0.706  2.523  3.6914  1.482    7  0.000  0.501     0.00     0.00 -1    -1e-30      0.00 7.562e-01 2.437e-01 1.587e-05 5.647e-06 4.222e-05 -1.000 9.997e-05 -1.537 -0.394 -0.478 -1.222 -1.721 -2.199 -2.839 -3.355 -3.441
3.9069e-05 -2.19174 10.14301 0.7668012977 2.4065337181    0.706  2.563  3.6892  1.432    7  0.000  0.483     0.00     0.00 -1    -1e-30      0.00 7.561e-01 2.438e-01 1.529e-05 6.346e-06 4.222e-05 -1.000 1.001e-04 -1.638 -0.458 -0.558 -1.315 -1.820 -2.302 -2.949 -3.471 -3.558
3.9069e-05 -2.19174 10.14301 0.7668075562 2.4065361023    0.706  2.603  3.6870  1.383    7  0.000  0.467     0.00     0.00 -1    -1e-30      0.00 7.559e-01 2.440e-01 1.478e-05 6.976e-06 4.223e-05 -1.000 1.001e-04 -1.739 -0.518 -0.636 -1.407 -1.919 -2.406 -3.059 -3.585 -3.674
3.9069e-05 -2.19174 10.14301 0.7668134570 2.4065384865    0.706  2.644  3.6848  1.334    7  0.000  0.453     0.00     0.00 -1    -1e-30      0.00 7.556e-01 2.443e-01 1.434e-05 7.519e-06 4.224e-05 -1.000 1.000e-04 -1.840 -0.565 -0.710 -1.499 -2.018 -2.510 -3.170 -3.701 -3.791
3.9069e-05 -2.19174 10.14301 0.7668190598 2.4065406322    0.706  2.684  3.6826  1.285    7  0.000  0.441     0.00     0.00 -1    -1e-30      0.00 7.554e-01 2.445e-01 1.396e-05 7.989e-06 4.225e-05 -1.000 9.997e-05 -1.940 -0.592 -0.777 -1.590 -2.118 -2.616 -3.282 -3.818 -3.908
3.9069e-05 -2.19174 10.14301 0.7668243647 2.4065425396    0.706  2.724  3.6804  1.236    7  0.000  0.430     0.00     0.00 -1    -1e-30      0.00 7.551e-01 2.448e-01 1.364e-05 8.396e-06 4.225e-05 -1.000 9.999e-05 -2.041 -0.611 -0.839 -1.681 -2.218 -2.722 -3.394 -3.936 -4.025
3.9069e-05 -2.19174 10.14301 0.7668294907 2.4065444469    0.706  2.765  3.6781  1.186    7  0.000  0.421     0.00     0.00 -1    -1e-30      0.00 7.548e-01 2.451e-01 1.335e-05 8.753e-06 4.223e-05 -1.000 1.000e-04 -2.143 -0.620 -0.898 -1.770 -2.319 -2.829 -3.508 -4.055 -4.144
3.9069e-05 -2.19174 10.14301 0.7668339610 2.4065463543    0.706  2.806  3.6758  1.136    7  0.000  0.414     0.00     0.00 -1    -1e-30      0.00 7.546e-01 2.453e-01 1.310e-05 9.062e-06 4.220e-05 -1.000 9.997e-05 -2.245 -0.620 -0.952 -1.859 -2.419 -2.936 -3.623 -4.174 -4.264
3.9069e-05 -2.19174 10.14301 0.7668377161 2.4065477848    0.706  2.846  3.6736  1.087    7  0.000  0.408     0.00     0.00 -1    -1e-30      0.00 7.543e-01 2.456e-01 1.290e-05 9.327e-06 4.214e-05 -1.000 1.000e-04 -2.345 -0.612 -1.001 -1.944 -2.517 -3.041 -3.735 -4.292 -4.381
3.9069e-05 -2.19174 10.14301 0.7668408751 2.4065489769    0.706  2.885  3.6714  1.039    7  0.000  0.403     0.00     0.00 -1    -1e-30      0.00 7.540e-01 2.459e-01 1.272e-05 9.567e-06 4.206e-05 -1.000 1.000e-04 -2.443 -0.595 -1.044 -2.027 -2.613 -3.145 -3.846 -4.408 -4.498
3.9069e-05 -2.19174 10.14301 0.7668435574 2.4065499306    0.706  2.922  3.6692  0.993    7  0.000  0.400     0.00     0.00 -1    -1e-30      0.00 7.538e-01 2.461e-01 1.258e-05 9.786e-06 4.196e-05 -1.000 9.924e-05 -2.536 -0.567 -1.080 -2.102 -2.703 -3.243 -3.951 -4.518 -4.607
3.9069e-05 -2.19174 10.14301 0.7668462992 2.4065511227    0.706  2.962  3.6669  0.944    7  0.000  0.397     0.00     0.00 -1    -1e-30      0.00 7.536e-01 2.463e-01 1.246e-05 1.001e-05 4.183e-05 -1.000 9.978e-05 -2.636 -0.520 -1.107 -2.180 -2.798 -3.348 -4.064 -4.636 -4.725
3.9069e-05 -2.19174 10.14301 0.7668485641 2.4065518379    0.706  2.998  3.6648  0.900    7  0.000  0.395     0.00     0.00 -1    -1e-30      0.00 7.534e-01 2.465e-01 1.237e-05 1.020e-05 4.171e-05 -1.000 9.999e-05 -2.725 -0.467 -1.125 -2.246 -2.882 -3.442 -4.166 -4.742 -4.831
3.9069e-05 -2.19174 10.14301 0.7668510675 2.4065527916    0.706  3.039  3.6624  0.850    7  0.000  0.394     0.00     0.00 -1    -1e-30      0.00 7.532e-01 2.467e-01 1.229e-05 1.039e-05 4.158e-05 -1.000 9.993e-05 -2.826 -0.395 -1.139 -2.319 -2.978 -3.549 -4.282 -4.864 -4.952
3.9069e-05 -2.19174 10.14301 0.7668511868 2.4065530300    0.706  3.043  3.6622  0.844    7  0.000  0.394     0.00     0.00 -1    -1e-30      0.00 7.532e-01 2.467e-01 1.228e-05 1.040e-05 4.157e-05 -1.000 1.000e-04 -2.838 -0.385 -1.139 -2.327 -2.988 -3.561 -4.295 -4.877 -4.965
3.9069e-05 -2.19174 10.14301 0.7668513656 2.4065530300    0.706  3.049  3.6618  0.837    7  0.000  0.394     0.00     0.00 -1    -1e-30      0.00 7.532e-01 2.467e-01 1.228e-05 1.041e-05 4.156e-05 -1.000 1.000e-04 -2.853 -0.372 -1.140 -2.337 -3.002 -3.578 -4.313 -4.896 -4.984
3.9069e-05 -2.19174 10.14301 0.7668515444 2.4065530300    0.706  3.058  3.6612  0.826    7  0.000  0.394     0.00     0.00 -1    -1e-30      0.00 7.530e-01 2.469e-01 1.224e-05 1.054e-05 4.147e-05 -1.000 9.999e-05 -2.875 -0.352 -1.141 -2.352 -3.022 -3.601 -4.338 -4.922 -5.010
3.9069e-05 -2.19174 10.14301 0.7668516636 2.4065530300    0.706  3.071  3.6604  0.810    7  0.000  0.393     0.00     0.00 -1    -1e-30      0.00 7.529e-01 2.470e-01 1.219e-05 1.070e-05 4.135e-05 -1.000 9.996e-05 -2.906 -0.322 -1.140 -2.373 -3.052 -3.634 -4.375 -4.961 -5.048
3.9069e-05 -2.19174 10.14301 0.7668519020 2.4065532684    0.706  3.095  3.6589  0.779    7  0.000  0.393     0.00     0.00 -1    -1e-30      0.00 7.527e-01 2.472e-01 1.213e-05 1.091e-05 4.120e-05 -1.000 1.000e-04 -2.968 -0.257 -1.136 -2.413 -3.107 -3.699 -4.446 -5.036 -5.123
3.9069e-05 -2.19174 10.14301 0.7668522596 2.4065532684    0.706  3.133  3.6564  0.731    7  0.000  0.392     0.00     0.00 -1    -1e-30      0.00 7.523e-01 2.476e-01 1.203e-05 1.125e-05 4.096e-05 -1.000 7.430e-05 -3.064 -0.203 -1.150 -2.477 -3.192 -3.796 -4.554 -5.150 -5.237
3.9069e-05 -2.19174 10.14301 0.7668526173 2.4065535069    0.706  3.414  3.6091  0.261    8  0.549  0.390    97.82    45.07  1 -1.52e-06      0.00 7.290e-01 2.706e-01 6.375e-05 5.931e-05 2.177e-04 -1.000 3.690e-04 -3.766 1.097 -0.551 -2.516 -3.579 -4.402 -5.404 -6.161 -6.268
3.9069e-05 -2.19174 10.14301 0.7668526769 2.4065535069    0.706  3.292  3.6155  0.409    8  0.549  0.390    71.07    34.19  1  -8.7e-07      0.00 7.290e-01 2.706e-01 6.375e-05 5.931e-05 2.177e-04 -1.000 3.690e-04 -3.459 1.047 -0.503 -2.353 -3.339 -4.116 -5.075 -5.810 -5.915
3.9069e-05 -2.19174 10.14301 0.7668527365 2.4065535069    0.706  3.143  3.6290  0.612    8  0.549  0.390    45.92    23.44  1 -4.33e-07      0.00 7.290e-01 2.706e-01 6.375e-05 5.931e-05 2.177e-04 -1.000 3.690e-04 -3.088 0.763 -0.572 -2.213 -3.080 -3.783 -4.663 -5.349 -5.447
3.9069e-05 -2.19174 10.14301 0.7668528557 2.4065535069    0.706  2.925  3.6489  0.909    8  0.549  0.390    24.16    13.45  1 -1.49e-07      0.00 7.290e-01 2.706e-01 6.375e-05 5.931e-05 2.177e-04 -1.000 3.690e-04 -2.543 0.396 -0.570 -1.920 -2.646 -3.261 -4.047 -4.671 -4.761
3.9069e-05 -2.19174 10.14301 0.7668529749 2.4065535069    0.706  2.930  3.6484  0.902    8  0.549  0.390    24.53    13.63  1 -1.53e-07      0.00 7.290e-01 2.706e-01 6.375e-05 5.931e-05 2.177e-04 -1.000 3.690e-04 -2.556 0.404 -0.571 -1.928 -2.657 -3.273 -4.062 -4.686 -4.777
3.9069e-05 -2.19174 10.14301 0.7668532133 2.4065537453    0.706  3.001  3.6420  0.806    8  0.550  0.390    30.22    16.31  1 -2.17e-07      0.00 7.290e-01 2.706e-01 6.375e-05 5.931e-05 2.177e-04 -1.000 3.690e-04 -2.733 0.504 -0.588 -2.034 -2.804 -3.446 -4.262 -4.906 -4.999
3.9069e-05 -2.19174 10.14301 0.7668534517 2.4065537453    0.706  3.157  3.6278  0.593    8  0.550  0.390    47.78    24.23  1 -4.61e-07      0.00 7.290e-01 2.706e-01 6.375e-05 5.931e-05 2.177e-04 -1.000 3.690e-04 -3.121 0.791 -0.566 -2.227 -3.104 -3.812 -4.700 -5.390 -5.488
3.9069e-05 -2.19174 10.14301 0.7668537498 2.4065539837    0.706  3.297  3.6149  0.401    8  0.550  0.390    72.38    34.68  1 -8.94e-07      0.00 7.290e-01 2.706e-01 6.375e-05 5.931e-05 2.177e-04 -1.000 3.690e-04 -3.474 1.058 -0.500 -2.357 -3.348 -4.128 -5.091 -5.828 -5.933
3.9069e-05 -2.19174 10.14301 0.7668540478 2.4065539837    0.706  3.392  3.6063  0.272    8  0.551  0.390    95.58    44.07  1 -1.38e-06      0.00 7.290e-01 2.706e-01 6.375e-05 5.931e-05 2.177e-04 -1.000 3.690e-04 -3.709 1.232 -0.440 -2.424 -3.499 -4.331 -5.349 -6.120 -6.230
3.9069e-05 -2.19174 10.14301 0.7668544054 2.4065542221    0.706  3.444  3.6016  0.201    8  0.551  0.390   111.48    50.32  1 -1.75e-06      0.00 7.290e-01 2.706e-01 6.375e-05 5.931e-05 2.177e-04 -1.000 3.690e-04 -3.840 1.336 -0.395 -2.449 -3.575 -4.439 -5.491 -6.281 -6.395
3.9069e-05 -2.19174 10.14301 0.7668548226 2.4065542221    0.706  3.470  3.5991  0.165    8  0.552  0.390   120.59    53.82  0 -1.97e-06      0.00 7.290e-01 2.706e-01 6.375e-05 5.931e-05 2.177e-04 -1.000 3.690e-04 -3.906 1.390 -0.372 -2.461 -3.613 -4.493 -5.563 -6.363 -6.478
3.9069e-05 -2.19174 10.14301 0.7668552995 2.4065544605    0.706  3.487  3.5984  0.145    8  0.552  0.390   125.91    55.82  0 -2.13e-06      0.00 7.290e-01 2.706e-01 6.375e-05 5.931e-05 2.177e-04 -1.000 3.690e-04 -3.948 1.394 -0.379 -2.482 -3.645 -4.532 -5.607 -6.410 -6.526
3.9069e-05 -2.19174 10.14301 0.7668570876 2.4065551758    0.554 -9.999  4.0000  1.705    9  0.554  0.000     0.00     0.00 -1    -1e-30      0.00 7.290e-01 2.706e-01 6.375e-05 5.931e-05 2.177e-04 -1.000 3.690e-04 29.767 29.819 30.061 30.110 30.102 30.091 30.132 30.128 30.142
#isochrone terminated
