# File generated by CMD 3.3 (http://stev.oapd.inaf.it/cmd) on Fri Nov 20 18:02:29 CET 2020
# isochrones based on PARSEC release v1.2S +  COLIBRI S_35
# Basic references: Bressan et al. (2012), MNRAS, 427, 127 + Chen et al. (2014, 2015), MNRAS, 444, 2525 + MNRAS, 452, 1068 + Tang et al. (2014), MNRAS, 445, 4287 + Marigo et al. (2017), ApJ, 835, 77 + Pastorelli al. (2019), MNRAS in press
# Thermal pulse cycles included 
# On RGB, assumed Reimers mass loss with efficiency eta=0.2
# Photometric system: JWST NIRCam wide+verywide+medium filters, Vegamags
# Using OBC version of bolometric corrections as detailed in Marigo et al. (2008, A&A 482, 883) and Girardi et al. (2008, PASP 120, 583
# O-rich circumstellar dpmod60alox40 dust from Groenewegen (2006)
# C-rich circumstellar AMCSIC15 dust from Groenewegen (2006)
# IMF: Kroupa (2001, 2002) + Kroupa et al. (2013) canonical two-part-power law IMF corrected for unresolved binaries 
# Kind of output: isochrone tables
# Zini     MH   logAge Mini        int_IMF         Mass   logL    logTe  logg  label   McoreTP C_O  period0 period1 pmode  Mloss  tau1m   X   Y   Xc  Xn  Xo  Cexcess  Z 	 mbolmag  F070Wmag  F090Wmag  F115Wmag  F150Wmag  F200Wmag  F277Wmag  F356Wmag  F444Wmag  F150W2mag  F322W2mag  F140Mmag  F162Mmag  F182Mmag  F210Mmag  F250Mmag  F300Mmag  F335Mmag  F360Mmag  F410Mmag  F430Mmag  F460Mmag  F480Mmag  F150WS60mag
0.00016279 -1.98000 10.00000 0.0929695517 1.1095414162    0.093 -3.079  3.5084  5.471    1  0.000  0.545     0.00     0.00 -1 -6.33e-17      0.00 7.481e-01 2.517e-01 3.062e-05 8.261e-06 7.493e-05 -1.000 1.703e-04 12.468 12.571 11.493 10.811 10.244 10.078 9.895 9.566 9.510 10.377 9.742 10.361 10.092 10.107 10.036 9.980 9.808 9.610 9.533 9.478 9.493 9.552 9.500 10.180
0.00016279 -1.98000 10.00000 0.0985837802 1.1591662169    0.098 -2.897  3.5341  5.417    1  0.000  0.545     0.00     0.00 -1 -9.94e-17      0.00 7.470e-01 2.529e-01 3.062e-05 8.261e-06 7.493e-05 -1.000 1.703e-04 12.013 11.983 11.058 10.429 9.845 9.614 9.450 9.190 9.129 9.960 9.331 9.973 9.676 9.649 9.570 9.514 9.390 9.232 9.159 9.103 9.114 9.166 9.120 9.774
0.00016279 -1.98000 10.00000 0.1029165238 1.1950173378    0.103 -2.764  3.5529  5.377    1  0.000  0.545     0.00     0.00 -1 -1.38e-16      0.00 7.460e-01 2.538e-01 3.062e-05 8.261e-06 7.493e-05 -1.000 1.703e-04 11.681 11.560 10.734 10.145 9.563 9.300 9.146 8.929 8.868 9.666 9.048 9.693 9.389 9.337 9.257 9.201 9.099 8.969 8.901 8.845 8.854 8.901 8.859 9.489
0.00016279 -1.98000 10.00000 0.1228104606 1.3375610113    0.123 -2.486  3.5812  5.289    1  0.000  0.545     0.00     0.00 -1 -2.66e-16      0.00 7.433e-01 2.565e-01 3.062e-05 8.261e-06 7.493e-05 -1.000 1.704e-04 10.984 10.747 10.030 9.492 8.932 8.663 8.546 8.340 8.279 9.027 8.452 9.063 8.755 8.699 8.624 8.590 8.512 8.383 8.310 8.254 8.264 8.311 8.284 8.856
0.00016279 -1.98000 10.00000 0.1427044123 1.4528592825    0.142 -2.309  3.5949  5.232    1  0.000  0.545     0.00     0.00 -1 -3.96e-16      0.00 7.415e-01 2.583e-01 3.062e-05 8.262e-06 7.493e-05 -1.000 1.703e-04 10.542 10.238 9.577 9.076 8.527 8.268 8.187 7.980 7.922 8.622 8.093 8.662 8.347 8.299 8.232 8.218 8.166 8.022 7.948 7.897 7.906 7.952 7.938 8.451
0.00016279 -1.98000 10.00000 0.1625983566 1.5489519835    0.162 -2.171  3.6038  5.187    1  0.000  0.545     0.00     0.00 -1 -5.36e-16      0.00 7.403e-01 2.595e-01 3.062e-05 8.262e-06 7.493e-05 -1.000 1.703e-04 10.198 9.869 9.236 8.753 8.209 7.948 7.867 7.683 7.631 8.303 7.784 8.344 8.031 7.978 7.914 7.896 7.849 7.720 7.655 7.609 7.616 7.658 7.646 8.135
0.00016279 -1.98000 10.00000 0.2023862600 1.7019122839    0.202 -1.956  3.6157  5.114    1  0.000  0.545     0.00     0.00 -1 -8.57e-16      0.00 7.395e-01 2.603e-01 3.062e-05 8.262e-06 7.493e-05 -1.000 1.703e-04 9.660 9.310 8.707 8.245 7.707 7.438 7.341 7.200 7.158 7.798 7.278 7.839 7.533 7.468 7.406 7.370 7.322 7.228 7.180 7.140 7.145 7.179 7.166 7.634
0.00016279 -1.98000 10.00000 0.2521211207 1.8456803560    0.252 -1.757  3.6264  5.054    1  0.000  0.545     0.00     0.00 -1  -1.3e-15      0.00 7.396e-01 2.602e-01 3.062e-05 8.262e-06 7.493e-05 -1.000 1.703e-04 9.162 8.795 8.218 7.774 7.243 6.971 6.857 6.754 6.720 7.332 6.811 7.371 7.074 7.000 6.941 6.888 6.836 6.774 6.740 6.707 6.711 6.736 6.723 7.171
0.00016279 -1.98000 10.00000 0.3018560112 1.9566160440    0.302 -1.604  3.6353  5.014    1  0.000  0.545     0.00     0.00 -1 -1.77e-15      0.00 7.397e-01 2.601e-01 3.061e-05 8.263e-06 7.493e-05 -1.000 1.704e-04 8.779 8.397 7.841 7.412 6.891 6.627 6.512 6.424 6.394 6.981 6.473 7.016 6.727 6.654 6.599 6.542 6.491 6.441 6.413 6.383 6.386 6.408 6.395 6.822
0.00016279 -1.98000 10.00000 0.3515908718 2.0460171700    0.352 -1.477  3.6434  4.987    1  0.000  0.544     0.00     0.00 -1 -2.27e-15      0.00 7.400e-01 2.599e-01 3.059e-05 8.264e-06 7.493e-05 -1.000 1.703e-04 8.463 8.067 7.531 7.116 6.604 6.347 6.234 6.158 6.131 6.694 6.200 6.726 6.444 6.372 6.320 6.263 6.213 6.172 6.148 6.121 6.124 6.144 6.132 6.536
0.00016279 -1.98000 10.00000 0.4013257325 2.1203250885    0.401 -1.355  3.6522  4.957    1  0.000  0.545     0.00     0.00 -1 -2.91e-15      0.00 7.503e-01 2.496e-01 3.062e-05 8.261e-06 7.493e-05 -1.000 1.703e-04 8.157 7.747 7.232 6.831 6.330 6.081 5.971 5.906 5.884 6.420 5.943 6.449 6.174 6.105 6.057 5.999 5.951 5.919 5.898 5.874 5.877 5.895 5.884 6.263
0.00016279 -1.98000 10.00000 0.4510605633 2.1835329533    0.451 -1.204  3.6666  4.914    1  0.000  0.545     0.00     0.00 -1 -4.08e-15      0.00 7.507e-01 2.491e-01 3.062e-05 8.261e-06 7.493e-05 -1.000 1.704e-04 7.780 7.355 6.873 6.495 6.011 5.779 5.677 5.625 5.606 6.102 5.655 6.124 5.862 5.799 5.757 5.702 5.660 5.635 5.618 5.598 5.600 5.616 5.607 5.947
0.00016279 -1.98000 10.00000 0.5007954240 2.2382726669    0.501 -1.036  3.6836  4.860    1  0.000  0.545     0.00     0.00 -1 -6.07e-15      0.00 7.512e-01 2.487e-01 3.059e-05 8.253e-06 7.485e-05 -1.000 1.703e-04 7.361 6.923 6.479 6.127 5.664 5.453 5.362 5.322 5.307 5.758 5.345 5.772 5.524 5.470 5.434 5.384 5.348 5.329 5.317 5.300 5.302 5.313 5.307 5.604
0.00016279 -1.98000 10.00000 0.5505303144 2.2840969563    0.550 -0.841  3.7030  4.784    1  0.000  0.544     0.00     0.00 -1 -9.89e-15      0.00 7.792e-01 2.207e-01 2.735e-05 7.383e-06 6.699e-05 -1.000 1.014e-04 6.873 6.434 6.030 5.706 5.269 5.080 5.003 4.972 4.959 5.363 4.990 5.369 5.139 5.094 5.065 5.021 4.992 4.978 4.969 4.955 4.956 4.961 4.958 5.213
0.00016279 -1.98000 10.00000 0.5951262116 2.3177869320    0.595 -0.663  3.7246  4.726    1  0.000  0.544     0.00     0.00 -1 -1.53e-14      0.00 7.886e-01 2.112e-01 2.631e-05 7.104e-06 6.447e-05 -1.000 1.633e-04 6.428 6.002 5.637 5.343 4.933 4.769 4.707 4.686 4.674 5.028 4.698 5.026 4.815 4.779 4.757 4.721 4.700 4.690 4.683 4.673 4.672 4.670 4.672 4.882
0.00016279 -1.98000 10.00000 0.6002651453 2.3213009834    0.600 -0.644  3.7270  4.720    1  0.000  0.544     0.00     0.00 -1 -1.61e-14      0.00 7.896e-01 2.102e-01 2.619e-05 7.072e-06 6.419e-05 -1.000 1.703e-04 6.379 5.956 5.595 5.304 4.896 4.735 4.675 4.654 4.642 4.991 4.666 4.989 4.779 4.745 4.723 4.688 4.668 4.659 4.652 4.642 4.641 4.639 4.641 4.846
0.00016279 -1.98000 10.00000 0.6125279665 2.3294131756    0.612 -0.593  3.7338  4.705    1  0.000  0.544     0.00     0.00 -1 -1.82e-14      0.00 7.929e-01 2.069e-01 2.583e-05 6.978e-06 6.334e-05 -1.000 1.703e-04 6.252 5.836 5.488 5.205 4.806 4.651 4.596 4.578 4.567 4.900 4.589 4.895 4.692 4.660 4.641 4.608 4.590 4.582 4.576 4.568 4.566 4.563 4.566 4.757
0.00016279 -1.98000 10.00000 0.6272023320 2.3386428356    0.627 -0.532  3.7420  4.687    1  0.000  0.544     0.00     0.00 -1 -2.11e-14      0.00 7.970e-01 2.028e-01 2.538e-05 6.858e-06 6.227e-05 -1.000 1.512e-04 6.099 5.695 5.360 5.087 4.698 4.551 4.502 4.488 4.478 4.792 4.496 4.785 4.588 4.559 4.542 4.513 4.498 4.491 4.486 4.479 4.477 4.473 4.477 4.651
0.00016279 -1.98000 10.00000 0.6403019428 2.3464722633    0.640 -0.477  3.7493  4.670    1  0.000  0.543     0.00     0.00 -1 -2.42e-14      0.00 8.010e-01 1.989e-01 2.496e-05 6.744e-06 6.125e-05 -1.000 1.392e-04 5.962 5.569 5.247 4.983 4.601 4.463 4.418 4.407 4.398 4.696 4.413 4.686 4.495 4.470 4.454 4.428 4.415 4.410 4.405 4.399 4.397 4.393 4.397 4.556
0.00016279 -1.98000 10.00000 0.6499999762 2.3520355225    0.650 -0.436  3.7547  4.657    1  0.000  0.543     0.00     0.00 -1 -2.67e-14      0.00 8.040e-01 1.958e-01 2.462e-05 6.656e-06 6.045e-05 -1.000 1.439e-04 5.860 5.476 5.162 4.905 4.530 4.396 4.355 4.346 4.337 4.624 4.351 4.612 4.425 4.402 4.389 4.364 4.353 4.349 4.344 4.338 4.337 4.333 4.336 4.485
0.00016279 -1.98000 10.00000 0.6581857204 2.3565845490    0.658 -0.401  3.7590  4.645    1  0.000  0.543     0.00     0.00 -1 -2.92e-14      0.00 8.073e-01 1.926e-01 2.428e-05 6.562e-06 5.961e-05 -1.000 1.426e-04 5.773 5.396 5.089 4.837 4.467 4.339 4.301 4.292 4.284 4.562 4.297 4.548 4.365 4.344 4.332 4.308 4.299 4.295 4.291 4.285 4.284 4.280 4.284 4.423
0.00016279 -1.98000 10.00000 0.6707028151 2.3632948399    0.670 -0.347  3.7655  4.626    1  0.000  0.543     0.00     0.00 -1 -3.35e-14      0.00 8.126e-01 1.873e-01 2.371e-05 6.411e-06 5.825e-05 -1.000 1.161e-04 5.639 5.273 4.977 4.732 4.371 4.249 4.215 4.209 4.202 4.465 4.212 4.450 4.271 4.253 4.242 4.221 4.214 4.211 4.208 4.202 4.202 4.197 4.201 4.328
0.00016279 -1.98000 10.00000 0.6830264926 2.3696255684    0.683 -0.294  3.7718  4.605    1  0.000  0.542     0.00     0.00 -1 -3.84e-14      0.00 8.181e-01 1.817e-01 2.310e-05 6.250e-06 5.681e-05 -1.000 1.564e-04 5.505 5.150 4.865 4.627 4.274 4.158 4.128 4.123 4.117 4.367 4.126 4.350 4.178 4.162 4.153 4.134 4.127 4.125 4.122 4.118 4.117 4.112 4.117 4.232
0.00016279 -1.98000 10.00000 0.6939766407 2.3750343323    0.694 -0.246  3.7773  4.586    1  0.000  0.542     0.00     0.00 -1 -4.35e-14      0.00 8.234e-01 1.764e-01 2.253e-05 6.097e-06 5.543e-05 -1.000 1.703e-04 5.384 5.039 4.762 4.532 4.185 4.075 4.049 4.045 4.039 4.278 4.047 4.260 4.092 4.079 4.071 4.053 4.048 4.047 4.044 4.040 4.039 4.034 4.039 4.145
0.00016279 -1.98000 10.00000 0.6999999881 2.3779268265    0.700 -0.219  3.7802  4.575    1  0.000  0.542     0.00     0.00 -1 -4.67e-14      0.00 8.265e-01 1.733e-01 2.220e-05 6.009e-06 5.464e-05 -1.000 1.703e-04 5.317 4.978 4.706 4.478 4.136 4.029 4.004 4.001 3.995 4.229 4.002 4.210 4.044 4.032 4.025 4.008 4.004 4.003 4.000 3.996 3.995 3.991 3.995 4.096
0.00016279 -1.98000 10.00000 0.7003720403 2.3781034946    0.700 -0.217  3.7804  4.574    1  0.000  0.541     0.00     0.00 -1 -4.69e-14      0.00 8.267e-01 1.731e-01 2.217e-05 6.003e-06 5.459e-05 -1.000 1.698e-04 5.313 4.974 4.702 4.475 4.133 4.026 4.001 3.998 3.992 4.226 3.999 4.207 4.041 4.029 4.022 4.005 4.001 4.000 3.997 3.993 3.992 3.988 3.992 4.093
0.00016279 -1.98000 10.00000 0.7129414678 2.3839516640    0.713 -0.160  3.7862  4.548    1  0.000  0.539     0.00     0.00 -1 -5.47e-14      0.00 8.338e-01 1.660e-01 2.137e-05 5.808e-06 5.286e-05 -1.000 1.441e-04 5.169 4.840 4.578 4.357 4.024 3.923 3.901 3.899 3.893 4.116 3.900 4.095 3.936 3.926 3.919 3.904 3.902 3.900 3.898 3.894 3.893 3.889 3.893 3.986
0.00016279 -1.98000 10.00000 0.7250477672 2.3893642426    0.725 -0.102  3.7917  4.519    1  0.000  0.536     0.00     0.00 -1 -6.39e-14      0.00 8.404e-01 1.595e-01 2.066e-05 5.635e-06 5.135e-05 -1.000 8.488e-05 5.026 4.706 4.452 4.238 3.914 3.819 3.798 3.797 3.792 4.005 3.798 3.983 3.829 3.821 3.815 3.801 3.800 3.799 3.797 3.793 3.792 3.788 3.792 3.877
0.00016279 -1.98000 10.00000 0.7358201146 2.3940086365    0.735 -0.049  3.7965  4.492    1  0.000  0.534     0.00     0.00 -1  -7.4e-14      0.00 8.457e-01 1.542e-01 2.009e-05 5.499e-06 5.015e-05 -1.000 1.086e-04 4.893 4.582 4.335 4.127 3.810 3.720 3.701 3.700 3.695 3.901 3.701 3.877 3.729 3.722 3.716 3.704 3.703 3.702 3.700 3.696 3.695 3.691 3.695 3.775
0.00016279 -1.98000 10.00000 0.7459747195 2.3982458115    0.746  0.003  3.8008  4.463    1  0.000  0.532     0.00     0.00 -1 -8.56e-14      0.00 8.503e-01 1.496e-01 1.963e-05 5.390e-06 4.920e-05 -1.000 8.075e-05 4.762 4.458 4.219 4.016 3.707 3.621 3.603 3.603 3.598 3.796 3.603 3.771 3.628 3.623 3.617 3.606 3.605 3.604 3.602 3.598 3.598 3.594 3.598 3.673
0.00016279 -1.98000 10.00000 0.7500000000 2.3998889923    0.750  0.025  3.8026  4.451    1  0.000  0.531     0.00     0.00 -1  -9.1e-14      0.00 8.520e-01 1.479e-01 1.947e-05 5.352e-06 4.887e-05 -1.000 7.038e-05 4.709 4.407 4.171 3.970 3.664 3.579 3.563 3.562 3.557 3.753 3.562 3.727 3.586 3.581 3.576 3.565 3.564 3.563 3.561 3.557 3.557 3.553 3.557 3.630
0.00016279 -1.98000 10.00000 0.7574244738 2.4028670788    0.757  0.065  3.8059  4.428    1  0.000  0.531     0.00     0.00 -1 -1.02e-13      0.00 8.528e-01 1.472e-01 1.949e-05 5.360e-06 4.896e-05 -1.000 8.284e-05 4.608 4.311 4.081 3.884 3.584 3.502 3.487 3.486 3.481 3.672 3.487 3.645 3.508 3.504 3.499 3.489 3.489 3.488 3.486 3.482 3.481 3.477 3.481 3.551
0.00016279 -1.98000 10.00000 0.7659637332 2.4062104225    0.765  0.114  3.8097  4.399    1  0.000  0.530     0.00     0.00 -1 -1.17e-13      0.00 8.535e-01 1.464e-01 1.952e-05 5.372e-06 4.909e-05 -1.000 8.950e-05 4.486 4.194 3.970 3.778 3.486 3.407 3.393 3.392 3.387 3.572 3.392 3.545 3.412 3.409 3.404 3.395 3.395 3.394 3.391 3.388 3.387 3.383 3.387 3.454
0.00016279 -1.98000 10.00000 0.7741404176 2.4093322754    0.773  0.164  3.8133  4.368    1  0.000  0.530     0.00     0.00 -1 -1.36e-13      0.00 8.541e-01 1.458e-01 1.956e-05 5.385e-06 4.923e-05 -1.000 1.184e-04 4.361 4.075 3.857 3.669 3.384 3.309 3.295 3.294 3.290 3.469 3.294 3.441 3.313 3.310 3.306 3.297 3.297 3.296 3.293 3.290 3.289 3.286 3.290 3.353
0.00016279 -1.98000 10.00000 0.7817851305 2.4121832848    0.781  0.213  3.8167  4.336    1  0.000  0.529     0.00     0.00 -1 -1.57e-13      0.00 8.545e-01 1.453e-01 1.960e-05 5.399e-06 4.938e-05 -1.000 1.354e-04 4.236 3.954 3.742 3.559 3.281 3.208 3.195 3.195 3.190 3.364 3.195 3.336 3.212 3.210 3.206 3.197 3.197 3.196 3.194 3.191 3.190 3.186 3.190 3.251
0.00016279 -1.98000 10.00000 0.7909898162 2.4155321121    0.790  0.278  3.8206  4.292    1  0.000  0.529     0.00     0.00 -1  -1.9e-13      0.00 8.550e-01 1.449e-01 1.966e-05 5.419e-06 4.957e-05 -1.000 1.123e-04 4.074 3.797 3.592 3.414 3.143 3.075 3.062 3.062 3.057 3.225 3.061 3.197 3.078 3.076 3.072 3.064 3.064 3.063 3.061 3.058 3.057 3.053 3.057 3.115
0.00016279 -1.98000 10.00000 0.7994871140 2.4185450077    0.798  0.345  3.8239  4.243    1  0.000  0.529     0.00     0.00 -1 -2.33e-13      0.00 8.553e-01 1.447e-01 1.973e-05 5.439e-06 4.978e-05 -1.000 7.558e-05 3.909 3.636 3.436 3.263 2.999 2.933 2.921 2.921 2.916 3.079 2.920 3.050 2.936 2.934 2.930 2.922 2.923 2.922 2.920 2.917 2.916 2.912 2.916 2.971
0.00016279 -1.98000 10.00000 0.8000000119 2.4187245369    0.799  0.349  3.8241  4.240    1  0.000  0.529     0.00     0.00 -1 -2.36e-13      0.00 8.553e-01 1.446e-01 1.974e-05 5.441e-06 4.979e-05 -1.000 7.385e-05 3.899 3.626 3.426 3.253 2.990 2.924 2.912 2.912 2.908 3.070 2.912 3.041 2.928 2.926 2.922 2.914 2.914 2.913 2.911 2.908 2.907 2.904 2.907 2.963
0.00016279 -1.98000 10.00000 0.8010369539 2.4190866947    0.800  0.357  3.8245  4.234    1  0.000  0.529     0.00     0.00 -1 -2.42e-13      0.00 8.552e-01 1.447e-01 1.975e-05 5.443e-06 4.981e-05 -1.000 7.218e-05 3.878 3.606 3.407 3.235 2.973 2.907 2.895 2.895 2.890 3.052 2.894 3.024 2.910 2.908 2.904 2.897 2.897 2.896 2.894 2.891 2.890 2.887 2.890 2.945
0.00016279 -1.98000 10.00000 0.8070002198 2.4211483002    0.806  0.407  3.8266  4.196    1  0.000  0.529     0.00     0.00 -1 -2.83e-13      0.00 8.547e-01 1.452e-01 1.982e-05 5.462e-06 4.999e-05 -1.000 1.100e-04 3.753 3.483 3.288 3.118 2.861 2.797 2.785 2.785 2.781 2.940 2.785 2.911 2.801 2.799 2.795 2.787 2.787 2.786 2.784 2.781 2.780 2.777 2.781 2.834
0.00016279 -1.98000 10.00000 0.8136094809 2.4233927727    0.812  0.466  3.8282  4.146    1  0.000  0.529     0.00     0.00 -1 -3.41e-13      0.00 8.526e-01 1.472e-01 2.004e-05 5.524e-06 5.054e-05 -1.000 1.196e-04 3.604 3.335 3.144 2.976 2.723 2.660 2.648 2.648 2.644 2.800 2.648 2.771 2.664 2.662 2.657 2.650 2.650 2.649 2.647 2.644 2.643 2.640 2.644 2.697
0.00016279 -1.98000 10.00000 0.8149289489 2.4238357544    0.814  0.479  3.8283  4.135    1  0.000  0.529     0.00     0.00 -1 -3.58e-13      0.00 8.522e-01 1.476e-01 2.009e-05 5.536e-06 5.066e-05 -1.000 1.214e-04 3.573 3.303 3.112 2.944 2.692 2.629 2.617 2.617 2.613 2.769 2.617 2.740 2.633 2.630 2.626 2.619 2.619 2.618 2.616 2.613 2.612 2.609 2.613 2.666
0.00016279 -1.98000 10.00000 0.8157451749 2.4241089821    0.814  0.488  3.8282  4.126    1  0.000  0.529     0.00     0.00 -1 -3.69e-13      0.00 8.520e-01 1.479e-01 2.012e-05 5.544e-06 5.073e-05 -1.000 1.226e-04 3.551 3.281 3.090 2.922 2.670 2.606 2.595 2.594 2.590 2.747 2.594 2.718 2.610 2.608 2.604 2.596 2.597 2.596 2.594 2.591 2.590 2.587 2.590 2.643
0.00016279 -1.98000 10.00000 0.8203470707 2.4256379604    0.819  0.538  3.8272  4.074    1  0.000  0.529     0.00     0.00 -1 -4.37e-13      0.00 8.505e-01 1.493e-01 2.028e-05 5.587e-06 5.112e-05 -1.000 1.291e-04 3.424 3.152 2.959 2.790 2.536 2.472 2.461 2.460 2.456 2.614 2.460 2.585 2.477 2.474 2.470 2.462 2.462 2.461 2.459 2.456 2.455 2.452 2.456 2.510
0.00016279 -1.98000 10.00000 0.8247552514 2.4270839691    0.823  0.594  3.8236  4.005    1  0.000  0.529     0.00     0.00 -1 -5.36e-13      0.00 8.491e-01 1.507e-01 2.043e-05 5.629e-06 5.149e-05 -1.000 1.353e-04 3.284 3.005 2.806 2.633 2.373 2.306 2.294 2.293 2.288 2.451 2.293 2.423 2.311 2.308 2.304 2.296 2.295 2.294 2.292 2.289 2.288 2.284 2.288 2.345
0.00016279 -1.98000 10.00000 0.8255374432 2.4273388386    0.824  0.605  3.8226  3.991    1  0.000  0.529     0.00     0.00 -1  -5.6e-13      0.00 8.489e-01 1.510e-01 2.046e-05 5.636e-06 5.156e-05 -1.000 1.364e-04 3.257 2.976 2.776 2.602 2.340 2.272 2.260 2.259 2.254 2.418 2.259 2.390 2.277 2.274 2.270 2.262 2.261 2.260 2.258 2.255 2.254 2.250 2.254 2.312
0.00016279 -1.98000 10.00000 0.8262141943 2.4275588989    0.825  0.616  3.8214  3.976    2  0.000  0.529     0.00     0.00 -1 -5.85e-13      0.00 8.487e-01 1.512e-01 2.048e-05 5.642e-06 5.162e-05 -1.000 1.374e-04 3.231 2.948 2.746 2.570 2.306 2.237 2.225 2.224 2.219 2.385 2.224 2.357 2.242 2.239 2.235 2.227 2.226 2.225 2.223 2.220 2.219 2.215 2.219 2.278
0.00016279 -1.98000 10.00000 0.8284864426 2.4282944202    0.827  0.654  3.8156  3.916    2  0.000  0.529     0.00     0.00 -1  -6.8e-13      0.00 8.480e-01 1.519e-01 2.056e-05 5.663e-06 5.181e-05 -1.000 1.406e-04 3.136 2.844 2.632 2.449 2.174 2.100 2.087 2.086 2.081 2.255 2.086 2.228 2.107 2.102 2.098 2.089 2.088 2.087 2.085 2.081 2.081 2.077 2.080 2.144
0.00016279 -1.98000 10.00000 0.8302162290 2.4288511276    0.828  0.687  3.8083  3.854    2  0.000  0.529     0.00     0.00 -1 -7.88e-13      0.00 8.475e-01 1.524e-01 2.062e-05 5.680e-06 5.196e-05 -1.000 1.430e-04 3.052 2.748 2.525 2.332 2.043 1.963 1.949 1.947 1.942 2.128 1.948 2.101 1.971 1.965 1.961 1.951 1.950 1.949 1.946 1.943 1.942 1.938 1.942 2.011
0.00016279 -1.98000 10.00000 0.8315649033 2.4292833805    0.830  0.718  3.7995  3.789    2  0.000  0.529     0.00     0.00 -1  -9.1e-13      0.00 8.470e-01 1.528e-01 2.066e-05 5.692e-06 5.207e-05 -1.000 1.449e-04 2.976 2.660 2.422 2.218 1.912 1.825 1.808 1.806 1.800 2.000 1.807 1.974 1.834 1.826 1.822 1.811 1.809 1.808 1.805 1.801 1.800 1.796 1.800 1.878
0.00016279 -1.98000 10.00000 0.8326490521 2.4296298027    0.831  0.745  3.7898  3.724    2  0.000  0.529     0.00     0.00 -1 -1.04e-12      0.00 8.467e-01 1.532e-01 2.070e-05 5.703e-06 5.216e-05 -1.000 1.426e-04 2.908 2.578 2.324 2.107 1.783 1.687 1.669 1.666 1.660 1.874 1.667 1.850 1.699 1.689 1.684 1.672 1.669 1.668 1.665 1.661 1.660 1.655 1.659 1.746
0.00016279 -1.98000 10.00000 0.8335514069 2.4299173355    0.832  0.770  3.7799  3.660    2  0.000  0.530     0.00     0.00 -1 -1.19e-12      0.00 8.412e-01 1.586e-01 2.128e-05 5.858e-06 5.356e-05 -1.000 1.304e-04 2.846 2.503 2.233 2.002 1.658 1.554 1.533 1.529 1.522 1.753 1.531 1.732 1.567 1.555 1.550 1.537 1.533 1.531 1.528 1.523 1.522 1.518 1.522 1.619
0.00016279 -1.98000 10.00000 0.8343371749 2.4301669598    0.832  0.793  3.7705  3.599    2  0.000  0.532     0.00     0.00 -1 -1.35e-12      0.00 8.201e-01 1.798e-01 2.337e-05 6.419e-06 5.857e-05 -1.000 1.244e-04 2.786 2.433 2.147 1.903 1.542 1.427 1.404 1.400 1.393 1.639 1.402 1.620 1.444 1.429 1.424 1.409 1.404 1.402 1.399 1.394 1.393 1.388 1.392 1.500
0.00016279 -1.98000 10.00000 0.8350617290 2.4303967953    0.833  0.819  3.7619  3.540    2  0.000  0.534     0.00     0.00 -1 -1.53e-12      0.00 7.971e-01 2.028e-01 2.560e-05 7.014e-06 6.388e-05 -1.000 1.334e-04 2.723 2.360 2.060 1.804 1.427 1.303 1.278 1.273 1.265 1.526 1.276 1.509 1.323 1.306 1.299 1.283 1.278 1.275 1.271 1.266 1.265 1.260 1.264 1.382
0.00016279 -1.98000 10.00000 0.8357887268 2.4306268692    0.834  0.852  3.7542  3.475    2  0.000  0.536     0.00     0.00 -1 -1.78e-12      0.00 7.807e-01 2.192e-01 2.719e-05 7.440e-06 6.768e-05 -1.000 1.657e-04 2.639 2.267 1.953 1.687 1.295 1.164 1.136 1.130 1.122 1.396 1.134 1.383 1.186 1.167 1.159 1.142 1.136 1.133 1.129 1.123 1.122 1.117 1.121 1.248
0.00016279 -1.98000 10.00000 0.8363571167 2.4308066368    0.834  0.887  3.7490  3.420    2  0.000  0.536     0.00     0.00 -1 -2.05e-12      0.00 7.736e-01 2.262e-01 2.788e-05 7.624e-06 6.932e-05 -1.000 1.703e-04 2.552 2.174 1.851 1.578 1.177 1.040 1.010 1.004 0.996 1.278 1.008 1.267 1.064 1.043 1.035 1.017 1.010 1.007 1.003 0.997 0.996 0.991 0.995 1.129
0.00016279 -1.98000 10.00000 0.8369194269 2.4309840202    0.835  0.930  3.7449  3.361    2  0.000  0.537     0.00     0.00 -1 -2.42e-12      0.00 7.693e-01 2.305e-01 2.829e-05 7.735e-06 7.031e-05 -1.000 1.703e-04 2.445 2.063 1.734 1.455 1.046 0.905 0.874 0.867 0.858 1.148 0.871 1.138 0.931 0.909 0.899 0.881 0.873 0.869 0.866 0.859 0.858 0.853 0.857 0.997
0.00016279 -1.98000 10.00000 0.8370016813 2.4310100079    0.835  0.937  3.7445  3.352    2  0.000  0.537     0.00     0.00 -1 -2.49e-12      0.00 7.689e-01 2.310e-01 2.833e-05 7.746e-06 7.041e-05 -1.000 1.397e-04 2.427 2.045 1.714 1.434 1.025 0.883 0.852 0.845 0.836 1.127 0.849 1.117 0.909 0.887 0.878 0.859 0.851 0.848 0.844 0.838 0.837 0.831 0.835 0.975
0.00016279 -1.98000 10.00000 0.8374537230 2.4311523438    0.835  0.979  3.7421  3.302    3  0.000  0.537     0.00     0.00 -1  -2.9e-12      0.00 7.666e-01 2.332e-01 2.853e-05 7.798e-06 7.088e-05 -1.000 1.665e-04 2.323 1.938 1.604 1.321 0.907 0.763 0.731 0.723 0.715 1.010 0.728 1.000 0.789 0.767 0.757 0.738 0.730 0.726 0.722 0.716 0.715 0.710 0.714 0.856
0.00016279 -1.98000 10.00000 0.8379530907 2.4313094616    0.836  1.027  3.7396  3.243    3  0.000  0.537     0.00     0.00 -1 -3.46e-12      0.00 7.643e-01 2.355e-01 2.871e-05 7.846e-06 7.130e-05 -1.000 1.637e-04 2.202 1.814 1.475 1.189 0.770 0.623 0.591 0.583 0.575 0.874 0.588 0.865 0.651 0.627 0.618 0.598 0.590 0.586 0.582 0.576 0.575 0.569 0.573 0.719
0.00016279 -1.98000 10.00000 0.8383745551 2.4314417839    0.836  1.071  3.7379  3.192    3  0.000  0.537     0.00     0.00 -1 -4.06e-12      0.00 7.626e-01 2.372e-01 2.883e-05 7.878e-06 7.159e-05 -1.000 1.698e-04 2.091 1.702 1.360 1.071 0.649 0.500 0.468 0.459 0.451 0.753 0.464 0.744 0.528 0.504 0.494 0.475 0.467 0.462 0.458 0.452 0.451 0.446 0.449 0.597
0.00016279 -1.98000 10.00000 0.8387804031 2.4315690994    0.836  1.117  3.7362  3.141    3  0.000  0.537     0.00     0.00 -1 -4.79e-12      0.00 7.610e-01 2.388e-01 2.892e-05 7.904e-06 7.183e-05 -1.000 1.704e-04 1.979 1.588 1.243 0.951 0.526 0.375 0.343 0.334 0.325 0.630 0.339 0.622 0.404 0.379 0.369 0.350 0.341 0.337 0.333 0.326 0.325 0.320 0.324 0.473
0.00016279 -1.98000 10.00000 0.8391582966 2.4316875935    0.837  1.161  3.7346  3.090    3  0.000  0.537     0.00     0.00 -1 -5.62e-12      0.00 7.595e-01 2.403e-01 2.899e-05 7.927e-06 7.201e-05 -1.000 1.703e-04 1.867 1.475 1.127 0.833 0.404 0.253 0.220 0.211 0.202 0.510 0.215 0.502 0.282 0.257 0.247 0.227 0.218 0.214 0.210 0.203 0.202 0.197 0.200 0.352
0.00016279 -1.98000 10.00000 0.8395142555 2.4317991734    0.837  1.206  3.7332  3.039    3  0.000  0.536     0.00     0.00 -1 -6.61e-12      0.00 7.581e-01 2.417e-01 2.904e-05 7.947e-06 7.217e-05 -1.000 1.639e-04 1.754 1.361 1.011 0.715 0.283 0.129 0.096 0.088 0.079 0.388 0.092 0.382 0.159 0.133 0.123 0.104 0.095 0.091 0.086 0.079 0.078 0.074 0.077 0.229
0.00016279 -1.98000 10.00000 0.8398703933 2.4319105148    0.837  1.255  3.7317  2.985    3  0.000  0.536     0.00     0.00 -1 -7.86e-12      0.00 7.567e-01 2.431e-01 2.906e-05 7.970e-06 7.231e-05 -1.000 1.293e-04 1.633 1.239 0.886 0.587 0.152 -0.003 -0.036 -0.045 -0.054 0.258 -0.040 0.252 0.027 0.001 -0.009 -0.029 -0.038 -0.042 -0.046 -0.053 -0.054 -0.059 -0.056 0.098
0.00016279 -1.98000 10.00000 0.8401781917 2.4320068359    0.837  1.300  3.7302  2.934    3  0.000  0.535     0.00     0.00 -1 -9.25e-12      0.00 7.555e-01 2.443e-01 2.904e-05 8.000e-06 7.241e-05 -1.000 1.520e-04 1.520 1.125 0.769 0.468 0.030 -0.126 -0.160 -0.169 -0.178 0.136 -0.164 0.131 -0.096 -0.122 -0.133 -0.152 -0.162 -0.166 -0.171 -0.178 -0.179 -0.183 -0.180 -0.024
0.00016279 -1.98000 10.00000 0.8404808640 2.4321012497    0.838  1.348  3.7287  2.880    3  0.000  0.533     0.00     0.00 -1  -1.1e-11      0.00 7.544e-01 2.455e-01 2.898e-05 8.051e-06 7.250e-05 -1.000 1.703e-04 1.400 1.003 0.644 0.341 -0.099 -0.258 -0.292 -0.301 -0.310 0.007 -0.296 0.002 -0.227 -0.253 -0.264 -0.284 -0.294 -0.298 -0.302 -0.309 -0.311 -0.315 -0.312 -0.154
0.00016279 -1.98000 10.00000 0.8407556415 2.4321870804    0.838  1.395  3.7272  2.827    3  0.000  0.531     0.00     0.00 -1  -1.3e-11      0.00 7.533e-01 2.465e-01 2.888e-05 8.129e-06 7.257e-05 -1.000 1.703e-04 1.282 0.883 0.522 0.217 -0.227 -0.386 -0.421 -0.430 -0.439 -0.120 -0.425 -0.124 -0.355 -0.382 -0.393 -0.413 -0.423 -0.427 -0.432 -0.439 -0.440 -0.444 -0.441 -0.282
0.00016279 -1.98000 10.00000 0.8410041928 2.4322645664    0.838  1.442  3.7257  2.774    3  0.000  0.528     0.00     0.00 -1 -1.54e-11      0.00 7.525e-01 2.473e-01 2.876e-05 8.234e-06 7.263e-05 -1.000 1.703e-04 1.166 0.766 0.402 0.094 -0.352 -0.514 -0.548 -0.558 -0.567 -0.245 -0.553 -0.249 -0.482 -0.509 -0.520 -0.540 -0.551 -0.555 -0.560 -0.567 -0.568 -0.572 -0.569 -0.408
0.00016279 -1.98000 10.00000 0.8412308097 2.4323351383    0.838  1.488  3.7242  2.722    3  0.000  0.526     0.00     0.00 -1 -1.82e-11      0.00 7.518e-01 2.481e-01 2.864e-05 8.356e-06 7.267e-05 -1.000 1.703e-04 1.051 0.649 0.283 -0.027 -0.477 -0.640 -0.675 -0.684 -0.694 -0.369 -0.679 -0.372 -0.607 -0.635 -0.646 -0.667 -0.677 -0.681 -0.686 -0.693 -0.694 -0.698 -0.695 -0.533
0.00016279 -1.98000 10.00000 0.8414448500 2.4324018955    0.838  1.535  3.7227  2.669    3  0.000  0.523     0.00     0.00 -1 -2.16e-11      0.00 7.512e-01 2.487e-01 2.851e-05 8.487e-06 7.271e-05 -1.000 1.703e-04 0.932 0.530 0.160 -0.152 -0.605 -0.769 -0.804 -0.814 -0.824 -0.497 -0.809 -0.499 -0.736 -0.765 -0.776 -0.796 -0.807 -0.811 -0.816 -0.823 -0.824 -0.828 -0.825 -0.661
0.00016279 -1.98000 10.00000 0.8416361213 2.4324612617    0.838  1.581  3.7211  2.616    3  0.000  0.521     0.00     0.00 -1 -2.55e-11      0.00 7.507e-01 2.491e-01 2.840e-05 8.612e-06 7.274e-05 -1.000 1.703e-04 0.817 0.414 0.041 -0.273 -0.730 -0.896 -0.931 -0.942 -0.951 -0.621 -0.936 -0.623 -0.862 -0.891 -0.902 -0.923 -0.934 -0.939 -0.943 -0.951 -0.951 -0.954 -0.952 -0.787
0.00016279 -1.98000 10.00000 0.8418075442 2.4325146675    0.838  1.626  3.7195  2.565    3  0.000  0.520     0.00     0.00 -1    -3e-11      0.00 7.503e-01 2.495e-01 2.831e-05 8.705e-06 7.275e-05 -1.000 1.704e-04 0.704 0.301 -0.075 -0.392 -0.852 -1.020 -1.055 -1.066 -1.075 -0.743 -1.060 -0.744 -0.986 -1.015 -1.026 -1.047 -1.058 -1.063 -1.068 -1.075 -1.076 -1.078 -1.076 -0.909
0.00016279 -1.98000 10.00000 0.8419682384 2.4325647354    0.838  1.672  3.7179  2.513    3  0.000  0.518     0.00     0.00 -1 -3.54e-11      0.00 7.501e-01 2.497e-01 2.825e-05 8.772e-06 7.276e-05 -1.000 1.703e-04 0.590 0.185 -0.194 -0.513 -0.976 -1.146 -1.181 -1.192 -1.201 -0.867 -1.186 -0.867 -1.111 -1.141 -1.152 -1.173 -1.184 -1.189 -1.194 -1.201 -1.202 -1.204 -1.202 -1.034
0.00016279 -1.98000 10.00000 0.8421109319 2.4326090813    0.838  1.716  3.7164  2.462    3  0.000  0.518     0.00     0.00 -1 -4.16e-11      0.00 7.500e-01 2.498e-01 2.822e-05 8.813e-06 7.277e-05 -1.000 1.702e-04 0.479 0.073 -0.309 -0.630 -1.096 -1.268 -1.304 -1.315 -1.324 -0.987 -1.309 -0.987 -1.233 -1.263 -1.275 -1.296 -1.307 -1.312 -1.317 -1.325 -1.325 -1.327 -1.325 -1.155
0.00016279 -1.98000 10.00000 0.8422441483 2.4326503277    0.838  1.761  3.7147  2.410    3  0.000  0.517     0.00     0.00 -1 -4.89e-11      0.00 7.499e-01 2.499e-01 2.820e-05 8.836e-06 7.278e-05 -1.000 1.704e-04 0.367 -0.040 -0.425 -0.750 -1.219 -1.393 -1.429 -1.440 -1.449 -1.109 -1.434 -1.108 -1.357 -1.388 -1.399 -1.420 -1.432 -1.437 -1.442 -1.450 -1.450 -1.451 -1.449 -1.278
0.00016279 -1.98000 10.00000 0.8423680067 2.4326889515    0.837  1.807  3.7131  2.358    3  0.000  0.517     0.00     0.00 -1 -5.77e-11      0.00 7.499e-01 2.499e-01 2.819e-05 8.843e-06 7.278e-05 -1.000 1.704e-04 0.253 -0.155 -0.544 -0.870 -1.342 -1.518 -1.555 -1.566 -1.575 -1.233 -1.560 -1.231 -1.482 -1.513 -1.525 -1.546 -1.558 -1.563 -1.568 -1.576 -1.576 -1.577 -1.575 -1.402
0.00016279 -1.98000 10.00000 0.8424816728 2.4327242374    0.837  1.852  3.7114  2.306    3  0.000  0.517     0.00     0.00 -1  -6.8e-11      0.00 7.499e-01 2.499e-01 2.819e-05 8.845e-06 7.278e-05 -1.000 1.704e-04 0.140 -0.269 -0.661 -0.990 -1.466 -1.643 -1.680 -1.692 -1.701 -1.356 -1.686 -1.354 -1.607 -1.638 -1.650 -1.672 -1.684 -1.689 -1.694 -1.702 -1.702 -1.703 -1.701 -1.526
0.00016279 -1.98000 10.00000 0.8425849080 2.4327561855    0.837  1.897  3.7097  2.255    3  0.000  0.517     0.00     0.00 -1 -7.99e-11      0.00 7.499e-01 2.499e-01 2.819e-05 8.847e-06 7.278e-05 -1.000 1.704e-04 0.028 -0.382 -0.777 -1.109 -1.588 -1.767 -1.805 -1.817 -1.825 -1.478 -1.810 -1.475 -1.730 -1.762 -1.774 -1.796 -1.808 -1.814 -1.819 -1.827 -1.826 -1.827 -1.825 -1.649
0.00016279 -1.98000 10.00000 0.8426815271 2.4327862263    0.837  1.942  3.7080  2.203    3  0.000  0.517     0.00     0.00 -1 -9.42e-11      0.00 7.499e-01 2.499e-01 2.819e-05 8.848e-06 7.278e-05 -1.000 1.704e-04 -0.084 -0.495 -0.894 -1.228 -1.711 -1.892 -1.930 -1.942 -1.951 -1.600 -1.936 -1.597 -1.854 -1.887 -1.899 -1.921 -1.934 -1.939 -1.944 -1.952 -1.952 -1.952 -1.951 -1.772
0.00016279 -1.98000 10.00000 0.8427696824 2.4328136444    0.837  1.986  3.7063  2.151    3  0.000  0.517     0.00     0.00 -1 -1.11e-10      0.00 7.499e-01 2.500e-01 2.819e-05 8.850e-06 7.278e-05 -1.000 1.703e-04 -0.196 -0.607 -1.009 -1.347 -1.833 -2.016 -2.054 -2.067 -2.075 -1.722 -2.060 -1.717 -1.978 -2.011 -2.023 -2.045 -2.058 -2.064 -2.069 -2.077 -2.077 -2.075 -2.075 -1.895
0.00016279 -1.98000 10.00000 0.8428478837 2.4328377247    0.836  2.029  3.7045  2.101    3  0.000  0.517     0.00     0.00 -1  -1.3e-10      0.00 7.499e-01 2.500e-01 2.819e-05 8.851e-06 7.278e-05 -1.000 1.704e-04 -0.303 -0.715 -1.120 -1.461 -1.951 -2.136 -2.175 -2.188 -2.195 -1.840 -2.181 -1.834 -2.097 -2.131 -2.143 -2.165 -2.179 -2.184 -2.190 -2.198 -2.197 -2.195 -2.195 -2.013
0.00016279 -1.98000 10.00000 0.8429198861 2.4328601360    0.836  2.072  3.7028  2.052    3  0.000  0.517     0.00     0.00 -1 -1.51e-10      0.00 7.499e-01 2.500e-01 2.819e-05 8.852e-06 7.278e-05 -1.000 1.703e-04 -0.409 -0.821 -1.231 -1.574 -2.067 -2.255 -2.294 -2.307 -2.314 -1.956 -2.300 -1.950 -2.215 -2.249 -2.262 -2.284 -2.298 -2.303 -2.309 -2.317 -2.316 -2.314 -2.313 -2.131
0.00016279 -1.98000 10.00000 0.8429874182 2.4328811169    0.835  2.115  3.7011  2.002    3  0.000  0.517     0.00     0.00 -1 -1.77e-10      0.00 7.499e-01 2.500e-01 2.819e-05 8.853e-06 7.279e-05 -1.000 1.704e-04 -0.516 -0.929 -1.342 -1.687 -2.185 -2.374 -2.413 -2.427 -2.434 -2.073 -2.419 -2.066 -2.334 -2.369 -2.381 -2.403 -2.417 -2.423 -2.429 -2.437 -2.436 -2.433 -2.433 -2.249
0.00016279 -1.98000 10.00000 0.8430480957 2.4328999519    0.835  2.156  3.6993  1.953    3  0.000  0.517     0.00     0.00 -1 -2.06e-10      0.00 7.499e-01 2.500e-01 2.819e-05 8.854e-06 7.279e-05 -1.000 1.704e-04 -0.620 -1.033 -1.449 -1.798 -2.299 -2.490 -2.530 -2.544 -2.550 -2.187 -2.536 -2.179 -2.450 -2.485 -2.498 -2.520 -2.534 -2.540 -2.546 -2.554 -2.553 -2.549 -2.549 -2.363
0.00016279 -1.98000 10.00000 0.8431089520 2.4329187870    0.835  2.199  3.6976  1.903    3  0.000  0.517     0.00     0.00 -1 -2.41e-10      0.00 7.498e-01 2.500e-01 2.818e-05 8.855e-06 7.279e-05 -1.000 1.704e-04 -0.727 -1.140 -1.561 -1.912 -2.417 -2.610 -2.650 -2.664 -2.671 -2.305 -2.656 -2.295 -2.569 -2.604 -2.617 -2.640 -2.654 -2.660 -2.666 -2.674 -2.673 -2.669 -2.669 -2.482
0.00016279 -1.98000 10.00000 0.8431727886 2.4329385757    0.834  2.235  3.6961  1.860    3  0.000  0.517     0.00     0.00 -1 -2.76e-10      0.00 7.498e-01 2.500e-01 2.818e-05 8.856e-06 7.279e-05 -1.000 1.704e-04 -0.819 -1.233 -1.656 -2.011 -2.518 -2.713 -2.754 -2.768 -2.774 -2.406 -2.760 -2.396 -2.671 -2.707 -2.721 -2.743 -2.758 -2.764 -2.770 -2.778 -2.777 -2.772 -2.773 -2.583
0.00016279 -1.98000 10.00000 0.8432061672 2.4329488277    0.834  2.250  3.6955  1.843    3  0.000  0.517     0.00     0.00 -1 -2.93e-10      0.00 7.498e-01 2.500e-01 2.818e-05 8.857e-06 7.279e-05 -1.000 1.704e-04 -0.855 -1.270 -1.695 -2.050 -2.559 -2.754 -2.795 -2.809 -2.815 -2.446 -2.801 -2.436 -2.712 -2.748 -2.762 -2.784 -2.799 -2.805 -2.811 -2.819 -2.818 -2.813 -2.814 -2.624
0.00016279 -1.98000 10.00000 0.8432466984 2.4329614639    0.833  2.236  3.6964  1.860    3  0.000  0.517     0.00     0.00 -1  -2.8e-10      0.00 7.498e-01 2.500e-01 2.818e-05 8.857e-06 7.279e-05 -1.000 1.704e-04 -0.821 -1.235 -1.658 -2.011 -2.519 -2.713 -2.753 -2.767 -2.774 -2.406 -2.759 -2.396 -2.671 -2.707 -2.720 -2.743 -2.757 -2.764 -2.769 -2.778 -2.776 -2.772 -2.772 -2.584
0.00016279 -1.98000 10.00000 0.8432543874 2.4329638481    0.833  2.244  3.6961  1.851    3  0.000  0.517     0.00     0.00 -1 -2.86e-10      0.00 7.498e-01 2.500e-01 2.818e-05 8.858e-06 7.279e-05 -1.000 1.704e-04 -0.839 -1.254 -1.677 -2.031 -2.539 -2.733 -2.774 -2.788 -2.794 -2.426 -2.780 -2.416 -2.691 -2.727 -2.741 -2.763 -2.778 -2.784 -2.790 -2.798 -2.797 -2.792 -2.793 -2.604
0.00016279 -1.98000 10.00000 0.8432968855 2.4329769611    0.833  2.285  3.6942  1.803    3  0.000  0.517     0.00     0.00 -1  -3.3e-10      0.00 7.498e-01 2.500e-01 2.818e-05 8.858e-06 7.279e-05 -1.000 1.704e-04 -0.942 -1.356 -1.784 -2.141 -2.653 -2.849 -2.891 -2.905 -2.911 -2.540 -2.897 -2.529 -2.807 -2.844 -2.857 -2.880 -2.895 -2.901 -2.907 -2.915 -2.914 -2.908 -2.909 -2.718
0.00016279 -1.98000 10.00000 0.8433398604 2.4329903126    0.832  2.328  3.6924  1.751    3  0.000  0.517     0.00     0.00 -1 -3.87e-10      0.00 7.498e-01 2.500e-01 2.818e-05 8.859e-06 7.279e-05 -1.000 1.704e-04 -1.051 -1.466 -1.897 -2.257 -2.773 -2.972 -3.013 -3.028 -3.033 -2.660 -3.020 -2.648 -2.928 -2.966 -2.979 -3.002 -3.018 -3.024 -3.030 -3.039 -3.036 -3.029 -3.030 -2.839
0.00016279 -1.98000 10.00000 0.8433763385 2.4330015182    0.831  2.368  3.6906  1.704    3  0.000  0.517     0.00     0.00 -1 -4.47e-10      0.00 7.498e-01 2.500e-01 2.818e-05 8.859e-06 7.279e-05 -1.000 1.704e-04 -1.149 -1.564 -1.999 -2.363 -2.882 -3.083 -3.125 -3.140 -3.145 -2.769 -3.132 -2.756 -3.039 -3.077 -3.091 -3.113 -3.130 -3.136 -3.143 -3.151 -3.148 -3.139 -3.141 -2.949
0.00016279 -1.98000 10.00000 0.8434122801 2.4330127239    0.831  2.409  3.6887  1.655    3  0.000  0.517     0.00     0.00 -1 -5.21e-10      0.00 7.498e-01 2.500e-01 2.818e-05 8.860e-06 7.279e-05 -1.000 1.704e-04 -1.253 -1.667 -2.106 -2.473 -2.997 -3.200 -3.243 -3.258 -3.262 -2.883 -3.249 -2.870 -3.155 -3.194 -3.208 -3.231 -3.248 -3.254 -3.260 -3.269 -3.266 -3.255 -3.258 -3.065
0.00016279 -1.98000 10.00000 0.8434457779 2.4330232143    0.830  2.450  3.6868  1.606    3  0.000  0.517     0.00     0.00 -1 -6.07e-10      0.00 7.498e-01 2.500e-01 2.818e-05 8.861e-06 7.279e-05 -1.000 1.704e-04 -1.356 -1.770 -2.214 -2.584 -3.111 -3.317 -3.360 -3.376 -3.379 -2.998 -3.367 -2.983 -3.272 -3.311 -3.325 -3.348 -3.365 -3.372 -3.378 -3.387 -3.383 -3.371 -3.374 -3.180
0.00016279 -1.98000 10.00000 0.8434750438 2.4330322742    0.829  2.489  3.6849  1.559    3  0.000  0.517     0.00     0.00 -1    -7e-10      0.00 7.498e-01 2.500e-01 2.818e-05 8.861e-06 7.279e-05 -1.000 1.704e-04 -1.453 -1.866 -2.314 -2.687 -3.220 -3.427 -3.470 -3.487 -3.490 -3.105 -3.478 -3.090 -3.381 -3.421 -3.435 -3.458 -3.476 -3.483 -3.489 -3.498 -3.494 -3.480 -3.484 -3.289
0.00016279 -1.98000 10.00000 0.8435040712 2.4330410957    0.828  2.530  3.6830  1.510    3  0.000  0.517     0.00     0.00 -1 -8.14e-10      0.00 7.498e-01 2.500e-01 2.818e-05 8.862e-06 7.279e-05 -1.000 1.704e-04 -1.555 -1.969 -2.421 -2.797 -3.334 -3.543 -3.587 -3.603 -3.606 -3.219 -3.595 -3.203 -3.497 -3.538 -3.552 -3.574 -3.593 -3.599 -3.606 -3.615 -3.610 -3.595 -3.599 -3.403
0.00016279 -1.98000 10.00000 0.8435298800 2.4330492020    0.827  2.569  3.6812  1.463    3  0.000  0.517     0.00     0.00 -1 -9.41e-10      0.00 7.498e-01 2.500e-01 2.818e-05 8.862e-06 7.279e-05 -1.000 1.704e-04 -1.653 -2.066 -2.522 -2.902 -3.442 -3.654 -3.698 -3.715 -3.717 -3.327 -3.706 -3.310 -3.607 -3.648 -3.663 -3.685 -3.704 -3.711 -3.718 -3.727 -3.722 -3.705 -3.710 -3.513
0.00016279 -1.98000 10.00000 0.8435539007 2.4330565929    0.827  2.608  3.6792  1.416    3  0.000  0.517     0.00     0.00 -1 -1.09e-09      0.00 7.498e-01 2.500e-01 2.818e-05 8.862e-06 7.279e-05 -1.000 1.704e-04 -1.750 -2.161 -2.623 -3.006 -3.551 -3.765 -3.809 -3.827 -3.828 -3.435 -3.817 -3.417 -3.717 -3.759 -3.773 -3.795 -3.816 -3.823 -3.830 -3.839 -3.833 -3.814 -3.819 -3.622
0.00016279 -1.98000 10.00000 0.8435767889 2.4330637455    0.825  2.647  3.6773  1.369    3  0.000  0.517     0.00     0.00 -1 -1.26e-09      0.00 7.498e-01 2.500e-01 2.818e-05 8.863e-06 7.279e-05 -1.000 1.704e-04 -1.848 -2.258 -2.725 -3.112 -3.661 -3.877 -3.922 -3.940 -3.940 -3.545 -3.930 -3.526 -3.828 -3.871 -3.886 -3.908 -3.929 -3.936 -3.943 -3.952 -3.946 -3.925 -3.930 -3.732
0.00016279 -1.98000 10.00000 0.8436014652 2.4330713749    0.824  2.693  3.6750  1.313    3  0.000  0.517     0.00     0.00 -1 -1.49e-09      0.00 7.498e-01 2.500e-01 2.818e-05 8.863e-06 7.279e-05 -1.000 1.704e-04 -1.962 -2.371 -2.843 -3.234 -3.788 -4.008 -4.053 -4.072 -4.070 -3.672 -4.061 -3.652 -3.958 -4.001 -4.017 -4.038 -4.060 -4.068 -4.075 -4.084 -4.078 -4.053 -4.059 -3.861
0.00016279 -1.98000 10.00000 0.8436213136 2.4330775738    0.823  2.732  3.6730  1.265    3  0.000  0.517     0.00     0.00 -1 -1.73e-09      0.00 7.498e-01 2.500e-01 2.818e-05 8.863e-06 7.279e-05 -1.000 1.704e-04 -2.061 -2.468 -2.946 -3.341 -3.899 -4.121 -4.166 -4.186 -4.183 -3.782 -4.175 -3.761 -4.070 -4.114 -4.130 -4.150 -4.174 -4.182 -4.188 -4.198 -4.191 -4.164 -4.171 -3.972
0.00016279 -1.98000 10.00000 0.8436417580 2.4330837727    0.821  2.776  3.6707  1.211    3  0.000  0.517     0.00     0.00 -1 -2.03e-09      0.00 7.498e-01 2.500e-01 2.818e-05 8.864e-06 7.279e-05 -1.000 1.704e-04 -2.170 -2.576 -3.059 -3.459 -4.022 -4.247 -4.293 -4.313 -4.309 -3.905 -4.302 -3.883 -4.195 -4.240 -4.256 -4.276 -4.301 -4.309 -4.316 -4.326 -4.318 -4.288 -4.296 -4.096
0.00016279 -1.98000 10.00000 0.8436586261 2.4330890179    0.820  2.815  3.6687  1.164    3  0.000  0.517     0.00     0.00 -1 -2.35e-09      0.00 7.498e-01 2.500e-01 2.818e-05 8.864e-06 7.279e-05 -1.000 1.704e-04 -2.267 -2.671 -3.160 -3.563 -4.130 -4.357 -4.404 -4.425 -4.420 -4.013 -4.413 -3.990 -4.305 -4.350 -4.367 -4.387 -4.413 -4.421 -4.427 -4.437 -4.429 -4.397 -4.405 -4.205
0.00016279 -1.98000 10.00000 0.8436757922 2.4330942631    0.818  2.857  3.6664  1.112    3  0.000  0.517     0.00     0.00 -1 -2.75e-09      0.00 7.498e-01 2.500e-01 2.818e-05 8.864e-06 7.279e-05 -1.000 1.704e-04 -2.371 -2.773 -3.269 -3.676 -4.249 -4.479 -4.526 -4.548 -4.541 -4.132 -4.535 -4.108 -4.426 -4.472 -4.489 -4.507 -4.536 -4.543 -4.550 -4.561 -4.552 -4.515 -4.525 -4.325
0.00016279 -1.98000 10.00000 0.8436900973 2.4330987930    0.816  2.894  3.6644  1.066    3  0.000  0.517     0.00     0.00 -1 -3.16e-09      0.00 7.498e-01 2.500e-01 2.818e-05 8.865e-06 7.279e-05 -1.000 1.704e-04 -2.464 -2.864 -3.365 -3.776 -4.354 -4.586 -4.633 -4.656 -4.648 -4.236 -4.643 -4.211 -4.532 -4.579 -4.596 -4.613 -4.643 -4.651 -4.659 -4.669 -4.659 -4.619 -4.630 -4.431
0.00016279 -1.98000 10.00000 0.8437050581 2.4331033230    0.814  2.935  3.6621  1.014    3  0.000  0.517     0.00     0.00 -1  -3.7e-09      0.00 7.498e-01 2.500e-01 2.818e-05 8.865e-06 7.279e-05 -1.000 1.704e-04 -2.568 -2.965 -3.473 -3.889 -4.472 -4.707 -4.754 -4.778 -4.769 -4.354 -4.764 -4.328 -4.652 -4.699 -4.717 -4.733 -4.765 -4.773 -4.780 -4.791 -4.781 -4.737 -4.748 -4.549
0.00016279 -1.98000 10.00000 0.8437202573 2.4331080914    0.812  2.981  3.6596  0.957    3  0.000  0.517     0.00     0.00 -1 -4.39e-09      0.00 7.498e-01 2.500e-01 2.818e-05 8.865e-06 7.279e-05 -1.000 1.704e-04 -2.681 -3.075 -3.590 -4.011 -4.601 -4.838 -4.885 -4.910 -4.900 -4.482 -4.896 -4.454 -4.782 -4.830 -4.848 -4.862 -4.898 -4.906 -4.913 -4.924 -4.913 -4.864 -4.877 -4.678
0.00016279 -1.98000 10.00000 0.8437325954 2.4331119061    0.809  3.020  3.6573  0.907    3  0.000  0.517     0.00     0.00 -1 -5.09e-09      0.00 7.498e-01 2.500e-01 2.818e-05 8.865e-06 7.279e-05 -1.000 1.704e-04 -2.780 -3.170 -3.693 -4.118 -4.713 -4.953 -5.000 -5.027 -5.014 -4.594 -5.012 -4.565 -4.896 -4.945 -4.963 -4.976 -5.014 -5.022 -5.030 -5.041 -5.029 -4.976 -4.990 -4.792
0.00016279 -1.98000 10.00000 0.8437431455 2.4331152439    0.807  3.055  3.6552  0.862    3  0.000  0.517     0.00     0.00 -1 -5.83e-09      0.00 7.498e-01 2.500e-01 2.818e-05 8.865e-06 7.279e-05 -1.000 1.704e-04 -2.869 -3.256 -3.785 -4.215 -4.815 -5.057 -5.105 -5.132 -5.118 -4.695 -5.116 -4.666 -4.999 -5.049 -5.068 -5.079 -5.119 -5.127 -5.135 -5.146 -5.133 -5.077 -5.093 -4.894
0.00016279 -1.98000 10.00000 0.8437540531 2.4331185818    0.804  3.094  3.6529  0.813    3  0.000  0.517     0.00     0.00 -1 -6.76e-09      0.00 7.498e-01 2.500e-01 2.818e-05 8.866e-06 7.279e-05 -1.000 1.704e-04 -2.966 -3.349 -3.886 -4.321 -4.926 -5.171 -5.218 -5.247 -5.232 -4.806 -5.231 -4.775 -5.111 -5.162 -5.182 -5.191 -5.234 -5.242 -5.250 -5.262 -5.248 -5.187 -5.204 -5.006
0.00016279 -1.98000 10.00000 0.8437652588 2.4331219196    0.801  3.137  3.6504  0.758    3  0.000  0.517     0.00     0.00 -1 -7.95e-09      0.00 7.498e-01 2.500e-01 2.818e-05 8.866e-06 7.279e-05 -1.000 1.704e-04 -3.072 -3.447 -3.993 -4.435 -5.047 -5.295 -5.342 -5.373 -5.356 -4.926 -5.356 -4.895 -5.234 -5.286 -5.306 -5.313 -5.359 -5.368 -5.376 -5.388 -5.374 -5.308 -5.326 -5.128
0.00016279 -1.98000 10.00000 0.8437746763 2.4331250191    0.798  3.174  3.6481  0.710    3  0.000  0.517     0.00     0.00 -1 -9.18e-09      0.00 7.498e-01 2.500e-01 2.818e-05 8.866e-06 7.279e-05 -1.000 1.704e-04 -3.165 -3.535 -4.089 -4.536 -5.154 -5.405 -5.452 -5.485 -5.466 -5.033 -5.466 -5.000 -5.343 -5.396 -5.417 -5.421 -5.470 -5.479 -5.487 -5.500 -5.485 -5.415 -5.434 -5.236
0.00016279 -1.98000 10.00000 0.8437840939 2.4331278801    0.794  3.214  3.6457  0.659    3  0.000  0.517     0.00     0.00 -1 -1.07e-08      0.00 7.498e-01 2.500e-01 2.818e-05 8.866e-06 7.279e-05 -1.000 1.705e-04 -3.264 -3.627 -4.190 -4.643 -5.267 -5.522 -5.568 -5.603 -5.583 -5.146 -5.583 -5.112 -5.458 -5.513 -5.534 -5.534 -5.588 -5.597 -5.606 -5.618 -5.603 -5.528 -5.548 -5.350
0.00016279 -1.98000 10.00000 0.8437928557 2.4331305027    0.790  3.251  3.6435  0.611    3  0.000  0.517     0.00     0.00 -1 -1.24e-08      0.00 7.498e-01 2.500e-01 2.818e-05 8.866e-06 7.279e-05 -1.000 1.704e-04 -3.357 -3.713 -4.284 -4.743 -5.372 -5.630 -5.676 -5.713 -5.691 -5.251 -5.692 -5.216 -5.565 -5.621 -5.642 -5.640 -5.698 -5.706 -5.715 -5.728 -5.713 -5.632 -5.654 -5.456
0.00016279 -1.98000 10.00000 0.8437953591 2.4331314564    0.788  3.260  3.6429  0.599    3  0.000  0.517     0.00     0.00 -1 -1.29e-08      0.00 7.498e-01 2.500e-01 2.818e-05 8.866e-06 7.279e-05 -1.000 1.704e-04 -3.380 -3.734 -4.308 -4.768 -5.399 -5.657 -5.703 -5.740 -5.717 -5.277 -5.719 -5.242 -5.592 -5.648 -5.669 -5.666 -5.725 -5.734 -5.742 -5.756 -5.740 -5.658 -5.680 -5.483
0.00016279 -1.98000 10.00000 0.8437953591 2.4331314564    0.788  1.718  3.8296  2.887    4  0.000  0.531     0.00     0.00 -1    -1e-30      0.00 7.540e-01 2.458e-01 2.871e-05 8.094e-06 7.216e-05 -1.000 1.703e-04 0.476 0.173 -0.012 -0.170 -0.388 -0.455 -0.469 -0.473 -0.480 -0.324 -0.471 -0.347 -0.442 -0.453 -0.456 -0.464 -0.470 -0.471 -0.474 -0.479 -0.479 -0.484 -0.481 -0.412
0.00016279 -1.98000 10.00000 0.8438267112 2.4331409931    0.788  1.738  3.8189  2.824    4  0.000  0.531     0.00     0.00 -1    -1e-30      0.00 7.540e-01 2.458e-01 2.871e-05 8.094e-06 7.216e-05 -1.000 1.703e-04 0.424 0.105 -0.097 -0.269 -0.511 -0.585 -0.600 -0.604 -0.611 -0.441 -0.602 -0.464 -0.572 -0.584 -0.587 -0.595 -0.601 -0.602 -0.605 -0.610 -0.611 -0.615 -0.612 -0.537
0.00016279 -1.98000 10.00000 0.8438827395 2.4331583977    0.789  1.742  3.8180  2.817    4  0.000  0.531     0.00     0.00 -1    -1e-30      0.00 7.540e-01 2.458e-01 2.871e-05 8.095e-06 7.216e-05 -1.000 1.703e-04 0.415 0.094 -0.109 -0.283 -0.526 -0.601 -0.617 -0.621 -0.627 -0.456 -0.619 -0.479 -0.588 -0.600 -0.603 -0.612 -0.618 -0.619 -0.622 -0.626 -0.627 -0.632 -0.629 -0.553
0.00016279 -1.98000 10.00000 0.8439368606 2.4331750870    0.789  1.743  3.8186  2.818    4  0.000  0.531     0.00     0.00 -1    -1e-30      0.00 7.540e-01 2.458e-01 2.871e-05 8.095e-06 7.216e-05 -1.000 1.703e-04 0.413 0.093 -0.109 -0.282 -0.524 -0.598 -0.614 -0.618 -0.625 -0.454 -0.616 -0.477 -0.585 -0.597 -0.601 -0.609 -0.615 -0.616 -0.619 -0.624 -0.625 -0.629 -0.626 -0.551
0.00016279 -1.98000 10.00000 0.8439919353 2.4331922531    0.789  1.743  3.8194  2.821    4  0.000  0.531     0.00     0.00 -1    -1e-30      0.00 7.540e-01 2.458e-01 2.871e-05 8.095e-06 7.216e-05 -1.000 1.702e-04 0.412 0.093 -0.108 -0.280 -0.520 -0.593 -0.609 -0.613 -0.619 -0.450 -0.611 -0.473 -0.580 -0.592 -0.595 -0.604 -0.610 -0.611 -0.614 -0.618 -0.619 -0.624 -0.621 -0.546
0.00016279 -1.98000 10.00000 0.8440490961 2.4332098961    0.789  1.744  3.8206  2.826    4  0.000  0.531     0.00     0.00 -1    -1e-30      0.00 7.540e-01 2.458e-01 2.871e-05 8.096e-06 7.217e-05 -1.000 1.704e-04 0.411 0.094 -0.105 -0.275 -0.513 -0.586 -0.601 -0.605 -0.612 -0.444 -0.603 -0.467 -0.573 -0.585 -0.588 -0.596 -0.602 -0.603 -0.606 -0.611 -0.612 -0.616 -0.613 -0.539
0.00016279 -1.98000 10.00000 0.8441031575 2.4332265854    0.789  1.744  3.8218  2.831    4  0.000  0.531     0.00     0.00 -1    -1e-30      0.00 7.540e-01 2.458e-01 2.871e-05 8.096e-06 7.217e-05 -1.000 1.702e-04 0.411 0.095 -0.102 -0.270 -0.505 -0.577 -0.592 -0.596 -0.603 -0.437 -0.594 -0.460 -0.564 -0.576 -0.579 -0.587 -0.593 -0.594 -0.597 -0.602 -0.603 -0.607 -0.604 -0.531
0.00016279 -1.98000 10.00000 0.8441600204 2.4332439899    0.789  1.744  3.8233  2.836    4  0.000  0.531     0.00     0.00 -1    -1e-30      0.00 7.540e-01 2.458e-01 2.871e-05 8.096e-06 7.217e-05 -1.000 1.703e-04 0.411 0.097 -0.097 -0.264 -0.495 -0.566 -0.581 -0.585 -0.592 -0.428 -0.583 -0.451 -0.553 -0.565 -0.568 -0.576 -0.582 -0.583 -0.586 -0.591 -0.592 -0.596 -0.593 -0.521
0.00016279 -1.98000 10.00000 0.8442162871 2.4332613945    0.789  1.744  3.8249  2.843    4  0.000  0.531     0.00     0.00 -1    -1e-30      0.00 7.540e-01 2.458e-01 2.871e-05 8.096e-06 7.217e-05 -1.000 1.703e-04 0.411 0.100 -0.092 -0.257 -0.485 -0.554 -0.569 -0.573 -0.580 -0.418 -0.571 -0.441 -0.542 -0.553 -0.556 -0.565 -0.571 -0.572 -0.574 -0.579 -0.580 -0.584 -0.581 -0.510
0.00016279 -1.98000 10.00000 0.8442729712 2.4332790375    0.789  1.744  3.8263  2.849    4  0.000  0.531     0.00     0.00 -1    -1e-30      0.00 7.540e-01 2.458e-01 2.871e-05 8.097e-06 7.217e-05 -1.000 1.703e-04 0.411 0.103 -0.088 -0.250 -0.475 -0.543 -0.558 -0.562 -0.569 -0.409 -0.560 -0.432 -0.531 -0.542 -0.545 -0.553 -0.559 -0.560 -0.563 -0.568 -0.569 -0.573 -0.570 -0.499
0.00016279 -1.98000 10.00000 0.8443262577 2.4332954884    0.789  1.744  3.8276  2.854    4  0.000  0.531     0.00     0.00 -1    -1e-30      0.00 7.540e-01 2.458e-01 2.871e-05 8.097e-06 7.217e-05 -1.000 1.702e-04 0.411 0.105 -0.084 -0.244 -0.466 -0.534 -0.549 -0.553 -0.559 -0.401 -0.551 -0.424 -0.521 -0.533 -0.536 -0.544 -0.550 -0.551 -0.554 -0.558 -0.559 -0.563 -0.561 -0.490
0.00016279 -1.98000 10.00000 0.8443846107 2.4333136082    0.789  1.744  3.8286  2.858    4  0.000  0.531     0.00     0.00 -1    -1e-30      0.00 7.540e-01 2.458e-01 2.871e-05 8.097e-06 7.217e-05 -1.000 1.702e-04 0.411 0.106 -0.081 -0.240 -0.459 -0.526 -0.541 -0.545 -0.552 -0.395 -0.543 -0.418 -0.514 -0.525 -0.528 -0.536 -0.542 -0.543 -0.546 -0.551 -0.551 -0.556 -0.553 -0.483
0.00016279 -1.98000 10.00000 0.8444415331 2.4333310127    0.789  1.744  3.8294  2.861    4  0.000  0.531     0.00     0.00 -1    -1e-30      0.00 7.540e-01 2.458e-01 2.871e-05 8.098e-06 7.217e-05 -1.000 1.703e-04 0.410 0.106 -0.079 -0.237 -0.455 -0.522 -0.536 -0.540 -0.547 -0.391 -0.538 -0.414 -0.509 -0.520 -0.523 -0.531 -0.537 -0.538 -0.541 -0.546 -0.546 -0.551 -0.548 -0.479
0.00016279 -1.98000 10.00000 0.8444991708 2.4333488941    0.789  1.744  3.8297  2.861    4  0.000  0.531     0.00     0.00 -1    -1e-30      0.00 7.540e-01 2.458e-01 2.871e-05 8.098e-06 7.217e-05 -1.000 1.702e-04 0.409 0.106 -0.079 -0.237 -0.454 -0.521 -0.535 -0.539 -0.546 -0.391 -0.537 -0.413 -0.508 -0.519 -0.522 -0.530 -0.536 -0.537 -0.540 -0.545 -0.545 -0.550 -0.547 -0.478
0.00016279 -1.98000 10.00000 0.8445578814 2.4333670139    0.789  1.745  3.8294  2.860    4  0.000  0.531     0.00     0.00 -1    -1e-30      0.00 7.540e-01 2.458e-01 2.871e-05 8.098e-06 7.217e-05 -1.000 1.703e-04 0.407 0.104 -0.082 -0.240 -0.457 -0.524 -0.538 -0.542 -0.549 -0.394 -0.540 -0.416 -0.511 -0.523 -0.525 -0.534 -0.540 -0.541 -0.543 -0.548 -0.549 -0.553 -0.550 -0.481
0.00016279 -1.98000 10.00000 0.8445815444 2.4333744049    0.789  1.745  3.8292  2.859    4  0.000  0.531     0.00     0.00 -1    -1e-30      0.00 7.540e-01 2.459e-01 2.871e-05 8.098e-06 7.217e-05 -1.000 1.703e-04 0.407 0.103 -0.083 -0.241 -0.459 -0.526 -0.541 -0.545 -0.551 -0.396 -0.543 -0.418 -0.514 -0.525 -0.528 -0.536 -0.542 -0.543 -0.545 -0.550 -0.551 -0.555 -0.553 -0.483
0.00016279 -1.98000 10.00000 0.8446135521 2.4333841801    0.789  1.746  3.8286  2.856    4  0.000  0.531     0.00     0.00 -1    -1e-30      0.00 7.540e-01 2.459e-01 2.871e-05 8.098e-06 7.217e-05 -1.000 1.703e-04 0.405 0.100 -0.087 -0.246 -0.465 -0.532 -0.547 -0.551 -0.557 -0.401 -0.549 -0.423 -0.520 -0.531 -0.534 -0.542 -0.548 -0.549 -0.551 -0.556 -0.557 -0.561 -0.559 -0.489
0.00016279 -1.98000 10.00000 0.8446734548 2.4334027767    0.789  1.747  3.8271  2.849    4  0.000  0.531     0.00     0.00 -1    -1e-30      0.00 7.540e-01 2.459e-01 2.871e-05 8.099e-06 7.217e-05 -1.000 1.703e-04 0.402 0.095 -0.094 -0.256 -0.478 -0.547 -0.561 -0.565 -0.572 -0.413 -0.563 -0.436 -0.534 -0.545 -0.548 -0.557 -0.562 -0.563 -0.566 -0.571 -0.572 -0.576 -0.573 -0.503
0.00016279 -1.98000 10.00000 0.8447279930 2.4334194660    0.789  1.749  3.8251  2.839    4  0.000  0.531     0.00     0.00 -1    -1e-30      0.00 7.540e-01 2.459e-01 2.871e-05 8.099e-06 7.218e-05 -1.000 1.703e-04 0.398 0.088 -0.104 -0.268 -0.495 -0.565 -0.580 -0.584 -0.591 -0.429 -0.582 -0.452 -0.552 -0.564 -0.567 -0.575 -0.581 -0.582 -0.585 -0.589 -0.590 -0.595 -0.592 -0.520
0.00016279 -1.98000 10.00000 0.8447839022 2.4334368706    0.789  1.751  3.8225  2.827    4  0.000  0.531     0.00     0.00 -1    -1e-30      0.00 7.540e-01 2.459e-01 2.871e-05 8.099e-06 7.218e-05 -1.000 1.704e-04 0.394 0.079 -0.117 -0.285 -0.518 -0.589 -0.604 -0.609 -0.615 -0.450 -0.606 -0.473 -0.577 -0.588 -0.591 -0.600 -0.606 -0.607 -0.610 -0.614 -0.615 -0.619 -0.616 -0.543
0.00016279 -1.98000 10.00000 0.8448433876 2.4334552288    0.790  1.753  3.8190  2.810    4  0.000  0.531     0.00     0.00 -1    -1e-30      0.00 7.540e-01 2.459e-01 2.871e-05 8.100e-06 7.218e-05 -1.000 1.703e-04 0.388 0.068 -0.133 -0.306 -0.547 -0.621 -0.636 -0.641 -0.647 -0.477 -0.638 -0.500 -0.608 -0.620 -0.623 -0.632 -0.638 -0.639 -0.642 -0.646 -0.647 -0.652 -0.649 -0.574
0.00016279 -1.98000 10.00000 0.8449025750 2.4334733486    0.790  1.756  3.8148  2.791    4  0.000  0.531     0.00     0.00 -1    -1e-30      0.00 7.540e-01 2.459e-01 2.871e-05 8.100e-06 7.218e-05 -1.000 1.703e-04 0.381 0.055 -0.153 -0.331 -0.582 -0.658 -0.674 -0.679 -0.685 -0.510 -0.676 -0.533 -0.645 -0.657 -0.661 -0.670 -0.676 -0.677 -0.680 -0.684 -0.685 -0.690 -0.687 -0.609
0.00016279 -1.98000 10.00000 0.8449603319 2.4334912300    0.790  1.759  3.8101  2.769    4  0.000  0.530     0.00     0.00 -1    -1e-30      0.00 7.539e-01 2.459e-01 2.871e-05 8.100e-06 7.218e-05 -1.000 1.703e-04 0.373 0.041 -0.175 -0.359 -0.620 -0.700 -0.717 -0.722 -0.728 -0.546 -0.719 -0.569 -0.687 -0.699 -0.703 -0.712 -0.718 -0.720 -0.723 -0.727 -0.728 -0.733 -0.730 -0.649
0.00016279 -1.98000 10.00000 0.8449934721 2.4335014820    0.790  1.761  3.8073  2.756    4  0.000  0.530     0.00     0.00 -1    -1e-30      0.00 7.539e-01 2.459e-01 2.871e-05 8.100e-06 7.218e-05 -1.000 1.703e-04 0.368 0.033 -0.188 -0.376 -0.644 -0.726 -0.743 -0.748 -0.754 -0.568 -0.745 -0.591 -0.712 -0.725 -0.729 -0.738 -0.744 -0.746 -0.749 -0.753 -0.754 -0.759 -0.756 -0.674
0.00016279 -1.98000 10.00000 0.8450467587 2.4335179329    0.790  1.764  3.8024  2.733    4  0.000  0.530     0.00     0.00 -1    -1e-30      0.00 7.539e-01 2.459e-01 2.871e-05 8.101e-06 7.218e-05 -1.000 1.702e-04 0.359 0.018 -0.210 -0.405 -0.684 -0.770 -0.788 -0.792 -0.799 -0.605 -0.790 -0.628 -0.755 -0.769 -0.772 -0.782 -0.788 -0.790 -0.793 -0.798 -0.799 -0.804 -0.800 -0.715
0.00016279 -1.98000 10.00000 0.8451030850 2.4335350990    0.790  1.768  3.7973  2.708    4  0.000  0.530     0.00     0.00 -1    -1e-30      0.00 7.539e-01 2.459e-01 2.871e-05 8.101e-06 7.218e-05 -1.000 1.704e-04 0.349 0.002 -0.235 -0.437 -0.727 -0.817 -0.836 -0.841 -0.848 -0.646 -0.838 -0.669 -0.802 -0.816 -0.820 -0.831 -0.836 -0.838 -0.842 -0.847 -0.847 -0.852 -0.849 -0.760
0.00016279 -1.98000 10.00000 0.8451588154 2.4335522652    0.790  1.772  3.7923  2.684    4  0.000  0.530     0.00     0.00 -1    -1e-30      0.00 7.539e-01 2.459e-01 2.871e-05 8.101e-06 7.218e-05 -1.000 1.703e-04 0.339 -0.015 -0.259 -0.469 -0.770 -0.864 -0.883 -0.888 -0.895 -0.686 -0.886 -0.709 -0.849 -0.863 -0.867 -0.878 -0.884 -0.886 -0.889 -0.894 -0.895 -0.900 -0.896 -0.804
0.00016279 -1.98000 10.00000 0.8452157974 2.4335699081    0.790  1.777  3.7869  2.658    4  0.000  0.530     0.00     0.00 -1    -1e-30      0.00 7.539e-01 2.459e-01 2.871e-05 8.102e-06 7.218e-05 -1.000 1.703e-04 0.327 -0.032 -0.286 -0.503 -0.816 -0.915 -0.935 -0.940 -0.947 -0.730 -0.938 -0.752 -0.899 -0.914 -0.918 -0.930 -0.936 -0.938 -0.941 -0.946 -0.947 -0.953 -0.949 -0.852
0.00016279 -1.98000 10.00000 0.8452701569 2.4335865974    0.790  1.782  3.7820  2.634    4  0.000  0.530     0.00     0.00 -1    -1e-30      0.00 7.539e-01 2.459e-01 2.871e-05 8.102e-06 7.218e-05 -1.000 1.703e-04 0.314 -0.050 -0.312 -0.536 -0.860 -0.963 -0.984 -0.989 -0.996 -0.772 -0.986 -0.793 -0.946 -0.962 -0.966 -0.978 -0.984 -0.987 -0.990 -0.995 -0.996 -1.002 -0.998 -0.898
0.00016279 -1.98000 10.00000 0.8453245163 2.4336035252    0.790  1.787  3.7779  2.612    4  0.000  0.530     0.00     0.00 -1    -1e-30      0.00 7.539e-01 2.459e-01 2.871e-05 8.102e-06 7.218e-05 -1.000 1.703e-04 0.302 -0.066 -0.335 -0.565 -0.899 -1.006 -1.027 -1.033 -1.040 -0.809 -1.029 -0.829 -0.988 -1.005 -1.009 -1.021 -1.028 -1.031 -1.034 -1.039 -1.040 -1.045 -1.042 -0.937
0.00016279 -1.98000 10.00000 0.8453781605 2.4336199760    0.790  1.793  3.7737  2.590    4  0.000  0.530     0.00     0.00 -1    -1e-30      0.00 7.539e-01 2.459e-01 2.871e-05 8.102e-06 7.218e-05 -1.000 1.703e-04 0.287 -0.085 -0.361 -0.597 -0.940 -1.050 -1.072 -1.078 -1.086 -0.848 -1.075 -0.868 -1.032 -1.049 -1.054 -1.066 -1.073 -1.076 -1.079 -1.085 -1.086 -1.092 -1.088 -0.980
0.00016279 -1.98000 10.00000 0.8454325795 2.4336366653    0.790  1.800  3.7698  2.567    4  0.000  0.530     0.00     0.00 -1    -1e-30      0.00 7.539e-01 2.459e-01 2.871e-05 8.103e-06 7.219e-05 -1.000 1.703e-04 0.271 -0.105 -0.389 -0.630 -0.981 -1.095 -1.117 -1.124 -1.132 -0.888 -1.120 -0.906 -1.076 -1.094 -1.099 -1.112 -1.119 -1.122 -1.125 -1.131 -1.132 -1.138 -1.134 -1.022
0.00016279 -1.98000 10.00000 0.8454867005 2.4336533546    0.790  1.807  3.7664  2.547    4  0.000  0.530     0.00     0.00 -1    -1e-30      0.00 7.539e-01 2.459e-01 2.871e-05 8.103e-06 7.219e-05 -1.000 1.703e-04 0.253 -0.126 -0.416 -0.662 -1.021 -1.138 -1.161 -1.167 -1.175 -0.926 -1.164 -0.944 -1.118 -1.136 -1.141 -1.155 -1.162 -1.165 -1.168 -1.174 -1.175 -1.181 -1.177 -1.063
0.00016279 -1.98000 10.00000 0.8455221057 2.4336643219    0.790  1.805  3.7670  2.551    4  0.000  0.530     0.00     0.00 -1    -1e-30      0.00 7.539e-01 2.459e-01 2.871e-05 8.103e-06 7.219e-05 -1.000 1.702e-04 0.257 -0.121 -0.410 -0.655 -1.013 -1.129 -1.152 -1.159 -1.167 -0.918 -1.155 -0.936 -1.109 -1.128 -1.133 -1.146 -1.154 -1.157 -1.160 -1.165 -1.166 -1.172 -1.168 -1.054
0.00016279 -1.98000 10.00000 0.8455754519 2.4336807728    0.790  1.816  3.7623  2.521    4  0.000  0.530     0.00     0.00 -1    -1e-30      0.00 7.539e-01 2.459e-01 2.871e-05 8.103e-06 7.219e-05 -1.000 1.703e-04 0.229 -0.153 -0.450 -0.702 -1.070 -1.191 -1.215 -1.222 -1.230 -0.974 -1.218 -0.991 -1.170 -1.190 -1.195 -1.209 -1.217 -1.220 -1.223 -1.229 -1.230 -1.236 -1.232 -1.113
0.00016279 -1.98000 10.00000 0.8456305861 2.4336977005    0.790  1.832  3.7570  2.484    4  0.000  0.530     0.00     0.00 -1    -1e-30      0.00 7.539e-01 2.459e-01 2.871e-05 8.104e-06 7.219e-05 -1.000 1.702e-04 0.190 -0.197 -0.503 -0.763 -1.141 -1.268 -1.293 -1.300 -1.309 -1.044 -1.296 -1.059 -1.246 -1.266 -1.272 -1.286 -1.294 -1.298 -1.302 -1.308 -1.309 -1.315 -1.311 -1.187
0.00016279 -1.98000 10.00000 0.8456844687 2.4337143898    0.790  1.858  3.7502  2.430    4  0.000  0.530     0.00     0.00 -1    -1e-30      0.00 7.539e-01 2.459e-01 2.871e-05 8.104e-06 7.219e-05 -1.000 1.703e-04 0.125 -0.269 -0.586 -0.857 -1.250 -1.383 -1.410 -1.417 -1.426 -1.150 -1.413 -1.163 -1.360 -1.381 -1.387 -1.403 -1.411 -1.415 -1.419 -1.425 -1.426 -1.432 -1.428 -1.297
0.00016279 -1.98000 10.00000 0.8457171321 2.4337244034    0.791  1.889  3.7434  2.373    4  0.000  0.530     0.00     0.00 -1    -1e-30      0.00 7.539e-01 2.459e-01 2.871e-05 8.104e-06 7.219e-05 -1.000 1.703e-04 0.048 -0.350 -0.680 -0.960 -1.368 -1.509 -1.537 -1.545 -1.554 -1.266 -1.540 -1.277 -1.483 -1.506 -1.513 -1.530 -1.538 -1.542 -1.546 -1.553 -1.554 -1.560 -1.556 -1.417
0.00016279 -1.98000 10.00000 0.8457334042 2.4337294102    0.791  1.922  3.7370  2.314    4  0.000  0.530     0.00     0.00 -1    -1e-30      0.00 7.539e-01 2.459e-01 2.871e-05 8.104e-06 7.219e-05 -1.000 1.703e-04 -0.035 -0.438 -0.780 -1.069 -1.490 -1.637 -1.667 -1.676 -1.685 -1.386 -1.671 -1.395 -1.610 -1.634 -1.642 -1.660 -1.669 -1.673 -1.677 -1.684 -1.685 -1.691 -1.687 -1.542
0.00016279 -1.98000 10.00000 0.8457403779 2.4337315559    0.791  1.955  3.7315  2.259    4  0.000  0.530     0.00     0.00 -1    -1e-30      0.00 7.539e-01 2.460e-01 2.871e-05 8.104e-06 7.219e-05 -1.000 1.703e-04 -0.118 -0.524 -0.876 -1.174 -1.607 -1.760 -1.791 -1.800 -1.810 -1.501 -1.795 -1.508 -1.731 -1.757 -1.765 -1.783 -1.793 -1.797 -1.802 -1.809 -1.810 -1.815 -1.812 -1.660
0.00016279 -1.98000 10.00000 0.8457435369 2.4337325096    0.791  1.989  3.7270  2.207    4  0.000  0.530     0.00     0.00 -1    -1e-30      0.00 7.539e-01 2.460e-01 2.871e-05 8.104e-06 7.219e-05 -1.000 1.703e-04 -0.201 -0.610 -0.971 -1.276 -1.717 -1.876 -1.907 -1.918 -1.928 -1.611 -1.912 -1.615 -1.845 -1.872 -1.881 -1.900 -1.910 -1.915 -1.919 -1.926 -1.928 -1.933 -1.929 -1.772
0.00016279 -1.98000 10.00000 0.8457451463 2.4337329865    0.791  2.019  3.7234  2.163    4  0.000  0.530     0.00     0.00 -1    -1e-30      0.00 7.539e-01 2.460e-01 2.871e-05 8.104e-06 7.219e-05 -1.000 1.703e-04 -0.277 -0.688 -1.055 -1.365 -1.814 -1.976 -2.009 -2.020 -2.030 -1.707 -2.014 -1.710 -1.945 -1.973 -1.982 -2.002 -2.012 -2.017 -2.021 -2.029 -2.030 -2.035 -2.031 -1.871
0.00016279 -1.98000 10.00000 0.8457452655 2.4337329865    0.791  2.022  3.7231  2.159    7  0.000  0.530     0.00     0.00 -1    -1e-30      0.00 7.539e-01 2.460e-01 2.871e-05 8.104e-06 7.219e-05 -1.000 1.702e-04 -0.284 -0.695 -1.063 -1.374 -1.823 -1.986 -2.018 -2.029 -2.039 -1.716 -2.023 -1.719 -1.954 -1.982 -1.991 -2.011 -2.021 -2.026 -2.030 -2.038 -2.039 -2.044 -2.041 -1.879
0.00016279 -1.98000 10.00000 0.8457460403 2.4337332249    0.791  2.048  3.7208  2.123    7  0.000  0.530     0.00     0.00 -1    -1e-30      0.00 7.539e-01 2.460e-01 2.871e-05 8.104e-06 7.219e-05 -1.000 1.703e-04 -0.350 -0.761 -1.134 -1.448 -1.903 -2.068 -2.101 -2.113 -2.122 -1.795 -2.107 -1.797 -2.036 -2.065 -2.074 -2.094 -2.105 -2.110 -2.114 -2.122 -2.123 -2.126 -2.124 -1.960
0.00016279 -1.98000 10.00000 0.8457471132 2.4337334633    0.791  2.088  3.7175  2.069    7  0.000  0.530     0.00     0.00 -1    -1e-30      0.00 7.539e-01 2.460e-01 2.871e-05 8.104e-06 7.219e-05 -1.000 1.703e-04 -0.451 -0.864 -1.243 -1.563 -2.024 -2.193 -2.227 -2.239 -2.248 -1.915 -2.233 -1.916 -2.159 -2.189 -2.199 -2.219 -2.231 -2.236 -2.240 -2.248 -2.249 -2.252 -2.249 -2.082
0.00016279 -1.98000 10.00000 0.8457481861 2.4337339401    0.791  2.127  3.7146  2.020    7  0.000  0.530     0.00     0.00 -1    -1e-30      0.00 7.539e-01 2.460e-01 2.871e-05 8.104e-06 7.219e-05 -1.000 1.702e-04 -0.547 -0.961 -1.346 -1.670 -2.137 -2.310 -2.345 -2.356 -2.366 -2.028 -2.350 -2.028 -2.275 -2.306 -2.316 -2.336 -2.348 -2.353 -2.358 -2.366 -2.367 -2.369 -2.367 -2.197
0.00016279 -1.98000 10.00000 0.8457496166 2.4337344170    0.791  2.167  3.7119  1.969    7  0.000  0.530     0.00     0.00 -1    -1e-30      0.00 7.539e-01 2.460e-01 2.871e-05 8.104e-06 7.219e-05 -1.000 1.703e-04 -0.647 -1.062 -1.452 -1.780 -2.253 -2.429 -2.464 -2.476 -2.486 -2.143 -2.470 -2.142 -2.393 -2.425 -2.435 -2.456 -2.468 -2.473 -2.478 -2.486 -2.486 -2.488 -2.486 -2.313
0.00016279 -1.98000 10.00000 0.8457528353 2.4337353706    0.791  2.162  3.7125  1.976    7  0.000  0.530     0.00     0.00 -1    -1e-30      0.00 7.539e-01 2.460e-01 2.871e-05 8.104e-06 7.219e-05 -1.000 1.703e-04 -0.635 -1.050 -1.439 -1.766 -2.238 -2.413 -2.448 -2.460 -2.470 -2.129 -2.454 -2.127 -2.378 -2.409 -2.419 -2.440 -2.452 -2.457 -2.462 -2.470 -2.470 -2.472 -2.470 -2.298
0.00016279 -1.98000 10.00000 0.8457708955 2.4337408543    0.791  2.143  3.7135  1.999    7  0.000  0.530     0.00     0.00 -1    -1e-30      0.00 7.539e-01 2.460e-01 2.871e-05 8.104e-06 7.219e-05 -1.000 1.703e-04 -0.589 -1.003 -1.390 -1.716 -2.185 -2.359 -2.394 -2.406 -2.415 -2.076 -2.400 -2.075 -2.324 -2.355 -2.365 -2.386 -2.398 -2.403 -2.408 -2.416 -2.416 -2.418 -2.416 -2.245
0.00016279 -1.98000 10.00000 0.8457932472 2.4337477684    0.791  2.172  3.7114  1.961    7  0.000  0.530     0.00     0.00 -1    -1e-30      0.00 7.539e-01 2.460e-01 2.871e-05 8.105e-06 7.219e-05 -1.000 1.702e-04 -0.660 -1.075 -1.467 -1.796 -2.270 -2.446 -2.482 -2.494 -2.503 -2.160 -2.488 -2.159 -2.411 -2.442 -2.452 -2.473 -2.486 -2.491 -2.496 -2.504 -2.504 -2.505 -2.504 -2.330
0.00016279 -1.98000 10.00000 0.8458130360 2.4337537289    0.791  2.215  3.7084  1.906    7  0.000  0.530     0.00     0.00 -1    -1e-30      0.00 7.539e-01 2.460e-01 2.871e-05 8.105e-06 7.219e-05 -1.000 1.703e-04 -0.769 -1.185 -1.583 -1.916 -2.397 -2.576 -2.613 -2.625 -2.634 -2.286 -2.619 -2.283 -2.540 -2.572 -2.582 -2.604 -2.617 -2.622 -2.627 -2.635 -2.635 -2.636 -2.635 -2.458
0.00016279 -1.98000 10.00000 0.8458268642 2.4337580204    0.791  2.251  3.7060  1.861    7  0.000  0.530     0.00     0.00 -1    -1e-30      0.00 7.539e-01 2.460e-01 2.871e-05 8.105e-06 7.219e-05 -1.000 1.703e-04 -0.858 -1.274 -1.677 -2.015 -2.500 -2.682 -2.720 -2.732 -2.741 -2.389 -2.726 -2.385 -2.645 -2.678 -2.689 -2.710 -2.724 -2.729 -2.734 -2.742 -2.742 -2.742 -2.741 -2.562
0.00016279 -1.98000 10.00000 0.8458445668 2.4337635040    0.791  2.296  3.7032  1.805    7  0.000  0.530     0.00     0.00 -1    -1e-30      0.00 7.539e-01 2.460e-01 2.871e-05 8.105e-06 7.219e-05 -1.000 1.704e-04 -0.969 -1.387 -1.795 -2.137 -2.628 -2.814 -2.853 -2.866 -2.873 -2.517 -2.858 -2.512 -2.775 -2.809 -2.821 -2.842 -2.856 -2.862 -2.867 -2.876 -2.875 -2.874 -2.873 -2.691
0.00016279 -1.98000 10.00000 0.8458610177 2.4337685108    0.791  2.336  3.7008  1.755    7  0.000  0.530     0.00     0.00 -1    -1e-30      0.00 7.539e-01 2.460e-01 2.870e-05 8.105e-06 7.219e-05 -1.000 1.702e-04 -1.070 -1.488 -1.902 -2.248 -2.744 -2.933 -2.972 -2.985 -2.993 -2.633 -2.978 -2.626 -2.893 -2.928 -2.940 -2.962 -2.976 -2.982 -2.987 -2.995 -2.995 -2.993 -2.992 -2.808
0.00016279 -1.98000 10.00000 0.8458762765 2.4337732792    0.791  2.376  3.6984  1.705    7  0.000  0.530     0.00     0.00 -1    -1e-30      0.00 7.539e-01 2.460e-01 2.870e-05 8.106e-06 7.219e-05 -1.000 1.702e-04 -1.171 -1.590 -2.008 -2.358 -2.860 -3.051 -3.090 -3.104 -3.111 -2.748 -3.096 -2.739 -3.010 -3.045 -3.058 -3.080 -3.094 -3.100 -3.106 -3.114 -3.113 -3.110 -3.111 -2.924
0.00016279 -1.98000 10.00000 0.8458900452 2.4337775707    0.791  2.417  3.6960  1.655    7  0.000  0.530     0.00     0.00 -1    -1e-30      0.00 7.538e-01 2.460e-01 2.868e-05 8.114e-06 7.219e-05 -1.000 1.703e-04 -1.272 -1.691 -2.114 -2.468 -2.975 -3.169 -3.209 -3.223 -3.229 -2.863 -3.215 -2.853 -3.127 -3.163 -3.176 -3.198 -3.213 -3.219 -3.225 -3.233 -3.232 -3.228 -3.229 -3.040
0.00016279 -1.98000 10.00000 0.8459024429 2.4337813854    0.791  2.457  3.6937  1.606    7  0.000  0.528     0.00     0.00 -1    -1e-30      0.00 7.538e-01 2.461e-01 2.858e-05 8.164e-06 7.220e-05 -1.000 1.634e-04 -1.373 -1.792 -2.220 -2.578 -3.090 -3.286 -3.327 -3.342 -3.348 -2.977 -3.334 -2.967 -3.244 -3.281 -3.294 -3.316 -3.332 -3.338 -3.344 -3.352 -3.351 -3.345 -3.346 -3.156
0.00016279 -1.98000 10.00000 0.8459138870 2.4337849617    0.791  2.498  3.6914  1.555    7  0.000  0.522     0.00     0.00 -1    -1e-30      0.00 7.536e-01 2.462e-01 2.829e-05 8.401e-06 7.222e-05 -1.000 1.654e-04 -1.475 -1.894 -2.327 -2.689 -3.206 -3.405 -3.447 -3.462 -3.467 -3.093 -3.453 -3.081 -3.362 -3.400 -3.413 -3.435 -3.451 -3.458 -3.464 -3.472 -3.470 -3.462 -3.464 -3.273
0.00016279 -1.98000 10.00000 0.8459241390 2.4337880611    0.791  2.539  3.6891  1.505    7  0.000  0.510     0.00     0.00 -1    -1e-30      0.00 7.535e-01 2.463e-01 2.773e-05 9.002e-06 7.224e-05 -1.000 1.703e-04 -1.577 -1.995 -2.434 -2.800 -3.321 -3.524 -3.565 -3.581 -3.585 -3.208 -3.572 -3.195 -3.480 -3.518 -3.531 -3.554 -3.570 -3.577 -3.583 -3.592 -3.589 -3.579 -3.582 -3.389
0.00016279 -1.98000 10.00000 0.8459333777 2.4337909222    0.791  2.579  3.6868  1.456    7  0.000  0.497     0.00     0.00 -1    -1e-30      0.00 7.533e-01 2.465e-01 2.701e-05 9.859e-06 7.226e-05 -1.000 1.687e-04 -1.677 -2.095 -2.539 -2.909 -3.435 -3.640 -3.683 -3.699 -3.702 -3.322 -3.690 -3.307 -3.595 -3.635 -3.648 -3.670 -3.688 -3.695 -3.701 -3.710 -3.706 -3.695 -3.698 -3.504
0.00016279 -1.98000 10.00000 0.8459418416 2.4337935448    0.791  2.619  3.6845  1.407    7  0.000  0.484     0.00     0.00 -1    -1e-30      0.00 7.532e-01 2.467e-01 2.634e-05 1.069e-05 7.227e-05 -1.000 1.557e-04 -1.778 -2.195 -2.644 -3.018 -3.550 -3.757 -3.800 -3.816 -3.819 -3.435 -3.807 -3.420 -3.711 -3.751 -3.765 -3.787 -3.805 -3.812 -3.819 -3.828 -3.824 -3.810 -3.814 -3.619
0.00016279 -1.98000 10.00000 0.8459497690 2.4337959290    0.791  2.659  3.6822  1.358    7  0.000  0.473     0.00     0.00 -1    -1e-30      0.00 7.530e-01 2.469e-01 2.575e-05 1.142e-05 7.229e-05 -1.000 1.484e-04 -1.878 -2.294 -2.750 -3.127 -3.664 -3.874 -3.917 -3.934 -3.937 -3.549 -3.925 -3.533 -3.827 -3.868 -3.882 -3.905 -3.923 -3.930 -3.937 -3.946 -3.941 -3.926 -3.930 -3.734
0.00016279 -1.98000 10.00000 0.8459573388 2.4337983131    0.791  2.699  3.6798  1.308    7  0.000  0.464     0.00     0.00 -1    -1e-30      0.00 7.528e-01 2.470e-01 2.524e-05 1.205e-05 7.230e-05 -1.000 1.693e-04 -1.977 -2.392 -2.853 -3.235 -3.777 -3.990 -4.034 -4.052 -4.053 -3.662 -4.042 -3.644 -3.942 -3.984 -3.998 -4.021 -4.040 -4.048 -4.054 -4.064 -4.059 -4.040 -4.045 -3.848
0.00016279 -1.98000 10.00000 0.8459646106 2.4338004589    0.791  2.739  3.6775  1.259    7  0.000  0.455     0.00     0.00 -1    -1e-30      0.00 7.526e-01 2.472e-01 2.480e-05 1.259e-05 7.230e-05 -1.000 1.546e-04 -2.077 -2.490 -2.957 -3.343 -3.891 -4.106 -4.151 -4.169 -4.169 -3.775 -4.159 -3.756 -4.058 -4.100 -4.115 -4.137 -4.158 -4.165 -4.172 -4.181 -4.176 -4.155 -4.160 -3.962
0.00016279 -1.98000 10.00000 0.8459716439 2.4338026047    0.791  2.779  3.6751  1.210    7  0.000  0.448     0.00     0.00 -1    -1e-30      0.00 7.524e-01 2.474e-01 2.441e-05 1.308e-05 7.229e-05 -1.000 1.154e-04 -2.177 -2.589 -3.062 -3.452 -4.005 -4.223 -4.268 -4.288 -4.286 -3.889 -4.277 -3.869 -4.174 -4.217 -4.232 -4.254 -4.276 -4.284 -4.290 -4.300 -4.294 -4.269 -4.276 -4.077
0.00016279 -1.98000 10.00000 0.8459780812 2.4338045120    0.791  2.819  3.6727  1.160    7  0.000  0.442     0.00     0.00 -1    -1e-30      0.00 7.522e-01 2.476e-01 2.408e-05 1.349e-05 7.227e-05 -1.000 1.691e-04 -2.278 -2.687 -3.167 -3.562 -4.120 -4.341 -4.387 -4.407 -4.404 -4.003 -4.395 -3.982 -4.291 -4.334 -4.350 -4.371 -4.395 -4.402 -4.409 -4.419 -4.412 -4.385 -4.392 -4.193
0.00016279 -1.98000 10.00000 0.8459836245 2.4338064194    0.791  2.858  3.6704  1.111    7  0.000  0.437     0.00     0.00 -1    -1e-30      0.00 7.520e-01 2.479e-01 2.379e-05 1.386e-05 7.221e-05 -1.000 1.703e-04 -2.376 -2.784 -3.269 -3.669 -4.232 -4.456 -4.502 -4.523 -4.519 -4.115 -4.511 -4.093 -4.405 -4.449 -4.466 -4.486 -4.511 -4.519 -4.526 -4.536 -4.528 -4.497 -4.505 -4.306
0.00016279 -1.98000 10.00000 0.8459885716 2.4338078499    0.791  2.898  3.6679  1.061    7  0.000  0.433     0.00     0.00 -1    -1e-30      0.00 7.518e-01 2.481e-01 2.353e-05 1.420e-05 7.213e-05 -1.000 1.703e-04 -2.475 -2.881 -3.373 -3.778 -4.346 -4.574 -4.620 -4.641 -4.636 -4.229 -4.629 -4.206 -4.521 -4.567 -4.583 -4.603 -4.629 -4.637 -4.644 -4.654 -4.646 -4.612 -4.621 -4.421
0.00016279 -1.98000 10.00000 0.8459926844 2.4338090420    0.791  2.938  3.6654  1.012    7  0.000  0.430     0.00     0.00 -1    -1e-30      0.00 7.516e-01 2.483e-01 2.332e-05 1.452e-05 7.201e-05 -1.000 1.702e-04 -2.575 -2.978 -3.477 -3.886 -4.461 -4.691 -4.738 -4.760 -4.754 -4.343 -4.748 -4.319 -4.638 -4.684 -4.701 -4.719 -4.748 -4.756 -4.763 -4.773 -4.764 -4.726 -4.736 -4.537
0.00016279 -1.98000 10.00000 0.8459964991 2.4338102341    0.791  2.979  3.6628  0.960    7  0.000  0.428     0.00     0.00 -1    -1e-30      0.00 7.514e-01 2.485e-01 2.313e-05 1.485e-05 7.184e-05 -1.000 1.702e-04 -2.678 -3.077 -3.584 -3.998 -4.579 -4.813 -4.859 -4.883 -4.874 -4.461 -4.870 -4.435 -4.758 -4.805 -4.822 -4.839 -4.870 -4.879 -4.886 -4.896 -4.886 -4.843 -4.855 -4.656
0.00016279 -1.98000 10.00000 0.8460004926 2.4338114262    0.791  3.022  3.6600  0.906    7  0.000  0.426     0.00     0.00 -1    -1e-30      0.00 7.512e-01 2.487e-01 2.297e-05 1.516e-05 7.166e-05 -1.000 1.703e-04 -2.785 -3.180 -3.695 -4.116 -4.703 -4.939 -4.987 -5.012 -5.001 -4.584 -4.997 -4.557 -4.883 -4.931 -4.949 -4.964 -4.999 -5.007 -5.014 -5.025 -5.014 -4.966 -4.979 -4.780
0.00016279 -1.98000 10.00000 0.8460038304 2.4338126183    0.791  3.068  3.6569  0.847    7  0.000  0.425     0.00     0.00 -1    -1e-30      0.00 7.510e-01 2.489e-01 2.286e-05 1.543e-05 7.149e-05 -1.000 1.538e-04 -2.901 -3.292 -3.817 -4.243 -4.838 -5.078 -5.125 -5.152 -5.139 -4.719 -5.137 -4.691 -5.020 -5.070 -5.088 -5.101 -5.139 -5.147 -5.155 -5.166 -5.154 -5.101 -5.115 -4.917
0.00016279 -1.98000 10.00000 0.8460057974 2.4338130951    0.791  3.117  3.6536  0.785    7  0.000  0.424     0.00     0.00 -1    -1e-30      0.00 7.509e-01 2.489e-01 2.279e-05 1.561e-05 7.137e-05 -1.000 1.703e-04 -3.023 -3.409 -3.945 -4.378 -4.981 -5.225 -5.272 -5.301 -5.286 -4.861 -5.285 -4.831 -5.165 -5.216 -5.235 -5.246 -5.287 -5.296 -5.304 -5.315 -5.302 -5.242 -5.259 -5.060
0.00016279 -1.98000 10.00000 0.8460061550 2.4338133335    0.791  3.112  3.6538  0.792    7  0.000  0.424     0.00     0.00 -1    -1e-30      0.00 7.508e-01 2.491e-01 2.272e-05 1.586e-05 7.119e-05 -1.000 1.703e-04 -3.010 -3.396 -3.931 -4.364 -4.966 -5.209 -5.257 -5.285 -5.270 -4.846 -5.269 -4.816 -5.150 -5.201 -5.220 -5.231 -5.272 -5.280 -5.288 -5.300 -5.287 -5.227 -5.244 -5.045
0.00016279 -1.98000 10.00000 0.8460062742 2.4338133335    0.791  3.123  3.6530  0.777    7  0.000  0.424     0.00     0.00 -1    -1e-30      0.00 7.506e-01 2.493e-01 2.259e-05 1.629e-05 7.088e-05 -1.000 1.703e-04 -3.038 -3.422 -3.960 -4.395 -4.999 -5.244 -5.291 -5.321 -5.305 -4.879 -5.304 -4.849 -5.184 -5.235 -5.255 -5.265 -5.307 -5.315 -5.323 -5.335 -5.322 -5.261 -5.278 -5.079
0.00016279 -1.98000 10.00000 0.8460064530 2.4338133335    0.791  3.142  3.6517  0.753    7  0.000  0.424     0.00     0.00 -1    -1e-30      0.00 7.505e-01 2.494e-01 2.254e-05 1.649e-05 7.073e-05 -1.000 1.703e-04 -3.086 -3.466 -4.008 -4.446 -5.054 -5.300 -5.348 -5.378 -5.362 -4.934 -5.361 -4.903 -5.240 -5.292 -5.311 -5.320 -5.364 -5.372 -5.380 -5.392 -5.379 -5.315 -5.333 -5.134
0.00016279 -1.98000 10.00000 0.8460066319 2.4338133335    0.791  3.156  3.6507  0.735    7  0.000  0.424     0.00     0.00 -1    -1e-30      0.00 7.504e-01 2.494e-01 2.252e-05 1.657e-05 7.067e-05 -1.000 1.703e-04 -3.119 -3.497 -4.042 -4.483 -5.093 -5.341 -5.388 -5.419 -5.402 -4.973 -5.401 -4.941 -5.280 -5.332 -5.352 -5.359 -5.405 -5.413 -5.421 -5.433 -5.420 -5.354 -5.372 -5.174
0.00016279 -1.98000 10.00000 0.8460067511 2.4338133335    0.791  3.167  3.6499  0.721    7  0.000  0.423     0.00     0.00 -1    -1e-30      0.00 7.504e-01 2.494e-01 2.250e-05 1.662e-05 7.064e-05 -1.000 1.704e-04 -3.148 -3.523 -4.071 -4.514 -5.126 -5.375 -5.422 -5.454 -5.436 -5.005 -5.436 -4.974 -5.314 -5.366 -5.386 -5.392 -5.439 -5.448 -5.456 -5.468 -5.454 -5.387 -5.406 -5.207
0.00016279 -1.98000 10.00000 0.8460069895 2.4338135719    0.791  3.180  3.6490  0.704    7  0.000  0.423     0.00     0.00 -1    -1e-30      0.00 7.503e-01 2.495e-01 2.248e-05 1.672e-05 7.056e-05 -1.000 1.703e-04 -3.181 -3.554 -4.105 -4.550 -5.165 -5.415 -5.462 -5.494 -5.476 -5.044 -5.476 -5.012 -5.353 -5.406 -5.426 -5.431 -5.480 -5.488 -5.497 -5.509 -5.495 -5.426 -5.445 -5.246
0.00016279 -1.98000 10.00000 0.8460072875 2.4338135719    0.791  3.206  3.6472  0.670    7  0.000  0.423     0.00     0.00 -1    -1e-30      0.00 7.502e-01 2.497e-01 2.241e-05 1.693e-05 7.041e-05 -1.000 1.704e-04 -3.246 -3.613 -4.172 -4.621 -5.240 -5.493 -5.540 -5.573 -5.554 -5.119 -5.554 -5.086 -5.430 -5.484 -5.504 -5.507 -5.559 -5.567 -5.576 -5.588 -5.574 -5.501 -5.521 -5.323
0.00016279 -1.98000 10.00000 0.8460078835 2.4338138103    0.791  3.256  3.6437  0.606    7  0.000  0.423     0.00     0.00 -1    -1e-30      0.00 7.498e-01 2.500e-01 2.225e-05 1.749e-05 7.000e-05 -1.000 1.703e-04 -3.371 -3.727 -4.298 -4.757 -5.386 -5.643 -5.689 -5.726 -5.703 -5.264 -5.705 -5.229 -5.578 -5.633 -5.655 -5.653 -5.710 -5.719 -5.728 -5.741 -5.725 -5.645 -5.667 -5.469
0.00016279 -1.98000 10.00000 0.8460084796 2.4338140488    0.791  3.414  3.6091  0.310    8  0.549  0.390    87.42    43.30  1 -1.07e-06      0.00 7.290e-01 2.706e-01 6.375e-05 5.931e-05 2.177e-04 -1.000 3.690e-04 -3.766 -3.951 -4.659 -5.218 -5.958 -6.278 -6.313 -6.378 -6.342 -5.834 -6.343 -5.770 -6.184 -6.264 -6.295 -6.245 -6.359 -6.370 -6.381 -6.400 -6.378 -6.247 -6.277 -6.057
0.00016279 -1.98000 10.00000 0.8460085392 2.4338140488    0.790  3.284  3.6180  0.475    8  0.549  0.390    61.26    31.82  1 -5.91e-07      0.00 7.290e-01 2.706e-01 6.375e-05 5.931e-05 2.177e-04 -1.000 3.690e-04 -3.441 -3.685 -4.345 -4.874 -5.586 -5.890 -5.927 -5.984 -5.949 -5.461 -5.952 -5.406 -5.804 -5.877 -5.905 -5.867 -5.966 -5.975 -5.986 -6.003 -5.982 -5.861 -5.890 -5.681
0.00016279 -1.98000 10.00000 0.8460085988 2.4338140488    0.788  3.144  3.6307  0.665    8  0.549  0.390    40.65    22.30  1 -3.07e-07      0.00 7.290e-01 2.706e-01 6.375e-05 5.931e-05 2.177e-04 -1.000 3.690e-04 -3.091 -3.397 -4.005 -4.497 -5.169 -5.449 -5.491 -5.537 -5.508 -5.045 -5.511 -5.000 -5.374 -5.438 -5.463 -5.444 -5.521 -5.530 -5.539 -5.554 -5.536 -5.434 -5.460 -5.258
0.00016279 -1.98000 10.00000 0.8460087776 2.4338140488    0.785  2.927  3.6504  0.960    8  0.549  0.390    21.54    12.86  1 -1.07e-07      0.00 7.290e-01 2.706e-01 6.375e-05 5.931e-05 2.177e-04 -1.000 3.690e-04 -2.548 -2.920 -3.460 -3.901 -4.516 -4.767 -4.813 -4.844 -4.826 -4.395 -4.826 -4.362 -4.705 -4.758 -4.778 -4.784 -4.830 -4.838 -4.846 -4.858 -4.844 -4.779 -4.797 -4.597
0.00016279 -1.98000 10.00000 0.8460090160 2.4338140488    0.781  2.932  3.6499  0.950    8  0.549  0.390    21.99    13.06  1 -1.11e-07      0.00 7.290e-01 2.706e-01 6.375e-05 5.931e-05 2.177e-04 -1.000 3.690e-04 -2.560 -2.931 -3.473 -3.915 -4.531 -4.783 -4.830 -4.860 -4.843 -4.411 -4.843 -4.378 -4.721 -4.774 -4.794 -4.800 -4.847 -4.855 -4.863 -4.875 -4.861 -4.795 -4.813 -4.613
0.00016279 -1.98000 10.00000 0.8460093141 2.4338142872    0.776  3.007  3.6429  0.844    8  0.550  0.390    27.65    15.87  1 -1.66e-07      0.00 7.290e-01 2.706e-01 6.375e-05 5.931e-05 2.177e-04 -1.000 3.690e-04 -2.749 -3.099 -3.664 -4.123 -4.759 -5.021 -5.066 -5.102 -5.080 -4.637 -5.081 -4.600 -4.954 -5.011 -5.032 -5.030 -5.087 -5.096 -5.104 -5.117 -5.101 -5.022 -5.043 -4.843
0.00016279 -1.98000 10.00000 0.8460096717 2.4338142872    0.769  3.162  3.6287  0.629    8  0.550  0.390    43.94    23.59  1  -3.6e-07      0.00 7.290e-01 2.706e-01 6.375e-05 5.931e-05 2.177e-04 -1.000 3.690e-04 -3.134 -3.432 -4.048 -4.545 -5.223 -5.507 -5.548 -5.596 -5.565 -5.099 -5.569 -5.053 -5.430 -5.495 -5.520 -5.498 -5.579 -5.588 -5.598 -5.613 -5.594 -5.489 -5.515 -5.313
0.00016279 -1.98000 10.00000 0.8460101485 2.4338145256    0.762  3.300  3.6159  0.435    8  0.550  0.390    66.85    33.74  1 -7.13e-07      0.00 7.290e-01 2.706e-01 6.375e-05 5.931e-05 2.177e-04 -1.000 3.690e-04 -3.481 -3.712 -4.383 -4.919 -5.638 -5.944 -5.981 -6.040 -6.005 -5.513 -6.007 -5.455 -5.857 -5.932 -5.960 -5.919 -6.022 -6.032 -6.042 -6.060 -6.039 -5.915 -5.944 -5.733
0.00016279 -1.98000 10.00000 0.8460106254 2.4338145256    0.753  3.393  3.6072  0.303    8  0.551  0.390    89.00    42.96  1 -1.13e-06      0.00 7.290e-01 2.706e-01 6.375e-05 5.931e-05 2.177e-04 -1.000 3.690e-04 -3.713 -3.886 -4.601 -5.166 -5.913 -6.238 -6.272 -6.338 -6.302 -5.789 -6.302 -5.722 -6.142 -6.223 -6.255 -6.203 -6.319 -6.330 -6.341 -6.361 -6.338 -6.206 -6.236 -6.013
0.00016279 -1.98000 10.00000 0.8460111618 2.4338147640    0.744  3.444  3.6024  0.226    8  0.551  0.390   105.02    49.24  1 -1.49e-06      0.00 7.290e-01 2.706e-01 6.375e-05 5.931e-05 2.177e-04 -1.000 3.690e-04 -3.841 -3.978 -4.720 -5.301 -6.064 -6.400 -6.432 -6.504 -6.469 -5.941 -6.465 -5.868 -6.299 -6.385 -6.418 -6.359 -6.483 -6.496 -6.508 -6.528 -6.505 -6.369 -6.400 -6.167
0.00016279 -1.98000 10.00000 0.8460118175 2.4338150024    0.733  3.471  3.5997  0.184    8  0.552  0.390   115.31    52.96  1 -1.75e-06      0.00 7.290e-01 2.706e-01 6.375e-05 5.931e-05 2.177e-04 -1.000 3.690e-04 -3.906 -4.023 -4.780 -5.371 -6.142 -6.484 -6.515 -6.590 -6.555 -6.019 -6.549 -5.943 -6.380 -6.468 -6.503 -6.440 -6.568 -6.581 -6.594 -6.615 -6.592 -6.453 -6.484 -6.246
0.00016279 -1.98000 10.00000 0.8460124731 2.4338152409    0.722  3.487  3.5984  0.155    8  0.552  0.390   122.91    55.44  0 -1.98e-06      0.00 7.290e-01 2.706e-01 6.375e-05 5.931e-05 2.177e-04 -1.000 3.690e-04 -3.948 -4.054 -4.819 -5.415 -6.190 -6.535 -6.566 -6.643 -6.608 -6.068 -6.601 -5.990 -6.429 -6.520 -6.554 -6.490 -6.620 -6.634 -6.648 -6.668 -6.645 -6.505 -6.536 -6.295
0.00016279 -1.98000 10.00000 0.8460150361 2.4338159561    0.554 -9.999  4.0000  1.705    9  0.554  0.000     0.00     0.00 -1    -1e-30      0.00 7.290e-01 2.706e-01 6.375e-05 5.931e-05 2.177e-04 -1.000 3.690e-04 29.767 30.070 30.055 30.103 30.107 30.109 30.109 30.114 30.110 30.104 30.110 30.114 30.094 30.102 30.114 30.114 30.110 30.114 30.114 30.109 30.109 30.107 30.111 30.104
#isochrone terminated
