# File generated by CMD 3.3 (http://stev.oapd.inaf.it/cmd) on Mon Apr  6 22:04:10 CEST 2020
# isochrones based on PARSEC release v1.2S +  COLIBRI S_35
# Basic references: Bressan et al. (2012), MNRAS, 427, 127 + Chen et al. (2014, 2015), MNRAS, 444, 2525 + MNRAS, 452, 1068 + Tang et al. (2014), MNRAS, 445, 4287 + Marigo et al. (2017), ApJ, 835, 77 + Pastorelli al. (2019), MNRAS in press
# Thermal pulse cycles included 
# On RGB, assumed Reimers mass loss with efficiency eta=0.2
# Photometric system: <i>UBVRIJHK</i> (cf. Maiz-Apellaniz 2006 + Bessell 1990)
# Using YBC version of bolometric corrections as in Chen et al. (2019)
# O-rich circumstellar dpmod60alox40 dust from Groenewegen (2006)
# C-rich circumstellar AMCSIC15 dust from Groenewegen (2006)
# IMF: Kroupa (2001, 2002) + Kroupa et al. (2013) canonical two-part-power law IMF corrected for unresolved binaries 
# Kind of output: isochrone tables
# Zini     MH   logAge Mini        int_IMF         Mass   logL    logTe  logg  label   McoreTP C_O  period0 period1 pmode  Mloss  tau1m   X   Y   Xc  Xn  Xo  Cexcess  Z 	 mbolmag  Umag    Bmag    Vmag    Rmag    Imag    Jmag    Hmag    Kmag
9.8116e-05 -2.19174 10.07918 0.1000000015 1.1711064577    0.100 -2.780  3.5588  5.405    1  0.000  0.545     0.00     0.00 -1 -1.31e-16      0.00 7.453e-01 2.546e-01 1.798e-05 4.851e-06 4.400e-05 -1.000 1.000e-04 11.721 15.898 14.452 12.899 11.827 10.968 9.985 9.587 9.470
9.8116e-05 -2.19174 10.07918 0.1098214313 1.2482755184    0.109 -2.632  3.5741  5.357    1  0.000  0.545     0.00     0.00 -1 -1.86e-16      0.00 7.435e-01 2.564e-01 1.798e-05 4.851e-06 4.400e-05 -1.000 1.000e-04 11.349 15.033 13.809 12.385 11.390 10.610 9.669 9.221 9.093
9.8116e-05 -2.19174 10.07918 0.1294642836 1.3786746264    0.129 -2.390  3.5965  5.277    1  0.000  0.545     0.00     0.00 -1 -3.28e-16      0.00 7.405e-01 2.594e-01 1.798e-05 4.851e-06 4.400e-05 -1.000 1.000e-04 10.744 13.804 12.855 11.598 10.718 10.016 9.141 8.642 8.496
9.8116e-05 -2.19174 10.07918 0.1491071582 1.4855960608    0.149 -2.227  3.6079  5.220    1  0.000  0.545     0.00     0.00 -1 -4.75e-16      0.00 7.387e-01 2.612e-01 1.798e-05 4.851e-06 4.400e-05 -1.000 9.996e-05 10.336 13.123 12.293 11.107 10.282 9.610 8.769 8.257 8.100
9.8116e-05 -2.19174 10.07918 0.1687500030 1.5756140947    0.168 -2.100  3.6152  5.176    1  0.000  0.545     0.00     0.00 -1 -6.29e-16      0.00 7.378e-01 2.621e-01 1.798e-05 4.851e-06 4.400e-05 -1.000 9.990e-05 10.020 12.642 11.884 10.740 9.948 9.295 8.476 7.959 7.797
9.8116e-05 -2.19174 10.07918 0.2080357224 1.7204496861    0.207 -1.896  3.6261  5.107    1  0.000  0.545     0.00     0.00 -1 -9.79e-16      0.00 7.374e-01 2.625e-01 1.798e-05 4.851e-06 4.400e-05 -1.000 1.000e-04 9.511 11.898 11.244 10.157 9.413 8.786 8.000 7.483 7.318
9.8116e-05 -2.19174 10.07918 0.2571428716 1.8581268787    0.257 -1.708  3.6362  5.052    1  0.000  0.545     0.00     0.00 -1 -1.45e-15      0.00 7.377e-01 2.622e-01 1.798e-05 4.852e-06 4.400e-05 -1.000 9.999e-05 9.041 11.225 10.662 9.623 8.918 8.316 7.559 7.048 6.885
9.8116e-05 -2.19174 10.07918 0.3062500358 1.9652637243    0.306 -1.563  3.6446  5.017    1  0.000  0.545     0.00     0.00 -1 -1.93e-15      0.00 7.377e-01 2.622e-01 1.797e-05 4.852e-06 4.400e-05 -1.000 1.000e-04 8.677 10.701 10.210 9.208 8.535 7.951 7.219 6.717 6.558
9.8116e-05 -2.19174 10.07918 0.3553571701 2.0521113873    0.355 -1.440  3.6525  4.990    1  0.000  0.544     0.00     0.00 -1 -2.45e-15      0.00 7.387e-01 2.612e-01 1.796e-05 4.853e-06 4.400e-05 -1.000 9.999e-05 8.371 10.251 9.827 8.857 8.211 7.644 6.936 6.443 6.290
9.8116e-05 -2.19174 10.07918 0.4044643044 2.1246092319    0.404 -1.319  3.6608  4.959    1  0.000  0.545     0.00     0.00 -1 -3.14e-15      0.00 7.500e-01 2.499e-01 1.798e-05 4.851e-06 4.400e-05 -1.000 1.000e-04 8.068 9.800 9.445 8.510 7.892 7.343 6.658 6.175 6.029
9.8116e-05 -2.19174 10.07918 0.4535714388 2.1864814758    0.453 -1.173  3.6741  4.916    1  0.000  0.545     0.00     0.00 -1 -4.37e-15      0.00 7.507e-01 2.492e-01 1.798e-05 4.851e-06 4.400e-05 -1.000 9.993e-05 7.702 9.206 8.962 8.082 7.504 6.982 6.335 5.870 5.736
9.8116e-05 -2.19174 10.07918 0.5026785731 2.2401986122    0.503 -1.009  3.6887  4.855    1  0.000  0.545     0.00     0.00 -1 -6.48e-15      0.00 7.526e-01 2.473e-01 1.786e-05 4.818e-06 4.370e-05 -1.000 1.000e-04 7.293 8.564 8.433 7.614 7.077 6.584 5.976 5.530 5.410
9.8116e-05 -2.19174 10.07918 0.5517857671 2.2851314545    0.551 -0.809  3.7080  4.772    1  0.000  0.544     0.00     0.00 -1 -1.08e-14      0.00 7.851e-01 2.148e-01 1.566e-05 4.228e-06 3.837e-05 -1.000 9.948e-05 6.792 7.789 7.789 7.051 6.562 6.106 5.548 5.128 5.026
9.8116e-05 -2.19174 10.07918 0.6008928418 2.3217256069    0.600 -0.603  3.7325  4.701    1  0.000  0.544     0.00     0.00 -1  -1.8e-14      0.00 7.980e-01 2.020e-01 1.482e-05 4.004e-06 3.635e-05 -1.000 5.256e-05 6.277 6.988 7.119 6.479 6.044 5.632 5.135 4.751 4.669
9.8116e-05 -2.19174 10.07918 0.6072366834 2.3259589672    0.607 -0.575  3.7362  4.693    1  0.000  0.544     0.00     0.00 -1 -1.93e-14      0.00 8.001e-01 1.999e-01 1.469e-05 3.968e-06 3.603e-05 -1.000 1.490e-05 6.207 6.881 7.028 6.401 5.974 5.569 5.080 4.702 4.623
9.8116e-05 -2.19174 10.07918 0.6183252931 2.3331196308    0.618 -0.525  3.7428  4.677    1  0.000  0.543     0.00     0.00 -1 -2.18e-14      0.00 8.038e-01 1.961e-01 1.444e-05 3.903e-06 3.544e-05 -1.000 1.000e-04 6.083 6.695 6.869 6.267 5.853 5.459 4.985 4.616 4.542
9.8116e-05 -2.19174 10.07918 0.6282081604 2.3392572403    0.628 -0.480  3.7486  4.663    1  0.000  0.543     0.00     0.00 -1 -2.44e-14      0.00 8.074e-01 1.925e-01 1.421e-05 3.841e-06 3.489e-05 -1.000 5.597e-05 5.971 6.532 6.728 6.147 5.745 5.362 4.901 4.538 4.470
9.8116e-05 -2.19174 10.07918 0.6378048062 2.3450081348    0.637 -0.437  3.7541  4.648    1  0.000  0.543     0.00     0.00 -1 -2.73e-14      0.00 8.111e-01 1.889e-01 1.398e-05 3.779e-06 3.433e-05 -1.000 2.368e-05 5.862 6.377 6.592 6.031 5.641 5.267 4.819 4.462 4.400
9.8116e-05 -2.19174 10.07918 0.6491134167 2.3515348434    0.649 -0.385  3.7606  4.629    1  0.000  0.543     0.00     0.00 -1 -1.64e-14      0.00 8.156e-01 1.844e-01 1.369e-05 3.702e-06 3.363e-05 -1.000 5.877e-05 5.731 6.195 6.431 5.893 5.517 5.155 4.720 4.371 4.314
9.8116e-05 -2.19174 10.07918 0.6499999762 2.3520355225    0.650 -0.380  3.7611  4.627    1  0.000  0.543     0.00     0.00 -1 -3.14e-14      0.00 8.159e-01 1.840e-01 1.367e-05 3.695e-06 3.358e-05 -1.000 1.000e-04 5.721 6.182 6.419 5.883 5.507 5.146 4.712 4.364 4.307
9.8116e-05 -2.19174 10.07918 0.6585742235 2.3567974567    0.658 -0.340  3.7657  4.612    1  0.000  0.542     0.00     0.00 -1 -3.49e-14      0.00 8.203e-01 1.796e-01 1.338e-05 3.619e-06 3.290e-05 -1.000 1.000e-04 5.620 6.050 6.299 5.778 5.412 5.058 4.634 4.291 4.239
9.8116e-05 -2.19174 10.07918 0.6688095927 2.3622982502    0.669 -0.291  3.7713  4.591    1  0.000  0.542     0.00     0.00 -1 -3.97e-14      0.00 8.259e-01 1.740e-01 1.302e-05 3.523e-06 3.204e-05 -1.000 1.001e-04 5.498 5.893 6.154 5.652 5.296 4.952 4.539 4.202 4.155
9.8116e-05 -2.19174 10.07918 0.6785455346 2.3673541546    0.678 -0.243  3.7764  4.570    1  0.000  0.541     0.00     0.00 -1  -4.5e-14      0.00 8.316e-01 1.683e-01 1.265e-05 3.426e-06 3.116e-05 -1.000 9.993e-05 5.378 5.745 6.015 5.530 5.184 4.847 4.444 4.114 4.071
9.8116e-05 -2.19174 10.07918 0.6878397465 2.3720273972    0.688 -0.196  3.7813  4.549    1  0.000  0.541     0.00     0.00 -1 -5.11e-14      0.00 8.374e-01 1.625e-01 1.228e-05 3.327e-06 3.027e-05 -1.000 9.991e-05 5.261 5.601 5.880 5.410 5.073 4.745 4.351 4.027 3.988
9.8116e-05 -2.19174 10.07918 0.6960875988 2.3760545254    0.696 -0.153  3.7856  4.528    1  0.000  0.540     0.00     0.00 -1 -3.18e-15      0.00 8.429e-01 1.571e-01 1.193e-05 3.234e-06 2.943e-05 -1.000 3.627e-05 5.153 5.473 5.755 5.300 4.971 4.650 4.265 3.947 3.912
9.8116e-05 -2.19174 10.07918 0.6999999881 2.3779268265    0.700 -0.132  3.7876  4.518    1  0.000  0.540     0.00     0.00 -1 -6.08e-14      0.00 8.456e-01 1.544e-01 1.176e-05 3.188e-06 2.902e-05 -1.000 9.090e-07 5.101 5.412 5.696 5.247 4.922 4.604 4.224 3.909 3.875
9.8116e-05 -2.19174 10.07918 0.7090166807 2.3821511269    0.709 -0.082  3.7920  4.490    1  0.000  0.538     0.00     0.00 -1    -7e-14      0.00 8.505e-01 1.495e-01 1.145e-05 3.115e-06 2.838e-05 -1.000 1.346e-05 4.975 5.269 5.553 5.118 4.802 4.492 4.121 3.812 3.782
9.8116e-05 -2.19174 10.07918 0.7175090313 2.3860185146    0.717 -0.032  3.7961  4.462    1  0.000  0.536     0.00     0.00 -1 -8.06e-14      0.00 8.545e-01 1.454e-01 1.122e-05 3.060e-06 2.791e-05 -1.000 6.421e-05 4.850 5.130 5.413 4.991 4.683 4.380 4.017 3.715 3.688
9.8116e-05 -2.19174 10.07918 0.7258906364 2.3897333145    0.725  0.020  3.8001  4.431    1  0.000  0.534     0.00     0.00 -1 -9.36e-14      0.00 8.581e-01 1.419e-01 1.103e-05 3.016e-06 2.753e-05 -1.000 3.716e-05 4.720 4.986 5.267 4.858 4.557 4.261 3.907 3.612 3.588
9.8116e-05 -2.19174 10.07918 0.7330866456 2.3928451538    0.733  0.067  3.8034  4.401    1  0.000  0.533     0.00     0.00 -1 -1.07e-13      0.00 8.608e-01 1.391e-01 1.089e-05 2.984e-06 2.726e-05 -1.000 4.673e-05 4.601 4.860 5.136 4.736 4.443 4.152 3.806 3.517 3.494
9.8116e-05 -2.19174 10.07918 0.7400557995 2.3957924843    0.739  0.117  3.8065  4.368    1  0.000  0.531     0.00     0.00 -1 -8.97e-14      0.00 8.632e-01 1.367e-01 1.077e-05 2.957e-06 2.703e-05 -1.000 9.996e-05 4.478 4.730 5.000 4.610 4.323 4.038 3.699 3.416 3.395
9.8116e-05 -2.19174 10.07918 0.7470233440 2.3986759186    0.746  0.170  3.8095  4.331    1  0.000  0.530     0.00     0.00 -1 -1.94e-14      0.00 8.654e-01 1.345e-01 1.066e-05 2.934e-06 2.683e-05 -1.000 1.000e-04 4.345 4.591 4.855 4.474 4.193 3.913 3.581 3.304 3.284
9.8116e-05 -2.19174 10.07918 0.7500000000 2.3998889923    0.749  0.193  3.8108  4.314    1  0.000  0.529     0.00     0.00 -1 -1.57e-13      0.00 8.663e-01 1.336e-01 1.061e-05 2.925e-06 2.675e-05 -1.000 1.000e-04 4.286 4.530 4.790 4.414 4.135 3.857 3.528 3.253 3.235
9.8116e-05 -2.19174 10.07918 0.7512725592 2.4004042149    0.751  0.204  3.8114  4.307    1  0.000  0.529     0.00     0.00 -1 -1.61e-13      0.00 8.663e-01 1.336e-01 1.062e-05 2.927e-06 2.677e-05 -1.000 1.000e-04 4.261 4.505 4.763 4.388 4.110 3.834 3.506 3.232 3.214
9.8116e-05 -2.19174 10.07918 0.7593882084 2.4036436081    0.759  0.276  3.8149  4.254    1  0.000  0.529     0.00     0.00 -1 -2.01e-13      0.00 8.666e-01 1.334e-01 1.067e-05 2.941e-06 2.691e-05 -1.000 3.412e-06 4.081 4.320 4.567 4.202 3.932 3.662 3.342 3.077 3.060
9.8116e-05 -2.19174 10.07918 0.7647736073 2.4057495594    0.764  0.328  3.8169  4.212    1  0.000  0.528     0.00     0.00 -1 -2.38e-13      0.00 8.666e-01 1.334e-01 1.070e-05 2.951e-06 2.701e-05 -1.000 9.060e-05 3.949 4.187 4.426 4.067 3.801 3.535 3.220 2.959 2.942
9.8116e-05 -2.19174 10.07918 0.7698798180 2.4077150822    0.769  0.381  3.8184  4.168    1  0.000  0.528     0.00     0.00 -1 -2.81e-13      0.00 8.655e-01 1.344e-01 1.080e-05 2.978e-06 2.726e-05 -1.000 1.000e-04 3.817 4.055 4.286 3.932 3.669 3.406 3.095 2.838 2.822
9.8116e-05 -2.19174 10.07918 0.7740544677 2.4092998505    0.773  0.428  3.8189  4.126    1  0.000  0.528     0.00     0.00 -1 -3.29e-13      0.00 8.642e-01 1.357e-01 1.091e-05 3.007e-06 2.753e-05 -1.000 1.000e-04 3.701 3.940 4.165 3.813 3.552 3.290 2.981 2.726 2.709
9.8116e-05 -2.19174 10.07918 0.7755149603 2.4098496437    0.774  0.446  3.8185  4.107    1  0.000  0.528     0.00     0.00 -1 -3.51e-13      0.00 8.638e-01 1.361e-01 1.094e-05 3.017e-06 2.762e-05 -1.000 1.000e-04 3.654 3.895 4.118 3.766 3.504 3.242 2.932 2.676 2.660
9.8116e-05 -2.19174 10.07918 0.7794836164 2.4113318920    0.778  0.501  3.8165  4.047    1  0.000  0.528     0.00     0.00 -1 -4.24e-13      0.00 8.626e-01 1.373e-01 1.104e-05 3.044e-06 2.787e-05 -1.000 1.000e-04 3.519 3.767 3.985 3.630 3.366 3.101 2.786 2.527 2.509
9.8116e-05 -2.19174 10.07918 0.7822609544 2.4123587608    0.781  0.543  3.8136  3.994    1  0.000  0.528     0.00     0.00 -1 -4.96e-13      0.00 8.617e-01 1.382e-01 1.111e-05 3.063e-06 2.804e-05 -1.000 9.994e-05 3.412 3.669 3.885 3.525 3.256 2.987 2.665 2.400 2.382
9.8116e-05 -2.19174 10.07918 0.7828532457 2.4125766754    0.781  0.553  3.8129  3.982    1  0.000  0.528     0.00     0.00 -1 -5.15e-13      0.00 8.616e-01 1.383e-01 1.112e-05 3.067e-06 2.808e-05 -1.000 1.000e-04 3.388 3.647 3.863 3.501 3.231 2.961 2.637 2.371 2.353
9.8116e-05 -2.19174 10.07918 0.7834342718 2.4127900600    0.782  0.564  3.8115  3.966    1  0.000  0.528     0.00     0.00 -1 -5.37e-13      0.00 8.614e-01 1.385e-01 1.114e-05 3.071e-06 2.811e-05 -1.000 9.999e-05 3.360 3.623 3.839 3.474 3.202 2.930 2.602 2.334 2.315
9.8116e-05 -2.19174 10.07918 0.7853887677 2.4135050774    0.784  0.604  3.8057  3.903    2  0.000  0.528     0.00     0.00 -1 -6.32e-13      0.00 8.608e-01 1.391e-01 1.119e-05 3.084e-06 2.823e-05 -1.000 9.994e-05 3.260 3.539 3.757 3.378 3.095 2.813 2.473 2.193 2.171
9.8116e-05 -2.19174 10.07918 0.7868847847 2.4140498638    0.785  0.640  3.7986  3.840    2  0.000  0.528     0.00     0.00 -1 -7.37e-13      0.00 8.604e-01 1.395e-01 1.122e-05 3.094e-06 2.833e-05 -1.000 9.996e-05 3.171 3.470 3.692 3.294 2.998 2.705 2.348 2.055 2.030
9.8116e-05 -2.19174 10.07918 0.7880567312 2.4144747257    0.786  0.672  3.7902  3.774    2  0.000  0.528     0.00     0.00 -1 -8.57e-13      0.00 8.600e-01 1.399e-01 1.125e-05 3.102e-06 2.840e-05 -1.000 9.811e-05 3.089 3.417 3.640 3.219 2.909 2.602 2.225 1.916 1.887
9.8116e-05 -2.19174 10.07918 0.7890018225 2.4148166180    0.787  0.702  3.7811  3.708    2  0.000  0.528     0.00     0.00 -1  -9.9e-13      0.00 8.564e-01 1.436e-01 1.150e-05 3.170e-06 2.902e-05 -1.000 4.868e-05 3.014 3.377 3.600 3.154 2.826 2.504 2.106 1.780 1.745
9.8116e-05 -2.19174 10.07918 0.7897948027 2.4151024818    0.788  0.731  3.7722  3.645    2  0.000  0.530     0.00     0.00 -1 -1.14e-12      0.00 8.391e-01 1.608e-01 1.253e-05 3.449e-06 3.152e-05 -1.000 2.539e-05 2.943 3.346 3.563 3.091 2.748 2.411 1.994 1.652 1.612
9.8116e-05 -2.19174 10.07918 0.7904944420 2.4153542519    0.789  0.761  3.7641  3.583    2  0.000  0.533     0.00     0.00 -1 -1.31e-12      0.00 8.120e-01 1.879e-01 1.411e-05 3.872e-06 3.531e-05 -1.000 5.311e-05 2.869 3.312 3.523 3.026 2.668 2.319 1.882 1.526 1.480
9.8116e-05 -2.19174 10.07918 0.7911152244 2.4155771732    0.789  0.793  3.7572  3.523    2  0.000  0.535     0.00     0.00 -1 -1.51e-12      0.00 7.927e-01 2.073e-01 1.524e-05 4.174e-06 3.800e-05 -1.000 9.003e-05 2.787 3.270 3.472 2.954 2.583 2.222 1.769 1.401 1.350
9.8116e-05 -2.19174 10.07918 0.7917300463 2.4157977104    0.790  0.834  3.7510  3.457    2  0.000  0.536     0.00     0.00 -1 -1.78e-12      0.00 7.810e-01 2.189e-01 1.592e-05 4.356e-06 3.963e-05 -1.000 1.001e-04 2.685 3.207 3.398 2.860 2.477 2.106 1.639 1.261 1.205
9.8116e-05 -2.19174 10.07918 0.7922153473 2.4159712791    0.790  0.874  3.7470  3.402    2  0.000  0.536     0.00     0.00 -1 -2.08e-12      0.00 7.756e-01 2.243e-01 1.624e-05 4.441e-06 4.039e-05 -1.000 1.000e-04 2.585 3.136 3.318 2.766 2.376 1.998 1.521 1.136 1.077
9.8116e-05 -2.19174 10.07918 0.7925471067 2.4160900116    0.791  0.904  3.7446  3.362    2  0.000  0.536     0.00     0.00 -1 -2.34e-12      0.00 7.728e-01 2.271e-01 1.640e-05 4.484e-06 4.077e-05 -1.000 1.000e-04 2.510 3.078 3.254 2.695 2.300 1.917 1.435 1.046 0.985
9.8116e-05 -2.19174 10.07918 0.7928423285 2.4161953926    0.791  0.934  3.7430  3.326    3  0.000  0.537     0.00     0.00 -1 -2.61e-12      0.00 7.710e-01 2.289e-01 1.650e-05 4.509e-06 4.100e-05 -1.000 1.001e-04 2.434 3.014 3.186 2.622 2.224 1.839 1.352 0.960 0.898
9.8116e-05 -2.19174 10.07918 0.7932294011 2.4163334370    0.791  0.976  3.7409  3.276    3  0.000  0.537     0.00     0.00 -1 -3.04e-12      0.00 7.690e-01 2.310e-01 1.660e-05 4.538e-06 4.125e-05 -1.000 6.101e-05 2.331 2.925 3.092 2.522 2.120 1.731 1.239 0.843 0.779
9.8116e-05 -2.19174 10.07918 0.7936193347 2.4164724350    0.792  1.020  3.7390  3.225    3  0.000  0.537     0.00     0.00 -1 -3.57e-12      0.00 7.671e-01 2.329e-01 1.669e-05 4.562e-06 4.146e-05 -1.000 3.588e-05 2.221 2.830 2.991 2.415 2.010 1.618 1.120 0.720 0.656
9.8116e-05 -2.19174 10.07918 0.7939928174 2.4166054726    0.792  1.065  3.7374  3.174    3  0.000  0.537     0.00     0.00 -1  -4.2e-12      0.00 7.654e-01 2.346e-01 1.676e-05 4.581e-06 4.164e-05 -1.000 9.646e-05 2.109 2.731 2.887 2.306 1.898 1.504 1.001 0.597 0.532
9.8116e-05 -2.19174 10.07918 0.7943897247 2.4167466164    0.792  1.115  3.7356  3.116    3  0.000  0.537     0.00     0.00 -1 -5.04e-12      0.00 7.637e-01 2.362e-01 1.683e-05 4.599e-06 4.180e-05 -1.000 9.997e-05 1.982 2.619 2.769 2.183 1.772 1.375 0.867 0.459 0.392
9.8116e-05 -2.19174 10.07918 0.7947227955 2.4168648720    0.792  1.161  3.7341  3.065    3  0.000  0.537     0.00     0.00 -1 -5.94e-12      0.00 7.624e-01 2.375e-01 1.687e-05 4.611e-06 4.191e-05 -1.000 1.000e-04 1.868 2.518 2.662 2.072 1.658 1.259 0.746 0.334 0.267
9.8116e-05 -2.19174 10.07918 0.7950597405 2.4169845581    0.793  1.211  3.7326  3.009    3  0.000  0.537     0.00     0.00 -1  -7.1e-12      0.00 7.611e-01 2.388e-01 1.691e-05 4.623e-06 4.200e-05 -1.000 5.375e-05 1.743 2.405 2.545 1.950 1.534 1.132 0.615 0.199 0.131
9.8116e-05 -2.19174 10.07918 0.7953903079 2.4171016216    0.793  1.264  3.7309  2.949    3  0.000  0.537     0.00     0.00 -1 -8.59e-12      0.00 7.598e-01 2.401e-01 1.694e-05 4.634e-06 4.209e-05 -1.000 6.506e-05 1.611 2.286 2.420 1.820 1.402 0.997 0.475 0.055 -0.013
9.8116e-05 -2.19174 10.07918 0.7956570983 2.4171962738    0.793  1.311  3.7295  2.896    3  0.000  0.536     0.00     0.00 -1 -1.02e-11      0.00 7.588e-01 2.411e-01 1.696e-05 4.642e-06 4.215e-05 -1.000 9.477e-05 1.493 2.182 2.309 1.706 1.285 0.878 0.352 -0.072 -0.141
9.8116e-05 -2.19174 10.07918 0.7959144711 2.4172873497    0.793  1.360  3.7280  2.841    3  0.000  0.536     0.00     0.00 -1 -1.21e-11      0.00 7.579e-01 2.420e-01 1.697e-05 4.651e-06 4.221e-05 -1.000 9.994e-05 1.371 2.074 2.194 1.586 1.162 0.753 0.223 -0.204 -0.274
9.8116e-05 -2.19174 10.07918 0.7961456180 2.4173691273    0.793  1.408  3.7265  2.787    3  0.000  0.535     0.00     0.00 -1 -1.44e-11      0.00 7.571e-01 2.428e-01 1.696e-05 4.661e-06 4.225e-05 -1.000 9.999e-05 1.251 1.967 2.082 1.469 1.043 0.631 0.096 -0.334 -0.404
9.8116e-05 -2.19174 10.07918 0.7963551283 2.4174430370    0.793  1.455  3.7249  2.734    3  0.000  0.535     0.00     0.00 -1 -1.71e-11      0.00 7.565e-01 2.434e-01 1.696e-05 4.671e-06 4.228e-05 -1.000 1.000e-04 1.132 1.863 1.971 1.353 0.924 0.510 -0.029 -0.462 -0.533
9.8116e-05 -2.19174 10.07918 0.7965425253 2.4175093174    0.793  1.502  3.7235  2.681    3  0.000  0.534     0.00     0.00 -1 -2.03e-11      0.00 7.559e-01 2.440e-01 1.695e-05 4.681e-06 4.231e-05 -1.000 1.000e-04 1.015 1.759 1.861 1.239 0.808 0.391 -0.152 -0.589 -0.661
9.8116e-05 -2.19174 10.07918 0.7967199087 2.4175720215    0.793  1.551  3.7219  2.626    3  0.000  0.533     0.00     0.00 -1 -2.41e-11      0.00 7.555e-01 2.444e-01 1.693e-05 4.692e-06 4.233e-05 -1.000 1.000e-04 0.893 1.651 1.748 1.121 0.687 0.268 -0.279 -0.720 -0.792
9.8116e-05 -2.19174 10.07918 0.7968773842 2.4176275730    0.793  1.598  3.7203  2.573    3  0.000  0.533     0.00     0.00 -1 -2.86e-11      0.00 7.552e-01 2.447e-01 1.692e-05 4.702e-06 4.235e-05 -1.000 9.994e-05 0.776 1.547 1.638 1.007 0.570 0.148 -0.404 -0.848 -0.921
9.8116e-05 -2.19174 10.07918 0.7970173359 2.4176769257    0.793  1.643  3.7188  2.521    3  0.000  0.532     0.00     0.00 -1 -3.37e-11      0.00 7.550e-01 2.449e-01 1.691e-05 4.710e-06 4.235e-05 -1.000 1.000e-04 0.661 1.447 1.533 0.896 0.457 0.032 -0.524 -0.972 -1.046
9.8116e-05 -2.19174 10.07918 0.7971441150 2.4177217484    0.793  1.689  3.7173  2.470    3  0.000  0.532     0.00     0.00 -1 -3.97e-11      0.00 7.548e-01 2.451e-01 1.690e-05 4.715e-06 4.236e-05 -1.000 9.450e-05 0.549 1.352 1.429 0.787 0.344 -0.083 -0.643 -1.095 -1.169
9.8116e-05 -2.19174 10.07918 0.7972629666 2.4177634716    0.793  1.735  3.7157  2.417    3  0.000  0.532     0.00     0.00 -1 -4.69e-11      0.00 7.547e-01 2.452e-01 1.690e-05 4.718e-06 4.237e-05 -1.000 1.000e-04 0.434 1.256 1.324 0.675 0.230 -0.200 -0.766 -1.221 -1.296
9.8116e-05 -2.19174 10.07918 0.7973679304 2.4178006649    0.792  1.779  3.7141  2.366    3  0.000  0.532     0.00     0.00 -1 -5.51e-11      0.00 7.547e-01 2.452e-01 1.690e-05 4.719e-06 4.237e-05 -1.000 1.001e-04 0.322 1.164 1.223 0.568 0.119 -0.314 -0.884 -1.343 -1.419
9.8116e-05 -2.19174 10.07918 0.7974649072 2.4178347588    0.792  1.824  3.7125  2.315    3  0.000  0.532     0.00     0.00 -1 -6.47e-11      0.00 7.547e-01 2.452e-01 1.690e-05 4.719e-06 4.237e-05 -1.000 1.001e-04 0.211 1.071 1.121 0.460 0.008 -0.428 -1.002 -1.465 -1.542
9.8116e-05 -2.19174 10.07918 0.7975539565 2.4178659916    0.792  1.868  3.7109  2.264    3  0.000  0.532     0.00     0.00 -1 -7.61e-11      0.00 7.547e-01 2.452e-01 1.690e-05 4.719e-06 4.237e-05 -1.000 1.001e-04 0.100 0.980 1.021 0.353 -0.103 -0.541 -1.120 -1.587 -1.664
9.8116e-05 -2.19174 10.07918 0.7976330519 2.4178938866    0.792  1.911  3.7093  2.215    3  0.000  0.532     0.00     0.00 -1 -8.88e-11      0.00 7.547e-01 2.452e-01 1.690e-05 4.719e-06 4.237e-05 -1.000 1.000e-04 -0.006 0.894 0.925 0.250 -0.208 -0.649 -1.233 -1.705 -1.783
9.8116e-05 -2.19174 10.07918 0.7977061272 2.4179196358    0.792  1.953  3.7078  2.167    3  0.000  0.532     0.00     0.00 -1 -1.04e-10      0.00 7.547e-01 2.452e-01 1.690e-05 4.719e-06 4.237e-05 -1.000 1.000e-04 -0.113 0.808 0.830 0.148 -0.314 -0.757 -1.346 -1.821 -1.900
9.8116e-05 -2.19174 10.07918 0.7977763414 2.4179444313    0.791  1.997  3.7061  2.116    3  0.000  0.532     0.00     0.00 -1 -1.22e-10      0.00 7.547e-01 2.452e-01 1.690e-05 4.720e-06 4.237e-05 -1.000 1.000e-04 -0.223 0.719 0.731 0.042 -0.423 -0.870 -1.464 -1.943 -2.023
9.8116e-05 -2.19174 10.07918 0.7978364825 2.4179656506    0.791  2.038  3.7045  2.068    3  0.000  0.532     0.00     0.00 -1 -1.41e-10      0.00 7.547e-01 2.452e-01 1.690e-05 4.720e-06 4.237e-05 -1.000 9.999e-05 -0.325 0.638 0.641 -0.055 -0.525 -0.974 -1.573 -2.057 -2.137
9.8116e-05 -2.19174 10.07918 0.7978920341 2.4179852009    0.790  2.079  3.7030  2.021    3  0.000  0.532     0.00     0.00 -1 -1.64e-10      0.00 7.547e-01 2.452e-01 1.690e-05 4.720e-06 4.237e-05 -1.000 1.001e-04 -0.428 0.556 0.550 -0.153 -0.626 -1.078 -1.682 -2.169 -2.250
9.8116e-05 -2.19174 10.07918 0.7979452014 2.4180037975    0.790  2.121  3.7014  1.972    3  0.000  0.532     0.00     0.00 -1 -1.91e-10      0.00 7.547e-01 2.452e-01 1.690e-05 4.720e-06 4.237e-05 -1.000 1.000e-04 -0.533 0.473 0.456 -0.254 -0.730 -1.186 -1.794 -2.286 -2.368
9.8116e-05 -2.19174 10.07918 0.7979915142 2.4180200100    0.790  2.161  3.6998  1.925    3  0.000  0.532     0.00     0.00 -1 -2.21e-10      0.00 7.547e-01 2.452e-01 1.690e-05 4.720e-06 4.237e-05 -1.000 1.001e-04 -0.632 0.399 0.370 -0.349 -0.829 -1.287 -1.901 -2.396 -2.479
9.8116e-05 -2.19174 10.07918 0.7980349660 2.4180355072    0.789  2.200  3.6982  1.880    3  0.000  0.532     0.00     0.00 -1 -2.55e-10      0.00 7.547e-01 2.452e-01 1.690e-05 4.720e-06 4.237e-05 -1.000 1.000e-04 -0.731 0.326 0.284 -0.443 -0.926 -1.388 -2.006 -2.505 -2.588
9.8116e-05 -2.19174 10.07918 0.7980801463 2.4180512428    0.788  2.238  3.6968  1.836    3  0.000  0.532     0.00     0.00 -1 -2.93e-10      0.00 7.547e-01 2.452e-01 1.690e-05 4.720e-06 4.237e-05 -1.000 1.001e-04 -0.824 0.256 0.203 -0.531 -1.019 -1.483 -2.105 -2.607 -2.691
9.8116e-05 -2.19174 10.07918 0.7981302142 2.4180688858    0.788  2.268  3.6956  1.800    3  0.000  0.532     0.00     0.00 -1 -3.29e-10      0.00 7.547e-01 2.452e-01 1.690e-05 4.720e-06 4.237e-05 -1.000 9.999e-05 -0.901 0.199 0.136 -0.605 -1.095 -1.561 -2.187 -2.692 -2.777
9.8116e-05 -2.19174 10.07918 0.7981535792 2.4180769920    0.787  2.263  3.6960  1.807    3  0.000  0.532     0.00     0.00 -1 -3.25e-10      0.00 7.547e-01 2.452e-01 1.690e-05 4.720e-06 4.237e-05 -1.000 1.000e-04 -0.887 0.206 0.146 -0.593 -1.082 -1.547 -2.172 -2.676 -2.760
9.8116e-05 -2.19174 10.07918 0.7981594205 2.4180791378    0.787  2.270  3.6957  1.799    3  0.000  0.532     0.00     0.00 -1 -3.32e-10      0.00 7.547e-01 2.452e-01 1.690e-05 4.720e-06 4.237e-05 -1.000 1.000e-04 -0.904 0.194 0.132 -0.608 -1.098 -1.564 -2.190 -2.695 -2.779
9.8116e-05 -2.19174 10.07918 0.7981916666 2.4180905819    0.787  2.310  3.6940  1.752    3  0.000  0.532     0.00     0.00 -1 -3.81e-10      0.00 7.547e-01 2.452e-01 1.690e-05 4.720e-06 4.237e-05 -1.000 1.001e-04 -1.004 0.122 0.046 -0.703 -1.197 -1.666 -2.297 -2.806 -2.891
9.8116e-05 -2.19174 10.07918 0.7982242703 2.4181020260    0.786  2.352  3.6924  1.703    3  0.000  0.532     0.00     0.00 -1 -4.45e-10      0.00 7.547e-01 2.452e-01 1.690e-05 4.720e-06 4.237e-05 -1.000 1.000e-04 -1.111 0.042 -0.046 -0.804 -1.302 -1.775 -2.410 -2.923 -3.010
9.8116e-05 -2.19174 10.07918 0.7982519865 2.4181118011    0.785  2.391  3.6907  1.657    3  0.000  0.532     0.00     0.00 -1 -5.13e-10      0.00 7.546e-01 2.453e-01 1.690e-05 4.721e-06 4.237e-05 -1.000 9.997e-05 -1.207 -0.027 -0.128 -0.895 -1.397 -1.873 -2.514 -3.031 -3.118
9.8116e-05 -2.19174 10.07918 0.7982791662 2.4181213379    0.785  2.431  3.6889  1.609    3  0.000  0.532     0.00     0.00 -1 -5.95e-10      0.00 7.546e-01 2.453e-01 1.690e-05 4.721e-06 4.237e-05 -1.000 1.000e-04 -1.308 -0.096 -0.212 -0.989 -1.496 -1.976 -2.622 -3.144 -3.231
9.8116e-05 -2.19174 10.07918 0.7983045578 2.4181301594    0.784  2.472  3.6873  1.562    3  0.000  0.532     0.00     0.00 -1  -6.9e-10      0.00 7.546e-01 2.453e-01 1.690e-05 4.721e-06 4.238e-05 -1.000 9.999e-05 -1.409 -0.167 -0.297 -1.084 -1.595 -2.079 -2.730 -3.256 -3.345
9.8116e-05 -2.19174 10.07918 0.7983267903 2.4181380272    0.783  2.510  3.6856  1.516    3  0.000  0.532     0.00     0.00 -1 -7.94e-10      0.00 7.546e-01 2.453e-01 1.690e-05 4.721e-06 4.238e-05 -1.000 1.000e-04 -1.504 -0.208 -0.368 -1.173 -1.690 -2.177 -2.833 -3.364 -3.452
9.8116e-05 -2.19174 10.07918 0.7983488441 2.4181456566    0.782  2.550  3.6837  1.468    3  0.000  0.532     0.00     0.00 -1 -9.21e-10      0.00 7.546e-01 2.453e-01 1.690e-05 4.721e-06 4.238e-05 -1.000 1.001e-04 -1.604 -0.273 -0.449 -1.266 -1.788 -2.279 -2.941 -3.476 -3.565
9.8116e-05 -2.19174 10.07918 0.7983683944 2.4181525707    0.781  2.588  3.6821  1.423    3  0.000  0.532     0.00     0.00 -1 -1.06e-09      0.00 7.546e-01 2.453e-01 1.690e-05 4.721e-06 4.238e-05 -1.000 1.000e-04 -1.699 -0.313 -0.520 -1.355 -1.883 -2.377 -3.044 -3.583 -3.672
9.8116e-05 -2.19174 10.07918 0.7983866334 2.4181590080    0.780  2.625  3.6804  1.378    3  0.000  0.532     0.00     0.00 -1 -1.22e-09      0.00 7.546e-01 2.453e-01 1.690e-05 4.721e-06 4.238e-05 -1.000 9.997e-05 -1.793 -0.347 -0.586 -1.441 -1.976 -2.475 -3.147 -3.690 -3.779
9.8116e-05 -2.19174 10.07918 0.7984039783 2.4181652069    0.779  2.664  3.6786  1.332    3  0.000  0.532     0.00     0.00 -1  -1.4e-09      0.00 7.546e-01 2.453e-01 1.690e-05 4.721e-06 4.238e-05 -1.000 1.000e-04 -1.889 -0.374 -0.651 -1.528 -2.071 -2.574 -3.252 -3.800 -3.888
9.8116e-05 -2.19174 10.07918 0.7984226942 2.4181716442    0.777  2.708  3.6767  1.279    3  0.000  0.532     0.00     0.00 -1 -1.65e-09      0.00 7.546e-01 2.453e-01 1.690e-05 4.721e-06 4.238e-05 -1.000 9.993e-05 -2.000 -0.406 -0.726 -1.629 -2.181 -2.689 -3.373 -3.925 -4.014
9.8116e-05 -2.19174 10.07918 0.7984377146 2.4181768894    0.776  2.746  3.6747  1.233    3  0.000  0.532     0.00     0.00 -1  -1.9e-09      0.00 7.546e-01 2.453e-01 1.690e-05 4.721e-06 4.238e-05 -1.000 1.000e-04 -2.095 -0.417 -0.781 -1.713 -2.274 -2.787 -3.478 -4.036 -4.123
9.8116e-05 -2.19174 10.07918 0.7984532118 2.4181823730    0.774  2.788  3.6728  1.182    3  0.000  0.532     0.00     0.00 -1 -2.23e-09      0.00 7.546e-01 2.453e-01 1.690e-05 4.721e-06 4.238e-05 -1.000 1.000e-04 -2.200 -0.433 -0.846 -1.807 -2.378 -2.897 -3.594 -4.156 -4.244
9.8116e-05 -2.19174 10.07918 0.7984660268 2.4181869030    0.773  2.825  3.6711  1.137    3  0.000  0.532     0.00     0.00 -1 -2.56e-09      0.00 7.546e-01 2.453e-01 1.690e-05 4.721e-06 4.238e-05 -1.000 9.994e-05 -2.294 -0.441 -0.899 -1.888 -2.469 -2.994 -3.697 -4.263 -4.350
9.8116e-05 -2.19174 10.07918 0.7984790802 2.4181914330    0.771  2.866  3.6689  1.087    3  0.000  0.532     0.00     0.00 -1 -2.98e-09      0.00 7.546e-01 2.453e-01 1.690e-05 4.721e-06 4.238e-05 -1.000 1.001e-04 -2.395 -0.431 -0.949 -1.974 -2.567 -3.099 -3.810 -4.381 -4.468
9.8116e-05 -2.19174 10.07918 0.7984898686 2.4181952477    0.769  2.902  3.6673  1.044    3  0.000  0.532     0.00     0.00 -1  -3.4e-09      0.00 7.546e-01 2.453e-01 1.690e-05 4.721e-06 4.238e-05 -1.000 1.000e-04 -2.484 -0.430 -0.996 -2.050 -2.654 -3.191 -3.908 -4.484 -4.570
9.8116e-05 -2.19174 10.07918 0.7985012531 2.4181993008    0.767  2.942  3.6652  0.994    3  0.000  0.532     0.00     0.00 -1 -3.95e-09      0.00 7.546e-01 2.453e-01 1.690e-05 4.721e-06 4.238e-05 -1.000 1.000e-04 -2.584 -0.407 -1.037 -2.132 -2.750 -3.295 -4.019 -4.600 -4.686
9.8116e-05 -2.19174 10.07918 0.7985127568 2.4182033539    0.764  2.985  3.6630  0.941    3  0.000  0.532     0.00     0.00 -1 -4.65e-09      0.00 7.546e-01 2.453e-01 1.690e-05 4.721e-06 4.238e-05 -1.000 1.001e-04 -2.692 -0.370 -1.075 -2.218 -2.853 -3.407 -4.139 -4.726 -4.810
9.8116e-05 -2.19174 10.07918 0.7985221744 2.4182066917    0.762  3.022  3.6611  0.894    3  0.000  0.532     0.00     0.00 -1 -5.36e-09      0.00 7.546e-01 2.453e-01 1.690e-05 4.721e-06 4.238e-05 -1.000 1.000e-04 -2.785 -0.328 -1.102 -2.290 -2.942 -3.504 -4.244 -4.835 -4.919
9.8116e-05 -2.19174 10.07918 0.7985301614 2.4182093143    0.760  3.056  3.6593  0.852    3  0.000  0.532     0.00     0.00 -1 -6.09e-09      0.00 7.546e-01 2.453e-01 1.690e-05 4.721e-06 4.238e-05 -1.000 9.999e-05 -2.869 -0.276 -1.118 -2.351 -3.020 -3.592 -4.339 -4.935 -5.018
9.8116e-05 -2.19174 10.07918 0.7985384464 2.4182124138    0.757  3.093  3.6575  0.806    3  0.000  0.532     0.00     0.00 -1    -7e-09      0.00 7.546e-01 2.453e-01 1.690e-05 4.721e-06 4.238e-05 -1.000 1.001e-04 -2.962 -0.242 -1.146 -2.420 -3.105 -3.686 -4.441 -5.041 -5.124
9.8116e-05 -2.19174 10.07918 0.7985469103 2.4182152748    0.753  3.132  3.6552  0.756    3  0.000  0.532     0.00     0.00 -1 -8.14e-09      0.00 7.546e-01 2.453e-01 1.690e-05 4.721e-06 4.238e-05 -1.000 1.000e-04 -3.061 -0.232 -1.185 -2.495 -3.195 -3.785 -4.550 -5.156 -5.239
9.8116e-05 -2.19174 10.07918 0.7985540628 2.4182178974    0.750  3.168  3.6533  0.711    3  0.000  0.532     0.00     0.00 -1 -9.33e-09      0.00 7.546e-01 2.453e-01 1.690e-05 4.721e-06 4.238e-05 -1.000 1.000e-04 -3.150 -0.226 -1.221 -2.562 -3.276 -3.874 -4.648 -5.258 -5.342
9.8116e-05 -2.19174 10.07918 0.7985612154 2.4182202816    0.746  3.205  3.6513  0.663    3  0.000  0.532     0.00     0.00 -1 -1.08e-08      0.00 7.546e-01 2.453e-01 1.690e-05 4.721e-06 4.238e-05 -1.000 1.000e-04 -3.242 -0.215 -1.257 -2.631 -3.359 -3.967 -4.749 -5.365 -5.450
9.8116e-05 -2.19174 10.07918 0.7985678911 2.4182226658    0.743  3.239  3.6494  0.620    3  0.000  0.532     0.00     0.00 -1 -1.23e-08      0.00 7.546e-01 2.453e-01 1.690e-05 4.721e-06 4.238e-05 -1.000 1.001e-04 -3.326 -0.205 -1.288 -2.693 -3.435 -4.050 -4.841 -5.462 -5.547
9.8116e-05 -2.19174 10.07918 0.7985697389 2.4182233810    0.741  3.247  3.6490  0.609    3  0.000  0.532     0.00     0.00 -1 -1.27e-08      0.00 7.546e-01 2.453e-01 1.690e-05 4.721e-06 4.238e-05 -1.000 1.000e-04 -3.348 -0.202 -1.297 -2.709 -3.454 -4.072 -4.865 -5.487 -5.573
9.8116e-05 -2.19174 10.07918 0.7985697389 2.4182233810    0.741  1.658  3.9482  3.395    4  0.000  0.533     0.00     0.00 -1    -1e-30      0.00 7.562e-01 2.437e-01 1.688e-05 4.684e-06 4.222e-05 -1.000 9.993e-05 0.626 0.773 0.729 0.717 0.698 0.671 0.628 0.610 0.605
9.8116e-05 -2.19174 10.07918 0.7985704541 2.4182236195    0.741  1.664  3.9443  3.373    4  0.000  0.533     0.00     0.00 -1    -1e-30      0.00 7.562e-01 2.437e-01 1.688e-05 4.684e-06 4.222e-05 -1.000 9.994e-05 0.609 0.757 0.705 0.688 0.666 0.634 0.586 0.564 0.559
9.8116e-05 -2.19174 10.07918 0.7986187339 2.4182405472    0.741  1.685  3.9336  3.309    4  0.000  0.533     0.00     0.00 -1    -1e-30      0.00 7.562e-01 2.437e-01 1.688e-05 4.684e-06 4.222e-05 -1.000 9.993e-05 0.558 0.709 0.638 0.606 0.574 0.531 0.466 0.436 0.428
9.8116e-05 -2.19174 10.07918 0.7986656427 2.4182569981    0.741  1.685  3.9337  3.310    4  0.000  0.533     0.00     0.00 -1    -1e-30      0.00 7.562e-01 2.437e-01 1.688e-05 4.684e-06 4.222e-05 -1.000 9.999e-05 0.557 0.708 0.637 0.606 0.574 0.531 0.466 0.436 0.428
9.8116e-05 -2.19174 10.07918 0.7987126708 2.4182734489    0.741  1.685  3.9339  3.311    4  0.000  0.533     0.00     0.00 -1    -1e-30      0.00 7.562e-01 2.437e-01 1.688e-05 4.684e-06 4.222e-05 -1.000 9.993e-05 0.557 0.708 0.638 0.606 0.575 0.532 0.468 0.437 0.430
9.8116e-05 -2.19174 10.07918 0.7987601757 2.4182901382    0.741  1.685  3.9339  3.311    4  0.000  0.533     0.00     0.00 -1    -1e-30      0.00 7.562e-01 2.437e-01 1.688e-05 4.684e-06 4.222e-05 -1.000 9.993e-05 0.557 0.708 0.638 0.606 0.575 0.532 0.468 0.438 0.430
9.8116e-05 -2.19174 10.07918 0.7988089919 2.4183073044    0.741  1.685  3.9337  3.309    4  0.000  0.533     0.00     0.00 -1    -1e-30      0.00 7.562e-01 2.437e-01 1.688e-05 4.684e-06 4.222e-05 -1.000 9.993e-05 0.557 0.708 0.637 0.605 0.573 0.530 0.465 0.435 0.427
9.8116e-05 -2.19174 10.07918 0.7988574505 2.4183242321    0.741  1.686  3.9331  3.307    4  0.000  0.533     0.00     0.00 -1    -1e-30      0.00 7.562e-01 2.437e-01 1.688e-05 4.684e-06 4.222e-05 -1.000 9.993e-05 0.556 0.707 0.635 0.603 0.570 0.527 0.461 0.430 0.422
9.8116e-05 -2.19174 10.07918 0.7989027500 2.4183402061    0.741  1.686  3.9323  3.303    4  0.000  0.533     0.00     0.00 -1    -1e-30      0.00 7.562e-01 2.437e-01 1.688e-05 4.684e-06 4.222e-05 -1.000 9.999e-05 0.555 0.707 0.633 0.599 0.566 0.522 0.454 0.423 0.415
9.8116e-05 -2.19174 10.07918 0.7989516258 2.4183573723    0.741  1.687  3.9311  3.298    4  0.000  0.533     0.00     0.00 -1    -1e-30      0.00 7.562e-01 2.437e-01 1.688e-05 4.684e-06 4.222e-05 -1.000 9.991e-05 0.553 0.705 0.630 0.594 0.560 0.514 0.445 0.413 0.405
9.8116e-05 -2.19174 10.07918 0.7989966869 2.4183731079    0.742  1.688  3.9297  3.291    4  0.000  0.533     0.00     0.00 -1    -1e-30      0.00 7.562e-01 2.437e-01 1.688e-05 4.684e-06 4.222e-05 -1.000 9.993e-05 0.550 0.704 0.626 0.588 0.552 0.505 0.433 0.399 0.391
9.8116e-05 -2.19174 10.07918 0.7990423441 2.4183890820    0.742  1.689  3.9278  3.282    4  0.000  0.533     0.00     0.00 -1    -1e-30      0.00 7.562e-01 2.437e-01 1.688e-05 4.684e-06 4.222e-05 -1.000 9.994e-05 0.547 0.702 0.622 0.581 0.543 0.493 0.419 0.383 0.374
9.8116e-05 -2.19174 10.07918 0.7990902662 2.4184060097    0.742  1.691  3.9254  3.271    4  0.000  0.533     0.00     0.00 -1    -1e-30      0.00 7.562e-01 2.437e-01 1.688e-05 4.684e-06 4.222e-05 -1.000 9.993e-05 0.543 0.699 0.617 0.572 0.531 0.478 0.400 0.361 0.352
9.8116e-05 -2.19174 10.07918 0.7991400957 2.4184234142    0.742  1.693  3.9225  3.257    4  0.000  0.533     0.00     0.00 -1    -1e-30      0.00 7.562e-01 2.437e-01 1.688e-05 4.684e-06 4.222e-05 -1.000 9.993e-05 0.538 0.696 0.611 0.561 0.517 0.460 0.376 0.335 0.325
9.8116e-05 -2.19174 10.07918 0.7991865873 2.4184398651    0.742  1.695  3.9192  3.242    4  0.000  0.533     0.00     0.00 -1    -1e-30      0.00 7.562e-01 2.437e-01 1.688e-05 4.684e-06 4.222e-05 -1.000 9.993e-05 0.532 0.693 0.604 0.549 0.501 0.439 0.350 0.305 0.295
9.8116e-05 -2.19174 10.07918 0.7992334962 2.4184560776    0.742  1.698  3.9154  3.224    4  0.000  0.533     0.00     0.00 -1    -1e-30      0.00 7.562e-01 2.437e-01 1.688e-05 4.684e-06 4.222e-05 -1.000 9.993e-05 0.526 0.689 0.599 0.537 0.483 0.416 0.320 0.271 0.260
9.8116e-05 -2.19174 10.07918 0.7992828488 2.4184734821    0.742  1.701  3.9109  3.203    4  0.000  0.533     0.00     0.00 -1    -1e-30      0.00 7.562e-01 2.437e-01 1.688e-05 4.684e-06 4.222e-05 -1.000 9.993e-05 0.518 0.685 0.592 0.522 0.461 0.388 0.284 0.230 0.218
9.8116e-05 -2.19174 10.07918 0.7993294001 2.4184896946    0.742  1.704  3.9062  3.181    4  0.000  0.533     0.00     0.00 -1    -1e-30      0.00 7.562e-01 2.437e-01 1.688e-05 4.684e-06 4.222e-05 -1.000 9.993e-05 0.509 0.681 0.588 0.507 0.440 0.360 0.247 0.186 0.174
9.8116e-05 -2.19174 10.07918 0.7993761301 2.4185061455    0.742  1.708  3.9008  3.155    4  0.000  0.533     0.00     0.00 -1    -1e-30      0.00 7.562e-01 2.437e-01 1.688e-05 4.684e-06 4.222e-05 -1.000 9.993e-05 0.500 0.677 0.584 0.492 0.416 0.328 0.205 0.137 0.124
9.8116e-05 -2.19174 10.07918 0.7994242907 2.4185230732    0.742  1.712  3.8948  3.127    4  0.000  0.533     0.00     0.00 -1    -1e-30      0.00 7.562e-01 2.437e-01 1.688e-05 4.684e-06 4.222e-05 -1.000 9.997e-05 0.489 0.673 0.583 0.476 0.391 0.292 0.158 0.082 0.068
9.8116e-05 -2.19174 10.07918 0.7994737029 2.4185402393    0.742  1.717  3.8879  3.095    4  0.000  0.533     0.00     0.00 -1    -1e-30      0.00 7.562e-01 2.437e-01 1.688e-05 4.684e-06 4.222e-05 -1.000 9.993e-05 0.478 0.670 0.585 0.461 0.363 0.253 0.106 0.019 0.004
9.8116e-05 -2.19174 10.07918 0.7995197177 2.4185564518    0.742  1.722  3.8810  3.063    4  0.000  0.533     0.00     0.00 -1    -1e-30      0.00 7.562e-01 2.437e-01 1.688e-05 4.684e-06 4.222e-05 -1.000 9.993e-05 0.466 0.667 0.592 0.448 0.337 0.215 0.054 -0.045 -0.060
9.8116e-05 -2.19174 10.07918 0.7995240688 2.4185578823    0.742  1.722  3.8803  3.059    4  0.000  0.533     0.00     0.00 -1    -1e-30      0.00 7.562e-01 2.437e-01 1.688e-05 4.684e-06 4.222e-05 -1.000 9.993e-05 0.464 0.667 0.593 0.447 0.334 0.211 0.049 -0.051 -0.066
9.8116e-05 -2.19174 10.07918 0.7995317578 2.4185607433    0.742  1.723  3.8792  3.054    4  0.000  0.533     0.00     0.00 -1    -1e-30      0.00 7.562e-01 2.437e-01 1.688e-05 4.684e-06 4.222e-05 -1.000 9.993e-05 0.462 0.666 0.594 0.445 0.330 0.206 0.040 -0.061 -0.077
9.8116e-05 -2.19174 10.07918 0.7995770574 2.4185764790    0.742  1.728  3.8726  3.023    4  0.000  0.533     0.00     0.00 -1    -1e-30      0.00 7.562e-01 2.437e-01 1.688e-05 4.684e-06 4.222e-05 -1.000 9.993e-05 0.451 0.664 0.602 0.435 0.307 0.170 -0.009 -0.122 -0.138
9.8116e-05 -2.19174 10.07918 0.7996212244 2.4185919762    0.742  1.733  3.8655  2.990    4  0.000  0.533     0.00     0.00 -1    -1e-30      0.00 7.562e-01 2.437e-01 1.688e-05 4.684e-06 4.222e-05 -1.000 9.994e-05 0.438 0.662 0.612 0.426 0.284 0.134 -0.060 -0.187 -0.204
9.8116e-05 -2.19174 10.07918 0.7996684313 2.4186084270    0.742  1.738  3.8575  2.952    4  0.000  0.533     0.00     0.00 -1    -1e-30      0.00 7.562e-01 2.437e-01 1.688e-05 4.684e-06 4.222e-05 -1.000 9.993e-05 0.424 0.659 0.624 0.417 0.260 0.094 -0.118 -0.260 -0.278
9.8116e-05 -2.19174 10.07918 0.7997133732 2.4186241627    0.742  1.744  3.8492  2.913    4  0.000  0.533     0.00     0.00 -1    -1e-30      0.00 7.562e-01 2.437e-01 1.688e-05 4.684e-06 4.222e-05 -1.000 1.000e-04 0.410 0.657 0.638 0.411 0.237 0.055 -0.176 -0.336 -0.354
9.8116e-05 -2.19174 10.07918 0.7997564077 2.4186394215    0.742  1.750  3.8408  2.874    4  0.000  0.533     0.00     0.00 -1    -1e-30      0.00 7.562e-01 2.437e-01 1.688e-05 4.684e-06 4.222e-05 -1.000 9.993e-05 0.395 0.656 0.653 0.405 0.214 0.016 -0.234 -0.411 -0.431
9.8116e-05 -2.19174 10.07918 0.7998008728 2.4186549187    0.742  1.756  3.8323  2.834    4  0.000  0.533     0.00     0.00 -1    -1e-30      0.00 7.562e-01 2.437e-01 1.688e-05 4.684e-06 4.222e-05 -1.000 9.993e-05 0.380 0.657 0.669 0.399 0.191 -0.023 -0.293 -0.489 -0.510
9.8116e-05 -2.19174 10.07918 0.7998445034 2.4186701775    0.742  1.762  3.8239  2.794    4  0.000  0.533     0.00     0.00 -1    -1e-30      0.00 7.562e-01 2.437e-01 1.688e-05 4.684e-06 4.222e-05 -1.000 9.993e-05 0.364 0.658 0.686 0.394 0.169 -0.061 -0.351 -0.566 -0.588
9.8116e-05 -2.19174 10.07918 0.7998885512 2.4186856747    0.743  1.769  3.8158  2.755    4  0.000  0.533     0.00     0.00 -1    -1e-30      0.00 7.562e-01 2.437e-01 1.688e-05 4.684e-06 4.222e-05 -1.000 9.993e-05 0.348 0.661 0.702 0.388 0.148 -0.098 -0.407 -0.640 -0.664
9.8116e-05 -2.19174 10.07918 0.7999327183 2.4187009335    0.743  1.775  3.8083  2.719    4  0.000  0.533     0.00     0.00 -1    -1e-30      0.00 7.562e-01 2.437e-01 1.688e-05 4.684e-06 4.222e-05 -1.000 9.993e-05 0.331 0.663 0.718 0.384 0.128 -0.132 -0.460 -0.710 -0.736
9.8116e-05 -2.19174 10.07918 0.7999771237 2.4187166691    0.743  1.784  3.7999  2.677    4  0.000  0.533     0.00     0.00 -1    -1e-30      0.00 7.562e-01 2.437e-01 1.688e-05 4.684e-06 4.222e-05 -1.000 9.991e-05 0.311 0.665 0.737 0.377 0.103 -0.172 -0.521 -0.791 -0.819
9.8116e-05 -2.19174 10.07918 0.7999859452 2.4187195301    0.743  1.786  3.7981  2.668    4  0.000  0.533     0.00     0.00 -1    -1e-30      0.00 7.562e-01 2.437e-01 1.688e-05 4.684e-06 4.222e-05 -1.000 9.999e-05 0.306 0.666 0.741 0.375 0.098 -0.180 -0.533 -0.807 -0.836
9.8116e-05 -2.19174 10.07918 0.8000315428 2.4187355042    0.743  1.796  3.7900  2.625    4  0.000  0.533     0.00     0.00 -1    -1e-30      0.00 7.562e-01 2.437e-01 1.688e-05 4.684e-06 4.222e-05 -1.000 9.993e-05 0.281 0.666 0.755 0.365 0.071 -0.223 -0.597 -0.889 -0.921
9.8116e-05 -2.19174 10.07918 0.8000764251 2.4187512398    0.743  1.810  3.7799  2.570    4  0.000  0.533     0.00     0.00 -1    -1e-30      0.00 7.562e-01 2.437e-01 1.688e-05 4.684e-06 4.222e-05 -1.000 9.993e-05 0.244 0.664 0.767 0.346 0.032 -0.281 -0.680 -0.996 -1.032
9.8116e-05 -2.19174 10.07918 0.8001142144 2.4187645912    0.743  1.836  3.7669  2.492    4  0.000  0.533     0.00     0.00 -1    -1e-30      0.00 7.562e-01 2.437e-01 1.688e-05 4.684e-06 4.222e-05 -1.000 9.999e-05 0.179 0.658 0.767 0.306 -0.034 -0.370 -0.803 -1.152 -1.193
9.8116e-05 -2.19174 10.07918 0.8001347184 2.4187717438    0.743  1.867  3.7553  2.415    4  0.000  0.533     0.00     0.00 -1    -1e-30      0.00 7.562e-01 2.437e-01 1.688e-05 4.684e-06 4.222e-05 -1.000 9.993e-05 0.101 0.638 0.750 0.251 -0.112 -0.469 -0.933 -1.307 -1.355
9.8116e-05 -2.19174 10.07918 0.8001438975 2.4187748432    0.743  1.899  3.7461  2.346    4  0.000  0.533     0.00     0.00 -1    -1e-30      0.00 7.562e-01 2.437e-01 1.688e-05 4.684e-06 4.222e-05 -1.000 9.991e-05 0.023 0.611 0.720 0.191 -0.190 -0.563 -1.050 -1.445 -1.498
9.8116e-05 -2.19174 10.07918 0.8001480699 2.4187762737    0.743  1.932  3.7383  2.282    4  0.000  0.533     0.00     0.00 -1    -1e-30      0.00 7.562e-01 2.437e-01 1.688e-05 4.684e-06 4.222e-05 -1.000 9.993e-05 -0.060 0.579 0.680 0.125 -0.272 -0.659 -1.166 -1.578 -1.636
9.8116e-05 -2.19174 10.07918 0.8001500368 2.4187769890    0.743  1.964  3.7325  2.227    4  0.000  0.533     0.00     0.00 -1    -1e-30      0.00 7.562e-01 2.437e-01 1.688e-05 4.684e-06 4.222e-05 -1.000 9.994e-05 -0.139 0.547 0.635 0.058 -0.351 -0.748 -1.271 -1.695 -1.757
9.8116e-05 -2.19174 10.07918 0.8001508117 2.4187772274    0.743  1.984  3.7294  2.195    7  0.000  0.533     0.00     0.00 -1    -1e-30      0.00 7.562e-01 2.437e-01 1.688e-05 4.684e-06 4.222e-05 -1.000 9.991e-05 -0.189 0.523 0.603 0.015 -0.400 -0.803 -1.334 -1.765 -1.828
9.8116e-05 -2.19174 10.07918 0.8001510501 2.4187774658    0.743  1.993  3.7283  2.181    7  0.000  0.533     0.00     0.00 -1    -1e-30      0.00 7.562e-01 2.437e-01 1.688e-05 4.684e-06 4.222e-05 -1.000 9.993e-05 -0.212 0.511 0.587 -0.006 -0.423 -0.828 -1.362 -1.796 -1.860
9.8116e-05 -2.19174 10.07918 0.8001519442 2.4187777042    0.743  2.033  3.7241  2.124    7  0.000  0.533     0.00     0.00 -1    -1e-30      0.00 7.562e-01 2.437e-01 1.688e-05 4.684e-06 4.222e-05 -1.000 9.993e-05 -0.312 0.450 0.513 -0.096 -0.522 -0.934 -1.480 -1.923 -1.989
9.8116e-05 -2.19174 10.07918 0.8001527786 2.4187779427    0.743  2.072  3.7205  2.070    7  0.000  0.533     0.00     0.00 -1    -1e-30      0.00 7.562e-01 2.437e-01 1.688e-05 4.684e-06 4.222e-05 -1.000 9.993e-05 -0.411 0.385 0.436 -0.187 -0.620 -1.038 -1.594 -2.045 -2.113
9.8116e-05 -2.19174 10.07918 0.8001536131 2.4187781811    0.743  2.112  3.7172  2.018    7  0.000  0.533     0.00     0.00 -1    -1e-30      0.00 7.562e-01 2.437e-01 1.688e-05 4.684e-06 4.222e-05 -1.000 9.993e-05 -0.510 0.321 0.359 -0.278 -0.717 -1.142 -1.707 -2.166 -2.235
9.8116e-05 -2.19174 10.07918 0.8001544476 2.4187786579    0.743  2.149  3.7145  1.970    7  0.000  0.533     0.00     0.00 -1    -1e-30      0.00 7.562e-01 2.437e-01 1.688e-05 4.684e-06 4.222e-05 -1.000 9.993e-05 -0.603 0.260 0.285 -0.364 -0.810 -1.239 -1.812 -2.276 -2.348
9.8116e-05 -2.19174 10.07918 0.8001558185 2.4187791348    0.743  2.173  3.7130  1.940    7  0.000  0.533     0.00     0.00 -1    -1e-30      0.00 7.562e-01 2.437e-01 1.688e-05 4.684e-06 4.222e-05 -1.000 9.993e-05 -0.662 0.219 0.237 -0.419 -0.868 -1.301 -1.877 -2.345 -2.417
9.8116e-05 -2.19174 10.07918 0.8001582623 2.4187798500    0.743  2.153  3.7146  1.966    7  0.000  0.533     0.00     0.00 -1    -1e-30      0.00 7.562e-01 2.437e-01 1.688e-05 4.684e-06 4.222e-05 -1.000 1.000e-04 -0.613 0.249 0.274 -0.374 -0.820 -1.250 -1.822 -2.286 -2.358
9.8116e-05 -2.19174 10.07918 0.8001741767 2.4187853336    0.743  2.143  3.7149  1.977    7  0.000  0.533     0.00     0.00 -1    -1e-30      0.00 7.562e-01 2.437e-01 1.688e-05 4.684e-06 4.222e-05 -1.000 9.993e-05 -0.588 0.271 0.298 -0.349 -0.794 -1.223 -1.795 -2.258 -2.330
9.8116e-05 -2.19174 10.07918 0.8001890779 2.4187905788    0.743  2.174  3.7124  1.936    7  0.000  0.533     0.00     0.00 -1    -1e-30      0.00 7.562e-01 2.437e-01 1.688e-05 4.684e-06 4.222e-05 -1.000 9.993e-05 -0.666 0.222 0.238 -0.421 -0.872 -1.306 -1.884 -2.353 -2.426
9.8116e-05 -2.19174 10.07918 0.8002071977 2.4187970161    0.743  2.222  3.7091  1.876    7  0.000  0.533     0.00     0.00 -1    -1e-30      0.00 7.562e-01 2.437e-01 1.688e-05 4.684e-06 4.222e-05 -1.000 9.993e-05 -0.784 0.145 0.143 -0.530 -0.989 -1.429 -2.016 -2.492 -2.567
9.8116e-05 -2.19174 10.07918 0.8002244830 2.4188029766    0.743  2.263  3.7064  1.823    7  0.000  0.533     0.00     0.00 -1    -1e-30      0.00 7.562e-01 2.437e-01 1.688e-05 4.684e-06 4.222e-05 -1.000 9.993e-05 -0.888 0.078 0.059 -0.627 -1.092 -1.537 -2.132 -2.614 -2.690
9.8116e-05 -2.19174 10.07918 0.8002404571 2.4188086987    0.743  2.305  3.7039  1.772    7  0.000  0.533     0.00     0.00 -1    -1e-30      0.00 7.562e-01 2.437e-01 1.688e-05 4.684e-06 4.222e-05 -1.000 9.993e-05 -0.991 0.009 -0.024 -0.723 -1.194 -1.644 -2.246 -2.733 -2.811
9.8116e-05 -2.19174 10.07918 0.8002547622 2.4188137054    0.743  2.346  3.7015  1.721    7  0.000  0.533     0.00     0.00 -1    -1e-30      0.00 7.562e-01 2.437e-01 1.688e-05 4.685e-06 4.222e-05 -1.000 9.993e-05 -1.094 -0.060 -0.108 -0.819 -1.295 -1.750 -2.359 -2.852 -2.931
9.8116e-05 -2.19174 10.07918 0.8002675176 2.4188179970    0.743  2.387  3.6992  1.670    7  0.000  0.533     0.00     0.00 -1    -1e-30      0.00 7.562e-01 2.437e-01 1.687e-05 4.687e-06 4.222e-05 -1.000 9.984e-05 -1.198 -0.129 -0.193 -0.916 -1.397 -1.857 -2.473 -2.971 -3.052
9.8116e-05 -2.19174 10.07918 0.8002786636 2.4188220501    0.743  2.428  3.6969  1.620    7  0.000  0.531     0.00     0.00 -1    -1e-30      0.00 7.562e-01 2.437e-01 1.681e-05 4.709e-06 4.222e-05 -1.000 9.558e-05 -1.301 -0.196 -0.276 -1.011 -1.498 -1.962 -2.585 -3.089 -3.171
9.8116e-05 -2.19174 10.07918 0.8002885580 2.4188253880    0.743  2.469  3.6946  1.570    7  0.000  0.524     0.00     0.00 -1    -1e-30      0.00 7.561e-01 2.438e-01 1.661e-05 4.858e-06 4.222e-05 -1.000 9.343e-05 -1.403 -0.263 -0.358 -1.105 -1.598 -2.067 -2.696 -3.206 -3.289
9.8116e-05 -2.19174 10.07918 0.8002974987 2.4188284874    0.743  2.510  3.6924  1.520    7  0.000  0.510     0.00     0.00 -1    -1e-30      0.00 7.560e-01 2.439e-01 1.616e-05 5.336e-06 4.223e-05 -1.000 9.887e-05 -1.506 -0.331 -0.441 -1.200 -1.699 -2.172 -2.808 -3.323 -3.407
9.8116e-05 -2.19174 10.07918 0.8003055453 2.4188313484    0.743  2.551  3.6902  1.471    7  0.000  0.493     0.00     0.00 -1    -1e-30      0.00 7.559e-01 2.440e-01 1.562e-05 5.990e-06 4.224e-05 -1.000 9.999e-05 -1.607 -0.396 -0.523 -1.294 -1.799 -2.276 -2.919 -3.439 -3.524
9.8116e-05 -2.19174 10.07918 0.8003130555 2.4188339710    0.743  2.591  3.6880  1.421    7  0.000  0.477     0.00     0.00 -1    -1e-30      0.00 7.557e-01 2.442e-01 1.512e-05 6.603e-06 4.225e-05 -1.000 9.996e-05 -1.709 -0.457 -0.601 -1.387 -1.897 -2.379 -3.029 -3.554 -3.641
9.8116e-05 -2.19174 10.07918 0.8003200293 2.4188363552    0.743  2.632  3.6858  1.372    7  0.000  0.463     0.00     0.00 -1    -1e-30      0.00 7.555e-01 2.444e-01 1.469e-05 7.140e-06 4.227e-05 -1.000 9.999e-05 -1.810 -0.517 -0.680 -1.480 -1.996 -2.483 -3.140 -3.670 -3.758
9.8116e-05 -2.19174 10.07918 0.8003265858 2.4188387394    0.743  2.672  3.6836  1.323    7  0.000  0.452     0.00     0.00 -1    -1e-30      0.00 7.553e-01 2.446e-01 1.432e-05 7.596e-06 4.228e-05 -1.000 1.000e-04 -1.911 -0.548 -0.749 -1.572 -2.097 -2.588 -3.252 -3.787 -3.875
9.8116e-05 -2.19174 10.07918 0.8003328443 2.4188408852    0.743  2.713  3.6814  1.274    7  0.000  0.442     0.00     0.00 -1    -1e-30      0.00 7.550e-01 2.449e-01 1.400e-05 7.990e-06 4.227e-05 -1.000 9.996e-05 -2.012 -0.573 -0.815 -1.664 -2.197 -2.694 -3.364 -3.905 -3.993
9.8116e-05 -2.19174 10.07918 0.8003389239 2.4188430309    0.743  2.753  3.6792  1.224    7  0.000  0.433     0.00     0.00 -1    -1e-30      0.00 7.548e-01 2.451e-01 1.372e-05 8.333e-06 4.227e-05 -1.000 1.000e-04 -2.113 -0.591 -0.878 -1.755 -2.297 -2.800 -3.477 -4.023 -4.111
9.8116e-05 -2.19174 10.07918 0.8003445864 2.4188449383    0.743  2.794  3.6770  1.174    7  0.000  0.425     0.00     0.00 -1    -1e-30      0.00 7.545e-01 2.454e-01 1.348e-05 8.638e-06 4.224e-05 -1.000 1.000e-04 -2.216 -0.601 -0.937 -1.845 -2.398 -2.907 -3.591 -4.143 -4.230
9.8116e-05 -2.19174 10.07918 0.8003495336 2.4188468456    0.743  2.836  3.6747  1.124    7  0.000  0.419     0.00     0.00 -1    -1e-30      0.00 7.542e-01 2.457e-01 1.326e-05 8.909e-06 4.219e-05 -1.000 9.996e-05 -2.320 -0.603 -0.994 -1.935 -2.500 -3.015 -3.707 -4.264 -4.351
9.8116e-05 -2.19174 10.07918 0.8003537059 2.4188482761    0.743  2.877  3.6724  1.073    7  0.000  0.414     0.00     0.00 -1    -1e-30      0.00 7.539e-01 2.460e-01 1.309e-05 9.155e-06 4.211e-05 -1.000 1.000e-04 -2.423 -0.597 -1.045 -2.023 -2.601 -3.123 -3.822 -4.385 -4.471
9.8116e-05 -2.19174 10.07918 0.8003572822 2.4188494682    0.743  2.918  3.6700  1.023    7  0.000  0.411     0.00     0.00 -1    -1e-30      0.00 7.537e-01 2.462e-01 1.293e-05 9.401e-06 4.199e-05 -1.000 9.996e-05 -2.525 -0.583 -1.093 -2.110 -2.700 -3.230 -3.937 -4.506 -4.592
9.8116e-05 -2.19174 10.07918 0.8003604412 2.4188506603    0.743  2.958  3.6677  0.974    7  0.000  0.408     0.00     0.00 -1    -1e-30      0.00 7.534e-01 2.465e-01 1.280e-05 9.649e-06 4.184e-05 -1.000 9.073e-05 -2.625 -0.553 -1.131 -2.191 -2.796 -3.334 -4.049 -4.623 -4.709
9.8116e-05 -2.19174 10.07918 0.8003637791 2.4188516140    0.743  2.998  3.6654  0.924    7  0.000  0.406     0.00     0.00 -1    -1e-30      0.00 7.532e-01 2.467e-01 1.270e-05 9.884e-06 4.169e-05 -1.000 1.001e-04 -2.726 -0.509 -1.162 -2.269 -2.892 -3.439 -4.163 -4.743 -4.828
9.8116e-05 -2.19174 10.07918 0.8003667593 2.4188528061    0.743  3.043  3.6628  0.869    7  0.000  0.405     0.00     0.00 -1    -1e-30      0.00 7.529e-01 2.470e-01 1.262e-05 1.012e-05 4.153e-05 -1.000 9.993e-05 -2.837 -0.448 -1.189 -2.354 -2.997 -3.555 -4.289 -4.875 -4.959
9.8116e-05 -2.19174 10.07918 0.8003681302 2.4188532829    0.743  3.066  3.6613  0.840    7  0.000  0.404     0.00     0.00 -1    -1e-30      0.00 7.527e-01 2.472e-01 1.255e-05 1.035e-05 4.136e-05 -1.000 9.997e-05 -2.895 -0.409 -1.199 -2.396 -3.052 -3.617 -4.356 -4.945 -5.029
9.8116e-05 -2.19174 10.07918 0.8003686070 2.4188532829    0.743  3.045  3.6627  0.867    7  0.000  0.404     0.00     0.00 -1    -1e-30      0.00 7.526e-01 2.473e-01 1.251e-05 1.047e-05 4.127e-05 -1.000 9.999e-05 -2.842 -0.448 -1.191 -2.357 -3.002 -3.560 -4.294 -4.880 -4.964
9.8116e-05 -2.19174 10.07918 0.8003686666 2.4188535213    0.743  3.042  3.6628  0.870    7  0.000  0.404     0.00     0.00 -1    -1e-30      0.00 7.526e-01 2.473e-01 1.251e-05 1.047e-05 4.127e-05 -1.000 1.000e-04 -2.836 -0.451 -1.190 -2.353 -2.996 -3.554 -4.288 -4.874 -4.958
9.8116e-05 -2.19174 10.07918 0.8003687263 2.4188535213    0.743  3.045  3.6627  0.867    7  0.000  0.404     0.00     0.00 -1    -1e-30      0.00 7.526e-01 2.473e-01 1.251e-05 1.048e-05 4.127e-05 -1.000 9.996e-05 -2.842 -0.447 -1.190 -2.357 -3.002 -3.560 -4.295 -4.881 -4.965
9.8116e-05 -2.19174 10.07918 0.8003688455 2.4188535213    0.743  3.061  3.6617  0.847    7  0.000  0.404     0.00     0.00 -1    -1e-30      0.00 7.526e-01 2.473e-01 1.251e-05 1.048e-05 4.126e-05 -1.000 9.999e-05 -2.883 -0.419 -1.197 -2.387 -3.040 -3.603 -4.341 -4.930 -5.013
9.8116e-05 -2.19174 10.07918 0.8003689051 2.4188535213    0.743  3.072  3.6610  0.833    7  0.000  0.404     0.00     0.00 -1    -1e-30      0.00 7.526e-01 2.473e-01 1.251e-05 1.048e-05 4.126e-05 -1.000 9.997e-05 -2.909 -0.400 -1.201 -2.406 -3.065 -3.631 -4.372 -4.962 -5.045
9.8116e-05 -2.19174 10.07918 0.8003690839 2.4188535213    0.743  3.097  3.6594  0.801    7  0.000  0.404     0.00     0.00 -1    -1e-30      0.00 7.526e-01 2.473e-01 1.250e-05 1.050e-05 4.125e-05 -1.000 1.000e-04 -2.973 -0.347 -1.206 -2.451 -3.124 -3.698 -4.445 -5.039 -5.122
9.8116e-05 -2.19174 10.07918 0.8003692627 2.4188535213    0.743  3.136  3.6570  0.753    7  0.000  0.403     0.00     0.00 -1    -1e-30      0.00 7.522e-01 2.477e-01 1.238e-05 1.091e-05 4.095e-05 -1.000 9.999e-05 -3.070 -0.292 -1.224 -2.518 -3.211 -3.796 -4.554 -5.154 -5.237
9.8116e-05 -2.19174 10.07918 0.8003696203 2.4188537598    0.743  3.190  3.6535  0.685    7  0.000  0.403     0.00     0.00 -1    -1e-30      0.00 7.517e-01 2.482e-01 1.227e-05 1.135e-05 4.061e-05 -1.000 1.001e-04 -3.205 -0.263 -1.268 -2.615 -3.331 -3.930 -4.703 -5.313 -5.397
9.8116e-05 -2.19174 10.07918 0.8003701568 2.4188539982    0.743  3.237  3.6504  0.625    7  0.549  0.403     0.00     0.00 -1    -1e-30      0.00 7.513e-01 2.486e-01 1.217e-05 1.175e-05 4.030e-05 -1.000 9.999e-05 -3.324 -0.234 -1.304 -2.699 -3.436 -4.049 -4.835 -5.454 -5.538
9.8116e-05 -2.19174 10.07918 0.8003704548 2.4188539982    0.743  3.414  3.6091  0.283    8  0.549  0.390    92.82    44.32  1  -1.3e-06      0.00 7.290e-01 2.706e-01 6.375e-05 5.931e-05 2.177e-04 -1.000 3.690e-04 -3.766 0.947 -0.727 -2.602 -3.604 -4.388 -5.388 -6.154 -6.264
9.8116e-05 -2.19174 10.07918 0.8003705144 2.4188539982    0.743  3.292  3.6163  0.434    8  0.549  0.390    67.00    33.43  1 -7.42e-07      0.00 7.290e-01 2.706e-01 6.375e-05 5.931e-05 2.177e-04 -1.000 3.690e-04 -3.459 0.866 -0.680 -2.438 -3.366 -4.105 -5.059 -5.801 -5.905
9.8116e-05 -2.19174 10.07918 0.8003705740 2.4188539982    0.742  3.147  3.6295  0.632    8  0.549  0.390    43.78    23.13  1 -3.76e-07      0.00 7.290e-01 2.706e-01 6.375e-05 5.931e-05 2.177e-04 -1.000 3.690e-04 -3.097 0.612 -0.703 -2.277 -3.104 -3.779 -4.660 -5.354 -5.450
9.8116e-05 -2.19174 10.07918 0.8003706932 2.4188542366    0.741  2.925  3.6497  0.933    8  0.549  0.390    22.82    13.16  1 -1.27e-07      0.00 7.290e-01 2.706e-01 6.375e-05 5.931e-05 2.177e-04 -1.000 3.690e-04 -2.543 0.286 -0.652 -1.958 -2.658 -3.253 -4.039 -4.667 -4.754
9.8116e-05 -2.19174 10.07918 0.8003709316 2.4188542366    0.740  2.930  3.6492  0.926    8  0.549  0.390    23.21    13.34  1 -1.31e-07      0.00 7.290e-01 2.706e-01 6.375e-05 5.931e-05 2.177e-04 -1.000 3.690e-04 -2.555 0.294 -0.652 -1.965 -2.668 -3.265 -4.053 -4.683 -4.770
9.8116e-05 -2.19174 10.07918 0.8003711700 2.4188542366    0.738  2.999  3.6429  0.831    8  0.550  0.390    28.49    15.90  1 -1.86e-07      0.00 7.290e-01 2.706e-01 6.375e-05 5.931e-05 2.177e-04 -1.000 3.690e-04 -2.727 0.386 -0.677 -2.070 -2.810 -3.430 -4.247 -4.895 -4.985
9.8116e-05 -2.19174 10.07918 0.8003714681 2.4188544750    0.736  3.154  3.6287  0.618    8  0.550  0.390    45.15    23.64  1 -3.99e-07      0.00 7.290e-01 2.706e-01 6.375e-05 5.931e-05 2.177e-04 -1.000 3.690e-04 -3.115 0.634 -0.697 -2.283 -3.116 -3.795 -4.681 -5.377 -5.473
9.8116e-05 -2.19174 10.07918 0.8003717661 2.4188544750    0.734  3.296  3.6157  0.423    8  0.550  0.390    68.81    33.96  1 -7.85e-07      0.00 7.290e-01 2.706e-01 6.375e-05 5.931e-05 2.177e-04 -1.000 3.690e-04 -3.470 0.887 -0.670 -2.436 -3.371 -4.113 -5.071 -5.815 -5.919
9.8116e-05 -2.19174 10.07918 0.8003721833 2.4188547134    0.731  3.391  3.6070  0.291    8  0.551  0.390    91.48    43.33  1 -1.23e-06      0.00 7.290e-01 2.706e-01 6.375e-05 5.931e-05 2.177e-04 -1.000 3.690e-04 -3.708 1.063 -0.630 -2.518 -3.529 -4.320 -5.331 -6.107 -6.219
9.8116e-05 -2.19174 10.07918 0.8003726602 2.4188547134    0.728  3.444  3.6021  0.217    8  0.551  0.390   107.35    49.62  1 -1.58e-06      0.00 7.290e-01 2.706e-01 6.375e-05 5.931e-05 2.177e-04 -1.000 3.690e-04 -3.839 1.169 -0.597 -2.552 -3.610 -4.430 -5.474 -6.269 -6.385
9.8116e-05 -2.19174 10.07918 0.8003731370 2.4188549519    0.725  3.470  3.5996  0.178    8  0.552  0.390   116.82    53.21  1 -1.81e-06      0.00 7.290e-01 2.706e-01 6.375e-05 5.931e-05 2.177e-04 -1.000 3.690e-04 -3.906 1.226 -0.577 -2.568 -3.650 -4.485 -5.546 -6.351 -6.470
9.8116e-05 -2.19174 10.07918 0.8003736734 2.4188551903    0.721  3.487  3.5984  0.154    8  0.552  0.390   123.07    55.46  0 -1.99e-06      0.00 7.290e-01 2.706e-01 6.375e-05 5.931e-05 2.177e-04 -1.000 3.690e-04 -3.948 1.249 -0.575 -2.584 -3.679 -4.522 -5.591 -6.401 -6.521
9.8116e-05 -2.19174 10.07918 0.8003757596 2.4188559055    0.554 -9.999  4.0000  1.705    9  0.554  0.000     0.00     0.00 -1    -1e-30      0.00 7.290e-01 2.706e-01 6.375e-05 5.931e-05 2.177e-04 -1.000 3.690e-04 29.767 29.809 30.054 30.104 30.096 30.086 30.129 30.124 30.139
#isochrone terminated
