# File generated by CMD 3.3 (http://stev.oapd.inaf.it/cmd) on Tue Sep 15 20:48:51 CEST 2020
# isochrones based on PARSEC release v1.2S +  COLIBRI S_35
# Basic references: Bressan et al. (2012), MNRAS, 427, 127 + Chen et al. (2014, 2015), MNRAS, 444, 2525 + MNRAS, 452, 1068 + Tang et al. (2014), MNRAS, 445, 4287 + Marigo et al. (2017), ApJ, 835, 77 + Pastorelli al. (2019), MNRAS in press
# Thermal pulse cycles included 
# On RGB, assumed Reimers mass loss with efficiency eta=0.2
# Photometric system: WFIRST proposed filters, Vegamags
# Using YBC version of bolometric corrections as in Chen et al. (2019)
# O-rich circumstellar dpmod60alox40 dust from Groenewegen (2006)
# C-rich circumstellar AMCSIC15 dust from Groenewegen (2006)
# IMF: Kroupa (2001, 2002) + Kroupa et al. (2013) canonical two-part-power law IMF corrected for unresolved binaries 
# Kind of output: isochrone tables
# Zini     MH   logAge Mini        int_IMF         Mass   logL    logTe  logg  label   McoreTP C_O  period0 period1 pmode  Mloss  tau1m   X   Y   Xc  Xn  Xo  Cexcess  Z 	 mbolmag  R062mag  Z087mag  Y106mag  J129mag  H158mag  F184mag  W149mag
0.0152 0.01508 10.07918 0.0900000036 1.0816895962    0.090 -3.423  3.3626  5.217    1  0.000  0.545     0.00     0.00 -1 -3.91e-17      0.00 7.078e-01 2.769e-01 2.746e-03 7.408e-04 6.719e-03 -1.000 1.527e-02 13.326 16.386 12.970 11.837 11.194 10.767 10.657 11.207
0.0152 0.01508 10.07918 0.0994856358 1.1667953730    0.099 -3.249  3.3872  5.185    1  0.000  0.545     0.00     0.00 -1 -1.05e-19      0.00 7.073e-01 2.774e-01 2.746e-03 7.408e-04 6.719e-03 -1.000 1.527e-02 12.892 15.944 12.538 11.402 10.762 10.335 10.222 10.774
0.0152 0.01508 10.07918 0.1000000015 1.1711064577    0.100 -3.240  3.3885  5.184    1  0.000  0.545     0.00     0.00 -1 -7.51e-20      0.00 7.073e-01 2.775e-01 2.746e-03 7.408e-04 6.719e-03 -1.000 1.527e-02 12.870 15.921 12.515 11.380 10.739 10.313 10.200 10.752
0.0152 0.01508 10.07918 0.1030186787 1.1958388090    0.103 -3.197  3.3942  5.176    1  0.000  0.545     0.00     0.00 -1 -2.17e-19      0.00 7.071e-01 2.776e-01 2.746e-03 7.408e-04 6.719e-03 -1.000 1.527e-02 12.762 15.811 12.408 11.272 10.632 10.205 10.092 10.644
0.0152 0.01508 10.07918 0.1200000122 1.3193155527    0.120 -2.975  3.4234  5.137    1  0.000  0.545     0.00     0.00 -1 -1.04e-16      0.00 7.062e-01 2.785e-01 2.746e-03 7.408e-04 6.719e-03 -1.000 1.527e-02 12.207 15.084 11.811 10.717 10.087 9.662 9.540 10.096
0.0152 0.01508 10.07918 0.1400000006 1.4384527206    0.140 -2.791  3.4436  5.101    1  0.000  0.545     0.00     0.00 -1 -8.37e-18      0.00 7.053e-01 2.794e-01 2.746e-03 7.408e-04 6.719e-03 -1.000 1.527e-02 11.748 14.126 11.216 10.258 9.658 9.232 9.096 9.657
0.0152 0.01508 10.07918 0.1468191147 1.4741108418    0.147 -2.741  3.4484  5.091    1  0.000  0.545     0.00     0.00 -1 -2.17e-17      0.00 7.050e-01 2.797e-01 2.746e-03 7.408e-04 6.719e-03 -1.000 1.527e-02 11.621 13.891 11.059 10.132 9.539 9.113 8.974 9.536
0.0152 0.01508 10.07918 0.1599999964 1.5372931957    0.160 -2.649  3.4572  5.072    1  0.000  0.545     0.00     0.00 -1 -1.56e-16      0.00 7.045e-01 2.803e-01 2.746e-03 7.408e-04 6.719e-03 -1.000 1.527e-02 11.393 13.469 10.781 9.908 9.326 8.900 8.756 9.319
0.0152 0.01508 10.07918 0.2000000030 1.6938791275    0.200 -2.428  3.4760  5.023    1  0.000  0.545     0.00     0.00 -1 -2.71e-16      0.00 7.032e-01 2.815e-01 2.746e-03 7.408e-04 6.719e-03 -1.000 1.527e-02 10.840 12.554 10.139 9.366 8.808 8.380 8.229 8.793
0.0152 0.01508 10.07918 0.2304614335 1.7880508900    0.230 -2.292  3.4863  4.989    1  0.000  0.545     0.00     0.00 -1 -1.34e-17      0.00 7.026e-01 2.821e-01 2.746e-03 7.408e-04 6.719e-03 -1.000 1.527e-02 10.499 12.026 9.757 9.034 8.487 8.059 7.903 8.468
0.0152 0.01508 10.07918 0.2500000000 1.8403258324    0.250 -2.213  3.4922  4.970    1  0.000  0.545     0.00     0.00 -1 -2.19e-18      0.00 7.023e-01 2.825e-01 2.746e-03 7.408e-04 6.719e-03 -1.000 1.527e-02 10.303 11.733 9.541 8.844 8.303 7.874 7.716 8.282
0.0152 0.01508 10.07918 0.3000000119 1.9529139996    0.300 -2.047  3.5027  4.925    1  0.000  0.545     0.00     0.00 -1 -3.98e-19      0.00 7.021e-01 2.827e-01 2.746e-03 7.408e-04 6.719e-03 -1.000 1.527e-02 9.889 11.174 9.096 8.440 7.909 7.477 7.318 7.884
0.0152 0.01508 10.07918 0.3500000238 2.0434176922    0.350 -1.902  3.5115  4.882    1  0.000  0.545     0.00     0.00 -1 -1.97e-19      0.00 7.088e-01 2.759e-01 2.746e-03 7.408e-04 6.719e-03 -1.000 1.527e-02 9.526 10.701 8.711 8.086 7.563 7.128 6.966 7.534
0.0152 0.01508 10.07918 0.4000000358 2.1185026169    0.400 -1.758  3.5227  4.840    1  0.000  0.545     0.00     0.00 -1 -1.32e-15      0.00 7.091e-01 2.756e-01 2.746e-03 7.408e-04 6.719e-03 -1.000 1.527e-02 9.164 10.210 8.327 7.738 7.224 6.784 6.617 7.189
0.0152 0.01508 10.07918 0.4500000477 2.1822810173    0.450 -1.606  3.5352  4.790    1  0.000  0.545     0.00     0.00 -1 -1.87e-15      0.00 7.091e-01 2.756e-01 2.746e-03 7.408e-04 6.719e-03 -1.000 1.527e-02 8.786 9.706 7.931 7.379 6.874 6.427 6.252 6.830
0.0152 0.01508 10.07918 0.5000000000 2.2374541759    0.500 -1.446  3.5509  4.738    1  0.000  0.545     0.00     0.00 -1 -2.72e-15      0.00 7.092e-01 2.755e-01 2.746e-03 7.408e-04 6.719e-03 -1.000 1.527e-02 8.385 9.160 7.513 7.003 6.508 6.052 5.867 6.455
0.0152 0.01508 10.07918 0.5084672570 2.2460160255    0.508 -1.414  3.5545  4.728    1  0.000  0.545     0.00     0.00 -1 -2.94e-15      0.00 7.138e-01 2.711e-01 2.705e-03 7.298e-04 6.619e-03 -1.000 1.504e-02 8.305 9.047 7.430 6.929 6.437 5.979 5.791 6.382
0.0152 0.01508 10.07918 0.5500000119 2.2836582661    0.550 -1.263  3.5716  4.680    1  0.000  0.545     0.00     0.00 -1 -4.22e-15      0.00 7.362e-01 2.499e-01 2.508e-03 6.768e-04 6.140e-03 -1.000 1.392e-02 7.928 8.516 7.044 6.586 6.104 5.636 5.438 6.038
0.0152 0.01508 10.07918 0.5800381899 2.3070545197    0.580 -1.154  3.5874  4.657    1  0.000  0.544     0.00     0.00 -1 -5.43e-15      0.00 7.386e-01 2.476e-01 2.488e-03 6.715e-04 6.093e-03 -1.000 1.383e-02 7.656 8.113 6.769 6.346 5.871 5.394 5.192 5.798
0.0152 0.01508 10.07918 0.6000000238 2.3211214542    0.600 -1.085  3.5974  4.642    1  0.000  0.544     0.00     0.00 -1 -6.36e-15      0.00 7.401e-01 2.461e-01 2.475e-03 6.682e-04 6.064e-03 -1.000 1.378e-02 7.482 7.868 6.597 6.192 5.721 5.238 5.037 5.644
0.0152 0.01508 10.07918 0.6499999762 2.3520355225    0.650 -0.901  3.6292  4.620    1  0.000  0.544     0.00     0.00 -1 -9.59e-15      0.00 7.437e-01 2.427e-01 2.446e-03 6.605e-04 5.995e-03 -1.000 1.365e-02 7.022 7.199 6.142 5.790 5.332 4.854 4.670 5.258
0.0152 0.01508 10.07918 0.7000000477 2.3779268265    0.700 -0.719  3.6612  4.599    1  0.000  0.544     0.00     0.00 -1 -1.44e-14      0.00 7.471e-01 2.394e-01 2.418e-03 6.532e-04 5.929e-03 -1.000 1.350e-02 6.569 6.558 5.699 5.398 4.974 4.544 4.387 4.920
0.0152 0.01508 10.07918 0.7142652869 2.3845536709    0.714 -0.668  3.6700  4.592    1  0.000  0.542     0.00     0.00 -1 -1.62e-14      0.00 7.482e-01 2.383e-01 2.400e-03 6.505e-04 5.908e-03 -1.000 1.347e-02 6.440 6.389 5.571 5.285 4.875 4.464 4.315 4.828
0.0152 0.01508 10.07918 0.7340333462 2.3932492733    0.734 -0.597  3.6818  4.580    1  0.000  0.539     0.00     0.00 -1  -1.9e-14      0.00 7.498e-01 2.369e-01 2.374e-03 6.467e-04 5.877e-03 -1.000 1.335e-02 6.262 6.164 5.396 5.129 4.740 4.358 4.221 4.703
0.0152 0.01508 10.07918 0.7500000000 2.3998889923    0.750 -0.540  3.6911  4.569    1  0.000  0.536     0.00     0.00 -1 -2.17e-14      0.00 7.510e-01 2.357e-01 2.354e-03 6.437e-04 5.853e-03 -1.000 1.330e-02 6.119 5.990 5.258 5.004 4.630 4.267 4.139 4.600
0.0152 0.01508 10.07918 0.7561026812 2.4023418427    0.756 -0.518  3.6941  4.563    1  0.000  0.536     0.00     0.00 -1 -2.29e-14      0.00 7.516e-01 2.351e-01 2.349e-03 6.423e-04 5.840e-03 -1.000 1.327e-02 6.066 5.927 5.207 4.958 4.588 4.232 4.106 4.560
0.0152 0.01508 10.07918 0.7720695138 2.4085488319    0.772 -0.462  3.7018  4.547    1  0.000  0.536     0.00     0.00 -1 -2.62e-14      0.00 7.533e-01 2.335e-01 2.335e-03 6.386e-04 5.807e-03 -1.000 1.319e-02 5.925 5.765 5.072 4.835 4.478 4.138 4.019 4.455
0.0152 0.01508 10.07918 0.7869188190 2.4140622616    0.787 -0.410  3.7089  4.531    1  0.000  0.536     0.00     0.00 -1 -2.99e-14      0.00 7.548e-01 2.320e-01 2.323e-03 6.353e-04 5.778e-03 -1.000 1.315e-02 5.794 5.616 4.947 4.720 4.375 4.050 3.937 4.356
0.0152 0.01508 10.07918 0.8000000119 2.4187245369    0.800 -0.363  3.7150  4.516    1  0.000  0.536     0.00     0.00 -1 -3.35e-14      0.00 7.561e-01 2.308e-01 2.312e-03 6.324e-04 5.752e-03 -1.000 1.310e-02 5.677 5.486 4.837 4.619 4.283 3.970 3.862 4.268
0.0152 0.01508 10.07918 0.8039833307 2.4201097488    0.804 -0.349  3.7167  4.511    1  0.000  0.536     0.00     0.00 -1 -3.48e-14      0.00 7.566e-01 2.303e-01 2.308e-03 6.314e-04 5.742e-03 -1.000 1.308e-02 5.642 5.447 4.803 4.588 4.255 3.945 3.838 4.240
0.0152 0.01508 10.07918 0.8180654049 2.4248824120    0.817 -0.298  3.7228  4.491    1  0.000  0.536     0.00     0.00 -1 -3.97e-14      0.00 7.583e-01 2.287e-01 2.294e-03 6.276e-04 5.709e-03 -1.000 1.299e-02 5.514 5.307 4.682 4.476 4.152 3.853 3.752 4.140
0.0152 0.01508 10.07918 0.8315222859 2.4292697906    0.831 -0.248  3.7284  4.471    1  0.000  0.536     0.00     0.00 -1 -4.51e-14      0.00 7.599e-01 2.272e-01 2.281e-03 6.241e-04 5.678e-03 -1.000 1.295e-02 5.390 5.174 4.565 4.366 4.052 3.763 3.667 4.042
0.0152 0.01508 10.07918 0.8441532850 2.4332420826    0.843 -0.201  3.7335  4.451    1  0.000  0.536     0.00     0.00 -1 -8.09e-15      0.00 7.614e-01 2.258e-01 2.270e-03 6.210e-04 5.650e-03 -1.000 1.285e-02 5.272 5.048 4.455 4.263 3.956 3.676 3.584 3.949
0.0152 0.01508 10.07918 0.8500000238 2.4350347519    0.849 -0.179  3.7357  4.441    1  0.000  0.536     0.00     0.00 -1 -5.42e-14      0.00 7.620e-01 2.251e-01 2.264e-03 6.195e-04 5.637e-03 -1.000 1.281e-02 5.216 4.989 4.403 4.214 3.911 3.635 3.545 3.904
0.0152 0.01508 10.07918 0.8556344509 2.4367358685    0.855 -0.157  3.7378  4.430    1  0.000  0.536     0.00     0.00 -1 -5.75e-14      0.00 7.628e-01 2.244e-01 2.258e-03 6.178e-04 5.621e-03 -1.000 1.277e-02 5.162 4.932 4.352 4.166 3.866 3.593 3.505 3.860
0.0152 0.01508 10.07918 0.8684542179 2.4405117035    0.867 -0.106  3.7422  4.403    1  0.000  0.535     0.00     0.00 -1 -6.61e-14      0.00 7.646e-01 2.227e-01 2.243e-03 6.140e-04 5.587e-03 -1.000 1.272e-02 5.035 4.800 4.233 4.053 3.760 3.495 3.410 3.756
0.0152 0.01508 10.07918 0.8803517222 2.4439032078    0.879 -0.058  3.7460  4.376    1  0.000  0.535     0.00     0.00 -1 -7.57e-14      0.00 7.662e-01 2.212e-01 2.230e-03 6.105e-04 5.556e-03 -1.000 1.266e-02 4.915 4.677 4.121 3.946 3.657 3.398 3.317 3.655
0.0152 0.01508 10.07918 0.8921776414 2.4471712112    0.891 -0.010  3.7493  4.346    1  0.000  0.535     0.00     0.00 -1 -8.69e-14      0.00 7.676e-01 2.198e-01 2.219e-03 6.075e-04 5.529e-03 -1.000 1.258e-02 4.794 4.554 4.007 3.836 3.552 3.298 3.220 3.551
0.0152 0.01508 10.07918 0.9000000358 2.4492788315    0.899  0.022  3.7511  4.325    1  0.000  0.535     0.00     0.00 -1 -9.54e-14      0.00 7.684e-01 2.191e-01 2.213e-03 6.058e-04 5.515e-03 -1.000 1.253e-02 4.714 4.472 3.931 3.762 3.481 3.230 3.153 3.481
0.0152 0.01508 10.07918 0.9028632641 2.4500396252    0.902  0.034  3.7517  4.318    1  0.000  0.535     0.00     0.00 -1 -9.87e-14      0.00 7.688e-01 2.187e-01 2.210e-03 6.050e-04 5.507e-03 -1.000 1.250e-02 4.684 4.443 3.903 3.735 3.455 3.204 3.128 3.454
0.0152 0.01508 10.07918 0.9145307541 2.4530837536    0.913  0.085  3.7538  4.281    1  0.000  0.535     0.00     0.00 -1 -1.15e-13      0.00 7.690e-01 2.185e-01 2.209e-03 6.048e-04 5.505e-03 -1.000 1.250e-02 4.557 4.314 3.780 3.614 3.338 3.091 3.016 3.338
0.0152 0.01508 10.07918 0.9162151814 2.4535160065    0.915  0.093  3.7541  4.275    1  0.000  0.535     0.00     0.00 -1 -1.18e-13      0.00 7.689e-01 2.186e-01 2.210e-03 6.051e-04 5.508e-03 -1.000 1.251e-02 4.538 4.295 3.762 3.596 3.320 3.073 2.999 3.320
0.0152 0.01508 10.07918 0.9239143133 2.4554679394    0.923  0.129  3.7549  4.245    1  0.000  0.535     0.00     0.00 -1 -1.32e-13      0.00 7.679e-01 2.195e-01 2.220e-03 6.077e-04 5.532e-03 -1.000 1.259e-02 4.447 4.204 3.673 3.509 3.233 2.988 2.914 3.234
0.0152 0.01508 10.07918 0.9312403202 2.4572911263    0.930  0.165  3.7551  4.214    1  0.000  0.535     0.00     0.00 -1 -1.48e-13      0.00 7.668e-01 2.206e-01 2.231e-03 6.109e-04 5.561e-03 -1.000 1.265e-02 4.358 4.115 3.585 3.421 3.146 2.901 2.827 3.146
0.0152 0.01508 10.07918 0.9396756887 2.4593498707    0.938  0.207  3.7544  4.172    1  0.000  0.535     0.00     0.00 -1  -1.7e-13      0.00 7.644e-01 2.228e-01 2.256e-03 6.176e-04 5.623e-03 -1.000 1.280e-02 4.251 4.009 3.478 3.312 3.036 2.790 2.715 3.036
0.0152 0.01508 10.07918 0.9442663193 2.4604523182    0.943  0.231  3.7534  4.147    1  0.000  0.535     0.00     0.00 -1 -1.85e-13      0.00 7.628e-01 2.243e-01 2.271e-03 6.219e-04 5.662e-03 -1.000 1.289e-02 4.192 3.950 3.417 3.250 2.972 2.724 2.649 2.972
0.0152 0.01508 10.07918 0.9474213719 2.4612030983    0.946  0.248  3.7518  4.125    1  0.000  0.535     0.00     0.00 -1 -1.71e-13      0.00 7.601e-01 2.269e-01 2.297e-03 6.289e-04 5.726e-03 -1.000 1.302e-02 4.150 3.910 3.371 3.202 2.922 2.672 2.596 2.922
0.0152 0.01508 10.07918 0.9500000477 2.4618122578    0.949  0.262  3.7504  4.107    2  0.000  0.535     0.00     0.00 -1 -2.07e-13      0.00 7.575e-01 2.293e-01 2.320e-03 6.353e-04 5.784e-03 -1.000 1.313e-02 4.116 3.876 3.334 3.164 2.881 2.629 2.551 2.881
0.0152 0.01508 10.07918 0.9524286985 2.4623827934    0.951  0.275  3.7490  4.090    2  0.000  0.535     0.00     0.00 -1 -2.17e-13      0.00 7.552e-01 2.316e-01 2.342e-03 6.414e-04 5.840e-03 -1.000 1.324e-02 4.083 3.845 3.299 3.127 2.842 2.587 2.509 2.841
0.0152 0.01508 10.07918 0.9589638710 2.4639010429    0.958  0.307  3.7406  4.027    2  0.000  0.535     0.00     0.00 -1 -2.51e-13      0.00 7.458e-01 2.404e-01 2.422e-03 6.632e-04 6.035e-03 -1.000 1.374e-02 4.003 3.773 3.205 3.022 2.724 2.455 2.370 2.720
0.0152 0.01508 10.07918 0.9624754190 2.4647071362    0.961  0.318  3.7314  3.980    2  0.000  0.536     0.00     0.00 -1 -2.72e-13      0.00 7.391e-01 2.468e-01 2.476e-03 6.775e-04 6.163e-03 -1.000 1.404e-02 3.975 3.757 3.164 2.968 2.656 2.371 2.277 2.648
0.0152 0.01508 10.07918 0.9646534920 2.4652035236    0.963  0.323  3.7227  3.942    2  0.000  0.536     0.00     0.00 -1 -2.87e-13      0.00 7.343e-01 2.515e-01 2.513e-03 6.875e-04 6.252e-03 -1.000 1.421e-02 3.964 3.761 3.142 2.934 2.608 2.307 2.206 2.596
0.0152 0.01508 10.07918 0.9664869905 2.4656195641    0.965  0.330  3.7134  3.899    2  0.000  0.536     0.00     0.00 -1 -3.06e-13      0.00 7.301e-01 2.555e-01 2.545e-03 6.959e-04 6.327e-03 -1.000 1.439e-02 3.946 3.761 3.116 2.893 2.552 2.233 2.123 2.535
0.0152 0.01508 10.07918 0.9682446718 2.4660167694    0.967  0.350  3.7046  3.843    2  0.000  0.537     0.00     0.00 -1 -3.41e-13      0.00 7.260e-01 2.595e-01 2.574e-03 7.036e-04 6.395e-03 -1.000 1.456e-02 3.895 3.731 3.058 2.822 2.465 2.129 2.011 2.444
0.0152 0.01508 10.07918 0.9697829485 2.4663629532    0.968  0.384  3.6980  3.784    2  0.000  0.537     0.00     0.00 -1 -3.93e-13      0.00 7.222e-01 2.631e-01 2.597e-03 7.097e-04 6.450e-03 -1.000 1.467e-02 3.810 3.664 2.969 2.723 2.356 2.006 1.882 2.330
0.0152 0.01508 10.07918 0.9703857303 2.4664981365    0.969  0.401  3.6958  3.759    2  0.000  0.537     0.00     0.00 -1 -4.21e-13      0.00 7.208e-01 2.645e-01 2.605e-03 7.120e-04 6.470e-03 -1.000 1.470e-02 3.768 3.628 2.926 2.676 2.305 1.951 1.825 2.278
0.0152 0.01508 10.07918 0.9710058570 2.4666371346    0.970  0.425  3.6942  3.729    2  0.000  0.537     0.00     0.00 -1  -4.6e-13      0.00 7.192e-01 2.661e-01 2.612e-03 7.139e-04 6.487e-03 -1.000 1.473e-02 3.709 3.573 2.866 2.614 2.240 1.882 1.754 2.211
0.0152 0.01508 10.07918 0.9720433950 2.4668693542    0.971  0.468  3.6918  3.676    3  0.000  0.537     0.00     0.00 -1 -5.38e-13      0.00 7.163e-01 2.689e-01 2.622e-03 7.172e-04 6.515e-03 -1.000 1.479e-02 3.601 3.472 2.757 2.501 2.123 1.760 1.630 2.093
0.0152 0.01508 10.07918 0.9731271863 2.4671111107    0.972  0.520  3.6899  3.617    3  0.000  0.535     0.00     0.00 -1 -6.49e-13      0.00 7.130e-01 2.722e-01 2.625e-03 7.219e-04 6.539e-03 -1.000 1.486e-02 3.471 3.348 2.627 2.368 1.986 1.619 1.487 1.955
0.0152 0.01508 10.07918 0.9740041494 2.4673063755    0.972  0.567  3.6886  3.565    3  0.000  0.531     0.00     0.00 -1 -7.67e-13      0.00 7.100e-01 2.751e-01 2.612e-03 7.340e-04 6.556e-03 -1.000 1.489e-02 3.353 3.235 2.510 2.248 1.864 1.494 1.361 1.832
0.0152 0.01508 10.07918 0.9747392535 2.4674696922    0.973  0.609  3.6875  3.519    3  0.000  0.524     0.00     0.00 -1 -8.92e-13      0.00 7.073e-01 2.778e-01 2.583e-03 7.603e-04 6.568e-03 -1.000 1.494e-02 3.247 3.132 2.404 2.140 1.755 1.382 1.247 1.721
0.0152 0.01508 10.07918 0.9754413366 2.4676256180    0.974  0.653  3.6865  3.471    3  0.000  0.514     0.00     0.00 -1 -1.04e-12      0.00 7.048e-01 2.803e-01 2.538e-03 8.088e-04 6.578e-03 -1.000 1.497e-02 3.137 3.025 2.294 2.028 1.641 1.267 1.131 1.607
0.0152 0.01508 10.07918 0.9760998487 2.4677712917    0.974  0.698  3.6856  3.423    3  0.000  0.503     0.00     0.00 -1 -1.22e-12      0.00 7.024e-01 2.826e-01 2.485e-03 8.728e-04 6.587e-03 -1.000 1.502e-02 3.026 2.917 2.182 1.915 1.526 1.150 1.013 1.492
0.0152 0.01508 10.07918 0.9767153263 2.4679074287    0.975  0.743  3.6845  3.374    3  0.000  0.493     0.00     0.00 -1 -1.43e-12      0.00 7.004e-01 2.846e-01 2.438e-03 9.318e-04 6.593e-03 -1.000 1.503e-02 2.913 2.807 2.069 1.800 1.409 1.031 0.893 1.374
0.0152 0.01508 10.07918 0.9772428870 2.4680240154    0.976  0.785  3.6835  3.329    3  0.000  0.486     0.00     0.00 -1 -1.66e-12      0.00 6.988e-01 2.862e-01 2.403e-03 9.775e-04 6.598e-03 -1.000 1.505e-02 2.808 2.706 1.964 1.694 1.301 0.921 0.782 1.265
0.0152 0.01508 10.07918 0.9777841568 2.4681434631    0.976  0.831  3.6823  3.278    3  0.000  0.479     0.00     0.00 -1 -1.96e-12      0.00 6.973e-01 2.876e-01 2.373e-03 1.016e-03 6.602e-03 -1.000 1.506e-02 2.693 2.595 1.848 1.576 1.181 0.799 0.658 1.144
0.0152 0.01508 10.07918 0.9782469273 2.4682452679    0.976  0.874  3.6811  3.230    3  0.000  0.475     0.00     0.00 -1 -2.29e-12      0.00 6.964e-01 2.886e-01 2.355e-03 1.040e-03 6.605e-03 -1.000 1.506e-02 2.585 2.491 1.740 1.466 1.069 0.684 0.542 1.031
0.0152 0.01508 10.07918 0.9786753654 2.4683396816    0.977  0.917  3.6798  3.182    3  0.000  0.472     0.00     0.00 -1 -2.67e-12      0.00 6.955e-01 2.894e-01 2.339e-03 1.061e-03 6.607e-03 -1.000 1.506e-02 2.478 2.387 1.633 1.356 0.957 0.569 0.426 0.918
0.0152 0.01508 10.07918 0.9790526032 2.4684226513    0.977  0.958  3.6785  3.136    3  0.000  0.470     0.00     0.00 -1 -3.09e-12      0.00 6.949e-01 2.900e-01 2.328e-03 1.075e-03 6.609e-03 -1.000 1.505e-02 2.375 2.290 1.530 1.251 0.849 0.459 0.314 0.810
0.0152 0.01508 10.07918 0.9794050455 2.4684998989    0.978  1.000  3.6770  3.089    3  0.000  0.468     0.00     0.00 -1 -3.59e-12      0.00 6.945e-01 2.905e-01 2.321e-03 1.084e-03 6.610e-03 -1.000 1.504e-02 2.271 2.191 1.427 1.145 0.740 0.347 0.200 0.700
0.0152 0.01508 10.07918 0.9797353745 2.4685723782    0.978  1.041  3.6755  3.041    3  0.000  0.467     0.00     0.00 -1 -4.18e-12      0.00 6.942e-01 2.908e-01 2.316e-03 1.091e-03 6.610e-03 -1.000 1.505e-02 2.167 2.092 1.322 1.037 0.630 0.234 0.085 0.589
0.0152 0.01508 10.07918 0.9800425172 2.4686398506    0.978  1.084  3.6739  2.992    3  0.000  0.466     0.00     0.00 -1 -4.87e-12      0.00 6.940e-01 2.909e-01 2.313e-03 1.095e-03 6.611e-03 -1.000 1.504e-02 2.061 1.992 1.216 0.929 0.518 0.118 -0.032 0.476
0.0152 0.01508 10.07918 0.9803110361 2.4686987400    0.978  1.124  3.6723  2.946    3  0.000  0.466     0.00     0.00 -1 -5.63e-12      0.00 6.940e-01 2.910e-01 2.312e-03 1.096e-03 6.611e-03 -1.000 1.505e-02 1.961 1.898 1.116 0.826 0.413 0.010 -0.143 0.369
0.0152 0.01508 10.07918 0.9805604815 2.4687533379    0.978  1.164  3.6707  2.899    3  0.000  0.466     0.00     0.00 -1 -6.51e-12      0.00 6.940e-01 2.910e-01 2.312e-03 1.097e-03 6.612e-03 -1.000 1.505e-02 1.860 1.803 1.016 0.723 0.307 -0.100 -0.254 0.262
0.0152 0.01508 10.07918 0.9808586240 2.4688186646    0.979  1.216  3.6684  2.838    3  0.000  0.466     0.00     0.00 -1 -7.88e-12      0.00 6.939e-01 2.910e-01 2.312e-03 1.097e-03 6.612e-03 -1.000 1.505e-02 1.729 1.681 0.886 0.589 0.168 -0.243 -0.400 0.122
0.0152 0.01508 10.07918 0.9810668230 2.4688642025    0.979  1.256  3.6666  2.792    3  0.000  0.466     0.00     0.00 -1  -9.1e-12      0.00 6.939e-01 2.910e-01 2.311e-03 1.097e-03 6.612e-03 -1.000 1.505e-02 1.631 1.590 0.788 0.487 0.064 -0.351 -0.510 0.016
0.0152 0.01508 10.07918 0.9813162088 2.4689188004    0.979  1.307  3.6643  2.731    3  0.000  0.466     0.00     0.00 -1  -1.1e-11      0.00 6.939e-01 2.910e-01 2.311e-03 1.098e-03 6.612e-03 -1.000 1.506e-02 1.502 1.471 0.660 0.356 -0.072 -0.492 -0.654 -0.122
0.0152 0.01508 10.07918 0.9815433621 2.4689683914    0.979  1.358  3.6618  2.670    3  0.000  0.466     0.00     0.00 -1 -1.32e-11      0.00 6.939e-01 2.910e-01 2.311e-03 1.098e-03 6.612e-03 -1.000 1.506e-02 1.376 1.355 0.535 0.226 -0.206 -0.631 -0.797 -0.258
0.0152 0.01508 10.07918 0.9817547798 2.4690146446    0.979  1.407  3.6594  2.611    3  0.000  0.466     0.00     0.00 -1 -1.59e-11      0.00 6.939e-01 2.910e-01 2.311e-03 1.099e-03 6.612e-03 -1.000 1.506e-02 1.253 1.241 0.413 0.099 -0.337 -0.768 -0.936 -0.391
0.0152 0.01508 10.07918 0.9819713831 2.4690618515    0.979  1.454  3.6570  2.555    3  0.000  0.466     0.00     0.00 -1 -1.89e-11      0.00 6.939e-01 2.911e-01 2.310e-03 1.099e-03 6.612e-03 -1.000 1.506e-02 1.136 1.135 0.297 -0.021 -0.462 -0.898 -1.069 -0.518
0.0152 0.01508 10.07918 0.9821832776 2.4691081047    0.979  1.485  3.6555  2.518    3  0.000  0.466     0.00     0.00 -1 -2.12e-11      0.00 6.939e-01 2.911e-01 2.310e-03 1.099e-03 6.612e-03 -1.000 1.506e-02 1.058 1.064 0.220 -0.101 -0.544 -0.983 -1.156 -0.601
0.0152 0.01508 10.07918 0.9823157191 2.4691369534    0.979  1.462  3.6570  2.547    3  0.000  0.466     0.00     0.00 -1 -1.97e-11      0.00 6.939e-01 2.911e-01 2.310e-03 1.099e-03 6.612e-03 -1.000 1.506e-02 1.114 1.113 0.276 -0.042 -0.483 -0.918 -1.089 -0.539
0.0152 0.01508 10.07918 0.9824385643 2.4691636562    0.979  1.425  3.6595  2.594    3  0.000  0.466     0.00     0.00 -1 -1.72e-11      0.00 6.939e-01 2.911e-01 2.310e-03 1.100e-03 6.613e-03 -1.000 1.506e-02 1.208 1.196 0.368 0.054 -0.382 -0.812 -0.980 -0.436
0.0152 0.01508 10.07918 0.9824664593 2.4691698551    0.979  1.416  3.6600  2.605    3  0.000  0.466     0.00     0.00 -1 -1.66e-11      0.00 6.939e-01 2.911e-01 2.310e-03 1.100e-03 6.613e-03 -1.000 1.506e-02 1.230 1.216 0.390 0.077 -0.358 -0.787 -0.954 -0.411
0.0152 0.01508 10.07918 0.9826248884 2.4692044258    0.979  1.465  3.6574  2.546    3  0.000  0.466     0.00     0.00 -1 -1.96e-11      0.00 6.939e-01 2.911e-01 2.310e-03 1.100e-03 6.613e-03 -1.000 1.506e-02 1.109 1.106 0.270 -0.047 -0.487 -0.922 -1.093 -0.543
0.0152 0.01508 10.07918 0.9827830791 2.4692387581    0.979  1.513  3.6548  2.487    3  0.000  0.466     0.00     0.00 -1 -2.34e-11      0.00 6.939e-01 2.911e-01 2.309e-03 1.100e-03 6.613e-03 -1.000 1.506e-02 0.987 0.996 0.150 -0.172 -0.617 -1.057 -1.231 -0.675
0.0152 0.01508 10.07918 0.9829339981 2.4692716599    0.979  1.562  3.6520  2.427    3  0.000  0.466     0.00     0.00 -1 -2.81e-11      0.00 6.938e-01 2.911e-01 2.309e-03 1.100e-03 6.613e-03 -1.000 1.506e-02 0.864 0.885 0.028 -0.299 -0.749 -1.195 -1.373 -0.809
0.0152 0.01508 10.07918 0.9830731153 2.4693019390    0.979  1.611  3.6492  2.366    3  0.000  0.466     0.00     0.00 -1 -3.37e-11      0.00 6.938e-01 2.911e-01 2.309e-03 1.101e-03 6.613e-03 -1.000 1.506e-02 0.742 0.776 -0.094 -0.426 -0.881 -1.333 -1.514 -0.943
0.0152 0.01508 10.07918 0.9831982255 2.4693291187    0.979  1.659  3.6464  2.308    3  0.000  0.466     0.00     0.00 -1 -4.02e-11      0.00 6.938e-01 2.911e-01 2.309e-03 1.101e-03 6.613e-03 -1.000 1.506e-02 0.622 0.670 -0.212 -0.549 -1.009 -1.466 -1.652 -1.074
0.0152 0.01508 10.07918 0.9833133221 2.4693543911    0.979  1.707  3.6436  2.248    3  0.000  0.466     0.00     0.00 -1 -4.81e-11      0.00 6.938e-01 2.911e-01 2.309e-03 1.101e-03 6.613e-03 -1.000 1.506e-02 0.503 0.565 -0.330 -0.672 -1.138 -1.601 -1.790 -1.205
0.0152 0.01508 10.07918 0.9834184647 2.4693770409    0.979  1.755  3.6407  2.189    3  0.000  0.465     0.00     0.00 -1 -5.74e-11      0.00 6.938e-01 2.911e-01 2.309e-03 1.101e-03 6.613e-03 -1.000 1.506e-02 0.384 0.460 -0.448 -0.795 -1.266 -1.735 -1.928 -1.336
0.0152 0.01508 10.07918 0.9835134745 2.4693977833    0.979  1.802  3.6378  2.130    3  0.000  0.465     0.00     0.00 -1 -6.85e-11      0.00 6.938e-01 2.911e-01 2.309e-03 1.101e-03 6.613e-03 -1.000 1.506e-02 0.266 0.359 -0.563 -0.916 -1.393 -1.868 -2.065 -1.465
0.0152 0.01508 10.07918 0.9835984707 2.4694163799    0.979  1.847  3.6349  2.073    3  0.000  0.465     0.00     0.00 -1 -8.13e-11      0.00 6.938e-01 2.911e-01 2.309e-03 1.102e-03 6.613e-03 -1.000 1.506e-02 0.152 0.261 -0.675 -1.034 -1.516 -1.997 -2.198 -1.591
0.0152 0.01508 10.07918 0.9836776853 2.4694335461    0.978  1.893  3.6319  2.015    3  0.000  0.465     0.00     0.00 -1 -9.67e-11      0.00 6.938e-01 2.911e-01 2.308e-03 1.102e-03 6.613e-03 -1.000 1.506e-02 0.037 0.163 -0.788 -1.152 -1.640 -2.128 -2.334 -1.718
0.0152 0.01508 10.07918 0.9837498069 2.4694492817    0.978  1.939  3.6289  1.957    3  0.000  0.465     0.00     0.00 -1 -1.15e-10      0.00 6.938e-01 2.911e-01 2.308e-03 1.102e-03 6.613e-03 -1.000 1.506e-02 -0.078 0.067 -0.897 -1.268 -1.762 -2.253 -2.462 -1.840
0.0152 0.01508 10.07918 0.9838142991 2.4694631100    0.978  1.984  3.6259  1.900    3  0.000  0.465     0.00     0.00 -1 -1.36e-10      0.00 6.938e-01 2.911e-01 2.308e-03 1.102e-03 6.613e-03 -1.000 1.506e-02 -0.189 -0.026 -1.003 -1.381 -1.879 -2.373 -2.586 -1.959
0.0152 0.01508 10.07918 0.9838742614 2.4694762230    0.977  2.029  3.6229  1.843    3  0.000  0.465     0.00     0.00 -1 -1.61e-10      0.00 6.938e-01 2.911e-01 2.308e-03 1.102e-03 6.613e-03 -1.000 1.506e-02 -0.302 -0.120 -1.110 -1.495 -1.998 -2.495 -2.711 -2.078
0.0152 0.01508 10.07918 0.9839278460 2.4694879055    0.977  2.073  3.6199  1.787    3  0.000  0.465     0.00     0.00 -1  -1.9e-10      0.00 6.938e-01 2.911e-01 2.308e-03 1.102e-03 6.613e-03 -1.000 1.506e-02 -0.412 -0.211 -1.214 -1.605 -2.114 -2.614 -2.833 -2.195
0.0152 0.01508 10.07918 0.9839775562 2.4694986343    0.977  2.117  3.6168  1.730    3  0.000  0.465     0.00     0.00 -1 -2.25e-10      0.00 6.938e-01 2.911e-01 2.308e-03 1.102e-03 6.613e-03 -1.000 1.506e-02 -0.522 -0.300 -1.317 -1.716 -2.230 -2.733 -2.956 -2.312
0.0152 0.01508 10.07918 0.9840232134 2.4695086479    0.976  2.161  3.6136  1.673    3  0.000  0.465     0.00     0.00 -1 -2.65e-10      0.00 6.938e-01 2.911e-01 2.308e-03 1.102e-03 6.613e-03 -1.000 1.506e-02 -0.632 -0.388 -1.420 -1.826 -2.346 -2.852 -3.078 -2.429
0.0152 0.01508 10.07918 0.9840636849 2.4695174694    0.976  2.203  3.6106  1.619    3  0.000  0.465     0.00     0.00 -1 -3.12e-10      0.00 6.938e-01 2.911e-01 2.308e-03 1.102e-03 6.613e-03 -1.000 1.506e-02 -0.737 -0.473 -1.517 -1.931 -2.457 -2.966 -3.196 -2.541
0.0152 0.01508 10.07918 0.9841023088 2.4695258141    0.975  2.246  3.6074  1.563    3  0.000  0.465     0.00     0.00 -1 -3.68e-10      0.00 6.938e-01 2.911e-01 2.308e-03 1.102e-03 6.613e-03 -1.000 1.506e-02 -0.845 -0.557 -1.618 -2.040 -2.571 -3.084 -3.317 -2.656
0.0152 0.01508 10.07918 0.9841368794 2.4695332050    0.975  2.288  3.6043  1.508    3  0.000  0.465     0.00     0.00 -1 -4.31e-10      0.00 6.938e-01 2.911e-01 2.308e-03 1.102e-03 6.613e-03 -1.000 1.506e-02 -0.950 -0.638 -1.714 -2.145 -2.682 -3.198 -3.435 -2.768
0.0152 0.01508 10.07918 0.9841687083 2.4695401192    0.974  2.330  3.6011  1.453    3  0.000  0.465     0.00     0.00 -1 -5.06e-10      0.00 6.938e-01 2.911e-01 2.308e-03 1.102e-03 6.613e-03 -1.000 1.506e-02 -1.054 -0.716 -1.813 -2.251 -2.794 -3.316 -3.558 -2.883
0.0152 0.01508 10.07918 0.9841982126 2.4695465565    0.973  2.371  3.5979  1.399    3  0.000  0.465     0.00     0.00 -1 -5.93e-10      0.00 6.938e-01 2.911e-01 2.308e-03 1.103e-03 6.613e-03 -1.000 1.506e-02 -1.158 -0.789 -1.912 -2.358 -2.907 -3.434 -3.681 -2.998
0.0152 0.01508 10.07918 0.9842249155 2.4695525169    0.973  2.412  3.5947  1.345    3  0.000  0.465     0.00     0.00 -1 -6.93e-10      0.00 6.938e-01 2.912e-01 2.308e-03 1.103e-03 6.613e-03 -1.000 1.506e-02 -1.259 -0.857 -2.008 -2.462 -3.017 -3.550 -3.802 -3.112
0.0152 0.01508 10.07918 0.9842495918 2.4695577621    0.972  2.452  3.5915  1.292    3  0.000  0.465     0.00     0.00 -1 -8.08e-10      0.00 6.938e-01 2.912e-01 2.308e-03 1.103e-03 6.613e-03 -1.000 1.506e-02 -1.360 -0.925 -2.104 -2.566 -3.126 -3.666 -3.923 -3.224
0.0152 0.01508 10.07918 0.9842727780 2.4695627689    0.971  2.492  3.5882  1.237    3  0.000  0.465     0.00     0.00 -1 -9.45e-10      0.00 6.938e-01 2.912e-01 2.308e-03 1.103e-03 6.613e-03 -1.000 1.506e-02 -1.461 -0.988 -2.199 -2.670 -3.237 -3.783 -4.045 -3.338
0.0152 0.01508 10.07918 0.9842930436 2.4695672989    0.970  2.531  3.5849  1.186    3  0.000  0.465     0.00     0.00 -1 -1.09e-09      0.00 6.938e-01 2.912e-01 2.308e-03 1.103e-03 6.613e-03 -1.000 1.506e-02 -1.556 -1.044 -2.289 -2.769 -3.341 -3.893 -4.160 -3.445
0.0152 0.01508 10.07918 0.9843121767 2.4695713520    0.969  2.569  3.5817  1.134    3  0.000  0.465     0.00     0.00 -1 -1.27e-09      0.00 6.938e-01 2.912e-01 2.308e-03 1.103e-03 6.613e-03 -1.000 1.506e-02 -1.653 -1.100 -2.379 -2.869 -3.447 -4.004 -4.276 -3.554
0.0152 0.01508 10.07918 0.9843302369 2.4695751667    0.968  2.608  3.5783  1.081    3  0.000  0.465     0.00     0.00 -1 -1.48e-09      0.00 6.938e-01 2.912e-01 2.308e-03 1.103e-03 6.614e-03 -1.000 1.506e-02 -1.750 -1.151 -2.470 -2.969 -3.554 -4.117 -4.394 -3.664
0.0152 0.01508 10.07918 0.9843502641 2.4695796967    0.967  2.654  3.5741  1.017    3  0.000  0.465     0.00     0.00 -1 -1.77e-09      0.00 6.938e-01 2.912e-01 2.308e-03 1.103e-03 6.614e-03 -1.000 1.506e-02 -1.866 -1.202 -2.577 -3.091 -3.682 -4.252 -4.536 -3.796
0.0152 0.01508 10.07918 0.9843685031 2.4695835114    0.965  2.700  3.5699  0.954    3  0.000  0.465     0.00     0.00 -1 -2.11e-09      0.00 6.938e-01 2.912e-01 2.308e-03 1.103e-03 6.614e-03 -1.000 1.506e-02 -1.980 -1.249 -2.682 -3.210 -3.809 -4.386 -4.676 -3.927
0.0152 0.01508 10.07918 0.9843848944 2.4695870876    0.963  2.744  3.5657  0.892    3  0.000  0.465     0.00     0.00 -1 -2.51e-09      0.00 6.938e-01 2.912e-01 2.308e-03 1.103e-03 6.614e-03 -1.000 1.506e-02 -2.090 -1.276 -2.781 -3.327 -3.933 -4.516 -4.812 -4.054
0.0152 0.01508 10.07918 0.9844002128 2.4695904255    0.961  2.788  3.5614  0.831    3  0.000  0.465     0.00     0.00 -1 -2.99e-09      0.00 6.938e-01 2.912e-01 2.308e-03 1.103e-03 6.614e-03 -1.000 1.506e-02 -2.200 -1.302 -2.878 -3.443 -4.057 -4.646 -4.948 -4.182
0.0152 0.01508 10.07918 0.9844142199 2.4695935249    0.960  2.831  3.5571  0.769    3  0.000  0.465     0.00     0.00 -1 -3.54e-09      0.00 6.938e-01 2.912e-01 2.308e-03 1.103e-03 6.614e-03 -1.000 1.506e-02 -2.308 -1.316 -2.970 -3.557 -4.179 -4.774 -5.082 -4.306
0.0152 0.01508 10.07918 0.9844268560 2.4695961475    0.957  2.873  3.5529  0.710    3  0.000  0.465     0.00     0.00 -1 -4.18e-09      0.00 6.938e-01 2.912e-01 2.308e-03 1.103e-03 6.614e-03 -1.000 1.506e-02 -2.412 -1.321 -3.057 -3.666 -4.297 -4.897 -5.212 -4.427
0.0152 0.01508 10.07918 0.9844385982 2.4695987701    0.955  2.914  3.5486  0.650    3  0.000  0.465     0.00     0.00 -1 -4.94e-09      0.00 6.938e-01 2.912e-01 2.308e-03 1.103e-03 6.614e-03 -1.000 1.506e-02 -2.515 -1.317 -3.140 -3.775 -4.415 -5.021 -5.341 -4.548
0.0152 0.01508 10.07918 0.9844495654 2.4696011543    0.952  2.955  3.5442  0.591    3  0.000  0.465     0.00     0.00 -1 -5.82e-09      0.00 6.938e-01 2.912e-01 2.308e-03 1.103e-03 6.614e-03 -1.000 1.506e-02 -2.617 -1.299 -3.214 -3.883 -4.533 -5.143 -5.470 -4.668
0.0152 0.01508 10.07918 0.9844595194 2.4696033001    0.950  2.994  3.5399  0.533    3  0.000  0.465     0.00     0.00 -1 -6.82e-09      0.00 6.938e-01 2.912e-01 2.308e-03 1.103e-03 6.614e-03 -1.000 1.506e-02 -2.716 -1.279 -3.285 -3.986 -4.646 -5.262 -5.594 -4.784
0.0152 0.01508 10.07918 0.9844688177 2.4696054459    0.947  3.033  3.5355  0.475    3  0.000  0.465     0.00     0.00 -1 -7.97e-09      0.00 6.938e-01 2.912e-01 2.308e-03 1.103e-03 6.614e-03 -1.000 1.506e-02 -2.812 -1.239 -3.342 -4.086 -4.758 -5.378 -5.717 -4.897
0.0152 0.01508 10.07918 0.9844773412 2.4696071148    0.944  3.071  3.5312  0.419    3  0.000  0.465     0.00     0.00 -1  -9.3e-09      0.00 6.938e-01 2.912e-01 2.308e-03 1.103e-03 6.614e-03 -1.000 1.506e-02 -2.906 -1.195 -3.397 -4.185 -4.869 -5.492 -5.837 -5.009
0.0152 0.01508 10.07918 0.9844853878 2.4696090221    0.940  3.108  3.5269  0.363    3  0.000  0.465     0.00     0.00 -1 -1.08e-08      0.00 6.938e-01 2.912e-01 2.308e-03 1.103e-03 6.614e-03 -1.000 1.506e-02 -3.000 -1.138 -3.436 -4.279 -4.979 -5.605 -5.955 -5.119
0.0152 0.01508 10.07918 0.9844926000 2.4696104527    0.936  3.144  3.5225  0.308    3  0.000  0.465     0.00     0.00 -1 -1.25e-08      0.00 6.938e-01 2.912e-01 2.308e-03 1.103e-03 6.614e-03 -1.000 1.506e-02 -3.089 -1.070 -3.465 -4.368 -5.084 -5.712 -6.069 -5.224
0.0152 0.01508 10.07918 0.9844995141 2.4696121216    0.932  3.179  3.5181  0.253    3  0.000  0.465     0.00     0.00 -1 -1.45e-08      0.00 6.938e-01 2.912e-01 2.308e-03 1.103e-03 6.614e-03 -1.000 1.506e-02 -3.178 -0.988 -3.480 -4.454 -5.189 -5.820 -6.183 -5.328
0.0152 0.01508 10.07918 0.9845057726 2.4696133137    0.928  3.213  3.5139  0.200    3  0.000  0.465     0.00     0.00 -1 -1.68e-08      0.00 6.938e-01 2.912e-01 2.308e-03 1.103e-03 6.614e-03 -1.000 1.506e-02 -3.263 -0.886 -3.474 -4.531 -5.289 -5.923 -6.292 -5.427
0.0152 0.01508 10.07918 0.9845118523 2.4696147442    0.923  3.247  3.5095  0.146    3  0.000  0.465     0.00     0.00 -1 -1.93e-08      0.00 6.938e-01 2.912e-01 2.308e-03 1.103e-03 6.614e-03 -1.000 1.506e-02 -3.348 -0.785 -3.469 -4.608 -5.390 -6.027 -6.401 -5.526
0.0152 0.01508 10.07918 0.9845175147 2.4696159363    0.918  3.281  3.5051  0.093    3  0.000  0.465     0.00     0.00 -1 -2.23e-08      0.00 6.938e-01 2.912e-01 2.308e-03 1.103e-03 6.614e-03 -1.000 1.506e-02 -3.432 -0.702 -3.465 -4.683 -5.489 -6.127 -6.503 -5.622
0.0152 0.01508 10.07918 0.9845228791 2.4696171284    0.912  3.314  3.5007  0.040    3  0.000  0.465     0.00     0.00 -1 -2.56e-08      0.00 6.938e-01 2.912e-01 2.308e-03 1.103e-03 6.614e-03 -1.000 1.506e-02 -3.514 -0.606 -3.452 -4.754 -5.586 -6.227 -6.607 -5.717
0.0152 0.01508 10.07918 0.9845280051 2.4696183205    0.906  3.346  3.4964 -0.013    3  0.000  0.465     0.00     0.00 -1 -2.94e-08      0.00 6.938e-01 2.912e-01 2.308e-03 1.103e-03 6.614e-03 -1.000 1.506e-02 -3.595 -0.519 -3.437 -4.821 -5.682 -6.325 -6.708 -5.810
0.0152 0.01508 10.07918 0.9845337868 2.4696195126    0.898  3.382  3.4914 -0.073    3  0.000  0.465     0.00     0.00 -1 -3.44e-08      0.00 6.938e-01 2.912e-01 2.308e-03 1.103e-03 6.614e-03 -1.000 1.506e-02 -3.686 -0.421 -3.418 -4.897 -5.790 -6.436 -6.820 -5.914
0.0152 0.01508 10.07918 0.9845374227 2.4696202278    0.893  3.404  3.4884 -0.110    3  0.000  0.465     0.00     0.00 -1 -3.79e-08      0.00 6.938e-01 2.912e-01 2.308e-03 1.103e-03 6.614e-03 -1.000 1.506e-02 -3.741 -0.379 -3.415 -4.944 -5.854 -6.502 -6.886 -5.976
0.0152 0.01508 10.07918 0.9845374227 2.4696202278    0.893  1.666  3.6673  2.344    4  0.000  0.473     0.00     0.00 -1    -1e-30      0.00 6.948e-01 2.901e-01 2.343e-03 1.058e-03 6.609e-03 -1.000 1.507e-02 0.605 0.558 -0.238 -0.539 -0.962 -1.370 -1.531 -1.007
0.0152 0.01508 10.07918 0.9846163392 2.4696373940    0.893  1.674  3.6668  2.334    4  0.000  0.473     0.00     0.00 -1    -1e-30      0.00 6.948e-01 2.901e-01 2.343e-03 1.058e-03 6.609e-03 -1.000 1.507e-02 0.585 0.540 -0.257 -0.560 -0.984 -1.392 -1.554 -1.029
0.0152 0.01508 10.07918 0.9846889377 2.4696531296    0.893  1.677  3.6666  2.330    4  0.000  0.473     0.00     0.00 -1    -1e-30      0.00 6.948e-01 2.901e-01 2.343e-03 1.058e-03 6.609e-03 -1.000 1.507e-02 0.577 0.533 -0.265 -0.568 -0.992 -1.401 -1.563 -1.038
0.0152 0.01508 10.07918 0.9847629070 2.4696691036    0.893  1.677  3.6669  2.332    4  0.000  0.473     0.00     0.00 -1    -1e-30      0.00 6.948e-01 2.901e-01 2.343e-03 1.058e-03 6.609e-03 -1.000 1.507e-02 0.578 0.533 -0.264 -0.566 -0.990 -1.398 -1.560 -1.035
0.0152 0.01508 10.07918 0.9848373532 2.4696853161    0.893  1.674  3.6674  2.336    4  0.000  0.473     0.00     0.00 -1    -1e-30      0.00 6.948e-01 2.901e-01 2.343e-03 1.058e-03 6.609e-03 -1.000 1.507e-02 0.584 0.537 -0.258 -0.560 -0.983 -1.390 -1.551 -1.028
0.0152 0.01508 10.07918 0.9849099517 2.4697010517    0.893  1.671  3.6679  2.341    4  0.000  0.473     0.00     0.00 -1    -1e-30      0.00 6.948e-01 2.901e-01 2.343e-03 1.058e-03 6.609e-03 -1.000 1.507e-02 0.592 0.542 -0.251 -0.552 -0.974 -1.380 -1.541 -1.018
0.0152 0.01508 10.07918 0.9849860668 2.4697175026    0.893  1.668  3.6685  2.347    4  0.000  0.473     0.00     0.00 -1    -1e-30      0.00 6.948e-01 2.901e-01 2.343e-03 1.058e-03 6.609e-03 -1.000 1.507e-02 0.599 0.547 -0.243 -0.543 -0.964 -1.369 -1.529 -1.008
0.0152 0.01508 10.07918 0.9850602746 2.4697337151    0.893  1.665  3.6690  2.352    4  0.000  0.473     0.00     0.00 -1    -1e-30      0.00 6.948e-01 2.901e-01 2.343e-03 1.058e-03 6.609e-03 -1.000 1.507e-02 0.607 0.553 -0.236 -0.534 -0.954 -1.358 -1.517 -0.998
0.0152 0.01508 10.07918 0.9851356149 2.4697499275    0.893  1.662  3.6696  2.357    4  0.000  0.473     0.00     0.00 -1    -1e-30      0.00 6.948e-01 2.901e-01 2.343e-03 1.058e-03 6.609e-03 -1.000 1.507e-02 0.615 0.558 -0.228 -0.526 -0.945 -1.347 -1.506 -0.988
0.0152 0.01508 10.07918 0.9852105379 2.4697661400    0.893  1.659  3.6701  2.362    4  0.000  0.473     0.00     0.00 -1    -1e-30      0.00 6.948e-01 2.901e-01 2.343e-03 1.058e-03 6.609e-03 -1.000 1.507e-02 0.622 0.563 -0.221 -0.518 -0.936 -1.338 -1.496 -0.979
0.0152 0.01508 10.07918 0.9852876067 2.4697828293    0.894  1.657  3.6706  2.367    4  0.000  0.473     0.00     0.00 -1    -1e-30      0.00 6.948e-01 2.901e-01 2.343e-03 1.058e-03 6.609e-03 -1.000 1.507e-02 0.628 0.568 -0.215 -0.511 -0.928 -1.328 -1.486 -0.970
0.0152 0.01508 10.07918 0.9853685498 2.4698004723    0.894  1.654  3.6710  2.371    4  0.000  0.473     0.00     0.00 -1    -1e-30      0.00 6.948e-01 2.901e-01 2.343e-03 1.058e-03 6.609e-03 -1.000 1.507e-02 0.634 0.572 -0.209 -0.504 -0.921 -1.320 -1.478 -0.963
0.0152 0.01508 10.07918 0.9854497313 2.4698178768    0.894  1.653  3.6714  2.374    4  0.000  0.473     0.00     0.00 -1    -1e-30      0.00 6.948e-01 2.901e-01 2.343e-03 1.058e-03 6.609e-03 -1.000 1.507e-02 0.639 0.576 -0.204 -0.499 -0.915 -1.313 -1.470 -0.956
0.0152 0.01508 10.07918 0.9855288863 2.4698350430    0.894  1.651  3.6717  2.377    4  0.000  0.473     0.00     0.00 -1    -1e-30      0.00 6.948e-01 2.901e-01 2.343e-03 1.058e-03 6.609e-03 -1.000 1.507e-02 0.643 0.578 -0.200 -0.494 -0.909 -1.307 -1.464 -0.951
0.0152 0.01508 10.07918 0.9855548739 2.4698407650    0.894  1.650  3.6718  2.378    4  0.000  0.473     0.00     0.00 -1    -1e-30      0.00 6.948e-01 2.901e-01 2.343e-03 1.058e-03 6.609e-03 -1.000 1.507e-02 0.644 0.579 -0.199 -0.493 -0.908 -1.306 -1.462 -0.949
0.0152 0.01508 10.07918 0.9855796695 2.4698460102    0.894  1.650  3.6719  2.379    4  0.000  0.473     0.00     0.00 -1    -1e-30      0.00 6.948e-01 2.901e-01 2.343e-03 1.058e-03 6.609e-03 -1.000 1.507e-02 0.645 0.580 -0.198 -0.491 -0.906 -1.304 -1.460 -0.948
0.0152 0.01508 10.07918 0.9856563807 2.4698626995    0.894  1.649  3.6722  2.381    4  0.000  0.473     0.00     0.00 -1    -1e-30      0.00 6.948e-01 2.901e-01 2.343e-03 1.058e-03 6.609e-03 -1.000 1.507e-02 0.648 0.582 -0.195 -0.488 -0.903 -1.300 -1.456 -0.944
0.0152 0.01508 10.07918 0.9857309461 2.4698789120    0.894  1.648  3.6724  2.383    4  0.000  0.473     0.00     0.00 -1    -1e-30      0.00 6.948e-01 2.901e-01 2.343e-03 1.058e-03 6.609e-03 -1.000 1.507e-02 0.650 0.583 -0.193 -0.486 -0.900 -1.297 -1.452 -0.941
0.0152 0.01508 10.07918 0.9858024120 2.4698944092    0.894  1.648  3.6726  2.384    4  0.000  0.473     0.00     0.00 -1    -1e-30      0.00 6.948e-01 2.901e-01 2.343e-03 1.058e-03 6.609e-03 -1.000 1.507e-02 0.651 0.584 -0.192 -0.484 -0.898 -1.295 -1.450 -0.939
0.0152 0.01508 10.07918 0.9858792424 2.4699108601    0.894  1.648  3.6727  2.385    4  0.000  0.473     0.00     0.00 -1    -1e-30      0.00 6.948e-01 2.901e-01 2.343e-03 1.058e-03 6.609e-03 -1.000 1.507e-02 0.651 0.583 -0.192 -0.484 -0.897 -1.294 -1.449 -0.938
0.0152 0.01508 10.07918 0.9859520197 2.4699265957    0.894  1.648  3.6728  2.385    4  0.000  0.473     0.00     0.00 -1    -1e-30      0.00 6.948e-01 2.901e-01 2.343e-03 1.058e-03 6.609e-03 -1.000 1.507e-02 0.650 0.582 -0.193 -0.484 -0.898 -1.294 -1.449 -0.939
0.0152 0.01508 10.07918 0.9860265255 2.4699428082    0.894  1.649  3.6728  2.384    4  0.000  0.473     0.00     0.00 -1    -1e-30      0.00 6.948e-01 2.901e-01 2.343e-03 1.058e-03 6.609e-03 -1.000 1.507e-02 0.649 0.581 -0.194 -0.486 -0.899 -1.295 -1.450 -0.940
0.0152 0.01508 10.07918 0.9860996008 2.4699585438    0.894  1.650  3.6727  2.383    4  0.000  0.473     0.00     0.00 -1    -1e-30      0.00 6.948e-01 2.901e-01 2.343e-03 1.058e-03 6.609e-03 -1.000 1.507e-02 0.646 0.578 -0.197 -0.489 -0.903 -1.299 -1.454 -0.943
0.0152 0.01508 10.07918 0.9861046672 2.4699597359    0.894  1.650  3.6727  2.383    4  0.000  0.473     0.00     0.00 -1    -1e-30      0.00 6.948e-01 2.901e-01 2.343e-03 1.058e-03 6.609e-03 -1.000 1.507e-02 0.646 0.578 -0.197 -0.489 -0.903 -1.299 -1.454 -0.944
0.0152 0.01508 10.07918 0.9861482978 2.4699690342    0.894  1.651  3.6727  2.382    4  0.000  0.473     0.00     0.00 -1    -1e-30      0.00 6.948e-01 2.901e-01 2.343e-03 1.058e-03 6.609e-03 -1.000 1.507e-02 0.643 0.576 -0.200 -0.492 -0.906 -1.302 -1.457 -0.946
0.0152 0.01508 10.07918 0.9862210751 2.4699847698    0.895  1.653  3.6725  2.379    4  0.000  0.473     0.00     0.00 -1    -1e-30      0.00 6.948e-01 2.901e-01 2.343e-03 1.058e-03 6.609e-03 -1.000 1.507e-02 0.638 0.571 -0.205 -0.497 -0.911 -1.307 -1.463 -0.952
0.0152 0.01508 10.07918 0.9862935543 2.4700005054    0.895  1.655  3.6723  2.376    4  0.000  0.473     0.00     0.00 -1    -1e-30      0.00 6.948e-01 2.901e-01 2.343e-03 1.058e-03 6.609e-03 -1.000 1.507e-02 0.632 0.566 -0.211 -0.504 -0.918 -1.315 -1.471 -0.959
0.0152 0.01508 10.07918 0.9863642454 2.4700157642    0.895  1.658  3.6720  2.371    4  0.000  0.473     0.00     0.00 -1    -1e-30      0.00 6.948e-01 2.901e-01 2.343e-03 1.058e-03 6.609e-03 -1.000 1.507e-02 0.624 0.558 -0.219 -0.512 -0.927 -1.325 -1.481 -0.969
0.0152 0.01508 10.07918 0.9864372015 2.4700314999    0.895  1.662  3.6717  2.366    4  0.000  0.473     0.00     0.00 -1    -1e-30      0.00 6.948e-01 2.901e-01 2.343e-03 1.058e-03 6.609e-03 -1.000 1.507e-02 0.614 0.550 -0.229 -0.523 -0.938 -1.336 -1.492 -0.980
0.0152 0.01508 10.07918 0.9865099192 2.4700472355    0.895  1.667  3.6712  2.359    4  0.000  0.473     0.00     0.00 -1    -1e-30      0.00 6.948e-01 2.901e-01 2.343e-03 1.058e-03 6.609e-03 -1.000 1.507e-02 0.602 0.539 -0.241 -0.536 -0.952 -1.351 -1.508 -0.994
0.0152 0.01508 10.07918 0.9865822196 2.4700627327    0.895  1.673  3.6706  2.351    4  0.000  0.473     0.00     0.00 -1    -1e-30      0.00 6.948e-01 2.901e-01 2.343e-03 1.058e-03 6.609e-03 -1.000 1.507e-02 0.587 0.527 -0.256 -0.552 -0.969 -1.369 -1.527 -1.011
0.0152 0.01508 10.07918 0.9866542816 2.4700784683    0.895  1.680  3.6699  2.342    4  0.000  0.473     0.00     0.00 -1    -1e-30      0.00 6.948e-01 2.901e-01 2.343e-03 1.058e-03 6.609e-03 -1.000 1.507e-02 0.571 0.512 -0.273 -0.570 -0.988 -1.389 -1.548 -1.031
0.0152 0.01508 10.07918 0.9867259860 2.4700939655    0.895  1.687  3.6692  2.332    4  0.000  0.473     0.00     0.00 -1    -1e-30      0.00 6.948e-01 2.901e-01 2.343e-03 1.058e-03 6.609e-03 -1.000 1.507e-02 0.552 0.497 -0.291 -0.589 -1.009 -1.412 -1.571 -1.052
0.0152 0.01508 10.07918 0.9867985249 2.4701094627    0.895  1.690  3.6689  2.327    4  0.000  0.473     0.00     0.00 -1    -1e-30      0.00 6.948e-01 2.901e-01 2.343e-03 1.058e-03 6.609e-03 -1.000 1.507e-02 0.545 0.490 -0.299 -0.597 -1.018 -1.421 -1.581 -1.061
0.0152 0.01508 10.07918 0.9868727326 2.4701256752    0.895  1.707  3.6673  2.305    4  0.000  0.473     0.00     0.00 -1    -1e-30      0.00 6.948e-01 2.901e-01 2.343e-03 1.058e-03 6.609e-03 -1.000 1.507e-02 0.504 0.456 -0.339 -0.641 -1.064 -1.471 -1.633 -1.109
0.0152 0.01508 10.07918 0.9869447351 2.4701411724    0.895  1.733  3.6648  2.268    4  0.000  0.473     0.00     0.00 -1    -1e-30      0.00 6.948e-01 2.901e-01 2.343e-03 1.058e-03 6.609e-03 -1.000 1.507e-02 0.437 0.399 -0.406 -0.712 -1.140 -1.552 -1.716 -1.186
0.0152 0.01508 10.07918 0.9869977832 2.4701526165    0.895  1.770  3.6613  2.217    4  0.000  0.473     0.00     0.00 -1    -1e-30      0.00 6.948e-01 2.901e-01 2.343e-03 1.058e-03 6.609e-03 -1.000 1.507e-02 0.344 0.320 -0.498 -0.810 -1.244 -1.663 -1.833 -1.294
0.0152 0.01508 10.07918 0.9870260954 2.4701585770    0.895  1.808  3.6577  2.165    4  0.000  0.473     0.00     0.00 -1    -1e-30      0.00 6.948e-01 2.901e-01 2.343e-03 1.058e-03 6.609e-03 -1.000 1.507e-02 0.250 0.241 -0.591 -0.910 -1.351 -1.777 -1.951 -1.402
0.0152 0.01508 10.07918 0.9870415330 2.4701619148    0.896  1.847  3.6541  2.112    4  0.000  0.473     0.00     0.00 -1    -1e-30      0.00 6.948e-01 2.901e-01 2.343e-03 1.058e-03 6.609e-03 -1.000 1.507e-02 0.154 0.160 -0.686 -1.011 -1.459 -1.893 -2.071 -1.514
0.0152 0.01508 10.07918 0.9870498776 2.4701638222    0.896  1.885  3.6505  2.059    4  0.000  0.473     0.00     0.00 -1    -1e-30      0.00 6.948e-01 2.901e-01 2.343e-03 1.058e-03 6.609e-03 -1.000 1.507e-02 0.057 0.079 -0.782 -1.113 -1.568 -2.009 -2.192 -1.625
0.0152 0.01508 10.07918 0.9870542884 2.4701647758    0.896  1.924  3.6470  2.006    4  0.000  0.473     0.00     0.00 -1    -1e-30      0.00 6.948e-01 2.901e-01 2.343e-03 1.058e-03 6.609e-03 -1.000 1.507e-02 -0.039 0.001 -0.875 -1.213 -1.674 -2.123 -2.311 -1.735
0.0152 0.01508 10.07918 0.9870568514 2.4701652527    0.896  1.962  3.6435  1.954    4  0.000  0.473     0.00     0.00 -1    -1e-30      0.00 6.948e-01 2.901e-01 2.343e-03 1.058e-03 6.609e-03 -1.000 1.507e-02 -0.136 -0.078 -0.968 -1.313 -1.780 -2.234 -2.425 -1.842
0.0152 0.01508 10.07918 0.9870585203 2.4701657295    0.896  1.999  3.6402  1.904    4  0.000  0.473     0.00     0.00 -1    -1e-30      0.00 6.948e-01 2.901e-01 2.343e-03 1.058e-03 6.609e-03 -1.000 1.507e-02 -0.227 -0.154 -1.056 -1.407 -1.880 -2.338 -2.533 -1.944
0.0152 0.01508 10.07918 0.9870594740 2.4701657295    0.896  2.027  3.6376  1.865    4  0.000  0.473     0.00     0.00 -1    -1e-30      0.00 6.948e-01 2.901e-01 2.343e-03 1.058e-03 6.609e-03 -1.000 1.507e-02 -0.298 -0.211 -1.123 -1.480 -1.957 -2.418 -2.616 -2.022
0.0152 0.01508 10.07918 0.9870595336 2.4701659679    0.896  2.028  3.6376  1.864    7  0.000  0.473     0.00     0.00 -1    -1e-30      0.00 6.948e-01 2.901e-01 2.343e-03 1.058e-03 6.609e-03 -1.000 1.507e-02 -0.300 -0.212 -1.124 -1.482 -1.959 -2.420 -2.618 -2.024
0.0152 0.01508 10.07918 0.9870597720 2.4701659679    0.896  2.036  3.6368  1.853    7  0.000  0.473     0.00     0.00 -1    -1e-30      0.00 6.948e-01 2.901e-01 2.343e-03 1.058e-03 6.609e-03 -1.000 1.507e-02 -0.321 -0.229 -1.144 -1.503 -1.982 -2.443 -2.642 -2.046
0.0152 0.01508 10.07918 0.9870609045 2.4701662064    0.896  2.077  3.6332  1.797    7  0.000  0.473     0.00     0.00 -1    -1e-30      0.00 6.948e-01 2.901e-01 2.343e-03 1.058e-03 6.609e-03 -1.000 1.507e-02 -0.424 -0.312 -1.241 -1.608 -2.093 -2.559 -2.762 -2.159
0.0152 0.01508 10.07918 0.9870620370 2.4701664448    0.896  2.118  3.6297  1.743    7  0.000  0.473     0.00     0.00 -1    -1e-30      0.00 6.948e-01 2.901e-01 2.343e-03 1.058e-03 6.609e-03 -1.000 1.507e-02 -0.525 -0.394 -1.336 -1.711 -2.202 -2.673 -2.879 -2.270
0.0152 0.01508 10.07918 0.9870637059 2.4701666832    0.896  2.170  3.6251  1.673    7  0.000  0.473     0.00     0.00 -1    -1e-30      0.00 6.948e-01 2.901e-01 2.343e-03 1.058e-03 6.609e-03 -1.000 1.507e-02 -0.654 -0.495 -1.457 -1.841 -2.341 -2.817 -3.029 -2.410
0.0152 0.01508 10.07918 0.9870667458 2.4701673985    0.896  2.165  3.6256  1.679    7  0.000  0.473     0.00     0.00 -1    -1e-30      0.00 6.948e-01 2.901e-01 2.343e-03 1.058e-03 6.609e-03 -1.000 1.507e-02 -0.643 -0.487 -1.447 -1.830 -2.329 -2.804 -3.015 -2.398
0.0152 0.01508 10.07918 0.9870722294 2.4701685905    0.896  2.112  3.6303  1.752    7  0.000  0.473     0.00     0.00 -1 -1.02e-30      0.00 6.948e-01 2.901e-01 2.343e-03 1.058e-03 6.609e-03 -1.000 1.507e-02 -0.509 -0.382 -1.321 -1.694 -2.185 -2.654 -2.860 -2.252
0.0152 0.01508 10.07918 0.9871183634 2.4701786041    0.895  2.091  3.6320  1.779    7  0.000  0.473     0.00     0.00 -1 -4.19e-13      0.00 6.948e-01 2.890e-01 2.343e-03 1.058e-03 6.609e-03 -1.000 1.621e-02 -0.458 -0.340 -1.273 -1.643 -2.130 -2.598 -2.802 -2.197
0.0152 0.01508 10.07918 0.9871586561 2.4701871872    0.894  2.131  3.6284  1.723    7  0.000  0.473     0.00     0.00 -1 -9.62e-10      0.00 6.948e-01 2.888e-01 2.343e-03 1.058e-03 6.609e-03 -1.000 1.643e-02 -0.559 -0.419 -1.367 -1.745 -2.239 -2.711 -2.919 -2.307
0.0152 0.01508 10.07918 0.9871903658 2.4701941013    0.892  2.173  3.6247  1.666    7  0.000  0.473     0.00     0.00 -1 -1.21e-09      0.00 6.948e-01 2.888e-01 2.343e-03 1.058e-03 6.609e-03 -1.000 1.643e-02 -0.662 -0.500 -1.464 -1.850 -2.350 -2.827 -3.039 -2.419
0.0152 0.01508 10.07918 0.9872171283 2.4701998234    0.891  2.214  3.6211  1.610    7  0.000  0.473     0.00     0.00 -1 -1.49e-09      0.00 6.948e-01 2.888e-01 2.343e-03 1.058e-03 6.609e-03 -1.000 1.643e-02 -0.765 -0.581 -1.559 -1.953 -2.460 -2.941 -3.158 -2.531
0.0152 0.01508 10.07918 0.9872401357 2.4702048302    0.889  2.255  3.6175  1.554    7  0.000  0.473     0.00     0.00 -1 -1.84e-09      0.00 6.948e-01 2.888e-01 2.343e-03 1.058e-03 6.609e-03 -1.000 1.643e-02 -0.868 -0.659 -1.654 -2.057 -2.570 -3.056 -3.276 -2.642
0.0152 0.01508 10.07918 0.9872600436 2.4702091217    0.888  2.296  3.6138  1.497    7  0.000  0.473     0.00     0.00 -1  -2.3e-09      0.00 6.948e-01 2.888e-01 2.343e-03 1.058e-03 6.609e-03 -1.000 1.643e-02 -0.971 -0.737 -1.749 -2.161 -2.681 -3.171 -3.396 -2.755
0.0152 0.01508 10.07918 0.9872773290 2.4702129364    0.886  2.338  3.6101  1.440    7  0.000  0.473     0.00     0.00 -1 -2.83e-09      0.00 6.948e-01 2.888e-01 2.343e-03 1.058e-03 6.609e-03 -1.000 1.643e-02 -1.075 -0.814 -1.848 -2.267 -2.794 -3.292 -3.522 -2.872
0.0152 0.01508 10.07918 0.9872925878 2.4702160358    0.884  2.379  3.6065  1.383    7  0.000  0.473     0.00     0.00 -1 -3.48e-09      0.00 6.948e-01 2.888e-01 2.343e-03 1.058e-03 6.609e-03 -1.000 1.643e-02 -1.178 -0.887 -1.946 -2.374 -2.908 -3.413 -3.649 -2.989
0.0152 0.01508 10.07918 0.9873060584 2.4702191353    0.882  2.421  3.6028  1.326    7  0.000  0.473     0.00     0.00 -1 -4.29e-09      0.00 6.948e-01 2.888e-01 2.343e-03 1.058e-03 6.609e-03 -1.000 1.643e-02 -1.281 -0.959 -2.043 -2.480 -3.021 -3.533 -3.774 -3.105
0.0152 0.01508 10.07918 0.9873180985 2.4702215195    0.879  2.461  3.5991  1.270    7  0.000  0.473     0.00     0.00 -1 -5.27e-09      0.00 6.948e-01 2.888e-01 2.343e-03 1.058e-03 6.609e-03 -1.000 1.643e-02 -1.383 -1.027 -2.139 -2.584 -3.131 -3.651 -3.898 -3.219
0.0152 0.01508 10.07918 0.9873293042 2.4702241421    0.877  2.501  3.5954  1.213    7  0.000  0.473     0.00     0.00 -1 -6.46e-09      0.00 6.948e-01 2.888e-01 2.343e-03 1.059e-03 6.609e-03 -1.000 1.643e-02 -1.484 -1.091 -2.234 -2.688 -3.243 -3.770 -4.022 -3.334
0.0152 0.01508 10.07918 0.9873397350 2.4702262878    0.874  2.542  3.5916  1.156    7  0.000  0.473     0.00     0.00 -1 -7.94e-09      0.00 6.948e-01 2.888e-01 2.341e-03 1.059e-03 6.609e-03 -1.000 1.643e-02 -1.584 -1.153 -2.329 -2.793 -3.354 -3.888 -4.147 -3.449
0.0152 0.01508 10.07918 0.9873496294 2.4702284336    0.870  2.582  3.5878  1.099    7  0.000  0.472     0.00     0.00 -1 -9.76e-09      0.00 6.948e-01 2.888e-01 2.339e-03 1.060e-03 6.609e-03 -1.000 1.638e-02 -1.684 -1.210 -2.422 -2.896 -3.464 -4.005 -4.270 -3.563
0.0152 0.01508 10.07918 0.9873569012 2.4702298641    0.867  2.612  3.5803  1.037    7  0.000  0.471     0.00     0.00 -1 -1.13e-08      0.00 6.948e-01 2.888e-01 2.336e-03 1.063e-03 6.609e-03 -1.000 1.637e-02 -1.761 -1.194 -2.485 -2.978 -3.560 -4.117 -4.393 -3.667
0.0152 0.01508 10.07918 0.9873659611 2.4702320099    0.862  2.652  3.5748  0.972    7  0.000  0.470     0.00     0.00 -1 -1.39e-08      0.00 6.948e-01 2.888e-01 2.329e-03 1.070e-03 6.609e-03 -1.000 1.637e-02 -1.861 -1.209 -2.574 -3.086 -3.676 -4.244 -4.527 -3.789
0.0152 0.01508 10.07918 0.9873743653 2.4702336788    0.857  2.693  3.5705  0.912    7  0.000  0.468     0.00     0.00 -1 -1.71e-08      0.00 6.948e-01 2.888e-01 2.320e-03 1.080e-03 6.609e-03 -1.000 1.637e-02 -1.963 -1.242 -2.667 -3.193 -3.791 -4.365 -4.655 -3.907
0.0152 0.01508 10.07918 0.9873820543 2.4702353477    0.851  2.734  3.5660  0.850    7  0.000  0.466     0.00     0.00 -1 -2.11e-08      0.00 6.948e-01 2.888e-01 2.312e-03 1.091e-03 6.609e-03 -1.000 1.637e-02 -2.066 -1.260 -2.758 -3.303 -3.909 -4.490 -4.786 -4.029
0.0152 0.01508 10.07918 0.9873883724 2.4702367783    0.845  2.777  3.5612  0.784    7  0.000  0.465     0.00     0.00 -1 -2.61e-08      0.00 6.948e-01 2.888e-01 2.304e-03 1.100e-03 6.609e-03 -1.000 1.637e-02 -2.174 -1.273 -2.852 -3.418 -4.033 -4.620 -4.923 -4.156
0.0152 0.01508 10.07918 0.9873926044 2.4702377319    0.840  2.819  3.5564  0.721    7  0.000  0.463     0.00     0.00 -1 -3.19e-08      0.00 6.948e-01 2.888e-01 2.296e-03 1.109e-03 6.609e-03 -1.000 1.637e-02 -2.277 -1.269 -2.937 -3.527 -4.151 -4.746 -5.055 -4.279
0.0152 0.01508 10.07918 0.9873958230 2.4702384472    0.836  2.858  3.5517  0.661    7  0.000  0.462     0.00     0.00 -1 -3.88e-08      0.00 6.948e-01 2.888e-01 2.290e-03 1.116e-03 6.609e-03 -1.000 1.637e-02 -2.375 -1.258 -3.016 -3.632 -4.265 -4.866 -5.182 -4.396
0.0152 0.01508 10.07918 0.9873986244 2.4702389240    0.831  2.897  3.5469  0.600    7  0.000  0.461     0.00     0.00 -1 -4.66e-08      0.00 6.948e-01 2.888e-01 2.286e-03 1.122e-03 6.609e-03 -1.000 1.637e-02 -2.474 -1.232 -3.088 -3.736 -4.380 -4.987 -5.310 -4.513
0.0152 0.01508 10.07918 0.9874011278 2.4702394009    0.826  2.936  3.5421  0.539    7  0.000  0.460     0.00     0.00 -1 -5.63e-08      0.00 6.948e-01 2.889e-01 2.281e-03 1.128e-03 6.609e-03 -1.000 1.633e-02 -2.571 -1.197 -3.155 -3.839 -4.494 -5.106 -5.436 -4.630
0.0152 0.01508 10.07918 0.9874036908 2.4702401161    0.820  2.975  3.5370  0.476    7  0.000  0.460     0.00     0.00 -1 -6.82e-08      0.00 6.948e-01 2.889e-01 2.278e-03 1.131e-03 6.609e-03 -1.000 1.633e-02 -2.668 -1.141 -3.212 -3.941 -4.609 -5.227 -5.564 -4.748
0.0152 0.01508 10.07918 0.9874057770 2.4702405930    0.813  3.009  3.5324  0.421    7  0.000  0.459     0.00     0.00 -1 -8.01e-08      0.00 6.948e-01 2.889e-01 2.277e-03 1.133e-03 6.609e-03 -1.000 1.634e-02 -2.752 -1.078 -3.254 -4.030 -4.710 -5.332 -5.675 -4.850
0.0152 0.01508 10.07918 0.9874081612 2.4702410698    0.804  3.048  3.5270  0.355    7  0.000  0.459     0.00     0.00 -1 -9.75e-08      0.00 6.948e-01 2.889e-01 2.276e-03 1.135e-03 6.609e-03 -1.000 1.639e-02 -2.850 -0.991 -3.288 -4.130 -4.828 -5.454 -5.805 -4.968
0.0152 0.01508 10.07918 0.9874106646 2.4702415466    0.793  3.086  3.5214  0.289    7  0.000  0.459     0.00     0.00 -1  -1.2e-07      0.00 6.948e-01 2.889e-01 2.276e-03 1.135e-03 6.609e-03 -1.000 1.639e-02 -2.945 -0.884 -3.304 -4.223 -4.943 -5.572 -5.931 -5.083
0.0152 0.01508 10.07918 0.9874131680 2.4702420235    0.780  3.121  3.5161  0.225    7  0.000  0.459     0.00     0.00 -1 -1.45e-07      0.00 6.948e-01 2.889e-01 2.276e-03 1.135e-03 6.609e-03 -1.000 1.639e-02 -3.032 -0.751 -3.290 -4.303 -5.050 -5.682 -6.048 -5.188
0.0152 0.01508 10.07918 0.9874157906 2.4702427387    0.762  3.155  3.5107  0.160    7  0.000  0.459     0.00     0.00 -1 -1.79e-07      0.00 6.948e-01 2.889e-01 2.276e-03 1.135e-03 6.609e-03 -1.000 1.639e-02 -3.116 -0.601 -3.261 -4.377 -5.153 -5.789 -6.163 -5.290
0.0152 0.01508 10.07918 0.9874187112 2.4702432156    0.738  3.182  3.5059  0.100    7  0.000  0.459     0.00     0.00 -1  -2.2e-07      0.00 6.948e-01 2.889e-01 2.276e-03 1.135e-03 6.609e-03 -1.000 1.639e-02 -3.185 -0.483 -3.233 -4.436 -5.238 -5.876 -6.253 -5.372
0.0152 0.01508 10.07918 0.9874194860 2.4702434540    0.730  3.153  3.5098  0.139    7  0.000  0.459     0.00     0.00 -1 -2.04e-07      0.00 6.948e-01 2.889e-01 2.276e-03 1.135e-03 6.609e-03 -1.000 1.639e-02 -3.113 -0.560 -3.239 -4.373 -5.154 -5.789 -6.165 -5.290
0.0152 0.01508 10.07918 0.9874196649 2.4702434540    0.729  3.137  3.5122  0.164    7  0.000  0.459     0.00     0.00 -1 -1.91e-07      0.00 6.948e-01 2.889e-01 2.276e-03 1.135e-03 6.609e-03 -1.000 1.639e-02 -3.073 -0.619 -3.247 -4.337 -5.105 -5.739 -6.111 -5.242
0.0152 0.01508 10.07918 0.9874197841 2.4702434540    0.728  3.150  3.5102  0.143    7  0.000  0.459     0.00     0.00 -1 -2.02e-07      0.00 6.948e-01 2.889e-01 2.276e-03 1.135e-03 6.609e-03 -1.000 1.639e-02 -3.106 -0.568 -3.239 -4.366 -5.144 -5.780 -6.155 -5.281
0.0152 0.01508 10.07918 0.9874198437 2.4702434540    0.727  3.177  3.5064  0.101    7  0.000  0.459     0.00     0.00 -1 -2.26e-07      0.00 6.948e-01 2.889e-01 2.276e-03 1.135e-03 6.609e-03 -1.000 1.639e-02 -3.171 -0.489 -3.230 -4.423 -5.223 -5.861 -6.237 -5.357
0.0152 0.01508 10.07918 0.9874199629 2.4702434540    0.726  3.209  3.5016  0.048    7  0.000  0.459     0.00     0.00 -1 -2.58e-07      0.00 6.948e-01 2.889e-01 2.276e-03 1.135e-03 6.609e-03 -1.000 1.639e-02 -3.252 -0.375 -3.207 -4.492 -5.320 -5.961 -6.341 -5.451
0.0152 0.01508 10.07918 0.9874201417 2.4702436924    0.724  3.246  3.4959 -0.013    7  0.000  0.459     0.00     0.00 -1 -3.03e-07      0.00 6.948e-01 2.889e-01 2.276e-03 1.135e-03 6.609e-03 -1.000 1.639e-02 -3.346 -0.246 -3.173 -4.566 -5.431 -6.076 -6.459 -5.559
0.0152 0.01508 10.07918 0.9874203205 2.4702436924    0.721  3.276  3.4912 -0.063    7  0.000  0.459     0.00     0.00 -1 -3.45e-07      0.00 6.948e-01 2.889e-01 2.276e-03 1.135e-03 6.609e-03 -1.000 1.639e-02 -3.420 -0.143 -3.144 -4.626 -5.521 -6.168 -6.553 -5.646
0.0152 0.01508 10.07918 0.9874205589 2.4702436924    0.718  3.310  3.4858 -0.121    7  0.000  0.459     0.00     0.00 -1 -4.02e-07      0.01 6.948e-01 2.889e-01 2.276e-03 1.135e-03 6.609e-03 -1.000 1.639e-02 -3.504 -0.070 -3.132 -4.695 -5.621 -6.271 -6.653 -5.741
0.0152 0.01508 10.07918 0.9874209166 2.4702436924    0.711  3.350  3.4792 -0.191    7  0.000  0.459     0.00     0.00 -1 -4.82e-07      0.01 6.948e-01 2.889e-01 2.276e-03 1.135e-03 6.609e-03 -1.000 1.639e-02 -3.604 0.001 -3.124 -4.776 -5.738 -6.393 -6.770 -5.853
0.0152 0.01508 10.07918 0.9874213338 2.4702439308    0.701  3.387  3.4729 -0.259    7  0.000  0.459     0.00     0.00 -1 -5.78e-07      0.01 6.948e-01 2.889e-01 2.276e-03 1.135e-03 6.609e-03 -1.000 1.639e-02 -3.697 0.052 -3.131 -4.853 -5.843 -6.502 -6.872 -5.953
0.0152 0.01508 10.07918 0.9874218106 2.4702439308    0.688  3.409  3.4693 -0.304    7  0.000  0.459     0.00     0.00 -1  -6.7e-07      0.02 6.948e-01 2.889e-01 2.276e-03 1.135e-03 6.609e-03 -1.000 1.639e-02 -3.752 0.085 -3.133 -4.896 -5.905 -6.565 -6.931 -6.011
0.0152 0.01508 10.07918 0.9903907776 2.4708817005    0.523  2.215  4.9135  6.548    9  0.523  0.000     0.00     0.00 -1    -1e-30      0.00 6.948e-01 2.901e-01 2.388e-03 1.136e-03 6.624e-03 -1.000 1.510e-02 -0.768 5.325 5.699 5.942 6.053 6.144 6.219 6.038
#isochrone terminated
