# File generated by CMD 3.3 (http://stev.oapd.inaf.it/cmd) on Fri Nov 20 18:04:37 CET 2020
# isochrones based on PARSEC release v1.2S +  COLIBRI S_35
# Basic references: Bressan et al. (2012), MNRAS, 427, 127 + Chen et al. (2014, 2015), MNRAS, 444, 2525 + MNRAS, 452, 1068 + Tang et al. (2014), MNRAS, 445, 4287 + Marigo et al. (2017), ApJ, 835, 77 + Pastorelli al. (2019), MNRAS in press
# Thermal pulse cycles included 
# On RGB, assumed Reimers mass loss with efficiency eta=0.2
# Photometric system: JWST NIRCam wide+verywide+medium filters, Vegamags
# Using OBC version of bolometric corrections as detailed in Marigo et al. (2008, A&A 482, 883) and Girardi et al. (2008, PASP 120, 583
# O-rich circumstellar dpmod60alox40 dust from Groenewegen (2006)
# C-rich circumstellar AMCSIC15 dust from Groenewegen (2006)
# IMF: Kroupa (2001, 2002) + Kroupa et al. (2013) canonical two-part-power law IMF corrected for unresolved binaries 
# Kind of output: isochrone tables
# Zini     MH   logAge Mini        int_IMF         Mass   logL    logTe  logg  label   McoreTP C_O  period0 period1 pmode  Mloss  tau1m   X   Y   Xc  Xn  Xo  Cexcess  Z 	 mbolmag  F070Wmag  F090Wmag  F115Wmag  F150Wmag  F200Wmag  F277Wmag  F356Wmag  F444Wmag  F150W2mag  F322W2mag  F140Mmag  F162Mmag  F182Mmag  F210Mmag  F250Mmag  F300Mmag  F335Mmag  F360Mmag  F410Mmag  F430Mmag  F460Mmag  F480Mmag  F150WS60mag
0.00018264 -1.93000 10.07918 0.0913096443 1.0941179991    0.091 -3.146  3.4971  5.485    1  0.000  0.545     0.00     0.00 -1 -5.39e-17      0.00 7.480e-01 2.518e-01 3.361e-05 9.067e-06 8.223e-05 -1.000 1.868e-04 12.634 12.799 11.647 10.943 10.390 10.261 10.067 9.705 9.651 10.532 9.897 10.500 10.249 10.286 10.222 10.163 9.964 9.749 9.669 9.617 9.634 9.693 9.639 10.332
0.00018264 -1.93000 10.07918 0.0971938968 1.1472291946    0.097 -2.933  3.5280  5.422    1  0.000  0.545     0.00     0.00 -1 -9.15e-17      0.00 7.465e-01 2.533e-01 3.361e-05 9.067e-06 8.223e-05 -1.000 1.868e-04 12.103 12.104 11.145 10.503 9.920 9.700 9.534 9.258 9.197 10.039 9.407 10.047 9.753 9.735 9.655 9.601 9.469 9.301 9.226 9.170 9.182 9.236 9.188 9.850
0.00018264 -1.93000 10.07918 0.1012862623 1.1817619801    0.101 -2.793  3.5482  5.381    1  0.000  0.545     0.00     0.00 -1  -1.3e-16      0.00 7.454e-01 2.544e-01 3.361e-05 9.067e-06 8.224e-05 -1.000 1.868e-04 11.754 11.654 10.805 10.206 9.623 9.366 9.210 8.983 8.922 9.728 9.107 9.752 9.450 9.403 9.323 9.267 9.160 9.024 8.954 8.898 8.907 8.956 8.913 9.549
0.00018264 -1.93000 10.07918 0.1212394834 1.3274300098    0.121 -2.505  3.5779  5.290    1  0.000  0.545     0.00     0.00 -1 -2.55e-16      0.00 7.421e-01 2.577e-01 3.361e-05 9.067e-06 8.224e-05 -1.000 1.869e-04 11.034 10.811 10.085 9.542 8.977 8.702 8.579 8.379 8.319 9.071 8.488 9.109 8.800 8.739 8.662 8.624 8.544 8.421 8.350 8.295 8.305 8.352 8.321 8.901
0.00018264 -1.93000 10.07918 0.1411927044 1.4448504448    0.141 -2.324  3.5922  5.232    1  0.000  0.545     0.00     0.00 -1 -3.84e-16      0.00 7.400e-01 2.599e-01 3.361e-05 9.068e-06 8.224e-05 -1.000 1.869e-04 10.579 10.291 9.618 9.108 8.554 8.290 8.207 7.997 7.939 8.649 8.112 8.690 8.373 8.324 8.253 8.240 8.185 8.041 7.965 7.912 7.923 7.971 7.954 8.478
0.00018264 -1.93000 10.07918 0.1611459404 1.5424650908    0.161 -2.182  3.6015  5.184    1  0.000  0.545     0.00     0.00 -1 -5.27e-16      0.00 7.386e-01 2.612e-01 3.361e-05 9.068e-06 8.224e-05 -1.000 1.869e-04 10.224 9.900 9.260 8.774 8.227 7.963 7.891 7.697 7.644 8.320 7.803 8.363 8.045 7.994 7.928 7.918 7.875 7.736 7.667 7.619 7.628 7.673 7.661 8.151
0.00018264 -1.93000 10.07918 0.2010523975 1.6974372864    0.201 -1.963  3.6134  5.110    1  0.000  0.545     0.00     0.00 -1 -8.49e-16      0.00 7.379e-01 2.619e-01 3.361e-05 9.068e-06 8.224e-05 -1.000 1.869e-04 9.679 9.334 8.724 8.258 7.717 7.446 7.356 7.208 7.163 7.807 7.290 7.851 7.541 7.477 7.414 7.384 7.339 7.237 7.185 7.144 7.150 7.187 7.174 7.643
0.00018264 -1.93000 10.07918 0.2509354949 1.8426946402    0.251 -1.764  3.6243  5.050    1  0.000  0.545     0.00     0.00 -1 -1.29e-15      0.00 7.381e-01 2.617e-01 3.361e-05 9.068e-06 8.224e-05 -1.000 1.869e-04 9.180 8.817 8.234 7.787 7.252 6.979 6.870 6.761 6.726 7.341 6.821 7.382 7.081 7.008 6.949 6.900 6.850 6.782 6.746 6.711 6.716 6.744 6.731 7.179
0.00018264 -1.93000 10.07918 0.3008185625 1.9545503855    0.301 -1.611  3.6333  5.012    1  0.000  0.545     0.00     0.00 -1 -1.75e-15      0.00 7.382e-01 2.616e-01 3.360e-05 9.069e-06 8.224e-05 -1.000 1.869e-04 8.797 8.418 7.858 7.425 6.900 6.633 6.520 6.430 6.399 6.989 6.480 7.026 6.733 6.660 6.604 6.550 6.500 6.447 6.417 6.387 6.391 6.415 6.402 6.829
0.00018264 -1.93000 10.07918 0.3507016301 2.0445659161    0.351 -1.484  3.6416  4.985    1  0.000  0.544     0.00     0.00 -1 -2.24e-15      0.00 7.381e-01 2.617e-01 3.357e-05 9.070e-06 8.224e-05 -1.000 1.868e-04 8.481 8.088 7.548 7.129 6.613 6.352 6.240 6.163 6.137 6.703 6.206 6.736 6.451 6.378 6.326 6.269 6.220 6.178 6.153 6.125 6.129 6.151 6.139 6.544
0.00018264 -1.93000 10.07918 0.4005846977 2.1193072796    0.400 -1.358  3.6507  4.953    1  0.000  0.545     0.00     0.00 -1 -2.91e-15      0.00 7.502e-01 2.496e-01 3.361e-05 9.067e-06 8.223e-05 -1.000 1.868e-04 8.164 7.757 7.239 6.835 6.329 6.078 5.969 5.904 5.881 6.420 5.940 6.449 6.171 6.101 6.053 5.997 5.950 5.916 5.895 5.871 5.874 5.895 5.883 6.261
0.00018264 -1.93000 10.07918 0.4504677355 2.1828336716    0.450 -1.202  3.6659  4.909    1  0.000  0.545     0.00     0.00 -1 -4.13e-15      0.00 7.507e-01 2.491e-01 3.361e-05 9.067e-06 8.223e-05 -1.000 1.869e-04 7.775 7.351 6.868 6.488 6.000 5.767 5.667 5.614 5.597 6.092 5.644 6.115 5.850 5.787 5.745 5.691 5.650 5.624 5.608 5.588 5.591 5.609 5.599 5.936
0.00018264 -1.93000 10.07918 0.5003507733 2.2378156185    0.500 -1.028  3.6839  4.853    1  0.000  0.545     0.00     0.00 -1 -6.23e-15      0.00 7.509e-01 2.489e-01 3.359e-05 9.062e-06 8.219e-05 -1.000 1.870e-04 7.341 6.903 6.461 6.108 5.643 5.432 5.343 5.303 5.290 5.737 5.326 5.751 5.503 5.449 5.414 5.364 5.329 5.311 5.299 5.283 5.285 5.297 5.291 5.583
0.00018264 -1.93000 10.07918 0.5502339005 2.2838518620    0.550 -0.823  3.7044  4.770    1  0.000  0.544     0.00     0.00 -1 -1.05e-14      0.00 7.848e-01 2.151e-01 2.931e-05 7.913e-06 7.180e-05 -1.000 9.990e-05 6.827 6.388 5.986 5.664 5.227 5.040 4.965 4.935 4.923 5.321 4.952 5.327 5.098 5.053 5.025 4.982 4.954 4.941 4.932 4.919 4.920 4.925 4.922 5.171
0.00018264 -1.93000 10.07918 0.6001169682 2.3212006092    0.600 -0.614  3.7298  4.701    1  0.000  0.544     0.00     0.00 -1 -1.76e-14      0.00 7.973e-01 2.026e-01 2.779e-05 7.508e-06 6.816e-05 -1.000 1.359e-04 6.304 5.883 5.528 5.240 4.835 4.676 4.619 4.600 4.589 4.930 4.611 4.926 4.719 4.686 4.666 4.632 4.613 4.604 4.598 4.589 4.588 4.586 4.588 4.785
0.00018264 -1.93000 10.07918 0.6075627804 2.3261740208    0.607 -0.581  3.7342  4.691    1  0.000  0.544     0.00     0.00 -1 -1.91e-14      0.00 7.996e-01 2.003e-01 2.751e-05 7.434e-06 6.750e-05 -1.000 1.414e-04 6.222 5.806 5.458 5.176 4.777 4.623 4.569 4.551 4.541 4.872 4.561 4.866 4.663 4.631 4.613 4.581 4.563 4.555 4.549 4.541 4.540 4.537 4.540 4.728
0.00018264 -1.93000 10.07918 0.6186909676 2.3333508968    0.618 -0.531  3.7408  4.676    1  0.000  0.543     0.00     0.00 -1 -2.16e-14      0.00 8.031e-01 1.967e-01 2.709e-05 7.320e-06 6.647e-05 -1.000 1.718e-04 6.098 5.691 5.355 5.080 4.689 4.542 4.492 4.478 4.468 4.784 4.486 4.776 4.579 4.550 4.533 4.503 4.488 4.481 4.476 4.468 4.467 4.463 4.467 4.642
0.00018264 -1.93000 10.07918 0.6286030412 2.3394978046    0.628 -0.487  3.7467  4.662    1  0.000  0.543     0.00     0.00 -1 -2.41e-14      0.00 8.065e-01 1.934e-01 2.669e-05 7.213e-06 6.551e-05 -1.000 1.731e-04 5.987 5.589 5.262 4.995 4.611 4.469 4.424 4.411 4.402 4.705 4.418 4.696 4.503 4.476 4.461 4.434 4.420 4.414 4.410 4.403 4.402 4.398 4.401 4.564
0.00018264 -1.93000 10.07918 0.6382229924 2.3452544212    0.638 -0.443  3.7523  4.647    1  0.000  0.543     0.00     0.00 -1 -4.14e-16      0.00 8.099e-01 1.900e-01 2.628e-05 7.104e-06 6.454e-05 -1.000 1.647e-04 5.878 5.489 5.172 4.911 4.533 4.397 4.355 4.345 4.337 4.628 4.351 4.616 4.427 4.404 4.390 4.365 4.353 4.348 4.344 4.338 4.337 4.332 4.336 4.488
0.00018264 -1.93000 10.07918 0.6495532393 2.3517832756    0.649 -0.391  3.7587  4.629    1  0.000  0.543     0.00     0.00 -1 -2.22e-14      0.00 8.141e-01 1.858e-01 2.578e-05 6.970e-06 6.333e-05 -1.000 1.311e-04 5.748 5.370 5.063 4.811 4.441 4.312 4.274 4.266 4.258 4.535 4.270 4.522 4.338 4.317 4.305 4.282 4.272 4.268 4.264 4.259 4.258 4.253 4.257 4.396
0.00018264 -1.93000 10.07918 0.6499999762 2.3520355225    0.650 -0.389  3.7590  4.628    1  0.000  0.543     0.00     0.00 -1 -3.08e-14      0.00 8.143e-01 1.856e-01 2.576e-05 6.964e-06 6.328e-05 -1.000 1.765e-04 5.743 5.365 5.059 4.806 4.437 4.308 4.270 4.262 4.254 4.531 4.267 4.518 4.334 4.313 4.301 4.278 4.268 4.265 4.261 4.255 4.254 4.250 4.254 4.393
0.00018264 -1.93000 10.07918 0.6589780450 2.3570179939    0.659 -0.347  3.7639  4.611    1  0.000  0.542     0.00     0.00 -1 -3.43e-14      0.00 8.185e-01 1.813e-01 2.525e-05 6.829e-06 6.206e-05 -1.000 1.869e-04 5.638 5.269 4.970 4.724 4.360 4.236 4.202 4.195 4.188 4.454 4.199 4.439 4.260 4.241 4.230 4.209 4.200 4.198 4.194 4.189 4.188 4.183 4.188 4.317
0.00018264 -1.93000 10.07918 0.6691758633 2.3624916077    0.669 -0.299  3.7693  4.591    1  0.000  0.542     0.00     0.00 -1  -3.9e-14      0.00 8.237e-01 1.762e-01 2.463e-05 6.665e-06 6.060e-05 -1.000 1.699e-04 5.517 5.157 4.868 4.627 4.271 4.153 4.122 4.116 4.110 4.365 4.119 4.348 4.173 4.157 4.147 4.127 4.121 4.118 4.115 4.111 4.110 4.105 4.110 4.229
0.00018264 -1.93000 10.07918 0.6788769364 2.3675234318    0.679 -0.252  3.7744  4.571    1  0.000  0.542     0.00     0.00 -1 -2.89e-14      0.00 8.289e-01 1.710e-01 2.401e-05 6.500e-06 5.911e-05 -1.000 1.490e-04 5.400 5.049 4.767 4.533 4.183 4.070 4.042 4.038 4.032 4.276 4.040 4.259 4.088 4.074 4.065 4.047 4.042 4.040 4.037 4.033 4.032 4.027 4.032 4.142
0.00018264 -1.93000 10.07918 0.6881385446 2.3721752167    0.688 -0.206  3.7792  4.550    1  0.000  0.541     0.00     0.00 -1 -9.72e-15      0.00 8.342e-01 1.657e-01 2.338e-05 6.332e-06 5.760e-05 -1.000 1.196e-04 5.284 4.941 4.668 4.439 4.096 3.988 3.963 3.959 3.953 4.189 3.961 4.170 4.003 3.991 3.983 3.967 3.963 3.961 3.958 3.954 3.953 3.949 3.953 4.056
0.00018264 -1.93000 10.07918 0.6963579059 2.3761847019    0.696 -0.163  3.7834  4.529    1  0.000  0.541     0.00     0.00 -1 -6.62e-15      0.00 8.391e-01 1.607e-01 2.279e-05 6.174e-06 5.619e-05 -1.000 1.488e-04 5.178 4.843 4.576 4.352 4.015 3.911 3.888 3.885 3.880 4.107 3.886 4.087 3.925 3.914 3.907 3.892 3.888 3.887 3.885 3.881 3.880 3.876 3.880 3.976
0.00018264 -1.93000 10.07918 0.6999999881 2.3779268265    0.700 -0.144  3.7852  4.520    1  0.000  0.541     0.00     0.00 -1  -5.9e-14      0.00 8.414e-01 1.584e-01 2.251e-05 6.101e-06 5.554e-05 -1.000 1.739e-04 5.130 4.798 4.534 4.313 3.978 3.877 3.854 3.852 3.846 4.070 3.853 4.050 3.890 3.879 3.873 3.858 3.855 3.854 3.851 3.847 3.846 3.842 3.846 3.940
0.00018264 -1.93000 10.07918 0.7092351317 2.3822519779    0.709 -0.093  3.7897  4.493    1  0.000  0.538     0.00     0.00 -1 -6.79e-14      0.00 8.468e-01 1.531e-01 2.188e-05 5.946e-06 5.417e-05 -1.000 1.591e-04 5.004 4.680 4.423 4.206 3.878 3.782 3.760 3.759 3.754 3.970 3.760 3.948 3.793 3.784 3.778 3.764 3.762 3.761 3.759 3.755 3.754 3.750 3.754 3.841
0.00018264 -1.93000 10.07918 0.7177017331 2.3861050606    0.717 -0.045  3.7937  4.465    1  0.000  0.537     0.00     0.00 -1  -7.8e-14      0.00 8.513e-01 1.485e-01 2.135e-05 5.820e-06 5.305e-05 -1.000 1.508e-04 4.881 4.564 4.314 4.102 3.781 3.688 3.668 3.667 3.662 3.872 3.668 3.849 3.697 3.690 3.684 3.671 3.670 3.669 3.667 3.663 3.662 3.658 3.662 3.745
0.00018264 -1.93000 10.07918 0.7260619402 2.3898084164    0.726  0.006  3.7976  4.435    1  0.000  0.535     0.00     0.00 -1 -9.03e-14      0.00 8.554e-01 1.445e-01 2.090e-05 5.712e-06 5.212e-05 -1.000 9.164e-05 4.754 4.443 4.199 3.992 3.678 3.589 3.570 3.569 3.564 3.768 3.570 3.744 3.597 3.591 3.585 3.573 3.572 3.571 3.569 3.565 3.564 3.560 3.564 3.643
0.00018264 -1.93000 10.07918 0.7332423925 2.3929116726    0.733  0.053  3.8008  4.406    1  0.000  0.533     0.00     0.00 -1 -1.03e-13      0.00 8.585e-01 1.414e-01 2.058e-05 5.637e-06 5.147e-05 -1.000 9.306e-05 4.638 4.332 4.093 3.891 3.582 3.496 3.479 3.478 3.473 3.671 3.479 3.646 3.503 3.498 3.493 3.481 3.481 3.480 3.477 3.474 3.473 3.469 3.473 3.548
0.00018264 -1.93000 10.07918 0.7401990294 2.3958523273    0.740  0.100  3.8038  4.374    1  0.000  0.532     0.00     0.00 -1 -1.14e-13      0.00 8.611e-01 1.387e-01 2.031e-05 5.576e-06 5.095e-05 -1.000 1.489e-04 4.519 4.217 3.984 3.785 3.482 3.399 3.382 3.382 3.377 3.570 3.382 3.544 3.405 3.400 3.395 3.385 3.384 3.383 3.381 3.377 3.377 3.373 3.377 3.448
0.00018264 -1.93000 10.07918 0.7471562624 2.3987302780    0.747  0.152  3.8067  4.338    1  0.000  0.530     0.00     0.00 -1 -1.65e-14      0.00 8.635e-01 1.363e-01 2.007e-05 5.523e-06 5.050e-05 -1.000 1.708e-04 4.391 4.093 3.864 3.669 3.372 3.291 3.276 3.275 3.270 3.459 3.275 3.432 3.297 3.293 3.288 3.278 3.277 3.276 3.274 3.270 3.270 3.266 3.270 3.339
0.00018264 -1.93000 10.07918 0.7500000000 2.3998889923    0.749  0.173  3.8079  4.323    1  0.000  0.529     0.00     0.00 -1 -1.48e-13      0.00 8.645e-01 1.353e-01 1.998e-05 5.503e-06 5.033e-05 -1.000 1.830e-04 4.337 4.040 3.814 3.620 3.325 3.245 3.230 3.229 3.224 3.411 3.230 3.384 3.251 3.247 3.242 3.232 3.232 3.231 3.228 3.225 3.224 3.220 3.224 3.292
0.00018264 -1.93000 10.07918 0.7513949275 2.4004538059    0.751  0.184  3.8085  4.316    1  0.000  0.529     0.00     0.00 -1 -1.53e-13      0.00 8.646e-01 1.352e-01 1.999e-05 5.506e-06 5.035e-05 -1.000 1.843e-04 4.310 4.014 3.789 3.596 3.303 3.223 3.208 3.208 3.203 3.389 3.208 3.362 3.229 3.225 3.220 3.210 3.210 3.209 3.207 3.203 3.203 3.199 3.203 3.270
0.00018264 -1.93000 10.07918 0.7594533563 2.4036693573    0.759  0.252  3.8118  4.265    1  0.000  0.529     0.00     0.00 -1 -1.88e-13      0.00 8.653e-01 1.347e-01 2.003e-05 5.519e-06 5.050e-05 -1.000 8.729e-05 4.140 3.849 3.629 3.440 3.153 3.077 3.063 3.062 3.057 3.238 3.062 3.211 3.082 3.079 3.074 3.065 3.064 3.063 3.061 3.058 3.057 3.053 3.057 3.122
0.00018264 -1.93000 10.07918 0.7647995949 2.4057595730    0.764  0.301  3.8137  4.227    1  0.000  0.529     0.00     0.00 -1 -2.19e-13      0.00 8.655e-01 1.344e-01 2.007e-05 5.531e-06 5.062e-05 -1.000 9.885e-05 4.018 3.728 3.512 3.326 3.043 2.968 2.954 2.954 2.949 3.127 2.954 3.099 2.973 2.970 2.966 2.956 2.956 2.955 2.953 2.949 2.949 2.945 2.949 3.012
0.00018264 -1.93000 10.07918 0.7698677182 2.4077105522    0.769  0.350  3.8151  4.186    1  0.000  0.528     0.00     0.00 -1 -2.56e-13      0.00 8.647e-01 1.352e-01 2.022e-05 5.575e-06 5.102e-05 -1.000 1.000e-04 3.895 3.607 3.393 3.209 2.929 2.856 2.842 2.842 2.837 3.013 2.842 2.985 2.861 2.857 2.853 2.844 2.844 2.843 2.841 2.837 2.837 2.833 2.837 2.899
0.00018264 -1.93000 10.07918 0.7740107775 2.4092833996    0.773  0.393  3.8157  4.148    1  0.000  0.528     0.00     0.00 -1 -2.97e-13      0.00 8.637e-01 1.362e-01 2.039e-05 5.622e-06 5.145e-05 -1.000 9.996e-05 3.787 3.499 3.287 3.103 2.825 2.752 2.739 2.738 2.733 2.908 2.738 2.880 2.757 2.754 2.750 2.741 2.741 2.740 2.737 2.734 2.733 2.729 2.733 2.796
0.00018264 -1.93000 10.07918 0.7756382227 2.4098958969    0.775  0.412  3.8155  4.129    1  0.000  0.528     0.00     0.00 -1 -3.17e-13      0.00 8.633e-01 1.366e-01 2.046e-05 5.641e-06 5.162e-05 -1.000 1.000e-04 3.740 3.451 3.238 3.054 2.776 2.703 2.690 2.689 2.684 2.859 2.689 2.831 2.708 2.705 2.701 2.692 2.691 2.690 2.688 2.685 2.684 2.680 2.684 2.746
0.00018264 -1.93000 10.07918 0.7800592184 2.4115452766    0.779  0.468  3.8137  4.069    1  0.000  0.528     0.00     0.00 -1 -3.83e-13      0.00 8.621e-01 1.378e-01 2.064e-05 5.691e-06 5.209e-05 -1.000 9.997e-05 3.601 3.308 3.093 2.907 2.627 2.552 2.538 2.537 2.532 2.710 2.537 2.682 2.557 2.553 2.549 2.540 2.539 2.538 2.536 2.533 2.532 2.528 2.532 2.596
0.00018264 -1.93000 10.07918 0.7831519246 2.4126863480    0.782  0.511  3.8111  4.016    1  0.000  0.528     0.00     0.00 -1 -4.49e-13      0.00 8.613e-01 1.386e-01 2.077e-05 5.726e-06 5.241e-05 -1.000 1.000e-04 3.491 3.194 2.975 2.785 2.500 2.423 2.409 2.407 2.402 2.584 2.408 2.557 2.429 2.425 2.421 2.411 2.410 2.409 2.406 2.403 2.402 2.398 2.402 2.469
0.00018264 -1.93000 10.07918 0.7838113308 2.4129283428    0.782  0.522  3.8102  4.003    1  0.000  0.528     0.00     0.00 -1 -4.68e-13      0.00 8.612e-01 1.387e-01 2.080e-05 5.734e-06 5.248e-05 -1.000 9.996e-05 3.466 3.168 2.947 2.756 2.470 2.391 2.378 2.376 2.371 2.554 2.377 2.526 2.398 2.393 2.389 2.380 2.379 2.378 2.375 2.372 2.371 2.367 2.371 2.438
0.00018264 -1.93000 10.07918 0.7844337225 2.4131562710    0.783  0.532  3.8091  3.988    2  0.000  0.528     0.00     0.00 -1 -4.89e-13      0.00 8.610e-01 1.389e-01 2.082e-05 5.741e-06 5.254e-05 -1.000 9.997e-05 3.440 3.139 2.917 2.725 2.436 2.357 2.343 2.341 2.336 2.521 2.342 2.494 2.364 2.359 2.355 2.345 2.344 2.343 2.340 2.337 2.336 2.332 2.336 2.404
0.00018264 -1.93000 10.07918 0.7865287662 2.4139204025    0.785  0.571  3.8040  3.930    2  0.000  0.528     0.00     0.00 -1 -5.68e-13      0.00 8.605e-01 1.394e-01 2.091e-05 5.764e-06 5.276e-05 -1.000 1.000e-04 3.343 3.034 2.803 2.605 2.307 2.223 2.208 2.206 2.200 2.393 2.207 2.367 2.231 2.225 2.221 2.210 2.209 2.208 2.205 2.201 2.200 2.196 2.200 2.274
0.00018264 -1.93000 10.07918 0.7881337404 2.4145026207    0.787  0.606  3.7975  3.870    2  0.000  0.528     0.00     0.00 -1 -6.59e-13      0.00 8.601e-01 1.398e-01 2.098e-05 5.783e-06 5.292e-05 -1.000 9.994e-05 3.255 2.937 2.695 2.489 2.178 2.089 2.072 2.070 2.064 2.267 2.071 2.242 2.099 2.091 2.086 2.075 2.073 2.072 2.069 2.065 2.064 2.060 2.064 2.144
0.00018264 -1.93000 10.07918 0.7893919945 2.4149572849    0.788  0.638  3.7898  3.808    2  0.000  0.528     0.00     0.00 -1  -7.6e-13      0.00 8.595e-01 1.403e-01 2.106e-05 5.806e-06 5.314e-05 -1.000 1.094e-04 3.176 2.846 2.592 2.376 2.051 1.955 1.936 1.934 1.927 2.142 1.935 2.118 1.966 1.956 1.952 1.940 1.937 1.936 1.933 1.928 1.927 1.923 1.927 2.014
0.00018264 -1.93000 10.07918 0.7904071212 2.4153227806    0.789  0.666  3.7813  3.746    2  0.000  0.529     0.00     0.00 -1 -8.72e-13      0.00 8.555e-01 1.444e-01 2.156e-05 5.943e-06 5.438e-05 -1.000 1.096e-04 3.104 2.763 2.495 2.267 1.925 1.822 1.801 1.798 1.791 2.019 1.800 1.998 1.835 1.823 1.819 1.805 1.802 1.800 1.797 1.792 1.791 1.787 1.791 1.886
0.00018264 -1.93000 10.07918 0.7912593484 2.4156289101    0.790  0.693  3.7729  3.686    2  0.000  0.530     0.00     0.00 -1 -9.93e-13      0.00 8.390e-01 1.609e-01 2.346e-05 6.456e-06 5.900e-05 -1.000 1.113e-04 3.037 2.686 2.404 2.164 1.807 1.695 1.672 1.669 1.661 1.903 1.671 1.884 1.711 1.697 1.691 1.677 1.673 1.671 1.667 1.662 1.661 1.656 1.660 1.766
0.00018264 -1.93000 10.07918 0.7920114398 2.4158983231    0.790  0.720  3.7651  3.628    2  0.000  0.533     0.00     0.00 -1 -1.13e-12      0.00 8.107e-01 1.892e-01 2.655e-05 7.283e-06 6.640e-05 -1.000 1.428e-04 2.970 2.609 2.314 2.063 1.692 1.572 1.547 1.543 1.535 1.790 1.545 1.773 1.591 1.574 1.568 1.552 1.547 1.545 1.541 1.536 1.535 1.530 1.534 1.648
0.00018264 -1.93000 10.07918 0.7926790118 2.4161369801    0.791  0.750  3.7580  3.570    2  0.000  0.535     0.00     0.00 -1 -1.29e-12      0.00 7.919e-01 2.079e-01 2.858e-05 7.826e-06 7.124e-05 -1.000 1.267e-04 2.895 2.526 2.219 1.959 1.575 1.447 1.420 1.415 1.407 1.674 1.418 1.660 1.468 1.450 1.443 1.425 1.420 1.417 1.413 1.408 1.407 1.402 1.406 1.529
0.00018264 -1.93000 10.07918 0.7933403254 2.4163730145    0.792  0.788  3.7516  3.507    2  0.000  0.536     0.00     0.00 -1 -1.52e-12      0.00 7.807e-01 2.191e-01 2.979e-05 8.152e-06 7.415e-05 -1.000 1.745e-04 2.799 2.423 2.105 1.836 1.439 1.305 1.276 1.270 1.262 1.540 1.274 1.528 1.329 1.309 1.300 1.282 1.276 1.273 1.269 1.263 1.262 1.257 1.261 1.392
0.00018264 -1.93000 10.07918 0.7938624620 2.4165589809    0.792  0.827  3.7474  3.452    2  0.000  0.536     0.00     0.00 -1 -1.77e-12      0.00 7.752e-01 2.246e-01 3.039e-05 8.310e-06 7.557e-05 -1.000 1.869e-04 2.703 2.323 1.997 1.722 1.318 1.180 1.149 1.142 1.134 1.420 1.147 1.409 1.205 1.183 1.175 1.156 1.149 1.145 1.141 1.135 1.134 1.129 1.133 1.270
0.00018264 -1.93000 10.07918 0.7942195535 2.4166860580    0.792  0.856  3.7449  3.412    2  0.000  0.536     0.00     0.00 -1 -1.98e-12      0.00 7.724e-01 2.274e-01 3.068e-05 8.391e-06 7.629e-05 -1.000 1.869e-04 2.630 2.246 1.917 1.638 1.229 1.088 1.057 1.050 1.042 1.332 1.054 1.321 1.114 1.092 1.083 1.064 1.056 1.053 1.049 1.043 1.042 1.037 1.040 1.180
0.00018264 -1.93000 10.07918 0.7945322394 2.4167971611    0.793  0.886  3.7431  3.376    3  0.000  0.536     0.00     0.00 -1 -2.21e-12      0.00 7.706e-01 2.292e-01 3.087e-05 8.440e-06 7.673e-05 -1.000 1.609e-04 2.555 2.170 1.838 1.556 1.145 1.002 0.970 0.963 0.954 1.247 0.967 1.238 1.028 1.006 0.996 0.977 0.969 0.966 0.962 0.956 0.955 0.949 0.953 1.095
0.00018264 -1.93000 10.07918 0.7949423194 2.4169428349    0.793  0.927  3.7411  3.327    3  0.000  0.537     0.00     0.00 -1 -2.56e-12      0.00 7.684e-01 2.314e-01 3.108e-05 8.495e-06 7.722e-05 -1.000 1.722e-04 2.453 2.066 1.730 1.445 1.030 0.885 0.853 0.845 0.836 1.133 0.849 1.124 0.912 0.889 0.879 0.860 0.852 0.848 0.844 0.837 0.836 0.831 0.835 0.979
0.00018264 -1.93000 10.07918 0.7953553796 2.4170892239    0.793  0.970  3.7391  3.275    3  0.000  0.537     0.00     0.00 -1    -3e-12      0.00 7.664e-01 2.334e-01 3.125e-05 8.541e-06 7.764e-05 -1.000 1.786e-04 2.344 1.955 1.615 1.328 0.909 0.762 0.729 0.721 0.712 1.012 0.725 1.003 0.789 0.766 0.756 0.736 0.728 0.724 0.720 0.713 0.712 0.707 0.711 0.857
0.00018264 -1.93000 10.07918 0.7957510948 2.4172294140    0.794  1.015  3.7374  3.224    3  0.000  0.537     0.00     0.00 -1 -3.53e-12      0.00 7.646e-01 2.352e-01 3.138e-05 8.578e-06 7.796e-05 -1.000 1.864e-04 2.232 1.841 1.499 1.209 0.786 0.638 0.605 0.597 0.588 0.891 0.601 0.882 0.666 0.642 0.632 0.612 0.604 0.600 0.596 0.589 0.588 0.583 0.586 0.735
0.00018264 -1.93000 10.07918 0.7961716652 2.4173781872    0.794  1.066  3.7357  3.167    3  0.000  0.537     0.00     0.00 -1 -4.24e-12      0.00 7.629e-01 2.369e-01 3.151e-05 8.612e-06 7.826e-05 -1.000 1.869e-04 2.105 1.713 1.367 1.075 0.649 0.498 0.465 0.457 0.448 0.753 0.461 0.746 0.527 0.502 0.492 0.472 0.464 0.460 0.455 0.449 0.448 0.443 0.446 0.596
0.00018264 -1.93000 10.07918 0.7965245843 2.4175031185    0.794  1.112  3.7342  3.115    3  0.000  0.537     0.00     0.00 -1    -5e-12      0.00 7.614e-01 2.384e-01 3.160e-05 8.638e-06 7.849e-05 -1.000 1.869e-04 1.991 1.597 1.249 0.955 0.525 0.373 0.340 0.331 0.322 0.631 0.336 0.623 0.403 0.377 0.367 0.347 0.338 0.334 0.330 0.323 0.322 0.318 0.321 0.473
0.00018264 -1.93000 10.07918 0.7968816757 2.4176290035    0.795  1.161  3.7326  3.059    3  0.000  0.537     0.00     0.00 -1 -5.97e-12      0.00 7.600e-01 2.398e-01 3.167e-05 8.660e-06 7.868e-05 -1.000 1.806e-04 1.867 1.472 1.121 0.824 0.392 0.238 0.204 0.195 0.187 0.497 0.200 0.491 0.267 0.242 0.231 0.212 0.202 0.198 0.194 0.187 0.186 0.182 0.185 0.338
0.00018264 -1.93000 10.07918 0.7972319722 2.4177527428    0.795  1.214  3.7310  3.000    3  0.000  0.536     0.00     0.00 -1 -7.23e-12      0.00 7.586e-01 2.412e-01 3.172e-05 8.682e-06 7.885e-05 -1.000 1.821e-04 1.734 1.338 0.985 0.685 0.249 0.093 0.059 0.051 0.042 0.355 0.055 0.349 0.123 0.097 0.087 0.067 0.058 0.054 0.049 0.042 0.041 0.037 0.040 0.195
0.00018264 -1.93000 10.07918 0.7975147963 2.4178524017    0.795  1.261  3.7296  2.947    3  0.000  0.536     0.00     0.00 -1 -8.55e-12      0.00 7.575e-01 2.423e-01 3.174e-05 8.701e-06 7.897e-05 -1.000 1.862e-04 1.617 1.219 0.863 0.561 0.123 -0.035 -0.069 -0.078 -0.087 0.229 -0.073 0.224 -0.004 -0.030 -0.041 -0.061 -0.071 -0.075 -0.079 -0.086 -0.087 -0.091 -0.088 0.068
0.00018264 -1.93000 10.07918 0.7977875471 2.4179482460    0.795  1.310  3.7281  2.892    3  0.000  0.535     0.00     0.00 -1 -1.02e-11      0.00 7.565e-01 2.433e-01 3.174e-05 8.723e-06 7.907e-05 -1.000 1.869e-04 1.494 1.095 0.736 0.432 -0.010 -0.168 -0.203 -0.212 -0.221 0.097 -0.207 0.092 -0.137 -0.164 -0.175 -0.195 -0.205 -0.209 -0.213 -0.220 -0.221 -0.225 -0.222 -0.064
0.00018264 -1.93000 10.07918 0.7980325818 2.4180345535    0.795  1.358  3.7266  2.838    3  0.000  0.534     0.00     0.00 -1 -1.21e-11      0.00 7.556e-01 2.442e-01 3.172e-05 8.749e-06 7.915e-05 -1.000 1.865e-04 1.374 0.973 0.612 0.306 -0.139 -0.299 -0.334 -0.343 -0.352 -0.032 -0.338 -0.036 -0.267 -0.295 -0.305 -0.326 -0.336 -0.340 -0.345 -0.352 -0.353 -0.356 -0.353 -0.194
0.00018264 -1.93000 10.07918 0.7982546091 2.4181125164    0.795  1.406  3.7251  2.785    3  0.000  0.533     0.00     0.00 -1 -1.44e-11      0.00 7.549e-01 2.449e-01 3.169e-05 8.780e-06 7.921e-05 -1.000 1.852e-04 1.255 0.854 0.489 0.181 -0.267 -0.429 -0.464 -0.473 -0.482 -0.160 -0.468 -0.163 -0.397 -0.424 -0.435 -0.456 -0.466 -0.470 -0.475 -0.482 -0.483 -0.487 -0.484 -0.322
0.00018264 -1.93000 10.07918 0.7984533310 2.4181823730    0.795  1.452  3.7236  2.732    3  0.000  0.532     0.00     0.00 -1  -1.7e-11      0.00 7.543e-01 2.455e-01 3.164e-05 8.814e-06 7.926e-05 -1.000 1.860e-04 1.139 0.736 0.369 0.058 -0.392 -0.556 -0.591 -0.601 -0.610 -0.285 -0.595 -0.288 -0.523 -0.551 -0.562 -0.583 -0.593 -0.598 -0.603 -0.610 -0.611 -0.614 -0.611 -0.449
0.00018264 -1.93000 10.07918 0.7986413240 2.4182484150    0.795  1.500  3.7221  2.678    3  0.000  0.531     0.00     0.00 -1 -2.02e-11      0.00 7.538e-01 2.460e-01 3.160e-05 8.853e-06 7.930e-05 -1.000 1.870e-04 1.019 0.615 0.245 -0.068 -0.522 -0.687 -0.722 -0.732 -0.742 -0.414 -0.727 -0.416 -0.654 -0.682 -0.694 -0.714 -0.725 -0.729 -0.734 -0.741 -0.742 -0.745 -0.742 -0.578
0.00018264 -1.93000 10.07918 0.7988083363 2.4183070660    0.795  1.547  3.7205  2.625    3  0.000  0.531     0.00     0.00 -1 -2.39e-11      0.00 7.534e-01 2.464e-01 3.156e-05 8.889e-06 7.933e-05 -1.000 1.869e-04 0.902 0.497 0.124 -0.192 -0.649 -0.816 -0.851 -0.861 -0.870 -0.540 -0.856 -0.542 -0.782 -0.811 -0.822 -0.843 -0.854 -0.858 -0.863 -0.871 -0.871 -0.874 -0.871 -0.706
0.00018264 -1.93000 10.07918 0.7989566326 2.4183590412    0.795  1.593  3.7189  2.573    3  0.000  0.530     0.00     0.00 -1 -2.82e-11      0.00 7.531e-01 2.467e-01 3.153e-05 8.916e-06 7.935e-05 -1.000 1.869e-04 0.788 0.383 0.006 -0.311 -0.772 -0.941 -0.976 -0.987 -0.996 -0.663 -0.981 -0.664 -0.906 -0.936 -0.947 -0.968 -0.979 -0.984 -0.989 -0.996 -0.996 -0.999 -0.996 -0.830
0.00018264 -1.93000 10.07918 0.7990911007 2.4184062481    0.795  1.638  3.7174  2.522    3  0.000  0.530     0.00     0.00 -1 -3.32e-11      0.00 7.530e-01 2.468e-01 3.151e-05 8.931e-06 7.936e-05 -1.000 1.867e-04 0.676 0.270 -0.109 -0.429 -0.893 -1.064 -1.099 -1.110 -1.119 -0.784 -1.104 -0.784 -1.029 -1.059 -1.070 -1.091 -1.102 -1.107 -1.112 -1.120 -1.120 -1.121 -1.119 -0.951
0.00018264 -1.93000 10.07918 0.7992171049 2.4184503555    0.795  1.683  3.7158  2.470    3  0.000  0.529     0.00     0.00 -1 -3.92e-11      0.00 7.529e-01 2.469e-01 3.149e-05 8.941e-06 7.936e-05 -1.000 1.869e-04 0.562 0.155 -0.228 -0.550 -1.017 -1.190 -1.226 -1.237 -1.245 -0.908 -1.231 -0.907 -1.154 -1.185 -1.196 -1.217 -1.229 -1.234 -1.239 -1.246 -1.246 -1.248 -1.246 -1.076
0.00018264 -1.93000 10.07918 0.7993284464 2.4184894562    0.795  1.727  3.7142  2.420    3  0.000  0.529     0.00     0.00 -1 -4.59e-11      0.00 7.529e-01 2.469e-01 3.149e-05 8.947e-06 7.937e-05 -1.000 1.869e-04 0.452 0.044 -0.342 -0.667 -1.137 -1.311 -1.348 -1.359 -1.367 -1.027 -1.353 -1.026 -1.275 -1.306 -1.318 -1.339 -1.351 -1.356 -1.361 -1.369 -1.368 -1.369 -1.368 -1.196
0.00018264 -1.93000 10.07918 0.7994312644 2.4185254574    0.795  1.771  3.7126  2.369    3  0.000  0.529     0.00     0.00 -1 -5.39e-11      0.00 7.529e-01 2.469e-01 3.149e-05 8.948e-06 7.938e-05 -1.000 1.869e-04 0.342 -0.068 -0.457 -0.784 -1.257 -1.433 -1.470 -1.481 -1.489 -1.147 -1.475 -1.145 -1.397 -1.428 -1.440 -1.461 -1.473 -1.478 -1.483 -1.491 -1.491 -1.491 -1.490 -1.317
0.00018264 -1.93000 10.07918 0.7995256186 2.4185585976    0.794  1.815  3.7109  2.319    3  0.000  0.529     0.00     0.00 -1 -6.32e-11      0.00 7.529e-01 2.469e-01 3.149e-05 8.948e-06 7.938e-05 -1.000 1.869e-04 0.232 -0.179 -0.571 -0.900 -1.377 -1.555 -1.592 -1.604 -1.612 -1.267 -1.597 -1.265 -1.518 -1.550 -1.561 -1.583 -1.595 -1.601 -1.606 -1.614 -1.613 -1.613 -1.612 -1.437
0.00018264 -1.93000 10.07918 0.7996094823 2.4185879230    0.794  1.858  3.7093  2.270    3  0.000  0.529     0.00     0.00 -1  -6.2e-11      0.00 7.529e-01 2.469e-01 3.149e-05 8.949e-06 7.938e-05 -1.000 1.869e-04 0.126 -0.285 -0.681 -1.013 -1.492 -1.672 -1.710 -1.722 -1.730 -1.382 -1.715 -1.379 -1.635 -1.667 -1.679 -1.701 -1.713 -1.719 -1.724 -1.732 -1.731 -1.731 -1.730 -1.553
0.00018264 -1.93000 10.07918 0.7996870279 2.4186151028    0.794  1.900  3.7078  2.221    3  0.000  0.529     0.00     0.00 -1 -6.88e-11      0.00 7.529e-01 2.469e-01 3.149e-05 8.949e-06 7.938e-05 -1.000 1.869e-04 0.021 -0.391 -0.789 -1.124 -1.607 -1.789 -1.826 -1.839 -1.846 -1.496 -1.832 -1.493 -1.751 -1.783 -1.795 -1.817 -1.830 -1.836 -1.841 -1.849 -1.848 -1.847 -1.846 -1.669
0.00018264 -1.93000 10.07918 0.7997614741 2.4186410904    0.794  1.943  3.7061  2.171    3  0.000  0.529     0.00     0.00 -1 -8.37e-11      0.00 7.529e-01 2.469e-01 3.149e-05 8.950e-06 7.938e-05 -1.000 1.868e-04 -0.088 -0.500 -0.902 -1.240 -1.726 -1.909 -1.948 -1.960 -1.968 -1.615 -1.954 -1.611 -1.871 -1.904 -1.916 -1.938 -1.952 -1.957 -1.962 -1.970 -1.970 -1.968 -1.967 -1.788
0.00018264 -1.93000 10.07918 0.7998251915 2.4186635017    0.793  1.983  3.7045  2.124    3  0.000  0.529     0.00     0.00 -1 -1.02e-10      0.00 7.529e-01 2.469e-01 3.149e-05 8.950e-06 7.938e-05 -1.000 1.869e-04 -0.188 -0.601 -1.006 -1.346 -1.836 -2.022 -2.060 -2.073 -2.080 -1.725 -2.066 -1.720 -1.983 -2.016 -2.029 -2.051 -2.064 -2.070 -2.075 -2.083 -2.082 -2.080 -2.079 -1.899
0.00018264 -1.93000 10.07918 0.7998841405 2.4186840057    0.793  2.023  3.7029  2.078    3  0.000  0.529     0.00     0.00 -1 -1.23e-10      0.00 7.529e-01 2.470e-01 3.149e-05 8.950e-06 7.938e-05 -1.000 1.870e-04 -0.288 -0.701 -1.110 -1.452 -1.946 -2.133 -2.172 -2.185 -2.192 -1.834 -2.178 -1.828 -2.093 -2.127 -2.140 -2.162 -2.176 -2.181 -2.187 -2.195 -2.194 -2.191 -2.191 -2.009
0.00018264 -1.93000 10.07918 0.7999404669 2.4187037945    0.793  2.064  3.7013  2.030    3  0.000  0.529     0.00     0.00 -1 -1.49e-10      0.00 7.529e-01 2.470e-01 3.149e-05 8.951e-06 7.938e-05 -1.000 1.869e-04 -0.390 -0.803 -1.215 -1.560 -2.057 -2.246 -2.285 -2.299 -2.305 -1.946 -2.291 -1.939 -2.206 -2.241 -2.253 -2.275 -2.289 -2.295 -2.301 -2.309 -2.308 -2.304 -2.304 -2.121
0.00018264 -1.93000 10.07918 0.7999896407 2.4187209606    0.792  2.101  3.6997  1.986    3  0.000  0.529     0.00     0.00 -1 -1.78e-10      0.00 7.528e-01 2.470e-01 3.149e-05 8.951e-06 7.938e-05 -1.000 1.869e-04 -0.483 -0.897 -1.312 -1.660 -2.161 -2.352 -2.391 -2.405 -2.411 -2.049 -2.397 -2.041 -2.311 -2.346 -2.359 -2.381 -2.395 -2.401 -2.407 -2.415 -2.413 -2.409 -2.410 -2.225
0.00018264 -1.93000 10.07918 0.8000000119 2.4187245369    0.792  2.110  3.6993  1.977    3  0.000  0.529     0.00     0.00 -1 -1.85e-10      0.00 7.528e-01 2.470e-01 3.149e-05 8.951e-06 7.938e-05 -1.000 1.869e-04 -0.504 -0.918 -1.334 -1.683 -2.184 -2.375 -2.415 -2.428 -2.434 -2.072 -2.421 -2.063 -2.334 -2.369 -2.382 -2.404 -2.419 -2.424 -2.430 -2.438 -2.437 -2.432 -2.433 -2.248
0.00018264 -1.93000 10.07918 0.8000452518 2.4187402725    0.792  2.145  3.6979  1.935    3  0.000  0.529     0.00     0.00 -1 -2.11e-10      0.00 7.528e-01 2.470e-01 3.149e-05 8.952e-06 7.939e-05 -1.000 1.870e-04 -0.594 -1.008 -1.427 -1.778 -2.282 -2.475 -2.515 -2.529 -2.535 -2.170 -2.521 -2.161 -2.434 -2.469 -2.483 -2.505 -2.519 -2.525 -2.531 -2.539 -2.537 -2.533 -2.533 -2.347
0.00018264 -1.93000 10.07918 0.8001056314 2.4187614918    0.791  2.187  3.6962  1.886    3  0.000  0.529     0.00     0.00 -1 -2.46e-10      0.00 7.528e-01 2.470e-01 3.149e-05 8.953e-06 7.939e-05 -1.000 1.869e-04 -0.697 -1.112 -1.535 -1.888 -2.396 -2.590 -2.631 -2.645 -2.651 -2.283 -2.637 -2.274 -2.549 -2.585 -2.598 -2.620 -2.635 -2.641 -2.647 -2.655 -2.654 -2.648 -2.649 -2.461
0.00018264 -1.93000 10.07918 0.8001372218 2.4187724590    0.791  2.201  3.6956  1.870    3  0.000  0.529     0.00     0.00 -1  -2.6e-10      0.00 7.528e-01 2.470e-01 3.149e-05 8.954e-06 7.939e-05 -1.000 1.869e-04 -0.733 -1.148 -1.572 -1.927 -2.435 -2.630 -2.671 -2.685 -2.691 -2.323 -2.677 -2.313 -2.589 -2.625 -2.638 -2.660 -2.675 -2.682 -2.687 -2.696 -2.694 -2.688 -2.689 -2.501
0.00018264 -1.93000 10.07918 0.8001679182 2.4187831879    0.790  2.192  3.6963  1.881    3  0.000  0.529     0.00     0.00 -1 -2.53e-10      0.00 7.528e-01 2.470e-01 3.149e-05 8.954e-06 7.939e-05 -1.000 1.870e-04 -0.711 -1.126 -1.549 -1.902 -2.410 -2.604 -2.645 -2.659 -2.664 -2.297 -2.651 -2.287 -2.562 -2.598 -2.612 -2.634 -2.649 -2.655 -2.661 -2.669 -2.667 -2.662 -2.662 -2.475
0.00018264 -1.93000 10.07918 0.8001746535 2.4187855721    0.790  2.199  3.6960  1.872    3  0.000  0.529     0.00     0.00 -1 -2.59e-10      0.00 7.528e-01 2.470e-01 3.149e-05 8.954e-06 7.939e-05 -1.000 1.869e-04 -0.728 -1.143 -1.567 -1.921 -2.429 -2.624 -2.664 -2.678 -2.684 -2.316 -2.670 -2.306 -2.582 -2.618 -2.631 -2.653 -2.668 -2.674 -2.680 -2.688 -2.687 -2.681 -2.682 -2.494
0.00018264 -1.93000 10.07918 0.8002117276 2.4187986851    0.790  2.241  3.6941  1.823    3  0.000  0.529     0.00     0.00 -1 -2.99e-10      0.00 7.528e-01 2.470e-01 3.149e-05 8.955e-06 7.939e-05 -1.000 1.869e-04 -0.832 -1.247 -1.674 -2.032 -2.544 -2.741 -2.782 -2.796 -2.801 -2.431 -2.788 -2.420 -2.698 -2.735 -2.749 -2.771 -2.786 -2.792 -2.798 -2.807 -2.805 -2.797 -2.799 -2.610
0.00018264 -1.93000 10.07918 0.8002492189 2.4188117981    0.789  2.285  3.6923  1.771    3  0.000  0.529     0.00     0.00 -1 -3.51e-10      0.00 7.528e-01 2.470e-01 3.149e-05 8.956e-06 7.939e-05 -1.000 1.869e-04 -0.943 -1.358 -1.789 -2.149 -2.665 -2.864 -2.906 -2.921 -2.925 -2.552 -2.912 -2.541 -2.821 -2.858 -2.872 -2.894 -2.911 -2.917 -2.923 -2.931 -2.929 -2.920 -2.922 -2.732
0.00018264 -1.93000 10.07918 0.8002810478 2.4188227654    0.789  2.325  3.6903  1.723    3  0.000  0.529     0.00     0.00 -1 -4.08e-10      0.00 7.528e-01 2.470e-01 3.149e-05 8.956e-06 7.939e-05 -1.000 1.869e-04 -1.043 -1.458 -1.893 -2.257 -2.777 -2.978 -3.020 -3.036 -3.039 -2.664 -3.027 -2.651 -2.934 -2.972 -2.986 -3.008 -3.025 -3.032 -3.038 -3.046 -3.043 -3.033 -3.035 -2.844
0.00018264 -1.93000 10.07918 0.8003123403 2.4188337326    0.788  2.367  3.6884  1.673    3  0.000  0.529     0.00     0.00 -1 -4.76e-10      0.00 7.528e-01 2.470e-01 3.149e-05 8.957e-06 7.939e-05 -1.000 1.869e-04 -1.148 -1.563 -2.002 -2.370 -2.894 -3.097 -3.140 -3.156 -3.159 -2.780 -3.147 -2.767 -3.053 -3.092 -3.105 -3.128 -3.145 -3.152 -3.158 -3.166 -3.163 -3.151 -3.154 -2.962
0.00018264 -1.93000 10.07918 0.8003415465 2.4188439846    0.787  2.409  3.6866  1.623    3  0.000  0.529     0.00     0.00 -1 -5.56e-10      0.00 7.528e-01 2.470e-01 3.149e-05 8.958e-06 7.939e-05 -1.000 1.870e-04 -1.254 -1.668 -2.112 -2.482 -3.010 -3.216 -3.259 -3.275 -3.277 -2.897 -3.266 -2.882 -3.171 -3.210 -3.224 -3.247 -3.264 -3.271 -3.277 -3.286 -3.282 -3.268 -3.272 -3.079
0.00018264 -1.93000 10.07918 0.8003671169 2.4188528061    0.787  2.449  3.6846  1.575    3  0.000  0.529     0.00     0.00 -1 -6.45e-10      0.00 7.528e-01 2.470e-01 3.149e-05 8.958e-06 7.939e-05 -1.000 1.869e-04 -1.353 -1.767 -2.215 -2.589 -3.122 -3.330 -3.373 -3.389 -3.391 -3.007 -3.380 -2.992 -3.284 -3.324 -3.338 -3.360 -3.378 -3.385 -3.392 -3.401 -3.396 -3.380 -3.384 -3.191
0.00018264 -1.93000 10.07918 0.8003924489 2.4188616276    0.786  2.491  3.6827  1.525    3  0.000  0.529     0.00     0.00 -1 -7.53e-10      0.00 7.528e-01 2.470e-01 3.149e-05 8.959e-06 7.939e-05 -1.000 1.869e-04 -1.458 -1.872 -2.324 -2.701 -3.239 -3.449 -3.492 -3.509 -3.511 -3.124 -3.500 -3.107 -3.402 -3.443 -3.457 -3.479 -3.498 -3.505 -3.512 -3.521 -3.515 -3.498 -3.503 -3.309
0.00018264 -1.93000 10.07918 0.8004149199 2.4188694954    0.785  2.531  3.6807  1.476    3  0.000  0.529     0.00     0.00 -1 -8.73e-10      0.00 7.528e-01 2.470e-01 3.149e-05 8.959e-06 7.939e-05 -1.000 1.869e-04 -1.559 -1.971 -2.429 -2.809 -3.351 -3.564 -3.607 -3.624 -3.625 -3.236 -3.615 -3.218 -3.516 -3.557 -3.572 -3.594 -3.613 -3.620 -3.627 -3.636 -3.630 -3.611 -3.616 -3.421
0.00018264 -1.93000 10.07918 0.8004359007 2.4188768864    0.784  2.572  3.6787  1.427    3  0.000  0.529     0.00     0.00 -1 -1.01e-09      0.00 7.528e-01 2.470e-01 3.149e-05 8.959e-06 7.939e-05 -1.000 1.869e-04 -1.659 -2.070 -2.532 -2.917 -3.463 -3.678 -3.722 -3.740 -3.739 -3.347 -3.730 -3.329 -3.629 -3.672 -3.686 -3.708 -3.729 -3.736 -3.743 -3.752 -3.746 -3.724 -3.730 -3.534
0.00018264 -1.93000 10.07918 0.8004558682 2.4188838005    0.783  2.612  3.6768  1.378    3  0.000  0.529     0.00     0.00 -1 -1.18e-09      0.00 7.528e-01 2.470e-01 3.148e-05 8.960e-06 7.939e-05 -1.000 1.869e-04 -1.761 -2.171 -2.638 -3.026 -3.576 -3.794 -3.838 -3.857 -3.855 -3.460 -3.847 -3.441 -3.744 -3.787 -3.802 -3.823 -3.845 -3.853 -3.859 -3.869 -3.862 -3.838 -3.844 -3.648
0.00018264 -1.93000 10.07918 0.8004773855 2.4188914299    0.781  2.660  3.6742  1.320    3  0.000  0.529     0.00     0.00 -1 -1.41e-09      0.00 7.528e-01 2.470e-01 3.148e-05 8.960e-06 7.939e-05 -1.000 1.869e-04 -1.879 -2.287 -2.761 -3.154 -3.710 -3.931 -3.975 -3.995 -3.992 -3.594 -3.984 -3.573 -3.880 -3.924 -3.940 -3.960 -3.983 -3.991 -3.998 -4.007 -4.000 -3.973 -3.980 -3.783
0.00018264 -1.93000 10.07918 0.8004946709 2.4188973904    0.780  2.701  3.6723  1.270    3  0.000  0.529     0.00     0.00 -1 -1.64e-09      0.00 7.528e-01 2.470e-01 3.148e-05 8.960e-06 7.939e-05 -1.000 1.870e-04 -1.982 -2.389 -2.868 -3.264 -3.825 -4.047 -4.093 -4.113 -4.109 -3.708 -4.102 -3.686 -3.996 -4.040 -4.056 -4.076 -4.101 -4.109 -4.115 -4.125 -4.117 -4.088 -4.095 -3.898
0.00018264 -1.93000 10.07918 0.8005125523 2.4189035892    0.778  2.746  3.6697  1.213    3  0.000  0.529     0.00     0.00 -1 -1.95e-09      0.00 7.528e-01 2.470e-01 3.148e-05 8.961e-06 7.939e-05 -1.000 1.869e-04 -2.096 -2.501 -2.987 -3.388 -3.954 -4.180 -4.226 -4.247 -4.241 -3.837 -4.235 -3.814 -4.128 -4.173 -4.190 -4.209 -4.235 -4.243 -4.249 -4.259 -4.251 -4.218 -4.226 -4.029
0.00018264 -1.93000 10.07918 0.8005272746 2.4189088345    0.777  2.787  3.6677  1.164    3  0.000  0.529     0.00     0.00 -1 -2.27e-09      0.00 7.528e-01 2.470e-01 3.148e-05 8.961e-06 7.939e-05 -1.000 1.869e-04 -2.198 -2.601 -3.092 -3.497 -4.067 -4.296 -4.342 -4.363 -4.357 -3.950 -4.351 -3.926 -4.243 -4.288 -4.305 -4.324 -4.351 -4.359 -4.366 -4.376 -4.367 -4.331 -4.340 -4.142
0.00018264 -1.93000 10.07918 0.8005422354 2.4189140797    0.775  2.831  3.6650  1.108    3  0.000  0.529     0.00     0.00 -1 -2.68e-09      0.00 7.528e-01 2.470e-01 3.148e-05 8.961e-06 7.939e-05 -1.000 1.869e-04 -2.308 -2.708 -3.206 -3.617 -4.194 -4.425 -4.472 -4.494 -4.486 -4.076 -4.482 -4.051 -4.371 -4.418 -4.435 -4.452 -4.482 -4.490 -4.497 -4.507 -4.497 -4.457 -4.467 -4.270
0.00018264 -1.93000 10.07918 0.8005546927 2.4189183712    0.773  2.871  3.6631  1.060    3  0.000  0.529     0.00     0.00 -1  -3.1e-09      0.00 7.528e-01 2.470e-01 3.148e-05 8.962e-06 7.939e-05 -1.000 1.869e-04 -2.407 -2.804 -3.308 -3.722 -4.304 -4.538 -4.584 -4.608 -4.598 -4.186 -4.594 -4.160 -4.483 -4.530 -4.548 -4.563 -4.595 -4.603 -4.611 -4.621 -4.610 -4.567 -4.578 -4.381
0.00018264 -1.93000 10.07918 0.8005678058 2.4189229012    0.771  2.915  3.6604  1.004    3  0.000  0.529     0.00     0.00 -1 -3.67e-09      0.00 7.528e-01 2.470e-01 3.148e-05 8.962e-06 7.939e-05 -1.000 1.870e-04 -2.517 -2.911 -3.423 -3.842 -4.431 -4.668 -4.714 -4.739 -4.728 -4.312 -4.725 -4.285 -4.612 -4.660 -4.677 -4.691 -4.726 -4.734 -4.742 -4.752 -4.741 -4.692 -4.705 -4.508
0.00018264 -1.93000 10.07918 0.8005810380 2.4189276695    0.768  2.963  3.6579  0.944    3  0.000  0.529     0.00     0.00 -1  -4.4e-09      0.00 7.528e-01 2.470e-01 3.148e-05 8.962e-06 7.939e-05 -1.000 1.869e-04 -2.638 -3.029 -3.549 -3.973 -4.567 -4.807 -4.853 -4.880 -4.867 -4.448 -4.865 -4.420 -4.749 -4.799 -4.817 -4.829 -4.867 -4.875 -4.883 -4.893 -4.881 -4.828 -4.842 -4.645
0.00018264 -1.93000 10.07918 0.8005917668 2.4189312458    0.765  3.005  3.6552  0.889    3  0.000  0.529     0.00     0.00 -1 -5.18e-09      0.00 7.528e-01 2.470e-01 3.148e-05 8.962e-06 7.939e-05 -1.000 1.870e-04 -2.743 -3.131 -3.659 -4.089 -4.689 -4.932 -4.979 -5.007 -4.992 -4.570 -4.991 -4.540 -4.873 -4.924 -4.942 -4.953 -4.993 -5.002 -5.009 -5.021 -5.007 -4.949 -4.965 -4.769
0.00018264 -1.93000 10.07918 0.8006010056 2.4189345837    0.763  3.044  3.6531  0.841    3  0.000  0.529     0.00     0.00 -1 -5.99e-09      0.00 7.528e-01 2.470e-01 3.148e-05 8.962e-06 7.939e-05 -1.000 1.869e-04 -2.840 -3.223 -3.758 -4.193 -4.798 -5.043 -5.090 -5.119 -5.103 -4.678 -5.102 -4.647 -4.983 -5.034 -5.054 -5.063 -5.105 -5.114 -5.122 -5.133 -5.119 -5.058 -5.074 -4.878
0.00018264 -1.93000 10.07918 0.8006105423 2.4189379215    0.759  3.086  3.6504  0.786    3  0.000  0.529     0.00     0.00 -1 -7.04e-09      0.00 7.528e-01 2.470e-01 3.148e-05 8.963e-06 7.939e-05 -1.000 1.869e-04 -2.945 -3.321 -3.865 -4.306 -4.919 -5.168 -5.214 -5.245 -5.227 -4.798 -5.227 -4.766 -5.106 -5.159 -5.179 -5.184 -5.231 -5.240 -5.248 -5.260 -5.245 -5.178 -5.196 -5.000
0.00018264 -1.93000 10.07918 0.8006202579 2.4189412594    0.756  3.132  3.6478  0.728    3  0.000  0.529     0.00     0.00 -1 -8.39e-09      0.00 7.528e-01 2.470e-01 3.148e-05 8.963e-06 7.939e-05 -1.000 1.869e-04 -3.060 -3.429 -3.983 -4.430 -5.049 -5.302 -5.348 -5.381 -5.361 -4.928 -5.362 -4.895 -5.239 -5.292 -5.313 -5.316 -5.366 -5.375 -5.383 -5.396 -5.381 -5.309 -5.328 -5.131
0.00018264 -1.93000 10.07918 0.8006284833 2.4189441204    0.752  3.173  3.6451  0.673    3  0.000  0.529     0.00     0.00 -1 -9.86e-09      0.00 7.528e-01 2.470e-01 3.148e-05 8.963e-06 7.939e-05 -1.000 1.869e-04 -3.163 -3.524 -4.088 -4.542 -5.168 -5.424 -5.470 -5.506 -5.484 -5.047 -5.485 -5.012 -5.360 -5.415 -5.436 -5.435 -5.491 -5.499 -5.508 -5.521 -5.505 -5.427 -5.448 -5.252
0.00018264 -1.93000 10.07918 0.8006367087 2.4189469814    0.747  3.217  3.6425  0.616    3  0.000  0.529     0.00     0.00 -1 -1.17e-08      0.00 7.528e-01 2.470e-01 3.148e-05 8.963e-06 7.939e-05 -1.000 1.870e-04 -3.273 -3.626 -4.200 -4.661 -5.294 -5.553 -5.598 -5.636 -5.612 -5.172 -5.614 -5.136 -5.487 -5.543 -5.565 -5.561 -5.621 -5.629 -5.638 -5.652 -5.635 -5.552 -5.574 -5.378
0.00018264 -1.93000 10.07918 0.8006443977 2.4189496040    0.742  3.259  3.6399  0.561    3  0.000  0.529     0.00     0.00 -1 -1.37e-08      0.00 7.528e-01 2.470e-01 3.148e-05 8.963e-06 7.939e-05 -1.000 1.869e-04 -3.377 -3.722 -4.306 -4.774 -5.414 -5.676 -5.721 -5.761 -5.735 -5.291 -5.738 -5.254 -5.609 -5.666 -5.689 -5.681 -5.745 -5.754 -5.763 -5.777 -5.760 -5.671 -5.694 -5.499
0.00018264 -1.93000 10.07918 0.8006464839 2.4189503193    0.741  3.269  3.6393  0.548    3  0.000  0.529     0.00     0.00 -1 -1.44e-08      0.00 7.528e-01 2.470e-01 3.148e-05 8.963e-06 7.939e-05 -1.000 1.869e-04 -3.402 -3.745 -4.331 -4.801 -5.442 -5.706 -5.750 -5.791 -5.765 -5.320 -5.768 -5.282 -5.638 -5.696 -5.718 -5.709 -5.775 -5.784 -5.793 -5.807 -5.790 -5.700 -5.723 -5.527
0.00018264 -1.93000 10.07918 0.8006464839 2.4189503193    0.740  1.678  3.8847  3.121    4  0.000  0.531     0.00     0.00 -1    -1e-30      0.00 7.544e-01 2.454e-01 3.151e-05 8.855e-06 7.910e-05 -1.000 1.868e-04 0.576 0.385 0.277 0.192 0.093 0.056 0.045 0.042 0.036 0.122 0.044 0.111 0.066 0.057 0.055 0.050 0.043 0.043 0.042 0.037 0.036 0.034 0.035 0.081
0.00018264 -1.93000 10.07918 0.8006473184 2.4189507961    0.740  1.689  3.8780  3.083    4  0.000  0.531     0.00     0.00 -1    -1e-30      0.00 7.544e-01 2.454e-01 3.151e-05 8.855e-06 7.910e-05 -1.000 1.868e-04 0.549 0.339 0.222 0.129 0.018 -0.022 -0.033 -0.036 -0.043 0.051 -0.034 0.038 -0.011 -0.021 -0.023 -0.028 -0.035 -0.035 -0.036 -0.042 -0.043 -0.045 -0.044 0.005
0.00018264 -1.93000 10.07918 0.8007027507 2.4189701080    0.741  1.702  3.8726  3.048    4  0.000  0.531     0.00     0.00 -1    -1e-30      0.00 7.544e-01 2.454e-01 3.151e-05 8.855e-06 7.910e-05 -1.000 1.868e-04 0.516 0.293 0.170 0.070 -0.053 -0.094 -0.106 -0.109 -0.116 -0.016 -0.108 -0.030 -0.084 -0.093 -0.095 -0.101 -0.108 -0.108 -0.109 -0.115 -0.116 -0.118 -0.117 -0.066
0.00018264 -1.93000 10.07918 0.8007566929 2.4189889431    0.741  1.702  3.8735  3.052    4  0.000  0.531     0.00     0.00 -1    -1e-30      0.00 7.544e-01 2.454e-01 3.151e-05 8.855e-06 7.910e-05 -1.000 1.868e-04 0.515 0.295 0.173 0.074 -0.047 -0.088 -0.100 -0.103 -0.110 -0.011 -0.101 -0.025 -0.078 -0.087 -0.090 -0.095 -0.102 -0.102 -0.103 -0.109 -0.110 -0.112 -0.111 -0.061
0.00018264 -1.93000 10.07918 0.8008107543 2.4190077782    0.741  1.702  3.8745  3.056    4  0.000  0.531     0.00     0.00 -1    -1e-30      0.00 7.544e-01 2.454e-01 3.151e-05 8.855e-06 7.910e-05 -1.000 1.868e-04 0.515 0.297 0.176 0.079 -0.040 -0.081 -0.093 -0.096 -0.102 -0.005 -0.094 -0.018 -0.070 -0.080 -0.082 -0.087 -0.095 -0.094 -0.096 -0.101 -0.102 -0.105 -0.104 -0.053
0.00018264 -1.93000 10.07918 0.8008653522 2.4190268517    0.741  1.702  3.8756  3.060    4  0.000  0.531     0.00     0.00 -1    -1e-30      0.00 7.544e-01 2.454e-01 3.151e-05 8.855e-06 7.910e-05 -1.000 1.868e-04 0.516 0.300 0.180 0.084 -0.032 -0.073 -0.084 -0.087 -0.094 0.003 -0.085 -0.011 -0.062 -0.071 -0.074 -0.079 -0.086 -0.086 -0.087 -0.093 -0.094 -0.096 -0.095 -0.045
0.00018264 -1.93000 10.07918 0.8009214997 2.4190464020    0.741  1.702  3.8766  3.065    4  0.000  0.531     0.00     0.00 -1    -1e-30      0.00 7.544e-01 2.454e-01 3.151e-05 8.855e-06 7.910e-05 -1.000 1.868e-04 0.516 0.303 0.185 0.090 -0.024 -0.064 -0.076 -0.079 -0.086 0.010 -0.077 -0.004 -0.054 -0.063 -0.065 -0.070 -0.078 -0.078 -0.079 -0.085 -0.086 -0.088 -0.087 -0.037
0.00018264 -1.93000 10.07918 0.8009772301 2.4190657139    0.741  1.701  3.8776  3.069    4  0.000  0.531     0.00     0.00 -1    -1e-30      0.00 7.544e-01 2.454e-01 3.151e-05 8.855e-06 7.910e-05 -1.000 1.868e-04 0.516 0.305 0.189 0.095 -0.017 -0.057 -0.068 -0.071 -0.078 0.016 -0.069 0.003 -0.046 -0.055 -0.058 -0.063 -0.070 -0.070 -0.071 -0.077 -0.078 -0.080 -0.079 -0.030
0.00018264 -1.93000 10.07918 0.8010292053 2.4190840721    0.741  1.701  3.8784  3.072    4  0.000  0.531     0.00     0.00 -1    -1e-30      0.00 7.544e-01 2.454e-01 3.151e-05 8.855e-06 7.910e-05 -1.000 1.868e-04 0.517 0.308 0.192 0.099 -0.011 -0.051 -0.062 -0.065 -0.072 0.021 -0.063 0.009 -0.040 -0.050 -0.052 -0.057 -0.064 -0.064 -0.065 -0.071 -0.072 -0.074 -0.073 -0.024
0.00018264 -1.93000 10.07918 0.8010854125 2.4191036224    0.741  1.701  3.8790  3.074    4  0.000  0.531     0.00     0.00 -1    -1e-30      0.00 7.544e-01 2.454e-01 3.151e-05 8.855e-06 7.910e-05 -1.000 1.868e-04 0.517 0.309 0.194 0.102 -0.007 -0.046 -0.058 -0.061 -0.067 0.025 -0.059 0.013 -0.036 -0.045 -0.047 -0.052 -0.060 -0.060 -0.061 -0.066 -0.067 -0.069 -0.068 -0.020
0.00018264 -1.93000 10.07918 0.8011372089 2.4191215038    0.741  1.702  3.8790  3.074    4  0.000  0.531     0.00     0.00 -1    -1e-30      0.00 7.544e-01 2.454e-01 3.151e-05 8.855e-06 7.910e-05 -1.000 1.868e-04 0.516 0.309 0.194 0.102 -0.008 -0.047 -0.058 -0.061 -0.068 0.025 -0.059 0.012 -0.036 -0.045 -0.048 -0.053 -0.060 -0.060 -0.061 -0.067 -0.068 -0.070 -0.069 -0.020
0.00018264 -1.93000 10.07918 0.8011896610 2.4191398621    0.741  1.702  3.8788  3.073    4  0.000  0.531     0.00     0.00 -1    -1e-30      0.00 7.544e-01 2.454e-01 3.151e-05 8.855e-06 7.910e-05 -1.000 1.868e-04 0.515 0.307 0.192 0.100 -0.010 -0.049 -0.061 -0.063 -0.070 0.023 -0.062 0.010 -0.038 -0.048 -0.050 -0.055 -0.062 -0.062 -0.063 -0.069 -0.070 -0.072 -0.071 -0.023
0.00018264 -1.93000 10.07918 0.8012447357 2.4191591740    0.741  1.703  3.8781  3.069    4  0.000  0.531     0.00     0.00 -1    -1e-30      0.00 7.544e-01 2.454e-01 3.151e-05 8.855e-06 7.910e-05 -1.000 1.868e-04 0.513 0.303 0.187 0.094 -0.017 -0.056 -0.068 -0.071 -0.078 0.016 -0.069 0.003 -0.046 -0.055 -0.057 -0.062 -0.070 -0.070 -0.071 -0.077 -0.078 -0.080 -0.079 -0.030
0.00018264 -1.93000 10.07918 0.8013020754 2.4191789627    0.741  1.704  3.8768  3.063    4  0.000  0.531     0.00     0.00 -1    -1e-30      0.00 7.544e-01 2.454e-01 3.151e-05 8.855e-06 7.910e-05 -1.000 1.868e-04 0.510 0.298 0.180 0.085 -0.029 -0.069 -0.080 -0.083 -0.090 0.005 -0.081 -0.008 -0.058 -0.068 -0.070 -0.075 -0.082 -0.082 -0.083 -0.089 -0.090 -0.092 -0.091 -0.042
0.00018264 -1.93000 10.07918 0.8013554811 2.4191975594    0.741  1.705  3.8749  3.055    4  0.000  0.531     0.00     0.00 -1    -1e-30      0.00 7.544e-01 2.454e-01 3.151e-05 8.855e-06 7.910e-05 -1.000 1.868e-04 0.507 0.290 0.169 0.073 -0.045 -0.086 -0.098 -0.101 -0.107 -0.010 -0.099 -0.024 -0.075 -0.085 -0.087 -0.092 -0.099 -0.099 -0.101 -0.106 -0.107 -0.110 -0.108 -0.058
0.00018264 -1.93000 10.07918 0.8014073968 2.4192156792    0.741  1.707  3.8726  3.043    4  0.000  0.531     0.00     0.00 -1    -1e-30      0.00 7.544e-01 2.454e-01 3.151e-05 8.855e-06 7.910e-05 -1.000 1.868e-04 0.503 0.280 0.157 0.057 -0.066 -0.108 -0.120 -0.123 -0.129 -0.029 -0.121 -0.044 -0.097 -0.107 -0.109 -0.114 -0.122 -0.122 -0.123 -0.128 -0.129 -0.132 -0.131 -0.080
0.00018264 -1.93000 10.07918 0.8014619350 2.4192347527    0.741  1.709  3.8693  3.028    4  0.000  0.531     0.00     0.00 -1    -1e-30      0.00 7.544e-01 2.454e-01 3.151e-05 8.855e-06 7.910e-05 -1.000 1.868e-04 0.497 0.267 0.139 0.035 -0.094 -0.138 -0.150 -0.153 -0.159 -0.056 -0.151 -0.071 -0.127 -0.137 -0.139 -0.144 -0.151 -0.151 -0.153 -0.158 -0.159 -0.162 -0.161 -0.108
0.00018264 -1.93000 10.07918 0.8015133739 2.4192526340    0.741  1.711  3.8656  3.011    4  0.000  0.531     0.00     0.00 -1    -1e-30      0.00 7.544e-01 2.454e-01 3.151e-05 8.855e-06 7.910e-05 -1.000 1.868e-04 0.491 0.252 0.120 0.011 -0.126 -0.171 -0.183 -0.187 -0.193 -0.085 -0.185 -0.102 -0.160 -0.170 -0.172 -0.178 -0.185 -0.185 -0.187 -0.192 -0.193 -0.196 -0.195 -0.141
0.00018264 -1.93000 10.07918 0.8015651107 2.4192707539    0.741  1.714  3.8613  2.991    4  0.000  0.531     0.00     0.00 -1    -1e-30      0.00 7.544e-01 2.454e-01 3.151e-05 8.855e-06 7.910e-05 -1.000 1.868e-04 0.484 0.236 0.098 -0.017 -0.163 -0.210 -0.223 -0.226 -0.233 -0.119 -0.225 -0.137 -0.199 -0.209 -0.212 -0.218 -0.224 -0.225 -0.227 -0.232 -0.232 -0.236 -0.234 -0.179
0.00018264 -1.93000 10.07918 0.8016184568 2.4192893505    0.742  1.718  3.8562  2.967    4  0.000  0.531     0.00     0.00 -1    -1e-30      0.00 7.544e-01 2.454e-01 3.151e-05 8.855e-06 7.910e-05 -1.000 1.869e-04 0.476 0.217 0.072 -0.050 -0.207 -0.257 -0.270 -0.273 -0.280 -0.160 -0.272 -0.178 -0.246 -0.256 -0.258 -0.265 -0.271 -0.272 -0.274 -0.279 -0.279 -0.283 -0.281 -0.224
0.00018264 -1.93000 10.07918 0.8016730547 2.4193081856    0.742  1.721  3.8502  2.939    4  0.000  0.531     0.00     0.00 -1    -1e-30      0.00 7.544e-01 2.454e-01 3.151e-05 8.855e-06 7.910e-05 -1.000 1.868e-04 0.466 0.196 0.042 -0.088 -0.258 -0.311 -0.325 -0.328 -0.335 -0.207 -0.327 -0.227 -0.300 -0.310 -0.313 -0.320 -0.326 -0.327 -0.329 -0.334 -0.334 -0.338 -0.336 -0.277
0.00018264 -1.93000 10.07918 0.8017239571 2.4193260670    0.742  1.725  3.8439  2.910    4  0.000  0.531     0.00     0.00 -1    -1e-30      0.00 7.544e-01 2.454e-01 3.151e-05 8.855e-06 7.910e-05 -1.000 1.868e-04 0.456 0.175 0.011 -0.127 -0.311 -0.368 -0.382 -0.385 -0.392 -0.256 -0.384 -0.277 -0.356 -0.367 -0.370 -0.377 -0.383 -0.384 -0.386 -0.391 -0.391 -0.396 -0.393 -0.331
0.00018264 -1.93000 10.07918 0.8017287850 2.4193277359    0.742  1.726  3.8433  2.908    4  0.000  0.531     0.00     0.00 -1    -1e-30      0.00 7.544e-01 2.454e-01 3.151e-05 8.855e-06 7.910e-05 -1.000 1.868e-04 0.455 0.173 0.008 -0.130 -0.316 -0.374 -0.387 -0.391 -0.398 -0.261 -0.389 -0.282 -0.362 -0.372 -0.375 -0.383 -0.388 -0.389 -0.391 -0.397 -0.397 -0.401 -0.399 -0.336
0.00018264 -1.93000 10.07918 0.8017378449 2.4193308353    0.742  1.727  3.8421  2.902    4  0.000  0.531     0.00     0.00 -1    -1e-30      0.00 7.544e-01 2.454e-01 3.151e-05 8.855e-06 7.910e-05 -1.000 1.868e-04 0.453 0.169 0.003 -0.138 -0.326 -0.384 -0.398 -0.401 -0.408 -0.270 -0.400 -0.291 -0.372 -0.383 -0.386 -0.393 -0.399 -0.400 -0.402 -0.407 -0.408 -0.412 -0.410 -0.346
0.00018264 -1.93000 10.07918 0.8017914295 2.4193494320    0.742  1.731  3.8351  2.869    4  0.000  0.531     0.00     0.00 -1    -1e-30      0.00 7.544e-01 2.454e-01 3.151e-05 8.855e-06 7.910e-05 -1.000 1.868e-04 0.442 0.146 -0.031 -0.181 -0.385 -0.448 -0.462 -0.465 -0.472 -0.325 -0.464 -0.347 -0.435 -0.446 -0.449 -0.457 -0.463 -0.464 -0.466 -0.471 -0.472 -0.477 -0.474 -0.407
0.00018264 -1.93000 10.07918 0.8018435836 2.4193675518    0.742  1.736  3.8282  2.837    4  0.000  0.531     0.00     0.00 -1    -1e-30      0.00 7.544e-01 2.454e-01 3.151e-05 8.855e-06 7.910e-05 -1.000 1.868e-04 0.431 0.124 -0.064 -0.223 -0.442 -0.510 -0.525 -0.529 -0.535 -0.378 -0.527 -0.401 -0.497 -0.509 -0.512 -0.520 -0.526 -0.527 -0.530 -0.534 -0.535 -0.540 -0.537 -0.466
0.00018264 -1.93000 10.07918 0.8018994331 2.4193871021    0.742  1.741  3.8203  2.800    4  0.000  0.531     0.00     0.00 -1    -1e-30      0.00 7.544e-01 2.454e-01 3.151e-05 8.855e-06 7.910e-05 -1.000 1.868e-04 0.417 0.098 -0.101 -0.272 -0.509 -0.582 -0.597 -0.602 -0.608 -0.440 -0.599 -0.463 -0.569 -0.581 -0.584 -0.592 -0.598 -0.600 -0.603 -0.607 -0.608 -0.612 -0.609 -0.535
0.00018264 -1.93000 10.07918 0.8019525409 2.4194054604    0.742  1.747  3.8124  2.763    4  0.000  0.531     0.00     0.00 -1    -1e-30      0.00 7.544e-01 2.454e-01 3.151e-05 8.855e-06 7.910e-05 -1.000 1.869e-04 0.403 0.073 -0.139 -0.320 -0.575 -0.654 -0.670 -0.674 -0.681 -0.502 -0.672 -0.525 -0.640 -0.653 -0.656 -0.665 -0.671 -0.672 -0.675 -0.680 -0.681 -0.686 -0.682 -0.603
0.00018264 -1.93000 10.07918 0.8020034432 2.4194231033    0.742  1.752  3.8057  2.731    4  0.000  0.531     0.00     0.00 -1    -1e-30      0.00 7.544e-01 2.454e-01 3.151e-05 8.855e-06 7.910e-05 -1.000 1.868e-04 0.389 0.050 -0.173 -0.363 -0.633 -0.717 -0.734 -0.739 -0.745 -0.557 -0.736 -0.580 -0.703 -0.716 -0.719 -0.729 -0.735 -0.737 -0.740 -0.744 -0.745 -0.750 -0.747 -0.664
0.00018264 -1.93000 10.07918 0.8020560741 2.4194414616    0.742  1.759  3.7985  2.696    4  0.000  0.531     0.00     0.00 -1    -1e-30      0.00 7.544e-01 2.454e-01 3.151e-05 8.855e-06 7.910e-05 -1.000 1.868e-04 0.373 0.026 -0.209 -0.409 -0.696 -0.785 -0.803 -0.808 -0.815 -0.615 -0.805 -0.638 -0.770 -0.784 -0.788 -0.798 -0.804 -0.805 -0.809 -0.814 -0.815 -0.820 -0.816 -0.728
0.00018264 -1.93000 10.07918 0.8021076322 2.4194593430    0.742  1.765  3.7924  2.665    4  0.000  0.531     0.00     0.00 -1    -1e-30      0.00 7.544e-01 2.454e-01 3.151e-05 8.855e-06 7.910e-05 -1.000 1.868e-04 0.358 0.003 -0.241 -0.450 -0.751 -0.845 -0.864 -0.869 -0.876 -0.667 -0.866 -0.690 -0.829 -0.844 -0.848 -0.859 -0.864 -0.866 -0.870 -0.875 -0.876 -0.881 -0.877 -0.784
0.00018264 -1.93000 10.07918 0.8021597862 2.4194774628    0.742  1.771  3.7865  2.636    4  0.000  0.531     0.00     0.00 -1    -1e-30      0.00 7.544e-01 2.454e-01 3.151e-05 8.855e-06 7.910e-05 -1.000 1.868e-04 0.343 -0.019 -0.273 -0.490 -0.804 -0.903 -0.923 -0.928 -0.935 -0.718 -0.925 -0.739 -0.886 -0.902 -0.906 -0.917 -0.923 -0.926 -0.929 -0.934 -0.935 -0.940 -0.937 -0.839
0.00018264 -1.93000 10.07918 0.8022119999 2.4194955826    0.742  1.778  3.7811  2.607    4  0.000  0.531     0.00     0.00 -1    -1e-30      0.00 7.544e-01 2.454e-01 3.151e-05 8.855e-06 7.910e-05 -1.000 1.868e-04 0.325 -0.042 -0.305 -0.530 -0.856 -0.960 -0.980 -0.986 -0.993 -0.767 -0.983 -0.788 -0.942 -0.959 -0.963 -0.974 -0.981 -0.984 -0.987 -0.992 -0.993 -0.999 -0.995 -0.893
0.00018264 -1.93000 10.07918 0.8022645712 2.4195139408    0.742  1.787  3.7752  2.574    4  0.000  0.531     0.00     0.00 -1    -1e-30      0.00 7.544e-01 2.454e-01 3.151e-05 8.855e-06 7.910e-05 -1.000 1.868e-04 0.302 -0.071 -0.344 -0.578 -0.916 -1.026 -1.047 -1.053 -1.061 -0.826 -1.050 -0.845 -1.007 -1.024 -1.029 -1.041 -1.048 -1.051 -1.054 -1.060 -1.061 -1.066 -1.062 -0.956
0.00018264 -1.93000 10.07918 0.8022750616 2.4195175171    0.742  1.779  3.7781  2.594    4  0.000  0.531     0.00     0.00 -1    -1e-30      0.00 7.544e-01 2.454e-01 3.151e-05 8.855e-06 7.910e-05 -1.000 1.868e-04 0.322 -0.048 -0.316 -0.546 -0.878 -0.985 -1.006 -1.012 -1.019 -0.788 -1.009 -0.809 -0.967 -0.984 -0.988 -1.000 -1.007 -1.010 -1.013 -1.018 -1.019 -1.025 -1.021 -0.917
0.00018264 -1.93000 10.07918 0.8023290038 2.4195363522    0.742  1.793  3.7705  2.549    4  0.000  0.531     0.00     0.00 -1    -1e-30      0.00 7.544e-01 2.454e-01 3.151e-05 8.855e-06 7.910e-05 -1.000 1.868e-04 0.286 -0.090 -0.373 -0.612 -0.962 -1.075 -1.097 -1.104 -1.111 -0.869 -1.100 -0.888 -1.056 -1.074 -1.078 -1.091 -1.099 -1.102 -1.105 -1.110 -1.111 -1.117 -1.113 -1.002
0.00018264 -1.93000 10.07918 0.8023821115 2.4195547104    0.742  1.812  3.7634  2.502    4  0.000  0.531     0.00     0.00 -1    -1e-30      0.00 7.544e-01 2.454e-01 3.151e-05 8.855e-06 7.910e-05 -1.000 1.868e-04 0.241 -0.142 -0.437 -0.687 -1.052 -1.172 -1.195 -1.202 -1.211 -0.956 -1.198 -0.973 -1.151 -1.171 -1.176 -1.189 -1.197 -1.200 -1.204 -1.210 -1.211 -1.217 -1.213 -1.095
0.00018264 -1.93000 10.07918 0.8024268150 2.4195702076    0.742  1.840  3.7549  2.440    4  0.000  0.531     0.00     0.00 -1    -1e-30      0.00 7.544e-01 2.454e-01 3.151e-05 8.855e-06 7.910e-05 -1.000 1.868e-04 0.171 -0.221 -0.530 -0.793 -1.175 -1.304 -1.329 -1.336 -1.345 -1.077 -1.332 -1.092 -1.281 -1.302 -1.308 -1.322 -1.331 -1.334 -1.338 -1.344 -1.345 -1.351 -1.347 -1.221
0.00018264 -1.93000 10.07918 0.8024510741 2.4195787907    0.742  1.873  3.7466  2.374    4  0.000  0.531     0.00     0.00 -1    -1e-30      0.00 7.544e-01 2.454e-01 3.151e-05 8.855e-06 7.910e-05 -1.000 1.868e-04 0.088 -0.310 -0.633 -0.909 -1.308 -1.445 -1.473 -1.481 -1.490 -1.208 -1.476 -1.220 -1.421 -1.443 -1.450 -1.466 -1.474 -1.478 -1.482 -1.489 -1.490 -1.496 -1.492 -1.357
0.00018264 -1.93000 10.07918 0.8024619818 2.4195826054    0.742  1.907  3.7393  2.311    4  0.000  0.531     0.00     0.00 -1    -1e-30      0.00 7.544e-01 2.454e-01 3.151e-05 8.855e-06 7.910e-05 -1.000 1.868e-04 0.002 -0.402 -0.739 -1.024 -1.440 -1.585 -1.613 -1.622 -1.631 -1.336 -1.617 -1.347 -1.558 -1.582 -1.589 -1.606 -1.615 -1.620 -1.624 -1.630 -1.631 -1.637 -1.633 -1.491
0.00018264 -1.93000 10.07918 0.8024669290 2.4195842743    0.742  1.944  3.7329  2.248    4  0.000  0.531     0.00     0.00 -1    -1e-30      0.00 7.544e-01 2.454e-01 3.151e-05 8.855e-06 7.910e-05 -1.000 1.868e-04 -0.090 -0.497 -0.846 -1.142 -1.571 -1.722 -1.752 -1.762 -1.772 -1.465 -1.757 -1.473 -1.693 -1.719 -1.727 -1.745 -1.755 -1.759 -1.763 -1.771 -1.772 -1.777 -1.773 -1.623
0.00018264 -1.93000 10.07918 0.8024692535 2.4195849895    0.742  1.980  3.7277  2.191    4  0.000  0.531     0.00     0.00 -1    -1e-30      0.00 7.544e-01 2.454e-01 3.151e-05 8.855e-06 7.910e-05 -1.000 1.868e-04 -0.181 -0.591 -0.950 -1.254 -1.693 -1.851 -1.882 -1.892 -1.902 -1.587 -1.887 -1.592 -1.820 -1.847 -1.856 -1.875 -1.885 -1.889 -1.894 -1.901 -1.902 -1.907 -1.904 -1.748
0.00018264 -1.93000 10.07918 0.8024702072 2.4195854664    0.742  2.005  3.7248  2.155    7  0.000  0.531     0.00     0.00 -1    -1e-30      0.00 7.544e-01 2.454e-01 3.151e-05 8.855e-06 7.910e-05 -1.000 1.868e-04 -0.242 -0.654 -1.018 -1.327 -1.772 -1.933 -1.965 -1.976 -1.986 -1.665 -1.970 -1.669 -1.902 -1.929 -1.938 -1.958 -1.968 -1.973 -1.977 -1.985 -1.986 -1.990 -1.987 -1.828
0.00018264 -1.93000 10.07918 0.8024704456 2.4195854664    0.742  2.015  3.7238  2.141    7  0.000  0.531     0.00     0.00 -1    -1e-30      0.00 7.544e-01 2.454e-01 3.151e-05 8.855e-06 7.910e-05 -1.000 1.868e-04 -0.267 -0.680 -1.046 -1.355 -1.803 -1.965 -1.997 -2.008 -2.018 -1.696 -2.002 -1.699 -1.933 -1.962 -1.970 -1.990 -2.000 -2.005 -2.009 -2.017 -2.018 -2.023 -2.020 -1.859
0.00018264 -1.93000 10.07918 0.8024714589 2.4195857048    0.742  2.055  3.7200  2.086    7  0.000  0.531     0.00     0.00 -1    -1e-30      0.00 7.544e-01 2.454e-01 3.151e-05 8.855e-06 7.910e-05 -1.000 1.868e-04 -0.367 -0.781 -1.155 -1.470 -1.926 -2.092 -2.125 -2.136 -2.146 -1.818 -2.130 -1.820 -2.059 -2.088 -2.097 -2.118 -2.128 -2.133 -2.138 -2.146 -2.146 -2.150 -2.147 -1.983
0.00018264 -1.93000 10.07918 0.8024723530 2.4195861816    0.742  2.093  3.7169  2.035    7  0.000  0.531     0.00     0.00 -1    -1e-30      0.00 7.544e-01 2.454e-01 3.151e-05 8.855e-06 7.910e-05 -1.000 1.868e-04 -0.463 -0.877 -1.257 -1.578 -2.040 -2.209 -2.243 -2.255 -2.264 -1.931 -2.249 -1.932 -2.176 -2.206 -2.215 -2.235 -2.247 -2.252 -2.256 -2.264 -2.265 -2.267 -2.265 -2.098
0.00018264 -1.93000 10.07918 0.8024732471 2.4195864201    0.742  2.123  3.7146  1.996    7  0.000  0.531     0.00     0.00 -1    -1e-30      0.00 7.544e-01 2.454e-01 3.151e-05 8.855e-06 7.910e-05 -1.000 1.868e-04 -0.538 -0.953 -1.338 -1.661 -2.128 -2.301 -2.335 -2.347 -2.356 -2.019 -2.341 -2.019 -2.266 -2.297 -2.306 -2.327 -2.339 -2.344 -2.349 -2.357 -2.357 -2.359 -2.357 -2.188
0.00018264 -1.93000 10.07918 0.8024741411 2.4195866585    0.742  2.148  3.7129  1.965    7  0.000  0.531     0.00     0.00 -1    -1e-30      0.00 7.544e-01 2.454e-01 3.151e-05 8.855e-06 7.910e-05 -1.000 1.868e-04 -0.599 -1.015 -1.403 -1.730 -2.200 -2.375 -2.410 -2.422 -2.431 -2.091 -2.416 -2.090 -2.340 -2.371 -2.380 -2.401 -2.414 -2.419 -2.423 -2.431 -2.432 -2.433 -2.432 -2.260
0.00018264 -1.93000 10.07918 0.8024756312 2.4195873737    0.742  2.164  3.7119  1.944    7  0.000  0.531     0.00     0.00 -1    -1e-30      0.00 7.544e-01 2.454e-01 3.151e-05 8.855e-06 7.910e-05 -1.000 1.868e-04 -0.639 -1.056 -1.446 -1.774 -2.247 -2.422 -2.458 -2.470 -2.479 -2.137 -2.464 -2.136 -2.387 -2.418 -2.428 -2.449 -2.462 -2.467 -2.472 -2.480 -2.480 -2.481 -2.479 -2.307
0.00018264 -1.93000 10.07918 0.8024783731 2.4195883274    0.742  2.145  3.7133  1.969    7  0.000  0.531     0.00     0.00 -1    -1e-30      0.00 7.544e-01 2.454e-01 3.151e-05 8.855e-06 7.910e-05 -1.000 1.868e-04 -0.593 -1.009 -1.396 -1.722 -2.192 -2.366 -2.401 -2.412 -2.422 -2.082 -2.406 -2.082 -2.331 -2.362 -2.371 -2.392 -2.404 -2.409 -2.414 -2.422 -2.423 -2.424 -2.422 -2.251
0.00018264 -1.93000 10.07918 0.8024957180 2.4195942879    0.742  2.136  3.7137  1.979    7  0.000  0.531     0.00     0.00 -1    -1e-30      0.00 7.544e-01 2.454e-01 3.151e-05 8.855e-06 7.910e-05 -1.000 1.868e-04 -0.570 -0.986 -1.373 -1.698 -2.167 -2.340 -2.375 -2.387 -2.396 -2.058 -2.381 -2.057 -2.306 -2.337 -2.346 -2.367 -2.379 -2.384 -2.389 -2.397 -2.397 -2.399 -2.397 -2.226
0.00018264 -1.93000 10.07918 0.8025119901 2.4195997715    0.743  2.159  3.7117  1.948    7  0.000  0.531     0.00     0.00 -1    -1e-30      0.00 7.544e-01 2.454e-01 3.151e-05 8.855e-06 7.910e-05 -1.000 1.868e-04 -0.629 -1.045 -1.436 -1.764 -2.237 -2.413 -2.448 -2.460 -2.469 -2.127 -2.454 -2.126 -2.377 -2.409 -2.418 -2.439 -2.452 -2.457 -2.462 -2.470 -2.470 -2.471 -2.470 -2.297
0.00018264 -1.93000 10.07918 0.8025317788 2.4196066856    0.743  2.205  3.7085  1.890    7  0.000  0.531     0.00     0.00 -1    -1e-30      0.00 7.544e-01 2.454e-01 3.151e-05 8.855e-06 7.910e-05 -1.000 1.868e-04 -0.741 -1.159 -1.556 -1.890 -2.369 -2.549 -2.585 -2.598 -2.606 -2.259 -2.591 -2.256 -2.512 -2.544 -2.555 -2.576 -2.589 -2.594 -2.600 -2.608 -2.607 -2.607 -2.607 -2.431
0.00018264 -1.93000 10.07918 0.8025506735 2.4196133614    0.743  2.254  3.7051  1.827    7  0.000  0.531     0.00     0.00 -1    -1e-30      0.00 7.544e-01 2.454e-01 3.151e-05 8.855e-06 7.910e-05 -1.000 1.868e-04 -0.865 -1.283 -1.688 -2.026 -2.513 -2.696 -2.734 -2.747 -2.755 -2.402 -2.740 -2.398 -2.658 -2.691 -2.703 -2.724 -2.738 -2.743 -2.749 -2.757 -2.756 -2.755 -2.754 -2.575
0.00018264 -1.93000 10.07918 0.8025681376 2.4196193218    0.743  2.303  3.7020  1.766    7  0.000  0.531     0.00     0.00 -1    -1e-30      0.00 7.544e-01 2.454e-01 3.151e-05 8.855e-06 7.910e-05 -1.000 1.868e-04 -0.986 -1.406 -1.816 -2.160 -2.654 -2.840 -2.879 -2.892 -2.899 -2.542 -2.885 -2.536 -2.801 -2.835 -2.847 -2.869 -2.883 -2.889 -2.894 -2.902 -2.901 -2.899 -2.899 -2.717
0.00018264 -1.93000 10.07918 0.8025837541 2.4196248055    0.743  2.347  3.6993  1.711    7  0.000  0.531     0.00     0.00 -1    -1e-30      0.00 7.544e-01 2.454e-01 3.150e-05 8.855e-06 7.910e-05 -1.000 1.847e-04 -1.097 -1.516 -1.933 -2.281 -2.780 -2.970 -3.010 -3.023 -3.030 -2.669 -3.016 -2.661 -2.930 -2.965 -2.977 -2.999 -3.014 -3.019 -3.025 -3.033 -3.032 -3.029 -3.029 -2.844
0.00018264 -1.93000 10.07918 0.8025977015 2.4196295738    0.743  2.389  3.6967  1.658    7  0.000  0.531     0.00     0.00 -1    -1e-30      0.00 7.544e-01 2.454e-01 3.148e-05 8.857e-06 7.910e-05 -1.000 1.520e-04 -1.203 -1.624 -2.045 -2.398 -2.903 -3.096 -3.136 -3.150 -3.156 -2.791 -3.142 -2.782 -3.055 -3.090 -3.103 -3.125 -3.140 -3.146 -3.152 -3.160 -3.159 -3.154 -3.155 -2.968
0.00018264 -1.93000 10.07918 0.8026098609 2.4196338654    0.743  2.431  3.6942  1.607    7  0.000  0.530     0.00     0.00 -1    -1e-30      0.00 7.545e-01 2.454e-01 3.142e-05 8.879e-06 7.910e-05 -1.000 1.727e-04 -1.307 -1.727 -2.154 -2.511 -3.021 -3.217 -3.258 -3.272 -3.278 -2.909 -3.264 -2.899 -3.175 -3.212 -3.224 -3.247 -3.262 -3.268 -3.274 -3.282 -3.281 -3.274 -3.276 -3.087
0.00018264 -1.93000 10.07918 0.8026206493 2.4196376801    0.743  2.472  3.6918  1.556    7  0.000  0.526     0.00     0.00 -1    -1e-30      0.00 7.544e-01 2.454e-01 3.120e-05 9.016e-06 7.910e-05 -1.000 1.507e-04 -1.409 -1.828 -2.261 -2.622 -3.138 -3.336 -3.377 -3.392 -3.397 -3.025 -3.384 -3.013 -3.293 -3.331 -3.344 -3.366 -3.382 -3.388 -3.395 -3.403 -3.400 -3.392 -3.394 -3.204
0.00018264 -1.93000 10.07918 0.8026304245 2.4196410179    0.743  2.512  3.6894  1.506    7  0.000  0.516     0.00     0.00 -1    -1e-30      0.00 7.544e-01 2.454e-01 3.067e-05 9.522e-06 7.911e-05 -1.000 1.800e-04 -1.511 -1.930 -2.367 -2.733 -3.254 -3.455 -3.497 -3.512 -3.516 -3.140 -3.504 -3.127 -3.411 -3.450 -3.463 -3.485 -3.502 -3.508 -3.515 -3.523 -3.520 -3.509 -3.512 -3.321
0.00018264 -1.93000 10.07918 0.8026392460 2.4196441174    0.743  2.553  3.6870  1.456    7  0.000  0.503     0.00     0.00 -1    -1e-30      0.00 7.543e-01 2.455e-01 2.987e-05 1.044e-05 7.912e-05 -1.000 1.868e-04 -1.612 -2.030 -2.474 -2.843 -3.369 -3.573 -3.615 -3.631 -3.634 -3.255 -3.623 -3.241 -3.528 -3.568 -3.581 -3.603 -3.621 -3.627 -3.634 -3.643 -3.639 -3.626 -3.629 -3.437
0.00018264 -1.93000 10.07918 0.8026474118 2.4196469784    0.743  2.593  3.6847  1.406    7  0.000  0.488     0.00     0.00 -1    -1e-30      0.00 7.542e-01 2.456e-01 2.902e-05 1.147e-05 7.913e-05 -1.000 1.869e-04 -1.713 -2.131 -2.580 -2.953 -3.485 -3.692 -3.734 -3.751 -3.753 -3.370 -3.742 -3.355 -3.646 -3.686 -3.699 -3.722 -3.740 -3.747 -3.753 -3.762 -3.758 -3.743 -3.747 -3.553
0.00018264 -1.93000 10.07918 0.8026550412 2.4196496010    0.743  2.634  3.6822  1.356    7  0.000  0.475     0.00     0.00 -1    -1e-30      0.00 7.541e-01 2.458e-01 2.827e-05 1.240e-05 7.914e-05 -1.000 1.715e-04 -1.814 -2.232 -2.686 -3.064 -3.601 -3.810 -3.853 -3.871 -3.872 -3.486 -3.861 -3.469 -3.764 -3.804 -3.818 -3.841 -3.859 -3.867 -3.873 -3.882 -3.877 -3.861 -3.865 -3.670
0.00018264 -1.93000 10.07918 0.8026621938 2.4196519852    0.743  2.674  3.6798  1.306    7  0.000  0.464     0.00     0.00 -1    -1e-30      0.00 7.539e-01 2.459e-01 2.762e-05 1.321e-05 7.914e-05 -1.000 1.628e-04 -1.915 -2.330 -2.791 -3.173 -3.715 -3.928 -3.972 -3.990 -3.990 -3.600 -3.980 -3.582 -3.880 -3.922 -3.936 -3.958 -3.978 -3.986 -3.992 -4.001 -3.996 -3.976 -3.981 -3.786
0.00018264 -1.93000 10.07918 0.8026690483 2.4196543694    0.743  2.714  3.6774  1.257    7  0.000  0.455     0.00     0.00 -1    -1e-30      0.00 7.537e-01 2.461e-01 2.704e-05 1.391e-05 7.915e-05 -1.000 1.869e-04 -2.014 -2.428 -2.895 -3.281 -3.829 -4.045 -4.089 -4.108 -4.106 -3.713 -4.097 -3.695 -3.996 -4.038 -4.053 -4.075 -4.096 -4.104 -4.110 -4.120 -4.113 -4.091 -4.096 -3.900
0.00018264 -1.93000 10.07918 0.8026756048 2.4196567535    0.743  2.753  3.6750  1.207    7  0.000  0.446     0.00     0.00 -1    -1e-30      0.00 7.535e-01 2.463e-01 2.655e-05 1.452e-05 7.915e-05 -1.000 1.869e-04 -2.114 -2.525 -2.999 -3.389 -3.942 -4.161 -4.206 -4.225 -4.223 -3.826 -4.215 -3.806 -4.112 -4.155 -4.170 -4.191 -4.214 -4.221 -4.228 -4.237 -4.231 -4.205 -4.211 -4.015
0.00018264 -1.93000 10.07918 0.8026818037 2.4196588993    0.743  2.794  3.6725  1.157    7  0.000  0.439     0.00     0.00 -1    -1e-30      0.00 7.533e-01 2.465e-01 2.611e-05 1.506e-05 7.912e-05 -1.000 1.869e-04 -2.214 -2.624 -3.104 -3.499 -4.058 -4.280 -4.325 -4.345 -4.341 -3.941 -4.334 -3.920 -4.229 -4.273 -4.288 -4.309 -4.333 -4.341 -4.347 -4.357 -4.350 -4.320 -4.328 -4.131
0.00018264 -1.93000 10.07918 0.8026872277 2.4196608067    0.743  2.834  3.6700  1.106    7  0.000  0.433     0.00     0.00 -1    -1e-30      0.00 7.532e-01 2.467e-01 2.574e-05 1.552e-05 7.909e-05 -1.000 1.869e-04 -2.316 -2.724 -3.210 -3.611 -4.175 -4.400 -4.445 -4.466 -4.461 -4.058 -4.454 -4.036 -4.348 -4.393 -4.409 -4.428 -4.454 -4.462 -4.469 -4.479 -4.471 -4.438 -4.446 -4.249
0.00018264 -1.93000 10.07918 0.8026918173 2.4196622372    0.743  2.875  3.6674  1.055    7  0.000  0.428     0.00     0.00 -1    -1e-30      0.00 7.530e-01 2.469e-01 2.542e-05 1.592e-05 7.902e-05 -1.000 1.869e-04 -2.418 -2.823 -3.316 -3.721 -4.292 -4.520 -4.566 -4.587 -4.581 -4.174 -4.575 -4.151 -4.467 -4.512 -4.529 -4.548 -4.575 -4.583 -4.590 -4.600 -4.591 -4.555 -4.564 -4.367
0.00018264 -1.93000 10.07918 0.8026956916 2.4196636677    0.743  2.916  3.6648  1.004    7  0.000  0.424     0.00     0.00 -1    -1e-30      0.00 7.527e-01 2.471e-01 2.514e-05 1.629e-05 7.891e-05 -1.000 1.766e-04 -2.520 -2.922 -3.422 -3.833 -4.409 -4.641 -4.687 -4.709 -4.701 -4.292 -4.696 -4.267 -4.587 -4.633 -4.650 -4.667 -4.697 -4.705 -4.712 -4.723 -4.713 -4.672 -4.682 -4.485
0.00018264 -1.93000 10.07918 0.8026991487 2.4196648598    0.743  2.956  3.6621  0.953    7  0.000  0.421     0.00     0.00 -1    -1e-30      0.00 7.525e-01 2.473e-01 2.491e-05 1.664e-05 7.877e-05 -1.000 1.583e-04 -2.621 -3.019 -3.527 -3.943 -4.526 -4.760 -4.807 -4.831 -4.821 -4.408 -4.817 -4.382 -4.705 -4.753 -4.770 -4.785 -4.818 -4.826 -4.834 -4.844 -4.833 -4.788 -4.800 -4.603
0.00018264 -1.93000 10.07918 0.8027027845 2.4196660519    0.743  2.999  3.6593  0.899    7  0.000  0.418     0.00     0.00 -1    -1e-30      0.00 7.523e-01 2.475e-01 2.471e-05 1.697e-05 7.860e-05 -1.000 1.868e-04 -2.728 -3.123 -3.640 -4.062 -4.651 -4.889 -4.935 -4.961 -4.949 -4.532 -4.946 -4.505 -4.832 -4.880 -4.898 -4.912 -4.948 -4.956 -4.964 -4.974 -4.963 -4.912 -4.926 -4.729
0.00018264 -1.93000 10.07918 0.8027060628 2.4196672440    0.743  3.043  3.6564  0.844    7  0.000  0.417     0.00     0.00 -1    -1e-30      0.00 7.521e-01 2.477e-01 2.457e-05 1.726e-05 7.843e-05 -1.000 1.869e-04 -2.837 -3.227 -3.754 -4.181 -4.777 -5.018 -5.065 -5.092 -5.078 -4.658 -5.077 -4.629 -4.960 -5.010 -5.028 -5.040 -5.079 -5.087 -5.095 -5.106 -5.093 -5.037 -5.053 -4.856
0.00018264 -1.93000 10.07918 0.8027076125 2.4196677208    0.743  3.066  3.6548  0.814    7  0.000  0.416     0.00     0.00 -1    -1e-30      0.00 7.520e-01 2.478e-01 2.448e-05 1.746e-05 7.830e-05 -1.000 1.869e-04 -2.895 -3.283 -3.814 -4.245 -4.845 -5.087 -5.134 -5.162 -5.147 -4.725 -5.146 -4.696 -5.028 -5.079 -5.098 -5.108 -5.149 -5.157 -5.165 -5.176 -5.163 -5.104 -5.120 -4.924
0.00018264 -1.93000 10.07918 0.8027080297 2.4196679592    0.743  3.068  3.6547  0.812    7  0.000  0.416     0.00     0.00 -1    -1e-30      0.00 7.519e-01 2.479e-01 2.444e-05 1.755e-05 7.825e-05 -1.000 1.869e-04 -2.899 -3.287 -3.819 -4.250 -4.850 -5.093 -5.140 -5.168 -5.153 -4.730 -5.152 -4.701 -5.034 -5.084 -5.103 -5.114 -5.154 -5.163 -5.171 -5.182 -5.169 -5.109 -5.126 -4.929
0.00018264 -1.93000 10.07918 0.8027080894 2.4196679592    0.743  3.068  3.6547  0.812    7  0.000  0.416     0.00     0.00 -1    -1e-30      0.00 7.519e-01 2.479e-01 2.444e-05 1.755e-05 7.824e-05 -1.000 1.869e-04 -2.899 -3.287 -3.819 -4.250 -4.850 -5.093 -5.140 -5.168 -5.153 -4.730 -5.152 -4.701 -5.034 -5.084 -5.103 -5.114 -5.154 -5.163 -5.171 -5.182 -5.169 -5.110 -5.126 -4.929
0.00018264 -1.93000 10.07918 0.8027082086 2.4196679592    0.743  3.069  3.6546  0.810    7  0.000  0.416     0.00     0.00 -1    -1e-30      0.00 7.519e-01 2.479e-01 2.443e-05 1.757e-05 7.823e-05 -1.000 1.869e-04 -2.903 -3.291 -3.822 -4.254 -4.854 -5.097 -5.144 -5.172 -5.157 -4.734 -5.156 -4.705 -5.038 -5.088 -5.107 -5.118 -5.159 -5.167 -5.175 -5.186 -5.173 -5.113 -5.130 -4.933
0.00018264 -1.93000 10.07918 0.8027083278 2.4196679592    0.743  3.072  3.6544  0.807    7  0.000  0.416     0.00     0.00 -1    -1e-30      0.00 7.519e-01 2.479e-01 2.443e-05 1.759e-05 7.822e-05 -1.000 1.869e-04 -2.909 -3.297 -3.829 -4.261 -4.861 -5.105 -5.152 -5.180 -5.165 -4.742 -5.164 -4.712 -5.046 -5.096 -5.115 -5.125 -5.166 -5.175 -5.183 -5.194 -5.181 -5.121 -5.137 -4.941
0.00018264 -1.93000 10.07918 0.8027083874 2.4196679592    0.743  3.073  3.6543  0.805    7  0.000  0.416     0.00     0.00 -1    -1e-30      0.00 7.519e-01 2.479e-01 2.442e-05 1.760e-05 7.822e-05 -1.000 1.869e-04 -2.914 -3.301 -3.834 -4.265 -4.866 -5.110 -5.157 -5.185 -5.170 -4.747 -5.169 -4.717 -5.051 -5.101 -5.120 -5.130 -5.171 -5.180 -5.188 -5.199 -5.186 -5.126 -5.142 -4.946
0.00018264 -1.93000 10.07918 0.8027085662 2.4196681976    0.743  3.079  3.6540  0.798    7  0.000  0.415     0.00     0.00 -1    -1e-30      0.00 7.519e-01 2.479e-01 2.441e-05 1.763e-05 7.820e-05 -1.000 1.869e-04 -2.927 -3.314 -3.848 -4.280 -4.882 -5.126 -5.173 -5.202 -5.186 -4.762 -5.185 -4.733 -5.067 -5.117 -5.136 -5.146 -5.188 -5.196 -5.204 -5.216 -5.202 -5.142 -5.158 -4.962
0.00018264 -1.93000 10.07918 0.8027088046 2.4196681976    0.743  3.090  3.6532  0.783    7  0.000  0.415     0.00     0.00 -1    -1e-30      0.00 7.519e-01 2.479e-01 2.438e-05 1.771e-05 7.813e-05 -1.000 1.868e-04 -2.956 -3.341 -3.877 -4.312 -4.915 -5.160 -5.207 -5.236 -5.220 -4.795 -5.220 -4.766 -5.100 -5.151 -5.171 -5.180 -5.222 -5.231 -5.239 -5.250 -5.237 -5.175 -5.192 -4.995
0.00018264 -1.93000 10.07918 0.8027091622 2.4196684361    0.743  3.138  3.6498  0.722    7  0.000  0.414     0.00     0.00 -1    -1e-30      0.00 7.516e-01 2.482e-01 2.421e-05 1.817e-05 7.781e-05 -1.000 1.869e-04 -3.076 -3.451 -3.999 -4.442 -5.055 -5.304 -5.351 -5.383 -5.364 -4.934 -5.365 -4.903 -5.243 -5.296 -5.315 -5.321 -5.368 -5.377 -5.385 -5.398 -5.383 -5.314 -5.333 -5.136
0.00018264 -1.93000 10.07918 0.8027098179 2.4196686745    0.743  3.205  3.6449  0.635    7  0.549  0.413     0.00     0.00 -1    -1e-30      0.00 7.511e-01 2.487e-01 2.391e-05 1.914e-05 7.713e-05 -1.000 1.869e-04 -3.243 -3.603 -4.169 -4.625 -5.251 -5.507 -5.553 -5.588 -5.566 -5.129 -5.568 -5.095 -5.442 -5.497 -5.518 -5.517 -5.573 -5.582 -5.591 -5.604 -5.588 -5.509 -5.530 -5.334
0.00018264 -1.93000 10.07918 0.8027101159 2.4196686745    0.743  3.414  3.6091  0.283    8  0.549  0.390    92.85    44.33  1  -1.3e-06      0.00 7.290e-01 2.706e-01 6.375e-05 5.931e-05 2.177e-04 -1.000 3.690e-04 -3.766 -3.950 -4.660 -5.220 -5.959 -6.279 -6.314 -6.380 -6.345 -5.835 -6.344 -5.771 -6.185 -6.265 -6.297 -6.246 -6.361 -6.372 -6.383 -6.403 -6.380 -6.249 -6.280 -6.058
0.00018264 -1.93000 10.07918 0.8027101755 2.4196686745    0.742  3.283  3.6171  0.446    8  0.549  0.390    65.27    32.68  1 -7.12e-07      0.00 7.290e-01 2.706e-01 6.375e-05 5.931e-05 2.177e-04 -1.000 3.690e-04 -3.437 -3.675 -4.340 -4.872 -5.587 -5.892 -5.929 -5.987 -5.952 -5.463 -5.955 -5.406 -5.806 -5.879 -5.907 -5.868 -5.969 -5.979 -5.989 -6.007 -5.985 -5.863 -5.892 -5.683
0.00018264 -1.93000 10.07918 0.8027102351 2.4196686745    0.742  3.138  3.6303  0.643    8  0.549  0.390    42.67    22.62  1 -3.61e-07      0.00 7.290e-01 2.706e-01 6.375e-05 5.931e-05 2.177e-04 -1.000 3.690e-04 -3.075 -3.380 -3.990 -4.483 -5.156 -5.437 -5.479 -5.525 -5.495 -5.032 -5.499 -4.987 -5.362 -5.426 -5.451 -5.430 -5.509 -5.518 -5.528 -5.543 -5.524 -5.420 -5.446 -5.246
0.00018264 -1.93000 10.07918 0.8027104139 2.4196686745    0.741  2.928  3.6494  0.930    8  0.549  0.390    23.01    13.25  1 -1.29e-07      0.00 7.290e-01 2.706e-01 6.375e-05 5.931e-05 2.177e-04 -1.000 3.690e-04 -2.549 -2.919 -3.462 -3.905 -4.524 -4.776 -4.822 -4.853 -4.835 -4.403 -4.835 -4.369 -4.713 -4.767 -4.787 -4.791 -4.839 -4.847 -4.856 -4.868 -4.853 -4.785 -4.803 -4.605
0.00018264 -1.93000 10.07918 0.8027105927 2.4196689129    0.740  2.933  3.6489  0.922    8  0.549  0.390    23.40    13.43  1 -1.33e-07      0.00 7.290e-01 2.706e-01 6.375e-05 5.931e-05 2.177e-04 -1.000 3.690e-04 -2.562 -2.930 -3.475 -3.919 -4.539 -4.792 -4.838 -4.869 -4.850 -4.418 -4.851 -4.384 -4.729 -4.783 -4.803 -4.807 -4.856 -4.864 -4.872 -4.884 -4.869 -4.800 -4.819 -4.621
0.00018264 -1.93000 10.07918 0.8027108908 2.4196689129    0.738  3.013  3.6416  0.811    8  0.550  0.390    29.73    16.50  1    -2e-07      0.00 7.290e-01 2.706e-01 6.375e-05 5.931e-05 2.177e-04 -1.000 3.690e-04 -2.763 -3.110 -3.679 -4.142 -4.782 -5.045 -5.090 -5.127 -5.103 -4.659 -5.106 -4.621 -4.978 -5.035 -5.057 -5.052 -5.112 -5.120 -5.129 -5.142 -5.126 -5.043 -5.065 -4.867
0.00018264 -1.93000 10.07918 0.8027111888 2.4196691513    0.736  3.167  3.6275  0.600    8  0.550  0.390    46.93    24.44  1 -4.25e-07      0.00 7.290e-01 2.706e-01 6.375e-05 5.931e-05 2.177e-04 -1.000 3.691e-04 -3.148 -3.441 -4.062 -4.562 -5.244 -5.530 -5.571 -5.619 -5.588 -5.120 -5.592 -5.073 -5.453 -5.518 -5.544 -5.519 -5.603 -5.612 -5.622 -5.637 -5.618 -5.509 -5.536 -5.335
0.00018264 -1.93000 10.07918 0.8027116060 2.4196691513    0.734  3.304  3.6150  0.412    8  0.550  0.390    70.47    34.66  1 -8.16e-07      0.00 7.290e-01 2.706e-01 6.375e-05 5.931e-05 2.177e-04 -1.000 3.690e-04 -3.490 -3.715 -4.391 -4.930 -5.652 -5.960 -5.997 -6.057 -6.021 -5.527 -6.024 -5.469 -5.872 -5.947 -5.976 -5.934 -6.039 -6.048 -6.059 -6.077 -6.055 -5.930 -5.960 -5.748
0.00018264 -1.93000 10.07918 0.8027120233 2.4196693897    0.731  3.395  3.6066  0.286    8  0.551  0.390    92.54    43.75  1 -1.25e-06      0.00 7.290e-01 2.706e-01 6.375e-05 5.931e-05 2.177e-04 -1.000 3.690e-04 -3.717 -3.885 -4.605 -5.172 -5.920 -6.247 -6.280 -6.348 -6.313 -5.797 -6.311 -5.729 -6.150 -6.232 -6.264 -6.211 -6.329 -6.340 -6.351 -6.371 -6.348 -6.215 -6.246 -6.021
0.00018264 -1.93000 10.07918 0.8027125597 2.4196696281    0.728  3.445  3.6020  0.215    8  0.551  0.390   107.82    49.80  1  -1.6e-06      0.00 7.290e-01 2.706e-01 6.375e-05 5.931e-05 2.177e-04 -1.000 3.690e-04 -3.843 -3.976 -4.721 -5.304 -6.067 -6.405 -6.437 -6.510 -6.474 -5.945 -6.470 -5.871 -6.303 -6.390 -6.423 -6.363 -6.488 -6.501 -6.514 -6.534 -6.511 -6.374 -6.405 -6.170
0.00018264 -1.93000 10.07918 0.8027130961 2.4196696281    0.725  3.471  3.5995  0.178    8  0.552  0.390   116.95    53.26  1 -1.82e-06      0.00 7.290e-01 2.706e-01 6.375e-05 5.931e-05 2.177e-04 -1.000 3.690e-04 -3.907 -4.022 -4.780 -5.371 -6.143 -6.486 -6.517 -6.593 -6.558 -6.021 -6.552 -5.945 -6.381 -6.470 -6.505 -6.442 -6.570 -6.584 -6.597 -6.617 -6.595 -6.456 -6.487 -6.247
0.00018264 -1.93000 10.07918 0.8027136922 2.4196698666    0.721  3.487  3.5984  0.154    8  0.552  0.390   123.06    55.46  0 -1.99e-06      0.00 7.290e-01 2.706e-01 6.375e-05 5.931e-05 2.177e-04 -1.000 3.690e-04 -3.948 -4.053 -4.818 -5.415 -6.190 -6.536 -6.566 -6.643 -6.609 -6.068 -6.602 -5.990 -6.429 -6.520 -6.554 -6.490 -6.621 -6.634 -6.648 -6.669 -6.646 -6.506 -6.537 -6.295
0.00018264 -1.93000 10.07918 0.8027159572 2.4196705818    0.554 -9.999  4.0000  1.705    9  0.554  0.000     0.00     0.00 -1    -1e-30      0.00 7.290e-01 2.706e-01 6.375e-05 5.931e-05 2.177e-04 -1.000 3.690e-04 29.767 30.069 30.055 30.103 30.106 30.109 30.108 30.114 30.109 30.104 30.110 30.113 30.093 30.102 30.113 30.114 30.110 30.114 30.114 30.109 30.109 30.107 30.111 30.104
#isochrone terminated
