# File generated by CMD 3.3 (http://stev.oapd.inaf.it/cmd) on Tue Sep 15 16:10:47 CEST 2020
# isochrones based on PARSEC release v1.2S +  COLIBRI S_35
# Basic references: Bressan et al. (2012), MNRAS, 427, 127 + Chen et al. (2014, 2015), MNRAS, 444, 2525 + MNRAS, 452, 1068 + Tang et al. (2014), MNRAS, 445, 4287 + Marigo et al. (2017), ApJ, 835, 77 + Pastorelli al. (2019), MNRAS in press
# Thermal pulse cycles included 
# On RGB, assumed Reimers mass loss with efficiency eta=0.2
# Photometric system: JWST NIRCam wide+verywide+medium filters, Vegamags
# Using YBC version of bolometric corrections as in Chen et al. (2019)
# O-rich circumstellar dpmod60alox40 dust from Groenewegen (2006)
# C-rich circumstellar AMCSIC15 dust from Groenewegen (2006)
# IMF: Kroupa (2001, 2002) + Kroupa et al. (2013) canonical two-part-power law IMF corrected for unresolved binaries 
# Kind of output: isochrone tables
# Zini     MH   logAge Mini        int_IMF         Mass   logL    logTe  logg  label   McoreTP C_O  period0 period1 pmode  Mloss  tau1m   X   Y   Xc  Xn  Xo  Cexcess  Z 	 mbolmag  F070Wmag  F090Wmag  F115Wmag  F150Wmag  F200Wmag  F277Wmag  F356Wmag  F444Wmag  F150W2mag  F322W2mag  F140Mmag  F162Mmag  F182Mmag  F210Mmag  F250Mmag  F300Mmag  F335Mmag  F360Mmag  F410Mmag  F430Mmag  F460Mmag  F480Mmag  F150WS60mag
0.00018264 -1.93000 10.07918 0.0913096443 1.0941179991    0.091 -3.146  3.4971  5.485    1  0.000  0.545     0.00     0.00 -1 -5.39e-17      0.00 7.480e-01 2.518e-01 3.361e-05 9.067e-06 8.223e-05 -1.000 1.868e-04 12.634 12.689 11.465 10.840 10.458 10.441 10.147 9.746 9.640 10.589 9.957 10.493 10.423 10.462 10.410 10.289 10.011 9.793 9.711 9.641 9.631 9.640 9.621 10.443
0.00018264 -1.93000 10.07918 0.0971938968 1.1472291946    0.097 -2.933  3.5280  5.422    1  0.000  0.545     0.00     0.00 -1 -9.15e-17      0.00 7.465e-01 2.533e-01 3.361e-05 9.067e-06 8.223e-05 -1.000 1.868e-04 12.103 12.023 11.009 10.410 9.946 9.836 9.600 9.289 9.189 10.073 9.456 10.013 9.863 9.862 9.802 9.703 9.503 9.333 9.258 9.191 9.182 9.189 9.173 9.909
0.00018264 -1.93000 10.07918 0.1012862623 1.1817619801    0.101 -2.793  3.5482  5.381    1  0.000  0.545     0.00     0.00 -1  -1.3e-16      0.00 7.454e-01 2.544e-01 3.361e-05 9.067e-06 8.224e-05 -1.000 1.868e-04 11.754 11.583 10.699 10.128 9.627 9.468 9.262 9.004 8.911 9.748 9.144 9.713 9.518 9.496 9.434 9.345 9.185 9.045 8.976 8.913 8.905 8.909 8.896 9.579
0.00018264 -1.93000 10.07918 0.1212394834 1.3274300098    0.121 -2.505  3.5779  5.290    1  0.000  0.545     0.00     0.00 -1 -2.55e-16      0.00 7.421e-01 2.577e-01 3.361e-05 9.067e-06 8.224e-05 -1.000 1.869e-04 11.034 10.756 10.024 9.502 8.972 8.752 8.583 8.396 8.318 9.080 8.499 9.081 8.831 8.780 8.720 8.645 8.529 8.429 8.374 8.319 8.312 8.315 8.304 8.911
0.00018264 -1.93000 10.07918 0.1411927044 1.4448504448    0.141 -2.324  3.5922  5.232    1  0.000  0.545     0.00     0.00 -1 -3.84e-16      0.00 7.400e-01 2.599e-01 3.361e-05 9.068e-06 8.224e-05 -1.000 1.869e-04 10.579 10.268 9.588 9.089 8.556 8.309 8.153 8.000 7.932 8.655 8.085 8.672 8.403 8.338 8.278 8.207 8.108 8.028 7.982 7.934 7.927 7.930 7.919 8.490
0.00018264 -1.93000 10.07918 0.1611459404 1.5424650908    0.161 -2.182  3.6015  5.184    1  0.000  0.545     0.00     0.00 -1 -5.27e-16      0.00 7.386e-01 2.612e-01 3.361e-05 9.068e-06 8.224e-05 -1.000 1.869e-04 10.224 9.894 9.242 8.760 8.226 7.966 7.818 7.686 7.625 8.321 7.759 8.346 8.068 7.996 7.935 7.867 7.778 7.710 7.670 7.626 7.620 7.623 7.613 8.159
0.00018264 -1.93000 10.07918 0.2010523975 1.6974372864    0.201 -1.963  3.6134  5.110    1  0.000  0.545     0.00     0.00 -1 -8.49e-16      0.00 7.379e-01 2.619e-01 3.361e-05 9.068e-06 8.224e-05 -1.000 1.869e-04 9.679 9.327 8.709 8.246 7.715 7.446 7.307 7.198 7.146 7.805 7.258 7.838 7.553 7.475 7.415 7.349 7.273 7.218 7.185 7.146 7.142 7.146 7.136 7.646
0.00018264 -1.93000 10.07918 0.2509354949 1.8426946402    0.251 -1.764  3.6243  5.050    1  0.000  0.545     0.00     0.00 -1 -1.29e-15      0.00 7.381e-01 2.617e-01 3.361e-05 9.068e-06 8.224e-05 -1.000 1.869e-04 9.180 8.810 8.220 7.775 7.250 6.979 6.847 6.756 6.712 7.338 6.807 7.373 7.087 7.008 6.950 6.884 6.817 6.773 6.745 6.711 6.708 6.712 6.703 7.180
0.00018264 -1.93000 10.07918 0.3008185625 1.9545503855    0.301 -1.611  3.6333  5.012    1  0.000  0.545     0.00     0.00 -1 -1.75e-15      0.00 7.382e-01 2.616e-01 3.360e-05 9.069e-06 8.224e-05 -1.000 1.869e-04 8.797 8.412 7.845 7.415 6.895 6.629 6.501 6.423 6.385 6.984 6.467 7.018 6.734 6.656 6.601 6.536 6.474 6.438 6.414 6.383 6.381 6.385 6.377 6.827
0.00018264 -1.93000 10.07918 0.3507016301 2.0445659161    0.351 -1.484  3.6416  4.985    1  0.000  0.544     0.00     0.00 -1 -2.24e-15      0.00 7.381e-01 2.617e-01 3.357e-05 9.070e-06 8.224e-05 -1.000 1.868e-04 8.481 8.083 7.537 7.119 6.607 6.347 6.225 6.155 6.121 6.696 6.194 6.728 6.448 6.372 6.320 6.257 6.200 6.168 6.148 6.120 6.117 6.122 6.114 6.539
0.00018264 -1.93000 10.07918 0.4005846977 2.1193072796    0.400 -1.358  3.6507  4.953    1  0.000  0.545     0.00     0.00 -1 -2.91e-15      0.00 7.502e-01 2.496e-01 3.361e-05 9.067e-06 8.223e-05 -1.000 1.868e-04 8.164 7.753 7.230 6.826 6.323 6.071 5.956 5.894 5.865 6.413 5.929 6.442 6.167 6.095 6.046 5.986 5.934 5.906 5.888 5.862 5.861 5.866 5.859 6.256
0.00018264 -1.93000 10.07918 0.4504677355 2.1828336716    0.450 -1.202  3.6659  4.909    1  0.000  0.545     0.00     0.00 -1 -4.13e-15      0.00 7.507e-01 2.491e-01 3.361e-05 9.067e-06 8.223e-05 -1.000 1.869e-04 7.775 7.347 6.858 6.479 5.993 5.758 5.654 5.602 5.577 6.084 5.631 6.107 5.844 5.779 5.736 5.680 5.635 5.612 5.596 5.575 5.574 5.579 5.574 5.929
0.00018264 -1.93000 10.07918 0.5003507733 2.2378156185    0.500 -1.028  3.6839  4.853    1  0.000  0.545     0.00     0.00 -1 -6.23e-15      0.00 7.509e-01 2.489e-01 3.359e-05 9.062e-06 8.219e-05 -1.000 1.870e-04 7.341 6.898 6.449 6.098 5.637 5.423 5.331 5.288 5.268 5.729 5.312 5.744 5.498 5.441 5.404 5.353 5.315 5.296 5.284 5.266 5.265 5.268 5.265 5.577
0.00018264 -1.93000 10.07918 0.5502339005 2.2838518620    0.550 -0.823  3.7044  4.770    1  0.000  0.544     0.00     0.00 -1 -1.05e-14      0.00 7.848e-01 2.151e-01 2.931e-05 7.913e-06 7.180e-05 -1.000 9.990e-05 6.827 6.379 5.972 5.651 5.222 5.031 4.951 4.917 4.900 5.313 4.936 5.320 5.094 5.046 5.015 4.970 4.939 4.924 4.914 4.899 4.898 4.899 4.898 5.167
0.00018264 -1.93000 10.07918 0.6001169682 2.3212006092    0.600 -0.614  3.7298  4.701    1  0.000  0.544     0.00     0.00 -1 -1.76e-14      0.00 7.973e-01 2.026e-01 2.779e-05 7.508e-06 6.816e-05 -1.000 1.359e-04 6.304 5.866 5.506 5.223 4.831 4.669 4.603 4.579 4.564 4.921 4.593 4.919 4.719 4.681 4.656 4.618 4.595 4.584 4.576 4.565 4.563 4.560 4.562 4.783
0.00018264 -1.93000 10.07918 0.6075627804 2.3261740208    0.607 -0.581  3.7342  4.691    1  0.000  0.544     0.00     0.00 -1 -1.91e-14      0.00 7.996e-01 2.003e-01 2.751e-05 7.434e-06 6.750e-05 -1.000 1.414e-04 6.222 5.787 5.436 5.158 4.773 4.615 4.552 4.529 4.515 4.862 4.542 4.858 4.662 4.626 4.603 4.566 4.544 4.534 4.526 4.515 4.514 4.510 4.512 4.725
0.00018264 -1.93000 10.07918 0.6186909676 2.3333508968    0.618 -0.531  3.7408  4.676    1  0.000  0.543     0.00     0.00 -1 -2.16e-14      0.00 8.031e-01 1.967e-01 2.709e-05 7.320e-06 6.647e-05 -1.000 1.718e-04 6.098 5.669 5.330 5.061 4.684 4.534 4.474 4.453 4.440 4.773 4.465 4.767 4.577 4.544 4.522 4.487 4.467 4.458 4.451 4.441 4.439 4.435 4.438 4.638
0.00018264 -1.93000 10.07918 0.6286030412 2.3394978046    0.628 -0.487  3.7467  4.662    1  0.000  0.543     0.00     0.00 -1 -2.41e-14      0.00 8.065e-01 1.934e-01 2.669e-05 7.213e-06 6.551e-05 -1.000 1.731e-04 5.987 5.566 5.236 4.975 4.604 4.460 4.405 4.386 4.374 4.694 4.397 4.685 4.500 4.469 4.449 4.417 4.399 4.390 4.384 4.375 4.374 4.369 4.372 4.559
0.00018264 -1.93000 10.07918 0.6382229924 2.3452544212    0.638 -0.443  3.7523  4.647    1  0.000  0.543     0.00     0.00 -1 -4.14e-16      0.00 8.099e-01 1.900e-01 2.628e-05 7.104e-06 6.454e-05 -1.000 1.647e-04 5.878 5.465 5.146 4.890 4.526 4.388 4.337 4.321 4.310 4.616 4.330 4.606 4.424 4.396 4.378 4.348 4.332 4.325 4.319 4.311 4.309 4.305 4.308 4.482
0.00018264 -1.93000 10.07918 0.6495532393 2.3517832756    0.649 -0.391  3.7587  4.629    1  0.000  0.543     0.00     0.00 -1 -2.22e-14      0.00 8.141e-01 1.858e-01 2.578e-05 6.970e-06 6.333e-05 -1.000 1.311e-04 5.748 5.346 5.038 4.791 4.433 4.302 4.256 4.243 4.233 4.523 4.250 4.511 4.335 4.309 4.293 4.266 4.252 4.246 4.241 4.234 4.233 4.228 4.232 4.391
0.00018264 -1.93000 10.07918 0.6499999762 2.3520355225    0.650 -0.389  3.7590  4.628    1  0.000  0.543     0.00     0.00 -1 -3.08e-14      0.00 8.143e-01 1.856e-01 2.576e-05 6.964e-06 6.328e-05 -1.000 1.765e-04 5.743 5.341 5.034 4.786 4.429 4.298 4.253 4.240 4.230 4.519 4.247 4.507 4.331 4.305 4.289 4.262 4.249 4.243 4.238 4.231 4.230 4.225 4.229 4.387
0.00018264 -1.93000 10.07918 0.6589780450 2.3570179939    0.659 -0.347  3.7639  4.611    1  0.000  0.542     0.00     0.00 -1 -3.43e-14      0.00 8.185e-01 1.813e-01 2.525e-05 6.829e-06 6.206e-05 -1.000 1.869e-04 5.638 5.245 4.946 4.704 4.352 4.226 4.184 4.173 4.164 4.442 4.179 4.428 4.256 4.233 4.218 4.193 4.181 4.176 4.172 4.165 4.164 4.159 4.163 4.311
0.00018264 -1.93000 10.07918 0.6691758633 2.3624916077    0.669 -0.299  3.7693  4.591    1  0.000  0.542     0.00     0.00 -1  -3.9e-14      0.00 8.237e-01 1.762e-01 2.463e-05 6.665e-06 6.060e-05 -1.000 1.699e-04 5.517 5.135 4.844 4.608 4.262 4.142 4.104 4.095 4.087 4.352 4.100 4.337 4.168 4.148 4.135 4.112 4.102 4.098 4.094 4.088 4.087 4.082 4.086 4.222
0.00018264 -1.93000 10.07918 0.6788769364 2.3675234318    0.679 -0.252  3.7744  4.571    1  0.000  0.542     0.00     0.00 -1 -2.89e-14      0.00 8.289e-01 1.710e-01 2.401e-05 6.500e-06 5.911e-05 -1.000 1.490e-04 5.400 5.027 4.745 4.514 4.174 4.059 4.024 4.017 4.009 4.264 4.021 4.247 4.082 4.064 4.052 4.031 4.023 4.019 4.016 4.010 4.009 4.005 4.009 4.134
0.00018264 -1.93000 10.07918 0.6881385446 2.3721752167    0.688 -0.206  3.7792  4.550    1  0.000  0.541     0.00     0.00 -1 -9.72e-15      0.00 8.342e-01 1.657e-01 2.338e-05 6.332e-06 5.760e-05 -1.000 1.196e-04 5.284 4.921 4.647 4.421 4.086 3.976 3.945 3.939 3.932 4.176 3.942 4.157 3.996 3.980 3.970 3.951 3.944 3.941 3.938 3.933 3.932 3.927 3.931 4.047
0.00018264 -1.93000 10.07918 0.6963579059 2.3761847019    0.696 -0.163  3.7834  4.529    1  0.000  0.541     0.00     0.00 -1 -6.62e-15      0.00 8.391e-01 1.607e-01 2.279e-05 6.174e-06 5.619e-05 -1.000 1.488e-04 5.178 4.824 4.557 4.336 4.005 3.900 3.871 3.867 3.860 4.095 3.869 4.075 3.917 3.903 3.894 3.876 3.871 3.869 3.866 3.861 3.860 3.856 3.860 3.967
0.00018264 -1.93000 10.07918 0.6999999881 2.3779268265    0.700 -0.144  3.7852  4.520    1  0.000  0.541     0.00     0.00 -1  -5.9e-14      0.00 8.414e-01 1.584e-01 2.251e-05 6.101e-06 5.554e-05 -1.000 1.739e-04 5.130 4.780 4.516 4.297 3.969 3.865 3.838 3.834 3.828 4.058 3.836 4.038 3.882 3.869 3.860 3.843 3.838 3.836 3.833 3.828 3.828 3.823 3.827 3.931
0.00018264 -1.93000 10.07918 0.7092351317 2.3822519779    0.709 -0.093  3.7897  4.493    1  0.000  0.538     0.00     0.00 -1 -6.79e-14      0.00 8.468e-01 1.531e-01 2.188e-05 5.946e-06 5.417e-05 -1.000 1.591e-04 5.004 4.663 4.406 4.192 3.869 3.771 3.746 3.743 3.738 3.959 3.745 3.937 3.785 3.773 3.766 3.750 3.747 3.745 3.743 3.738 3.737 3.733 3.737 3.833
0.00018264 -1.93000 10.07918 0.7177017331 2.3861050606    0.717 -0.045  3.7937  4.465    1  0.000  0.537     0.00     0.00 -1  -7.8e-14      0.00 8.513e-01 1.485e-01 2.135e-05 5.820e-06 5.305e-05 -1.000 1.508e-04 4.881 4.549 4.299 4.089 3.772 3.678 3.656 3.654 3.648 3.861 3.655 3.838 3.690 3.680 3.673 3.659 3.657 3.655 3.653 3.648 3.648 3.644 3.648 3.737
0.00018264 -1.93000 10.07918 0.7260619402 2.3898084164    0.726  0.006  3.7976  4.435    1  0.000  0.535     0.00     0.00 -1 -9.03e-14      0.00 8.554e-01 1.445e-01 2.090e-05 5.712e-06 5.212e-05 -1.000 9.164e-05 4.754 4.429 4.186 3.981 3.669 3.579 3.559 3.557 3.552 3.758 3.558 3.734 3.589 3.581 3.575 3.562 3.560 3.559 3.557 3.552 3.552 3.548 3.552 3.635
0.00018264 -1.93000 10.07918 0.7332423925 2.3929116726    0.733  0.053  3.8008  4.406    1  0.000  0.533     0.00     0.00 -1 -1.03e-13      0.00 8.585e-01 1.414e-01 2.058e-05 5.637e-06 5.147e-05 -1.000 9.306e-05 4.638 4.320 4.081 3.880 3.574 3.487 3.468 3.467 3.462 3.662 3.468 3.637 3.496 3.488 3.483 3.471 3.470 3.469 3.466 3.462 3.462 3.458 3.462 3.540
0.00018264 -1.93000 10.07918 0.7401990294 2.3958523273    0.740  0.100  3.8038  4.374    1  0.000  0.532     0.00     0.00 -1 -1.14e-13      0.00 8.611e-01 1.387e-01 2.031e-05 5.576e-06 5.095e-05 -1.000 1.489e-04 4.519 4.206 3.973 3.775 3.474 3.390 3.372 3.372 3.367 3.561 3.372 3.535 3.398 3.391 3.386 3.375 3.374 3.373 3.371 3.367 3.366 3.362 3.366 3.441
0.00018264 -1.93000 10.07918 0.7471562624 2.3987302780    0.747  0.152  3.8067  4.338    1  0.000  0.530     0.00     0.00 -1 -1.65e-14      0.00 8.635e-01 1.363e-01 2.007e-05 5.523e-06 5.050e-05 -1.000 1.708e-04 4.391 4.082 3.854 3.660 3.364 3.282 3.266 3.266 3.261 3.450 3.266 3.424 3.290 3.284 3.279 3.269 3.268 3.267 3.265 3.261 3.261 3.257 3.261 3.331
0.00018264 -1.93000 10.07918 0.7500000000 2.3998889923    0.749  0.173  3.8079  4.323    1  0.000  0.529     0.00     0.00 -1 -1.48e-13      0.00 8.645e-01 1.353e-01 1.998e-05 5.503e-06 5.033e-05 -1.000 1.830e-04 4.337 4.030 3.804 3.611 3.317 3.237 3.221 3.221 3.216 3.403 3.221 3.376 3.244 3.238 3.234 3.223 3.223 3.222 3.220 3.216 3.216 3.212 3.215 3.285
0.00018264 -1.93000 10.07918 0.7513949275 2.4004538059    0.751  0.184  3.8085  4.316    1  0.000  0.529     0.00     0.00 -1 -1.53e-13      0.00 8.646e-01 1.352e-01 1.999e-05 5.506e-06 5.035e-05 -1.000 1.843e-04 4.310 4.005 3.780 3.587 3.294 3.215 3.200 3.199 3.194 3.380 3.199 3.354 3.222 3.216 3.212 3.202 3.201 3.201 3.198 3.194 3.194 3.190 3.194 3.263
0.00018264 -1.93000 10.07918 0.7594533563 2.4036693573    0.759  0.252  3.8118  4.265    1  0.000  0.529     0.00     0.00 -1 -1.88e-13      0.00 8.653e-01 1.347e-01 2.003e-05 5.519e-06 5.050e-05 -1.000 8.729e-05 4.140 3.840 3.620 3.432 3.146 3.069 3.055 3.054 3.050 3.230 3.055 3.203 3.075 3.071 3.066 3.057 3.057 3.056 3.054 3.050 3.050 3.046 3.049 3.115
0.00018264 -1.93000 10.07918 0.7647995949 2.4057595730    0.764  0.301  3.8137  4.227    1  0.000  0.529     0.00     0.00 -1 -2.19e-13      0.00 8.655e-01 1.344e-01 2.007e-05 5.531e-06 5.062e-05 -1.000 9.885e-05 4.018 3.720 3.504 3.318 3.035 2.961 2.947 2.946 2.942 3.119 2.947 3.092 2.966 2.962 2.958 2.949 2.949 2.948 2.946 2.942 2.941 2.938 2.941 3.005
0.00018264 -1.93000 10.07918 0.7698677182 2.4077105522    0.769  0.350  3.8151  4.186    1  0.000  0.528     0.00     0.00 -1 -2.56e-13      0.00 8.647e-01 1.352e-01 2.022e-05 5.575e-06 5.102e-05 -1.000 1.000e-04 3.895 3.599 3.385 3.201 2.922 2.848 2.835 2.834 2.829 3.005 2.834 2.977 2.854 2.850 2.846 2.837 2.837 2.836 2.833 2.830 2.829 2.825 2.829 2.892
0.00018264 -1.93000 10.07918 0.7740107775 2.4092833996    0.773  0.393  3.8157  4.148    1  0.000  0.528     0.00     0.00 -1 -2.97e-13      0.00 8.637e-01 1.362e-01 2.039e-05 5.622e-06 5.145e-05 -1.000 9.996e-05 3.787 3.491 3.279 3.095 2.818 2.745 2.732 2.731 2.726 2.901 2.731 2.873 2.750 2.746 2.742 2.733 2.733 2.732 2.730 2.726 2.726 2.722 2.726 2.788
0.00018264 -1.93000 10.07918 0.7756382227 2.4098958969    0.775  0.412  3.8155  4.129    1  0.000  0.528     0.00     0.00 -1 -3.17e-13      0.00 8.633e-01 1.366e-01 2.046e-05 5.641e-06 5.162e-05 -1.000 1.000e-04 3.740 3.443 3.230 3.046 2.769 2.695 2.682 2.681 2.676 2.851 2.682 2.824 2.701 2.697 2.693 2.684 2.684 2.683 2.680 2.677 2.676 2.673 2.676 2.739
0.00018264 -1.93000 10.07918 0.7800592184 2.4115452766    0.779  0.468  3.8137  4.069    1  0.000  0.528     0.00     0.00 -1 -3.83e-13      0.00 8.621e-01 1.378e-01 2.064e-05 5.691e-06 5.209e-05 -1.000 9.997e-05 3.601 3.300 3.085 2.899 2.619 2.544 2.531 2.530 2.525 2.702 2.530 2.675 2.550 2.545 2.542 2.533 2.532 2.531 2.529 2.525 2.525 2.521 2.524 2.589
0.00018264 -1.93000 10.07918 0.7831519246 2.4126863480    0.782  0.511  3.8111  4.016    1  0.000  0.528     0.00     0.00 -1 -4.49e-13      0.00 8.613e-01 1.386e-01 2.077e-05 5.726e-06 5.241e-05 -1.000 1.000e-04 3.491 3.186 2.966 2.777 2.492 2.415 2.401 2.400 2.395 2.576 2.400 2.549 2.422 2.417 2.413 2.403 2.403 2.401 2.399 2.395 2.395 2.391 2.394 2.462
0.00018264 -1.93000 10.07918 0.7838113308 2.4129283428    0.782  0.522  3.8102  4.003    1  0.000  0.528     0.00     0.00 -1 -4.68e-13      0.00 8.612e-01 1.387e-01 2.080e-05 5.734e-06 5.248e-05 -1.000 9.996e-05 3.466 3.159 2.938 2.748 2.462 2.384 2.370 2.368 2.363 2.546 2.369 2.519 2.391 2.385 2.381 2.372 2.371 2.370 2.368 2.364 2.363 2.359 2.363 2.431
0.00018264 -1.93000 10.07918 0.7844337225 2.4131562710    0.783  0.532  3.8091  3.988    2  0.000  0.528     0.00     0.00 -1 -4.89e-13      0.00 8.610e-01 1.389e-01 2.082e-05 5.741e-06 5.254e-05 -1.000 9.997e-05 3.440 3.130 2.908 2.717 2.428 2.349 2.335 2.334 2.328 2.513 2.334 2.486 2.357 2.351 2.347 2.337 2.336 2.335 2.333 2.329 2.328 2.324 2.328 2.397
0.00018264 -1.93000 10.07918 0.7865287662 2.4139204025    0.785  0.571  3.8040  3.930    2  0.000  0.528     0.00     0.00 -1 -5.68e-13      0.00 8.605e-01 1.394e-01 2.091e-05 5.764e-06 5.276e-05 -1.000 1.000e-04 3.343 3.024 2.794 2.596 2.299 2.215 2.199 2.197 2.192 2.385 2.198 2.359 2.224 2.216 2.212 2.202 2.200 2.199 2.196 2.192 2.192 2.188 2.191 2.266
0.00018264 -1.93000 10.07918 0.7881337404 2.4145026207    0.787  0.606  3.7975  3.870    2  0.000  0.528     0.00     0.00 -1 -6.59e-13      0.00 8.601e-01 1.398e-01 2.098e-05 5.783e-06 5.292e-05 -1.000 9.994e-05 3.255 2.926 2.685 2.479 2.171 2.080 2.063 2.060 2.055 2.258 2.062 2.233 2.092 2.082 2.077 2.066 2.064 2.062 2.060 2.055 2.055 2.050 2.054 2.136
0.00018264 -1.93000 10.07918 0.7893919945 2.4149572849    0.788  0.638  3.7898  3.808    2  0.000  0.528     0.00     0.00 -1  -7.6e-13      0.00 8.595e-01 1.403e-01 2.106e-05 5.806e-06 5.314e-05 -1.000 1.094e-04 3.176 2.834 2.580 2.365 2.044 1.946 1.926 1.923 1.916 2.133 1.924 2.110 1.961 1.948 1.942 1.930 1.926 1.924 1.922 1.917 1.916 1.912 1.916 2.007
0.00018264 -1.93000 10.07918 0.7904071212 2.4153227806    0.789  0.666  3.7813  3.746    2  0.000  0.529     0.00     0.00 -1 -8.72e-13      0.00 8.555e-01 1.444e-01 2.156e-05 5.943e-06 5.438e-05 -1.000 1.096e-04 3.104 2.749 2.481 2.255 1.920 1.813 1.790 1.786 1.779 2.011 1.788 1.990 1.831 1.816 1.809 1.795 1.790 1.788 1.785 1.780 1.779 1.774 1.778 1.881
0.00018264 -1.93000 10.07918 0.7912593484 2.4156289101    0.790  0.693  3.7729  3.686    2  0.000  0.530     0.00     0.00 -1 -9.93e-13      0.00 8.390e-01 1.609e-01 2.346e-05 6.456e-06 5.900e-05 -1.000 1.113e-04 3.037 2.670 2.388 2.152 1.803 1.688 1.661 1.655 1.648 1.895 1.658 1.877 1.709 1.691 1.683 1.666 1.660 1.657 1.654 1.649 1.648 1.643 1.647 1.762
0.00018264 -1.93000 10.07918 0.7920114398 2.4158983231    0.790  0.720  3.7651  3.628    2  0.000  0.533     0.00     0.00 -1 -1.13e-12      0.00 8.107e-01 1.892e-01 2.655e-05 7.283e-06 6.640e-05 -1.000 1.428e-04 2.970 2.592 2.297 2.051 1.690 1.566 1.535 1.528 1.521 1.783 1.532 1.767 1.592 1.571 1.560 1.542 1.534 1.531 1.527 1.522 1.521 1.516 1.520 1.647
0.00018264 -1.93000 10.07918 0.7926790118 2.4161369801    0.791  0.750  3.7580  3.570    2  0.000  0.535     0.00     0.00 -1 -1.29e-12      0.00 7.919e-01 2.079e-01 2.858e-05 7.826e-06 7.124e-05 -1.000 1.267e-04 2.895 2.508 2.202 1.946 1.574 1.443 1.408 1.400 1.392 1.669 1.405 1.655 1.472 1.449 1.437 1.416 1.406 1.403 1.399 1.393 1.392 1.388 1.392 1.530
0.00018264 -1.93000 10.07918 0.7933403254 2.4163730145    0.792  0.788  3.7516  3.507    2  0.000  0.536     0.00     0.00 -1 -1.52e-12      0.00 7.807e-01 2.191e-01 2.979e-05 8.152e-06 7.415e-05 -1.000 1.745e-04 2.799 2.405 2.087 1.824 1.442 1.304 1.266 1.256 1.247 1.537 1.261 1.526 1.337 1.310 1.297 1.274 1.263 1.258 1.254 1.248 1.247 1.243 1.246 1.397
0.00018264 -1.93000 10.07918 0.7938624620 2.4165589809    0.792  0.827  3.7474  3.452    2  0.000  0.536     0.00     0.00 -1 -1.77e-12      0.00 7.752e-01 2.246e-01 3.039e-05 8.310e-06 7.557e-05 -1.000 1.869e-04 2.703 2.304 1.979 1.710 1.323 1.180 1.139 1.128 1.119 1.418 1.134 1.408 1.215 1.187 1.172 1.148 1.136 1.131 1.126 1.120 1.119 1.115 1.118 1.276
0.00018264 -1.93000 10.07918 0.7942195535 2.4166860580    0.792  0.856  3.7449  3.412    2  0.000  0.536     0.00     0.00 -1 -1.98e-12      0.00 7.724e-01 2.274e-01 3.068e-05 8.391e-06 7.629e-05 -1.000 1.869e-04 2.630 2.228 1.899 1.627 1.235 1.090 1.047 1.035 1.026 1.331 1.042 1.321 1.125 1.096 1.081 1.056 1.043 1.038 1.033 1.026 1.026 1.022 1.025 1.187
0.00018264 -1.93000 10.07918 0.7945322394 2.4167971611    0.793  0.886  3.7431  3.376    3  0.000  0.536     0.00     0.00 -1 -2.21e-12      0.00 7.706e-01 2.292e-01 3.087e-05 8.440e-06 7.673e-05 -1.000 1.609e-04 2.555 2.153 1.820 1.545 1.151 1.004 0.960 0.948 0.939 1.247 0.955 1.238 1.040 1.011 0.995 0.970 0.956 0.951 0.946 0.939 0.938 0.935 0.938 1.103
0.00018264 -1.93000 10.07918 0.7949423194 2.4169428349    0.793  0.927  3.7411  3.327    3  0.000  0.537     0.00     0.00 -1 -2.56e-12      0.00 7.684e-01 2.314e-01 3.108e-05 8.495e-06 7.722e-05 -1.000 1.722e-04 2.453 2.049 1.712 1.435 1.037 0.887 0.842 0.830 0.821 1.133 0.837 1.125 0.925 0.894 0.878 0.852 0.838 0.833 0.828 0.821 0.820 0.817 0.820 0.988
0.00018264 -1.93000 10.07918 0.7953553796 2.4170892239    0.793  0.970  3.7391  3.275    3  0.000  0.537     0.00     0.00 -1    -3e-12      0.00 7.664e-01 2.334e-01 3.125e-05 8.541e-06 7.764e-05 -1.000 1.786e-04 2.344 1.938 1.598 1.318 0.916 0.764 0.719 0.706 0.697 1.012 0.713 1.005 0.802 0.771 0.755 0.729 0.715 0.709 0.704 0.697 0.696 0.693 0.696 0.867
0.00018264 -1.93000 10.07918 0.7957510948 2.4172294140    0.794  1.015  3.7374  3.224    3  0.000  0.537     0.00     0.00 -1 -3.53e-12      0.00 7.646e-01 2.352e-01 3.138e-05 8.578e-06 7.796e-05 -1.000 1.864e-04 2.232 1.826 1.483 1.199 0.794 0.640 0.594 0.581 0.572 0.891 0.589 0.884 0.679 0.648 0.631 0.605 0.590 0.584 0.579 0.572 0.572 0.569 0.572 0.744
0.00018264 -1.93000 10.07918 0.7961716652 2.4173781872    0.794  1.066  3.7357  3.167    3  0.000  0.537     0.00     0.00 -1 -4.24e-12      0.00 7.629e-01 2.369e-01 3.151e-05 8.612e-06 7.826e-05 -1.000 1.869e-04 2.105 1.698 1.352 1.066 0.656 0.501 0.454 0.441 0.432 0.754 0.448 0.748 0.540 0.508 0.491 0.465 0.450 0.444 0.439 0.432 0.431 0.430 0.432 0.606
0.00018264 -1.93000 10.07918 0.7965245843 2.4175031185    0.794  1.112  3.7342  3.115    3  0.000  0.537     0.00     0.00 -1    -5e-12      0.00 7.614e-01 2.384e-01 3.160e-05 8.638e-06 7.849e-05 -1.000 1.869e-04 1.991 1.584 1.235 0.946 0.533 0.375 0.329 0.316 0.307 0.631 0.323 0.625 0.416 0.383 0.366 0.340 0.325 0.319 0.314 0.306 0.306 0.305 0.307 0.482
0.00018264 -1.93000 10.07918 0.7968816757 2.4176290035    0.795  1.161  3.7326  3.059    3  0.000  0.537     0.00     0.00 -1 -5.97e-12      0.00 7.600e-01 2.398e-01 3.167e-05 8.660e-06 7.868e-05 -1.000 1.806e-04 1.867 1.459 1.107 0.815 0.399 0.240 0.193 0.180 0.172 0.498 0.187 0.492 0.280 0.247 0.230 0.204 0.189 0.183 0.178 0.170 0.170 0.169 0.172 0.348
0.00018264 -1.93000 10.07918 0.7972319722 2.4177527428    0.795  1.214  3.7310  3.000    3  0.000  0.536     0.00     0.00 -1 -7.23e-12      0.00 7.586e-01 2.412e-01 3.172e-05 8.682e-06 7.885e-05 -1.000 1.821e-04 1.734 1.326 0.971 0.677 0.256 0.095 0.049 0.035 0.027 0.356 0.043 0.351 0.136 0.103 0.086 0.059 0.044 0.038 0.033 0.026 0.026 0.025 0.027 0.205
0.00018264 -1.93000 10.07918 0.7975147963 2.4178524017    0.795  1.261  3.7296  2.947    3  0.000  0.536     0.00     0.00 -1 -8.55e-12      0.00 7.575e-01 2.423e-01 3.174e-05 8.701e-06 7.897e-05 -1.000 1.862e-04 1.617 1.208 0.851 0.554 0.130 -0.032 -0.079 -0.093 -0.101 0.230 -0.085 0.226 0.009 -0.024 -0.042 -0.068 -0.084 -0.090 -0.095 -0.103 -0.102 -0.102 -0.100 0.078
0.00018264 -1.93000 10.07918 0.7977875471 2.4179482460    0.795  1.310  3.7281  2.892    3  0.000  0.535     0.00     0.00 -1 -1.02e-11      0.00 7.565e-01 2.433e-01 3.174e-05 8.723e-06 7.907e-05 -1.000 1.869e-04 1.494 1.085 0.725 0.425 -0.001 -0.165 -0.213 -0.227 -0.234 0.099 -0.219 0.095 -0.123 -0.158 -0.175 -0.202 -0.217 -0.223 -0.229 -0.236 -0.236 -0.236 -0.234 -0.054
0.00018264 -1.93000 10.07918 0.7980325818 2.4180345535    0.795  1.358  3.7266  2.838    3  0.000  0.534     0.00     0.00 -1 -1.21e-11      0.00 7.556e-01 2.442e-01 3.172e-05 8.749e-06 7.915e-05 -1.000 1.865e-04 1.374 0.964 0.601 0.300 -0.130 -0.295 -0.343 -0.357 -0.365 -0.029 -0.349 -0.033 -0.253 -0.288 -0.305 -0.332 -0.348 -0.354 -0.359 -0.367 -0.367 -0.366 -0.364 -0.183
0.00018264 -1.93000 10.07918 0.7982546091 2.4181125164    0.795  1.406  3.7251  2.785    3  0.000  0.533     0.00     0.00 -1 -1.44e-11      0.00 7.549e-01 2.449e-01 3.169e-05 8.780e-06 7.921e-05 -1.000 1.852e-04 1.255 0.845 0.480 0.176 -0.257 -0.425 -0.473 -0.487 -0.494 -0.157 -0.479 -0.159 -0.382 -0.417 -0.434 -0.461 -0.477 -0.484 -0.489 -0.497 -0.496 -0.495 -0.494 -0.311
0.00018264 -1.93000 10.07918 0.7984533310 2.4181823730    0.795  1.452  3.7236  2.732    3  0.000  0.532     0.00     0.00 -1  -1.7e-11      0.00 7.543e-01 2.455e-01 3.164e-05 8.814e-06 7.926e-05 -1.000 1.860e-04 1.139 0.729 0.360 0.054 -0.382 -0.551 -0.599 -0.614 -0.621 -0.281 -0.606 -0.283 -0.508 -0.543 -0.561 -0.588 -0.604 -0.611 -0.616 -0.624 -0.623 -0.622 -0.620 -0.436
0.00018264 -1.93000 10.07918 0.7986413240 2.4182484150    0.795  1.500  3.7221  2.678    3  0.000  0.531     0.00     0.00 -1 -2.02e-11      0.00 7.538e-01 2.460e-01 3.160e-05 8.853e-06 7.930e-05 -1.000 1.870e-04 1.019 0.608 0.237 -0.072 -0.511 -0.682 -0.730 -0.745 -0.752 -0.410 -0.737 -0.411 -0.638 -0.674 -0.692 -0.719 -0.735 -0.742 -0.747 -0.755 -0.754 -0.752 -0.751 -0.566
0.00018264 -1.93000 10.07918 0.7988083363 2.4183070660    0.795  1.547  3.7205  2.625    3  0.000  0.531     0.00     0.00 -1 -2.39e-11      0.00 7.534e-01 2.464e-01 3.156e-05 8.889e-06 7.933e-05 -1.000 1.869e-04 0.902 0.491 0.117 -0.194 -0.638 -0.810 -0.859 -0.874 -0.881 -0.536 -0.865 -0.537 -0.766 -0.802 -0.820 -0.847 -0.864 -0.870 -0.876 -0.884 -0.883 -0.880 -0.879 -0.693
0.00018264 -1.93000 10.07918 0.7989566326 2.4183590412    0.795  1.593  3.7189  2.573    3  0.000  0.530     0.00     0.00 -1 -2.82e-11      0.00 7.531e-01 2.467e-01 3.153e-05 8.916e-06 7.935e-05 -1.000 1.869e-04 0.788 0.378 0.001 -0.314 -0.760 -0.934 -0.983 -0.998 -1.005 -0.658 -0.990 -0.658 -0.890 -0.926 -0.944 -0.972 -0.988 -0.995 -1.000 -1.008 -1.007 -1.005 -1.004 -0.816
0.00018264 -1.93000 10.07918 0.7990911007 2.4184062481    0.795  1.638  3.7174  2.522    3  0.000  0.530     0.00     0.00 -1 -3.32e-11      0.00 7.530e-01 2.468e-01 3.151e-05 8.931e-06 7.936e-05 -1.000 1.867e-04 0.676 0.266 -0.114 -0.431 -0.881 -1.057 -1.106 -1.121 -1.128 -0.778 -1.113 -0.778 -1.012 -1.049 -1.067 -1.094 -1.111 -1.118 -1.123 -1.131 -1.130 -1.127 -1.126 -0.937
0.00018264 -1.93000 10.07918 0.7992171049 2.4184503555    0.795  1.683  3.7158  2.470    3  0.000  0.529     0.00     0.00 -1 -3.92e-11      0.00 7.529e-01 2.469e-01 3.149e-05 8.941e-06 7.936e-05 -1.000 1.869e-04 0.562 0.151 -0.232 -0.551 -1.005 -1.182 -1.232 -1.247 -1.254 -0.902 -1.239 -0.901 -1.137 -1.174 -1.192 -1.220 -1.237 -1.244 -1.249 -1.257 -1.256 -1.252 -1.252 -1.061
0.00018264 -1.93000 10.07918 0.7993284464 2.4184894562    0.795  1.727  3.7142  2.420    3  0.000  0.529     0.00     0.00 -1 -4.59e-11      0.00 7.529e-01 2.469e-01 3.149e-05 8.947e-06 7.937e-05 -1.000 1.869e-04 0.452 0.040 -0.345 -0.667 -1.124 -1.304 -1.353 -1.369 -1.375 -1.021 -1.360 -1.019 -1.257 -1.295 -1.314 -1.341 -1.359 -1.366 -1.371 -1.379 -1.378 -1.373 -1.373 -1.181
0.00018264 -1.93000 10.07918 0.7994312644 2.4185254574    0.795  1.771  3.7126  2.369    3  0.000  0.529     0.00     0.00 -1 -5.39e-11      0.00 7.529e-01 2.469e-01 3.149e-05 8.948e-06 7.938e-05 -1.000 1.869e-04 0.342 -0.071 -0.459 -0.784 -1.244 -1.425 -1.475 -1.491 -1.497 -1.140 -1.482 -1.138 -1.378 -1.417 -1.435 -1.463 -1.481 -1.488 -1.493 -1.502 -1.500 -1.495 -1.495 -1.302
0.00018264 -1.93000 10.07918 0.7995256186 2.4185585976    0.794  1.815  3.7109  2.319    3  0.000  0.529     0.00     0.00 -1 -6.32e-11      0.00 7.529e-01 2.469e-01 3.149e-05 8.948e-06 7.938e-05 -1.000 1.869e-04 0.232 -0.181 -0.573 -0.900 -1.363 -1.546 -1.597 -1.613 -1.619 -1.259 -1.604 -1.256 -1.499 -1.538 -1.557 -1.585 -1.603 -1.610 -1.615 -1.624 -1.622 -1.616 -1.616 -1.422
0.00018264 -1.93000 10.07918 0.7996094823 2.4185879230    0.794  1.858  3.7093  2.270    3  0.000  0.529     0.00     0.00 -1  -6.2e-11      0.00 7.529e-01 2.469e-01 3.149e-05 8.949e-06 7.938e-05 -1.000 1.869e-04 0.126 -0.287 -0.682 -1.012 -1.479 -1.664 -1.714 -1.731 -1.736 -1.374 -1.722 -1.371 -1.616 -1.655 -1.674 -1.702 -1.720 -1.727 -1.733 -1.742 -1.740 -1.733 -1.734 -1.538
0.00018264 -1.93000 10.07918 0.7996870279 2.4186151028    0.794  1.900  3.7078  2.221    3  0.000  0.529     0.00     0.00 -1 -6.88e-11      0.00 7.529e-01 2.469e-01 3.149e-05 8.949e-06 7.938e-05 -1.000 1.869e-04 0.021 -0.392 -0.791 -1.123 -1.593 -1.780 -1.831 -1.848 -1.853 -1.488 -1.838 -1.484 -1.731 -1.771 -1.790 -1.818 -1.837 -1.844 -1.850 -1.859 -1.856 -1.848 -1.850 -1.652
0.00018264 -1.93000 10.07918 0.7997614741 2.4186410904    0.794  1.943  3.7061  2.171    3  0.000  0.529     0.00     0.00 -1 -8.37e-11      0.00 7.529e-01 2.469e-01 3.149e-05 8.950e-06 7.938e-05 -1.000 1.868e-04 -0.088 -0.501 -0.903 -1.238 -1.712 -1.900 -1.952 -1.969 -1.974 -1.607 -1.959 -1.602 -1.851 -1.892 -1.911 -1.939 -1.958 -1.965 -1.971 -1.980 -1.977 -1.969 -1.970 -1.772
0.00018264 -1.93000 10.07918 0.7998251915 2.4186635017    0.793  1.983  3.7045  2.124    3  0.000  0.529     0.00     0.00 -1 -1.02e-10      0.00 7.529e-01 2.469e-01 3.149e-05 8.950e-06 7.938e-05 -1.000 1.869e-04 -0.188 -0.602 -1.007 -1.344 -1.822 -2.012 -2.064 -2.082 -2.086 -1.716 -2.072 -1.711 -1.963 -2.004 -2.023 -2.051 -2.070 -2.078 -2.084 -2.093 -2.090 -2.080 -2.082 -1.882
0.00018264 -1.93000 10.07918 0.7998841405 2.4186840057    0.793  2.023  3.7029  2.078    3  0.000  0.529     0.00     0.00 -1 -1.23e-10      0.00 7.529e-01 2.470e-01 3.149e-05 8.950e-06 7.938e-05 -1.000 1.870e-04 -0.288 -0.702 -1.110 -1.450 -1.931 -2.123 -2.175 -2.193 -2.197 -1.825 -2.183 -1.819 -2.073 -2.114 -2.134 -2.162 -2.182 -2.189 -2.195 -2.204 -2.201 -2.190 -2.192 -1.992
0.00018264 -1.93000 10.07918 0.7999404669 2.4187037945    0.793  2.064  3.7013  2.030    3  0.000  0.529     0.00     0.00 -1 -1.49e-10      0.00 7.529e-01 2.470e-01 3.149e-05 8.951e-06 7.938e-05 -1.000 1.869e-04 -0.390 -0.804 -1.214 -1.557 -2.042 -2.236 -2.289 -2.307 -2.310 -1.936 -2.297 -1.929 -2.186 -2.228 -2.247 -2.275 -2.295 -2.303 -2.309 -2.318 -2.314 -2.302 -2.305 -2.104
0.00018264 -1.93000 10.07918 0.7999896407 2.4187209606    0.792  2.101  3.6997  1.986    3  0.000  0.529     0.00     0.00 -1 -1.78e-10      0.00 7.528e-01 2.470e-01 3.149e-05 8.951e-06 7.938e-05 -1.000 1.869e-04 -0.483 -0.897 -1.311 -1.657 -2.146 -2.342 -2.394 -2.413 -2.415 -2.039 -2.403 -2.031 -2.291 -2.333 -2.353 -2.381 -2.401 -2.409 -2.415 -2.424 -2.420 -2.407 -2.410 -2.208
0.00018264 -1.93000 10.07918 0.8000000119 2.4187245369    0.792  2.110  3.6993  1.977    3  0.000  0.529     0.00     0.00 -1 -1.85e-10      0.00 7.528e-01 2.470e-01 3.149e-05 8.951e-06 7.938e-05 -1.000 1.869e-04 -0.504 -0.918 -1.333 -1.679 -2.168 -2.365 -2.418 -2.436 -2.439 -2.062 -2.426 -2.053 -2.313 -2.356 -2.376 -2.404 -2.424 -2.432 -2.438 -2.447 -2.443 -2.430 -2.433 -2.231
0.00018264 -1.93000 10.07918 0.8000452518 2.4187402725    0.792  2.145  3.6979  1.935    3  0.000  0.529     0.00     0.00 -1 -2.11e-10      0.00 7.528e-01 2.470e-01 3.149e-05 8.952e-06 7.939e-05 -1.000 1.870e-04 -0.594 -1.007 -1.425 -1.774 -2.267 -2.465 -2.518 -2.537 -2.539 -2.160 -2.526 -2.151 -2.413 -2.456 -2.476 -2.504 -2.525 -2.533 -2.539 -2.548 -2.544 -2.529 -2.533 -2.330
0.00018264 -1.93000 10.07918 0.8001056314 2.4187614918    0.791  2.187  3.6962  1.886    3  0.000  0.529     0.00     0.00 -1 -2.46e-10      0.00 7.528e-01 2.470e-01 3.149e-05 8.953e-06 7.939e-05 -1.000 1.869e-04 -0.697 -1.111 -1.532 -1.884 -2.380 -2.580 -2.634 -2.653 -2.654 -2.273 -2.642 -2.263 -2.528 -2.571 -2.591 -2.620 -2.641 -2.649 -2.655 -2.664 -2.660 -2.644 -2.648 -2.444
0.00018264 -1.93000 10.07918 0.8001372218 2.4187724590    0.791  2.201  3.6956  1.870    3  0.000  0.529     0.00     0.00 -1  -2.6e-10      0.00 7.528e-01 2.470e-01 3.149e-05 8.954e-06 7.939e-05 -1.000 1.869e-04 -0.733 -1.146 -1.569 -1.922 -2.419 -2.621 -2.674 -2.693 -2.695 -2.312 -2.682 -2.302 -2.568 -2.611 -2.632 -2.660 -2.681 -2.689 -2.696 -2.705 -2.700 -2.684 -2.688 -2.483
0.00018264 -1.93000 10.07918 0.8001679182 2.4187831879    0.790  2.192  3.6963  1.881    3  0.000  0.529     0.00     0.00 -1 -2.53e-10      0.00 7.528e-01 2.470e-01 3.149e-05 8.954e-06 7.939e-05 -1.000 1.870e-04 -0.711 -1.125 -1.546 -1.898 -2.394 -2.594 -2.647 -2.666 -2.668 -2.286 -2.656 -2.277 -2.541 -2.585 -2.605 -2.633 -2.654 -2.662 -2.669 -2.678 -2.673 -2.658 -2.661 -2.457
0.00018264 -1.93000 10.07918 0.8001746535 2.4187855721    0.790  2.199  3.6960  1.872    3  0.000  0.529     0.00     0.00 -1 -2.59e-10      0.00 7.528e-01 2.470e-01 3.149e-05 8.954e-06 7.939e-05 -1.000 1.869e-04 -0.728 -1.142 -1.564 -1.916 -2.413 -2.614 -2.667 -2.686 -2.688 -2.306 -2.675 -2.296 -2.561 -2.604 -2.625 -2.653 -2.674 -2.682 -2.688 -2.698 -2.693 -2.677 -2.681 -2.476
0.00018264 -1.93000 10.07918 0.8002117276 2.4187986851    0.790  2.241  3.6941  1.823    3  0.000  0.529     0.00     0.00 -1 -2.99e-10      0.00 7.528e-01 2.470e-01 3.149e-05 8.955e-06 7.939e-05 -1.000 1.869e-04 -0.832 -1.245 -1.671 -2.027 -2.528 -2.731 -2.785 -2.804 -2.805 -2.420 -2.793 -2.410 -2.678 -2.722 -2.742 -2.770 -2.792 -2.800 -2.807 -2.816 -2.811 -2.794 -2.798 -2.592
0.00018264 -1.93000 10.07918 0.8002492189 2.4188117981    0.789  2.285  3.6923  1.771    3  0.000  0.529     0.00     0.00 -1 -3.51e-10      0.00 7.528e-01 2.470e-01 3.149e-05 8.956e-06 7.939e-05 -1.000 1.869e-04 -0.943 -1.356 -1.786 -2.144 -2.650 -2.855 -2.909 -2.929 -2.929 -2.542 -2.917 -2.530 -2.801 -2.845 -2.866 -2.894 -2.916 -2.924 -2.931 -2.940 -2.935 -2.916 -2.921 -2.715
0.00018264 -1.93000 10.07918 0.8002810478 2.4188227654    0.789  2.325  3.6903  1.723    3  0.000  0.529     0.00     0.00 -1 -4.08e-10      0.00 7.528e-01 2.470e-01 3.149e-05 8.956e-06 7.939e-05 -1.000 1.869e-04 -1.043 -1.456 -1.890 -2.252 -2.761 -2.969 -3.023 -3.044 -3.043 -2.653 -3.032 -2.640 -2.914 -2.959 -2.980 -3.008 -3.031 -3.039 -3.046 -3.055 -3.049 -3.029 -3.034 -2.827
0.00018264 -1.93000 10.07918 0.8003123403 2.4188337326    0.788  2.367  3.6884  1.673    3  0.000  0.529     0.00     0.00 -1 -4.76e-10      0.00 7.528e-01 2.470e-01 3.149e-05 8.957e-06 7.939e-05 -1.000 1.869e-04 -1.148 -1.560 -1.998 -2.364 -2.878 -3.088 -3.143 -3.164 -3.162 -2.769 -3.152 -2.756 -3.033 -3.079 -3.100 -3.127 -3.151 -3.159 -3.166 -3.175 -3.169 -3.148 -3.153 -2.945
0.00018264 -1.93000 10.07918 0.8003415465 2.4188439846    0.787  2.409  3.6866  1.623    3  0.000  0.529     0.00     0.00 -1 -5.56e-10      0.00 7.528e-01 2.470e-01 3.149e-05 8.958e-06 7.939e-05 -1.000 1.870e-04 -1.254 -1.664 -2.106 -2.476 -2.995 -3.207 -3.262 -3.283 -3.281 -2.886 -3.271 -2.871 -3.151 -3.198 -3.219 -3.246 -3.270 -3.279 -3.286 -3.295 -3.288 -3.266 -3.271 -3.062
0.00018264 -1.93000 10.07918 0.8003671169 2.4188528061    0.787  2.449  3.6846  1.575    3  0.000  0.529     0.00     0.00 -1 -6.45e-10      0.00 7.528e-01 2.470e-01 3.149e-05 8.958e-06 7.939e-05 -1.000 1.869e-04 -1.353 -1.768 -2.213 -2.586 -3.111 -3.322 -3.376 -3.397 -3.395 -3.000 -3.385 -2.986 -3.268 -3.313 -3.334 -3.360 -3.384 -3.392 -3.399 -3.409 -3.402 -3.378 -3.384 -3.179
0.00018264 -1.93000 10.07918 0.8003924489 2.4188616276    0.786  2.491  3.6827  1.525    3  0.000  0.529     0.00     0.00 -1 -7.53e-10      0.00 7.528e-01 2.470e-01 3.149e-05 8.959e-06 7.939e-05 -1.000 1.869e-04 -1.458 -1.877 -2.325 -2.701 -3.232 -3.443 -3.495 -3.517 -3.514 -3.119 -3.505 -3.105 -3.390 -3.434 -3.454 -3.479 -3.504 -3.512 -3.519 -3.529 -3.522 -3.495 -3.503 -3.300
0.00018264 -1.93000 10.07918 0.8004149199 2.4188694954    0.785  2.531  3.6807  1.476    3  0.000  0.529     0.00     0.00 -1 -8.73e-10      0.00 7.528e-01 2.470e-01 3.149e-05 8.959e-06 7.939e-05 -1.000 1.869e-04 -1.559 -1.971 -2.426 -2.805 -3.340 -3.557 -3.610 -3.632 -3.629 -3.228 -3.620 -3.212 -3.501 -3.547 -3.568 -3.593 -3.619 -3.628 -3.635 -3.645 -3.637 -3.609 -3.617 -3.409
0.00018264 -1.93000 10.07918 0.8004359007 2.4188768864    0.784  2.572  3.6787  1.427    3  0.000  0.529     0.00     0.00 -1 -1.01e-09      0.00 7.528e-01 2.470e-01 3.149e-05 8.959e-06 7.939e-05 -1.000 1.869e-04 -1.659 -2.072 -2.531 -2.914 -3.454 -3.672 -3.725 -3.748 -3.743 -3.341 -3.735 -3.325 -3.616 -3.662 -3.683 -3.707 -3.735 -3.743 -3.750 -3.760 -3.752 -3.722 -3.730 -3.524
0.00018264 -1.93000 10.07918 0.8004558682 2.4188838005    0.783  2.612  3.6768  1.378    3  0.000  0.529     0.00     0.00 -1 -1.18e-09      0.00 7.528e-01 2.470e-01 3.148e-05 8.960e-06 7.939e-05 -1.000 1.869e-04 -1.761 -2.175 -2.638 -3.025 -3.569 -3.788 -3.841 -3.864 -3.859 -3.455 -3.851 -3.439 -3.732 -3.779 -3.799 -3.823 -3.851 -3.859 -3.867 -3.877 -3.868 -3.836 -3.845 -3.640
0.00018264 -1.93000 10.07918 0.8004773855 2.4188914299    0.781  2.660  3.6742  1.320    3  0.000  0.529     0.00     0.00 -1 -1.41e-09      0.00 7.528e-01 2.470e-01 3.148e-05 8.960e-06 7.939e-05 -1.000 1.869e-04 -1.879 -2.294 -2.763 -3.155 -3.705 -3.926 -3.979 -4.002 -3.996 -3.590 -3.989 -3.573 -3.870 -3.917 -3.937 -3.959 -3.989 -3.997 -4.005 -4.016 -4.006 -3.970 -3.980 -3.777
0.00018264 -1.93000 10.07918 0.8004946709 2.4188973904    0.780  2.701  3.6723  1.270    3  0.000  0.529     0.00     0.00 -1 -1.64e-09      0.00 7.528e-01 2.470e-01 3.148e-05 8.960e-06 7.939e-05 -1.000 1.870e-04 -1.982 -2.397 -2.871 -3.267 -3.822 -4.044 -4.096 -4.120 -4.113 -3.706 -4.106 -3.689 -3.988 -4.035 -4.055 -4.076 -4.107 -4.115 -4.123 -4.134 -4.124 -4.084 -4.096 -3.894
0.00018264 -1.93000 10.07918 0.8005125523 2.4189035892    0.778  2.746  3.6697  1.213    3  0.000  0.529     0.00     0.00 -1 -1.95e-09      0.00 7.528e-01 2.470e-01 3.148e-05 8.961e-06 7.939e-05 -1.000 1.869e-04 -2.096 -2.511 -2.993 -3.393 -3.954 -4.178 -4.229 -4.254 -4.245 -3.837 -4.240 -3.819 -4.122 -4.169 -4.189 -4.208 -4.241 -4.249 -4.257 -4.268 -4.258 -4.213 -4.226 -4.027
0.00018264 -1.93000 10.07918 0.8005272746 2.4189088345    0.777  2.787  3.6677  1.164    3  0.000  0.529     0.00     0.00 -1 -2.27e-09      0.00 7.528e-01 2.470e-01 3.148e-05 8.961e-06 7.939e-05 -1.000 1.869e-04 -2.198 -2.612 -3.099 -3.503 -4.069 -4.294 -4.345 -4.371 -4.360 -3.951 -4.356 -3.933 -4.238 -4.285 -4.305 -4.322 -4.357 -4.365 -4.373 -4.385 -4.374 -4.325 -4.340 -4.143
0.00018264 -1.93000 10.07918 0.8005422354 2.4189140797    0.775  2.831  3.6650  1.108    3  0.000  0.529     0.00     0.00 -1 -2.68e-09      0.00 7.528e-01 2.470e-01 3.148e-05 8.961e-06 7.939e-05 -1.000 1.869e-04 -2.308 -2.722 -3.216 -3.625 -4.199 -4.425 -4.475 -4.502 -4.490 -4.079 -4.487 -4.061 -4.369 -4.416 -4.436 -4.451 -4.489 -4.497 -4.504 -4.517 -4.505 -4.450 -4.467 -4.273
0.00018264 -1.93000 10.07918 0.8005546927 2.4189183712    0.773  2.871  3.6631  1.060    3  0.000  0.529     0.00     0.00 -1  -3.1e-09      0.00 7.528e-01 2.470e-01 3.148e-05 8.962e-06 7.939e-05 -1.000 1.869e-04 -2.407 -2.820 -3.319 -3.733 -4.311 -4.539 -4.588 -4.616 -4.602 -4.191 -4.600 -4.172 -4.482 -4.530 -4.550 -4.563 -4.602 -4.610 -4.618 -4.631 -4.619 -4.560 -4.578 -4.386
0.00018264 -1.93000 10.07918 0.8005678058 2.4189229012    0.771  2.915  3.6604  1.004    3  0.000  0.529     0.00     0.00 -1 -3.67e-09      0.00 7.528e-01 2.470e-01 3.148e-05 8.962e-06 7.939e-05 -1.000 1.870e-04 -2.517 -2.929 -3.437 -3.856 -4.441 -4.670 -4.718 -4.747 -4.732 -4.319 -4.731 -4.300 -4.614 -4.662 -4.681 -4.691 -4.734 -4.742 -4.750 -4.763 -4.750 -4.685 -4.705 -4.517
0.00018264 -1.93000 10.07918 0.8005810380 2.4189276695    0.768  2.963  3.6579  0.944    3  0.000  0.529     0.00     0.00 -1  -4.4e-09      0.00 7.528e-01 2.470e-01 3.148e-05 8.962e-06 7.939e-05 -1.000 1.869e-04 -2.638 -3.047 -3.564 -3.989 -4.580 -4.811 -4.858 -4.889 -4.872 -4.458 -4.872 -4.438 -4.754 -4.803 -4.822 -4.829 -4.875 -4.883 -4.891 -4.905 -4.891 -4.820 -4.842 -4.657
0.00018264 -1.93000 10.07918 0.8005917668 2.4189312458    0.765  3.005  3.6552  0.889    3  0.000  0.529     0.00     0.00 -1 -5.18e-09      0.00 7.528e-01 2.470e-01 3.148e-05 8.962e-06 7.939e-05 -1.000 1.870e-04 -2.743 -3.146 -3.672 -4.103 -4.702 -4.937 -4.983 -5.016 -4.997 -4.579 -4.998 -4.557 -4.878 -4.928 -4.948 -4.952 -5.002 -5.010 -5.018 -5.032 -5.018 -4.942 -4.966 -4.779
0.00018264 -1.93000 10.07918 0.8006010056 2.4189345837    0.763  3.044  3.6531  0.841    3  0.000  0.529     0.00     0.00 -1 -5.99e-09      0.00 7.528e-01 2.470e-01 3.148e-05 8.962e-06 7.939e-05 -1.000 1.869e-04 -2.840 -3.237 -3.771 -4.207 -4.810 -5.048 -5.094 -5.129 -5.109 -4.687 -5.110 -4.664 -4.988 -5.039 -5.060 -5.061 -5.114 -5.123 -5.131 -5.145 -5.130 -5.051 -5.075 -4.888
0.00018264 -1.93000 10.07918 0.8006105423 2.4189379215    0.759  3.086  3.6504  0.786    3  0.000  0.529     0.00     0.00 -1 -7.04e-09      0.00 7.528e-01 2.470e-01 3.148e-05 8.963e-06 7.939e-05 -1.000 1.869e-04 -2.945 -3.336 -3.879 -4.321 -4.932 -5.173 -5.219 -5.255 -5.234 -4.808 -5.235 -4.784 -5.112 -5.164 -5.185 -5.183 -5.241 -5.249 -5.258 -5.272 -5.256 -5.173 -5.198 -5.011
0.00018264 -1.93000 10.07918 0.8006202579 2.4189412594    0.756  3.132  3.6478  0.728    3  0.000  0.529     0.00     0.00 -1 -8.39e-09      0.00 7.528e-01 2.470e-01 3.148e-05 8.963e-06 7.939e-05 -1.000 1.869e-04 -3.060 -3.443 -3.996 -4.445 -5.062 -5.308 -5.353 -5.391 -5.368 -4.938 -5.370 -4.912 -5.245 -5.298 -5.320 -5.314 -5.376 -5.385 -5.394 -5.408 -5.392 -5.304 -5.330 -5.142
0.00018264 -1.93000 10.07918 0.8006284833 2.4189441204    0.752  3.173  3.6451  0.673    3  0.000  0.529     0.00     0.00 -1 -9.86e-09      0.00 7.528e-01 2.470e-01 3.148e-05 8.963e-06 7.939e-05 -1.000 1.869e-04 -3.163 -3.538 -4.100 -4.556 -5.181 -5.431 -5.475 -5.516 -5.491 -5.057 -5.493 -5.029 -5.366 -5.421 -5.443 -5.434 -5.500 -5.509 -5.518 -5.533 -5.516 -5.424 -5.451 -5.262
0.00018264 -1.93000 10.07918 0.8006367087 2.4189469814    0.747  3.217  3.6425  0.616    3  0.000  0.529     0.00     0.00 -1 -1.17e-08      0.00 7.528e-01 2.470e-01 3.148e-05 8.963e-06 7.939e-05 -1.000 1.870e-04 -3.273 -3.639 -4.212 -4.674 -5.306 -5.560 -5.604 -5.646 -5.620 -5.181 -5.622 -5.152 -5.493 -5.550 -5.573 -5.560 -5.630 -5.639 -5.649 -5.663 -5.646 -5.550 -5.577 -5.388
0.00018264 -1.93000 10.07918 0.8006443977 2.4189496040    0.742  3.259  3.6399  0.561    3  0.000  0.529     0.00     0.00 -1 -1.37e-08      0.00 7.528e-01 2.470e-01 3.148e-05 8.963e-06 7.939e-05 -1.000 1.869e-04 -3.377 -3.734 -4.317 -4.787 -5.425 -5.684 -5.726 -5.771 -5.744 -5.301 -5.746 -5.269 -5.615 -5.673 -5.697 -5.680 -5.755 -5.764 -5.774 -5.789 -5.771 -5.670 -5.698 -5.509
0.00018264 -1.93000 10.07918 0.8006464839 2.4189503193    0.741  3.269  3.6393  0.548    3  0.000  0.529     0.00     0.00 -1 -1.44e-08      0.00 7.528e-01 2.470e-01 3.148e-05 8.963e-06 7.939e-05 -1.000 1.869e-04 -3.402 -3.757 -4.342 -4.813 -5.454 -5.713 -5.755 -5.801 -5.773 -5.329 -5.775 -5.297 -5.644 -5.702 -5.726 -5.708 -5.785 -5.794 -5.803 -5.818 -5.800 -5.698 -5.726 -5.537
0.00018264 -1.93000 10.07918 0.8006464839 2.4189503193    0.740  1.678  3.8847  3.121    4  0.000  0.531     0.00     0.00 -1    -1e-30      0.00 7.544e-01 2.454e-01 3.151e-05 8.855e-06 7.910e-05 -1.000 1.868e-04 0.576 0.377 0.269 0.185 0.086 0.049 0.038 0.035 0.029 0.115 0.037 0.103 0.059 0.050 0.048 0.043 0.036 0.036 0.035 0.030 0.028 0.026 0.028 0.074
0.00018264 -1.93000 10.07918 0.8006473184 2.4189507961    0.740  1.689  3.8780  3.083    4  0.000  0.531     0.00     0.00 -1    -1e-30      0.00 7.544e-01 2.454e-01 3.151e-05 8.855e-06 7.910e-05 -1.000 1.868e-04 0.549 0.331 0.215 0.122 0.011 -0.029 -0.040 -0.044 -0.050 0.044 -0.042 0.031 -0.018 -0.028 -0.030 -0.035 -0.042 -0.042 -0.044 -0.049 -0.050 -0.052 -0.051 -0.002
0.00018264 -1.93000 10.07918 0.8007027507 2.4189701080    0.741  1.702  3.8726  3.048    4  0.000  0.531     0.00     0.00 -1    -1e-30      0.00 7.544e-01 2.454e-01 3.151e-05 8.855e-06 7.910e-05 -1.000 1.868e-04 0.516 0.285 0.162 0.062 -0.060 -0.102 -0.113 -0.117 -0.123 -0.024 -0.115 -0.038 -0.091 -0.101 -0.103 -0.108 -0.115 -0.115 -0.117 -0.122 -0.123 -0.126 -0.124 -0.073
0.00018264 -1.93000 10.07918 0.8007566929 2.4189889431    0.741  1.702  3.8735  3.052    4  0.000  0.531     0.00     0.00 -1    -1e-30      0.00 7.544e-01 2.454e-01 3.151e-05 8.855e-06 7.910e-05 -1.000 1.868e-04 0.515 0.287 0.164 0.066 -0.054 -0.096 -0.107 -0.111 -0.117 -0.019 -0.109 -0.032 -0.085 -0.095 -0.097 -0.102 -0.109 -0.109 -0.111 -0.116 -0.117 -0.120 -0.118 -0.067
0.00018264 -1.93000 10.07918 0.8008107543 2.4190077782    0.741  1.702  3.8745  3.056    4  0.000  0.531     0.00     0.00 -1    -1e-30      0.00 7.544e-01 2.454e-01 3.151e-05 8.855e-06 7.910e-05 -1.000 1.868e-04 0.515 0.289 0.168 0.071 -0.047 -0.088 -0.100 -0.103 -0.109 -0.012 -0.101 -0.026 -0.077 -0.087 -0.089 -0.095 -0.102 -0.102 -0.103 -0.108 -0.109 -0.112 -0.111 -0.060
0.00018264 -1.93000 10.07918 0.8008653522 2.4190268517    0.741  1.702  3.8756  3.060    4  0.000  0.531     0.00     0.00 -1    -1e-30      0.00 7.544e-01 2.454e-01 3.151e-05 8.855e-06 7.910e-05 -1.000 1.868e-04 0.516 0.292 0.173 0.077 -0.039 -0.080 -0.091 -0.095 -0.101 -0.005 -0.093 -0.018 -0.069 -0.079 -0.081 -0.086 -0.093 -0.093 -0.095 -0.100 -0.101 -0.103 -0.102 -0.052
0.00018264 -1.93000 10.07918 0.8009214997 2.4190464020    0.741  1.702  3.8766  3.065    4  0.000  0.531     0.00     0.00 -1    -1e-30      0.00 7.544e-01 2.454e-01 3.151e-05 8.855e-06 7.910e-05 -1.000 1.868e-04 0.516 0.295 0.177 0.083 -0.031 -0.071 -0.083 -0.086 -0.093 0.002 -0.084 -0.011 -0.061 -0.071 -0.073 -0.078 -0.085 -0.085 -0.086 -0.092 -0.093 -0.095 -0.094 -0.044
0.00018264 -1.93000 10.07918 0.8009772301 2.4190657139    0.741  1.701  3.8776  3.069    4  0.000  0.531     0.00     0.00 -1    -1e-30      0.00 7.544e-01 2.454e-01 3.151e-05 8.855e-06 7.910e-05 -1.000 1.868e-04 0.516 0.298 0.181 0.088 -0.024 -0.063 -0.075 -0.078 -0.085 0.009 -0.077 -0.004 -0.053 -0.063 -0.065 -0.070 -0.077 -0.077 -0.079 -0.084 -0.085 -0.087 -0.086 -0.036
0.00018264 -1.93000 10.07918 0.8010292053 2.4190840721    0.741  1.701  3.8784  3.072    4  0.000  0.531     0.00     0.00 -1    -1e-30      0.00 7.544e-01 2.454e-01 3.151e-05 8.855e-06 7.910e-05 -1.000 1.868e-04 0.517 0.300 0.184 0.092 -0.018 -0.058 -0.069 -0.073 -0.079 0.014 -0.071 0.002 -0.047 -0.057 -0.059 -0.064 -0.071 -0.071 -0.073 -0.078 -0.079 -0.081 -0.080 -0.031
0.00018264 -1.93000 10.07918 0.8010854125 2.4191036224    0.741  1.701  3.8790  3.074    4  0.000  0.531     0.00     0.00 -1    -1e-30      0.00 7.544e-01 2.454e-01 3.151e-05 8.855e-06 7.910e-05 -1.000 1.868e-04 0.517 0.302 0.186 0.095 -0.014 -0.053 -0.065 -0.068 -0.074 0.018 -0.066 0.006 -0.043 -0.053 -0.054 -0.060 -0.067 -0.067 -0.068 -0.073 -0.074 -0.077 -0.075 -0.026
0.00018264 -1.93000 10.07918 0.8011372089 2.4191215038    0.741  1.702  3.8790  3.074    4  0.000  0.531     0.00     0.00 -1    -1e-30      0.00 7.544e-01 2.454e-01 3.151e-05 8.855e-06 7.910e-05 -1.000 1.868e-04 0.516 0.301 0.186 0.095 -0.015 -0.053 -0.065 -0.068 -0.075 0.018 -0.066 0.005 -0.043 -0.053 -0.055 -0.060 -0.067 -0.067 -0.068 -0.074 -0.075 -0.077 -0.076 -0.027
0.00018264 -1.93000 10.07918 0.8011896610 2.4191398621    0.741  1.702  3.8788  3.073    4  0.000  0.531     0.00     0.00 -1    -1e-30      0.00 7.544e-01 2.454e-01 3.151e-05 8.855e-06 7.910e-05 -1.000 1.868e-04 0.515 0.300 0.184 0.093 -0.017 -0.056 -0.067 -0.071 -0.077 0.015 -0.069 0.003 -0.046 -0.055 -0.057 -0.062 -0.070 -0.069 -0.071 -0.076 -0.077 -0.080 -0.078 -0.029
0.00018264 -1.93000 10.07918 0.8012447357 2.4191591740    0.741  1.703  3.8781  3.069    4  0.000  0.531     0.00     0.00 -1    -1e-30      0.00 7.544e-01 2.454e-01 3.151e-05 8.855e-06 7.910e-05 -1.000 1.868e-04 0.513 0.296 0.179 0.087 -0.024 -0.063 -0.075 -0.078 -0.085 0.009 -0.076 -0.004 -0.053 -0.063 -0.065 -0.070 -0.077 -0.077 -0.078 -0.084 -0.085 -0.087 -0.086 -0.036
0.00018264 -1.93000 10.07918 0.8013020754 2.4191789627    0.741  1.704  3.8768  3.063    4  0.000  0.531     0.00     0.00 -1    -1e-30      0.00 7.544e-01 2.454e-01 3.151e-05 8.855e-06 7.910e-05 -1.000 1.868e-04 0.510 0.290 0.172 0.078 -0.036 -0.076 -0.087 -0.091 -0.097 -0.002 -0.089 -0.015 -0.065 -0.075 -0.077 -0.082 -0.089 -0.089 -0.091 -0.096 -0.097 -0.099 -0.098 -0.048
0.00018264 -1.93000 10.07918 0.8013554811 2.4191975594    0.741  1.705  3.8749  3.055    4  0.000  0.531     0.00     0.00 -1    -1e-30      0.00 7.544e-01 2.454e-01 3.151e-05 8.855e-06 7.910e-05 -1.000 1.868e-04 0.507 0.282 0.161 0.065 -0.052 -0.093 -0.105 -0.108 -0.114 -0.017 -0.106 -0.031 -0.082 -0.092 -0.094 -0.100 -0.107 -0.106 -0.108 -0.113 -0.114 -0.117 -0.115 -0.065
0.00018264 -1.93000 10.07918 0.8014073968 2.4192156792    0.741  1.707  3.8726  3.043    4  0.000  0.531     0.00     0.00 -1    -1e-30      0.00 7.544e-01 2.454e-01 3.151e-05 8.855e-06 7.910e-05 -1.000 1.868e-04 0.503 0.272 0.148 0.049 -0.073 -0.115 -0.127 -0.130 -0.137 -0.037 -0.128 -0.051 -0.104 -0.114 -0.116 -0.122 -0.129 -0.129 -0.130 -0.136 -0.137 -0.139 -0.138 -0.087
0.00018264 -1.93000 10.07918 0.8014619350 2.4192347527    0.741  1.709  3.8693  3.028    4  0.000  0.531     0.00     0.00 -1    -1e-30      0.00 7.544e-01 2.454e-01 3.151e-05 8.855e-06 7.910e-05 -1.000 1.868e-04 0.497 0.258 0.131 0.027 -0.101 -0.145 -0.157 -0.160 -0.167 -0.063 -0.158 -0.078 -0.134 -0.144 -0.146 -0.152 -0.159 -0.159 -0.160 -0.166 -0.167 -0.169 -0.168 -0.116
0.00018264 -1.93000 10.07918 0.8015133739 2.4192526340    0.741  1.711  3.8656  3.011    4  0.000  0.531     0.00     0.00 -1    -1e-30      0.00 7.544e-01 2.454e-01 3.151e-05 8.855e-06 7.910e-05 -1.000 1.868e-04 0.491 0.244 0.111 0.003 -0.133 -0.178 -0.191 -0.194 -0.200 -0.093 -0.192 -0.109 -0.168 -0.178 -0.180 -0.186 -0.193 -0.192 -0.194 -0.199 -0.200 -0.203 -0.202 -0.148
0.00018264 -1.93000 10.07918 0.8015651107 2.4192707539    0.741  1.714  3.8613  2.991    4  0.000  0.531     0.00     0.00 -1    -1e-30      0.00 7.544e-01 2.454e-01 3.151e-05 8.855e-06 7.910e-05 -1.000 1.868e-04 0.484 0.227 0.089 -0.025 -0.170 -0.218 -0.230 -0.234 -0.240 -0.127 -0.232 -0.144 -0.207 -0.217 -0.219 -0.225 -0.232 -0.232 -0.234 -0.239 -0.240 -0.243 -0.242 -0.186
0.00018264 -1.93000 10.07918 0.8016184568 2.4192893505    0.742  1.718  3.8562  2.967    4  0.000  0.531     0.00     0.00 -1    -1e-30      0.00 7.544e-01 2.454e-01 3.151e-05 8.855e-06 7.910e-05 -1.000 1.869e-04 0.476 0.209 0.063 -0.058 -0.214 -0.264 -0.277 -0.281 -0.287 -0.168 -0.279 -0.186 -0.253 -0.264 -0.266 -0.272 -0.279 -0.279 -0.281 -0.286 -0.287 -0.290 -0.289 -0.231
0.00018264 -1.93000 10.07918 0.8016730547 2.4193081856    0.742  1.721  3.8502  2.939    4  0.000  0.531     0.00     0.00 -1    -1e-30      0.00 7.544e-01 2.454e-01 3.151e-05 8.855e-06 7.910e-05 -1.000 1.868e-04 0.466 0.188 0.034 -0.096 -0.265 -0.319 -0.332 -0.336 -0.342 -0.215 -0.334 -0.234 -0.307 -0.318 -0.320 -0.327 -0.334 -0.334 -0.336 -0.341 -0.342 -0.346 -0.344 -0.284
0.00018264 -1.93000 10.07918 0.8017239571 2.4193260670    0.742  1.725  3.8439  2.910    4  0.000  0.531     0.00     0.00 -1    -1e-30      0.00 7.544e-01 2.454e-01 3.151e-05 8.855e-06 7.910e-05 -1.000 1.868e-04 0.456 0.167 0.003 -0.134 -0.318 -0.375 -0.389 -0.393 -0.399 -0.264 -0.391 -0.284 -0.363 -0.375 -0.377 -0.384 -0.390 -0.391 -0.393 -0.398 -0.399 -0.403 -0.401 -0.338
0.00018264 -1.93000 10.07918 0.8017287850 2.4193277359    0.742  1.726  3.8433  2.908    4  0.000  0.531     0.00     0.00 -1    -1e-30      0.00 7.544e-01 2.454e-01 3.151e-05 8.855e-06 7.910e-05 -1.000 1.868e-04 0.455 0.165 0.000 -0.138 -0.323 -0.381 -0.394 -0.398 -0.405 -0.268 -0.396 -0.289 -0.369 -0.380 -0.382 -0.390 -0.396 -0.396 -0.398 -0.404 -0.404 -0.409 -0.406 -0.343
0.00018264 -1.93000 10.07918 0.8017378449 2.4193308353    0.742  1.727  3.8421  2.902    4  0.000  0.531     0.00     0.00 -1    -1e-30      0.00 7.544e-01 2.454e-01 3.151e-05 8.855e-06 7.910e-05 -1.000 1.868e-04 0.453 0.161 -0.005 -0.145 -0.333 -0.391 -0.405 -0.409 -0.416 -0.278 -0.407 -0.298 -0.379 -0.391 -0.393 -0.400 -0.407 -0.407 -0.409 -0.414 -0.415 -0.420 -0.417 -0.353
0.00018264 -1.93000 10.07918 0.8017914295 2.4193494320    0.742  1.731  3.8351  2.869    4  0.000  0.531     0.00     0.00 -1    -1e-30      0.00 7.544e-01 2.454e-01 3.151e-05 8.855e-06 7.910e-05 -1.000 1.868e-04 0.442 0.138 -0.039 -0.189 -0.392 -0.455 -0.469 -0.473 -0.480 -0.332 -0.471 -0.354 -0.442 -0.454 -0.457 -0.464 -0.470 -0.471 -0.473 -0.479 -0.479 -0.484 -0.481 -0.414
0.00018264 -1.93000 10.07918 0.8018435836 2.4193675518    0.742  1.736  3.8282  2.837    4  0.000  0.531     0.00     0.00 -1    -1e-30      0.00 7.544e-01 2.454e-01 3.151e-05 8.855e-06 7.910e-05 -1.000 1.868e-04 0.431 0.115 -0.072 -0.231 -0.450 -0.517 -0.532 -0.536 -0.543 -0.386 -0.534 -0.408 -0.504 -0.516 -0.519 -0.527 -0.533 -0.534 -0.536 -0.542 -0.542 -0.547 -0.544 -0.474
0.00018264 -1.93000 10.07918 0.8018994331 2.4193871021    0.742  1.741  3.8203  2.800    4  0.000  0.531     0.00     0.00 -1    -1e-30      0.00 7.544e-01 2.454e-01 3.151e-05 8.855e-06 7.910e-05 -1.000 1.868e-04 0.417 0.090 -0.109 -0.279 -0.516 -0.589 -0.605 -0.609 -0.615 -0.448 -0.606 -0.471 -0.576 -0.588 -0.591 -0.600 -0.606 -0.607 -0.609 -0.614 -0.615 -0.620 -0.617 -0.542
0.00018264 -1.93000 10.07918 0.8019525409 2.4194054604    0.742  1.747  3.8124  2.763    4  0.000  0.531     0.00     0.00 -1    -1e-30      0.00 7.544e-01 2.454e-01 3.151e-05 8.855e-06 7.910e-05 -1.000 1.869e-04 0.403 0.065 -0.147 -0.328 -0.582 -0.661 -0.677 -0.682 -0.689 -0.510 -0.679 -0.533 -0.647 -0.660 -0.663 -0.672 -0.678 -0.680 -0.683 -0.688 -0.688 -0.693 -0.690 -0.611
0.00018264 -1.93000 10.07918 0.8020034432 2.4194231033    0.742  1.752  3.8057  2.731    4  0.000  0.531     0.00     0.00 -1    -1e-30      0.00 7.544e-01 2.454e-01 3.151e-05 8.855e-06 7.910e-05 -1.000 1.868e-04 0.389 0.042 -0.180 -0.371 -0.640 -0.725 -0.742 -0.746 -0.753 -0.564 -0.744 -0.587 -0.709 -0.723 -0.727 -0.736 -0.743 -0.744 -0.747 -0.752 -0.753 -0.758 -0.754 -0.670
0.00018264 -1.93000 10.07918 0.8020560741 2.4194414616    0.742  1.759  3.7985  2.696    4  0.000  0.531     0.00     0.00 -1    -1e-30      0.00 7.544e-01 2.454e-01 3.151e-05 8.855e-06 7.910e-05 -1.000 1.868e-04 0.373 0.018 -0.216 -0.417 -0.702 -0.793 -0.811 -0.816 -0.822 -0.622 -0.813 -0.645 -0.776 -0.791 -0.795 -0.805 -0.812 -0.814 -0.816 -0.821 -0.822 -0.827 -0.824 -0.734
0.00018264 -1.93000 10.07918 0.8021076322 2.4194593430    0.742  1.765  3.7924  2.665    4  0.000  0.531     0.00     0.00 -1    -1e-30      0.00 7.544e-01 2.454e-01 3.151e-05 8.855e-06 7.910e-05 -1.000 1.868e-04 0.358 -0.003 -0.248 -0.457 -0.756 -0.852 -0.872 -0.877 -0.884 -0.674 -0.874 -0.696 -0.834 -0.851 -0.855 -0.866 -0.873 -0.875 -0.878 -0.883 -0.884 -0.889 -0.885 -0.790
0.00018264 -1.93000 10.07918 0.8021597862 2.4194774628    0.742  1.771  3.7865  2.636    4  0.000  0.531     0.00     0.00 -1    -1e-30      0.00 7.544e-01 2.454e-01 3.151e-05 8.855e-06 7.910e-05 -1.000 1.868e-04 0.343 -0.025 -0.279 -0.497 -0.809 -0.910 -0.931 -0.936 -0.943 -0.724 -0.933 -0.746 -0.891 -0.909 -0.914 -0.925 -0.932 -0.934 -0.937 -0.942 -0.943 -0.948 -0.944 -0.844
0.00018264 -1.93000 10.07918 0.8022119999 2.4194955826    0.742  1.778  3.7811  2.607    4  0.000  0.531     0.00     0.00 -1    -1e-30      0.00 7.544e-01 2.454e-01 3.151e-05 8.855e-06 7.910e-05 -1.000 1.868e-04 0.325 -0.048 -0.311 -0.536 -0.860 -0.967 -0.988 -0.994 -1.001 -0.773 -0.991 -0.794 -0.946 -0.965 -0.971 -0.982 -0.990 -0.992 -0.995 -1.000 -1.001 -1.006 -1.002 -0.897
0.00018264 -1.93000 10.07918 0.8022645712 2.4195139408    0.742  1.787  3.7752  2.574    4  0.000  0.531     0.00     0.00 -1    -1e-30      0.00 7.544e-01 2.454e-01 3.151e-05 8.855e-06 7.910e-05 -1.000 1.868e-04 0.302 -0.076 -0.350 -0.584 -0.921 -1.034 -1.056 -1.062 -1.069 -0.831 -1.059 -0.851 -1.012 -1.031 -1.038 -1.050 -1.057 -1.060 -1.063 -1.068 -1.069 -1.074 -1.071 -0.960
0.00018264 -1.93000 10.07918 0.8022750616 2.4195175171    0.742  1.779  3.7781  2.594    4  0.000  0.531     0.00     0.00 -1    -1e-30      0.00 7.544e-01 2.454e-01 3.151e-05 8.855e-06 7.910e-05 -1.000 1.868e-04 0.322 -0.053 -0.322 -0.552 -0.882 -0.992 -1.014 -1.020 -1.027 -0.794 -1.017 -0.814 -0.971 -0.990 -0.996 -1.008 -1.016 -1.018 -1.021 -1.026 -1.027 -1.032 -1.028 -0.921
0.00018264 -1.93000 10.07918 0.8023290038 2.4195363522    0.742  1.793  3.7705  2.549    4  0.000  0.531     0.00     0.00 -1    -1e-30      0.00 7.544e-01 2.454e-01 3.151e-05 8.855e-06 7.910e-05 -1.000 1.868e-04 0.286 -0.096 -0.378 -0.619 -0.967 -1.084 -1.107 -1.113 -1.121 -0.875 -1.110 -0.894 -1.061 -1.082 -1.088 -1.101 -1.109 -1.111 -1.114 -1.120 -1.121 -1.126 -1.122 -1.008
0.00018264 -1.93000 10.07918 0.8023821115 2.4195547104    0.742  1.812  3.7634  2.502    4  0.000  0.531     0.00     0.00 -1    -1e-30      0.00 7.544e-01 2.454e-01 3.151e-05 8.855e-06 7.910e-05 -1.000 1.868e-04 0.241 -0.146 -0.441 -0.692 -1.056 -1.181 -1.206 -1.213 -1.220 -0.962 -1.209 -0.979 -1.155 -1.178 -1.185 -1.200 -1.208 -1.211 -1.214 -1.219 -1.220 -1.225 -1.221 -1.099
0.00018264 -1.93000 10.07918 0.8024268150 2.4195702076    0.742  1.840  3.7549  2.440    4  0.000  0.531     0.00     0.00 -1    -1e-30      0.00 7.544e-01 2.454e-01 3.151e-05 8.855e-06 7.910e-05 -1.000 1.868e-04 0.171 -0.223 -0.533 -0.796 -1.177 -1.311 -1.340 -1.347 -1.355 -1.081 -1.343 -1.095 -1.283 -1.307 -1.316 -1.332 -1.342 -1.345 -1.348 -1.354 -1.355 -1.360 -1.356 -1.223
0.00018264 -1.93000 10.07918 0.8024510741 2.4195787907    0.742  1.873  3.7466  2.374    4  0.000  0.531     0.00     0.00 -1    -1e-30      0.00 7.544e-01 2.454e-01 3.151e-05 8.855e-06 7.910e-05 -1.000 1.868e-04 0.088 -0.311 -0.635 -0.911 -1.307 -1.450 -1.482 -1.491 -1.499 -1.209 -1.486 -1.221 -1.418 -1.446 -1.456 -1.474 -1.485 -1.488 -1.492 -1.498 -1.499 -1.504 -1.500 -1.355
0.00018264 -1.93000 10.07918 0.8024619818 2.4195826054    0.742  1.907  3.7393  2.311    4  0.000  0.531     0.00     0.00 -1    -1e-30      0.00 7.544e-01 2.454e-01 3.151e-05 8.855e-06 7.910e-05 -1.000 1.868e-04 0.002 -0.402 -0.739 -1.025 -1.435 -1.586 -1.622 -1.631 -1.639 -1.335 -1.626 -1.344 -1.551 -1.581 -1.593 -1.613 -1.624 -1.628 -1.632 -1.639 -1.640 -1.644 -1.640 -1.485
0.00018264 -1.93000 10.07918 0.8024669290 2.4195842743    0.742  1.944  3.7329  2.248    4  0.000  0.531     0.00     0.00 -1    -1e-30      0.00 7.544e-01 2.454e-01 3.151e-05 8.855e-06 7.910e-05 -1.000 1.868e-04 -0.090 -0.497 -0.847 -1.141 -1.564 -1.722 -1.760 -1.771 -1.779 -1.463 -1.765 -1.470 -1.685 -1.716 -1.729 -1.751 -1.764 -1.768 -1.773 -1.780 -1.780 -1.783 -1.780 -1.616
0.00018264 -1.93000 10.07918 0.8024692535 2.4195849895    0.742  1.980  3.7277  2.191    4  0.000  0.531     0.00     0.00 -1    -1e-30      0.00 7.544e-01 2.454e-01 3.151e-05 8.855e-06 7.910e-05 -1.000 1.868e-04 -0.181 -0.591 -0.950 -1.253 -1.685 -1.849 -1.889 -1.901 -1.909 -1.584 -1.895 -1.588 -1.810 -1.843 -1.857 -1.880 -1.893 -1.898 -1.903 -1.910 -1.910 -1.912 -1.910 -1.739
0.00018264 -1.93000 10.07918 0.8024702072 2.4195854664    0.742  2.005  3.7248  2.155    7  0.000  0.531     0.00     0.00 -1    -1e-30      0.00 7.544e-01 2.454e-01 3.151e-05 8.855e-06 7.910e-05 -1.000 1.868e-04 -0.242 -0.654 -1.018 -1.325 -1.763 -1.930 -1.972 -1.984 -1.992 -1.661 -1.977 -1.664 -1.890 -1.924 -1.938 -1.962 -1.976 -1.981 -1.986 -1.993 -1.993 -1.994 -1.992 -1.818
0.00018264 -1.93000 10.07918 0.8024704456 2.4195854664    0.742  2.015  3.7238  2.141    7  0.000  0.531     0.00     0.00 -1    -1e-30      0.00 7.544e-01 2.454e-01 3.151e-05 8.855e-06 7.910e-05 -1.000 1.868e-04 -0.267 -0.679 -1.045 -1.354 -1.794 -1.962 -2.004 -2.016 -2.024 -1.691 -2.009 -1.694 -1.921 -1.955 -1.970 -1.994 -2.008 -2.013 -2.018 -2.025 -2.025 -2.026 -2.024 -1.849
0.00018264 -1.93000 10.07918 0.8024714589 2.4195857048    0.742  2.055  3.7200  2.086    7  0.000  0.531     0.00     0.00 -1    -1e-30      0.00 7.544e-01 2.454e-01 3.151e-05 8.855e-06 7.910e-05 -1.000 1.868e-04 -0.367 -0.781 -1.154 -1.468 -1.916 -2.088 -2.131 -2.144 -2.151 -1.812 -2.137 -1.814 -2.046 -2.081 -2.096 -2.120 -2.135 -2.141 -2.146 -2.153 -2.153 -2.152 -2.151 -1.972
0.00018264 -1.93000 10.07918 0.8024723530 2.4195861816    0.742  2.093  3.7169  2.035    7  0.000  0.531     0.00     0.00 -1    -1e-30      0.00 7.544e-01 2.454e-01 3.151e-05 8.855e-06 7.910e-05 -1.000 1.868e-04 -0.463 -0.877 -1.256 -1.575 -2.029 -2.204 -2.249 -2.263 -2.269 -1.925 -2.255 -1.925 -2.161 -2.198 -2.213 -2.238 -2.253 -2.259 -2.264 -2.272 -2.271 -2.269 -2.268 -2.086
0.00018264 -1.93000 10.07918 0.8024732471 2.4195864201    0.742  2.123  3.7146  1.996    7  0.000  0.531     0.00     0.00 -1    -1e-30      0.00 7.544e-01 2.454e-01 3.151e-05 8.855e-06 7.910e-05 -1.000 1.868e-04 -0.538 -0.952 -1.336 -1.658 -2.117 -2.295 -2.340 -2.355 -2.361 -2.013 -2.347 -2.012 -2.251 -2.288 -2.304 -2.329 -2.345 -2.351 -2.357 -2.365 -2.363 -2.360 -2.359 -2.175
0.00018264 -1.93000 10.07918 0.8024741411 2.4195866585    0.742  2.148  3.7129  1.965    7  0.000  0.531     0.00     0.00 -1    -1e-30      0.00 7.544e-01 2.454e-01 3.151e-05 8.855e-06 7.910e-05 -1.000 1.868e-04 -0.599 -1.014 -1.402 -1.727 -2.189 -2.369 -2.415 -2.429 -2.435 -2.084 -2.421 -2.083 -2.324 -2.362 -2.378 -2.403 -2.420 -2.426 -2.431 -2.439 -2.438 -2.434 -2.434 -2.247
0.00018264 -1.93000 10.07918 0.8024756312 2.4195873737    0.742  2.164  3.7119  1.944    7  0.000  0.531     0.00     0.00 -1    -1e-30      0.00 7.544e-01 2.454e-01 3.151e-05 8.855e-06 7.910e-05 -1.000 1.868e-04 -0.639 -1.055 -1.445 -1.771 -2.235 -2.417 -2.463 -2.478 -2.483 -2.130 -2.469 -2.128 -2.372 -2.409 -2.426 -2.451 -2.468 -2.474 -2.480 -2.488 -2.486 -2.481 -2.482 -2.294
0.00018264 -1.93000 10.07918 0.8024783731 2.4195883274    0.742  2.145  3.7133  1.969    7  0.000  0.531     0.00     0.00 -1    -1e-30      0.00 7.544e-01 2.454e-01 3.151e-05 8.855e-06 7.910e-05 -1.000 1.868e-04 -0.593 -1.008 -1.395 -1.719 -2.181 -2.360 -2.406 -2.420 -2.426 -2.076 -2.412 -2.075 -2.316 -2.353 -2.369 -2.394 -2.411 -2.417 -2.422 -2.430 -2.429 -2.425 -2.425 -2.239
0.00018264 -1.93000 10.07918 0.8024957180 2.4195942879    0.742  2.136  3.7137  1.979    7  0.000  0.531     0.00     0.00 -1    -1e-30      0.00 7.544e-01 2.454e-01 3.151e-05 8.855e-06 7.910e-05 -1.000 1.868e-04 -0.570 -0.985 -1.371 -1.695 -2.156 -2.335 -2.380 -2.395 -2.401 -2.051 -2.387 -2.050 -2.290 -2.327 -2.344 -2.369 -2.385 -2.391 -2.397 -2.405 -2.403 -2.399 -2.399 -2.214
0.00018264 -1.93000 10.07918 0.8025119901 2.4195997715    0.743  2.159  3.7117  1.948    7  0.000  0.531     0.00     0.00 -1    -1e-30      0.00 7.544e-01 2.454e-01 3.151e-05 8.855e-06 7.910e-05 -1.000 1.868e-04 -0.629 -1.044 -1.434 -1.761 -2.225 -2.407 -2.453 -2.468 -2.474 -2.120 -2.460 -2.118 -2.362 -2.399 -2.416 -2.442 -2.458 -2.465 -2.470 -2.478 -2.476 -2.471 -2.472 -2.284
0.00018264 -1.93000 10.07918 0.8025317788 2.4196066856    0.743  2.205  3.7085  1.890    7  0.000  0.531     0.00     0.00 -1    -1e-30      0.00 7.544e-01 2.454e-01 3.151e-05 8.855e-06 7.910e-05 -1.000 1.868e-04 -0.741 -1.158 -1.554 -1.886 -2.357 -2.543 -2.590 -2.606 -2.611 -2.252 -2.597 -2.248 -2.496 -2.535 -2.552 -2.578 -2.595 -2.602 -2.608 -2.616 -2.614 -2.607 -2.608 -2.417
0.00018264 -1.93000 10.07918 0.8025506735 2.4196133614    0.743  2.254  3.7051  1.827    7  0.000  0.531     0.00     0.00 -1    -1e-30      0.00 7.544e-01 2.454e-01 3.151e-05 8.855e-06 7.910e-05 -1.000 1.868e-04 -0.865 -1.282 -1.685 -2.022 -2.501 -2.690 -2.738 -2.755 -2.759 -2.395 -2.746 -2.390 -2.642 -2.682 -2.700 -2.726 -2.744 -2.751 -2.757 -2.765 -2.763 -2.754 -2.756 -2.562
0.00018264 -1.93000 10.07918 0.8025681376 2.4196193218    0.743  2.303  3.7020  1.766    7  0.000  0.531     0.00     0.00 -1    -1e-30      0.00 7.544e-01 2.454e-01 3.151e-05 8.855e-06 7.910e-05 -1.000 1.868e-04 -0.986 -1.404 -1.813 -2.156 -2.641 -2.834 -2.883 -2.900 -2.904 -2.534 -2.891 -2.528 -2.785 -2.826 -2.844 -2.871 -2.889 -2.897 -2.902 -2.911 -2.908 -2.897 -2.899 -2.703
0.00018264 -1.93000 10.07918 0.8025837541 2.4196248055    0.743  2.347  3.6993  1.711    7  0.000  0.531     0.00     0.00 -1    -1e-30      0.00 7.544e-01 2.454e-01 3.150e-05 8.855e-06 7.910e-05 -1.000 1.847e-04 -1.097 -1.514 -1.929 -2.276 -2.767 -2.963 -3.014 -3.031 -3.034 -2.660 -3.022 -2.652 -2.913 -2.955 -2.974 -3.001 -3.020 -3.027 -3.033 -3.042 -3.038 -3.026 -3.029 -2.830
0.00018264 -1.93000 10.07918 0.8025977015 2.4196295738    0.743  2.389  3.6967  1.658    7  0.000  0.531     0.00     0.00 -1    -1e-30      0.00 7.544e-01 2.454e-01 3.148e-05 8.857e-06 7.910e-05 -1.000 1.520e-04 -1.203 -1.620 -2.041 -2.392 -2.889 -3.089 -3.139 -3.158 -3.159 -2.781 -3.147 -2.772 -3.038 -3.080 -3.099 -3.126 -3.146 -3.154 -3.160 -3.169 -3.164 -3.149 -3.153 -2.953
0.00018264 -1.93000 10.07918 0.8026098609 2.4196338654    0.743  2.431  3.6942  1.607    7  0.000  0.530     0.00     0.00 -1    -1e-30      0.00 7.545e-01 2.454e-01 3.142e-05 8.879e-06 7.910e-05 -1.000 1.727e-04 -1.307 -1.723 -2.149 -2.505 -3.008 -3.210 -3.261 -3.280 -3.280 -2.899 -3.269 -2.889 -3.158 -3.201 -3.220 -3.247 -3.268 -3.276 -3.282 -3.291 -3.286 -3.269 -3.273 -3.072
0.00018264 -1.93000 10.07918 0.8026206493 2.4196376801    0.743  2.472  3.6918  1.556    7  0.000  0.526     0.00     0.00 -1    -1e-30      0.00 7.544e-01 2.454e-01 3.120e-05 9.016e-06 7.910e-05 -1.000 1.507e-04 -1.409 -1.825 -2.256 -2.616 -3.124 -3.329 -3.381 -3.400 -3.400 -3.015 -3.389 -3.003 -3.276 -3.320 -3.340 -3.367 -3.388 -3.396 -3.402 -3.411 -3.406 -3.387 -3.392 -3.189
0.00018264 -1.93000 10.07918 0.8026304245 2.4196410179    0.743  2.512  3.6894  1.506    7  0.000  0.516     0.00     0.00 -1    -1e-30      0.00 7.544e-01 2.454e-01 3.067e-05 9.522e-06 7.911e-05 -1.000 1.800e-04 -1.511 -1.926 -2.362 -2.726 -3.240 -3.448 -3.500 -3.520 -3.518 -3.130 -3.509 -3.118 -3.394 -3.439 -3.459 -3.485 -3.508 -3.516 -3.522 -3.531 -3.525 -3.504 -3.509 -3.306
0.00018264 -1.93000 10.07918 0.8026392460 2.4196441174    0.743  2.553  3.6870  1.456    7  0.000  0.503     0.00     0.00 -1    -1e-30      0.00 7.543e-01 2.455e-01 2.987e-05 1.044e-05 7.912e-05 -1.000 1.868e-04 -1.612 -2.025 -2.466 -2.835 -3.355 -3.566 -3.619 -3.639 -3.637 -3.245 -3.628 -3.231 -3.511 -3.557 -3.577 -3.603 -3.627 -3.635 -3.641 -3.651 -3.644 -3.622 -3.628 -3.422
0.00018264 -1.93000 10.07918 0.8026474118 2.4196469784    0.743  2.593  3.6847  1.406    7  0.000  0.488     0.00     0.00 -1    -1e-30      0.00 7.542e-01 2.456e-01 2.902e-05 1.147e-05 7.913e-05 -1.000 1.869e-04 -1.713 -2.126 -2.573 -2.946 -3.471 -3.685 -3.738 -3.759 -3.757 -3.360 -3.747 -3.346 -3.629 -3.675 -3.696 -3.722 -3.746 -3.754 -3.761 -3.771 -3.763 -3.740 -3.746 -3.539
0.00018264 -1.93000 10.07918 0.8026550412 2.4196496010    0.743  2.634  3.6822  1.356    7  0.000  0.475     0.00     0.00 -1    -1e-30      0.00 7.541e-01 2.458e-01 2.827e-05 1.240e-05 7.914e-05 -1.000 1.715e-04 -1.814 -2.229 -2.681 -3.058 -3.589 -3.804 -3.857 -3.878 -3.876 -3.477 -3.866 -3.462 -3.749 -3.795 -3.815 -3.840 -3.866 -3.874 -3.881 -3.891 -3.883 -3.859 -3.865 -3.658
0.00018264 -1.93000 10.07918 0.8026621938 2.4196519852    0.743  2.674  3.6798  1.306    7  0.000  0.464     0.00     0.00 -1    -1e-30      0.00 7.539e-01 2.459e-01 2.762e-05 1.321e-05 7.914e-05 -1.000 1.628e-04 -1.915 -2.330 -2.788 -3.169 -3.706 -3.922 -3.975 -3.997 -3.994 -3.593 -3.985 -3.578 -3.867 -3.913 -3.934 -3.958 -3.985 -3.993 -4.000 -4.010 -4.002 -3.975 -3.982 -3.776
0.00018264 -1.93000 10.07918 0.8026690483 2.4196543694    0.743  2.714  3.6774  1.257    7  0.000  0.455     0.00     0.00 -1    -1e-30      0.00 7.537e-01 2.461e-01 2.704e-05 1.391e-05 7.915e-05 -1.000 1.869e-04 -2.014 -2.431 -2.894 -3.280 -3.822 -4.040 -4.093 -4.115 -4.111 -3.708 -4.103 -3.692 -3.985 -4.031 -4.051 -4.075 -4.102 -4.111 -4.118 -4.128 -4.120 -4.089 -4.098 -3.892
0.00018264 -1.93000 10.07918 0.8026756048 2.4196567535    0.743  2.753  3.6750  1.207    7  0.000  0.446     0.00     0.00 -1    -1e-30      0.00 7.535e-01 2.463e-01 2.655e-05 1.452e-05 7.915e-05 -1.000 1.869e-04 -2.114 -2.530 -2.999 -3.389 -3.938 -4.157 -4.209 -4.233 -4.227 -3.823 -4.220 -3.806 -4.102 -4.148 -4.168 -4.191 -4.220 -4.228 -4.235 -4.246 -4.237 -4.202 -4.212 -4.009
0.00018264 -1.93000 10.07918 0.8026818037 2.4196588993    0.743  2.794  3.6725  1.157    7  0.000  0.439     0.00     0.00 -1    -1e-30      0.00 7.533e-01 2.465e-01 2.611e-05 1.506e-05 7.912e-05 -1.000 1.869e-04 -2.214 -2.632 -3.107 -3.501 -4.056 -4.276 -4.328 -4.352 -4.345 -3.940 -4.339 -3.923 -4.221 -4.267 -4.287 -4.308 -4.339 -4.347 -4.355 -4.366 -4.357 -4.317 -4.329 -4.127
0.00018264 -1.93000 10.07918 0.8026872277 2.4196608067    0.743  2.834  3.6700  1.106    7  0.000  0.433     0.00     0.00 -1    -1e-30      0.00 7.532e-01 2.467e-01 2.574e-05 1.552e-05 7.909e-05 -1.000 1.869e-04 -2.316 -2.734 -3.216 -3.615 -4.175 -4.398 -4.449 -4.474 -4.465 -4.058 -4.460 -4.041 -4.342 -4.389 -4.409 -4.428 -4.461 -4.469 -4.477 -4.488 -4.478 -4.433 -4.447 -4.248
0.00018264 -1.93000 10.07918 0.8026918173 2.4196622372    0.743  2.875  3.6674  1.055    7  0.000  0.428     0.00     0.00 -1    -1e-30      0.00 7.530e-01 2.469e-01 2.542e-05 1.592e-05 7.902e-05 -1.000 1.869e-04 -2.418 -2.834 -3.323 -3.728 -4.295 -4.519 -4.569 -4.595 -4.585 -4.176 -4.581 -4.158 -4.463 -4.510 -4.530 -4.547 -4.582 -4.590 -4.598 -4.610 -4.599 -4.549 -4.564 -4.368
0.00018264 -1.93000 10.07918 0.8026956916 2.4196636677    0.743  2.916  3.6648  1.004    7  0.000  0.424     0.00     0.00 -1    -1e-30      0.00 7.527e-01 2.471e-01 2.514e-05 1.629e-05 7.891e-05 -1.000 1.766e-04 -2.520 -2.936 -3.432 -3.842 -4.415 -4.641 -4.691 -4.718 -4.706 -4.296 -4.703 -4.277 -4.585 -4.632 -4.652 -4.666 -4.704 -4.712 -4.720 -4.733 -4.721 -4.665 -4.682 -4.489
0.00018264 -1.93000 10.07918 0.8026991487 2.4196648598    0.743  2.956  3.6621  0.953    7  0.000  0.421     0.00     0.00 -1    -1e-30      0.00 7.525e-01 2.473e-01 2.491e-05 1.664e-05 7.877e-05 -1.000 1.583e-04 -2.621 -3.035 -3.540 -3.955 -4.535 -4.762 -4.811 -4.840 -4.826 -4.414 -4.824 -4.396 -4.706 -4.754 -4.773 -4.785 -4.826 -4.834 -4.842 -4.855 -4.842 -4.781 -4.800 -4.610
0.00018264 -1.93000 10.07918 0.8027027845 2.4196660519    0.743  2.999  3.6593  0.899    7  0.000  0.418     0.00     0.00 -1    -1e-30      0.00 7.523e-01 2.475e-01 2.471e-05 1.697e-05 7.860e-05 -1.000 1.868e-04 -2.728 -3.141 -3.655 -4.077 -4.663 -4.892 -4.940 -4.971 -4.954 -4.541 -4.954 -4.522 -4.836 -4.884 -4.904 -4.912 -4.957 -4.965 -4.973 -4.986 -4.973 -4.905 -4.926 -4.739
0.00018264 -1.93000 10.07918 0.8027060628 2.4196672440    0.743  3.043  3.6564  0.844    7  0.000  0.417     0.00     0.00 -1    -1e-30      0.00 7.521e-01 2.477e-01 2.457e-05 1.726e-05 7.843e-05 -1.000 1.869e-04 -2.837 -3.244 -3.768 -4.197 -4.791 -5.023 -5.070 -5.102 -5.084 -4.668 -5.084 -4.648 -4.965 -5.014 -5.034 -5.039 -5.088 -5.096 -5.105 -5.118 -5.104 -5.031 -5.054 -4.867
0.00018264 -1.93000 10.07918 0.8027076125 2.4196677208    0.743  3.066  3.6548  0.814    7  0.000  0.416     0.00     0.00 -1    -1e-30      0.00 7.520e-01 2.478e-01 2.448e-05 1.746e-05 7.830e-05 -1.000 1.869e-04 -2.895 -3.298 -3.828 -4.260 -4.858 -5.092 -5.139 -5.173 -5.154 -4.735 -5.154 -4.714 -5.034 -5.083 -5.104 -5.107 -5.158 -5.166 -5.175 -5.189 -5.174 -5.098 -5.121 -4.935
0.00018264 -1.93000 10.07918 0.8027080297 2.4196679592    0.743  3.068  3.6547  0.812    7  0.000  0.416     0.00     0.00 -1    -1e-30      0.00 7.519e-01 2.479e-01 2.444e-05 1.755e-05 7.825e-05 -1.000 1.869e-04 -2.899 -3.302 -3.832 -4.265 -4.863 -5.098 -5.145 -5.178 -5.159 -4.740 -5.159 -4.719 -5.039 -5.089 -5.109 -5.112 -5.164 -5.172 -5.181 -5.194 -5.180 -5.103 -5.127 -4.940
0.00018264 -1.93000 10.07918 0.8027080894 2.4196679592    0.743  3.068  3.6547  0.812    7  0.000  0.416     0.00     0.00 -1    -1e-30      0.00 7.519e-01 2.479e-01 2.444e-05 1.755e-05 7.824e-05 -1.000 1.869e-04 -2.899 -3.302 -3.832 -4.265 -4.863 -5.098 -5.145 -5.178 -5.159 -4.740 -5.159 -4.719 -5.039 -5.089 -5.109 -5.112 -5.164 -5.172 -5.181 -5.194 -5.180 -5.103 -5.127 -4.940
0.00018264 -1.93000 10.07918 0.8027082086 2.4196679592    0.743  3.069  3.6546  0.810    7  0.000  0.416     0.00     0.00 -1    -1e-30      0.00 7.519e-01 2.479e-01 2.443e-05 1.757e-05 7.823e-05 -1.000 1.869e-04 -2.903 -3.305 -3.836 -4.268 -4.867 -5.102 -5.149 -5.182 -5.163 -4.744 -5.164 -4.723 -5.043 -5.093 -5.114 -5.116 -5.168 -5.176 -5.185 -5.198 -5.184 -5.107 -5.131 -4.944
0.00018264 -1.93000 10.07918 0.8027083278 2.4196679592    0.743  3.072  3.6544  0.807    7  0.000  0.416     0.00     0.00 -1    -1e-30      0.00 7.519e-01 2.479e-01 2.443e-05 1.759e-05 7.822e-05 -1.000 1.869e-04 -2.909 -3.311 -3.842 -4.276 -4.875 -5.110 -5.156 -5.190 -5.171 -4.752 -5.171 -4.730 -5.051 -5.101 -5.121 -5.124 -5.176 -5.184 -5.192 -5.206 -5.192 -5.115 -5.138 -4.952
0.00018264 -1.93000 10.07918 0.8027083874 2.4196679592    0.743  3.073  3.6543  0.805    7  0.000  0.416     0.00     0.00 -1    -1e-30      0.00 7.519e-01 2.479e-01 2.442e-05 1.760e-05 7.822e-05 -1.000 1.869e-04 -2.914 -3.315 -3.847 -4.280 -4.880 -5.115 -5.162 -5.195 -5.176 -4.756 -5.176 -4.735 -5.056 -5.106 -5.126 -5.129 -5.181 -5.189 -5.198 -5.211 -5.197 -5.120 -5.143 -4.957
0.00018264 -1.93000 10.07918 0.8027085662 2.4196681976    0.743  3.079  3.6540  0.798    7  0.000  0.415     0.00     0.00 -1    -1e-30      0.00 7.519e-01 2.479e-01 2.441e-05 1.763e-05 7.820e-05 -1.000 1.869e-04 -2.927 -3.328 -3.861 -4.295 -4.895 -5.131 -5.178 -5.212 -5.192 -4.772 -5.193 -4.750 -5.072 -5.122 -5.143 -5.145 -5.197 -5.206 -5.214 -5.228 -5.213 -5.136 -5.159 -4.973
0.00018264 -1.93000 10.07918 0.8027088046 2.4196681976    0.743  3.090  3.6532  0.783    7  0.000  0.415     0.00     0.00 -1    -1e-30      0.00 7.519e-01 2.479e-01 2.438e-05 1.771e-05 7.813e-05 -1.000 1.868e-04 -2.956 -3.355 -3.890 -4.326 -4.929 -5.166 -5.212 -5.247 -5.227 -4.805 -5.227 -4.783 -5.106 -5.156 -5.177 -5.178 -5.232 -5.240 -5.249 -5.263 -5.248 -5.169 -5.193 -5.006
0.00018264 -1.93000 10.07918 0.8027091622 2.4196684361    0.743  3.138  3.6498  0.722    7  0.000  0.414     0.00     0.00 -1    -1e-30      0.00 7.516e-01 2.482e-01 2.421e-05 1.817e-05 7.781e-05 -1.000 1.869e-04 -3.076 -3.466 -4.013 -4.457 -5.069 -5.311 -5.356 -5.393 -5.371 -4.945 -5.373 -4.920 -5.249 -5.301 -5.323 -5.319 -5.379 -5.387 -5.396 -5.410 -5.394 -5.310 -5.335 -5.148
0.00018264 -1.93000 10.07918 0.8027098179 2.4196686745    0.743  3.205  3.6449  0.635    7  0.549  0.413     0.00     0.00 -1    -1e-30      0.00 7.511e-01 2.487e-01 2.391e-05 1.914e-05 7.713e-05 -1.000 1.869e-04 -3.243 -3.617 -4.182 -4.639 -5.264 -5.514 -5.558 -5.599 -5.574 -5.139 -5.576 -5.111 -5.449 -5.504 -5.526 -5.517 -5.583 -5.592 -5.601 -5.616 -5.599 -5.507 -5.533 -5.345
0.00018264 -1.93000 10.07918 0.8027101159 2.4196686745    0.743  3.414  3.6091  0.283    8  0.549  0.390    92.85    44.33  1  -1.3e-06      0.00 7.290e-01 2.706e-01 6.375e-05 5.931e-05 2.177e-04 -1.000 3.690e-04 -3.766 -3.959 -4.665 -5.226 -5.965 -6.287 -6.319 -6.387 -6.351 -5.841 -6.350 -5.778 -6.191 -6.273 -6.304 -6.249 -6.368 -6.379 -6.390 -6.410 -6.387 -6.252 -6.283 -6.064
0.00018264 -1.93000 10.07918 0.8027101755 2.4196686745    0.742  3.283  3.6171  0.446    8  0.549  0.390    65.27    32.68  1 -7.12e-07      0.00 7.290e-01 2.706e-01 6.375e-05 5.931e-05 2.177e-04 -1.000 3.690e-04 -3.437 -3.683 -4.346 -4.880 -5.595 -5.899 -5.934 -5.994 -5.958 -5.470 -5.961 -5.414 -5.812 -5.886 -5.915 -5.870 -5.977 -5.987 -5.997 -6.015 -5.993 -5.865 -5.896 -5.690
0.00018264 -1.93000 10.07918 0.8027102351 2.4196686745    0.742  3.138  3.6303  0.643    8  0.549  0.390    42.67    22.62  1 -3.61e-07      0.00 7.290e-01 2.706e-01 6.375e-05 5.931e-05 2.177e-04 -1.000 3.690e-04 -3.075 -3.391 -3.998 -4.493 -5.165 -5.444 -5.483 -5.533 -5.502 -5.040 -5.505 -4.998 -5.368 -5.432 -5.458 -5.430 -5.517 -5.526 -5.536 -5.552 -5.532 -5.420 -5.449 -5.254
0.00018264 -1.93000 10.07918 0.8027104139 2.4196686745    0.741  2.928  3.6494  0.930    8  0.549  0.390    23.01    13.25  1 -1.29e-07      0.00 7.290e-01 2.706e-01 6.375e-05 5.931e-05 2.177e-04 -1.000 3.690e-04 -2.549 -2.934 -3.475 -3.919 -4.535 -4.781 -4.826 -4.862 -4.840 -4.412 -4.842 -4.385 -4.718 -4.771 -4.793 -4.789 -4.847 -4.855 -4.864 -4.878 -4.862 -4.779 -4.803 -4.616
0.00018264 -1.93000 10.07918 0.8027105927 2.4196689129    0.740  2.933  3.6489  0.922    8  0.549  0.390    23.40    13.43  1 -1.33e-07      0.00 7.290e-01 2.706e-01 6.375e-05 5.931e-05 2.177e-04 -1.000 3.690e-04 -2.562 -2.945 -3.487 -3.933 -4.551 -4.797 -4.842 -4.878 -4.856 -4.427 -4.858 -4.400 -4.734 -4.787 -4.809 -4.805 -4.864 -4.872 -4.880 -4.894 -4.878 -4.794 -4.819 -4.631
0.00018264 -1.93000 10.07918 0.8027108908 2.4196689129    0.738  3.013  3.6416  0.811    8  0.550  0.390    29.73    16.50  1    -2e-07      0.00 7.290e-01 2.706e-01 6.375e-05 5.931e-05 2.177e-04 -1.000 3.690e-04 -2.763 -3.123 -3.690 -4.154 -4.792 -5.051 -5.094 -5.135 -5.109 -4.668 -5.112 -4.636 -4.983 -5.040 -5.063 -5.051 -5.120 -5.129 -5.138 -5.152 -5.135 -5.040 -5.066 -4.876
0.00018264 -1.93000 10.07918 0.8027111888 2.4196691513    0.736  3.167  3.6275  0.600    8  0.550  0.390    46.93    24.44  1 -4.25e-07      0.00 7.290e-01 2.706e-01 6.375e-05 5.931e-05 2.177e-04 -1.000 3.691e-04 -3.148 -3.450 -4.068 -4.571 -5.252 -5.536 -5.575 -5.627 -5.594 -5.127 -5.598 -5.083 -5.458 -5.525 -5.550 -5.519 -5.611 -5.620 -5.630 -5.646 -5.626 -5.510 -5.539 -5.342
0.00018264 -1.93000 10.07918 0.8027116060 2.4196691513    0.734  3.304  3.6150  0.412    8  0.550  0.390    70.47    34.66  1 -8.16e-07      0.00 7.290e-01 2.706e-01 6.375e-05 5.931e-05 2.177e-04 -1.000 3.690e-04 -3.490 -3.722 -4.396 -4.936 -5.658 -5.968 -6.002 -6.064 -6.028 -5.534 -6.029 -5.476 -5.878 -5.954 -5.983 -5.936 -6.046 -6.056 -6.066 -6.085 -6.063 -5.933 -5.963 -5.754
0.00018264 -1.93000 10.07918 0.8027120233 2.4196693897    0.731  3.395  3.6066  0.286    8  0.551  0.390    92.54    43.75  1 -1.25e-06      0.00 7.290e-01 2.706e-01 6.375e-05 5.931e-05 2.177e-04 -1.000 3.690e-04 -3.717 -3.894 -4.609 -5.178 -5.926 -6.254 -6.285 -6.355 -6.318 -5.803 -6.317 -5.736 -6.156 -6.240 -6.271 -6.214 -6.336 -6.347 -6.358 -6.378 -6.355 -6.218 -6.250 -6.027
0.00018264 -1.93000 10.07918 0.8027125597 2.4196696281    0.728  3.445  3.6020  0.215    8  0.551  0.390   107.82    49.80  1  -1.6e-06      0.00 7.290e-01 2.706e-01 6.375e-05 5.931e-05 2.177e-04 -1.000 3.690e-04 -3.843 -3.985 -4.725 -5.309 -6.073 -6.412 -6.442 -6.517 -6.480 -5.951 -6.476 -5.878 -6.309 -6.397 -6.430 -6.367 -6.495 -6.508 -6.521 -6.541 -6.518 -6.377 -6.408 -6.176
0.00018264 -1.93000 10.07918 0.8027130961 2.4196696281    0.725  3.471  3.5995  0.178    8  0.552  0.390   116.95    53.26  1 -1.82e-06      0.00 7.290e-01 2.706e-01 6.375e-05 5.931e-05 2.177e-04 -1.000 3.690e-04 -3.907 -4.031 -4.784 -5.377 -6.149 -6.494 -6.522 -6.600 -6.563 -6.027 -6.557 -5.951 -6.387 -6.478 -6.512 -6.446 -6.577 -6.590 -6.604 -6.624 -6.602 -6.459 -6.490 -6.253
0.00018264 -1.93000 10.07918 0.8027136922 2.4196698666    0.721  3.487  3.5984  0.154    8  0.552  0.390   123.06    55.46  0 -1.99e-06      0.00 7.290e-01 2.706e-01 6.375e-05 5.931e-05 2.177e-04 -1.000 3.690e-04 -3.948 -4.063 -4.823 -5.419 -6.195 -6.543 -6.571 -6.650 -6.614 -6.074 -6.607 -5.996 -6.435 -6.528 -6.561 -6.494 -6.626 -6.641 -6.654 -6.675 -6.653 -6.509 -6.541 -6.300
0.00018264 -1.93000 10.07918 0.8027159572 2.4196705818    0.554 -9.999  4.0000  1.705    9  0.554  0.000     0.00     0.00 -1    -1e-30      0.00 7.290e-01 2.706e-01 6.375e-05 5.931e-05 2.177e-04 -1.000 3.690e-04 29.767 30.061 30.047 30.095 30.099 30.101 30.101 30.106 30.102 30.096 30.103 30.106 30.086 30.094 30.106 30.107 30.102 30.107 30.107 30.101 30.102 30.100 30.103 30.097
#isochrone terminated
