# File generated by CMD 3.3 (http://stev.oapd.inaf.it/cmd) on Mon Apr  6 22:03:23 CEST 2020
# isochrones based on PARSEC release v1.2S +  COLIBRI S_35
# Basic references: Bressan et al. (2012), MNRAS, 427, 127 + Chen et al. (2014, 2015), MNRAS, 444, 2525 + MNRAS, 452, 1068 + Tang et al. (2014), MNRAS, 445, 4287 + Marigo et al. (2017), ApJ, 835, 77 + Pastorelli al. (2019), MNRAS in press
# Thermal pulse cycles included 
# On RGB, assumed Reimers mass loss with efficiency eta=0.2
# Photometric system: <i>UBVRIJHK</i> (cf. Maiz-Apellaniz 2006 + Bessell 1990)
# Using YBC version of bolometric corrections as in Chen et al. (2019)
# O-rich circumstellar dpmod60alox40 dust from Groenewegen (2006)
# C-rich circumstellar AMCSIC15 dust from Groenewegen (2006)
# IMF: Kroupa (2001, 2002) + Kroupa et al. (2013) canonical two-part-power law IMF corrected for unresolved binaries 
# Kind of output: isochrone tables
# Zini     MH   logAge Mini        int_IMF         Mass   logL    logTe  logg  label   McoreTP C_O  period0 period1 pmode  Mloss  tau1m   X   Y   Xc  Xn  Xo  Cexcess  Z 	 mbolmag  Umag    Bmag    Vmag    Rmag    Imag    Jmag    Hmag    Kmag
0.00018264 -1.93000 10.07918 0.0913096443 1.0941179991    0.091 -3.146  3.4971  5.485    1  0.000  0.545     0.00     0.00 -1 -5.39e-17      0.00 7.480e-01 2.518e-01 3.361e-05 9.067e-06 8.223e-05 -1.000 1.868e-04 12.634 19.128 16.627 14.661 13.205 11.852 10.699 10.464 10.407
0.00018264 -1.93000 10.07918 0.0971938968 1.1472291946    0.097 -2.933  3.5280  5.422    1  0.000  0.545     0.00     0.00 -1 -9.15e-17      0.00 7.465e-01 2.533e-01 3.361e-05 9.067e-06 8.223e-05 -1.000 1.868e-04 12.103 17.363 15.468 13.667 12.442 11.352 10.271 9.903 9.799
0.00018264 -1.93000 10.07918 0.1012862623 1.1817619801    0.101 -2.793  3.5482  5.381    1  0.000  0.545     0.00     0.00 -1  -1.3e-16      0.00 7.454e-01 2.544e-01 3.361e-05 9.067e-06 8.224e-05 -1.000 1.868e-04 11.754 16.283 14.717 13.075 11.957 11.017 9.993 9.558 9.432
0.00018264 -1.93000 10.07918 0.1212394834 1.3274300098    0.121 -2.505  3.5779  5.290    1  0.000  0.545     0.00     0.00 -1 -2.55e-16      0.00 7.421e-01 2.577e-01 3.361e-05 9.067e-06 8.224e-05 -1.000 1.869e-04 11.034 14.636 13.465 12.062 11.084 10.311 9.375 8.871 8.721
0.00018264 -1.93000 10.07918 0.1411927044 1.4448504448    0.141 -2.324  3.5922  5.232    1  0.000  0.545     0.00     0.00 -1 -3.84e-16      0.00 7.400e-01 2.599e-01 3.361e-05 9.068e-06 8.224e-05 -1.000 1.869e-04 10.579 13.794 12.786 11.487 10.580 9.860 8.967 8.443 8.280
0.00018264 -1.93000 10.07918 0.1611459404 1.5424650908    0.161 -2.182  3.6015  5.184    1  0.000  0.545     0.00     0.00 -1 -5.27e-16      0.00 7.386e-01 2.612e-01 3.361e-05 9.068e-06 8.224e-05 -1.000 1.869e-04 10.224 13.212 12.297 11.060 10.197 9.505 8.641 8.107 7.939
0.00018264 -1.93000 10.07918 0.2010523975 1.6974372864    0.201 -1.963  3.6134  5.110    1  0.000  0.545     0.00     0.00 -1 -8.49e-16      0.00 7.379e-01 2.619e-01 3.361e-05 9.068e-06 8.224e-05 -1.000 1.869e-04 9.679 12.393 11.591 10.426 9.618 8.959 8.131 7.592 7.421
0.00018264 -1.93000 10.07918 0.2509354949 1.8426946402    0.251 -1.764  3.6243  5.050    1  0.000  0.545     0.00     0.00 -1 -1.29e-15      0.00 7.381e-01 2.617e-01 3.361e-05 9.068e-06 8.224e-05 -1.000 1.869e-04 9.180 11.666 10.957 9.852 9.090 8.459 7.663 7.126 6.957
0.00018264 -1.93000 10.07918 0.3008185625 1.9545503855    0.301 -1.611  3.6333  5.012    1  0.000  0.545     0.00     0.00 -1 -1.75e-15      0.00 7.382e-01 2.616e-01 3.360e-05 9.069e-06 8.224e-05 -1.000 1.869e-04 8.797 11.102 10.467 9.408 8.683 8.075 7.306 6.773 6.610
0.00018264 -1.93000 10.07918 0.3507016301 2.0445659161    0.351 -1.484  3.6416  4.985    1  0.000  0.544     0.00     0.00 -1 -2.24e-15      0.00 7.381e-01 2.617e-01 3.357e-05 9.070e-06 8.224e-05 -1.000 1.868e-04 8.481 10.629 10.060 9.039 8.347 7.759 7.013 6.487 6.330
0.00018264 -1.93000 10.07918 0.4005846977 2.1193072796    0.400 -1.358  3.6507  4.953    1  0.000  0.545     0.00     0.00 -1 -2.91e-15      0.00 7.502e-01 2.496e-01 3.361e-05 9.067e-06 8.223e-05 -1.000 1.868e-04 8.164 10.145 9.649 8.670 8.009 7.442 6.722 6.206 6.058
0.00018264 -1.93000 10.07918 0.4504677355 2.1828336716    0.450 -1.202  3.6659  4.909    1  0.000  0.545     0.00     0.00 -1 -4.13e-15      0.00 7.507e-01 2.491e-01 3.361e-05 9.067e-06 8.223e-05 -1.000 1.869e-04 7.775 9.484 9.113 8.199 7.590 7.057 6.380 5.883 5.749
0.00018264 -1.93000 10.07918 0.5003507733 2.2378156185    0.500 -1.028  3.6839  4.853    1  0.000  0.545     0.00     0.00 -1 -6.23e-15      0.00 7.509e-01 2.489e-01 3.359e-05 9.062e-06 8.219e-05 -1.000 1.870e-04 7.341 8.742 8.519 7.680 7.127 6.631 6.005 5.537 5.419
0.00018264 -1.93000 10.07918 0.5502339005 2.2838518620    0.550 -0.823  3.7044  4.770    1  0.000  0.544     0.00     0.00 -1 -1.05e-14      0.00 7.848e-01 2.151e-01 2.931e-05 7.913e-06 7.180e-05 -1.000 9.990e-05 6.827 7.916 7.848 7.091 6.593 6.136 5.566 5.133 5.033
0.00018264 -1.93000 10.07918 0.6001169682 2.3212006092    0.600 -0.614  3.7298  4.701    1  0.000  0.544     0.00     0.00 -1 -1.76e-14      0.00 7.973e-01 2.026e-01 2.779e-05 7.508e-06 6.816e-05 -1.000 1.359e-04 6.304 7.072 7.159 6.502 6.062 5.650 5.147 4.757 4.676
0.00018264 -1.93000 10.07918 0.6075627804 2.3261740208    0.607 -0.581  3.7342  4.691    1  0.000  0.544     0.00     0.00 -1 -1.91e-14      0.00 7.996e-01 2.003e-01 2.751e-05 7.434e-06 6.750e-05 -1.000 1.414e-04 6.222 6.944 7.053 6.412 5.981 5.576 5.084 4.701 4.623
0.00018264 -1.93000 10.07918 0.6186909676 2.3333508968    0.618 -0.531  3.7408  4.676    1  0.000  0.543     0.00     0.00 -1 -2.16e-14      0.00 8.031e-01 1.967e-01 2.709e-05 7.320e-06 6.647e-05 -1.000 1.718e-04 6.098 6.753 6.893 6.276 5.859 5.465 4.988 4.616 4.542
0.00018264 -1.93000 10.07918 0.6286030412 2.3394978046    0.628 -0.487  3.7467  4.662    1  0.000  0.543     0.00     0.00 -1 -2.41e-14      0.00 8.065e-01 1.934e-01 2.669e-05 7.213e-06 6.551e-05 -1.000 1.731e-04 5.987 6.589 6.752 6.157 5.751 5.367 4.904 4.538 4.470
0.00018264 -1.93000 10.07918 0.6382229924 2.3452544212    0.638 -0.443  3.7523  4.647    1  0.000  0.543     0.00     0.00 -1 -4.14e-16      0.00 8.099e-01 1.900e-01 2.628e-05 7.104e-06 6.454e-05 -1.000 1.647e-04 5.878 6.430 6.616 6.041 5.647 5.272 4.821 4.463 4.400
0.00018264 -1.93000 10.07918 0.6495532393 2.3517832756    0.649 -0.391  3.7587  4.629    1  0.000  0.543     0.00     0.00 -1 -2.22e-14      0.00 8.141e-01 1.858e-01 2.578e-05 6.970e-06 6.333e-05 -1.000 1.311e-04 5.748 6.245 6.455 5.904 5.523 5.160 4.723 4.373 4.316
0.00018264 -1.93000 10.07918 0.6499999762 2.3520355225    0.650 -0.389  3.7590  4.628    1  0.000  0.543     0.00     0.00 -1 -3.08e-14      0.00 8.143e-01 1.856e-01 2.576e-05 6.964e-06 6.328e-05 -1.000 1.765e-04 5.743 6.238 6.448 5.898 5.518 5.155 4.719 4.369 4.312
0.00018264 -1.93000 10.07918 0.6589780450 2.3570179939    0.659 -0.347  3.7639  4.611    1  0.000  0.542     0.00     0.00 -1 -3.43e-14      0.00 8.185e-01 1.813e-01 2.525e-05 6.829e-06 6.206e-05 -1.000 1.869e-04 5.638 6.097 6.322 5.789 5.419 5.064 4.638 4.294 4.241
0.00018264 -1.93000 10.07918 0.6691758633 2.3624916077    0.669 -0.299  3.7693  4.591    1  0.000  0.542     0.00     0.00 -1  -3.9e-14      0.00 8.237e-01 1.762e-01 2.463e-05 6.665e-06 6.060e-05 -1.000 1.699e-04 5.517 5.939 6.178 5.664 5.305 4.959 4.544 4.207 4.159
0.00018264 -1.93000 10.07918 0.6788769364 2.3675234318    0.679 -0.252  3.7744  4.571    1  0.000  0.542     0.00     0.00 -1 -2.89e-14      0.00 8.289e-01 1.710e-01 2.401e-05 6.500e-06 5.911e-05 -1.000 1.490e-04 5.400 5.790 6.040 5.544 5.194 4.856 4.451 4.120 4.076
0.00018264 -1.93000 10.07918 0.6881385446 2.3721752167    0.688 -0.206  3.7792  4.550    1  0.000  0.541     0.00     0.00 -1 -9.72e-15      0.00 8.342e-01 1.657e-01 2.338e-05 6.332e-06 5.760e-05 -1.000 1.196e-04 5.284 5.646 5.906 5.426 5.085 4.755 4.360 4.034 3.995
0.00018264 -1.93000 10.07918 0.6963579059 2.3761847019    0.696 -0.163  3.7834  4.529    1  0.000  0.541     0.00     0.00 -1 -6.62e-15      0.00 8.391e-01 1.607e-01 2.279e-05 6.174e-06 5.619e-05 -1.000 1.488e-04 5.178 5.518 5.784 5.318 4.985 4.662 4.275 3.956 3.919
0.00018264 -1.93000 10.07918 0.6999999881 2.3779268265    0.700 -0.144  3.7852  4.520    1  0.000  0.541     0.00     0.00 -1  -5.9e-14      0.00 8.414e-01 1.584e-01 2.251e-05 6.101e-06 5.554e-05 -1.000 1.739e-04 5.130 5.462 5.729 5.269 4.940 4.620 4.237 3.920 3.885
0.00018264 -1.93000 10.07918 0.7092351317 2.3822519779    0.709 -0.093  3.7897  4.493    1  0.000  0.538     0.00     0.00 -1 -6.79e-14      0.00 8.468e-01 1.531e-01 2.188e-05 5.946e-06 5.417e-05 -1.000 1.591e-04 5.004 5.315 5.585 5.140 4.820 4.507 4.133 3.823 3.792
0.00018264 -1.93000 10.07918 0.7177017331 2.3861050606    0.717 -0.045  3.7937  4.465    1  0.000  0.537     0.00     0.00 -1  -7.8e-14      0.00 8.513e-01 1.485e-01 2.135e-05 5.820e-06 5.305e-05 -1.000 1.508e-04 4.881 5.178 5.448 5.016 4.703 4.397 4.032 3.728 3.700
0.00018264 -1.93000 10.07918 0.7260619402 2.3898084164    0.726  0.006  3.7976  4.435    1  0.000  0.535     0.00     0.00 -1 -9.03e-14      0.00 8.554e-01 1.445e-01 2.090e-05 5.712e-06 5.212e-05 -1.000 9.164e-05 4.754 5.037 5.305 4.886 4.581 4.282 3.925 3.627 3.601
0.00018264 -1.93000 10.07918 0.7332423925 2.3929116726    0.733  0.053  3.8008  4.406    1  0.000  0.533     0.00     0.00 -1 -1.03e-13      0.00 8.585e-01 1.414e-01 2.058e-05 5.637e-06 5.147e-05 -1.000 9.306e-05 4.638 4.911 5.177 4.767 4.469 4.175 3.825 3.534 3.510
0.00018264 -1.93000 10.07918 0.7401990294 2.3958523273    0.740  0.100  3.8038  4.374    1  0.000  0.532     0.00     0.00 -1 -1.14e-13      0.00 8.611e-01 1.387e-01 2.031e-05 5.576e-06 5.095e-05 -1.000 1.489e-04 4.519 4.784 5.045 4.645 4.353 4.065 3.721 3.436 3.413
0.00018264 -1.93000 10.07918 0.7471562624 2.3987302780    0.747  0.152  3.8067  4.338    1  0.000  0.530     0.00     0.00 -1 -1.65e-14      0.00 8.635e-01 1.363e-01 2.007e-05 5.523e-06 5.050e-05 -1.000 1.708e-04 4.391 4.650 4.905 4.514 4.227 3.944 3.608 3.327 3.307
0.00018264 -1.93000 10.07918 0.7500000000 2.3998889923    0.749  0.173  3.8079  4.323    1  0.000  0.529     0.00     0.00 -1 -1.48e-13      0.00 8.645e-01 1.353e-01 1.998e-05 5.503e-06 5.033e-05 -1.000 1.830e-04 4.337 4.593 4.846 4.459 4.174 3.893 3.559 3.281 3.261
0.00018264 -1.93000 10.07918 0.7513949275 2.4004538059    0.751  0.184  3.8085  4.316    1  0.000  0.529     0.00     0.00 -1 -1.53e-13      0.00 8.646e-01 1.352e-01 1.999e-05 5.506e-06 5.035e-05 -1.000 1.843e-04 4.310 4.565 4.817 4.431 4.148 3.869 3.536 3.259 3.239
0.00018264 -1.93000 10.07918 0.7594533563 2.4036693573    0.759  0.252  3.8118  4.265    1  0.000  0.529     0.00     0.00 -1 -1.88e-13      0.00 8.653e-01 1.347e-01 2.003e-05 5.519e-06 5.050e-05 -1.000 8.729e-05 4.140 4.390 4.632 4.257 3.981 3.707 3.382 3.112 3.094
0.00018264 -1.93000 10.07918 0.7647995949 2.4057595730    0.764  0.301  3.8137  4.227    1  0.000  0.529     0.00     0.00 -1 -2.19e-13      0.00 8.655e-01 1.344e-01 2.007e-05 5.531e-06 5.062e-05 -1.000 9.885e-05 4.018 4.266 4.501 4.132 3.860 3.590 3.269 3.003 2.986
0.00018264 -1.93000 10.07918 0.7698677182 2.4077105522    0.769  0.350  3.8151  4.186    1  0.000  0.528     0.00     0.00 -1 -2.56e-13      0.00 8.647e-01 1.352e-01 2.022e-05 5.575e-06 5.102e-05 -1.000 1.000e-04 3.895 4.143 4.371 4.006 3.737 3.470 3.153 2.891 2.873
0.00018264 -1.93000 10.07918 0.7740107775 2.4092833996    0.773  0.393  3.8157  4.148    1  0.000  0.528     0.00     0.00 -1 -2.97e-13      0.00 8.637e-01 1.362e-01 2.039e-05 5.622e-06 5.145e-05 -1.000 9.996e-05 3.787 4.036 4.259 3.897 3.629 3.363 3.048 2.787 2.770
0.00018264 -1.93000 10.07918 0.7756382227 2.4098958969    0.775  0.412  3.8155  4.129    1  0.000  0.528     0.00     0.00 -1 -3.17e-13      0.00 8.633e-01 1.366e-01 2.046e-05 5.641e-06 5.162e-05 -1.000 1.000e-04 3.740 3.990 4.210 3.848 3.581 3.315 2.999 2.738 2.721
0.00018264 -1.93000 10.07918 0.7800592184 2.4115452766    0.779  0.468  3.8137  4.069    1  0.000  0.528     0.00     0.00 -1 -3.83e-13      0.00 8.621e-01 1.378e-01 2.064e-05 5.691e-06 5.209e-05 -1.000 9.997e-05 3.601 3.858 4.074 3.709 3.439 3.171 2.851 2.587 2.569
0.00018264 -1.93000 10.07918 0.7831519246 2.4126863480    0.782  0.511  3.8111  4.016    1  0.000  0.528     0.00     0.00 -1 -4.49e-13      0.00 8.613e-01 1.386e-01 2.077e-05 5.726e-06 5.241e-05 -1.000 1.000e-04 3.491 3.757 3.971 3.600 3.326 3.054 2.728 2.459 2.440
0.00018264 -1.93000 10.07918 0.7838113308 2.4129283428    0.782  0.522  3.8102  4.003    1  0.000  0.528     0.00     0.00 -1 -4.68e-13      0.00 8.612e-01 1.387e-01 2.080e-05 5.734e-06 5.248e-05 -1.000 9.996e-05 3.466 3.734 3.948 3.575 3.300 3.026 2.698 2.428 2.409
0.00018264 -1.93000 10.07918 0.7844337225 2.4131562710    0.783  0.532  3.8091  3.988    2  0.000  0.528     0.00     0.00 -1 -4.89e-13      0.00 8.610e-01 1.389e-01 2.082e-05 5.741e-06 5.254e-05 -1.000 9.997e-05 3.440 3.711 3.925 3.550 3.272 2.997 2.666 2.394 2.374
0.00018264 -1.93000 10.07918 0.7865287662 2.4139204025    0.785  0.571  3.8040  3.930    2  0.000  0.528     0.00     0.00 -1 -5.68e-13      0.00 8.605e-01 1.394e-01 2.091e-05 5.764e-06 5.276e-05 -1.000 1.000e-04 3.343 3.630 3.843 3.455 3.169 2.886 2.543 2.262 2.239
0.00018264 -1.93000 10.07918 0.7881337404 2.4145026207    0.787  0.606  3.7975  3.870    2  0.000  0.528     0.00     0.00 -1 -6.59e-13      0.00 8.601e-01 1.398e-01 2.098e-05 5.783e-06 5.292e-05 -1.000 9.994e-05 3.255 3.563 3.777 3.373 3.075 2.781 2.423 2.130 2.104
0.00018264 -1.93000 10.07918 0.7893919945 2.4149572849    0.788  0.638  3.7898  3.808    2  0.000  0.528     0.00     0.00 -1  -7.6e-13      0.00 8.595e-01 1.403e-01 2.106e-05 5.806e-06 5.314e-05 -1.000 1.094e-04 3.176 3.511 3.725 3.300 2.988 2.682 2.306 1.998 1.969
0.00018264 -1.93000 10.07918 0.7904071212 2.4153227806    0.789  0.666  3.7813  3.746    2  0.000  0.529     0.00     0.00 -1 -8.72e-13      0.00 8.555e-01 1.444e-01 2.156e-05 5.943e-06 5.438e-05 -1.000 1.096e-04 3.104 3.474 3.686 3.236 2.908 2.588 2.193 1.870 1.835
0.00018264 -1.93000 10.07918 0.7912593484 2.4156289101    0.790  0.693  3.7729  3.686    2  0.000  0.530     0.00     0.00 -1 -9.93e-13      0.00 8.390e-01 1.609e-01 2.346e-05 6.456e-06 5.900e-05 -1.000 1.113e-04 3.037 3.448 3.653 3.177 2.835 2.501 2.087 1.748 1.708
0.00018264 -1.93000 10.07918 0.7920114398 2.4158983231    0.790  0.720  3.7651  3.628    2  0.000  0.533     0.00     0.00 -1 -1.13e-12      0.00 8.107e-01 1.892e-01 2.655e-05 7.283e-06 6.640e-05 -1.000 1.428e-04 2.970 3.422 3.619 3.119 2.762 2.415 1.983 1.630 1.585
0.00018264 -1.93000 10.07918 0.7926790118 2.4161369801    0.791  0.750  3.7580  3.570    2  0.000  0.535     0.00     0.00 -1 -1.29e-12      0.00 7.919e-01 2.079e-01 2.858e-05 7.826e-06 7.124e-05 -1.000 1.267e-04 2.895 3.389 3.576 3.053 2.683 2.325 1.876 1.511 1.461
0.00018264 -1.93000 10.07918 0.7933403254 2.4163730145    0.792  0.788  3.7516  3.507    2  0.000  0.536     0.00     0.00 -1 -1.52e-12      0.00 7.807e-01 2.191e-01 2.979e-05 8.152e-06 7.415e-05 -1.000 1.745e-04 2.799 3.334 3.509 2.965 2.583 2.214 1.751 1.375 1.320
0.00018264 -1.93000 10.07918 0.7938624620 2.4165589809    0.792  0.827  3.7474  3.452    2  0.000  0.536     0.00     0.00 -1 -1.77e-12      0.00 7.752e-01 2.246e-01 3.039e-05 8.310e-06 7.557e-05 -1.000 1.869e-04 2.703 3.268 3.434 2.876 2.486 2.110 1.636 1.254 1.195
0.00018264 -1.93000 10.07918 0.7942195535 2.4166860580    0.792  0.856  3.7449  3.412    2  0.000  0.536     0.00     0.00 -1 -1.98e-12      0.00 7.724e-01 2.274e-01 3.068e-05 8.391e-06 7.629e-05 -1.000 1.869e-04 2.630 3.214 3.373 2.807 2.411 2.031 1.551 1.164 1.104
0.00018264 -1.93000 10.07918 0.7945322394 2.4167971611    0.793  0.886  3.7431  3.376    3  0.000  0.536     0.00     0.00 -1 -2.21e-12      0.00 7.706e-01 2.292e-01 3.087e-05 8.440e-06 7.673e-05 -1.000 1.609e-04 2.555 3.153 3.307 2.735 2.337 1.954 1.470 1.079 1.018
0.00018264 -1.93000 10.07918 0.7949423194 2.4169428349    0.793  0.927  3.7411  3.327    3  0.000  0.537     0.00     0.00 -1 -2.56e-12      0.00 7.684e-01 2.314e-01 3.108e-05 8.495e-06 7.722e-05 -1.000 1.722e-04 2.453 3.066 3.215 2.636 2.234 1.848 1.358 0.964 0.901
0.00018264 -1.93000 10.07918 0.7953553796 2.4170892239    0.793  0.970  3.7391  3.275    3  0.000  0.537     0.00     0.00 -1    -3e-12      0.00 7.664e-01 2.334e-01 3.125e-05 8.541e-06 7.764e-05 -1.000 1.786e-04 2.344 2.973 3.115 2.531 2.125 1.735 1.240 0.842 0.778
0.00018264 -1.93000 10.07918 0.7957510948 2.4172294140    0.794  1.015  3.7374  3.224    3  0.000  0.537     0.00     0.00 -1 -3.53e-12      0.00 7.646e-01 2.352e-01 3.138e-05 8.578e-06 7.796e-05 -1.000 1.864e-04 2.232 2.876 3.012 2.422 2.014 1.621 1.121 0.718 0.654
0.00018264 -1.93000 10.07918 0.7961716652 2.4173781872    0.794  1.066  3.7357  3.167    3  0.000  0.537     0.00     0.00 -1 -4.24e-12      0.00 7.629e-01 2.369e-01 3.151e-05 8.612e-06 7.826e-05 -1.000 1.869e-04 2.105 2.765 2.894 2.299 1.887 1.492 0.986 0.580 0.514
0.00018264 -1.93000 10.07918 0.7965245843 2.4175031185    0.794  1.112  3.7342  3.115    3  0.000  0.537     0.00     0.00 -1    -5e-12      0.00 7.614e-01 2.384e-01 3.160e-05 8.638e-06 7.849e-05 -1.000 1.869e-04 1.991 2.663 2.788 2.188 1.773 1.376 0.866 0.455 0.389
0.00018264 -1.93000 10.07918 0.7968816757 2.4176290035    0.795  1.161  3.7326  3.059    3  0.000  0.537     0.00     0.00 -1 -5.97e-12      0.00 7.600e-01 2.398e-01 3.167e-05 8.660e-06 7.868e-05 -1.000 1.806e-04 1.867 2.552 2.671 2.066 1.649 1.249 0.735 0.320 0.253
0.00018264 -1.93000 10.07918 0.7972319722 2.4177527428    0.795  1.214  3.7310  3.000    3  0.000  0.536     0.00     0.00 -1 -7.23e-12      0.00 7.586e-01 2.412e-01 3.172e-05 8.682e-06 7.885e-05 -1.000 1.821e-04 1.734 2.432 2.546 1.937 1.518 1.115 0.595 0.176 0.108
0.00018264 -1.93000 10.07918 0.7975147963 2.4178524017    0.795  1.261  3.7296  2.947    3  0.000  0.536     0.00     0.00 -1 -8.55e-12      0.00 7.575e-01 2.423e-01 3.174e-05 8.701e-06 7.897e-05 -1.000 1.862e-04 1.617 2.328 2.436 1.822 1.400 0.995 0.471 0.049 -0.019
0.00018264 -1.93000 10.07918 0.7977875471 2.4179482460    0.795  1.310  3.7281  2.892    3  0.000  0.535     0.00     0.00 -1 -1.02e-11      0.00 7.565e-01 2.433e-01 3.174e-05 8.723e-06 7.907e-05 -1.000 1.869e-04 1.494 2.220 2.321 1.702 1.278 0.871 0.342 -0.084 -0.152
0.00018264 -1.93000 10.07918 0.7980325818 2.4180345535    0.795  1.358  3.7266  2.838    3  0.000  0.534     0.00     0.00 -1 -1.21e-11      0.00 7.556e-01 2.442e-01 3.172e-05 8.749e-06 7.915e-05 -1.000 1.865e-04 1.374 2.114 2.208 1.585 1.158 0.749 0.216 -0.213 -0.283
0.00018264 -1.93000 10.07918 0.7982546091 2.4181125164    0.795  1.406  3.7251  2.785    3  0.000  0.533     0.00     0.00 -1 -1.44e-11      0.00 7.549e-01 2.449e-01 3.169e-05 8.780e-06 7.921e-05 -1.000 1.852e-04 1.255 2.010 2.098 1.470 1.040 0.628 0.091 -0.342 -0.412
0.00018264 -1.93000 10.07918 0.7984533310 2.4181823730    0.795  1.452  3.7236  2.732    3  0.000  0.532     0.00     0.00 -1  -1.7e-11      0.00 7.543e-01 2.455e-01 3.164e-05 8.814e-06 7.926e-05 -1.000 1.860e-04 1.139 1.908 1.990 1.357 0.925 0.510 -0.031 -0.468 -0.539
0.00018264 -1.93000 10.07918 0.7986413240 2.4182484150    0.795  1.500  3.7221  2.678    3  0.000  0.531     0.00     0.00 -1 -2.02e-11      0.00 7.538e-01 2.460e-01 3.160e-05 8.853e-06 7.930e-05 -1.000 1.870e-04 1.019 1.802 1.878 1.240 0.805 0.388 -0.158 -0.598 -0.669
0.00018264 -1.93000 10.07918 0.7988083363 2.4183070660    0.795  1.547  3.7205  2.625    3  0.000  0.531     0.00     0.00 -1 -2.39e-11      0.00 7.534e-01 2.464e-01 3.156e-05 8.889e-06 7.933e-05 -1.000 1.869e-04 0.902 1.700 1.770 1.126 0.689 0.269 -0.281 -0.726 -0.798
0.00018264 -1.93000 10.07918 0.7989566326 2.4183590412    0.795  1.593  3.7189  2.573    3  0.000  0.530     0.00     0.00 -1 -2.82e-11      0.00 7.531e-01 2.467e-01 3.153e-05 8.916e-06 7.935e-05 -1.000 1.869e-04 0.788 1.601 1.665 1.016 0.576 0.154 -0.401 -0.849 -0.922
0.00018264 -1.93000 10.07918 0.7990911007 2.4184062481    0.795  1.638  3.7174  2.522    3  0.000  0.530     0.00     0.00 -1 -3.32e-11      0.00 7.530e-01 2.468e-01 3.151e-05 8.931e-06 7.936e-05 -1.000 1.867e-04 0.676 1.504 1.562 0.908 0.465 0.041 -0.519 -0.971 -1.044
0.00018264 -1.93000 10.07918 0.7992171049 2.4184503555    0.795  1.683  3.7158  2.470    3  0.000  0.529     0.00     0.00 -1 -3.92e-11      0.00 7.529e-01 2.469e-01 3.149e-05 8.941e-06 7.936e-05 -1.000 1.869e-04 0.562 1.409 1.458 0.798 0.352 -0.076 -0.640 -1.096 -1.170
0.00018264 -1.93000 10.07918 0.7993284464 2.4184894562    0.795  1.727  3.7142  2.420    3  0.000  0.529     0.00     0.00 -1 -4.59e-11      0.00 7.529e-01 2.469e-01 3.149e-05 8.947e-06 7.937e-05 -1.000 1.869e-04 0.452 1.319 1.358 0.691 0.242 -0.188 -0.757 -1.217 -1.291
0.00018264 -1.93000 10.07918 0.7994312644 2.4185254574    0.795  1.771  3.7126  2.369    3  0.000  0.529     0.00     0.00 -1 -5.39e-11      0.00 7.529e-01 2.469e-01 3.149e-05 8.948e-06 7.938e-05 -1.000 1.869e-04 0.342 1.228 1.257 0.585 0.132 -0.301 -0.874 -1.338 -1.413
0.00018264 -1.93000 10.07918 0.7995256186 2.4185585976    0.794  1.815  3.7109  2.319    3  0.000  0.529     0.00     0.00 -1 -6.32e-11      0.00 7.529e-01 2.469e-01 3.149e-05 8.948e-06 7.938e-05 -1.000 1.869e-04 0.232 1.138 1.158 0.479 0.023 -0.413 -0.991 -1.458 -1.534
0.00018264 -1.93000 10.07918 0.7996094823 2.4185879230    0.794  1.858  3.7093  2.270    3  0.000  0.529     0.00     0.00 -1  -6.2e-11      0.00 7.529e-01 2.469e-01 3.149e-05 8.949e-06 7.938e-05 -1.000 1.869e-04 0.126 1.053 1.064 0.377 -0.082 -0.521 -1.104 -1.575 -1.652
0.00018264 -1.93000 10.07918 0.7996870279 2.4186151028    0.794  1.900  3.7078  2.221    3  0.000  0.529     0.00     0.00 -1 -6.88e-11      0.00 7.529e-01 2.469e-01 3.149e-05 8.949e-06 7.938e-05 -1.000 1.869e-04 0.021 0.969 0.970 0.276 -0.186 -0.628 -1.216 -1.690 -1.768
0.00018264 -1.93000 10.07918 0.7997614741 2.4186410904    0.794  1.943  3.7061  2.171    3  0.000  0.529     0.00     0.00 -1 -8.37e-11      0.00 7.529e-01 2.469e-01 3.149e-05 8.950e-06 7.938e-05 -1.000 1.868e-04 -0.088 0.883 0.873 0.172 -0.294 -0.739 -1.331 -1.810 -1.889
0.00018264 -1.93000 10.07918 0.7998251915 2.4186635017    0.793  1.983  3.7045  2.124    3  0.000  0.529     0.00     0.00 -1 -1.02e-10      0.00 7.529e-01 2.469e-01 3.149e-05 8.950e-06 7.938e-05 -1.000 1.869e-04 -0.188 0.804 0.785 0.076 -0.394 -0.841 -1.439 -1.922 -2.001
0.00018264 -1.93000 10.07918 0.7998841405 2.4186840057    0.793  2.023  3.7029  2.078    3  0.000  0.529     0.00     0.00 -1 -1.23e-10      0.00 7.529e-01 2.470e-01 3.149e-05 8.950e-06 7.938e-05 -1.000 1.870e-04 -0.288 0.725 0.697 -0.019 -0.493 -0.943 -1.545 -2.032 -2.112
0.00018264 -1.93000 10.07918 0.7999404669 2.4187037945    0.793  2.064  3.7013  2.030    3  0.000  0.529     0.00     0.00 -1 -1.49e-10      0.00 7.529e-01 2.470e-01 3.149e-05 8.951e-06 7.938e-05 -1.000 1.869e-04 -0.390 0.646 0.607 -0.116 -0.593 -1.046 -1.653 -2.145 -2.225
0.00018264 -1.93000 10.07918 0.7999896407 2.4187209606    0.792  2.101  3.6997  1.986    3  0.000  0.529     0.00     0.00 -1 -1.78e-10      0.00 7.528e-01 2.470e-01 3.149e-05 8.951e-06 7.938e-05 -1.000 1.869e-04 -0.483 0.575 0.527 -0.205 -0.685 -1.142 -1.754 -2.249 -2.330
0.00018264 -1.93000 10.07918 0.8000000119 2.4187245369    0.792  2.110  3.6993  1.977    3  0.000  0.529     0.00     0.00 -1 -1.85e-10      0.00 7.528e-01 2.470e-01 3.149e-05 8.951e-06 7.938e-05 -1.000 1.869e-04 -0.504 0.560 0.509 -0.225 -0.706 -1.163 -1.776 -2.272 -2.354
0.00018264 -1.93000 10.07918 0.8000452518 2.4187402725    0.792  2.145  3.6979  1.935    3  0.000  0.529     0.00     0.00 -1 -2.11e-10      0.00 7.528e-01 2.470e-01 3.149e-05 8.952e-06 7.939e-05 -1.000 1.870e-04 -0.594 0.495 0.431 -0.310 -0.794 -1.254 -1.872 -2.372 -2.454
0.00018264 -1.93000 10.07918 0.8001056314 2.4187614918    0.791  2.187  3.6962  1.886    3  0.000  0.529     0.00     0.00 -1 -2.46e-10      0.00 7.528e-01 2.470e-01 3.149e-05 8.953e-06 7.939e-05 -1.000 1.869e-04 -0.697 0.420 0.342 -0.408 -0.896 -1.359 -1.982 -2.487 -2.569
0.00018264 -1.93000 10.07918 0.8001372218 2.4187724590    0.791  2.201  3.6956  1.870    3  0.000  0.529     0.00     0.00 -1  -2.6e-10      0.00 7.528e-01 2.470e-01 3.149e-05 8.954e-06 7.939e-05 -1.000 1.869e-04 -0.733 0.394 0.311 -0.442 -0.932 -1.396 -2.021 -2.526 -2.609
0.00018264 -1.93000 10.07918 0.8001679182 2.4187831879    0.790  2.192  3.6963  1.881    3  0.000  0.529     0.00     0.00 -1 -2.53e-10      0.00 7.528e-01 2.470e-01 3.149e-05 8.954e-06 7.939e-05 -1.000 1.870e-04 -0.711 0.406 0.328 -0.422 -0.910 -1.373 -1.996 -2.500 -2.583
0.00018264 -1.93000 10.07918 0.8001746535 2.4187855721    0.790  2.199  3.6960  1.872    3  0.000  0.529     0.00     0.00 -1 -2.59e-10      0.00 7.528e-01 2.470e-01 3.149e-05 8.954e-06 7.939e-05 -1.000 1.869e-04 -0.728 0.394 0.314 -0.438 -0.927 -1.391 -2.015 -2.520 -2.602
0.00018264 -1.93000 10.07918 0.8002117276 2.4187986851    0.790  2.241  3.6941  1.823    3  0.000  0.529     0.00     0.00 -1 -2.99e-10      0.00 7.528e-01 2.470e-01 3.149e-05 8.955e-06 7.939e-05 -1.000 1.869e-04 -0.832 0.322 0.226 -0.536 -1.030 -1.497 -2.126 -2.636 -2.720
0.00018264 -1.93000 10.07918 0.8002492189 2.4188117981    0.789  2.285  3.6923  1.771    3  0.000  0.529     0.00     0.00 -1 -3.51e-10      0.00 7.528e-01 2.470e-01 3.149e-05 8.956e-06 7.939e-05 -1.000 1.869e-04 -0.943 0.242 0.132 -0.640 -1.139 -1.609 -2.245 -2.759 -2.844
0.00018264 -1.93000 10.07918 0.8002810478 2.4188227654    0.789  2.325  3.6903  1.723    3  0.000  0.529     0.00     0.00 -1 -4.08e-10      0.00 7.528e-01 2.470e-01 3.149e-05 8.956e-06 7.939e-05 -1.000 1.869e-04 -1.043 0.174 0.049 -0.734 -1.237 -1.711 -2.353 -2.873 -2.958
0.00018264 -1.93000 10.07918 0.8003123403 2.4188337326    0.788  2.367  3.6884  1.673    3  0.000  0.529     0.00     0.00 -1 -4.76e-10      0.00 7.528e-01 2.470e-01 3.149e-05 8.957e-06 7.939e-05 -1.000 1.869e-04 -1.148 0.105 -0.038 -0.832 -1.340 -1.818 -2.466 -2.991 -3.077
0.00018264 -1.93000 10.07918 0.8003415465 2.4188439846    0.787  2.409  3.6866  1.623    3  0.000  0.529     0.00     0.00 -1 -5.56e-10      0.00 7.528e-01 2.470e-01 3.149e-05 8.958e-06 7.939e-05 -1.000 1.870e-04 -1.254 0.034 -0.125 -0.930 -1.443 -1.925 -2.579 -3.109 -3.196
0.00018264 -1.93000 10.07918 0.8003671169 2.4188528061    0.787  2.449  3.6846  1.575    3  0.000  0.529     0.00     0.00 -1 -6.45e-10      0.00 7.528e-01 2.470e-01 3.149e-05 8.958e-06 7.939e-05 -1.000 1.869e-04 -1.353 0.022 -0.190 -1.024 -1.545 -2.030 -2.690 -3.226 -3.311
0.00018264 -1.93000 10.07918 0.8003924489 2.4188616276    0.786  2.491  3.6827  1.525    3  0.000  0.529     0.00     0.00 -1 -7.53e-10      0.00 7.528e-01 2.470e-01 3.149e-05 8.959e-06 7.939e-05 -1.000 1.869e-04 -1.458 -0.006 -0.264 -1.124 -1.652 -2.141 -2.807 -3.348 -3.431
0.00018264 -1.93000 10.07918 0.8004149199 2.4188694954    0.785  2.531  3.6807  1.476    3  0.000  0.529     0.00     0.00 -1 -8.73e-10      0.00 7.528e-01 2.470e-01 3.149e-05 8.959e-06 7.939e-05 -1.000 1.869e-04 -1.559 -0.105 -0.353 -1.213 -1.745 -2.239 -2.912 -3.459 -3.545
0.00018264 -1.93000 10.07918 0.8004359007 2.4188768864    0.784  2.572  3.6787  1.427    3  0.000  0.529     0.00     0.00 -1 -1.01e-09      0.00 7.528e-01 2.470e-01 3.149e-05 8.959e-06 7.939e-05 -1.000 1.869e-04 -1.659 -0.136 -0.422 -1.305 -1.844 -2.342 -3.022 -3.574 -3.660
0.00018264 -1.93000 10.07918 0.8004558682 2.4188838005    0.783  2.612  3.6768  1.378    3  0.000  0.529     0.00     0.00 -1 -1.18e-09      0.00 7.528e-01 2.470e-01 3.148e-05 8.960e-06 7.939e-05 -1.000 1.869e-04 -1.761 -0.166 -0.491 -1.397 -1.945 -2.447 -3.133 -3.690 -3.775
0.00018264 -1.93000 10.07918 0.8004773855 2.4188914299    0.781  2.660  3.6742  1.320    3  0.000  0.529     0.00     0.00 -1 -1.41e-09      0.00 7.528e-01 2.470e-01 3.148e-05 8.960e-06 7.939e-05 -1.000 1.869e-04 -1.879 -0.182 -0.562 -1.502 -2.061 -2.570 -3.265 -3.828 -3.913
0.00018264 -1.93000 10.07918 0.8004946709 2.4188973904    0.780  2.701  3.6723  1.270    3  0.000  0.529     0.00     0.00 -1 -1.64e-09      0.00 7.528e-01 2.470e-01 3.148e-05 8.960e-06 7.939e-05 -1.000 1.870e-04 -1.982 -0.202 -0.627 -1.594 -2.162 -2.676 -3.377 -3.946 -4.030
0.00018264 -1.93000 10.07918 0.8005125523 2.4189035892    0.778  2.746  3.6697  1.213    3  0.000  0.529     0.00     0.00 -1 -1.95e-09      0.00 7.528e-01 2.470e-01 3.148e-05 8.961e-06 7.939e-05 -1.000 1.869e-04 -2.096 -0.199 -0.686 -1.692 -2.273 -2.795 -3.505 -4.080 -4.163
0.00018264 -1.93000 10.07918 0.8005272746 2.4189088345    0.777  2.787  3.6677  1.164    3  0.000  0.529     0.00     0.00 -1 -2.27e-09      0.00 7.528e-01 2.470e-01 3.148e-05 8.961e-06 7.939e-05 -1.000 1.869e-04 -2.198 -0.205 -0.744 -1.780 -2.372 -2.899 -3.616 -4.196 -4.279
0.00018264 -1.93000 10.07918 0.8005422354 2.4189140797    0.775  2.831  3.6650  1.108    3  0.000  0.529     0.00     0.00 -1 -2.68e-09      0.00 7.528e-01 2.470e-01 3.148e-05 8.961e-06 7.939e-05 -1.000 1.869e-04 -2.308 -0.180 -0.791 -1.870 -2.477 -3.013 -3.740 -4.327 -4.409
0.00018264 -1.93000 10.07918 0.8005546927 2.4189183712    0.773  2.871  3.6631  1.060    3  0.000  0.529     0.00     0.00 -1  -3.1e-09      0.00 7.528e-01 2.470e-01 3.148e-05 8.962e-06 7.939e-05 -1.000 1.869e-04 -2.407 -0.169 -0.838 -1.953 -2.572 -3.114 -3.848 -4.441 -4.522
0.00018264 -1.93000 10.07918 0.8005678058 2.4189229012    0.771  2.915  3.6604  1.004    3  0.000  0.529     0.00     0.00 -1 -3.67e-09      0.00 7.528e-01 2.470e-01 3.148e-05 8.962e-06 7.939e-05 -1.000 1.870e-04 -2.517 -0.126 -0.876 -2.041 -2.677 -3.228 -3.973 -4.572 -4.653
0.00018264 -1.93000 10.07918 0.8005810380 2.4189276695    0.768  2.963  3.6579  0.944    3  0.000  0.529     0.00     0.00 -1  -4.4e-09      0.00 7.528e-01 2.470e-01 3.148e-05 8.962e-06 7.939e-05 -1.000 1.869e-04 -2.638 -0.078 -0.914 -2.134 -2.790 -3.352 -4.107 -4.713 -4.793
0.00018264 -1.93000 10.07918 0.8005917668 2.4189312458    0.765  3.005  3.6552  0.889    3  0.000  0.529     0.00     0.00 -1 -5.18e-09      0.00 7.528e-01 2.470e-01 3.148e-05 8.962e-06 7.939e-05 -1.000 1.870e-04 -2.743 -0.062 -0.954 -2.212 -2.885 -3.457 -4.223 -4.837 -4.918
0.00018264 -1.93000 10.07918 0.8006010056 2.4189345837    0.763  3.044  3.6531  0.841    3  0.000  0.529     0.00     0.00 -1 -5.99e-09      0.00 7.528e-01 2.470e-01 3.148e-05 8.962e-06 7.939e-05 -1.000 1.869e-04 -2.840 -0.062 -0.999 -2.286 -2.973 -3.553 -4.328 -4.947 -5.029
0.00018264 -1.93000 10.07918 0.8006105423 2.4189379215    0.759  3.086  3.6504  0.786    3  0.000  0.529     0.00     0.00 -1 -7.04e-09      0.00 7.528e-01 2.470e-01 3.148e-05 8.963e-06 7.939e-05 -1.000 1.869e-04 -2.945 -0.045 -1.037 -2.364 -3.067 -3.657 -4.444 -5.070 -5.153
0.00018264 -1.93000 10.07918 0.8006202579 2.4189412594    0.756  3.132  3.6478  0.728    3  0.000  0.529     0.00     0.00 -1 -8.39e-09      0.00 7.528e-01 2.470e-01 3.148e-05 8.963e-06 7.939e-05 -1.000 1.869e-04 -3.060 -0.037 -1.087 -2.450 -3.170 -3.771 -4.569 -5.203 -5.287
0.00018264 -1.93000 10.07918 0.8006284833 2.4189441204    0.752  3.173  3.6451  0.673    3  0.000  0.529     0.00     0.00 -1 -9.86e-09      0.00 7.528e-01 2.470e-01 3.148e-05 8.963e-06 7.939e-05 -1.000 1.869e-04 -3.163 -0.015 -1.123 -2.523 -3.260 -3.871 -4.682 -5.324 -5.410
0.00018264 -1.93000 10.07918 0.8006367087 2.4189469814    0.747  3.217  3.6425  0.616    3  0.000  0.529     0.00     0.00 -1 -1.17e-08      0.00 7.528e-01 2.470e-01 3.148e-05 8.963e-06 7.939e-05 -1.000 1.870e-04 -3.273 0.001 -1.164 -2.603 -3.357 -3.979 -4.802 -5.452 -5.538
0.00018264 -1.93000 10.07918 0.8006443977 2.4189496040    0.742  3.259  3.6399  0.561    3  0.000  0.529     0.00     0.00 -1 -1.37e-08      0.00 7.528e-01 2.470e-01 3.148e-05 8.963e-06 7.939e-05 -1.000 1.869e-04 -3.377 0.027 -1.195 -2.675 -3.447 -4.080 -4.916 -5.574 -5.661
0.00018264 -1.93000 10.07918 0.8006464839 2.4189503193    0.741  3.269  3.6393  0.548    3  0.000  0.529     0.00     0.00 -1 -1.44e-08      0.00 7.528e-01 2.470e-01 3.148e-05 8.963e-06 7.939e-05 -1.000 1.869e-04 -3.402 0.033 -1.204 -2.692 -3.468 -4.104 -4.943 -5.603 -5.691
0.00018264 -1.93000 10.07918 0.8006464839 2.4189503193    0.740  1.678  3.8847  3.121    4  0.000  0.531     0.00     0.00 -1    -1e-30      0.00 7.544e-01 2.454e-01 3.151e-05 8.855e-06 7.910e-05 -1.000 1.868e-04 0.576 0.773 0.694 0.557 0.452 0.337 0.184 0.091 0.077
0.00018264 -1.93000 10.07918 0.8006473184 2.4189507961    0.740  1.689  3.8780  3.083    4  0.000  0.531     0.00     0.00 -1    -1e-30      0.00 7.544e-01 2.454e-01 3.151e-05 8.855e-06 7.910e-05 -1.000 1.868e-04 0.549 0.755 0.685 0.529 0.412 0.285 0.118 0.014 -0.001
0.00018264 -1.93000 10.07918 0.8007027507 2.4189701080    0.741  1.702  3.8726  3.048    4  0.000  0.531     0.00     0.00 -1    -1e-30      0.00 7.544e-01 2.454e-01 3.151e-05 8.855e-06 7.910e-05 -1.000 1.868e-04 0.516 0.730 0.667 0.497 0.370 0.233 0.055 -0.058 -0.074
0.00018264 -1.93000 10.07918 0.8007566929 2.4189889431    0.741  1.702  3.8735  3.052    4  0.000  0.531     0.00     0.00 -1    -1e-30      0.00 7.544e-01 2.454e-01 3.151e-05 8.855e-06 7.910e-05 -1.000 1.868e-04 0.515 0.728 0.664 0.497 0.371 0.235 0.059 -0.052 -0.068
0.00018264 -1.93000 10.07918 0.8008107543 2.4190077782    0.741  1.702  3.8745  3.056    4  0.000  0.531     0.00     0.00 -1    -1e-30      0.00 7.544e-01 2.454e-01 3.151e-05 8.855e-06 7.910e-05 -1.000 1.868e-04 0.515 0.726 0.661 0.496 0.372 0.239 0.065 -0.045 -0.061
0.00018264 -1.93000 10.07918 0.8008653522 2.4190268517    0.741  1.702  3.8756  3.060    4  0.000  0.531     0.00     0.00 -1    -1e-30      0.00 7.544e-01 2.454e-01 3.151e-05 8.855e-06 7.910e-05 -1.000 1.868e-04 0.516 0.725 0.658 0.496 0.374 0.243 0.071 -0.037 -0.052
0.00018264 -1.93000 10.07918 0.8009214997 2.4190464020    0.741  1.702  3.8766  3.065    4  0.000  0.531     0.00     0.00 -1    -1e-30      0.00 7.544e-01 2.454e-01 3.151e-05 8.855e-06 7.910e-05 -1.000 1.868e-04 0.516 0.724 0.655 0.496 0.376 0.247 0.078 -0.028 -0.044
0.00018264 -1.93000 10.07918 0.8009772301 2.4190657139    0.741  1.701  3.8776  3.069    4  0.000  0.531     0.00     0.00 -1    -1e-30      0.00 7.544e-01 2.454e-01 3.151e-05 8.855e-06 7.910e-05 -1.000 1.868e-04 0.516 0.723 0.652 0.496 0.378 0.251 0.083 -0.021 -0.036
0.00018264 -1.93000 10.07918 0.8010292053 2.4190840721    0.741  1.701  3.8784  3.072    4  0.000  0.531     0.00     0.00 -1    -1e-30      0.00 7.544e-01 2.454e-01 3.151e-05 8.855e-06 7.910e-05 -1.000 1.868e-04 0.517 0.722 0.650 0.497 0.380 0.254 0.088 -0.015 -0.030
0.00018264 -1.93000 10.07918 0.8010854125 2.4191036224    0.741  1.701  3.8790  3.074    4  0.000  0.531     0.00     0.00 -1    -1e-30      0.00 7.544e-01 2.454e-01 3.151e-05 8.855e-06 7.910e-05 -1.000 1.868e-04 0.517 0.721 0.649 0.496 0.381 0.256 0.091 -0.010 -0.026
0.00018264 -1.93000 10.07918 0.8011372089 2.4191215038    0.741  1.702  3.8790  3.074    4  0.000  0.531     0.00     0.00 -1    -1e-30      0.00 7.544e-01 2.454e-01 3.151e-05 8.855e-06 7.910e-05 -1.000 1.868e-04 0.516 0.720 0.648 0.496 0.380 0.256 0.091 -0.011 -0.026
0.00018264 -1.93000 10.07918 0.8011896610 2.4191398621    0.741  1.702  3.8788  3.073    4  0.000  0.531     0.00     0.00 -1    -1e-30      0.00 7.544e-01 2.454e-01 3.151e-05 8.855e-06 7.910e-05 -1.000 1.868e-04 0.515 0.720 0.647 0.495 0.379 0.254 0.089 -0.013 -0.029
0.00018264 -1.93000 10.07918 0.8012447357 2.4191591740    0.741  1.703  3.8781  3.069    4  0.000  0.531     0.00     0.00 -1    -1e-30      0.00 7.544e-01 2.454e-01 3.151e-05 8.855e-06 7.910e-05 -1.000 1.868e-04 0.513 0.719 0.648 0.493 0.376 0.249 0.083 -0.021 -0.036
0.00018264 -1.93000 10.07918 0.8013020754 2.4191789627    0.741  1.704  3.8768  3.063    4  0.000  0.531     0.00     0.00 -1    -1e-30      0.00 7.544e-01 2.454e-01 3.151e-05 8.855e-06 7.910e-05 -1.000 1.868e-04 0.510 0.718 0.649 0.491 0.371 0.242 0.073 -0.033 -0.048
0.00018264 -1.93000 10.07918 0.8013554811 2.4191975594    0.741  1.705  3.8749  3.055    4  0.000  0.531     0.00     0.00 -1    -1e-30      0.00 7.544e-01 2.454e-01 3.151e-05 8.855e-06 7.910e-05 -1.000 1.868e-04 0.507 0.717 0.651 0.488 0.364 0.232 0.059 -0.050 -0.066
0.00018264 -1.93000 10.07918 0.8014073968 2.4192156792    0.741  1.707  3.8726  3.043    4  0.000  0.531     0.00     0.00 -1    -1e-30      0.00 7.544e-01 2.454e-01 3.151e-05 8.855e-06 7.910e-05 -1.000 1.868e-04 0.503 0.717 0.654 0.484 0.356 0.219 0.041 -0.072 -0.088
0.00018264 -1.93000 10.07918 0.8014619350 2.4192347527    0.741  1.709  3.8693  3.028    4  0.000  0.531     0.00     0.00 -1    -1e-30      0.00 7.544e-01 2.454e-01 3.151e-05 8.855e-06 7.910e-05 -1.000 1.868e-04 0.497 0.716 0.658 0.479 0.345 0.203 0.018 -0.101 -0.118
0.00018264 -1.93000 10.07918 0.8015133739 2.4192526340    0.741  1.711  3.8656  3.011    4  0.000  0.531     0.00     0.00 -1    -1e-30      0.00 7.544e-01 2.454e-01 3.151e-05 8.855e-06 7.910e-05 -1.000 1.868e-04 0.491 0.715 0.664 0.475 0.334 0.184 -0.009 -0.135 -0.151
0.00018264 -1.93000 10.07918 0.8015651107 2.4192707539    0.741  1.714  3.8613  2.991    4  0.000  0.531     0.00     0.00 -1    -1e-30      0.00 7.544e-01 2.454e-01 3.151e-05 8.855e-06 7.910e-05 -1.000 1.868e-04 0.484 0.715 0.670 0.471 0.321 0.163 -0.040 -0.174 -0.191
0.00018264 -1.93000 10.07918 0.8016184568 2.4192893505    0.742  1.718  3.8562  2.967    4  0.000  0.531     0.00     0.00 -1    -1e-30      0.00 7.544e-01 2.454e-01 3.151e-05 8.855e-06 7.910e-05 -1.000 1.869e-04 0.476 0.714 0.679 0.467 0.306 0.138 -0.075 -0.220 -0.237
0.00018264 -1.93000 10.07918 0.8016730547 2.4193081856    0.742  1.721  3.8502  2.939    4  0.000  0.531     0.00     0.00 -1    -1e-30      0.00 7.544e-01 2.454e-01 3.151e-05 8.855e-06 7.910e-05 -1.000 1.868e-04 0.466 0.714 0.690 0.463 0.290 0.110 -0.117 -0.274 -0.292
0.00018264 -1.93000 10.07918 0.8017239571 2.4193260670    0.742  1.725  3.8439  2.910    4  0.000  0.531     0.00     0.00 -1    -1e-30      0.00 7.544e-01 2.454e-01 3.151e-05 8.855e-06 7.910e-05 -1.000 1.868e-04 0.456 0.714 0.702 0.459 0.274 0.082 -0.159 -0.330 -0.349
0.00018264 -1.93000 10.07918 0.8017287850 2.4193277359    0.742  1.726  3.8433  2.908    4  0.000  0.531     0.00     0.00 -1    -1e-30      0.00 7.544e-01 2.454e-01 3.151e-05 8.855e-06 7.910e-05 -1.000 1.868e-04 0.455 0.715 0.703 0.459 0.272 0.079 -0.163 -0.335 -0.354
0.00018264 -1.93000 10.07918 0.8017378449 2.4193308353    0.742  1.727  3.8421  2.902    4  0.000  0.531     0.00     0.00 -1    -1e-30      0.00 7.544e-01 2.454e-01 3.151e-05 8.855e-06 7.910e-05 -1.000 1.868e-04 0.453 0.715 0.706 0.458 0.269 0.074 -0.171 -0.345 -0.365
0.00018264 -1.93000 10.07918 0.8017914295 2.4193494320    0.742  1.731  3.8351  2.869    4  0.000  0.531     0.00     0.00 -1    -1e-30      0.00 7.544e-01 2.454e-01 3.151e-05 8.855e-06 7.910e-05 -1.000 1.868e-04 0.442 0.716 0.720 0.454 0.251 0.043 -0.219 -0.408 -0.429
0.00018264 -1.93000 10.07918 0.8018435836 2.4193675518    0.742  1.736  3.8282  2.837    4  0.000  0.531     0.00     0.00 -1    -1e-30      0.00 7.544e-01 2.454e-01 3.151e-05 8.855e-06 7.910e-05 -1.000 1.868e-04 0.431 0.719 0.735 0.451 0.234 0.013 -0.265 -0.470 -0.491
0.00018264 -1.93000 10.07918 0.8018994331 2.4193871021    0.742  1.741  3.8203  2.800    4  0.000  0.531     0.00     0.00 -1    -1e-30      0.00 7.544e-01 2.454e-01 3.151e-05 8.855e-06 7.910e-05 -1.000 1.868e-04 0.417 0.723 0.752 0.448 0.215 -0.021 -0.318 -0.540 -0.563
0.00018264 -1.93000 10.07918 0.8019525409 2.4194054604    0.742  1.747  3.8124  2.763    4  0.000  0.531     0.00     0.00 -1    -1e-30      0.00 7.544e-01 2.454e-01 3.151e-05 8.855e-06 7.910e-05 -1.000 1.869e-04 0.403 0.729 0.770 0.444 0.196 -0.055 -0.371 -0.611 -0.635
0.00018264 -1.93000 10.07918 0.8020034432 2.4194231033    0.742  1.752  3.8057  2.731    4  0.000  0.531     0.00     0.00 -1    -1e-30      0.00 7.544e-01 2.454e-01 3.151e-05 8.855e-06 7.910e-05 -1.000 1.868e-04 0.389 0.733 0.787 0.441 0.179 -0.085 -0.418 -0.673 -0.699
0.00018264 -1.93000 10.07918 0.8020560741 2.4194414616    0.742  1.759  3.7985  2.696    4  0.000  0.531     0.00     0.00 -1    -1e-30      0.00 7.544e-01 2.454e-01 3.151e-05 8.855e-06 7.910e-05 -1.000 1.868e-04 0.373 0.738 0.805 0.437 0.160 -0.117 -0.467 -0.739 -0.768
0.00018264 -1.93000 10.07918 0.8021076322 2.4194593430    0.742  1.765  3.7924  2.665    4  0.000  0.531     0.00     0.00 -1    -1e-30      0.00 7.544e-01 2.454e-01 3.151e-05 8.855e-06 7.910e-05 -1.000 1.868e-04 0.358 0.743 0.819 0.433 0.143 -0.145 -0.511 -0.797 -0.828
0.00018264 -1.93000 10.07918 0.8021597862 2.4194774628    0.742  1.771  3.7865  2.636    4  0.000  0.531     0.00     0.00 -1    -1e-30      0.00 7.544e-01 2.454e-01 3.151e-05 8.855e-06 7.910e-05 -1.000 1.868e-04 0.343 0.747 0.832 0.427 0.125 -0.173 -0.554 -0.853 -0.887
0.00018264 -1.93000 10.07918 0.8022119999 2.4194955826    0.742  1.778  3.7811  2.607    4  0.000  0.531     0.00     0.00 -1    -1e-30      0.00 7.544e-01 2.454e-01 3.151e-05 8.855e-06 7.910e-05 -1.000 1.868e-04 0.325 0.749 0.841 0.419 0.107 -0.202 -0.596 -0.908 -0.944
0.00018264 -1.93000 10.07918 0.8022645712 2.4195139408    0.742  1.787  3.7752  2.574    4  0.000  0.531     0.00     0.00 -1    -1e-30      0.00 7.544e-01 2.454e-01 3.151e-05 8.855e-06 7.910e-05 -1.000 1.868e-04 0.302 0.752 0.847 0.407 0.083 -0.237 -0.647 -0.973 -1.011
0.00018264 -1.93000 10.07918 0.8022750616 2.4195175171    0.742  1.779  3.7781  2.594    4  0.000  0.531     0.00     0.00 -1    -1e-30      0.00 7.544e-01 2.454e-01 3.151e-05 8.855e-06 7.910e-05 -1.000 1.868e-04 0.322 0.759 0.853 0.422 0.104 -0.211 -0.613 -0.933 -0.969
0.00018264 -1.93000 10.07918 0.8023290038 2.4195363522    0.742  1.793  3.7705  2.549    4  0.000  0.531     0.00     0.00 -1    -1e-30      0.00 7.544e-01 2.454e-01 3.151e-05 8.855e-06 7.910e-05 -1.000 1.868e-04 0.286 0.759 0.855 0.400 0.067 -0.262 -0.684 -1.023 -1.062
0.00018264 -1.93000 10.07918 0.8023821115 2.4195547104    0.742  1.812  3.7634  2.502    4  0.000  0.531     0.00     0.00 -1    -1e-30      0.00 7.544e-01 2.454e-01 3.151e-05 8.855e-06 7.910e-05 -1.000 1.868e-04 0.241 0.747 0.848 0.369 0.021 -0.320 -0.761 -1.117 -1.159
0.00018264 -1.93000 10.07918 0.8024268150 2.4195702076    0.742  1.840  3.7549  2.440    4  0.000  0.531     0.00     0.00 -1    -1e-30      0.00 7.544e-01 2.454e-01 3.151e-05 8.855e-06 7.910e-05 -1.000 1.868e-04 0.171 0.723 0.822 0.315 -0.050 -0.406 -0.869 -1.243 -1.291
0.00018264 -1.93000 10.07918 0.8024510741 2.4195787907    0.742  1.873  3.7466  2.374    4  0.000  0.531     0.00     0.00 -1    -1e-30      0.00 7.544e-01 2.454e-01 3.151e-05 8.855e-06 7.910e-05 -1.000 1.868e-04 0.088 0.690 0.785 0.249 -0.132 -0.503 -0.987 -1.379 -1.431
0.00018264 -1.93000 10.07918 0.8024619818 2.4195826054    0.742  1.907  3.7393  2.311    4  0.000  0.531     0.00     0.00 -1    -1e-30      0.00 7.544e-01 2.454e-01 3.151e-05 8.855e-06 7.910e-05 -1.000 1.868e-04 0.002 0.653 0.739 0.178 -0.218 -0.602 -1.104 -1.511 -1.568
0.00018264 -1.93000 10.07918 0.8024669290 2.4195842743    0.742  1.944  3.7329  2.248    4  0.000  0.531     0.00     0.00 -1    -1e-30      0.00 7.544e-01 2.454e-01 3.151e-05 8.855e-06 7.910e-05 -1.000 1.868e-04 -0.090 0.616 0.685 0.100 -0.309 -0.704 -1.224 -1.645 -1.705
0.00018264 -1.93000 10.07918 0.8024692535 2.4195849895    0.742  1.980  3.7277  2.191    4  0.000  0.531     0.00     0.00 -1    -1e-30      0.00 7.544e-01 2.454e-01 3.151e-05 8.855e-06 7.910e-05 -1.000 1.868e-04 -0.181 0.572 0.626 0.020 -0.399 -0.804 -1.337 -1.770 -1.833
0.00018264 -1.93000 10.07918 0.8024702072 2.4195854664    0.742  2.005  3.7248  2.155    7  0.000  0.531     0.00     0.00 -1    -1e-30      0.00 7.544e-01 2.454e-01 3.151e-05 8.855e-06 7.910e-05 -1.000 1.868e-04 -0.242 0.539 0.583 -0.035 -0.460 -0.869 -1.411 -1.850 -1.915
0.00018264 -1.93000 10.07918 0.8024704456 2.4195854664    0.742  2.015  3.7238  2.141    7  0.000  0.531     0.00     0.00 -1    -1e-30      0.00 7.544e-01 2.454e-01 3.151e-05 8.855e-06 7.910e-05 -1.000 1.868e-04 -0.267 0.524 0.565 -0.057 -0.484 -0.896 -1.440 -1.881 -1.947
0.00018264 -1.93000 10.07918 0.8024714589 2.4195857048    0.742  2.055  3.7200  2.086    7  0.000  0.531     0.00     0.00 -1    -1e-30      0.00 7.544e-01 2.454e-01 3.151e-05 8.855e-06 7.910e-05 -1.000 1.868e-04 -0.367 0.459 0.488 -0.149 -0.584 -1.002 -1.556 -2.005 -2.073
0.00018264 -1.93000 10.07918 0.8024723530 2.4195861816    0.742  2.093  3.7169  2.035    7  0.000  0.531     0.00     0.00 -1    -1e-30      0.00 7.544e-01 2.454e-01 3.151e-05 8.855e-06 7.910e-05 -1.000 1.868e-04 -0.463 0.400 0.414 -0.236 -0.678 -1.101 -1.664 -2.121 -2.190
0.00018264 -1.93000 10.07918 0.8024732471 2.4195864201    0.742  2.123  3.7146  1.996    7  0.000  0.531     0.00     0.00 -1    -1e-30      0.00 7.544e-01 2.454e-01 3.151e-05 8.855e-06 7.910e-05 -1.000 1.868e-04 -0.538 0.351 0.355 -0.305 -0.752 -1.179 -1.749 -2.211 -2.281
0.00018264 -1.93000 10.07918 0.8024741411 2.4195866585    0.742  2.148  3.7129  1.965    7  0.000  0.531     0.00     0.00 -1    -1e-30      0.00 7.544e-01 2.454e-01 3.151e-05 8.855e-06 7.910e-05 -1.000 1.868e-04 -0.599 0.311 0.306 -0.362 -0.813 -1.243 -1.818 -2.284 -2.355
0.00018264 -1.93000 10.07918 0.8024756312 2.4195873737    0.742  2.164  3.7119  1.944    7  0.000  0.531     0.00     0.00 -1    -1e-30      0.00 7.544e-01 2.454e-01 3.151e-05 8.855e-06 7.910e-05 -1.000 1.868e-04 -0.639 0.284 0.274 -0.400 -0.853 -1.285 -1.863 -2.331 -2.403
0.00018264 -1.93000 10.07918 0.8024783731 2.4195883274    0.742  2.145  3.7133  1.969    7  0.000  0.531     0.00     0.00 -1    -1e-30      0.00 7.544e-01 2.454e-01 3.151e-05 8.855e-06 7.910e-05 -1.000 1.868e-04 -0.593 0.312 0.309 -0.357 -0.807 -1.237 -1.810 -2.275 -2.346
0.00018264 -1.93000 10.07918 0.8024957180 2.4195942879    0.742  2.136  3.7137  1.979    7  0.000  0.531     0.00     0.00 -1    -1e-30      0.00 7.544e-01 2.454e-01 3.151e-05 8.855e-06 7.910e-05 -1.000 1.868e-04 -0.570 0.330 0.330 -0.335 -0.784 -1.213 -1.786 -2.250 -2.321
0.00018264 -1.93000 10.07918 0.8025119901 2.4195997715    0.743  2.159  3.7117  1.948    7  0.000  0.531     0.00     0.00 -1    -1e-30      0.00 7.544e-01 2.454e-01 3.151e-05 8.855e-06 7.910e-05 -1.000 1.868e-04 -0.629 0.296 0.285 -0.389 -0.842 -1.275 -1.852 -2.321 -2.393
0.00018264 -1.93000 10.07918 0.8025317788 2.4196066856    0.743  2.205  3.7085  1.890    7  0.000  0.531     0.00     0.00 -1    -1e-30      0.00 7.544e-01 2.454e-01 3.151e-05 8.855e-06 7.910e-05 -1.000 1.868e-04 -0.741 0.226 0.197 -0.493 -0.953 -1.392 -1.979 -2.455 -2.529
0.00018264 -1.93000 10.07918 0.8025506735 2.4196133614    0.743  2.254  3.7051  1.827    7  0.000  0.531     0.00     0.00 -1    -1e-30      0.00 7.544e-01 2.454e-01 3.151e-05 8.855e-06 7.910e-05 -1.000 1.868e-04 -0.865 0.150 0.100 -0.606 -1.075 -1.520 -2.117 -2.601 -2.677
0.00018264 -1.93000 10.07918 0.8025681376 2.4196193218    0.743  2.303  3.7020  1.766    7  0.000  0.531     0.00     0.00 -1    -1e-30      0.00 7.544e-01 2.454e-01 3.151e-05 8.855e-06 7.910e-05 -1.000 1.868e-04 -0.986 0.074 0.004 -0.718 -1.194 -1.646 -2.252 -2.744 -2.821
0.00018264 -1.93000 10.07918 0.8025837541 2.4196248055    0.743  2.347  3.6993  1.711    7  0.000  0.531     0.00     0.00 -1    -1e-30      0.00 7.544e-01 2.454e-01 3.150e-05 8.855e-06 7.910e-05 -1.000 1.847e-04 -1.097 0.004 -0.083 -0.820 -1.302 -1.759 -2.374 -2.872 -2.951
0.00018264 -1.93000 10.07918 0.8025977015 2.4196295738    0.743  2.389  3.6967  1.658    7  0.000  0.531     0.00     0.00 -1    -1e-30      0.00 7.544e-01 2.454e-01 3.148e-05 8.857e-06 7.910e-05 -1.000 1.520e-04 -1.203 -0.061 -0.167 -0.918 -1.407 -1.868 -2.491 -2.996 -3.076
0.00018264 -1.93000 10.07918 0.8026098609 2.4196338654    0.743  2.431  3.6942  1.607    7  0.000  0.530     0.00     0.00 -1    -1e-30      0.00 7.545e-01 2.454e-01 3.142e-05 8.879e-06 7.910e-05 -1.000 1.727e-04 -1.307 -0.125 -0.248 -1.013 -1.508 -1.974 -2.605 -3.116 -3.198
0.00018264 -1.93000 10.07918 0.8026206493 2.4196376801    0.743  2.472  3.6918  1.556    7  0.000  0.526     0.00     0.00 -1    -1e-30      0.00 7.544e-01 2.454e-01 3.120e-05 9.016e-06 7.910e-05 -1.000 1.507e-04 -1.409 -0.188 -0.328 -1.107 -1.607 -2.079 -2.717 -3.234 -3.317
0.00018264 -1.93000 10.07918 0.8026304245 2.4196410179    0.743  2.512  3.6894  1.506    7  0.000  0.516     0.00     0.00 -1    -1e-30      0.00 7.544e-01 2.454e-01 3.067e-05 9.522e-06 7.911e-05 -1.000 1.800e-04 -1.511 -0.249 -0.408 -1.200 -1.706 -2.182 -2.828 -3.352 -3.436
0.00018264 -1.93000 10.07918 0.8026392460 2.4196441174    0.743  2.553  3.6870  1.456    7  0.000  0.503     0.00     0.00 -1    -1e-30      0.00 7.543e-01 2.455e-01 2.987e-05 1.044e-05 7.912e-05 -1.000 1.868e-04 -1.612 -0.306 -0.484 -1.291 -1.804 -2.285 -2.939 -3.469 -3.554
0.00018264 -1.93000 10.07918 0.8026474118 2.4196469784    0.743  2.593  3.6847  1.406    7  0.000  0.488     0.00     0.00 -1    -1e-30      0.00 7.542e-01 2.456e-01 2.902e-05 1.147e-05 7.913e-05 -1.000 1.869e-04 -1.713 -0.350 -0.557 -1.383 -1.903 -2.389 -3.051 -3.587 -3.673
0.00018264 -1.93000 10.07918 0.8026550412 2.4196496010    0.743  2.634  3.6822  1.356    7  0.000  0.475     0.00     0.00 -1    -1e-30      0.00 7.541e-01 2.458e-01 2.827e-05 1.240e-05 7.914e-05 -1.000 1.715e-04 -1.814 -0.375 -0.623 -1.474 -2.003 -2.495 -3.164 -3.707 -3.792
0.00018264 -1.93000 10.07918 0.8026621938 2.4196519852    0.743  2.674  3.6798  1.306    7  0.000  0.464     0.00     0.00 -1    -1e-30      0.00 7.539e-01 2.459e-01 2.762e-05 1.321e-05 7.914e-05 -1.000 1.628e-04 -1.915 -0.393 -0.685 -1.564 -2.103 -2.600 -3.276 -3.825 -3.910
0.00018264 -1.93000 10.07918 0.8026690483 2.4196543694    0.743  2.714  3.6774  1.257    7  0.000  0.455     0.00     0.00 -1    -1e-30      0.00 7.537e-01 2.461e-01 2.704e-05 1.391e-05 7.915e-05 -1.000 1.869e-04 -2.014 -0.403 -0.743 -1.652 -2.200 -2.703 -3.388 -3.943 -4.027
0.00018264 -1.93000 10.07918 0.8026756048 2.4196567535    0.743  2.753  3.6750  1.207    7  0.000  0.446     0.00     0.00 -1    -1e-30      0.00 7.535e-01 2.463e-01 2.655e-05 1.452e-05 7.915e-05 -1.000 1.869e-04 -2.114 -0.405 -0.797 -1.738 -2.297 -2.806 -3.499 -4.060 -4.144
0.00018264 -1.93000 10.07918 0.8026818037 2.4196588993    0.743  2.794  3.6725  1.157    7  0.000  0.439     0.00     0.00 -1    -1e-30      0.00 7.533e-01 2.465e-01 2.611e-05 1.506e-05 7.912e-05 -1.000 1.869e-04 -2.214 -0.401 -0.849 -1.825 -2.396 -2.911 -3.612 -4.179 -4.263
0.00018264 -1.93000 10.07918 0.8026872277 2.4196608067    0.743  2.834  3.6700  1.106    7  0.000  0.433     0.00     0.00 -1    -1e-30      0.00 7.532e-01 2.467e-01 2.574e-05 1.552e-05 7.909e-05 -1.000 1.869e-04 -2.316 -0.386 -0.896 -1.910 -2.495 -3.018 -3.727 -4.300 -4.383
0.00018264 -1.93000 10.07918 0.8026918173 2.4196622372    0.743  2.875  3.6674  1.055    7  0.000  0.428     0.00     0.00 -1    -1e-30      0.00 7.530e-01 2.469e-01 2.542e-05 1.592e-05 7.902e-05 -1.000 1.869e-04 -2.418 -0.361 -0.939 -1.994 -2.592 -3.123 -3.841 -4.421 -4.503
0.00018264 -1.93000 10.07918 0.8026956916 2.4196636677    0.743  2.916  3.6648  1.004    7  0.000  0.424     0.00     0.00 -1    -1e-30      0.00 7.527e-01 2.471e-01 2.514e-05 1.629e-05 7.891e-05 -1.000 1.766e-04 -2.520 -0.325 -0.976 -2.075 -2.689 -3.228 -3.956 -4.543 -4.625
0.00018264 -1.93000 10.07918 0.8026991487 2.4196648598    0.743  2.956  3.6621  0.953    7  0.000  0.421     0.00     0.00 -1    -1e-30      0.00 7.525e-01 2.473e-01 2.491e-05 1.664e-05 7.877e-05 -1.000 1.583e-04 -2.621 -0.271 -1.001 -2.152 -2.785 -3.333 -4.071 -4.664 -4.745
0.00018264 -1.93000 10.07918 0.8027027845 2.4196660519    0.743  2.999  3.6593  0.899    7  0.000  0.418     0.00     0.00 -1    -1e-30      0.00 7.523e-01 2.475e-01 2.471e-05 1.697e-05 7.860e-05 -1.000 1.868e-04 -2.728 -0.196 -1.020 -2.231 -2.885 -3.445 -4.194 -4.794 -4.875
0.00018264 -1.93000 10.07918 0.8027060628 2.4196672440    0.743  3.043  3.6564  0.844    7  0.000  0.417     0.00     0.00 -1    -1e-30      0.00 7.521e-01 2.477e-01 2.457e-05 1.726e-05 7.843e-05 -1.000 1.869e-04 -2.837 -0.150 -1.049 -2.309 -2.983 -3.554 -4.316 -4.924 -5.004
0.00018264 -1.93000 10.07918 0.8027076125 2.4196677208    0.743  3.066  3.6548  0.814    7  0.000  0.416     0.00     0.00 -1    -1e-30      0.00 7.520e-01 2.478e-01 2.448e-05 1.746e-05 7.830e-05 -1.000 1.869e-04 -2.895 -0.140 -1.070 -2.351 -3.034 -3.611 -4.380 -4.992 -5.073
0.00018264 -1.93000 10.07918 0.8027080297 2.4196679592    0.743  3.068  3.6547  0.812    7  0.000  0.416     0.00     0.00 -1    -1e-30      0.00 7.519e-01 2.479e-01 2.444e-05 1.755e-05 7.825e-05 -1.000 1.869e-04 -2.899 -0.138 -1.071 -2.354 -3.038 -3.616 -4.385 -4.998 -5.079
0.00018264 -1.93000 10.07918 0.8027080894 2.4196679592    0.743  3.068  3.6547  0.812    7  0.000  0.416     0.00     0.00 -1    -1e-30      0.00 7.519e-01 2.479e-01 2.444e-05 1.755e-05 7.824e-05 -1.000 1.869e-04 -2.899 -0.138 -1.071 -2.354 -3.038 -3.616 -4.385 -4.998 -5.079
0.00018264 -1.93000 10.07918 0.8027082086 2.4196679592    0.743  3.069  3.6546  0.810    7  0.000  0.416     0.00     0.00 -1    -1e-30      0.00 7.519e-01 2.479e-01 2.443e-05 1.757e-05 7.823e-05 -1.000 1.869e-04 -2.903 -0.137 -1.072 -2.357 -3.041 -3.619 -4.389 -5.002 -5.083
0.00018264 -1.93000 10.07918 0.8027083278 2.4196679592    0.743  3.072  3.6544  0.807    7  0.000  0.416     0.00     0.00 -1    -1e-30      0.00 7.519e-01 2.479e-01 2.443e-05 1.759e-05 7.822e-05 -1.000 1.869e-04 -2.909 -0.137 -1.075 -2.362 -3.047 -3.626 -4.396 -5.009 -5.091
0.00018264 -1.93000 10.07918 0.8027083874 2.4196679592    0.743  3.073  3.6543  0.805    7  0.000  0.416     0.00     0.00 -1    -1e-30      0.00 7.519e-01 2.479e-01 2.442e-05 1.760e-05 7.822e-05 -1.000 1.869e-04 -2.914 -0.136 -1.077 -2.365 -3.051 -3.630 -4.401 -5.014 -5.096
0.00018264 -1.93000 10.07918 0.8027085662 2.4196681976    0.743  3.079  3.6540  0.798    7  0.000  0.415     0.00     0.00 -1    -1e-30      0.00 7.519e-01 2.479e-01 2.441e-05 1.763e-05 7.820e-05 -1.000 1.869e-04 -2.927 -0.134 -1.082 -2.375 -3.063 -3.643 -4.416 -5.030 -5.112
0.00018264 -1.93000 10.07918 0.8027088046 2.4196681976    0.743  3.090  3.6532  0.783    7  0.000  0.415     0.00     0.00 -1    -1e-30      0.00 7.519e-01 2.479e-01 2.438e-05 1.771e-05 7.813e-05 -1.000 1.868e-04 -2.956 -0.129 -1.092 -2.396 -3.088 -3.672 -4.447 -5.064 -5.146
0.00018264 -1.93000 10.07918 0.8027091622 2.4196684361    0.743  3.138  3.6498  0.722    7  0.000  0.414     0.00     0.00 -1    -1e-30      0.00 7.516e-01 2.482e-01 2.421e-05 1.817e-05 7.781e-05 -1.000 1.869e-04 -3.076 -0.100 -1.131 -2.481 -3.194 -3.790 -4.581 -5.207 -5.291
0.00018264 -1.93000 10.07918 0.8027098179 2.4196686745    0.743  3.205  3.6449  0.635    7  0.549  0.413     0.00     0.00 -1    -1e-30      0.00 7.511e-01 2.487e-01 2.391e-05 1.914e-05 7.713e-05 -1.000 1.869e-04 -3.243 -0.052 -1.181 -2.595 -3.338 -3.952 -4.765 -5.407 -5.493
0.00018264 -1.93000 10.07918 0.8027101159 2.4196686745    0.743  3.414  3.6091  0.283    8  0.549  0.390    92.85    44.33  1  -1.3e-06      0.00 7.290e-01 2.706e-01 6.375e-05 5.931e-05 2.177e-04 -1.000 3.690e-04 -3.766 0.862 -0.833 -2.653 -3.619 -4.379 -5.379 -6.150 -6.261
0.00018264 -1.93000 10.07918 0.8027101755 2.4196686745    0.742  3.283  3.6171  0.446    8  0.549  0.390    65.27    32.68  1 -7.12e-07      0.00 7.290e-01 2.706e-01 6.375e-05 5.931e-05 2.177e-04 -1.000 3.690e-04 -3.437 0.765 -0.775 -2.471 -3.362 -4.076 -5.026 -5.770 -5.874
0.00018264 -1.93000 10.07918 0.8027102351 2.4196686745    0.742  3.138  3.6303  0.643    8  0.549  0.390    42.67    22.62  1 -3.61e-07      0.00 7.290e-01 2.706e-01 6.375e-05 5.931e-05 2.177e-04 -1.000 3.690e-04 -3.075 0.528 -0.769 -2.295 -3.095 -3.751 -4.630 -5.326 -5.421
0.00018264 -1.93000 10.07918 0.8027104139 2.4196686745    0.741  2.928  3.6494  0.930    8  0.549  0.390    23.01    13.25  1 -1.29e-07      0.00 7.290e-01 2.706e-01 6.375e-05 5.931e-05 2.177e-04 -1.000 3.690e-04 -2.549 0.247 -0.689 -1.980 -2.669 -3.253 -4.043 -4.676 -4.761
0.00018264 -1.93000 10.07918 0.8027105927 2.4196689129    0.740  2.933  3.6489  0.922    8  0.549  0.390    23.40    13.43  1 -1.33e-07      0.00 7.290e-01 2.706e-01 6.375e-05 5.931e-05 2.177e-04 -1.000 3.690e-04 -2.562 0.255 -0.691 -1.987 -2.679 -3.265 -4.057 -4.692 -4.777
0.00018264 -1.93000 10.07918 0.8027108908 2.4196689129    0.738  3.013  3.6416  0.811    8  0.550  0.390    29.73    16.50  1    -2e-07      0.00 7.290e-01 2.706e-01 6.375e-05 5.931e-05 2.177e-04 -1.000 3.690e-04 -2.763 0.354 -0.728 -2.113 -2.845 -3.458 -4.283 -4.941 -5.029
0.00018264 -1.93000 10.07918 0.8027111888 2.4196691513    0.736  3.167  3.6275  0.600    8  0.550  0.390    46.93    24.44  1 -4.25e-07      0.00 7.290e-01 2.706e-01 6.375e-05 5.931e-05 2.177e-04 -1.000 3.691e-04 -3.148 0.582 -0.768 -2.330 -3.149 -3.816 -4.710 -5.416 -5.513
0.00018264 -1.93000 10.07918 0.8027116060 2.4196691513    0.734  3.304  3.6150  0.412    8  0.550  0.390    70.47    34.66  1 -8.16e-07      0.00 7.290e-01 2.706e-01 6.375e-05 5.931e-05 2.177e-04 -1.000 3.690e-04 -3.490 0.815 -0.762 -2.488 -3.397 -4.122 -5.085 -5.836 -5.942
0.00018264 -1.93000 10.07918 0.8027120233 2.4196693897    0.731  3.395  3.6066  0.286    8  0.551  0.390    92.54    43.75  1 -1.25e-06      0.00 7.290e-01 2.706e-01 6.375e-05 5.931e-05 2.177e-04 -1.000 3.690e-04 -3.717 0.983 -0.737 -2.573 -3.551 -4.319 -5.333 -6.115 -6.229
0.00018264 -1.93000 10.07918 0.8027125597 2.4196696281    0.728  3.445  3.6020  0.215    8  0.551  0.390   107.82    49.80  1  -1.6e-06      0.00 7.290e-01 2.706e-01 6.375e-05 5.931e-05 2.177e-04 -1.000 3.690e-04 -3.843 1.083 -0.715 -2.613 -3.631 -4.426 -5.468 -6.268 -6.387
0.00018264 -1.93000 10.07918 0.8027130961 2.4196696281    0.725  3.471  3.5995  0.178    8  0.552  0.390   116.95    53.26  1 -1.82e-06      0.00 7.290e-01 2.706e-01 6.375e-05 5.931e-05 2.177e-04 -1.000 3.690e-04 -3.907 1.137 -0.701 -2.632 -3.671 -4.480 -5.538 -6.347 -6.468
0.00018264 -1.93000 10.07918 0.8027136922 2.4196698666    0.721  3.487  3.5984  0.154    8  0.552  0.390   123.06    55.46  0 -1.99e-06      0.00 7.290e-01 2.706e-01 6.375e-05 5.931e-05 2.177e-04 -1.000 3.690e-04 -3.948 1.159 -0.700 -2.649 -3.699 -4.516 -5.581 -6.395 -6.518
0.00018264 -1.93000 10.07918 0.8027159572 2.4196705818    0.554 -9.999  4.0000  1.705    9  0.554  0.000     0.00     0.00 -1    -1e-30      0.00 7.290e-01 2.706e-01 6.375e-05 5.931e-05 2.177e-04 -1.000 3.690e-04 29.767 29.802 30.049 30.099 30.092 30.083 30.126 30.122 30.137
#isochrone terminated
