# File generated by CMD 3.3 (http://stev.oapd.inaf.it/cmd) on Mon Apr  6 22:22:01 CEST 2020
# isochrones based on PARSEC release v1.2S +  COLIBRI S_35
# Basic references: Bressan et al. (2012), MNRAS, 427, 127 + Chen et al. (2014, 2015), MNRAS, 444, 2525 + MNRAS, 452, 1068 + Tang et al. (2014), MNRAS, 445, 4287 + Marigo et al. (2017), ApJ, 835, 77 + Pastorelli al. (2019), MNRAS in press
# Thermal pulse cycles included 
# On RGB, assumed Reimers mass loss with efficiency eta=0.2
# Photometric system: <i>UBVRIJHK</i> (cf. Maiz-Apellaniz 2006 + Bessell 1990)
# Using YBC version of bolometric corrections as in Chen et al. (2019)
# O-rich circumstellar dpmod60alox40 dust from Groenewegen (2006)
# C-rich circumstellar AMCSIC15 dust from Groenewegen (2006)
# IMF: Kroupa (2001, 2002) + Kroupa et al. (2013) canonical two-part-power law IMF corrected for unresolved binaries 
# Kind of output: isochrone tables
# Zini     MH   logAge Mini        int_IMF         Mass   logL    logTe  logg  label   McoreTP C_O  period0 period1 pmode  Mloss  tau1m   X   Y   Xc  Xn  Xo  Cexcess  Z 	 mbolmag  Umag    Bmag    Vmag    Rmag    Imag    Jmag    Hmag    Kmag
0.00024632 -1.80000 10.07918 0.0900000036 1.0816895962    0.090 -3.197  3.4849  5.480    1  0.000  0.545     0.00     0.00 -1 -4.85e-17      0.00 7.483e-01 2.514e-01 4.823e-05 1.301e-05 1.180e-04 -1.000 2.682e-04 12.762 19.826 17.100 15.097 13.497 12.007 10.792 10.560 10.491
0.00024632 -1.80000 10.07918 0.0963150710 1.1395661831    0.096 -2.964  3.5190  5.414    1  0.000  0.545     0.00     0.00 -1 -8.65e-17      0.00 7.467e-01 2.530e-01 4.823e-05 1.301e-05 1.180e-04 -1.000 2.682e-04 12.180 17.754 15.751 13.893 12.615 11.447 10.326 9.942 9.833
0.00024632 -1.80000 10.07918 0.1000000015 1.1711064577    0.100 -2.835  3.5378  5.377    1  0.000  0.545     0.00     0.00 -1 -1.19e-16      0.00 7.458e-01 2.540e-01 4.823e-05 1.301e-05 1.180e-04 -1.000 2.681e-04 11.858 16.736 15.042 13.320 12.152 11.133 10.069 9.626 9.499
0.00024632 -1.80000 10.07918 0.1199999973 1.3193154335    0.120 -2.543  3.5687  5.286    1  0.000  0.545     0.00     0.00 -1 -2.37e-16      0.00 7.427e-01 2.571e-01 4.823e-05 1.301e-05 1.180e-04 -1.000 2.683e-04 11.126 15.001 13.728 12.251 11.230 10.410 9.442 8.930 8.777
0.00024632 -1.80000 10.07918 0.1400000006 1.4384527206    0.140 -2.359  3.5835  5.229    1  0.000  0.545     0.00     0.00 -1 -3.57e-16      0.00 7.405e-01 2.592e-01 4.823e-05 1.301e-05 1.180e-04 -1.000 2.682e-04 10.667 14.128 13.023 11.658 10.706 9.952 9.031 8.498 8.332
0.00024632 -1.80000 10.07918 0.1599999964 1.5372931957    0.160 -2.215  3.5932  5.182    1  0.000  0.545     0.00     0.00 -1 -4.91e-16      0.00 7.391e-01 2.606e-01 4.823e-05 1.301e-05 1.180e-04 -1.000 2.682e-04 10.307 13.514 12.512 11.216 10.312 9.592 8.701 8.160 7.986
0.00024632 -1.80000 10.07918 0.2000000179 1.6938792467    0.200 -1.994  3.6056  5.107    1  0.000  0.545     0.00     0.00 -1 -7.96e-16      0.00 7.382e-01 2.615e-01 4.823e-05 1.301e-05 1.180e-04 -1.000 2.682e-04 9.755 12.667 11.783 10.568 9.721 9.039 8.186 7.638 7.461
0.00024632 -1.80000 10.07918 0.2500000298 1.8403259516    0.250 -1.792  3.6166  5.047    1  0.000  0.545     0.00     0.00 -1 -9.84e-16      0.00 7.384e-01 2.613e-01 4.822e-05 1.301e-05 1.180e-04 -1.000 2.682e-04 9.251 11.922 11.133 9.982 9.184 8.533 7.713 7.164 6.989
0.00024632 -1.80000 10.07918 0.3000000417 1.9529141188    0.300 -1.638  3.6256  5.007    1  0.000  0.545     0.00     0.00 -1 -1.66e-15      0.00 7.385e-01 2.612e-01 4.821e-05 1.301e-05 1.180e-04 -1.000 2.682e-04 8.864 11.350 10.634 9.533 8.773 8.145 7.351 6.805 6.636
0.00024632 -1.80000 10.07918 0.3500000238 2.0434176922    0.350 -1.511  3.6337  4.980    1  0.000  0.544     0.00     0.00 -1 -2.12e-15      0.00 7.383e-01 2.614e-01 4.819e-05 1.301e-05 1.180e-04 -1.000 2.681e-04 8.548 10.876 10.222 9.162 8.435 7.828 7.057 6.515 6.353
0.00024632 -1.80000 10.07918 0.4000000358 2.1185026169    0.400 -1.380  3.6434  4.946    1  0.000  0.545     0.00     0.00 -1 -2.79e-15      0.00 7.503e-01 2.494e-01 4.823e-05 1.301e-05 1.180e-04 -1.000 2.682e-04 8.220 10.367 9.787 8.773 8.083 7.501 6.757 6.222 6.070
0.00024632 -1.80000 10.07918 0.4500000477 2.1822810173    0.450 -1.219  3.6597  4.901    1  0.000  0.545     0.00     0.00 -1 -4.01e-15      0.00 7.506e-01 2.491e-01 4.823e-05 1.301e-05 1.180e-04 -1.000 2.682e-04 7.818 9.669 9.217 8.277 7.644 7.099 6.401 5.885 5.749
0.00024632 -1.80000 10.07918 0.5000000000 2.2374541759    0.500 -1.039  3.6799  4.848    1  0.000  0.545     0.00     0.00 -1 -6.12e-15      0.00 7.506e-01 2.491e-01 4.823e-05 1.301e-05 1.180e-04 -1.000 2.682e-04 7.367 8.860 8.578 7.723 7.157 6.657 6.017 5.533 5.416
0.00024632 -1.80000 10.07918 0.5500000715 2.2836585045    0.550 -0.831  3.7016  4.767    1  0.000  0.544     0.00     0.00 -1 -1.03e-14      0.00 7.848e-01 2.151e-01 4.204e-05 1.135e-05 1.030e-04 -1.000 1.689e-04 6.847 7.995 7.886 7.117 6.612 6.152 5.574 5.132 5.032
0.00024632 -1.80000 10.07918 0.6000000238 2.3211214542    0.600 -0.621  3.7277  4.700    1  0.000  0.544     0.00     0.00 -1 -1.73e-14      0.00 7.968e-01 2.030e-01 3.998e-05 1.080e-05 9.805e-05 -1.000 2.031e-04 6.322 7.130 7.190 6.522 6.077 5.663 5.155 4.761 4.679
0.00024632 -1.80000 10.07918 0.6089506149 2.3270854950    0.609 -0.582  3.7331  4.688    1  0.000  0.543     0.00     0.00 -1 -1.91e-14      0.00 7.994e-01 2.004e-01 3.954e-05 1.068e-05 9.700e-05 -1.000 2.179e-04 6.224 6.972 7.061 6.412 5.979 5.574 5.079 4.694 4.616
0.00024632 -1.80000 10.07918 0.6199615002 2.3341512680    0.620 -0.533  3.7397  4.673    1  0.000  0.543     0.00     0.00 -1 -2.15e-14      0.00 8.028e-01 1.970e-01 3.898e-05 1.053e-05 9.565e-05 -1.000 2.314e-04 6.102 6.780 6.902 6.278 5.858 5.464 4.986 4.611 4.537
0.00024632 -1.80000 10.07918 0.6306082010 2.3407144547    0.630 -0.485  3.7460  4.659    1  0.000  0.543     0.00     0.00 -1 -2.42e-14      0.00 8.062e-01 1.936e-01 3.841e-05 1.038e-05 9.429e-05 -1.000 2.400e-04 5.983 6.603 6.751 6.150 5.743 5.359 4.895 4.528 4.460
0.00024632 -1.80000 10.07918 0.6404981613 2.3465867043    0.640 -0.440  3.7517  4.644    1  0.000  0.543     0.00     0.00 -1 -1.31e-16      0.00 8.095e-01 1.902e-01 3.786e-05 1.023e-05 9.296e-05 -1.000 2.311e-04 5.871 6.440 6.611 6.030 5.635 5.261 4.810 4.451 4.388
0.00024632 -1.80000 10.07918 0.6496865749 2.3518586159    0.649 -0.399  3.7570  4.629    1  0.000  0.543     0.00     0.00 -1  -2.4e-14      0.00 8.128e-01 1.870e-01 3.732e-05 1.009e-05 9.170e-05 -1.000 2.029e-04 5.766 6.289 6.481 5.920 5.535 5.170 4.731 4.379 4.320
0.00024632 -1.80000 10.07918 0.6499999762 2.3520355225    0.650 -0.397  3.7572  4.628    1  0.000  0.543     0.00     0.00 -1 -3.02e-14      0.00 8.129e-01 1.869e-01 3.731e-05 1.009e-05 9.165e-05 -1.000 2.301e-04 5.762 6.283 6.476 5.915 5.532 5.167 4.728 4.376 4.318
0.00024632 -1.80000 10.07918 0.6562289596 2.3555090427    0.656 -0.368  3.7606  4.617    1  0.000  0.543     0.00     0.00 -1 -3.25e-14      0.00 8.156e-01 1.841e-01 3.685e-05 9.967e-06 9.057e-05 -1.000 2.455e-04 5.691 6.183 6.388 5.840 5.463 5.104 4.672 4.325 4.270
0.00024632 -1.80000 10.07918 0.6682724953 2.3620145321    0.668 -0.312  3.7670  4.595    1  0.000  0.542     0.00     0.00 -1 -3.77e-14      0.00 8.213e-01 1.785e-01 3.593e-05 9.720e-06 8.836e-05 -1.000 2.367e-04 5.550 5.996 6.219 5.694 5.330 4.981 4.563 4.223 4.173
0.00024632 -1.80000 10.07918 0.6793373227 2.3677580357    0.679 -0.259  3.7728  4.572    1  0.000  0.542     0.00     0.00 -1 -3.35e-14      0.00 8.268e-01 1.730e-01 3.502e-05 9.478e-06 8.618e-05 -1.000 2.106e-04 5.417 5.825 6.062 5.557 5.204 4.865 4.458 4.126 4.081
0.00024632 -1.80000 10.07918 0.6898880601 2.3730380535    0.690 -0.206  3.7782  4.548    1  0.000  0.541     0.00     0.00 -1 -1.31e-14      0.00 8.325e-01 1.673e-01 3.409e-05 9.231e-06 8.397e-05 -1.000 1.623e-04 5.286 5.661 5.910 5.424 5.081 4.751 4.354 4.029 3.989
0.00024632 -1.80000 10.07918 0.6997186542 2.3777930737    0.699 -0.156  3.7832  4.523    1  0.000  0.541     0.00     0.00 -1 -4.69e-14      0.00 8.381e-01 1.617e-01 3.317e-05 8.987e-06 8.178e-05 -1.000 2.166e-04 5.160 5.508 5.764 5.295 4.962 4.639 4.253 3.935 3.898
0.00024632 -1.80000 10.07918 0.6999999881 2.3779268265    0.700 -0.154  3.7833  4.522    1  0.000  0.541     0.00     0.00 -1 -5.75e-14      0.00 8.382e-01 1.616e-01 3.315e-05 8.979e-06 8.171e-05 -1.000 2.189e-04 5.156 5.504 5.760 5.291 4.958 4.636 4.250 3.932 3.896
0.00024632 -1.80000 10.07918 0.7005032897 2.3781659603    0.700 -0.152  3.7835  4.521    1  0.000  0.541     0.00     0.00 -1 -5.79e-14      0.00 8.385e-01 1.613e-01 3.309e-05 8.966e-06 8.160e-05 -1.000 2.220e-04 5.150 5.496 5.752 5.284 4.952 4.630 4.245 3.927 3.891
0.00024632 -1.80000 10.07918 0.7101447582 2.3826711178    0.710 -0.100  3.7881  4.493    1  0.000  0.538     0.00     0.00 -1 -6.69e-14      0.00 8.441e-01 1.557e-01 3.210e-05 8.724e-06 7.946e-05 -1.000 2.066e-04 5.019 5.344 5.604 5.151 4.828 4.514 4.138 3.827 3.794
0.00024632 -1.80000 10.07918 0.7186080813 2.3865113258    0.718 -0.051  3.7921  4.466    1  0.000  0.537     0.00     0.00 -1 -7.67e-14      0.00 8.488e-01 1.510e-01 3.129e-05 8.528e-06 7.771e-05 -1.000 1.933e-04 4.898 5.206 5.468 5.028 4.712 4.405 4.038 3.733 3.703
0.00024632 -1.80000 10.07918 0.7269652486 2.3902025223    0.727 -0.001  3.7959  4.436    1  0.000  0.535     0.00     0.00 -1 -8.86e-14      0.00 8.531e-01 1.467e-01 3.056e-05 8.351e-06 7.617e-05 -1.000 1.544e-04 4.773 5.067 5.327 4.900 4.592 4.291 3.932 3.633 3.606
0.00024632 -1.80000 10.07918 0.7341433167 2.3932960033    0.734  0.045  3.7991  4.407    1  0.000  0.533     0.00     0.00 -1 -1.01e-13      0.00 8.564e-01 1.434e-01 3.001e-05 8.220e-06 7.502e-05 -1.000 1.525e-04 4.659 4.942 5.200 4.784 4.482 4.187 3.834 3.541 3.516
0.00024632 -1.80000 10.07918 0.7410976291 2.3962275982    0.741  0.091  3.8020  4.376    1  0.000  0.532     0.00     0.00 -1 -4.79e-14      0.00 8.593e-01 1.405e-01 2.953e-05 8.107e-06 7.404e-05 -1.000 1.851e-04 4.542 4.817 5.071 4.664 4.368 4.078 3.732 3.444 3.421
0.00024632 -1.80000 10.07918 0.7480527759 2.3990967274    0.747  0.141  3.8049  4.342    1  0.000  0.530     0.00     0.00 -1 -3.08e-14      0.00 8.619e-01 1.378e-01 2.911e-05 8.007e-06 7.317e-05 -1.000 2.202e-04 4.417 4.685 4.935 4.536 4.246 3.961 3.622 3.339 3.318
0.00024632 -1.80000 10.07918 0.7500000000 2.3998889923    0.749  0.156  3.8056  4.331    1  0.000  0.530     0.00     0.00 -1 -1.41e-13      0.00 8.626e-01 1.371e-01 2.900e-05 7.982e-06 7.295e-05 -1.000 2.227e-04 4.380 4.647 4.895 4.499 4.210 3.926 3.589 3.308 3.286
0.00024632 -1.80000 10.07918 0.7528932691 2.4010574818    0.752  0.178  3.8069  4.316    1  0.000  0.530     0.00     0.00 -1 -1.51e-13      0.00 8.630e-01 1.368e-01 2.898e-05 7.979e-06 7.294e-05 -1.000 2.181e-04 4.326 4.590 4.835 4.443 4.157 3.875 3.540 3.262 3.241
0.00024632 -1.80000 10.07918 0.7594544888 2.4036698341    0.759  0.231  3.8095  4.277    1  0.000  0.529     0.00     0.00 -1 -1.77e-13      0.00 8.638e-01 1.361e-01 2.896e-05 7.975e-06 7.294e-05 -1.000 1.454e-04 4.192 4.451 4.690 4.306 4.025 3.749 3.420 3.146 3.127
0.00024632 -1.80000 10.07918 0.7654583454 2.4060149193    0.765  0.284  3.8115  4.235    1  0.000  0.529     0.00     0.00 -1 -2.09e-13      0.00 8.644e-01 1.354e-01 2.895e-05 7.975e-06 7.297e-05 -1.000 1.493e-04 4.060 4.316 4.548 4.171 3.894 3.621 3.297 3.028 3.010
0.00024632 -1.80000 10.07918 0.7710510492 2.4081616402    0.770  0.337  3.8130  4.192    1  0.000  0.529     0.00     0.00 -1 -2.47e-13      0.00 8.637e-01 1.362e-01 2.914e-05 8.031e-06 7.348e-05 -1.000 1.539e-04 3.928 4.184 4.409 4.037 3.764 3.494 3.173 2.908 2.890
0.00024632 -1.80000 10.07918 0.7748826742 2.4096119404    0.774  0.375  3.8135  4.158    1  0.000  0.529     0.00     0.00 -1 -2.81e-13      0.00 8.629e-01 1.370e-01 2.933e-05 8.082e-06 7.395e-05 -1.000 1.570e-04 3.832 4.089 4.309 3.939 3.667 3.399 3.079 2.815 2.798
0.00024632 -1.80000 10.07918 0.7761428952 2.4100854397    0.775  0.389  3.8134  4.144    1  0.000  0.529     0.00     0.00 -1 -2.95e-13      0.00 8.626e-01 1.373e-01 2.939e-05 8.099e-06 7.411e-05 -1.000 1.575e-04 3.797 4.055 4.273 3.904 3.632 3.363 3.043 2.780 2.762
0.00024632 -1.80000 10.07918 0.7810258865 2.4119031429    0.780  0.447  3.8119  4.083    1  0.000  0.529     0.00     0.00 -1 -3.58e-13      0.00 8.615e-01 1.383e-01 2.963e-05 8.166e-06 7.472e-05 -1.000 1.597e-04 3.653 3.917 4.130 3.759 3.485 3.215 2.892 2.626 2.607
0.00024632 -1.80000 10.07918 0.7847223878 2.4132618904    0.783  0.497  3.8089  4.023    1  0.000  0.529     0.00     0.00 -1 -4.31e-13      0.00 8.607e-01 1.392e-01 2.981e-05 8.216e-06 7.518e-05 -1.000 1.614e-04 3.528 3.802 4.013 3.634 3.356 3.081 2.751 2.479 2.459
0.00024632 -1.80000 10.07918 0.7853511572 2.4134914875    0.784  0.506  3.8082  4.011    1  0.000  0.529     0.00     0.00 -1 -4.47e-13      0.00 8.605e-01 1.393e-01 2.985e-05 8.225e-06 7.526e-05 -1.000 1.617e-04 3.505 3.781 3.992 3.611 3.332 3.055 2.724 2.451 2.431
0.00024632 -1.80000 10.07918 0.7859976888 2.4137270451    0.785  0.517  3.8071  3.996    2  0.000  0.529     0.00     0.00 -1 -4.67e-13      0.00 8.604e-01 1.394e-01 2.988e-05 8.234e-06 7.534e-05 -1.000 1.619e-04 3.478 3.758 3.969 3.586 3.304 3.026 2.692 2.417 2.396
0.00024632 -1.80000 10.07918 0.7881716490 2.4145164490    0.787  0.555  3.8021  3.939    2  0.000  0.529     0.00     0.00 -1 -5.41e-13      0.00 8.599e-01 1.399e-01 2.998e-05 8.263e-06 7.561e-05 -1.000 1.630e-04 3.383 3.678 3.888 3.493 3.203 2.917 2.571 2.287 2.264
0.00024632 -1.80000 10.07918 0.7898350954 2.4151170254    0.788  0.589  3.7959  3.881    2  0.000  0.529     0.00     0.00 -1 -6.25e-13      0.00 8.594e-01 1.404e-01 3.011e-05 8.298e-06 7.594e-05 -1.000 1.637e-04 3.297 3.614 3.824 3.412 3.110 2.815 2.455 2.159 2.133
0.00024632 -1.80000 10.07918 0.7911378741 2.4155852795    0.790  0.620  3.7885  3.821    2  0.000  0.529     0.00     0.00 -1 -7.19e-13      0.00 8.584e-01 1.414e-01 3.039e-05 8.373e-06 7.662e-05 -1.000 1.715e-04 3.219 3.564 3.773 3.340 3.026 2.718 2.341 2.032 2.001
0.00024632 -1.80000 10.07918 0.7921881676 2.4159615040    0.791  0.648  3.7804  3.762    2  0.000  0.529     0.00     0.00 -1  -8.2e-13      0.00 8.519e-01 1.479e-01 3.196e-05 8.803e-06 8.050e-05 -1.000 1.766e-04 3.150 3.529 3.734 3.279 2.949 2.628 2.233 1.908 1.873
0.00024632 -1.80000 10.07918 0.7930693030 2.4162764549    0.791  0.674  3.7723  3.704    2  0.000  0.531     0.00     0.00 -1 -9.29e-13      0.00 8.345e-01 1.653e-01 3.500e-05 9.624e-06 8.788e-05 -1.000 1.847e-04 3.086 3.506 3.704 3.223 2.878 2.544 2.130 1.791 1.751
0.00024632 -1.80000 10.07918 0.7938466072 2.4165534973    0.792  0.699  3.7647  3.648    2  0.000  0.533     0.00     0.00 -1 -5.24e-13      0.00 8.081e-01 1.916e-01 3.881e-05 1.064e-05 9.700e-05 -1.000 2.159e-04 3.022 3.483 3.672 3.167 2.809 2.462 2.030 1.678 1.633
0.00024632 -1.80000 10.07918 0.7945361733 2.4167985916    0.793  0.728  3.7578  3.592    2  0.000  0.535     0.00     0.00 -1 -4.42e-13      0.00 7.906e-01 2.092e-01 4.136e-05 1.133e-05 1.031e-04 -1.000 1.992e-04 2.951 3.454 3.632 3.104 2.733 2.376 1.927 1.563 1.513
0.00024632 -1.80000 10.07918 0.7952190042 2.4170410633    0.793  0.765  3.7514  3.530    2  0.000  0.536     0.00     0.00 -1 -5.82e-13      0.00 7.800e-01 2.198e-01 4.294e-05 1.175e-05 1.069e-04 -1.000 2.443e-04 2.858 3.404 3.570 3.021 2.638 2.270 1.806 1.431 1.376
0.00024632 -1.80000 10.07918 0.7957579494 2.4172317982    0.794  0.802  3.7472  3.477    2  0.000  0.536     0.00     0.00 -1 -7.43e-13      0.00 7.747e-01 2.251e-01 4.373e-05 1.196e-05 1.087e-04 -1.000 2.554e-04 2.765 3.342 3.498 2.935 2.544 2.168 1.695 1.313 1.254
0.00024632 -1.80000 10.07918 0.7961263657 2.4173622131    0.794  0.831  3.7446  3.438    2  0.000  0.536     0.00     0.00 -1 -8.88e-13      0.00 7.719e-01 2.279e-01 4.414e-05 1.207e-05 1.097e-04 -1.000 2.455e-04 2.694 3.290 3.439 2.867 2.471 2.092 1.612 1.225 1.165
0.00024632 -1.80000 10.07918 0.7962946892 2.4174218178    0.794  0.845  3.7436  3.419    3  0.000  0.536     0.00     0.00 -1  -9.7e-13      0.00 7.709e-01 2.289e-01 4.428e-05 1.211e-05 1.101e-04 -1.000 1.814e-04 2.657 3.260 3.407 2.832 2.434 2.053 1.571 1.182 1.121
0.00024632 -1.80000 10.07918 0.7967463732 2.4175813198    0.795  0.887  3.7413  3.368    3  0.000  0.537     0.00     0.00 -1 -1.22e-12      0.00 7.684e-01 2.313e-01 4.462e-05 1.220e-05 1.109e-04 -1.000 2.662e-04 2.552 3.173 3.313 2.731 2.329 1.944 1.456 1.063 1.000
0.00024632 -1.80000 10.07918 0.7972405553 2.4177556038    0.795  0.937  3.7390  3.310    3  0.000  0.537     0.00     0.00 -1  -1.6e-12      0.00 7.661e-01 2.337e-01 4.491e-05 1.227e-05 1.116e-04 -1.000 2.567e-04 2.428 3.068 3.201 2.611 2.205 1.816 1.321 0.924 0.860
0.00024632 -1.80000 10.07918 0.7976602316 2.4179034233    0.796  0.982  3.7373  3.258    3  0.000  0.537     0.00     0.00 -1 -2.03e-12      0.00 7.642e-01 2.355e-01 4.510e-05 1.233e-05 1.120e-04 -1.000 2.563e-04 2.315 2.970 3.097 2.502 2.092 1.700 1.201 0.799 0.734
0.00024632 -1.80000 10.07918 0.7980613708 2.4180445671    0.796  1.028  3.7356  3.205    3  0.000  0.537     0.00     0.00 -1 -2.58e-12      0.00 7.627e-01 2.371e-01 4.527e-05 1.237e-05 1.124e-04 -1.000 2.681e-04 2.200 2.870 2.990 2.390 1.978 1.583 1.079 0.673 0.607
0.00024632 -1.80000 10.07918 0.7984689474 2.4181878567    0.796  1.078  3.7340  3.149    3  0.000  0.537     0.00     0.00 -1 -3.34e-12      0.00 7.609e-01 2.388e-01 4.541e-05 1.242e-05 1.128e-04 -1.000 2.681e-04 2.074 2.759 2.873 2.268 1.853 1.456 0.946 0.536 0.470
0.00024632 -1.80000 10.07918 0.7988436222 2.4183194637    0.797  1.128  3.7325  3.093    3  0.000  0.537     0.00     0.00 -1 -4.28e-12      0.00 7.594e-01 2.403e-01 4.551e-05 1.245e-05 1.131e-04 -1.000 2.664e-04 1.950 2.647 2.756 2.146 1.728 1.329 0.815 0.401 0.334
0.00024632 -1.80000 10.07918 0.7991800308 2.4184374809    0.797  1.177  3.7310  3.038    3  0.000  0.536     0.00     0.00 -1 -5.42e-12      0.00 7.581e-01 2.417e-01 4.557e-05 1.248e-05 1.133e-04 -1.000 2.587e-04 1.828 2.538 2.642 2.027 1.608 1.206 0.687 0.269 0.201
0.00024632 -1.80000 10.07918 0.7994741797 2.4185404778    0.797  1.223  3.7295  2.987    3  0.000  0.536     0.00     0.00 -1 -6.76e-12      0.00 7.569e-01 2.428e-01 4.559e-05 1.251e-05 1.135e-04 -1.000 2.539e-04 1.713 2.436 2.535 1.915 1.493 1.089 0.566 0.144 0.076
0.00024632 -1.80000 10.07918 0.7997608781 2.4186408520    0.797  1.272  3.7280  2.932    3  0.000  0.535     0.00     0.00 -1 -8.51e-12      0.00 7.557e-01 2.440e-01 4.557e-05 1.255e-05 1.136e-04 -1.000 2.676e-04 1.591 2.329 2.420 1.796 1.371 0.965 0.437 0.012 -0.057
0.00024632 -1.80000 10.07918 0.8000000119 2.4187245369    0.797  1.316  3.7267  2.882    3  0.000  0.534     0.00     0.00 -1 -1.04e-11      0.00 7.549e-01 2.448e-01 4.552e-05 1.260e-05 1.137e-04 -1.000 2.606e-04 1.479 2.230 2.316 1.687 1.260 0.852 0.320 -0.109 -0.178
0.00024632 -1.80000 10.07918 0.8000360131 2.4187371731    0.797  1.323  3.7265  2.875    3  0.000  0.534     0.00     0.00 -1 -1.07e-11      0.00 7.548e-01 2.449e-01 4.551e-05 1.261e-05 1.138e-04 -1.000 2.595e-04 1.462 2.215 2.300 1.671 1.243 0.835 0.302 -0.127 -0.196
0.00024632 -1.80000 10.07918 0.8002675176 2.4188179970    0.797  1.370  3.7250  2.822    3  0.000  0.533     0.00     0.00 -1 -1.27e-11      0.00 7.540e-01 2.458e-01 4.543e-05 1.268e-05 1.138e-04 -1.000 2.524e-04 1.345 2.113 2.191 1.557 1.127 0.715 0.179 -0.254 -0.324
0.00024632 -1.80000 10.07918 0.8004786372 2.4188919067    0.797  1.417  3.7235  2.769    3  0.000  0.531     0.00     0.00 -1  -1.5e-11      0.00 7.533e-01 2.464e-01 4.534e-05 1.275e-05 1.139e-04 -1.000 2.682e-04 1.229 2.011 2.083 1.444 1.011 0.597 0.056 -0.381 -0.451
0.00024632 -1.80000 10.07918 0.8006771803 2.4189610481    0.797  1.465  3.7220  2.715    3  0.000  0.530     0.00     0.00 -1 -1.78e-11      0.00 7.528e-01 2.469e-01 4.524e-05 1.284e-05 1.140e-04 -1.000 2.681e-04 1.109 1.905 1.971 1.327 0.892 0.475 -0.070 -0.511 -0.582
0.00024632 -1.80000 10.07918 0.8008527160 2.4190223217    0.797  1.511  3.7203  2.662    3  0.000  0.529     0.00     0.00 -1 -2.11e-11      0.00 7.524e-01 2.473e-01 4.516e-05 1.292e-05 1.140e-04 -1.000 2.680e-04 0.993 1.804 1.864 1.215 0.776 0.357 -0.193 -0.637 -0.709
0.00024632 -1.80000 10.07918 0.8010196090 2.4190804958    0.797  1.559  3.7187  2.607    3  0.000  0.528     0.00     0.00 -1 -2.51e-11      0.00 7.521e-01 2.476e-01 4.509e-05 1.298e-05 1.140e-04 -1.000 2.681e-04 0.872 1.700 1.753 1.098 0.657 0.235 -0.321 -0.769 -0.842
0.00024632 -1.80000 10.07918 0.8011667132 2.4191319942    0.797  1.606  3.7171  2.554    3  0.000  0.528     0.00     0.00 -1 -2.97e-11      0.00 7.520e-01 2.478e-01 4.506e-05 1.302e-05 1.141e-04 -1.000 2.682e-04 0.755 1.600 1.646 0.985 0.541 0.117 -0.444 -0.897 -0.969
0.00024632 -1.80000 10.07918 0.8012976646 2.4191775322    0.797  1.651  3.7154  2.502    3  0.000  0.527     0.00     0.00 -1  -3.5e-11      0.00 7.519e-01 2.479e-01 4.503e-05 1.304e-05 1.141e-04 -1.000 2.681e-04 0.642 1.504 1.543 0.876 0.430 0.002 -0.563 -1.020 -1.094
0.00024632 -1.80000 10.07918 0.8014224172 2.4192209244    0.797  1.698  3.7137  2.448    3  0.000  0.527     0.00     0.00 -1 -4.15e-11      0.00 7.519e-01 2.479e-01 4.502e-05 1.306e-05 1.141e-04 -1.000 2.682e-04 0.525 1.408 1.437 0.763 0.313 -0.117 -0.688 -1.149 -1.223
0.00024632 -1.80000 10.07918 0.8015353084 2.4192602634    0.797  1.744  3.7120  2.395    3  0.000  0.527     0.00     0.00 -1 -4.91e-11      0.00 7.518e-01 2.479e-01 4.502e-05 1.306e-05 1.141e-04 -1.000 2.682e-04 0.409 1.313 1.332 0.651 0.197 -0.236 -0.811 -1.276 -1.351
0.00024632 -1.80000 10.07918 0.8016347289 2.4192948341    0.797  1.789  3.7103  2.344    3  0.000  0.527     0.00     0.00 -1 -5.77e-11      0.00 7.518e-01 2.479e-01 4.502e-05 1.306e-05 1.141e-04 -1.000 2.682e-04 0.298 1.223 1.232 0.543 0.086 -0.350 -0.929 -1.398 -1.474
0.00024632 -1.80000 10.07918 0.8017261028 2.4193267822    0.797  1.833  3.7086  2.292    3  0.000  0.527     0.00     0.00 -1 -6.78e-11      0.00 7.518e-01 2.479e-01 4.501e-05 1.307e-05 1.141e-04 -1.000 2.682e-04 0.187 1.136 1.133 0.437 -0.024 -0.463 -1.047 -1.520 -1.597
0.00024632 -1.80000 10.07918 0.8018144369 2.4193575382    0.796  1.880  3.7068  2.239    3  0.000  0.527     0.00     0.00 -1 -8.02e-11      0.00 7.518e-01 2.479e-01 4.501e-05 1.307e-05 1.141e-04 -1.000 2.681e-04 0.071 1.044 1.030 0.326 -0.139 -0.580 -1.171 -1.648 -1.725
0.00024632 -1.80000 10.07918 0.8018918037 2.4193844795    0.796  1.924  3.7050  2.187    3  0.000  0.527     0.00     0.00 -1 -9.43e-11      0.00 7.518e-01 2.479e-01 4.501e-05 1.307e-05 1.141e-04 -1.000 2.681e-04 -0.039 0.958 0.933 0.221 -0.248 -0.693 -1.288 -1.770 -1.848
0.00024632 -1.80000 10.07918 0.8019629717 2.4194090366    0.796  1.967  3.7032  2.136    3  0.000  0.527     0.00     0.00 -1 -1.11e-10      0.00 7.518e-01 2.479e-01 4.501e-05 1.307e-05 1.141e-04 -1.000 2.682e-04 -0.149 0.873 0.837 0.117 -0.356 -0.804 -1.405 -1.892 -1.971
0.00024632 -1.80000 10.07918 0.8020303249 2.4194326401    0.795  2.012  3.7014  2.084    3  0.000  0.527     0.00     0.00 -1  -1.3e-10      0.00 7.518e-01 2.479e-01 4.501e-05 1.308e-05 1.141e-04 -1.000 2.682e-04 -0.261 0.785 0.738 0.010 -0.467 -0.919 -1.525 -2.016 -2.095
0.00024632 -1.80000 10.07918 0.8020896316 2.4194531441    0.795  2.054  3.6996  2.035    3  0.000  0.527     0.00     0.00 -1 -1.52e-10      0.00 7.518e-01 2.479e-01 4.501e-05 1.308e-05 1.141e-04 -1.000 2.681e-04 -0.365 0.707 0.649 -0.089 -0.570 -1.025 -1.637 -2.132 -2.213
0.00024632 -1.80000 10.07918 0.8021467328 2.4194729328    0.795  2.096  3.6978  1.985    3  0.000  0.527     0.00     0.00 -1 -1.77e-10      0.00 7.518e-01 2.479e-01 4.500e-05 1.308e-05 1.141e-04 -1.000 2.682e-04 -0.470 0.629 0.559 -0.188 -0.673 -1.131 -1.749 -2.249 -2.331
0.00024632 -1.80000 10.07918 0.8022059798 2.4194936752    0.794  2.138  3.6960  1.936    3  0.000  0.527     0.00     0.00 -1 -2.07e-10      0.00 7.518e-01 2.479e-01 4.500e-05 1.308e-05 1.141e-04 -1.000 2.681e-04 -0.576 0.554 0.468 -0.288 -0.777 -1.239 -1.862 -2.367 -2.449
0.00024632 -1.80000 10.07918 0.8022589684 2.4195120335    0.794  2.162  3.6950  1.908    3  0.000  0.527     0.00     0.00 -1 -2.27e-10      0.00 7.518e-01 2.479e-01 4.500e-05 1.308e-05 1.141e-04 -1.000 2.681e-04 -0.635 0.512 0.418 -0.344 -0.836 -1.299 -1.926 -2.433 -2.516
0.00024632 -1.80000 10.07918 0.8022911549 2.4195232391    0.793  2.152  3.6957  1.920    3  0.000  0.527     0.00     0.00 -1  -2.2e-10      0.00 7.518e-01 2.480e-01 4.500e-05 1.308e-05 1.141e-04 -1.000 2.682e-04 -0.611 0.525 0.436 -0.322 -0.812 -1.275 -1.899 -2.405 -2.487
0.00024632 -1.80000 10.07918 0.8022954464 2.4195246696    0.793  2.151  3.6958  1.922    3  0.000  0.527     0.00     0.00 -1 -2.19e-10      0.00 7.518e-01 2.480e-01 4.500e-05 1.309e-05 1.141e-04 -1.000 2.682e-04 -0.608 0.527 0.438 -0.319 -0.809 -1.271 -1.895 -2.401 -2.483
0.00024632 -1.80000 10.07918 0.8023213148 2.4195337296    0.793  2.177  3.6946  1.890    3  0.000  0.527     0.00     0.00 -1  -2.4e-10      0.00 7.518e-01 2.480e-01 4.500e-05 1.309e-05 1.141e-04 -1.000 2.681e-04 -0.673 0.482 0.384 -0.381 -0.873 -1.338 -1.966 -2.475 -2.557
0.00024632 -1.80000 10.07918 0.8023605943 2.4195473194    0.792  2.219  3.6927  1.841    3  0.000  0.527     0.00     0.00 -1 -2.78e-10      0.00 7.518e-01 2.480e-01 4.500e-05 1.309e-05 1.141e-04 -1.000 2.681e-04 -0.777 0.410 0.296 -0.479 -0.976 -1.444 -2.078 -2.592 -2.675
0.00024632 -1.80000 10.07918 0.8023971319 2.4195599556    0.792  2.260  3.6908  1.792    3  0.000  0.527     0.00     0.00 -1 -3.24e-10      0.00 7.518e-01 2.480e-01 4.500e-05 1.309e-05 1.141e-04 -1.000 2.681e-04 -0.880 0.339 0.210 -0.575 -1.077 -1.549 -2.189 -2.708 -2.792
0.00024632 -1.80000 10.07918 0.8024308681 2.4195716381    0.791  2.301  3.6889  1.743    3  0.000  0.527     0.00     0.00 -1 -3.76e-10      0.00 7.518e-01 2.480e-01 4.500e-05 1.309e-05 1.141e-04 -1.000 2.681e-04 -0.982 0.273 0.127 -0.669 -1.176 -1.652 -2.298 -2.823 -2.908
0.00024632 -1.80000 10.07918 0.8024605513 2.4195821285    0.791  2.339  3.6870  1.697    3  0.000  0.527     0.00     0.00 -1 -4.33e-10      0.00 7.518e-01 2.480e-01 4.500e-05 1.309e-05 1.141e-04 -1.000 2.682e-04 -1.077 0.212 0.050 -0.757 -1.269 -1.748 -2.401 -2.931 -3.017
0.00024632 -1.80000 10.07918 0.8024893403 2.4195921421    0.790  2.378  3.6852  1.650    3  0.000  0.527     0.00     0.00 -1 -5.01e-10      0.00 7.518e-01 2.480e-01 4.500e-05 1.309e-05 1.141e-04 -1.000 2.682e-04 -1.176 0.177 -0.023 -0.851 -1.369 -1.851 -2.510 -3.046 -3.130
0.00024632 -1.80000 10.07918 0.8025147319 2.4196007252    0.789  2.416  3.6832  1.604    3  0.000  0.527     0.00     0.00 -1 -5.76e-10      0.00 7.518e-01 2.480e-01 4.500e-05 1.309e-05 1.141e-04 -1.000 2.682e-04 -1.269 0.160 -0.085 -0.939 -1.464 -1.949 -2.614 -3.156 -3.238
0.00024632 -1.80000 10.07918 0.8025394082 2.4196093082    0.789  2.454  3.6814  1.558    3  0.000  0.527     0.00     0.00 -1 -6.64e-10      0.00 7.518e-01 2.480e-01 4.500e-05 1.309e-05 1.141e-04 -1.000 2.682e-04 -1.366 0.130 -0.153 -1.029 -1.561 -2.050 -2.720 -3.267 -3.348
0.00024632 -1.80000 10.07918 0.8025612235 2.4196169376    0.788  2.491  3.6795  1.513    3  0.000  0.527     0.00     0.00 -1 -7.61e-10      0.00 7.518e-01 2.480e-01 4.499e-05 1.309e-05 1.141e-04 -1.000 2.682e-04 -1.458 0.108 -0.214 -1.114 -1.653 -2.146 -2.822 -3.374 -3.454
0.00024632 -1.80000 10.07918 0.8025867343 2.4196257591    0.787  2.537  3.6771  1.457    3  0.000  0.527     0.00     0.00 -1 -9.02e-10      0.00 7.518e-01 2.480e-01 4.499e-05 1.309e-05 1.141e-04 -1.000 2.681e-04 -1.572 0.008 -0.311 -1.213 -1.757 -2.256 -2.942 -3.501 -3.585
0.00024632 -1.80000 10.07918 0.8026093245 2.4196336269    0.786  2.581  3.6748  1.404    3  0.000  0.527     0.00     0.00 -1 -1.06e-09      0.00 7.518e-01 2.480e-01 4.499e-05 1.310e-05 1.141e-04 -1.000 2.682e-04 -1.682 -0.018 -0.382 -1.312 -1.865 -2.370 -3.063 -3.628 -3.711
0.00024632 -1.80000 10.07918 0.8026270866 2.4196398258    0.785  2.618  3.6728  1.358    3  0.000  0.527     0.00     0.00 -1 -1.22e-09      0.00 7.518e-01 2.480e-01 4.499e-05 1.310e-05 1.141e-04 -1.000 2.681e-04 -1.775 -0.029 -0.437 -1.393 -1.956 -2.465 -3.166 -3.736 -3.819
0.00024632 -1.80000 10.07918 0.8026460409 2.4196465015    0.783  2.660  3.6705  1.306    3  0.000  0.527     0.00     0.00 -1 -1.43e-09      0.00 7.518e-01 2.480e-01 4.499e-05 1.310e-05 1.141e-04 -1.000 2.682e-04 -1.879 -0.041 -0.498 -1.486 -2.058 -2.574 -3.282 -3.857 -3.940
0.00024632 -1.80000 10.07918 0.8026611209 2.4196517467    0.782  2.696  3.6685  1.261    3  0.000  0.527     0.00     0.00 -1 -1.63e-09      0.00 7.518e-01 2.480e-01 4.499e-05 1.310e-05 1.141e-04 -1.000 2.682e-04 -1.970 -0.043 -0.547 -1.563 -2.146 -2.667 -3.382 -3.963 -4.045
0.00024632 -1.80000 10.07918 0.8026770949 2.4196572304    0.781  2.736  3.6662  1.211    3  0.000  0.527     0.00     0.00 -1  -1.9e-09      0.00 7.518e-01 2.480e-01 4.499e-05 1.310e-05 1.141e-04 -1.000 2.682e-04 -2.070 -0.036 -0.598 -1.648 -2.243 -2.770 -3.494 -4.081 -4.162
0.00024632 -1.80000 10.07918 0.8026923537 2.4196624756    0.779  2.778  3.6638  1.159    3  0.000  0.527     0.00     0.00 -1 -2.22e-09      0.00 7.517e-01 2.480e-01 4.499e-05 1.310e-05 1.141e-04 -1.000 2.682e-04 -2.174 -0.024 -0.648 -1.735 -2.342 -2.877 -3.609 -4.202 -4.283
0.00024632 -1.80000 10.07918 0.8027066588 2.4196674824    0.777  2.819  3.6613  1.107    3  0.000  0.527     0.00     0.00 -1  -2.6e-09      0.00 7.517e-01 2.480e-01 4.499e-05 1.310e-05 1.141e-04 -1.000 2.681e-04 -2.278 0.002 -0.691 -1.820 -2.441 -2.983 -3.725 -4.324 -4.405
0.00024632 -1.80000 10.07918 0.8027190566 2.4196717739    0.776  2.857  3.6591  1.059    3  0.000  0.527     0.00     0.00 -1 -3.01e-09      0.00 7.517e-01 2.480e-01 4.499e-05 1.310e-05 1.141e-04 -1.000 2.682e-04 -2.374 0.031 -0.728 -1.897 -2.532 -3.081 -3.832 -4.437 -4.517
0.00024632 -1.80000 10.07918 0.8027311563 2.4196760654    0.774  2.897  3.6566  1.008    3  0.000  0.527     0.00     0.00 -1  -3.5e-09      0.00 7.517e-01 2.480e-01 4.499e-05 1.310e-05 1.141e-04 -1.000 2.682e-04 -2.474 0.050 -0.769 -1.975 -2.624 -3.182 -3.942 -4.555 -4.635
0.00024632 -1.80000 10.07918 0.8027417064 2.4196796417    0.772  2.935  3.6545  0.960    3  0.000  0.527     0.00     0.00 -1 -4.03e-09      0.00 7.517e-01 2.480e-01 4.499e-05 1.310e-05 1.141e-04 -1.000 2.682e-04 -2.567 0.052 -0.813 -2.047 -2.709 -3.274 -4.044 -4.663 -4.744
0.00024632 -1.80000 10.07918 0.8027518988 2.4196832180    0.769  2.973  3.6520  0.911    3  0.000  0.527     0.00     0.00 -1 -4.67e-09      0.00 7.517e-01 2.480e-01 4.499e-05 1.310e-05 1.141e-04 -1.000 2.681e-04 -2.663 0.063 -0.851 -2.119 -2.795 -3.369 -4.149 -4.775 -4.857
0.00024632 -1.80000 10.07918 0.8027614355 2.4196865559    0.767  3.011  3.6497  0.862    3  0.000  0.527     0.00     0.00 -1  -5.4e-09      0.00 7.517e-01 2.480e-01 4.499e-05 1.310e-05 1.141e-04 -1.000 2.681e-04 -2.758 0.072 -0.891 -2.190 -2.880 -3.463 -4.253 -4.886 -4.969
0.00024632 -1.80000 10.07918 0.8027697802 2.4196894169    0.764  3.046  3.6475  0.817    3  0.000  0.527     0.00     0.00 -1 -6.18e-09      0.00 7.517e-01 2.480e-01 4.499e-05 1.310e-05 1.141e-04 -1.000 2.681e-04 -2.846 0.084 -0.926 -2.254 -2.958 -3.548 -4.349 -4.988 -5.072
0.00024632 -1.80000 10.07918 0.8027778864 2.4196922779    0.762  3.082  3.6451  0.770    3  0.000  0.527     0.00     0.00 -1 -7.09e-09      0.00 7.517e-01 2.480e-01 4.499e-05 1.310e-05 1.141e-04 -1.000 2.681e-04 -2.935 0.101 -0.958 -2.319 -3.036 -3.635 -4.447 -5.094 -5.179
0.00024632 -1.80000 10.07918 0.8027854562 2.4196949005    0.759  3.118  3.6429  0.724    3  0.000  0.527     0.00     0.00 -1 -8.13e-09      0.00 7.517e-01 2.480e-01 4.499e-05 1.310e-05 1.141e-04 -1.000 2.682e-04 -3.024 0.113 -0.994 -2.384 -3.114 -3.722 -4.544 -5.197 -5.284
0.00024632 -1.80000 10.07918 0.8027923703 2.4196972847    0.756  3.152  3.6406  0.679    3  0.000  0.527     0.00     0.00 -1 -9.29e-09      0.00 7.517e-01 2.480e-01 4.499e-05 1.310e-05 1.141e-04 -1.000 2.682e-04 -3.109 0.133 -1.022 -2.444 -3.188 -3.805 -4.637 -5.298 -5.385
0.00024632 -1.80000 10.07918 0.8027992249 2.4196996689    0.752  3.187  3.6383  0.632    3  0.000  0.527     0.00     0.00 -1 -1.07e-08      0.00 7.517e-01 2.480e-01 4.499e-05 1.310e-05 1.141e-04 -1.000 2.682e-04 -3.198 0.155 -1.051 -2.504 -3.264 -3.890 -4.734 -5.402 -5.490
0.00024632 -1.80000 10.07918 0.8028053641 2.4197018147    0.748  3.220  3.6362  0.588    3  0.000  0.527     0.00     0.00 -1 -1.21e-08      0.00 7.517e-01 2.480e-01 4.499e-05 1.310e-05 1.141e-04 -1.000 2.682e-04 -3.281 0.176 -1.077 -2.561 -3.334 -3.970 -4.824 -5.499 -5.588
0.00024632 -1.80000 10.07918 0.8028112650 2.4197037220    0.744  3.253  3.6340  0.544    3  0.000  0.527     0.00     0.00 -1 -1.38e-08      0.00 7.517e-01 2.480e-01 4.499e-05 1.310e-05 1.141e-04 -1.000 2.682e-04 -3.364 0.201 -1.100 -2.615 -3.404 -4.048 -4.914 -5.596 -5.687
0.00024632 -1.80000 10.07918 0.8028162122 2.4197053909    0.741  3.279  3.6323  0.509    3  0.000  0.527     0.00     0.00 -1 -1.54e-08      0.00 7.517e-01 2.480e-01 4.499e-05 1.310e-05 1.141e-04 -1.000 2.682e-04 -3.429 0.220 -1.119 -2.658 -3.458 -4.110 -4.984 -5.672 -5.764
0.00024632 -1.80000 10.07918 0.8028162122 2.4197053909    0.741  1.691  3.8505  2.971    4  0.000  0.529     0.00     0.00 -1    -1e-30      0.00 7.513e-01 2.484e-01 4.560e-05 1.308e-05 1.151e-04 -1.000 2.681e-04 0.543 0.791 0.767 0.537 0.364 0.185 -0.040 -0.197 -0.215
0.00024632 -1.80000 10.07918 0.8028194904 2.4197065830    0.741  1.697  3.8480  2.955    4  0.000  0.529     0.00     0.00 -1    -1e-30      0.00 7.513e-01 2.484e-01 4.560e-05 1.308e-05 1.151e-04 -1.000 2.681e-04 0.529 0.781 0.761 0.525 0.348 0.164 -0.067 -0.229 -0.248
0.00024632 -1.80000 10.07918 0.8028743267 2.4197256565    0.741  1.713  3.8409  2.911    4  0.000  0.529     0.00     0.00 -1    -1e-30      0.00 7.513e-01 2.484e-01 4.560e-05 1.308e-05 1.151e-04 -1.000 2.681e-04 0.488 0.753 0.744 0.491 0.300 0.103 -0.145 -0.321 -0.340
0.00024632 -1.80000 10.07918 0.8029298186 2.4197449684    0.741  1.714  3.8416  2.912    4  0.000  0.529     0.00     0.00 -1    -1e-30      0.00 7.513e-01 2.484e-01 4.560e-05 1.308e-05 1.151e-04 -1.000 2.681e-04 0.486 0.750 0.740 0.488 0.298 0.103 -0.143 -0.318 -0.338
0.00024632 -1.80000 10.07918 0.8029865026 2.4197645187    0.741  1.714  3.8427  2.916    4  0.000  0.529     0.00     0.00 -1    -1e-30      0.00 7.513e-01 2.484e-01 4.560e-05 1.308e-05 1.151e-04 -1.000 2.681e-04 0.485 0.748 0.735 0.487 0.299 0.105 -0.138 -0.311 -0.330
0.00024632 -1.80000 10.07918 0.8030426502 2.4197840691    0.741  1.714  3.8439  2.921    4  0.000  0.529     0.00     0.00 -1    -1e-30      0.00 7.513e-01 2.484e-01 4.560e-05 1.308e-05 1.151e-04 -1.000 2.682e-04 0.485 0.745 0.731 0.485 0.300 0.109 -0.132 -0.302 -0.321
0.00024632 -1.80000 10.07918 0.8030955195 2.4198024273    0.741  1.714  3.8451  2.927    4  0.000  0.529     0.00     0.00 -1    -1e-30      0.00 7.513e-01 2.484e-01 4.560e-05 1.308e-05 1.151e-04 -1.000 2.681e-04 0.486 0.744 0.727 0.485 0.302 0.113 -0.125 -0.292 -0.311
0.00024632 -1.80000 10.07918 0.8031474352 2.4198203087    0.741  1.713  3.8464  2.932    4  0.000  0.529     0.00     0.00 -1    -1e-30      0.00 7.513e-01 2.484e-01 4.560e-05 1.308e-05 1.151e-04 -1.000 2.683e-04 0.487 0.742 0.723 0.484 0.304 0.117 -0.118 -0.282 -0.301
0.00024632 -1.80000 10.07918 0.8031999469 2.4198384285    0.741  1.713  3.8476  2.937    4  0.000  0.529     0.00     0.00 -1    -1e-30      0.00 7.513e-01 2.484e-01 4.560e-05 1.308e-05 1.151e-04 -1.000 2.682e-04 0.488 0.741 0.720 0.484 0.306 0.122 -0.110 -0.272 -0.291
0.00024632 -1.80000 10.07918 0.8032549024 2.4198575020    0.741  1.713  3.8488  2.942    4  0.000  0.529     0.00     0.00 -1    -1e-30      0.00 7.513e-01 2.484e-01 4.560e-05 1.308e-05 1.151e-04 -1.000 2.681e-04 0.489 0.740 0.716 0.483 0.308 0.126 -0.103 -0.263 -0.281
0.00024632 -1.80000 10.07918 0.8033090830 2.4198763371    0.741  1.712  3.8497  2.946    4  0.000  0.529     0.00     0.00 -1    -1e-30      0.00 7.513e-01 2.484e-01 4.560e-05 1.308e-05 1.151e-04 -1.000 2.681e-04 0.489 0.739 0.714 0.483 0.309 0.129 -0.098 -0.256 -0.274
0.00024632 -1.80000 10.07918 0.8033648729 2.4198956490    0.741  1.712  3.8503  2.949    4  0.000  0.529     0.00     0.00 -1    -1e-30      0.00 7.513e-01 2.484e-01 4.560e-05 1.308e-05 1.151e-04 -1.000 2.683e-04 0.489 0.738 0.712 0.482 0.310 0.131 -0.095 -0.252 -0.270
0.00024632 -1.80000 10.07918 0.8034201264 2.4199147224    0.741  1.713  3.8505  2.949    4  0.000  0.529     0.00     0.00 -1    -1e-30      0.00 7.513e-01 2.484e-01 4.560e-05 1.308e-05 1.151e-04 -1.000 2.682e-04 0.488 0.737 0.710 0.482 0.310 0.131 -0.095 -0.250 -0.269
0.00024632 -1.80000 10.07918 0.8034747839 2.4199337959    0.741  1.713  3.8502  2.948    4  0.000  0.529     0.00     0.00 -1    -1e-30      0.00 7.513e-01 2.484e-01 4.560e-05 1.308e-05 1.151e-04 -1.000 2.681e-04 0.487 0.736 0.710 0.481 0.308 0.129 -0.097 -0.253 -0.272
0.00024632 -1.80000 10.07918 0.8035277128 2.4199521542    0.741  1.714  3.8495  2.944    4  0.000  0.529     0.00     0.00 -1    -1e-30      0.00 7.513e-01 2.484e-01 4.560e-05 1.308e-05 1.151e-04 -1.000 2.681e-04 0.486 0.736 0.711 0.480 0.306 0.125 -0.103 -0.261 -0.279
0.00024632 -1.80000 10.07918 0.8035508394 2.4199600220    0.741  1.714  3.8491  2.942    4  0.000  0.529     0.00     0.00 -1    -1e-30      0.00 7.513e-01 2.484e-01 4.560e-05 1.308e-05 1.151e-04 -1.000 2.681e-04 0.485 0.736 0.711 0.479 0.304 0.123 -0.106 -0.264 -0.283
0.00024632 -1.80000 10.07918 0.8035629988 2.4199643135    0.741  1.714  3.8487  2.941    4  0.000  0.529     0.00     0.00 -1    -1e-30      0.00 7.513e-01 2.484e-01 4.560e-05 1.308e-05 1.151e-04 -1.000 2.681e-04 0.484 0.735 0.712 0.479 0.303 0.121 -0.108 -0.268 -0.286
0.00024632 -1.80000 10.07918 0.8036161065 2.4199826717    0.741  1.716  3.8470  2.932    4  0.000  0.529     0.00     0.00 -1    -1e-30      0.00 7.513e-01 2.484e-01 4.560e-05 1.308e-05 1.151e-04 -1.000 2.681e-04 0.481 0.735 0.715 0.477 0.298 0.113 -0.120 -0.283 -0.302
0.00024632 -1.80000 10.07918 0.8036699295 2.4200012684    0.741  1.717  3.8446  2.921    4  0.000  0.529     0.00     0.00 -1    -1e-30      0.00 7.513e-01 2.484e-01 4.560e-05 1.308e-05 1.151e-04 -1.000 2.681e-04 0.476 0.735 0.719 0.475 0.292 0.102 -0.137 -0.305 -0.324
0.00024632 -1.80000 10.07918 0.8037227988 2.4200196266    0.742  1.719  3.8417  2.907    4  0.000  0.529     0.00     0.00 -1    -1e-30      0.00 7.513e-01 2.484e-01 4.560e-05 1.308e-05 1.151e-04 -1.000 2.681e-04 0.471 0.735 0.724 0.473 0.284 0.088 -0.157 -0.332 -0.351
0.00024632 -1.80000 10.07918 0.8037748933 2.4200375080    0.742  1.722  3.8382  2.891    4  0.000  0.529     0.00     0.00 -1    -1e-30      0.00 7.513e-01 2.484e-01 4.560e-05 1.308e-05 1.151e-04 -1.000 2.681e-04 0.465 0.736 0.731 0.471 0.274 0.072 -0.181 -0.363 -0.383
0.00024632 -1.80000 10.07918 0.8038267493 2.4200556278    0.742  1.725  3.8341  2.872    4  0.000  0.529     0.00     0.00 -1    -1e-30      0.00 7.513e-01 2.484e-01 4.560e-05 1.308e-05 1.151e-04 -1.000 2.682e-04 0.458 0.737 0.739 0.469 0.264 0.054 -0.210 -0.400 -0.421
0.00024632 -1.80000 10.07918 0.8038783073 2.4200732708    0.742  1.728  3.8294  2.850    4  0.000  0.529     0.00     0.00 -1    -1e-30      0.00 7.513e-01 2.484e-01 4.560e-05 1.308e-05 1.151e-04 -1.000 2.681e-04 0.450 0.739 0.749 0.466 0.251 0.033 -0.242 -0.442 -0.464
0.00024632 -1.80000 10.07918 0.8039299250 2.4200911522    0.742  1.731  3.8242  2.826    4  0.000  0.529     0.00     0.00 -1    -1e-30      0.00 7.513e-01 2.484e-01 4.560e-05 1.308e-05 1.151e-04 -1.000 2.682e-04 0.441 0.742 0.760 0.464 0.239 0.010 -0.276 -0.489 -0.511
0.00024632 -1.80000 10.07918 0.8039348125 2.4200928211    0.742  1.732  3.8237  2.823    4  0.000  0.529     0.00     0.00 -1    -1e-30      0.00 7.513e-01 2.484e-01 4.560e-05 1.308e-05 1.151e-04 -1.000 2.681e-04 0.441 0.742 0.761 0.464 0.238 0.008 -0.280 -0.493 -0.516
0.00024632 -1.80000 10.07918 0.8039438725 2.4200959206    0.742  1.732  3.8227  2.819    4  0.000  0.529     0.00     0.00 -1    -1e-30      0.00 7.513e-01 2.484e-01 4.560e-05 1.308e-05 1.151e-04 -1.000 2.682e-04 0.439 0.743 0.764 0.463 0.235 0.004 -0.286 -0.502 -0.525
0.00024632 -1.80000 10.07918 0.8039975762 2.4201145172    0.742  1.737  3.8167  2.790    4  0.000  0.529     0.00     0.00 -1    -1e-30      0.00 7.513e-01 2.484e-01 4.560e-05 1.308e-05 1.151e-04 -1.000 2.681e-04 0.428 0.747 0.777 0.460 0.220 -0.022 -0.327 -0.556 -0.580
0.00024632 -1.80000 10.07918 0.8040499687 2.4201326370    0.742  1.741  3.8108  2.762    4  0.000  0.529     0.00     0.00 -1    -1e-30      0.00 7.513e-01 2.484e-01 4.560e-05 1.308e-05 1.151e-04 -1.000 2.682e-04 0.418 0.751 0.791 0.458 0.206 -0.048 -0.367 -0.610 -0.634
0.00024632 -1.80000 10.07918 0.8041059375 2.4201519489    0.742  1.746  3.8040  2.730    4  0.000  0.529     0.00     0.00 -1    -1e-30      0.00 7.513e-01 2.484e-01 4.560e-05 1.308e-05 1.151e-04 -1.000 2.682e-04 0.405 0.758 0.809 0.456 0.190 -0.076 -0.412 -0.670 -0.697
0.00024632 -1.80000 10.07918 0.8041592240 2.4201705456    0.742  1.752  3.7975  2.699    4  0.000  0.529     0.00     0.00 -1    -1e-30      0.00 7.513e-01 2.484e-01 4.560e-05 1.308e-05 1.151e-04 -1.000 2.682e-04 0.391 0.764 0.827 0.453 0.173 -0.105 -0.457 -0.730 -0.759
0.00024632 -1.80000 10.07918 0.8042103052 2.4201881886    0.742  1.757  3.7919  2.671    4  0.000  0.529     0.00     0.00 -1    -1e-30      0.00 7.513e-01 2.484e-01 4.560e-05 1.308e-05 1.151e-04 -1.000 2.682e-04 0.378 0.769 0.840 0.449 0.158 -0.130 -0.496 -0.782 -0.813
0.00024632 -1.80000 10.07918 0.8042629957 2.4202063084    0.742  1.763  3.7861  2.642    4  0.000  0.529     0.00     0.00 -1    -1e-30      0.00 7.513e-01 2.484e-01 4.560e-05 1.308e-05 1.151e-04 -1.000 2.682e-04 0.362 0.774 0.853 0.444 0.141 -0.157 -0.538 -0.838 -0.871
0.00024632 -1.80000 10.07918 0.8043147326 2.4202241898    0.742  1.769  3.7812  2.617    4  0.000  0.529     0.00     0.00 -1    -1e-30      0.00 7.513e-01 2.484e-01 4.560e-05 1.308e-05 1.151e-04 -1.000 2.681e-04 0.348 0.777 0.862 0.439 0.126 -0.182 -0.575 -0.886 -0.921
0.00024632 -1.80000 10.07918 0.8043670654 2.4202423096    0.742  1.775  3.7767  2.592    4  0.000  0.529     0.00     0.00 -1    -1e-30      0.00 7.513e-01 2.484e-01 4.560e-05 1.308e-05 1.151e-04 -1.000 2.681e-04 0.332 0.782 0.870 0.432 0.110 -0.206 -0.612 -0.934 -0.971
0.00024632 -1.80000 10.07918 0.8044193983 2.4202604294    0.742  1.782  3.7724  2.568    4  0.000  0.529     0.00     0.00 -1    -1e-30      0.00 7.513e-01 2.484e-01 4.560e-05 1.308e-05 1.151e-04 -1.000 2.682e-04 0.315 0.785 0.875 0.422 0.092 -0.232 -0.649 -0.982 -1.020
0.00024632 -1.80000 10.07918 0.8044721484 2.4202785492    0.742  1.791  3.7677  2.540    4  0.000  0.529     0.00     0.00 -1    -1e-30      0.00 7.513e-01 2.484e-01 4.560e-05 1.308e-05 1.151e-04 -1.000 2.681e-04 0.293 0.785 0.876 0.409 0.069 -0.264 -0.693 -1.037 -1.078
0.00024632 -1.80000 10.07918 0.8044826388 2.4202821255    0.742  1.783  3.7705  2.559    4  0.000  0.529     0.00     0.00 -1    -1e-30      0.00 7.513e-01 2.484e-01 4.560e-05 1.308e-05 1.151e-04 -1.000 2.681e-04 0.311 0.790 0.880 0.422 0.088 -0.239 -0.661 -0.999 -1.038
0.00024632 -1.80000 10.07918 0.8045367002 2.4203009605    0.742  1.797  3.7642  2.520    4  0.000  0.529     0.00     0.00 -1    -1e-30      0.00 7.513e-01 2.484e-01 4.560e-05 1.308e-05 1.151e-04 -1.000 2.682e-04 0.276 0.786 0.879 0.399 0.053 -0.287 -0.725 -1.077 -1.119
0.00024632 -1.80000 10.07918 0.8045899272 2.4203193188    0.743  1.815  3.7582  2.478    4  0.000  0.529     0.00     0.00 -1    -1e-30      0.00 7.513e-01 2.484e-01 4.560e-05 1.308e-05 1.151e-04 -1.000 2.682e-04 0.232 0.773 0.866 0.367 0.008 -0.342 -0.795 -1.161 -1.207
0.00024632 -1.80000 10.07918 0.8046347499 2.4203345776    0.743  1.844  3.7507  2.419    4  0.000  0.529     0.00     0.00 -1    -1e-30      0.00 7.513e-01 2.484e-01 4.560e-05 1.308e-05 1.151e-04 -1.000 2.682e-04 0.159 0.744 0.834 0.309 -0.065 -0.428 -0.901 -1.283 -1.333
0.00024632 -1.80000 10.07918 0.8046590686 2.4203431606    0.743  1.879  3.7431  2.354    4  0.000  0.529     0.00     0.00 -1    -1e-30      0.00 7.513e-01 2.484e-01 4.560e-05 1.308e-05 1.151e-04 -1.000 2.681e-04 0.072 0.706 0.789 0.237 -0.152 -0.528 -1.020 -1.418 -1.473
0.00024632 -1.80000 10.07918 0.8046700358 2.4203469753    0.743  1.916  3.7363  2.290    4  0.000  0.529     0.00     0.00 -1    -1e-30      0.00 7.513e-01 2.484e-01 4.560e-05 1.308e-05 1.151e-04 -1.000 2.682e-04 -0.020 0.667 0.737 0.159 -0.243 -0.632 -1.141 -1.554 -1.612
0.00024632 -1.80000 10.07918 0.8046749234 2.4203486443    0.743  1.954  3.7302  2.228    4  0.000  0.529     0.00     0.00 -1    -1e-30      0.00 7.513e-01 2.484e-01 4.560e-05 1.308e-05 1.151e-04 -1.000 2.682e-04 -0.115 0.625 0.678 0.077 -0.337 -0.736 -1.262 -1.688 -1.750
0.00024632 -1.80000 10.07918 0.8046772480 2.4203493595    0.743  1.991  3.7253  2.171    4  0.000  0.529     0.00     0.00 -1    -1e-30      0.00 7.513e-01 2.484e-01 4.560e-05 1.308e-05 1.151e-04 -1.000 2.681e-04 -0.208 0.580 0.616 -0.005 -0.430 -0.837 -1.376 -1.813 -1.878
0.00024632 -1.80000 10.07918 0.8046782017 2.4203495979    0.743  2.016  3.7225  2.134    7  0.000  0.529     0.00     0.00 -1    -1e-30      0.00 7.513e-01 2.484e-01 4.560e-05 1.308e-05 1.151e-04 -1.000 2.682e-04 -0.271 0.545 0.571 -0.061 -0.491 -0.904 -1.450 -1.893 -1.960
0.00024632 -1.80000 10.07918 0.8046792150 2.4203500748    0.743  2.055  3.7188  2.081    7  0.000  0.529     0.00     0.00 -1    -1e-30      0.00 7.513e-01 2.484e-01 4.560e-05 1.308e-05 1.151e-04 -1.000 2.681e-04 -0.368 0.485 0.498 -0.150 -0.588 -1.007 -1.564 -2.015 -2.083
0.00024632 -1.80000 10.07918 0.8046801686 2.4203503132    0.743  2.092  3.7157  2.031    7  0.000  0.529     0.00     0.00 -1    -1e-30      0.00 7.513e-01 2.484e-01 4.560e-05 1.308e-05 1.151e-04 -1.000 2.681e-04 -0.461 0.428 0.427 -0.235 -0.679 -1.104 -1.669 -2.128 -2.197
0.00024632 -1.80000 10.07918 0.8046810627 2.4203507900    0.743  2.123  3.7133  1.991    7  0.000  0.529     0.00     0.00 -1    -1e-30      0.00 7.513e-01 2.484e-01 4.560e-05 1.308e-05 1.151e-04 -1.000 2.682e-04 -0.538 0.379 0.367 -0.305 -0.755 -1.184 -1.756 -2.220 -2.291
0.00024632 -1.80000 10.07918 0.8046820164 2.4203510284    0.743  2.144  3.7118  1.964    7  0.000  0.529     0.00     0.00 -1    -1e-30      0.00 7.513e-01 2.484e-01 4.560e-05 1.308e-05 1.151e-04 -1.000 2.682e-04 -0.591 0.346 0.325 -0.354 -0.808 -1.239 -1.816 -2.283 -2.355
0.00024632 -1.80000 10.07918 0.8046833873 2.4203515053    0.743  2.165  3.7104  1.937    7  0.000  0.529     0.00     0.00 -1    -1e-30      0.00 7.513e-01 2.484e-01 4.560e-05 1.308e-05 1.151e-04 -1.000 2.682e-04 -0.643 0.311 0.283 -0.403 -0.860 -1.294 -1.874 -2.345 -2.417
0.00024632 -1.80000 10.07918 0.8046859503 2.4203524590    0.743  2.150  3.7116  1.957    7  0.000  0.529     0.00     0.00 -1    -1e-30      0.00 7.513e-01 2.484e-01 4.560e-05 1.308e-05 1.151e-04 -1.000 2.682e-04 -0.605 0.334 0.313 -0.368 -0.822 -1.254 -1.831 -2.298 -2.370
0.00024632 -1.80000 10.07918 0.8046903014 2.4203538895    0.743  2.126  3.7133  1.988    7  0.000  0.529     0.00     0.00 -1    -1e-30      0.00 7.513e-01 2.484e-01 4.560e-05 1.308e-05 1.151e-04 -1.000 2.681e-04 -0.544 0.373 0.360 -0.312 -0.762 -1.191 -1.762 -2.226 -2.297
0.00024632 -1.80000 10.07918 0.8047161698 2.4203627110    0.743  2.149  3.7113  1.957    7  0.000  0.529     0.00     0.00 -1    -1e-30      0.00 7.513e-01 2.484e-01 4.560e-05 1.308e-05 1.151e-04 -1.000 2.681e-04 -0.602 0.341 0.318 -0.364 -0.819 -1.252 -1.829 -2.298 -2.370
0.00024632 -1.80000 10.07918 0.8047320247 2.4203681946    0.743  2.178  3.7090  1.919    7  0.000  0.529     0.00     0.00 -1    -1e-30      0.00 7.513e-01 2.484e-01 4.560e-05 1.308e-05 1.151e-04 -1.000 2.682e-04 -0.674 0.299 0.263 -0.430 -0.890 -1.327 -1.911 -2.385 -2.458
0.00024632 -1.80000 10.07918 0.8047511578 2.4203748703    0.743  2.220  3.7059  1.864    7  0.000  0.529     0.00     0.00 -1    -1e-30      0.00 7.513e-01 2.484e-01 4.560e-05 1.308e-05 1.151e-04 -1.000 2.681e-04 -0.781 0.236 0.181 -0.528 -0.994 -1.437 -2.031 -2.513 -2.588
0.00024632 -1.80000 10.07918 0.8047706485 2.4203815460    0.743  2.273  3.7023  1.797    7  0.000  0.529     0.00     0.00 -1    -1e-30      0.00 7.513e-01 2.484e-01 4.560e-05 1.308e-05 1.151e-04 -1.000 2.682e-04 -0.912 0.158 0.081 -0.647 -1.122 -1.572 -2.177 -2.668 -2.744
0.00024632 -1.80000 10.07918 0.8047882318 2.4203877449    0.743  2.319  3.6992  1.739    7  0.000  0.529     0.00     0.00 -1    -1e-30      0.00 7.513e-01 2.484e-01 4.560e-05 1.308e-05 1.151e-04 -1.000 2.682e-04 -1.028 0.088 -0.010 -0.754 -1.237 -1.692 -2.307 -2.805 -2.884
0.00024632 -1.80000 10.07918 0.8048037291 2.4203929901    0.743  2.363  3.6964  1.684    7  0.000  0.529     0.00     0.00 -1    -1e-30      0.00 7.514e-01 2.484e-01 4.559e-05 1.308e-05 1.151e-04 -1.000 2.503e-04 -1.137 0.025 -0.093 -0.853 -1.342 -1.803 -2.426 -2.932 -3.012
0.00024632 -1.80000 10.07918 0.8048174977 2.4203977585    0.743  2.406  3.6937  1.630    7  0.000  0.529     0.00     0.00 -1    -1e-30      0.00 7.514e-01 2.483e-01 4.557e-05 1.309e-05 1.151e-04 -1.000 2.447e-04 -1.244 -0.038 -0.176 -0.950 -1.446 -1.913 -2.545 -3.058 -3.139
0.00024632 -1.80000 10.07918 0.8048294783 2.4204018116    0.743  2.447  3.6911  1.578    7  0.000  0.527     0.00     0.00 -1    -1e-30      0.00 7.514e-01 2.483e-01 4.547e-05 1.313e-05 1.151e-04 -1.000 2.448e-04 -1.348 -0.099 -0.256 -1.045 -1.548 -2.020 -2.660 -3.180 -3.263
0.00024632 -1.80000 10.07918 0.8048402071 2.4204056263    0.743  2.489  3.6885  1.526    7  0.000  0.523     0.00     0.00 -1    -1e-30      0.00 7.514e-01 2.484e-01 4.513e-05 1.337e-05 1.151e-04 -1.000 2.466e-04 -1.451 -0.157 -0.334 -1.138 -1.648 -2.124 -2.774 -3.301 -3.385
0.00024632 -1.80000 10.07918 0.8048499227 2.4204089642    0.743  2.530  3.6859  1.474    7  0.000  0.513     0.00     0.00 -1    -1e-30      0.00 7.513e-01 2.484e-01 4.443e-05 1.407e-05 1.151e-04 -1.000 2.681e-04 -1.555 -0.212 -0.411 -1.231 -1.747 -2.229 -2.887 -3.423 -3.507
0.00024632 -1.80000 10.07918 0.8048588037 2.4204120636    0.743  2.571  3.6832  1.422    7  0.000  0.499     0.00     0.00 -1    -1e-30      0.00 7.513e-01 2.485e-01 4.342e-05 1.521e-05 1.151e-04 -1.000 2.682e-04 -1.658 -0.240 -0.479 -1.325 -1.849 -2.337 -3.003 -3.546 -3.630
0.00024632 -1.80000 10.07918 0.8048670888 2.4204149246    0.743  2.613  3.6806  1.370    7  0.000  0.486     0.00     0.00 -1    -1e-30      0.00 7.512e-01 2.485e-01 4.231e-05 1.654e-05 1.151e-04 -1.000 2.681e-04 -1.763 -0.260 -0.544 -1.418 -1.952 -2.446 -3.121 -3.670 -3.753
0.00024632 -1.80000 10.07918 0.8048747778 2.4204175472    0.743  2.654  3.6779  1.318    7  0.000  0.474     0.00     0.00 -1    -1e-30      0.00 7.511e-01 2.487e-01 4.128e-05 1.781e-05 1.151e-04 -1.000 2.363e-04 -1.866 -0.269 -0.604 -1.509 -2.054 -2.553 -3.237 -3.793 -3.876
0.00024632 -1.80000 10.07918 0.8048821688 2.4204201698    0.743  2.696  3.6752  1.266    7  0.000  0.464     0.00     0.00 -1    -1e-30      0.00 7.509e-01 2.488e-01 4.035e-05 1.894e-05 1.151e-04 -1.000 2.682e-04 -1.970 -0.271 -0.660 -1.599 -2.155 -2.661 -3.354 -3.917 -3.999
0.00024632 -1.80000 10.07918 0.8048892021 2.4204225540    0.743  2.737  3.6725  1.214    7  0.000  0.455     0.00     0.00 -1    -1e-30      0.00 7.508e-01 2.490e-01 3.956e-05 1.992e-05 1.151e-04 -1.000 2.681e-04 -2.072 -0.265 -0.712 -1.686 -2.255 -2.767 -3.469 -4.039 -4.121
0.00024632 -1.80000 10.07918 0.8048959374 2.4204246998    0.743  2.778  3.6697  1.162    7  0.000  0.447     0.00     0.00 -1    -1e-30      0.00 7.506e-01 2.491e-01 3.889e-05 2.074e-05 1.151e-04 -1.000 2.682e-04 -2.176 -0.251 -0.760 -1.773 -2.355 -2.875 -3.586 -4.162 -4.244
0.00024632 -1.80000 10.07918 0.8049020171 2.4204268456    0.743  2.820  3.6670  1.109    7  0.000  0.440     0.00     0.00 -1    -1e-30      0.00 7.505e-01 2.493e-01 3.829e-05 2.148e-05 1.151e-04 -1.000 2.682e-04 -2.280 -0.226 -0.804 -1.859 -2.455 -2.983 -3.704 -4.288 -4.368
0.00024632 -1.80000 10.07918 0.8049070835 2.4204287529    0.743  2.861  3.6642  1.057    7  0.000  0.435     0.00     0.00 -1    -1e-30      0.00 7.503e-01 2.494e-01 3.781e-05 2.208e-05 1.150e-04 -1.000 2.682e-04 -2.382 -0.190 -0.841 -1.941 -2.552 -3.088 -3.819 -4.410 -4.490
0.00024632 -1.80000 10.07918 0.8049113750 2.4204301834    0.743  2.901  3.6614  1.005    7  0.000  0.431     0.00     0.00 -1    -1e-30      0.00 7.501e-01 2.496e-01 3.739e-05 2.261e-05 1.149e-04 -1.000 2.682e-04 -2.483 -0.143 -0.873 -2.020 -2.648 -3.192 -3.934 -4.532 -4.612
0.00024632 -1.80000 10.07918 0.8049150109 2.4204313755    0.743  2.942  3.6586  0.954    7  0.000  0.427     0.00     0.00 -1    -1e-30      0.00 7.499e-01 2.498e-01 3.702e-05 2.309e-05 1.148e-04 -1.000 2.364e-04 -2.584 -0.075 -0.892 -2.093 -2.741 -3.296 -4.049 -4.654 -4.733
0.00024632 -1.80000 10.07918 0.8049184680 2.4204325676    0.743  2.983  3.6557  0.901    7  0.000  0.424     0.00     0.00 -1    -1e-30      0.00 7.498e-01 2.500e-01 3.670e-05 2.354e-05 1.147e-04 -1.000 2.682e-04 -2.686 -0.044 -0.925 -2.168 -2.833 -3.398 -4.163 -4.777 -4.857
0.00024632 -1.80000 10.07918 0.8049219251 2.4204337597    0.743  3.026  3.6525  0.845    7  0.000  0.422     0.00     0.00 -1    -1e-30      0.00 7.496e-01 2.501e-01 3.645e-05 2.394e-05 1.145e-04 -1.000 2.682e-04 -2.796 -0.024 -0.964 -2.247 -2.929 -3.505 -4.284 -4.907 -4.988
0.00024632 -1.80000 10.07918 0.8049250245 2.4204347134    0.743  3.072  3.6492  0.786    7  0.000  0.420     0.00     0.00 -1    -1e-30      0.00 7.494e-01 2.503e-01 3.622e-05 2.436e-05 1.143e-04 -1.000 2.681e-04 -2.909 0.001 -1.003 -2.328 -3.029 -3.617 -4.410 -5.042 -5.125
0.00024632 -1.80000 10.07918 0.8049260974 2.4204351902    0.743  3.093  3.6476  0.758    7  0.000  0.420     0.00     0.00 -1    -1e-30      0.00 7.494e-01 2.504e-01 3.612e-05 2.456e-05 1.141e-04 -1.000 2.682e-04 -2.963 0.016 -1.020 -2.365 -3.075 -3.668 -4.469 -5.106 -5.190
0.00024632 -1.80000 10.07918 0.8049263358 2.4204351902    0.743  3.119  3.6457  0.725    7  0.000  0.419     0.00     0.00 -1    -1e-30      0.00 7.492e-01 2.505e-01 3.603e-05 2.481e-05 1.140e-04 -1.000 2.682e-04 -3.028 0.033 -1.041 -2.411 -3.131 -3.731 -4.541 -5.184 -5.269
0.00024632 -1.80000 10.07918 0.8049266338 2.4204354286    0.743  3.159  3.6427  0.673    7  0.000  0.418     0.00     0.00 -1    -1e-30      0.00 7.490e-01 2.508e-01 3.582e-05 2.539e-05 1.136e-04 -1.000 2.682e-04 -3.127 0.062 -1.071 -2.478 -3.216 -3.827 -4.650 -5.303 -5.389
0.00024632 -1.80000 10.07918 0.8049270511 2.4204354286    0.743  3.194  3.6400  0.627    7  0.000  0.417     0.00     0.00 -1    -1e-30      0.00 7.487e-01 2.510e-01 3.561e-05 2.598e-05 1.132e-04 -1.000 2.682e-04 -3.215 0.093 -1.094 -2.537 -3.290 -3.912 -4.747 -5.408 -5.496
0.00024632 -1.80000 10.07918 0.8049272895 2.4204356670    0.743  3.203  3.6393  0.615    7  0.549  0.416     0.00     0.00 -1    -1e-30      0.00 7.487e-01 2.511e-01 3.548e-05 2.627e-05 1.130e-04 -1.000 2.682e-04 -3.238 0.102 -1.100 -2.551 -3.309 -3.933 -4.772 -5.436 -5.524
0.00024632 -1.80000 10.07918 0.8049273491 2.4204356670    0.743  3.414  3.6091  0.283    8  0.549  0.390    92.84    44.33  1  -1.3e-06      0.00 7.290e-01 2.706e-01 6.375e-05 5.931e-05 2.177e-04 -1.000 3.690e-04 -3.766 0.821 -0.884 -2.678 -3.626 -4.375 -5.375 -6.148 -6.260
0.00024632 -1.80000 10.07918 0.8049274087 2.4204356670    0.743  3.278  3.6175  0.453    8  0.549  0.390    64.41    32.31  1 -6.98e-07      0.00 7.290e-01 2.706e-01 6.375e-05 5.931e-05 2.177e-04 -1.000 3.690e-04 -3.426 0.716 -0.820 -2.487 -3.360 -4.062 -5.010 -5.756 -5.859
0.00024632 -1.80000 10.07918 0.8049274683 2.4204356670    0.742  3.134  3.6307  0.649    8  0.549  0.390    42.14    22.38  1 -3.53e-07      0.00 7.290e-01 2.706e-01 6.375e-05 5.931e-05 2.177e-04 -1.000 3.690e-04 -3.065 0.488 -0.799 -2.303 -3.090 -3.737 -4.615 -5.313 -5.407
0.00024632 -1.80000 10.07918 0.8049276471 2.4204356670    0.741  2.929  3.6493  0.928    8  0.549  0.390    23.08    13.29  1  -1.3e-07      0.00 7.290e-01 2.706e-01 6.375e-05 5.931e-05 2.177e-04 -1.000 3.691e-04 -2.552 0.228 -0.708 -1.990 -2.674 -3.254 -4.045 -4.681 -4.764
0.00024632 -1.80000 10.07918 0.8049278259 2.4204359055    0.740  2.934  3.6488  0.920    8  0.549  0.390    23.48    13.47  1 -1.34e-07      0.00 7.290e-01 2.706e-01 6.375e-05 5.931e-05 2.177e-04 -1.000 3.690e-04 -2.565 0.235 -0.710 -1.998 -2.684 -3.266 -4.059 -4.697 -4.780
0.00024632 -1.80000 10.07918 0.8049281240 2.4204359055    0.738  3.020  3.6409  0.802    8  0.550  0.390    30.33    16.79  1 -2.07e-07      0.00 7.290e-01 2.706e-01 6.375e-05 5.931e-05 2.177e-04 -1.000 3.690e-04 -2.780 0.338 -0.753 -2.134 -2.862 -3.471 -4.300 -4.963 -5.050
0.00024632 -1.80000 10.07918 0.8049284816 2.4204359055    0.736  3.173  3.6269  0.592    8  0.550  0.390    47.76    24.81  1 -4.37e-07      0.00 7.290e-01 2.706e-01 6.375e-05 5.931e-05 2.177e-04 -1.000 3.691e-04 -3.163 0.555 -0.804 -2.354 -3.164 -3.826 -4.723 -5.434 -5.531
0.00024632 -1.80000 10.07918 0.8049288392 2.4204361439    0.734  3.307  3.6146  0.407    8  0.550  0.390    71.21    34.98  1 -8.29e-07      0.00 7.290e-01 2.706e-01 6.375e-05 5.931e-05 2.177e-04 -1.000 3.690e-04 -3.499 0.780 -0.808 -2.513 -3.410 -4.125 -5.091 -5.846 -5.953
0.00024632 -1.80000 10.07918 0.8049293160 2.4204363823    0.731  3.397  3.6064  0.283    8  0.551  0.390    92.99    43.94  1 -1.26e-06      0.00 7.290e-01 2.706e-01 6.375e-05 5.931e-05 2.177e-04 -1.000 3.690e-04 -3.721 0.945 -0.789 -2.600 -3.561 -4.319 -5.333 -6.118 -6.233
0.00024632 -1.80000 10.07918 0.8049297929 2.4204363823    0.728  3.446  3.6019  0.214    8  0.551  0.390   108.00    49.88  1  -1.6e-06      0.00 7.290e-01 2.706e-01 6.375e-05 5.931e-05 2.177e-04 -1.000 3.690e-04 -3.844 1.042 -0.772 -2.643 -3.641 -4.424 -5.465 -6.268 -6.388
0.00024632 -1.80000 10.07918 0.8049303889 2.4204366207    0.725  3.471  3.5995  0.178    8  0.552  0.390   116.98    53.28  1 -1.82e-06      0.00 7.290e-01 2.706e-01 6.375e-05 5.931e-05 2.177e-04 -1.000 3.690e-04 -3.907 1.095 -0.760 -2.662 -3.680 -4.477 -5.533 -6.345 -6.467
0.00024632 -1.80000 10.07918 0.8049309850 2.4204368591    0.721  3.487  3.5984  0.155    8  0.552  0.390   123.04    55.46  0 -1.99e-06      0.00 7.290e-01 2.706e-01 6.375e-05 5.931e-05 2.177e-04 -1.000 3.690e-04 -3.948 1.117 -0.760 -2.680 -3.709 -4.513 -5.576 -6.392 -6.516
0.00024632 -1.80000 10.07918 0.8049333692 2.4204378128    0.554 -9.999  4.0000  1.705    9  0.554  0.000     0.00     0.00 -1    -1e-30      0.00 7.290e-01 2.706e-01 6.375e-05 5.931e-05 2.177e-04 -1.000 3.690e-04 29.767 29.798 30.046 30.096 30.089 30.080 30.124 30.120 30.136
#isochrone terminated
