# File generated by CMD 3.3 (http://stev.oapd.inaf.it/cmd) on Wed Jul  8 19:26:29 CEST 2020
# isochrones based on PARSEC release v1.2S +  COLIBRI S_35
# Basic references: Bressan et al. (2012), MNRAS, 427, 127 + Chen et al. (2014, 2015), MNRAS, 444, 2525 + MNRAS, 452, 1068 + Tang et al. (2014), MNRAS, 445, 4287 + Marigo et al. (2017), ApJ, 835, 77 + Pastorelli al. (2019), MNRAS in press
# Thermal pulse cycles included 
# On RGB, assumed Reimers mass loss with efficiency eta=0.2
# Photometric system: WFIRST proposed filters, Vegamags
# Using YBC version of bolometric corrections as in Chen et al. (2019)
# O-rich circumstellar dpmod60alox40 dust from Groenewegen (2006)
# C-rich circumstellar AMCSIC15 dust from Groenewegen (2006)
# IMF: Kroupa (2001, 2002) + Kroupa et al. (2013) canonical two-part-power law IMF corrected for unresolved binaries 
# Kind of output: luminosity functions
# age     Z  magbinc 	 mbolmag  R062mag  Z087mag  Y106mag  J129mag  H158mag  F184mag  W149mag
1.2e+10 0.00158 -14.975         0        0        0        0        0        0        0        0
1.2e+10 0.00158 -14.925         0        0        0        0        0        0        0        0
1.2e+10 0.00158 -14.875         0        0        0        0        0        0        0        0
1.2e+10 0.00158 -14.825         0        0        0        0        0        0        0        0
1.2e+10 0.00158 -14.775         0        0        0        0        0        0        0        0
1.2e+10 0.00158 -14.725         0        0        0        0        0        0        0        0
1.2e+10 0.00158 -14.675         0        0        0        0        0        0        0        0
1.2e+10 0.00158 -14.625         0        0        0        0        0        0        0        0
1.2e+10 0.00158 -14.575         0        0        0        0        0        0        0        0
1.2e+10 0.00158 -14.525         0        0        0        0        0        0        0        0
1.2e+10 0.00158 -14.475         0        0        0        0        0        0        0        0
1.2e+10 0.00158 -14.425         0        0        0        0        0        0        0        0
1.2e+10 0.00158 -14.375         0        0        0        0        0        0        0        0
1.2e+10 0.00158 -14.325         0        0        0        0        0        0        0        0
1.2e+10 0.00158 -14.275         0        0        0        0        0        0        0        0
1.2e+10 0.00158 -14.225         0        0        0        0        0        0        0        0
1.2e+10 0.00158 -14.175         0        0        0        0        0        0        0        0
1.2e+10 0.00158 -14.125         0        0        0        0        0        0        0        0
1.2e+10 0.00158 -14.075         0        0        0        0        0        0        0        0
1.2e+10 0.00158 -14.025         0        0        0        0        0        0        0        0
1.2e+10 0.00158 -13.975         0        0        0        0        0        0        0        0
1.2e+10 0.00158 -13.925         0        0        0        0        0        0        0        0
1.2e+10 0.00158 -13.875         0        0        0        0        0        0        0        0
1.2e+10 0.00158 -13.825         0        0        0        0        0        0        0        0
1.2e+10 0.00158 -13.775         0        0        0        0        0        0        0        0
1.2e+10 0.00158 -13.725         0        0        0        0        0        0        0        0
1.2e+10 0.00158 -13.675         0        0        0        0        0        0        0        0
1.2e+10 0.00158 -13.625         0        0        0        0        0        0        0        0
1.2e+10 0.00158 -13.575         0        0        0        0        0        0        0        0
1.2e+10 0.00158 -13.525         0        0        0        0        0        0        0        0
1.2e+10 0.00158 -13.475         0        0        0        0        0        0        0        0
1.2e+10 0.00158 -13.425         0        0        0        0        0        0        0        0
1.2e+10 0.00158 -13.375         0        0        0        0        0        0        0        0
1.2e+10 0.00158 -13.325         0        0        0        0        0        0        0        0
1.2e+10 0.00158 -13.275         0        0        0        0        0        0        0        0
1.2e+10 0.00158 -13.225         0        0        0        0        0        0        0        0
1.2e+10 0.00158 -13.175         0        0        0        0        0        0        0        0
1.2e+10 0.00158 -13.125         0        0        0        0        0        0        0        0
1.2e+10 0.00158 -13.075         0        0        0        0        0        0        0        0
1.2e+10 0.00158 -13.025         0        0        0        0        0        0        0        0
1.2e+10 0.00158 -12.975         0        0        0        0        0        0        0        0
1.2e+10 0.00158 -12.925         0        0        0        0        0        0        0        0
1.2e+10 0.00158 -12.875         0        0        0        0        0        0        0        0
1.2e+10 0.00158 -12.825         0        0        0        0        0        0        0        0
1.2e+10 0.00158 -12.775         0        0        0        0        0        0        0        0
1.2e+10 0.00158 -12.725         0        0        0        0        0        0        0        0
1.2e+10 0.00158 -12.675         0        0        0        0        0        0        0        0
1.2e+10 0.00158 -12.625         0        0        0        0        0        0        0        0
1.2e+10 0.00158 -12.575         0        0        0        0        0        0        0        0
1.2e+10 0.00158 -12.525         0        0        0        0        0        0        0        0
1.2e+10 0.00158 -12.475         0        0        0        0        0        0        0        0
1.2e+10 0.00158 -12.425         0        0        0        0        0        0        0        0
1.2e+10 0.00158 -12.375         0        0        0        0        0        0        0        0
1.2e+10 0.00158 -12.325         0        0        0        0        0        0        0        0
1.2e+10 0.00158 -12.275         0        0        0        0        0        0        0        0
1.2e+10 0.00158 -12.225         0        0        0        0        0        0        0        0
1.2e+10 0.00158 -12.175         0        0        0        0        0        0        0        0
1.2e+10 0.00158 -12.125         0        0        0        0        0        0        0        0
1.2e+10 0.00158 -12.075         0        0        0        0        0        0        0        0
1.2e+10 0.00158 -12.025         0        0        0        0        0        0        0        0
1.2e+10 0.00158 -11.975         0        0        0        0        0        0        0        0
1.2e+10 0.00158 -11.925         0        0        0        0        0        0        0        0
1.2e+10 0.00158 -11.875         0        0        0        0        0        0        0        0
1.2e+10 0.00158 -11.825         0        0        0        0        0        0        0        0
1.2e+10 0.00158 -11.775         0        0        0        0        0        0        0        0
1.2e+10 0.00158 -11.725         0        0        0        0        0        0        0        0
1.2e+10 0.00158 -11.675         0        0        0        0        0        0        0        0
1.2e+10 0.00158 -11.625         0        0        0        0        0        0        0        0
1.2e+10 0.00158 -11.575         0        0        0        0        0        0        0        0
1.2e+10 0.00158 -11.525         0        0        0        0        0        0        0        0
1.2e+10 0.00158 -11.475         0        0        0        0        0        0        0        0
1.2e+10 0.00158 -11.425         0        0        0        0        0        0        0        0
1.2e+10 0.00158 -11.375         0        0        0        0        0        0        0        0
1.2e+10 0.00158 -11.325         0        0        0        0        0        0        0        0
1.2e+10 0.00158 -11.275         0        0        0        0        0        0        0        0
1.2e+10 0.00158 -11.225         0        0        0        0        0        0        0        0
1.2e+10 0.00158 -11.175         0        0        0        0        0        0        0        0
1.2e+10 0.00158 -11.125         0        0        0        0        0        0        0        0
1.2e+10 0.00158 -11.075         0        0        0        0        0        0        0        0
1.2e+10 0.00158 -11.025         0        0        0        0        0        0        0        0
1.2e+10 0.00158 -10.975         0        0        0        0        0        0        0        0
1.2e+10 0.00158 -10.925         0        0        0        0        0        0        0        0
1.2e+10 0.00158 -10.875         0        0        0        0        0        0        0        0
1.2e+10 0.00158 -10.825         0        0        0        0        0        0        0        0
1.2e+10 0.00158 -10.775         0        0        0        0        0        0        0        0
1.2e+10 0.00158 -10.725         0        0        0        0        0        0        0        0
1.2e+10 0.00158 -10.675         0        0        0        0        0        0        0        0
1.2e+10 0.00158 -10.625         0        0        0        0        0        0        0        0
1.2e+10 0.00158 -10.575         0        0        0        0        0        0        0        0
1.2e+10 0.00158 -10.525         0        0        0        0        0        0        0        0
1.2e+10 0.00158 -10.475         0        0        0        0        0        0        0        0
1.2e+10 0.00158 -10.425         0        0        0        0        0        0        0        0
1.2e+10 0.00158 -10.375         0        0        0        0        0        0        0        0
1.2e+10 0.00158 -10.325         0        0        0        0        0        0        0        0
1.2e+10 0.00158 -10.275         0        0        0        0        0        0        0        0
1.2e+10 0.00158 -10.225         0        0        0        0        0        0        0        0
1.2e+10 0.00158 -10.175         0        0        0        0        0        0        0        0
1.2e+10 0.00158 -10.125         0        0        0        0        0        0        0        0
1.2e+10 0.00158 -10.075         0        0        0        0        0        0        0        0
1.2e+10 0.00158 -10.025         0        0        0        0        0        0        0        0
1.2e+10 0.00158 -9.975         0        0        0        0        0        0        0        0
1.2e+10 0.00158 -9.925         0        0        0        0        0        0        0        0
1.2e+10 0.00158 -9.875         0        0        0        0        0        0        0        0
1.2e+10 0.00158 -9.825         0        0        0        0        0        0        0        0
1.2e+10 0.00158 -9.775         0        0        0        0        0        0        0        0
1.2e+10 0.00158 -9.725         0        0        0        0        0        0        0        0
1.2e+10 0.00158 -9.675         0        0        0        0        0        0        0        0
1.2e+10 0.00158 -9.625         0        0        0        0        0        0        0        0
1.2e+10 0.00158 -9.575         0        0        0        0        0        0        0        0
1.2e+10 0.00158 -9.525         0        0        0        0        0        0        0        0
1.2e+10 0.00158 -9.475         0        0        0        0        0        0        0        0
1.2e+10 0.00158 -9.425         0        0        0        0        0        0        0        0
1.2e+10 0.00158 -9.375         0        0        0        0        0        0        0        0
1.2e+10 0.00158 -9.325         0        0        0        0        0        0        0        0
1.2e+10 0.00158 -9.275         0        0        0        0        0        0        0        0
1.2e+10 0.00158 -9.225         0        0        0        0        0        0        0        0
1.2e+10 0.00158 -9.175         0        0        0        0        0        0        0        0
1.2e+10 0.00158 -9.125         0        0        0        0        0        0        0        0
1.2e+10 0.00158 -9.075         0        0        0        0        0        0        0        0
1.2e+10 0.00158 -9.025         0        0        0        0        0        0        0        0
1.2e+10 0.00158 -8.975         0        0        0        0        0        0        0        0
1.2e+10 0.00158 -8.925         0        0        0        0        0        0        0        0
1.2e+10 0.00158 -8.875         0        0        0        0        0        0        0        0
1.2e+10 0.00158 -8.825         0        0        0        0        0        0        0        0
1.2e+10 0.00158 -8.775         0        0        0        0        0        0        0        0
1.2e+10 0.00158 -8.725         0        0        0        0        0        0        0        0
1.2e+10 0.00158 -8.675         0        0        0        0        0        0        0        0
1.2e+10 0.00158 -8.625         0        0        0        0        0        0        0        0
1.2e+10 0.00158 -8.575         0        0        0        0        0        0        0        0
1.2e+10 0.00158 -8.525         0        0        0        0        0        0        0        0
1.2e+10 0.00158 -8.475         0        0        0        0        0        0        0        0
1.2e+10 0.00158 -8.425         0        0        0        0        0        0        0        0
1.2e+10 0.00158 -8.375         0        0        0        0        0        0        0        0
1.2e+10 0.00158 -8.325         0        0        0        0        0        0        0        0
1.2e+10 0.00158 -8.275         0        0        0        0        0        0        0        0
1.2e+10 0.00158 -8.225         0        0        0        0        0        0        0        0
1.2e+10 0.00158 -8.175         0        0        0        0        0        0        0        0
1.2e+10 0.00158 -8.125         0        0        0        0        0        0        0        0
1.2e+10 0.00158 -8.075         0        0        0        0        0        0        0        0
1.2e+10 0.00158 -8.025         0        0        0        0        0        0        0        0
1.2e+10 0.00158 -7.975         0        0        0        0        0        0        0        0
1.2e+10 0.00158 -7.925         0        0        0        0        0        0        0        0
1.2e+10 0.00158 -7.875         0        0        0        0        0        0        0        0
1.2e+10 0.00158 -7.825         0        0        0        0        0        0        0        0
1.2e+10 0.00158 -7.775         0        0        0        0        0        0        0        0
1.2e+10 0.00158 -7.725         0        0        0        0        0        0        0        0
1.2e+10 0.00158 -7.675         0        0        0        0        0        0        0        0
1.2e+10 0.00158 -7.625         0        0        0        0        0        0        0        0
1.2e+10 0.00158 -7.575         0        0        0        0        0        0        0        0
1.2e+10 0.00158 -7.525         0        0        0        0        0        0        0        0
1.2e+10 0.00158 -7.475         0        0        0        0        0        0        0        0
1.2e+10 0.00158 -7.425         0        0        0        0        0        0        0        0
1.2e+10 0.00158 -7.375         0        0        0        0        0        0        0        0
1.2e+10 0.00158 -7.325         0        0        0        0        0        0        0        0
1.2e+10 0.00158 -7.275         0        0        0        0        0        0        0        0
1.2e+10 0.00158 -7.225         0        0        0        0        0        0        0        0
1.2e+10 0.00158 -7.175         0        0        0        0        0        0        0        0
1.2e+10 0.00158 -7.125         0        0        0        0        0        0        0        0
1.2e+10 0.00158 -7.075         0        0        0        0        0        0        0        0
1.2e+10 0.00158 -7.025         0        0        0        0        0        0        0        0
1.2e+10 0.00158 -6.975         0        0        0        0        0        0        0        0
1.2e+10 0.00158 -6.925         0        0        0        0        0        0        0        0
1.2e+10 0.00158 -6.875         0        0        0        0        0        0        0        0
1.2e+10 0.00158 -6.825         0        0        0        0        0        0        0        0
1.2e+10 0.00158 -6.775         0        0        0        0        0        0        0        0
1.2e+10 0.00158 -6.725         0        0        0        0        0        0        0        0
1.2e+10 0.00158 -6.675         0        0        0        0        0        0        0        0
1.2e+10 0.00158 -6.625         0        0        0        0        0        0        0        0
1.2e+10 0.00158 -6.575         0        0        0        0        0        0        0        0
1.2e+10 0.00158 -6.525         0        0        0        0        0        0        0        0
1.2e+10 0.00158 -6.475         0        0        0        0        0        0        0        0
1.2e+10 0.00158 -6.425         0        0        0        0        0        0        0        0
1.2e+10 0.00158 -6.375         0        0        0        0        0        0        0        0
1.2e+10 0.00158 -6.325         0        0        0        0        0        0        0        0
1.2e+10 0.00158 -6.275         0        0        0        0        0        0 3.03e-07        0
1.2e+10 0.00158 -6.225         0        0        0        0        0        0 9.84e-07        0
1.2e+10 0.00158 -6.175         0        0        0        0        0        0 9.65e-07        0
1.2e+10 0.00158 -6.125         0        0        0        0        0        0 1.02e-06        0
1.2e+10 0.00158 -6.075         0        0        0        0        0        0 9.65e-07        0
1.2e+10 0.00158 -6.025         0        0        0        0        0        0 9.65e-07        0
1.2e+10 0.00158 -5.975         0        0        0        0        0 8.89e-07 9.65e-07        0
1.2e+10 0.00158 -5.925         0        0        0        0        0 1.08e-06 9.65e-07        0
1.2e+10 0.00158 -5.875         0        0        0        0        0 1.02e-06 9.27e-07        0
1.2e+10 0.00158 -5.825         0        0        0        0        0 1.02e-06 9.08e-07        0
1.2e+10 0.00158 -5.775         0        0        0        0        0 1.08e-06 9.08e-07        0
1.2e+10 0.00158 -5.725         0        0        0        0        0 9.65e-07 9.08e-07        0
1.2e+10 0.00158 -5.675         0        0        0        0        0 1.02e-06 9.08e-07        0
1.2e+10 0.00158 -5.625         0        0        0        0        0 9.84e-07 9.09e-07        0
1.2e+10 0.00158 -5.575         0        0        0        0        0 9.84e-07 8.71e-07        0
1.2e+10 0.00158 -5.525         0        0        0        0        0 9.46e-07 9.46e-07 2.46e-07
1.2e+10 0.00158 -5.475         0        0        0        0        0 9.46e-07 9.09e-07 1.04e-06
1.2e+10 0.00158 -5.425         0        0        0        0        0 9.46e-07 9.46e-07 1.08e-06
1.2e+10 0.00158 -5.375         0        0        0        0 4.35e-07 9.46e-07 1.31e-06 1.08e-06
1.2e+10 0.00158 -5.325         0        0        0        0 1.14e-06 9.46e-07 1.31e-06 1.08e-06
1.2e+10 0.00158 -5.275         0        0        0        0 1.14e-06 9.46e-07 1.31e-06 1.02e-06
1.2e+10 0.00158 -5.225         0        0        0        0 1.08e-06 9.84e-07 1.36e-06 1.02e-06
1.2e+10 0.00158 -5.175         0        0        0        0 1.14e-06 1.14e-06 1.31e-06 1.04e-06
1.2e+10 0.00158 -5.125         0        0        0        0 1.08e-06 1.36e-06 1.36e-06 1.02e-06
1.2e+10 0.00158 -5.075         0        0        0        0 1.08e-06 1.36e-06 1.31e-06 9.84e-07
1.2e+10 0.00158 -5.025         0        0        0        0 1.02e-06 1.42e-06 1.36e-06 9.84e-07
1.2e+10 0.00158 -4.975         0        0        0        0 1.06e-06 1.42e-06 1.31e-06 9.84e-07
1.2e+10 0.00158 -4.925         0        0        0        0 1.02e-06 1.36e-06 1.31e-06 9.46e-07
1.2e+10 0.00158 -4.875         0        0        0        0 1.02e-06 1.42e-06 1.61e-06 9.84e-07
1.2e+10 0.00158 -4.825         0        0        0        0 9.84e-07 1.36e-06 1.67e-06 1.02e-06
1.2e+10 0.00158 -4.775         0        0        0 4.92e-07 1.02e-06 1.42e-06 3.27e-06 9.84e-07
1.2e+10 0.00158 -4.725         0        0        0 1.19e-06 1.06e-06 1.36e-06 2.55e-06 1.15e-06
1.2e+10 0.00158 -4.675         0        0        0 1.25e-06 1.02e-06 1.55e-06 1.81e-04 1.42e-06
1.2e+10 0.00158 -4.625         0        0        0 1.14e-06 1.10e-06 2.16e-06 2.25e-04 1.36e-06
1.2e+10 0.00158 -4.575         0        0        0 1.19e-06 1.48e-06 3.25e-06 2.24e-04 1.48e-06
1.2e+10 0.00158 -4.525         0        0        0 1.14e-06 1.42e-06 1.81e-04 2.24e-04 1.42e-06
1.2e+10 0.00158 -4.475         0        0        0 1.17e-06 1.53e-06 2.25e-04 2.24e-04 1.48e-06
1.2e+10 0.00158 -4.425         0        0        0 1.10e-06 1.48e-06 2.24e-04 2.23e-04 1.42e-06
1.2e+10 0.00158 -4.375         0        0        0 1.10e-06 1.48e-06 2.24e-04 2.23e-04 1.48e-06
1.2e+10 0.00158 -4.325         0        0        0 1.10e-06 1.53e-06 2.24e-04 2.23e-04 1.42e-06
1.2e+10 0.00158 -4.275         0        0 6.62e-07 1.10e-06 1.48e-06 2.34e-04 2.33e-04 1.42e-06
1.2e+10 0.00158 -4.225         0        0 1.31e-06 1.06e-06 1.48e-06 2.23e-04 2.22e-04 1.70e-06
1.2e+10 0.00158 -4.175         0        0 1.31e-06 1.10e-06 1.48e-06 2.23e-04 2.22e-04 4.78e-05
1.2e+10 0.00158 -4.125         0        0 1.31e-06 1.14e-06 4.72e-05 2.22e-04 2.21e-04 2.25e-04
1.2e+10 0.00158 -4.075         0        0 1.31e-06 1.14e-06 2.25e-04 2.22e-04 2.21e-04 2.25e-04
1.2e+10 0.00158 -4.025         0        0 1.25e-06 1.59e-06 2.25e-04 2.22e-04 2.20e-04 2.24e-04
1.2e+10 0.00158 -3.975         0        0 1.23e-06 1.53e-06 2.24e-04 2.21e-04 2.20e-04 2.24e-04
1.2e+10 0.00158 -3.925         0        0 1.21e-06 1.59e-06 2.35e-04 2.21e-04 2.20e-04 2.24e-04
1.2e+10 0.00158 -3.875         0        0 1.17e-06 1.65e-06 2.24e-04 2.31e-04 2.30e-04 2.34e-04
1.2e+10 0.00158 -3.825         0        0 1.17e-06 1.59e-06 2.23e-04 2.20e-04 2.19e-04 2.23e-04
1.2e+10 0.00158 -3.775         0        0 1.17e-06 1.59e-06 2.23e-04 2.20e-04 2.19e-04 2.23e-04
1.2e+10 0.00158 -3.725         0        0 1.21e-06 1.53e-06 2.23e-04 2.19e-04 2.19e-04 2.22e-04
1.2e+10 0.00158 -3.675         0        0 1.21e-06 1.02e-04 2.33e-04 2.19e-04 2.18e-04 2.22e-04
1.2e+10 0.00158 -3.625         0        0 1.38e-06 2.36e-04 2.22e-04 2.19e-04 2.18e-04 2.22e-04
1.2e+10 0.00158 -3.575  7.76e-07        0 1.70e-06 2.25e-04 2.22e-04 2.19e-04 2.18e-04 2.21e-04
1.2e+10 0.00158 -3.525  1.19e-06        0 1.70e-06 2.24e-04 2.21e-04 2.18e-04 2.17e-04 2.32e-04
1.2e+10 0.00158 -3.475  1.19e-06        0 1.70e-06 2.24e-04 2.21e-04 2.29e-04 2.17e-04 2.21e-04
1.2e+10 0.00158 -3.425  1.19e-06        0 1.76e-06 2.23e-04 2.20e-04 2.18e-04 2.28e-04 2.20e-04
1.2e+10 0.00158 -3.375  1.19e-06        0 1.70e-06 2.34e-04 2.31e-04 2.18e-04 2.17e-04 2.20e-04
1.2e+10 0.00158 -3.325  1.14e-06        0 2.25e-04 2.23e-04 2.20e-04 2.17e-04 2.17e-04 2.19e-04
1.2e+10 0.00158 -3.275  1.15e-06        0 2.24e-04 2.23e-04 2.19e-04 2.17e-04 2.17e-04 2.19e-04
1.2e+10 0.00158 -3.225  1.10e-06        0 2.24e-04 2.22e-04 2.19e-04 2.17e-04 2.16e-04 2.30e-04
1.2e+10 0.00158 -3.175  1.10e-06        0 2.24e-04 2.22e-04 2.19e-04 2.17e-04 2.16e-04 2.19e-04
1.2e+10 0.00158 -3.125  1.10e-06        0 2.24e-04 2.33e-04 2.29e-04 2.17e-04 2.16e-04 2.18e-04
1.2e+10 0.00158 -3.075  1.10e-06        0 2.23e-04 2.21e-04 2.18e-04 2.27e-04 2.16e-04 2.18e-04
1.2e+10 0.00158 -3.025  1.10e-06 3.79e-07 2.23e-04 2.21e-04 2.18e-04 2.16e-04 2.26e-04 2.18e-04
1.2e+10 0.00158 -2.975  1.10e-06 1.93e-06 2.34e-04 2.21e-04 2.18e-04 2.16e-04 2.15e-04 2.18e-04
1.2e+10 0.00158 -2.925  1.14e-06 1.93e-06 2.22e-04 2.20e-04 2.18e-04 2.16e-04 2.15e-04 2.17e-04
1.2e+10 0.00158 -2.875  1.29e-06 1.82e-06 2.22e-04 2.31e-04 2.28e-04 2.16e-04 2.15e-04 2.28e-04
1.2e+10 0.00158 -2.825  1.53e-06 1.74e-06 2.22e-04 2.20e-04 2.17e-04 2.16e-04 2.15e-04 2.17e-04
1.2e+10 0.00158 -2.775  1.59e-06 1.70e-06 2.22e-04 2.19e-04 2.17e-04 2.15e-04 2.14e-04 2.17e-04
1.2e+10 0.00158 -2.725  1.65e-06 1.55e-06 2.21e-04 2.19e-04 2.17e-04 2.15e-04 2.15e-04 2.17e-04
1.2e+10 0.00158 -2.675  1.59e-06 1.55e-06 2.21e-04 2.19e-04 2.17e-04 2.15e-04 2.15e-04 2.17e-04
1.2e+10 0.00158 -2.625  1.59e-06 1.51e-06 2.31e-04 2.29e-04 2.17e-04 2.25e-04 2.25e-04 2.16e-04
1.2e+10 0.00158 -2.575  1.65e-06 1.59e-06 2.20e-04 2.18e-04 2.27e-04 2.15e-04 2.17e-04 2.27e-04
1.2e+10 0.00158 -2.525  1.59e-06 1.93e-06 2.20e-04 2.18e-04 2.16e-04 2.15e-04 2.17e-04 2.16e-04
1.2e+10 0.00158 -2.475  2.14e-04 2.14e-04 2.20e-04 2.18e-04 2.16e-04 2.16e-04 2.12e-04 2.16e-04
1.2e+10 0.00158 -2.425  2.25e-04 2.25e-04 2.19e-04 2.18e-04 2.16e-04 2.18e-04 2.11e-04 2.16e-04
1.2e+10 0.00158 -2.375  2.25e-04 2.24e-04 2.19e-04 2.28e-04 2.16e-04 2.15e-04 2.11e-04 2.15e-04
1.2e+10 0.00158 -2.325  2.35e-04 2.24e-04 2.19e-04 2.17e-04 2.26e-04 2.12e-04 2.11e-04 2.15e-04
1.2e+10 0.00158 -2.275  2.24e-04 2.13e-04 2.19e-04 2.17e-04 2.15e-04 2.11e-04 2.11e-04 2.25e-04
1.2e+10 0.00158 -2.225  2.23e-04 2.23e-04 2.29e-04 2.17e-04 2.15e-04 2.21e-04 2.10e-04 2.16e-04
1.2e+10 0.00158 -2.175  2.23e-04 2.23e-04 2.18e-04 2.17e-04 2.16e-04 2.10e-04 2.20e-04 2.15e-04
1.2e+10 0.00158 -2.125  2.23e-04 2.23e-04 2.18e-04 2.27e-04 2.15e-04 2.11e-04 2.10e-04 2.17e-04
1.2e+10 0.00158 -2.075  2.23e-04 2.12e-04 2.18e-04 2.17e-04 2.18e-04 2.10e-04 2.10e-04 2.18e-04
1.2e+10 0.00158 -2.025  2.23e-04 2.22e-04 2.18e-04 2.16e-04 2.29e-04 2.11e-04 2.10e-04 2.14e-04
1.2e+10 0.00158 -1.975  2.22e-04 2.22e-04 2.18e-04 2.16e-04 2.12e-04 2.11e-04 2.10e-04 2.12e-04
1.2e+10 0.00158 -1.925  2.22e-04 2.22e-04 2.18e-04 2.16e-04 2.12e-04 2.11e-04 2.10e-04 2.22e-04
1.2e+10 0.00158 -1.875  2.21e-04 2.11e-04 2.18e-04 2.26e-04 2.12e-04 2.10e-04 2.47e-04 2.11e-04
1.2e+10 0.00158 -1.825  2.21e-04 2.22e-04 2.28e-04 2.16e-04 2.11e-04 2.20e-04 2.36e-04 2.11e-04
1.2e+10 0.00158 -1.775  2.21e-04 2.21e-04 2.18e-04 2.16e-04 2.21e-04 2.25e-04 2.25e-04 2.11e-04
1.2e+10 0.00158 -1.725  2.20e-04 2.21e-04 2.17e-04 2.17e-04 2.11e-04 2.48e-04 2.14e-04 2.11e-04
1.2e+10 0.00158 -1.675  2.20e-04 2.10e-04 2.17e-04 2.20e-04 2.11e-04 2.24e-04 2.13e-04 2.11e-04
1.2e+10 0.00158 -1.625  2.20e-04 2.21e-04 2.17e-04 2.16e-04 2.11e-04 2.16e-04 2.14e-04 2.21e-04
1.2e+10 0.00158 -1.575  2.19e-04 2.20e-04 2.17e-04 2.23e-04 2.12e-04 2.14e-04 2.14e-04 2.11e-04
1.2e+10 0.00158 -1.525  2.19e-04 2.20e-04 2.17e-04 2.13e-04 2.11e-04 2.15e-04 2.15e-04 2.11e-04
1.2e+10 0.00158 -1.475  2.19e-04 2.09e-04 2.28e-04 2.12e-04 2.21e-04 2.15e-04 2.18e-04 2.10e-04
1.2e+10 0.00158 -1.425  2.19e-04 2.19e-04 2.20e-04 2.12e-04 2.11e-04 2.26e-04 2.20e-04 2.27e-04
1.2e+10 0.00158 -1.375  2.19e-04 2.20e-04 2.18e-04 2.11e-04 2.33e-04 2.19e-04 2.39e-04 2.49e-04
1.2e+10 0.00158 -1.325  2.19e-04 2.19e-04 2.13e-04 2.22e-04 2.50e-04 2.21e-04 2.35e-04 2.34e-04
1.2e+10 0.00158 -1.275  2.18e-04 2.08e-04 2.13e-04 2.12e-04 2.19e-04 2.32e-04 2.46e-04 2.17e-04
1.2e+10 0.00158 -1.225  2.18e-04 2.19e-04 2.13e-04 2.12e-04 2.27e-04 2.36e-04 4.23e-04 2.16e-04
1.2e+10 0.00158 -1.175  2.18e-04 2.19e-04 2.13e-04 2.12e-04 2.17e-04 3.04e-04 4.19e-04 2.16e-04
1.2e+10 0.00158 -1.125  2.18e-04 2.08e-04 2.12e-04 2.12e-04 2.17e-04 4.06e-04 2.11e-04 2.18e-04
1.2e+10 0.00158 -1.075  2.18e-04 2.19e-04 2.23e-04 2.22e-04 2.20e-04 3.74e-04 2.11e-04 2.20e-04
1.2e+10 0.00158 -1.025  2.18e-04 2.19e-04 2.13e-04 2.12e-04 2.23e-04 2.21e-04 2.11e-04 2.24e-04
1.2e+10 0.00158 -0.975  2.17e-04 2.19e-04 2.13e-04 2.49e-04 2.34e-04 2.11e-04 2.12e-04 2.45e-04
1.2e+10 0.00158 -0.925  2.18e-04 2.08e-04 2.13e-04 2.41e-04 2.49e-04 2.12e-04 2.21e-04 2.44e-04
1.2e+10 0.00158 -0.875  2.17e-04 2.18e-04 2.13e-04 2.20e-04 3.23e-04 2.11e-04 2.13e-04 3.69e-04
1.2e+10 0.00158 -0.825  2.17e-04 2.19e-04 2.13e-04 2.29e-04 4.71e-04 2.12e-04 2.11e-04 4.91e-04
1.2e+10 0.00158 -0.775  2.17e-04 2.19e-04 2.13e-04 2.21e-04 2.89e-04 2.13e-04 2.13e-04 2.11e-04
1.2e+10 0.00158 -0.725  2.18e-04 2.09e-04 2.43e-04 2.23e-04 2.11e-04 2.13e-04 2.13e-04 2.11e-04
1.2e+10 0.00158 -0.675  2.28e-04 2.23e-04 2.56e-04 2.32e-04 2.22e-04 2.13e-04 2.13e-04 2.22e-04
1.2e+10 0.00158 -0.625  2.20e-04 2.16e-04 2.24e-04 2.43e-04 2.13e-04 2.23e-04 2.14e-04 2.12e-04
1.2e+10 0.00158 -0.575  2.20e-04 2.15e-04 2.23e-04 2.71e-04 2.12e-04 2.13e-04 2.15e-04 2.12e-04
1.2e+10 0.00158 -0.525  2.14e-04 2.04e-04 2.24e-04 5.37e-04 2.13e-04 2.15e-04 2.24e-04 2.12e-04
1.2e+10 0.00158 -0.475  2.14e-04 2.15e-04 2.33e-04 2.92e-04 2.13e-04 2.14e-04 2.16e-04 2.13e-04
1.2e+10 0.00158 -0.425  2.14e-04 2.14e-04 2.47e-04 2.12e-04 2.23e-04 2.15e-04 2.14e-04 2.14e-04
1.2e+10 0.00158 -0.375  2.14e-04 2.14e-04 2.66e-04 2.12e-04 2.14e-04 2.16e-04 2.17e-04 2.14e-04
1.2e+10 0.00158 -0.325  2.13e-04 2.04e-04 6.20e-04 2.22e-04 2.14e-04 2.16e-04 2.17e-04 2.23e-04
1.2e+10 0.00158 -0.275  2.13e-04 2.14e-04 2.18e-04 2.14e-04 2.15e-04 2.17e-04 2.17e-04 2.14e-04
1.2e+10 0.00158 -0.225  2.14e-04 2.14e-04 2.13e-04 2.13e-04 2.14e-04 2.28e-04 2.19e-04 2.15e-04
1.2e+10 0.00158 -0.175  2.13e-04 2.16e-04 2.13e-04 2.15e-04 2.16e-04 2.17e-04 2.19e-04 2.15e-04
1.2e+10 0.00158 -0.125  2.13e-04 2.06e-04 2.14e-04 2.14e-04 2.25e-04 2.19e-04 2.28e-04 2.16e-04
1.2e+10 0.00158 -0.075  2.14e-04 2.17e-04 2.14e-04 2.25e-04 2.17e-04 2.19e-04 2.21e-04 2.16e-04
1.2e+10 0.00158 -0.025  2.14e-04 2.19e-04 2.14e-04 2.15e-04 2.16e-04 2.19e-04 2.19e-04 2.27e-04
1.2e+10 0.00158  0.025  2.15e-04 2.48e-04 2.24e-04 2.15e-04 2.17e-04 2.22e-04 2.23e-04 2.17e-04
1.2e+10 0.00158  0.075  2.28e-04 2.50e-04 2.15e-04 2.16e-04 2.19e-04 2.21e-04 2.22e-04 2.19e-04
1.2e+10 0.00158  0.125  2.61e-04 2.39e-04 2.16e-04 2.15e-04 2.28e-04 2.23e-04 2.24e-04 2.18e-04
1.2e+10 0.00158  0.175  2.29e-04 2.58e-04 2.16e-04 2.27e-04 2.20e-04 2.31e-04 2.25e-04 2.20e-04
1.2e+10 0.00158  0.225  2.28e-04 2.91e-04 2.16e-04 2.18e-04 2.21e-04 2.24e-04 2.27e-04 2.21e-04
1.2e+10 0.00158  0.275  2.36e-04 5.76e-04 2.17e-04 2.17e-04 2.20e-04 2.27e-04 2.27e-04 2.30e-04
1.2e+10 0.00158  0.325  2.52e-04 2.19e-04 2.17e-04 2.19e-04 2.23e-04 2.27e-04 2.39e-04 2.22e-04
1.2e+10 0.00158  0.375  2.83e-04 2.15e-04 2.18e-04 2.18e-04 2.22e-04 2.27e-04 2.27e-04 2.22e-04
1.2e+10 0.00158  0.425  5.92e-04 2.16e-04 2.29e-04 2.30e-04 2.33e-04 2.30e-04 2.33e-04 2.25e-04
1.2e+10 0.00158  0.475  2.16e-04 2.05e-04 2.18e-04 2.19e-04 2.24e-04 2.30e-04 2.31e-04 2.24e-04
1.2e+10 0.00158  0.525  2.13e-04 2.16e-04 2.20e-04 2.22e-04 2.26e-04 2.31e-04 2.34e-04 2.24e-04
1.2e+10 0.00158  0.575  2.14e-04 2.16e-04 2.20e-04 2.22e-04 2.27e-04 2.33e-04 2.35e-04 2.28e-04
1.2e+10 0.00158  0.625  2.14e-04 2.16e-04 2.20e-04 2.22e-04 2.28e-04 2.43e-04 2.35e-04 2.39e-04
1.2e+10 0.00158  0.675  2.15e-04 2.07e-04 2.23e-04 2.34e-04 2.39e-04 2.35e-04 2.38e-04 2.28e-04
1.2e+10 0.00158  0.725  2.14e-04 2.17e-04 2.21e-04 2.24e-04 2.31e-04 2.35e-04 2.47e-04 2.32e-04
1.2e+10 0.00158  0.775  2.16e-04 2.17e-04 2.34e-04 2.25e-04 2.32e-04 2.41e-04 2.42e-04 2.30e-04
1.2e+10 0.00158  0.825  2.15e-04 2.18e-04 2.22e-04 2.27e-04 2.32e-04 2.38e-04 2.42e-04 2.33e-04
1.2e+10 0.00158  0.875  2.16e-04 2.10e-04 2.25e-04 2.27e-04 2.34e-04 2.39e-04 2.45e-04 2.34e-04
1.2e+10 0.00158  0.925  2.16e-04 2.19e-04 2.25e-04 2.38e-04 2.35e-04 2.45e-04 2.41e-04 2.45e-04
1.2e+10 0.00158  0.975  2.18e-04 2.19e-04 2.25e-04 2.30e-04 2.48e-04 2.45e-04 2.50e-04 2.38e-04
1.2e+10 0.00158  1.025  2.27e-04 2.20e-04 2.29e-04 2.32e-04 2.38e-04 2.54e-04 2.46e-04 2.36e-04
1.2e+10 0.00158  1.075  2.18e-04 2.11e-04 2.27e-04 2.31e-04 2.40e-04 2.47e-04 2.49e-04 2.42e-04
1.2e+10 0.00158  1.125  2.17e-04 2.22e-04 2.30e-04 2.33e-04 2.42e-04 2.50e-04 2.60e-04 2.42e-04
1.2e+10 0.00158  1.175  2.19e-04 2.22e-04 2.42e-04 2.47e-04 2.42e-04 2.50e-04 2.51e-04 2.41e-04
1.2e+10 0.00158  1.225  2.20e-04 2.23e-04 2.31e-04 2.36e-04 2.55e-04 2.52e-04 2.54e-04 2.46e-04
1.2e+10 0.00158  1.275  2.20e-04 2.13e-04 2.34e-04 2.39e-04 2.46e-04 2.55e-04 2.55e-04 2.54e-04
1.2e+10 0.00158  1.325  2.21e-04 2.26e-04 2.36e-04 2.39e-04 2.48e-04 2.56e-04 2.58e-04 2.48e-04
1.2e+10 0.00158  1.375  2.20e-04 2.24e-04 2.36e-04 2.39e-04 2.51e-04 2.55e-04 2.59e-04 2.50e-04
1.2e+10 0.00158  1.425  2.23e-04 2.17e-04 2.37e-04 2.55e-04 2.50e-04 2.69e-04 2.62e-04 2.50e-04
1.2e+10 0.00158  1.475  2.23e-04 2.27e-04 2.40e-04 2.42e-04 2.53e-04 2.59e-04 2.64e-04 2.55e-04
1.2e+10 0.00158  1.525  2.23e-04 2.27e-04 2.42e-04 2.47e-04 2.65e-04 2.63e-04 2.69e-04 2.55e-04
1.2e+10 0.00158  1.575  2.25e-04 2.30e-04 2.49e-04 2.46e-04 2.55e-04 2.67e-04 2.84e-04 2.62e-04
1.2e+10 0.00158  1.625  2.26e-04 2.19e-04 2.46e-04 2.49e-04 2.60e-04 2.75e-04 2.75e-04 2.59e-04
1.2e+10 0.00158  1.675  2.26e-04 2.31e-04 2.46e-04 2.61e-04 2.59e-04 2.81e-04 2.89e-04 2.59e-04
1.2e+10 0.00158  1.725  2.27e-04 2.33e-04 2.46e-04 2.54e-04 2.63e-04 2.78e-04 2.93e-04 2.67e-04
1.2e+10 0.00158  1.775  2.28e-04 2.34e-04 2.50e-04 2.53e-04 2.76e-04 2.93e-04 3.01e-04 2.63e-04
1.2e+10 0.00158  1.825  2.30e-04 2.25e-04 2.50e-04 2.60e-04 2.64e-04 3.09e-04 3.20e-04 2.63e-04
1.2e+10 0.00158  1.875  2.30e-04 2.35e-04 2.53e-04 2.56e-04 2.78e-04 3.21e-04 3.20e-04 2.90e-04
1.2e+10 0.00158  1.925  2.34e-04 2.40e-04 2.64e-04 2.62e-04 2.82e-04 3.21e-04 3.54e-04 2.82e-04
1.2e+10 0.00158  1.975  2.32e-04 2.38e-04 2.56e-04 2.72e-04 2.88e-04 3.43e-04 3.70e-04 2.87e-04
1.2e+10 0.00158  2.025  2.36e-04 2.33e-04 2.61e-04 2.68e-04 3.06e-04 3.74e-04 3.75e-04 2.95e-04
1.2e+10 0.00158  2.075  2.35e-04 2.41e-04 2.60e-04 2.67e-04 3.09e-04 3.74e-04 4.18e-04 3.09e-04
1.2e+10 0.00158  2.125  2.37e-04 2.45e-04 2.67e-04 2.70e-04 3.19e-04 4.15e-04 4.03e-04 3.15e-04
1.2e+10 0.00158  2.175  2.40e-04 2.44e-04 2.64e-04 2.81e-04 3.40e-04 4.18e-04 4.57e-04 3.40e-04
1.2e+10 0.00158  2.225  2.40e-04 2.39e-04 2.72e-04 2.97e-04 3.57e-04 4.60e-04 4.68e-04 3.70e-04
1.2e+10 0.00158  2.275  2.43e-04 2.48e-04 2.72e-04 2.94e-04 3.98e-04 4.68e-04 4.67e-04 3.86e-04
1.2e+10 0.00158  2.325  2.43e-04 2.48e-04 2.82e-04 3.15e-04 4.10e-04 4.88e-04 5.56e-04 4.03e-04
1.2e+10 0.00158  2.375  2.45e-04 2.55e-04 2.87e-04 3.17e-04 4.48e-04 5.57e-04 5.46e-04 4.33e-04
1.2e+10 0.00158  2.425  2.47e-04 2.46e-04 3.01e-04 3.47e-04 4.48e-04 5.58e-04 5.47e-04 4.48e-04
1.2e+10 0.00158  2.475  2.48e-04 2.55e-04 3.01e-04 3.68e-04 5.03e-04 5.59e-04 6.36e-04 4.83e-04
1.2e+10 0.00158  2.525  2.54e-04 2.60e-04 3.24e-04 4.04e-04 4.89e-04 6.36e-04 6.37e-04 5.17e-04
1.2e+10 0.00158  2.575  2.51e-04 2.60e-04 3.33e-04 4.23e-04 5.71e-04 6.38e-04 7.31e-04 5.23e-04
1.2e+10 0.00158  2.625  2.53e-04 2.56e-04 3.78e-04 4.65e-04 5.78e-04 7.38e-04 8.12e-04 5.77e-04
1.2e+10 0.00158  2.675  2.68e-04 2.66e-04 4.09e-04 4.78e-04 5.79e-04 8.12e-04 7.86e-04 5.78e-04
1.2e+10 0.00158  2.725  2.56e-04 2.70e-04 4.59e-04 5.22e-04 6.44e-04 8.15e-04 8.72e-04 6.28e-04
1.2e+10 0.00158  2.775  2.65e-04 2.72e-04 4.93e-04 5.30e-04 6.66e-04 8.72e-04 9.33e-04 6.66e-04
1.2e+10 0.00158  2.825  2.61e-04 2.67e-04 5.08e-04 5.82e-04 7.22e-04 9.34e-04 9.55e-04 7.18e-04
1.2e+10 0.00158  2.875  2.68e-04 2.81e-04 5.49e-04 6.17e-04 8.26e-04 9.47e-04 1.01e-03 8.26e-04
1.2e+10 0.00158  2.925  2.67e-04 2.82e-04 5.70e-04 5.99e-04 8.16e-04 1.01e-03 1.07e-03 8.16e-04
1.2e+10 0.00158  2.975  2.76e-04 3.01e-04 6.01e-04 6.94e-04 8.53e-04 1.07e-03 1.24e-03 8.39e-04
1.2e+10 0.00158  3.025  2.76e-04 3.12e-04 6.38e-04 6.95e-04 9.71e-04 1.21e-03 1.25e-03 9.34e-04
1.2e+10 0.00158  3.075  2.78e-04 3.33e-04 6.41e-04 7.66e-04 9.34e-04 1.25e-03 1.26e-03 9.57e-04
1.2e+10 0.00158  3.125  2.96e-04 3.64e-04 7.23e-04 8.45e-04 1.02e-03 1.26e-03 1.35e-03 1.01e-03
1.2e+10 0.00158  3.175  3.14e-04 4.32e-04 7.32e-04 8.48e-04 1.09e-03 1.39e-03 1.43e-03 1.05e-03
1.2e+10 0.00158  3.225  3.21e-04 4.87e-04 8.30e-04 9.24e-04 1.20e-03 1.38e-03 1.45e-03 1.18e-03
1.2e+10 0.00158  3.275  3.48e-04 5.97e-04 8.47e-04 9.37e-04 1.21e-03 1.39e-03 1.54e-03 1.25e-03
1.2e+10 0.00158  3.325  3.95e-04 6.40e-04 8.57e-04 9.91e-04 1.26e-03 1.58e-03 1.60e-03 1.22e-03
1.2e+10 0.00158  3.375  4.51e-04 6.46e-04 9.72e-04 1.02e-03 1.33e-03 1.55e-03 1.62e-03 1.35e-03
1.2e+10 0.00158  3.425  5.77e-04 6.78e-04 9.76e-04 1.12e-03 1.39e-03 1.57e-03 1.75e-03 1.38e-03
1.2e+10 0.00158  3.475  6.45e-04 6.99e-04 9.87e-04 1.25e-03 1.35e-03 1.71e-03 1.74e-03 1.40e-03
1.2e+10 0.00158  3.525  6.56e-04 6.97e-04 1.07e-03 1.21e-03 1.51e-03 1.74e-03 1.90e-03 1.46e-03
1.2e+10 0.00158  3.575  6.70e-04 7.80e-04 1.18e-03 1.23e-03 1.50e-03 1.90e-03 2.08e-03 1.55e-03
1.2e+10 0.00158  3.625  7.16e-04 7.76e-04 1.21e-03 1.33e-03 1.57e-03 1.94e-03 2.13e-03 1.51e-03
1.2e+10 0.00158  3.675  7.18e-04 8.70e-04 1.22e-03 1.39e-03 1.65e-03 2.12e-03 2.24e-03 1.64e-03
1.2e+10 0.00158  3.725  7.63e-04 8.80e-04 1.25e-03 1.36e-03 1.66e-03 2.13e-03 2.43e-03 1.71e-03
1.2e+10 0.00158  3.775  7.93e-04 9.24e-04 1.34e-03 1.49e-03 1.79e-03 2.34e-03 2.45e-03 1.76e-03
1.2e+10 0.00158  3.825  8.82e-04 9.68e-04 1.40e-03 1.51e-03 1.85e-03 2.34e-03 2.60e-03 1.85e-03
1.2e+10 0.00158  3.875  8.78e-04 9.62e-04 1.39e-03 1.52e-03 1.97e-03 2.54e-03 2.74e-03 2.04e-03
1.2e+10 0.00158  3.925  9.02e-04 1.05e-03 1.45e-03 1.65e-03 2.00e-03 2.63e-03 2.90e-03 1.99e-03
1.2e+10 0.00158  3.975  9.75e-04 1.08e-03 1.46e-03 1.62e-03 2.15e-03 2.65e-03 2.93e-03 2.22e-03
1.2e+10 0.00158  4.025  1.01e-03 1.13e-03 1.53e-03 1.75e-03 2.28e-03 2.91e-03 3.23e-03 2.20e-03
1.2e+10 0.00158  4.075  1.02e-03 1.22e-03 1.60e-03 1.86e-03 2.30e-03 2.93e-03 3.34e-03 2.32e-03
1.2e+10 0.00158  4.125  1.06e-03 1.19e-03 1.64e-03 1.90e-03 2.36e-03 3.15e-03 3.52e-03 2.43e-03
1.2e+10 0.00158  4.175  1.16e-03 1.27e-03 1.77e-03 1.93e-03 2.55e-03 3.26e-03 3.54e-03 2.55e-03
1.2e+10 0.00158  4.225  1.18e-03 1.30e-03 1.81e-03 2.17e-03 2.56e-03 3.37e-03 3.85e-03 2.68e-03
1.2e+10 0.00158  4.275  1.18e-03 1.31e-03 1.84e-03 2.13e-03 2.71e-03 3.47e-03 3.87e-03 2.71e-03
1.2e+10 0.00158  4.325  1.27e-03 1.35e-03 1.94e-03 2.18e-03 2.81e-03 3.75e-03 4.15e-03 2.84e-03
1.2e+10 0.00158  4.375  1.29e-03 1.39e-03 2.03e-03 2.30e-03 2.92e-03 3.78e-03 4.31e-03 2.95e-03
1.2e+10 0.00158  4.425  1.30e-03 1.42e-03 2.05e-03 2.41e-03 3.06e-03 3.93e-03 4.63e-03 3.07e-03
1.2e+10 0.00158  4.475  1.29e-03 1.43e-03 2.16e-03 2.47e-03 3.06e-03 4.13e-03 4.96e-03 3.27e-03
1.2e+10 0.00158  4.525  1.40e-03 1.50e-03 2.18e-03 2.57e-03 3.24e-03 4.35e-03 5.04e-03 3.25e-03
1.2e+10 0.00158  4.575  1.41e-03 1.51e-03 2.28e-03 2.61e-03 3.32e-03 4.55e-03 5.25e-03 3.36e-03
1.2e+10 0.00158  4.625  1.42e-03 1.60e-03 2.32e-03 2.70e-03 3.39e-03 4.79e-03 5.43e-03 3.52e-03
1.2e+10 0.00158  4.675  1.50e-03 1.65e-03 2.42e-03 2.84e-03 3.51e-03 4.82e-03 5.65e-03 3.60e-03
1.2e+10 0.00158  4.725  1.51e-03 1.76e-03 2.53e-03 2.91e-03 3.57e-03 4.99e-03 5.64e-03 3.67e-03
1.2e+10 0.00158  4.775  1.54e-03 1.70e-03 2.57e-03 3.00e-03 3.81e-03 5.20e-03 5.81e-03 3.91e-03
1.2e+10 0.00158  4.825  1.64e-03 1.78e-03 2.63e-03 3.05e-03 3.85e-03 5.16e-03 5.99e-03 4.01e-03
1.2e+10 0.00158  4.875  1.69e-03 1.88e-03 2.67e-03 3.10e-03 3.96e-03 5.42e-03 6.18e-03 4.11e-03
1.2e+10 0.00158  4.925  1.71e-03 1.90e-03 2.76e-03 3.17e-03 4.05e-03 5.41e-03 6.38e-03 4.33e-03
1.2e+10 0.00158  4.975  1.75e-03 1.98e-03 2.92e-03 3.28e-03 4.06e-03 5.56e-03 6.58e-03 4.33e-03
1.2e+10 0.00158  5.025  1.80e-03 2.00e-03 2.83e-03 3.32e-03 4.26e-03 5.90e-03 5.67e-03 4.44e-03
1.2e+10 0.00158  5.075  1.82e-03 2.01e-03 2.90e-03 3.35e-03 4.36e-03 5.90e-03 5.32e-03 4.61e-03
1.2e+10 0.00158  5.125  1.94e-03 2.12e-03 3.07e-03 3.48e-03 4.43e-03 6.07e-03 5.64e-03 4.63e-03
1.2e+10 0.00158  5.175  1.93e-03 2.11e-03 3.02e-03 3.59e-03 4.43e-03 5.26e-03 5.79e-03 4.74e-03
1.2e+10 0.00158  5.225  1.97e-03 2.24e-03 3.06e-03 3.67e-03 4.63e-03 4.98e-03 5.95e-03 4.86e-03
1.2e+10 0.00158  5.275  2.11e-03 2.20e-03 3.10e-03 3.68e-03 4.57e-03 5.28e-03 5.91e-03 4.98e-03
1.2e+10 0.00158  5.325  2.09e-03 2.32e-03 3.27e-03 3.81e-03 4.86e-03 5.41e-03 6.28e-03 5.11e-03
1.2e+10 0.00158  5.375  2.09e-03 2.34e-03 3.23e-03 3.75e-03 4.97e-03 5.55e-03 6.45e-03 5.07e-03
1.2e+10 0.00158  5.425  2.25e-03 2.38e-03 3.29e-03 3.94e-03 4.92e-03 5.69e-03 6.29e-03 5.38e-03
1.2e+10 0.00158  5.475  2.23e-03 2.44e-03 3.35e-03 4.00e-03 5.22e-03 5.84e-03 6.08e-03 5.52e-03
1.2e+10 0.00158  5.525  2.29e-03 2.49e-03 3.36e-03 3.91e-03 5.17e-03 5.98e-03 6.43e-03 4.92e-03
1.2e+10 0.00158  5.575  2.36e-03 2.41e-03 3.44e-03 4.15e-03 4.71e-03 5.90e-03 6.26e-03 4.97e-03
1.2e+10 0.00158  5.625  2.40e-03 2.62e-03 3.64e-03 4.24e-03 4.79e-03 6.04e-03 6.35e-03 5.08e-03
1.2e+10 0.00158  5.675  2.47e-03 2.56e-03 3.49e-03 4.16e-03 4.90e-03 6.13e-03 6.73e-03 5.01e-03
1.2e+10 0.00158  5.725  2.51e-03 2.60e-03 3.54e-03 4.42e-03 5.01e-03 6.22e-03 6.56e-03 5.33e-03
1.2e+10 0.00158  5.775  2.53e-03 2.62e-03 3.76e-03 4.53e-03 5.13e-03 6.04e-03 6.94e-03 5.45e-03
1.2e+10 0.00158  5.825  2.66e-03 2.71e-03 3.67e-03 4.44e-03 5.26e-03 6.40e-03 6.77e-03 5.38e-03
1.2e+10 0.00158  5.875  2.70e-03 2.68e-03 3.91e-03 4.72e-03 5.37e-03 6.50e-03 7.40e-03 5.72e-03
1.2e+10 0.00158  5.925  2.70e-03 2.75e-03 3.82e-03 4.75e-03 5.29e-03 6.61e-03 7.57e-03 5.86e-03
1.2e+10 0.00158  5.975  2.80e-03 2.77e-03 3.89e-03 4.36e-03 5.63e-03 6.71e-03 7.36e-03 6.08e-03
1.2e+10 0.00158  6.025  2.79e-03 2.78e-03 4.14e-03 4.64e-03 6.12e-03 6.83e-03 7.84e-03 6.10e-03
1.2e+10 0.00158  6.075  2.84e-03 2.82e-03 4.05e-03 4.54e-03 6.08e-03 7.49e-03 7.98e-03 6.18e-03
1.2e+10 0.00158  6.125  2.93e-03 2.86e-03 4.13e-03 4.83e-03 6.18e-03 7.62e-03 8.13e-03 6.28e-03
1.2e+10 0.00158  6.175  2.89e-03 2.82e-03 4.39e-03 4.74e-03 6.26e-03 7.76e-03 8.29e-03 6.10e-03
1.2e+10 0.00158  6.225  3.06e-03 2.88e-03 4.12e-03 5.04e-03 6.63e-03 7.90e-03 8.44e-03 6.46e-03
1.2e+10 0.00158  6.275  2.99e-03 2.92e-03 4.03e-03 4.96e-03 6.46e-03 8.05e-03 9.46e-03 6.56e-03
1.2e+10 0.00158  6.325  3.10e-03 2.96e-03 4.28e-03 5.27e-03 6.55e-03 8.21e-03 9.99e-03 6.67e-03
1.2e+10 0.00158  6.375  3.16e-03 2.93e-03 4.18e-03 5.18e-03 6.66e-03 8.36e-03 1.02e-02 6.77e-03
1.2e+10 0.00158  6.425  3.21e-03 3.11e-03 4.46e-03 5.57e-03 6.76e-03 8.73e-03 1.05e-02 7.44e-03
1.2e+10 0.00158  6.475  3.35e-03 2.97e-03 4.35e-03 6.05e-03 7.69e-03 9.87e-03 1.07e-02 7.57e-03
1.2e+10 0.00158  6.525  3.32e-03 3.01e-03 4.63e-03 6.15e-03 7.57e-03 1.01e-02 1.05e-02 7.71e-03
1.2e+10 0.00158  6.575  3.38e-03 3.23e-03 4.52e-03 5.96e-03 7.70e-03 1.08e-02 1.14e-02 7.85e-03
1.2e+10 0.00158  6.625  3.48e-03 3.11e-03 4.61e-03 6.32e-03 8.19e-03 1.06e-02 1.17e-02 7.99e-03
1.2e+10 0.00158  6.675  3.71e-03 3.16e-03 4.92e-03 6.41e-03 8.00e-03 1.08e-02 1.34e-02 8.15e-03
1.2e+10 0.00158  6.725  3.61e-03 3.37e-03 4.81e-03 6.23e-03 8.51e-03 1.16e-02 1.38e-02 8.30e-03
1.2e+10 0.00158  6.775  3.68e-03 3.26e-03 5.48e-03 6.62e-03 8.30e-03 1.06e-02 1.42e-02 8.46e-03
1.2e+10 0.00158  6.825  3.74e-03 3.31e-03 5.57e-03 6.71e-03 8.47e-03 1.38e-02 1.47e-02 9.58e-03
1.2e+10 0.00158  6.875  3.99e-03 3.55e-03 5.64e-03 6.87e-03 1.01e-02 1.36e-02 1.52e-02 1.05e-02
1.2e+10 0.00158  6.925  3.89e-03 3.42e-03 5.71e-03 7.49e-03 1.05e-02 1.47e-02 1.55e-02 1.03e-02
1.2e+10 0.00158  6.975  3.96e-03 3.48e-03 5.79e-03 7.63e-03 1.03e-02 1.45e-02 1.35e-02 1.05e-02
1.2e+10 0.00158  7.025  4.04e-03 3.44e-03 5.87e-03 7.77e-03 1.10e-02 1.50e-02 1.33e-02 1.08e-02
1.2e+10 0.00158  7.075  4.10e-03 3.30e-03 5.95e-03 7.55e-03 1.13e-02 1.62e-02 1.43e-02 1.15e-02
1.2e+10 0.00158  7.125  3.85e-03 3.17e-03 6.03e-03 8.05e-03 1.11e-02 1.38e-02 1.47e-02 1.08e-02
1.2e+10 0.00158  7.175  3.92e-03 3.40e-03 6.13e-03 8.20e-03 1.12e-02 1.44e-02 1.52e-02 1.28e-02
1.2e+10 0.00158  7.225  3.99e-03 3.45e-03 6.29e-03 8.36e-03 1.33e-02 1.42e-02 1.57e-02 1.35e-02
1.2e+10 0.00158  7.275  4.26e-03 3.32e-03 7.12e-03 8.74e-03 1.42e-02 1.46e-02 1.62e-02 1.39e-02
1.2e+10 0.00158  7.325  4.15e-03 3.55e-03 6.90e-03 9.87e-03 1.40e-02 1.51e-02 1.48e-02 1.50e-02
1.2e+10 0.00158  7.375  4.22e-03 3.42e-03 7.36e-03 1.01e-02 1.51e-02 1.63e-02 1.31e-02 1.48e-02
1.2e+10 0.00158  7.425  4.50e-03 3.67e-03 7.13e-03 1.03e-02 1.49e-02 1.61e-02 1.35e-02 1.53e-02
1.2e+10 0.00158  7.475  4.39e-03 3.73e-03 7.61e-03 1.06e-02 1.61e-02 1.61e-02 1.45e-02 1.51e-02
1.2e+10 0.00158  7.525  4.47e-03 3.58e-03 7.74e-03 1.13e-02 1.47e-02 1.31e-02 1.43e-02 1.36e-02
1.2e+10 0.00158  7.575  4.77e-03 3.85e-03 7.52e-03 1.11e-02 1.37e-02 1.41e-02 1.47e-02 1.47e-02
1.2e+10 0.00158  7.625  4.85e-03 3.70e-03 8.02e-03 1.06e-02 1.48e-02 1.45e-02 1.51e-02 1.45e-02
1.2e+10 0.00158  7.675  5.28e-03 3.97e-03 8.59e-03 1.37e-02 1.46e-02 1.42e-02 1.56e-02 1.49e-02
1.2e+10 0.00158  7.725  5.34e-03 4.20e-03 9.46e-03 1.36e-02 1.58e-02 1.53e-02 1.60e-02 1.54e-02
1.2e+10 0.00158  7.775  5.40e-03 4.51e-03 9.67e-03 1.40e-02 1.56e-02 1.51e-02 1.65e-02 1.59e-02
1.2e+10 0.00158  7.825  5.74e-03 4.56e-03 9.89e-03 1.45e-02 1.68e-02 1.63e-02 1.56e-02 1.72e-02
1.2e+10 0.00158  7.875  5.55e-03 4.61e-03 1.01e-02 1.56e-02 1.63e-02 1.68e-02 1.29e-02 1.36e-02
1.2e+10 0.00158  7.925  5.62e-03 4.38e-03 1.08e-02 1.55e-02 1.37e-02 1.66e-02 1.38e-02 1.33e-02
1.2e+10 0.00158  7.975  5.70e-03 4.71e-03 1.06e-02 1.40e-02 1.34e-02 1.54e-02 1.35e-02 1.43e-02
1.2e+10 0.00158  8.025  5.77e-03 4.76e-03 1.02e-02 1.44e-02 1.45e-02 1.35e-02 1.45e-02 1.41e-02
1.2e+10 0.00158  8.075  5.85e-03 4.80e-03 1.27e-02 1.42e-02 1.49e-02 1.38e-02 1.43e-02 1.51e-02
1.2e+10 0.00158  8.125  6.41e-03 4.59e-03 1.29e-02 1.46e-02 1.53e-02 1.48e-02 1.53e-02 1.56e-02
1.2e+10 0.00158  8.175  6.80e-03 4.92e-03 1.39e-02 1.51e-02 1.58e-02 1.46e-02 1.58e-02 1.54e-02
1.2e+10 0.00158  8.225  6.91e-03 4.97e-03 1.37e-02 1.55e-02 1.63e-02 1.50e-02 1.55e-02 1.65e-02
1.2e+10 0.00158  8.275  7.02e-03 5.02e-03 1.48e-02 1.60e-02 1.68e-02 1.54e-02 1.67e-02 1.63e-02
1.2e+10 0.00158  8.325  7.49e-03 5.48e-03 1.46e-02 1.67e-02 1.74e-02 1.59e-02 1.64e-02 1.72e-02
1.2e+10 0.00158  8.375  7.26e-03 5.82e-03 1.45e-02 1.31e-02 1.50e-02 1.63e-02 1.46e-02 1.33e-02
1.2e+10 0.00158  8.425  7.38e-03 5.90e-03 1.36e-02 1.40e-02 1.35e-02 1.68e-02 1.36e-02 1.37e-02
1.2e+10 0.00158  8.475  7.51e-03 6.32e-03 1.33e-02 1.38e-02 1.45e-02 1.73e-02 1.45e-02 1.40e-02
1.2e+10 0.00158  8.525  8.02e-03 6.07e-03 1.37e-02 1.48e-02 1.42e-02 1.40e-02 1.49e-02 1.44e-02
1.2e+10 0.00158  8.575  8.15e-03 6.15e-03 1.48e-02 1.46e-02 1.53e-02 1.43e-02 1.47e-02 1.48e-02
1.2e+10 0.00158  8.625  9.45e-03 6.60e-03 1.45e-02 1.57e-02 1.50e-02 1.47e-02 1.57e-02 1.52e-02
1.2e+10 0.00158  8.675  9.66e-03 6.33e-03 1.50e-02 1.55e-02 1.61e-02 1.57e-02 1.53e-02 1.56e-02
1.2e+10 0.00158  8.725  9.88e-03 6.43e-03 1.62e-02 1.67e-02 1.59e-02 1.55e-02 1.27e-02 1.61e-02
1.2e+10 0.00158  8.775  9.62e-03 6.90e-03 1.46e-02 1.65e-02 1.71e-02 1.59e-02 1.24e-02 1.66e-02
1.2e+10 0.00158  8.825  1.03e-02 6.78e-03 1.32e-02 1.61e-02 1.69e-02 1.46e-02 1.32e-02 1.71e-02
1.2e+10 0.00158  8.875  1.06e-02 8.07e-03 1.29e-02 1.34e-02 1.65e-02 1.28e-02 1.29e-02 1.53e-02
1.2e+10 0.00158  8.925  1.03e-02 8.23e-03 1.39e-02 1.38e-02 1.46e-02 1.37e-02 1.38e-02 1.41e-02
1.2e+10 0.00158  8.975  1.23e-02 8.38e-03 1.36e-02 1.41e-02 1.44e-02 1.34e-02 1.35e-02 1.45e-02
1.2e+10 0.00158  9.025  1.29e-02 9.02e-03 1.46e-02 1.39e-02 1.54e-02 1.37e-02 1.45e-02 1.55e-02
1.2e+10 0.00158  9.075  1.32e-02 8.71e-03 1.51e-02 1.49e-02 1.58e-02 1.47e-02 1.42e-02 1.53e-02
1.2e+10 0.00158  9.125  1.36e-02 8.89e-03 1.48e-02 1.53e-02 1.63e-02 1.44e-02 1.43e-02 1.57e-02
1.2e+10 0.00158  9.175  1.47e-02 9.07e-03 1.60e-02 1.57e-02 1.67e-02 1.47e-02 9.46e-03 1.60e-02
1.2e+10 0.00158  9.225  1.45e-02 8.92e-03 1.65e-02 1.62e-02 1.35e-02 1.58e-02 1.01e-02 1.32e-02
1.2e+10 0.00158  9.275  1.48e-02 9.33e-03 1.50e-02 1.67e-02 1.35e-02 9.88e-03 1.02e-02 1.30e-02
1.2e+10 0.00158  9.325  1.29e-02 1.15e-02 1.28e-02 1.72e-02 1.38e-02 1.05e-02 9.92e-03 1.33e-02
1.2e+10 0.00158  9.375  1.32e-02 1.18e-02 1.31e-02 1.44e-02 1.41e-02 1.07e-02 1.06e-02 1.42e-02
1.2e+10 0.00158  9.425  1.36e-02 1.21e-02 1.35e-02 1.42e-02 1.45e-02 1.04e-02 1.07e-02 1.39e-02
1.2e+10 0.00158  9.475  1.47e-02 1.24e-02 1.38e-02 1.52e-02 1.48e-02 1.10e-02 1.04e-02 1.48e-02
1.2e+10 0.00158  9.525  1.44e-02 1.28e-02 1.42e-02 1.50e-02 1.52e-02 1.12e-02 1.11e-02 1.46e-02
1.2e+10 0.00158  9.575  1.49e-02 1.24e-02 1.45e-02 1.54e-02 1.62e-02 1.09e-02 1.08e-02 1.49e-02
1.2e+10 0.00158  9.625  1.53e-02 1.35e-02 1.42e-02 1.58e-02 1.27e-02 1.16e-02 1.15e-02 1.33e-02
1.2e+10 0.00158  9.675  1.58e-02 1.17e-02 1.53e-02 1.54e-02 1.09e-02 1.18e-02 1.17e-02 1.04e-02
1.2e+10 0.00158  9.725  1.25e-02 1.11e-02 1.57e-02 1.27e-02 1.15e-02 1.21e-02 1.14e-02 1.06e-02
1.2e+10 0.00158  9.775  1.28e-02 1.21e-02 1.62e-02 1.36e-02 1.13e-02 1.18e-02 1.21e-02 1.08e-02
1.2e+10 0.00158  9.825  1.37e-02 1.24e-02 1.54e-02 1.33e-02 1.15e-02 1.25e-02 1.08e-02 1.10e-02
1.2e+10 0.00158  9.875  1.35e-02 1.20e-02 1.34e-02 1.42e-02 1.22e-02 1.28e-02 7.14e-03 1.16e-02
1.2e+10 0.00158  9.925  1.45e-02 1.30e-02 1.37e-02 1.40e-02 1.19e-02 8.73e-03 7.51e-03 1.14e-02
1.2e+10 0.00158  9.975  1.42e-02 1.34e-02 1.35e-02 1.49e-02 1.22e-02 7.77e-03 7.35e-03 1.16e-02
1.2e+10 0.00158 10.025  1.47e-02 1.30e-02 1.44e-02 1.46e-02 1.24e-02 7.86e-03 7.13e-03 1.18e-02
1.2e+10 0.00158 10.075  1.58e-02 1.41e-02 1.48e-02 1.57e-02 1.32e-02 7.42e-03 6.86e-03 1.20e-02
1.2e+10 0.00158 10.125  1.55e-02 1.12e-02 1.52e-02 1.16e-02 1.29e-02 7.54e-03 7.28e-03 1.28e-02
1.2e+10 0.00158 10.175  1.68e-02 1.08e-02 1.41e-02 1.09e-02 1.32e-02 7.62e-03 7.00e-03 1.25e-02
1.2e+10 0.00158 10.225  1.25e-02 1.17e-02 1.22e-02 1.11e-02 1.24e-02 7.35e-03 7.44e-03 1.27e-02
1.2e+10 0.00158 10.275  1.30e-02 1.13e-02 1.19e-02 1.08e-02 8.61e-03 7.80e-03 7.15e-03 1.00e-02
1.2e+10 0.00158 10.325  1.33e-02 1.16e-02 1.27e-02 1.15e-02 9.02e-03 7.89e-03 7.60e-03 8.34e-03
1.2e+10 0.00158 10.375  1.30e-02 1.19e-02 1.30e-02 1.17e-02 8.56e-03 7.60e-03 7.31e-03 8.15e-03
1.2e+10 0.00158 10.425  1.40e-02 1.28e-02 1.27e-02 1.14e-02 8.24e-03 8.07e-03 7.77e-03 8.02e-03
1.2e+10 0.00158 10.475  1.44e-02 1.24e-02 1.35e-02 1.21e-02 8.71e-03 8.16e-03 1.28e-03 7.90e-03
1.2e+10 0.00158 10.525  1.47e-02 1.27e-02 1.32e-02 1.24e-02 8.83e-03 1.32e-04 1.31e-04 7.63e-03
1.2e+10 0.00158 10.575  1.45e-02 1.38e-02 1.41e-02 1.21e-02 8.57e-03 1.32e-04 1.31e-04 8.08e-03
1.2e+10 0.00158 10.625  1.55e-02 1.34e-02 1.43e-02 1.29e-02 9.05e-03 1.32e-04 1.31e-04 8.18e-03
1.2e+10 0.00158 10.675  1.60e-02 1.38e-02 9.44e-03 1.31e-02 8.79e-03 1.31e-04 1.31e-04 8.28e-03
1.2e+10 0.00158 10.725  1.65e-02 1.12e-02 9.58e-03 1.28e-02 9.29e-03 1.38e-04 1.31e-04 8.38e-03
1.2e+10 0.00158 10.775  1.33e-02 1.06e-02 9.73e-03 8.29e-03 9.08e-04 1.31e-04 1.30e-04 8.48e-03
1.2e+10 0.00158 10.825  1.36e-02 1.08e-02 9.88e-03 8.40e-03 1.32e-04 1.31e-04 1.37e-04 5.12e-03
1.2e+10 0.00158 10.875  1.33e-02 1.04e-02 1.00e-02 8.45e-03 1.32e-04 1.31e-04 1.30e-04 1.32e-04
1.2e+10 0.00158 10.925  1.42e-02 1.12e-02 1.02e-02 8.56e-03 1.32e-04 1.30e-04 1.30e-04 1.32e-04
1.2e+10 0.00158 10.975  1.46e-02 1.15e-02 1.04e-02 8.32e-03 1.32e-04 1.30e-04 1.30e-04 1.32e-04
1.2e+10 0.00158 11.025  1.43e-02 1.11e-02 1.05e-02 8.42e-03 1.32e-04 1.30e-04 1.29e-04 1.31e-04
1.2e+10 0.00158 11.075  1.54e-02 1.19e-02 1.07e-02 8.52e-03 1.38e-04 1.30e-04 1.29e-04 1.31e-04
1.2e+10 0.00158 11.125  1.27e-02 1.22e-02 1.09e-02 8.64e-03 1.31e-04 1.36e-04 1.29e-04 1.38e-04
1.2e+10 0.00158 11.175  1.18e-02 1.25e-02 1.11e-02 8.74e-03 1.31e-04 1.29e-04 1.29e-04 1.31e-04
1.2e+10 0.00158 11.225  1.26e-02 1.21e-02 1.13e-02 8.86e-03 1.31e-04 1.29e-04 1.35e-04 1.31e-04
1.2e+10 0.00158 11.275  1.28e-02 1.30e-02 1.15e-02 5.12e-03 1.31e-04 1.29e-04 1.28e-04 1.30e-04
1.2e+10 0.00158 11.325  1.25e-02 1.33e-02 1.17e-02 1.32e-04 1.37e-04 1.29e-04 1.28e-04 1.30e-04
1.2e+10 0.00158 11.375  1.34e-02 1.21e-02 8.14e-03 1.38e-04 1.30e-04 1.29e-04 1.28e-04 1.30e-04
1.2e+10 0.00158 11.425  1.37e-02 1.05e-02 7.17e-03 1.32e-04 1.30e-04 1.28e-04 1.28e-04 1.36e-04
1.2e+10 0.00158 11.475  1.34e-02 1.01e-02 7.25e-03 1.31e-04 1.30e-04 1.28e-04 1.28e-04 1.30e-04
1.2e+10 0.00158 11.525  1.43e-02 1.03e-02 7.11e-03 1.31e-04 1.29e-04 1.34e-04 1.27e-04 1.29e-04
1.2e+10 0.00158 11.575  1.15e-02 1.11e-02 7.16e-03 1.31e-04 1.29e-04 1.28e-04 1.27e-04 1.29e-04
1.2e+10 0.00158 11.625  9.96e-03 1.06e-02 6.88e-03 1.37e-04 1.36e-04 1.28e-04 1.27e-04 1.29e-04
1.2e+10 0.00158 11.675  9.66e-03 1.08e-02 6.96e-03 1.31e-04 1.29e-04 1.27e-04 1.33e-04 1.29e-04
1.2e+10 0.00158 11.725  9.81e-03 1.17e-02 7.39e-03 1.30e-04 1.29e-04 1.27e-04 1.27e-04 1.29e-04
1.2e+10 0.00158 11.775  1.04e-02 1.13e-02 7.10e-03 1.30e-04 1.29e-04 1.27e-04 1.26e-04 1.35e-04
1.2e+10 0.00158 11.825  1.01e-02 1.15e-02 7.17e-03 1.30e-04 1.28e-04 1.27e-04 1.26e-04 1.28e-04
1.2e+10 0.00158 11.875  1.03e-02 8.28e-03 7.63e-03 1.36e-04 1.35e-04 1.27e-04 1.26e-04 1.28e-04
1.2e+10 0.00158 11.925  1.10e-02 8.40e-03 7.33e-03 1.30e-04 1.28e-04 1.33e-04 1.26e-04 1.28e-04
1.2e+10 0.00158 11.975  1.06e-02 8.52e-03 6.64e-03 1.29e-04 1.28e-04 1.26e-04 1.26e-04 1.28e-04
1.2e+10 0.00158 12.025  1.08e-02 8.64e-03 1.37e-04 1.29e-04 1.28e-04 1.26e-04 1.25e-04 1.27e-04
1.2e+10 0.00158 12.075  1.15e-02 8.76e-03 1.30e-04 1.29e-04 1.27e-04 1.26e-04 1.32e-04 1.34e-04
1.2e+10 0.00158 12.125  1.12e-02 9.48e-03 1.30e-04 1.35e-04 1.27e-04 1.26e-04 1.25e-04 1.27e-04
1.2e+10 0.00158 12.175  1.14e-02 9.03e-03 1.30e-04 1.29e-04 1.33e-04 1.25e-04 1.25e-04 1.27e-04
1.2e+10 0.00158 12.225  1.22e-02 9.16e-03 1.30e-04 1.28e-04 1.27e-04 1.25e-04 1.25e-04 1.27e-04
1.2e+10 0.00158 12.275  9.71e-03 9.30e-03 1.30e-04 1.28e-04 1.27e-04 1.25e-04 1.25e-04 1.26e-04
1.2e+10 0.00158 12.325  7.44e-03 9.45e-03 1.29e-04 1.28e-04 1.26e-04 1.31e-04 1.24e-04 1.26e-04
1.2e+10 0.00158 12.375  7.53e-03 9.59e-03 1.29e-04 1.34e-04 1.26e-04 1.25e-04 1.24e-04 1.32e-04
1.2e+10 0.00158 12.425  7.60e-03 9.74e-03 1.36e-04 1.28e-04 1.32e-04 1.25e-04 1.24e-04 1.26e-04
1.2e+10 0.00158 12.475  7.51e-03 9.90e-03 1.29e-04 1.27e-04 1.26e-04 1.24e-04 1.24e-04 1.26e-04
1.2e+10 0.00158 12.525  7.23e-03 6.73e-03 1.29e-04 1.27e-04 1.26e-04 1.24e-04 1.30e-04 1.25e-04
1.2e+10 0.00158 12.575  7.67e-03 5.91e-03 1.29e-04 1.27e-04 1.25e-04 1.24e-04 1.23e-04 1.25e-04
1.2e+10 0.00158 12.625  7.76e-03 5.96e-03 1.28e-04 1.33e-04 1.25e-04 1.24e-04 1.23e-04 1.25e-04
1.2e+10 0.00158 12.675  7.48e-03 6.02e-03 1.28e-04 1.27e-04 1.25e-04 1.24e-04 1.23e-04 1.25e-04
1.2e+10 0.00158 12.725  7.94e-03 6.08e-03 1.28e-04 1.26e-04 1.31e-04 1.30e-04 1.23e-04 1.31e-04
1.2e+10 0.00158 12.775  7.65e-03 5.67e-03 1.34e-04 1.26e-04 1.25e-04 1.23e-04 1.23e-04 1.25e-04
1.2e+10 0.00158 12.825  8.12e-03 6.18e-03 1.28e-04 1.26e-04 1.24e-04 1.23e-04 1.22e-04 1.24e-04
1.2e+10 0.00158 12.875  3.58e-03 6.25e-03 1.27e-04 1.26e-04 1.24e-04 1.23e-04 1.22e-04 1.24e-04
1.2e+10 0.00158 12.925  1.31e-04 6.31e-03 1.27e-04 1.32e-04 1.24e-04 1.23e-04 1.28e-04 1.24e-04
1.2e+10 0.00158 12.975  1.31e-04 6.37e-03 1.27e-04 1.25e-04 1.24e-04 1.22e-04 1.22e-04 1.24e-04
1.2e+10 0.00158 13.025  1.30e-04 6.43e-03 1.27e-04 1.25e-04 1.30e-04 1.22e-04 1.22e-04 1.30e-04
1.2e+10 0.00158 13.075  1.30e-04 6.01e-03 1.27e-04 1.25e-04 1.23e-04 1.28e-04 1.22e-04 1.23e-04
1.2e+10 0.00158 13.125  1.30e-04 6.56e-03 1.26e-04 1.25e-04 1.23e-04 1.22e-04 1.21e-04 1.23e-04
1.2e+10 0.00158 13.175  1.30e-04 6.63e-03 1.32e-04 1.31e-04 1.23e-04 1.22e-04 1.21e-04 1.23e-04
1.2e+10 0.00158 13.225  1.30e-04 6.69e-03 1.26e-04 1.25e-04 1.23e-04 1.22e-04 1.21e-04 1.23e-04
1.2e+10 0.00158 13.275  1.29e-04 6.76e-03 1.26e-04 1.24e-04 1.29e-04 1.21e-04 1.21e-04 1.23e-04
1.2e+10 0.00158 13.325  1.36e-04 6.32e-03 1.26e-04 1.24e-04 1.23e-04 1.21e-04 1.27e-04 1.29e-04
1.2e+10 0.00158 13.375  1.29e-04 6.90e-03 1.25e-04 1.24e-04 1.22e-04 1.21e-04 1.20e-04 1.22e-04
1.2e+10 0.00158 13.425  1.29e-04 6.97e-03 1.25e-04 1.30e-04 1.22e-04 1.21e-04 1.20e-04 1.22e-04
1.2e+10 0.00158 13.475  1.29e-04 7.05e-03 1.25e-04 1.24e-04 1.22e-04 1.27e-04 1.20e-04 1.22e-04
1.2e+10 0.00158 13.525  1.28e-04 7.12e-03 1.31e-04 1.23e-04 1.22e-04 1.20e-04 1.20e-04 1.22e-04
1.2e+10 0.00158 13.575  1.28e-04 7.20e-03 1.25e-04 1.23e-04 1.28e-04 1.20e-04 1.20e-04 1.22e-04
1.2e+10 0.00158 13.625  1.28e-04 6.72e-03 1.24e-04 1.23e-04 1.21e-04 1.20e-04 1.20e-04 1.21e-04
1.2e+10 0.00158 13.675  1.28e-04 6.28e-03 1.24e-04 1.29e-04 1.21e-04 1.20e-04 5.97e-06 1.27e-04
1.2e+10 0.00158 13.725  1.28e-04 4.20e-03 1.24e-04 1.23e-04 1.21e-04 1.20e-04        0 1.21e-04
1.2e+10 0.00158 13.775  1.27e-04 3.93e-03 1.24e-04 1.22e-04 1.21e-04 1.14e-04        0 1.21e-04
1.2e+10 0.00158 13.825  1.27e-04 4.24e-03 1.24e-04 1.22e-04 1.27e-04        0        0 1.21e-04
1.2e+10 0.00158 13.875  1.27e-04 3.98e-03 1.24e-04 1.22e-04 1.21e-04        0        0 1.20e-04
1.2e+10 0.00158 13.925  1.27e-04 4.00e-03 1.29e-04 1.28e-04 1.20e-04        0        0 1.20e-04
1.2e+10 0.00158 13.975  1.27e-04 4.22e-03 1.23e-04 1.22e-04 1.20e-04        0        0 1.26e-04
1.2e+10 0.00158 14.025  1.26e-04 3.62e-03 1.23e-04 1.22e-04 1.20e-04        0        0 1.20e-04
1.2e+10 0.00158 14.075  1.26e-04 4.00e-03 1.23e-04 1.21e-04 1.20e-04        0        0 1.20e-04
1.2e+10 0.00158 14.125  1.26e-04 3.66e-03 1.23e-04 1.21e-04 1.26e-04        0        0 1.14e-04
1.2e+10 0.00158 14.175  1.26e-04 4.04e-03 1.22e-04 1.27e-04 5.38e-05        0        0        0
1.2e+10 0.00158 14.225  1.26e-04 3.70e-03 1.22e-04 1.21e-04        0        0        0        0
1.2e+10 0.00158 14.275  1.26e-04 4.08e-03 1.28e-04 1.21e-04        0        0        0        0
1.2e+10 0.00158 14.325  1.25e-04 4.11e-03 1.22e-04 1.20e-04        0        0        0        0
1.2e+10 0.00158 14.375  1.25e-04 3.77e-03 1.22e-04 1.20e-04        0        0        0        0
1.2e+10 0.00158 14.425  1.25e-04 4.15e-03 1.21e-04 1.26e-04        0        0        0        0
1.2e+10 0.00158 14.475  1.25e-04 3.81e-03 1.21e-04 1.20e-04        0        0        0        0
1.2e+10 0.00158 14.525  1.25e-04 4.20e-03 1.21e-04 1.20e-04        0        0        0        0
1.2e+10 0.00158 14.575  1.24e-04 3.85e-03 1.21e-04 1.14e-04        0        0        0        0
1.2e+10 0.00158 14.625  1.24e-04 4.24e-03 1.21e-04        0        0        0        0        0
1.2e+10 0.00158 14.675  1.24e-04 4.28e-03 1.27e-04        0        0        0        0        0
1.2e+10 0.00158 14.725  1.24e-04 3.92e-03 1.20e-04        0        0        0        0        0
1.2e+10 0.00158 14.775  1.24e-04 4.33e-03 1.20e-04        0        0        0        0        0
1.2e+10 0.00158 14.825  1.23e-04 2.81e-03 1.20e-04        0        0        0        0        0
1.2e+10 0.00158 14.875  1.23e-04 1.24e-04 1.20e-04        0        0        0        0        0
1.2e+10 0.00158 14.925  1.23e-04 1.24e-04 1.20e-04        0        0        0        0        0
1.2e+10 0.00158 14.975  1.23e-04 1.24e-04 7.17e-05        0        0        0        0        0
1.2e+10 0.00158 15.025  1.23e-04 1.17e-04        0        0        0        0        0        0
1.2e+10 0.00158 15.075  1.23e-04 1.23e-04        0        0        0        0        0        0
1.2e+10 0.00158 15.125  1.22e-04 1.23e-04        0        0        0        0        0        0
1.2e+10 0.00158 15.175  1.22e-04 1.23e-04        0        0        0        0        0        0
1.2e+10 0.00158 15.225  1.28e-04 1.17e-04        0        0        0        0        0        0
1.2e+10 0.00158 15.275  1.22e-04 1.23e-04        0        0        0        0        0        0
1.2e+10 0.00158 15.325  1.22e-04 1.23e-04        0        0        0        0        0        0
1.2e+10 0.00158 15.375  1.21e-04 1.22e-04        0        0        0        0        0        0
1.2e+10 0.00158 15.425  1.21e-04 1.16e-04        0        0        0        0        0        0
1.2e+10 0.00158 15.475  1.21e-04 1.22e-04        0        0        0        0        0        0
1.2e+10 0.00158 15.525  1.21e-04 1.22e-04        0        0        0        0        0        0
1.2e+10 0.00158 15.575  1.21e-04 1.22e-04        0        0        0        0        0        0
1.2e+10 0.00158 15.625  1.21e-04 1.15e-04        0        0        0        0        0        0
1.2e+10 0.00158 15.675  1.20e-04 1.21e-04        0        0        0        0        0        0
1.2e+10 0.00158 15.725  1.20e-04 1.21e-04        0        0        0        0        0        0
1.2e+10 0.00158 15.775  1.20e-04 1.21e-04        0        0        0        0        0        0
1.2e+10 0.00158 15.825  1.20e-04 1.15e-04        0        0        0        0        0        0
1.2e+10 0.00158 15.875  1.20e-04 1.21e-04        0        0        0        0        0        0
1.2e+10 0.00158 15.925  5.98e-05 1.20e-04        0        0        0        0        0        0
1.2e+10 0.00158 15.975         0 1.20e-04        0        0        0        0        0        0
1.2e+10 0.00158 16.025         0 1.14e-04        0        0        0        0        0        0
1.2e+10 0.00158 16.075         0 1.20e-04        0        0        0        0        0        0
1.2e+10 0.00158 16.125         0 1.20e-04        0        0        0        0        0        0
1.2e+10 0.00158 16.175         0 8.97e-05        0        0        0        0        0        0
1.2e+10 0.00158 16.225         0        0        0        0        0        0        0        0
1.2e+10 0.00158 16.275         0        0        0        0        0        0        0        0
1.2e+10 0.00158 16.325         0        0        0        0        0        0        0        0
1.2e+10 0.00158 16.375         0        0        0        0        0        0        0        0
1.2e+10 0.00158 16.425         0        0        0        0        0        0        0        0
1.2e+10 0.00158 16.475         0        0        0        0        0        0        0        0
1.2e+10 0.00158 16.525         0        0        0        0        0        0        0        0
1.2e+10 0.00158 16.575         0        0        0        0        0        0        0        0
1.2e+10 0.00158 16.625         0        0        0        0        0        0        0        0
1.2e+10 0.00158 16.675         0        0        0        0        0        0        0        0
1.2e+10 0.00158 16.725         0        0        0        0        0        0        0        0
1.2e+10 0.00158 16.775         0        0        0        0        0        0        0        0
1.2e+10 0.00158 16.825         0        0        0        0        0        0        0        0
1.2e+10 0.00158 16.875         0        0        0        0        0        0        0        0
1.2e+10 0.00158 16.925         0        0        0        0        0        0        0        0
1.2e+10 0.00158 16.975         0        0        0        0        0        0        0        0
1.2e+10 0.00158 17.025         0        0        0        0        0        0        0        0
1.2e+10 0.00158 17.075         0        0        0        0        0        0        0        0
1.2e+10 0.00158 17.125         0        0        0        0        0        0        0        0
1.2e+10 0.00158 17.175         0        0        0        0        0        0        0        0
1.2e+10 0.00158 17.225         0        0        0        0        0        0        0        0
1.2e+10 0.00158 17.275         0        0        0        0        0        0        0        0
1.2e+10 0.00158 17.325         0        0        0        0        0        0        0        0
1.2e+10 0.00158 17.375         0        0        0        0        0        0        0        0
1.2e+10 0.00158 17.425         0        0        0        0        0        0        0        0
1.2e+10 0.00158 17.475         0        0        0        0        0        0        0        0
1.2e+10 0.00158 17.525         0        0        0        0        0        0        0        0
1.2e+10 0.00158 17.575         0        0        0        0        0        0        0        0
1.2e+10 0.00158 17.625         0        0        0        0        0        0        0        0
1.2e+10 0.00158 17.675         0        0        0        0        0        0        0        0
1.2e+10 0.00158 17.725         0        0        0        0        0        0        0        0
1.2e+10 0.00158 17.775         0        0        0        0        0        0        0        0
1.2e+10 0.00158 17.825         0        0        0        0        0        0        0        0
1.2e+10 0.00158 17.875         0        0        0        0        0        0        0        0
1.2e+10 0.00158 17.925         0        0        0        0        0        0        0        0
1.2e+10 0.00158 17.975         0        0        0        0        0        0        0        0
1.2e+10 0.00158 18.025         0        0        0        0        0        0        0        0
1.2e+10 0.00158 18.075         0        0        0        0        0        0        0        0
1.2e+10 0.00158 18.125         0        0        0        0        0        0        0        0
1.2e+10 0.00158 18.175         0        0        0        0        0        0        0        0
1.2e+10 0.00158 18.225         0        0        0        0        0        0        0        0
1.2e+10 0.00158 18.275         0        0        0        0        0        0        0        0
1.2e+10 0.00158 18.325         0        0        0        0        0        0        0        0
1.2e+10 0.00158 18.375         0        0        0        0        0        0        0        0
1.2e+10 0.00158 18.425         0        0        0        0        0        0        0        0
1.2e+10 0.00158 18.475         0        0        0        0        0        0        0        0
1.2e+10 0.00158 18.525         0        0        0        0        0        0        0        0
1.2e+10 0.00158 18.575         0        0        0        0        0        0        0        0
1.2e+10 0.00158 18.625         0        0        0        0        0        0        0        0
1.2e+10 0.00158 18.675         0        0        0        0        0        0        0        0
1.2e+10 0.00158 18.725         0        0        0        0        0        0        0        0
1.2e+10 0.00158 18.775         0        0        0        0        0        0        0        0
1.2e+10 0.00158 18.825         0        0        0        0        0        0        0        0
1.2e+10 0.00158 18.875         0        0        0        0        0        0        0        0
1.2e+10 0.00158 18.925         0        0        0        0        0        0        0        0
1.2e+10 0.00158 18.975         0        0        0        0        0        0        0        0
1.2e+10 0.00158 19.025         0        0        0        0        0        0        0        0
1.2e+10 0.00158 19.075         0        0        0        0        0        0        0        0
1.2e+10 0.00158 19.125         0        0        0        0        0        0        0        0
1.2e+10 0.00158 19.175         0        0        0        0        0        0        0        0
1.2e+10 0.00158 19.225         0        0        0        0        0        0        0        0
1.2e+10 0.00158 19.275         0        0        0        0        0        0        0        0
1.2e+10 0.00158 19.325         0        0        0        0        0        0        0        0
1.2e+10 0.00158 19.375         0        0        0        0        0        0        0        0
1.2e+10 0.00158 19.425         0        0        0        0        0        0        0        0
1.2e+10 0.00158 19.475         0        0        0        0        0        0        0        0
1.2e+10 0.00158 19.525         0        0        0        0        0        0        0        0
1.2e+10 0.00158 19.575         0        0        0        0        0        0        0        0
1.2e+10 0.00158 19.625         0        0        0        0        0        0        0        0
1.2e+10 0.00158 19.675         0        0        0        0        0        0        0        0
1.2e+10 0.00158 19.725         0        0        0        0        0        0        0        0
1.2e+10 0.00158 19.775         0        0        0        0        0        0        0        0
1.2e+10 0.00158 19.825         0        0        0        0        0        0        0        0
1.2e+10 0.00158 19.875         0        0        0        0        0        0        0        0
1.2e+10 0.00158 19.925         0        0        0        0        0        0        0        0
1.2e+10 0.00158 19.975         0        0        0        0        0        0        0        0
#isochrone terminated
