# File generated by CMD 3.3 (http://stev.oapd.inaf.it/cmd) on Fri Nov 20 18:12:01 CET 2020
# isochrones based on PARSEC release v1.2S +  COLIBRI S_35
# Basic references: Bressan et al. (2012), MNRAS, 427, 127 + Chen et al. (2014, 2015), MNRAS, 444, 2525 + MNRAS, 452, 1068 + Tang et al. (2014), MNRAS, 445, 4287 + Marigo et al. (2017), ApJ, 835, 77 + Pastorelli al. (2019), MNRAS in press
# Thermal pulse cycles included 
# On RGB, assumed Reimers mass loss with efficiency eta=0.2
# Photometric system: JWST NIRCam wide+verywide+medium filters, Vegamags
# Using OBC version of bolometric corrections as detailed in Marigo et al. (2008, A&A 482, 883) and Girardi et al. (2008, PASP 120, 583
# O-rich circumstellar dpmod60alox40 dust from Groenewegen (2006)
# C-rich circumstellar AMCSIC15 dust from Groenewegen (2006)
# IMF: Kroupa (2001, 2002) + Kroupa et al. (2013) canonical two-part-power law IMF corrected for unresolved binaries 
# Kind of output: isochrone tables
# Zini     MH   logAge Mini        int_IMF         Mass   logL    logTe  logg  label   McoreTP C_O  period0 period1 pmode  Mloss  tau1m   X   Y   Xc  Xn  Xo  Cexcess  Z 	 mbolmag  F070Wmag  F090Wmag  F115Wmag  F150Wmag  F200Wmag  F277Wmag  F356Wmag  F444Wmag  F150W2mag  F322W2mag  F140Mmag  F162Mmag  F182Mmag  F210Mmag  F250Mmag  F300Mmag  F335Mmag  F360Mmag  F410Mmag  F430Mmag  F460Mmag  F480Mmag  F150WS60mag
0.0015825 -0.99000 10.07918 0.0900000036 1.0816895962    0.090 -3.240  3.4432  5.357    1  0.000  0.545     0.00     0.00 -1 -3.51e-17      0.00 7.448e-01 2.535e-01 2.989e-04 8.063e-05 7.313e-04 -1.000 1.662e-03 12.870 13.757 11.939 11.039 10.542 10.398 10.287 9.657 9.592 10.642 9.973 10.744 10.279 10.474 10.290 10.372 10.164 9.755 9.587 9.518 9.570 9.686 9.627 10.443
0.0015825 -0.99000 10.07918 0.0972300544 1.1475424767    0.097 -3.066  3.4678  5.315    1  0.000  0.545     0.00     0.00 -1 -6.05e-17      0.00 7.440e-01 2.544e-01 2.989e-04 8.063e-05 7.313e-04 -1.000 1.662e-03 12.434 12.975 11.478 10.679 10.126 9.961 9.842 9.324 9.261 10.245 9.590 10.293 9.905 10.017 9.877 9.921 9.736 9.399 9.265 9.202 9.238 9.340 9.280 10.040
0.0015825 -0.99000 10.07918 0.1000000015 1.1711064577    0.100 -3.002  3.4768  5.299    1  0.000  0.545     0.00     0.00 -1 -8.87e-17      0.00 7.436e-01 2.547e-01 2.989e-04 8.063e-05 7.313e-04 -1.000 1.662e-03 12.276 12.734 11.322 10.548 9.983 9.793 9.678 9.194 9.129 10.097 9.445 10.148 9.762 9.849 9.711 9.750 9.584 9.268 9.136 9.072 9.105 9.206 9.147 9.896
0.0015825 -0.99000 10.07918 0.1200000048 1.3193155527    0.120 -2.721  3.5101  5.230    1  0.000  0.545     0.00     0.00 -1 -1.67e-16      0.00 7.416e-01 2.567e-01 2.989e-04 8.063e-05 7.314e-04 -1.000 1.662e-03 11.573 11.755 10.626 9.938 9.350 9.091 8.979 8.613 8.540 9.448 8.807 9.506 9.136 9.145 9.022 9.031 8.920 8.682 8.563 8.495 8.518 8.604 8.555 9.263
0.0015825 -0.99000 10.07918 0.1400000006 1.4384527206    0.140 -2.536  3.5280  5.184    1  0.000  0.545     0.00     0.00 -1  -2.5e-16      0.00 7.400e-01 2.583e-01 2.989e-04 8.063e-05 7.314e-04 -1.000 1.662e-03 11.110 11.166 10.165 9.520 8.931 8.649 8.538 8.227 8.152 9.023 8.394 9.080 8.723 8.700 8.587 8.585 8.492 8.291 8.181 8.112 8.132 8.207 8.165 8.846
0.0015825 -0.99000 10.07918 0.1599999964 1.5372931957    0.160 -2.395  3.5393  5.146    1  0.000  0.545     0.00     0.00 -1 -3.39e-16      0.00 7.388e-01 2.596e-01 2.989e-04 8.064e-05 7.314e-04 -1.000 1.662e-03 10.757 10.739 9.810 9.191 8.607 8.314 8.205 7.925 7.850 8.694 8.076 8.752 8.404 8.363 8.256 8.251 8.166 7.986 7.881 7.814 7.832 7.902 7.862 8.522
0.0015825 -0.99000 10.07918 0.2000000179 1.6938792467    0.200 -2.174  3.5540  5.081    1  0.000  0.545     0.00     0.00 -1 -5.43e-16      0.00 7.373e-01 2.611e-01 2.989e-04 8.064e-05 7.314e-04 -1.000 1.662e-03 10.205 10.101 9.258 8.671 8.094 7.789 7.683 7.440 7.370 8.176 7.572 8.234 7.898 7.835 7.737 7.727 7.649 7.496 7.401 7.336 7.352 7.417 7.380 8.012
0.0015825 -0.99000 10.07918 0.2500000298 1.8403259516    0.250 -1.968  3.5655  5.018    1  0.000  0.545     0.00     0.00 -1 -1.91e-16      0.00 7.369e-01 2.614e-01 2.989e-04 8.064e-05 7.314e-04 -1.000 1.662e-03 9.691 9.530 8.746 8.184 7.612 7.297 7.192 6.979 6.915 7.690 7.095 7.748 7.421 7.341 7.249 7.236 7.160 7.028 6.945 6.883 6.897 6.960 6.924 7.531
0.0015825 -0.99000 10.07918 0.3000000417 1.9529141188    0.300 -1.810  3.5743  4.974    1  0.000  0.545     0.00     0.00 -1 -1.64e-18      0.00 7.371e-01 2.613e-01 2.989e-04 8.064e-05 7.314e-04 -1.000 1.662e-03 9.294 9.095 8.345 7.797 7.233 6.923 6.830 6.619 6.556 7.311 6.734 7.370 7.040 6.965 6.875 6.872 6.801 6.670 6.586 6.523 6.538 6.602 6.570 7.151
0.0015825 -0.99000 10.07918 0.3500000238 2.0434176922    0.350 -1.678  3.5816  4.938    1  0.000  0.545     0.00     0.00 -1 -1.51e-15      0.00 7.464e-01 2.519e-01 2.989e-04 8.063e-05 7.313e-04 -1.000 1.662e-03 8.965 8.740 8.005 7.467 6.912 6.615 6.545 6.316 6.249 6.991 6.440 7.053 6.713 6.658 6.567 6.582 6.520 6.374 6.279 6.213 6.231 6.295 6.271 6.828
0.0015825 -0.99000 10.07918 0.3557920754 2.0528097153    0.356 -1.659  3.5830  4.932    1  0.000  0.545     0.00     0.00 -1 -1.58e-15      0.00 7.465e-01 2.519e-01 2.989e-04 8.063e-05 7.313e-04 -1.000 1.662e-03 8.918 8.688 7.957 7.419 6.866 6.573 6.506 6.274 6.206 6.946 6.400 7.009 6.666 6.616 6.524 6.542 6.482 6.334 6.236 6.169 6.187 6.252 6.229 6.783
0.0015825 -0.99000 10.07918 0.4000000358 2.1185026169    0.400 -1.525  3.5929  4.889    1  0.000  0.545     0.00     0.00 -1 -2.13e-15      0.00 7.469e-01 2.514e-01 2.989e-04 8.063e-05 7.313e-04 -1.000 1.662e-03 8.582 8.300 7.616 7.104 6.550 6.270 6.247 6.015 5.952 6.635 6.141 6.700 6.344 6.308 6.227 6.268 6.238 6.074 5.974 5.912 5.933 6.001 5.988 6.465
0.0015825 -0.99000 10.07918 0.4499999881 2.1822810173    0.450 -1.347  3.6098  4.829    1  0.000  0.545     0.00     0.00 -1 -3.24e-15      0.00 7.469e-01 2.514e-01 2.989e-04 8.063e-05 7.313e-04 -1.000 1.662e-03 8.138 7.810 7.187 6.705 6.134 5.855 5.835 5.659 5.621 6.227 5.756 6.288 5.930 5.883 5.822 5.852 5.832 5.702 5.628 5.582 5.602 5.668 5.657 6.050
0.0015825 -0.99000 10.07918 0.4990846515 2.2365095615    0.499 -1.149  3.6361  4.781    1  0.000  0.545     0.00     0.00 -1 -5.14e-15      0.00 7.469e-01 2.514e-01 2.989e-04 8.063e-05 7.313e-04 -1.000 1.662e-03 7.642 7.278 6.728 6.281 5.693 5.418 5.363 5.285 5.283 5.795 5.329 5.844 5.497 5.436 5.397 5.387 5.351 5.301 5.273 5.249 5.266 5.325 5.308 5.611
0.0015825 -0.99000 10.07918 0.5000000000 2.2374541759    0.500 -1.145  3.6366  4.780    1  0.000  0.545     0.00     0.00 -1 -5.18e-15      0.00 7.469e-01 2.514e-01 2.989e-04 8.063e-05 7.313e-04 -1.000 1.662e-03 7.633 7.269 6.720 6.273 5.685 5.411 5.356 5.279 5.277 5.788 5.322 5.836 5.490 5.429 5.390 5.380 5.344 5.295 5.267 5.244 5.261 5.320 5.302 5.603
0.0015825 -0.99000 10.07918 0.5500000715 2.2836585045    0.550 -0.920  3.6698  4.729    1  0.000  0.544     0.00     0.00 -1  -8.8e-15      0.00 7.810e-01 2.175e-01 2.616e-04 7.062e-05 6.408e-04 -1.000 1.464e-03 7.070 6.655 6.191 5.795 5.242 5.009 4.958 4.927 4.942 5.352 4.944 5.377 5.071 5.020 4.996 4.979 4.946 4.933 4.923 4.912 4.928 4.979 4.965 5.170
0.0015825 -0.99000 10.07918 0.6000000238 2.3211214542    0.600 -0.713  3.7002  4.681    1  0.000  0.544     0.00     0.00 -1 -1.43e-14      0.00 7.887e-01 2.099e-01 2.540e-04 6.859e-05 6.226e-04 -1.000 1.416e-03 6.551 6.104 5.706 5.364 4.880 4.688 4.642 4.625 4.637 4.987 4.634 4.993 4.735 4.696 4.678 4.658 4.634 4.628 4.623 4.615 4.628 4.663 4.655 4.819
0.0015825 -0.99000 10.07918 0.6064988971 2.3254718781    0.606 -0.685  3.7045  4.676    1  0.000  0.544     0.00     0.00 -1 -1.53e-14      0.00 7.898e-01 2.088e-01 2.528e-04 6.829e-05 6.199e-04 -1.000 1.418e-03 6.482 6.033 5.643 5.309 4.835 4.648 4.603 4.587 4.598 4.941 4.596 4.945 4.694 4.656 4.638 4.619 4.596 4.590 4.585 4.578 4.589 4.622 4.614 4.775
0.0015825 -0.99000 10.07918 0.6236463785 2.3364520073    0.623 -0.612  3.7158  4.660    1  0.000  0.544     0.00     0.00 -1 -1.82e-14      0.00 7.927e-01 2.059e-01 2.498e-04 6.749e-05 6.127e-04 -1.000 1.387e-03 6.301 5.849 5.479 5.164 4.715 4.543 4.501 4.487 4.495 4.819 4.494 4.818 4.584 4.550 4.534 4.514 4.495 4.490 4.485 4.479 4.488 4.514 4.508 4.659
0.0015825 -0.99000 10.07918 0.6396418810 2.3460865021    0.639 -0.544  3.7260  4.644    1  0.000  0.543     0.00     0.00 -1 -1.96e-14      0.00 7.955e-01 2.031e-01 2.469e-04 6.671e-05 6.057e-04 -1.000 1.414e-03 6.131 5.680 5.329 5.031 4.603 4.444 4.404 4.393 4.398 4.705 4.399 4.700 4.480 4.450 4.436 4.416 4.399 4.395 4.391 4.385 4.393 4.412 4.408 4.551
0.0015825 -0.99000 10.07918 0.6499999762 2.3520355225    0.650 -0.500  3.7326  4.633    1  0.000  0.543     0.00     0.00 -1 -2.37e-14      0.00 7.974e-01 2.013e-01 2.449e-04 6.619e-05 6.011e-04 -1.000 1.367e-03 6.020 5.572 5.233 4.946 4.530 4.379 4.341 4.331 4.335 4.631 4.336 4.623 4.412 4.385 4.371 4.351 4.337 4.333 4.329 4.323 4.330 4.345 4.343 4.480
0.0015825 -0.99000 10.07918 0.6594436765 2.3572723866    0.659 -0.460  3.7380  4.621    1  0.000  0.543     0.00     0.00 -1 -2.62e-14      0.00 7.995e-01 1.992e-01 2.429e-04 6.564e-05 5.962e-04 -1.000 1.343e-03 5.920 5.475 5.145 4.866 4.461 4.316 4.279 4.270 4.273 4.560 4.275 4.551 4.346 4.321 4.308 4.288 4.276 4.272 4.269 4.263 4.268 4.281 4.279 4.411
0.0015825 -0.99000 10.07918 0.6729405522 2.3644640446    0.673 -0.402  3.7455  4.602    1  0.000  0.543     0.00     0.00 -1 -3.03e-14      0.00 8.025e-01 1.961e-01 2.398e-04 6.483e-05 5.889e-04 -1.000 1.331e-03 5.774 5.337 5.020 4.751 4.360 4.223 4.189 4.181 4.182 4.458 4.185 4.446 4.250 4.227 4.216 4.197 4.186 4.183 4.180 4.175 4.178 4.187 4.187 4.313
0.0015825 -0.99000 10.07918 0.6854114532 2.3708205223    0.685 -0.347  3.7523  4.582    1  0.000  0.543     0.00     0.00 -1 -2.36e-14      0.00 8.055e-01 1.931e-01 2.368e-04 6.404e-05 5.819e-04 -1.000 1.320e-03 5.637 5.207 4.902 4.643 4.263 4.134 4.101 4.096 4.095 4.360 4.099 4.346 4.158 4.137 4.127 4.109 4.100 4.098 4.095 4.089 4.092 4.098 4.098 4.218
0.0015825 -0.99000 10.07918 0.6976300478 2.3767955303    0.697 -0.292  3.7587  4.561    1  0.000  0.542     0.00     0.00 -1 -1.27e-14      0.00 8.086e-01 1.901e-01 2.338e-04 6.324e-05 5.748e-04 -1.000 1.290e-03 5.501 5.080 4.784 4.534 4.165 4.042 4.013 4.008 4.006 4.261 4.010 4.245 4.064 4.046 4.037 4.019 4.012 4.010 4.007 4.002 4.004 4.007 4.008 4.122
0.0015825 -0.99000 10.07918 0.6999999881 2.3779268265    0.700 -0.282  3.7599  4.556    1  0.000  0.542     0.00     0.00 -1 -4.13e-14      0.00 8.092e-01 1.895e-01 2.332e-04 6.309e-05 5.734e-04 -1.000 1.306e-03 5.474 5.055 4.761 4.513 4.145 4.024 3.995 3.990 3.988 4.242 3.993 4.225 4.045 4.028 4.019 4.001 3.994 3.992 3.989 3.984 3.986 3.989 3.990 4.103
0.0015825 -0.99000 10.07918 0.7029689550 2.3793315887    0.703 -0.268  3.7614  4.551    1  0.000  0.542     0.00     0.00 -1 -4.28e-14      0.00 8.101e-01 1.886e-01 2.321e-04 6.285e-05 5.713e-04 -1.000 1.322e-03 5.440 5.023 4.732 4.486 4.120 4.001 3.972 3.967 3.965 4.217 3.970 4.199 4.021 4.004 3.995 3.978 3.972 3.969 3.966 3.962 3.963 3.966 3.967 4.078
0.0015825 -0.99000 10.07918 0.7118731737 2.3834638596    0.712 -0.227  3.7658  4.532    1  0.000  0.540     0.00     0.00 -1 -4.78e-14      0.00 8.129e-01 1.859e-01 2.289e-04 6.211e-05 5.648e-04 -1.000 1.259e-03 5.336 4.925 4.641 4.401 4.043 3.928 3.901 3.897 3.894 4.139 3.899 4.120 3.947 3.931 3.923 3.906 3.901 3.899 3.896 3.892 3.893 3.893 3.895 4.002
0.0015825 -0.99000 10.07918 0.7205156684 2.3873624802    0.720 -0.185  3.7700  4.513    1  0.000  0.539     0.00     0.00 -1 -5.34e-14      0.00 8.157e-01 1.831e-01 2.256e-04 6.137e-05 5.583e-04 -1.000 1.230e-03 5.233 4.829 4.551 4.317 3.965 3.855 3.829 3.826 3.822 4.060 3.827 4.040 3.871 3.857 3.850 3.834 3.829 3.828 3.825 3.820 3.821 3.821 3.823 3.925
0.0015825 -0.99000 10.07918 0.7288208008 2.3910090923    0.728 -0.144  3.7738  4.492    1  0.000  0.537     0.00     0.00 -1 -5.97e-14      0.00 8.185e-01 1.803e-01 2.224e-04 6.063e-05 5.518e-04 -1.000 1.261e-03 5.131 4.733 4.462 4.232 3.886 3.780 3.756 3.753 3.749 3.981 3.754 3.960 3.795 3.782 3.775 3.760 3.756 3.755 3.752 3.747 3.748 3.747 3.749 3.847
0.0015825 -0.99000 10.07918 0.7398331761 2.3956992626    0.739 -0.088  3.7787  4.462    1  0.000  0.535     0.00     0.00 -1 -3.16e-15      0.00 8.224e-01 1.764e-01 2.180e-04 5.960e-05 5.428e-04 -1.000 1.231e-03 4.991 4.601 4.337 4.113 3.776 3.674 3.652 3.649 3.645 3.869 3.650 3.847 3.688 3.676 3.669 3.656 3.652 3.651 3.648 3.644 3.644 3.642 3.645 3.738
0.0015825 -0.99000 10.07918 0.7500000000 2.3998889923    0.750 -0.034  3.7829  4.430    1  0.000  0.533     0.00     0.00 -1 -8.15e-14      0.00 8.262e-01 1.726e-01 2.137e-04 5.860e-05 5.340e-04 -1.000 1.230e-03 4.854 4.471 4.215 3.996 3.666 3.568 3.547 3.545 3.541 3.758 3.546 3.735 3.580 3.570 3.564 3.551 3.548 3.547 3.544 3.540 3.540 3.537 3.541 3.629
0.0015825 -0.99000 10.07918 0.7566469908 2.4025583267    0.756  0.003  3.7852  4.406    1  0.000  0.533     0.00     0.00 -1 -9.09e-14      0.00 8.295e-01 1.693e-01 2.105e-04 5.774e-05 5.263e-04 -1.000 1.221e-03 4.762 4.382 4.130 3.914 3.588 3.492 3.471 3.470 3.465 3.679 3.471 3.656 3.504 3.494 3.488 3.475 3.473 3.472 3.469 3.465 3.465 3.462 3.465 3.552
0.0015825 -0.99000 10.07918 0.7644811869 2.4056360722    0.764  0.050  3.7878  4.375    1  0.000  0.533     0.00     0.00 -1 -1.04e-13      0.00 8.333e-01 1.655e-01 2.067e-04 5.672e-05 5.171e-04 -1.000 1.210e-03 4.646 4.271 4.022 3.810 3.488 3.395 3.375 3.374 3.369 3.579 3.375 3.555 3.406 3.397 3.391 3.379 3.377 3.376 3.373 3.369 3.369 3.366 3.369 3.453
0.0015825 -0.99000 10.07918 0.7748406529 2.4095962048    0.774  0.114  3.7909  4.328    1  0.000  0.532     0.00     0.00 -1 -1.26e-13      0.00 8.383e-01 1.606e-01 2.017e-04 5.537e-05 5.050e-04 -1.000 1.138e-03 4.484 4.114 3.870 3.662 3.346 3.256 3.237 3.235 3.230 3.436 3.236 3.411 3.265 3.258 3.252 3.240 3.238 3.237 3.234 3.230 3.230 3.227 3.230 3.311
0.0015825 -0.99000 10.07918 0.7845485806 2.4131982327    0.784  0.179  3.7931  4.278    1  0.000  0.532     0.00     0.00 -1 -1.54e-13      0.00 8.424e-01 1.565e-01 1.975e-04 5.425e-05 4.950e-04 -1.000 1.125e-03 4.323 3.957 3.717 3.511 3.199 3.111 3.093 3.092 3.087 3.288 3.092 3.264 3.120 3.113 3.107 3.096 3.094 3.093 3.091 3.087 3.086 3.083 3.086 3.165
0.0015825 -0.99000 10.07918 0.7931101322 2.4162909985    0.792  0.240  3.7945  4.227    1  0.000  0.531     0.00     0.00 -1 -1.88e-13      0.00 8.443e-01 1.546e-01 1.955e-04 5.372e-05 4.904e-04 -1.000 1.153e-03 4.170 3.807 3.568 3.364 3.055 2.968 2.950 2.949 2.944 3.144 2.950 3.119 2.977 2.970 2.964 2.953 2.952 2.951 2.948 2.944 2.944 2.940 2.944 3.022
0.0015825 -0.99000 10.07918 0.7950351238 2.4169757366    0.794  0.254  3.7947  4.215    1  0.000  0.531     0.00     0.00 -1 -1.58e-14      0.00 8.445e-01 1.543e-01 1.952e-04 5.364e-05 4.897e-04 -1.000 1.160e-03 4.135 3.771 3.534 3.330 3.021 2.934 2.917 2.915 2.910 3.110 2.916 3.084 2.943 2.936 2.930 2.919 2.918 2.917 2.914 2.910 2.910 2.907 2.910 2.988
0.0015825 -0.99000 10.07918 0.7983509302 2.4181463718    0.797  0.281  3.7946  4.189    1  0.000  0.531     0.00     0.00 -1  -9.3e-14      0.00 8.449e-01 1.540e-01 1.949e-04 5.356e-05 4.890e-04 -1.000 1.160e-03 4.068 3.704 3.466 3.262 2.953 2.866 2.849 2.847 2.842 3.042 2.848 3.017 2.875 2.868 2.862 2.852 2.850 2.849 2.846 2.842 2.842 2.839 2.842 2.920
0.0015825 -0.99000 10.07918 0.8000000119 2.4187245369    0.799  0.295  3.7943  4.175    1  0.000  0.531     0.00     0.00 -1 -2.25e-13      0.00 8.450e-01 1.538e-01 1.948e-04 5.353e-05 4.887e-04 -1.000 1.145e-03 4.032 3.668 3.430 3.225 2.916 2.829 2.811 2.810 2.805 3.005 2.810 2.980 2.838 2.831 2.825 2.814 2.813 2.812 2.809 2.805 2.805 2.801 2.804 2.883
0.0015825 -0.99000 10.07918 0.8041857481 2.4201796055    0.803  0.331  3.7936  4.138    1  0.000  0.531     0.00     0.00 -1 -2.54e-13      0.00 8.447e-01 1.542e-01 1.954e-04 5.370e-05 4.902e-04 -1.000 1.110e-03 3.942 3.576 3.337 3.132 2.822 2.734 2.716 2.715 2.709 2.910 2.715 2.885 2.743 2.736 2.730 2.719 2.717 2.716 2.714 2.710 2.709 2.706 2.709 2.788
0.0015825 -0.99000 10.07918 0.8093076944 2.4219367504    0.808  0.380  3.7913  4.083    1  0.000  0.531     0.00     0.00 -1 -3.02e-13      0.00 8.435e-01 1.553e-01 1.973e-04 5.422e-05 4.950e-04 -1.000 1.154e-03 3.820 3.450 3.207 2.999 2.685 2.595 2.577 2.575 2.570 2.774 2.576 2.749 2.605 2.597 2.591 2.580 2.578 2.577 2.574 2.570 2.569 2.566 2.569 2.650
0.0015825 -0.99000 10.07918 0.8102935553 2.4222719669    0.809  0.390  3.7908  4.071    1  0.000  0.531     0.00     0.00 -1 -3.14e-13      0.00 8.433e-01 1.555e-01 1.976e-04 5.432e-05 4.959e-04 -1.000 1.164e-03 3.795 3.425 3.181 2.972 2.656 2.566 2.548 2.546 2.541 2.746 2.547 2.721 2.576 2.568 2.562 2.551 2.549 2.548 2.545 2.541 2.541 2.537 2.540 2.622
0.0015825 -0.99000 10.07918 0.8135364056 2.4233682156    0.812  0.427  3.7869  4.021    2  0.000  0.531     0.00     0.00 -1 -3.61e-13      0.00 8.405e-01 1.584e-01 2.019e-04 5.549e-05 5.066e-04 -1.000 1.169e-03 3.703 3.327 3.077 2.862 2.541 2.447 2.428 2.425 2.420 2.631 2.426 2.607 2.458 2.449 2.443 2.431 2.428 2.427 2.424 2.420 2.420 2.417 2.420 2.505
0.0015825 -0.99000 10.07918 0.8169886470 2.4245240688    0.816  0.470  3.7803  3.953    2  0.000  0.531     0.00     0.00 -1  -4.3e-13      0.00 8.314e-01 1.674e-01 2.141e-04 5.882e-05 5.369e-04 -1.000 1.213e-03 3.595 3.208 2.948 2.725 2.391 2.291 2.271 2.268 2.263 2.483 2.269 2.461 2.304 2.293 2.287 2.274 2.271 2.270 2.267 2.263 2.262 2.259 2.262 2.353
0.0015825 -0.99000 10.07918 0.8193573356 2.4253108501    0.818  0.502  3.7724  3.891    2  0.000  0.532     0.00     0.00 -1 -4.96e-13      0.00 8.141e-01 1.846e-01 2.331e-04 6.396e-05 5.833e-04 -1.000 1.320e-03 3.515 3.118 2.844 2.610 2.263 2.155 2.133 2.129 2.124 2.357 2.131 2.337 2.170 2.157 2.151 2.137 2.133 2.131 2.128 2.124 2.124 2.122 2.124 2.223
0.0015825 -0.99000 10.07918 0.8210976124 2.4258854389    0.819  0.526  3.7635  3.831    2  0.000  0.534     0.00     0.00 -1 -5.62e-13      0.00 7.944e-01 2.041e-01 2.513e-04 6.886e-05 6.272e-04 -1.000 1.419e-03 3.454 3.045 2.757 2.511 2.146 2.029 2.006 2.001 1.997 2.243 2.004 2.225 2.048 2.032 2.025 2.011 2.006 2.003 2.000 1.995 1.996 1.996 1.998 2.104
0.0015825 -0.99000 10.07918 0.8225228190 2.4263539314    0.821  0.550  3.7539  3.770    2  0.000  0.535     0.00     0.00 -1 -6.37e-13      0.00 7.801e-01 2.184e-01 2.639e-04 7.222e-05 6.572e-04 -1.000 1.496e-03 3.394 2.974 2.671 2.411 2.028 1.901 1.875 1.870 1.867 2.127 1.873 2.111 1.923 1.905 1.896 1.881 1.874 1.872 1.869 1.863 1.865 1.868 1.869 1.983
0.0015825 -0.99000 10.07918 0.8236303926 2.4267168045    0.822  0.578  3.7457  3.709    2  0.000  0.536     0.00     0.00 -1 -7.28e-13      0.00 7.720e-01 2.264e-01 2.709e-04 7.409e-05 6.738e-04 -1.000 1.516e-03 3.324 2.896 2.578 2.306 1.908 1.772 1.744 1.738 1.737 2.009 1.741 1.996 1.796 1.776 1.767 1.751 1.743 1.740 1.737 1.731 1.734 1.741 1.740 1.860
0.0015825 -0.99000 10.07918 0.8245266676 2.4270095825    0.823  0.612  3.7395  3.651    2  0.000  0.536     0.00     0.00 -1  -8.4e-13      0.00 7.672e-01 2.313e-01 2.751e-04 7.522e-05 6.839e-04 -1.000 1.529e-03 3.239 2.806 2.478 2.197 1.785 1.643 1.614 1.607 1.607 1.888 1.611 1.877 1.669 1.647 1.638 1.622 1.612 1.609 1.606 1.600 1.604 1.613 1.612 1.736
0.0015825 -0.99000 10.07918 0.8252360821 2.4272408485    0.823  0.647  3.7353  3.600    2  0.000  0.537     0.00     0.00 -1 -9.67e-13      0.00 7.640e-01 2.344e-01 2.778e-04 7.593e-05 6.902e-04 -1.000 1.573e-03 3.152 2.716 2.380 2.093 1.673 1.526 1.496 1.488 1.490 1.777 1.493 1.767 1.554 1.530 1.520 1.505 1.494 1.490 1.487 1.481 1.486 1.498 1.496 1.622
0.0015825 -0.99000 10.07918 0.8255877495 2.4273552895    0.824  0.667  3.7334  3.573    2  0.000  0.537     0.00     0.00 -1 -1.04e-12      0.00 7.625e-01 2.359e-01 2.789e-04 7.623e-05 6.929e-04 -1.000 1.596e-03 3.103 2.667 2.328 2.037 1.613 1.464 1.434 1.426 1.428 1.717 1.430 1.709 1.492 1.468 1.458 1.443 1.431 1.428 1.425 1.419 1.423 1.437 1.435 1.561
0.0015825 -0.99000 10.07918 0.8257107139 2.4273951054    0.824  0.675  3.7329  3.563    2  0.000  0.537     0.00     0.00 -1 -1.08e-12      0.00 7.621e-01 2.363e-01 2.792e-04 7.632e-05 6.936e-04 -1.000 1.596e-03 3.083 2.647 2.307 2.015 1.590 1.440 1.410 1.402 1.404 1.694 1.406 1.686 1.469 1.444 1.434 1.419 1.407 1.404 1.401 1.395 1.399 1.413 1.411 1.538
0.0015825 -0.99000 10.07918 0.8263578415 2.4276053905    0.824  0.719  3.7303  3.508    3  0.000  0.537     0.00     0.00 -1 -1.26e-12      0.00 7.596e-01 2.388e-01 2.808e-04 7.674e-05 6.974e-04 -1.000 1.591e-03 2.973 2.536 2.191 1.895 1.464 1.311 1.281 1.272 1.275 1.569 1.277 1.562 1.341 1.315 1.305 1.290 1.278 1.274 1.271 1.265 1.270 1.286 1.283 1.411
0.0015825 -0.99000 10.07918 0.8269031048 2.4277822971    0.825  0.760  3.7283  3.460    3  0.000  0.537     0.00     0.00 -1 -1.47e-12      0.00 7.576e-01 2.408e-01 2.819e-04 7.706e-05 7.002e-04 -1.000 1.567e-03 2.871 2.433 2.085 1.785 1.350 1.195 1.165 1.156 1.159 1.456 1.161 1.450 1.226 1.199 1.189 1.175 1.162 1.158 1.155 1.149 1.154 1.171 1.168 1.297
0.0015825 -0.99000 10.07918 0.8275081515 2.4279782772    0.826  0.809  3.7264  3.404    3  0.000  0.537     0.00     0.00 -1 -1.75e-12      0.00 7.554e-01 2.430e-01 2.830e-04 7.737e-05 7.029e-04 -1.000 1.608e-03 2.749 2.310 1.958 1.656 1.217 1.059 1.029 1.019 1.023 1.322 1.024 1.317 1.090 1.063 1.053 1.039 1.025 1.021 1.018 1.012 1.018 1.036 1.033 1.162
0.0015825 -0.99000 10.07918 0.8280673027 2.4281589985    0.826  0.858  3.7247  3.348    3  0.000  0.536     0.00     0.00 -1 -2.09e-12      0.00 7.533e-01 2.451e-01 2.836e-04 7.764e-05 7.050e-04 -1.000 1.582e-03 2.626 2.187 1.831 1.526 1.084 0.924 0.894 0.884 0.889 1.190 0.889 1.185 0.956 0.928 0.918 0.904 0.890 0.886 0.883 0.876 0.883 0.902 0.898 1.029
0.0015825 -0.99000 10.07918 0.8286283016 2.4283401966    0.827  0.911  3.7229  3.288    3  0.000  0.535     0.00     0.00 -1 -2.53e-12      0.00 7.511e-01 2.474e-01 2.837e-04 7.804e-05 7.069e-04 -1.000 1.582e-03 2.492 2.052 1.694 1.386 0.939 0.778 0.747 0.737 0.742 1.046 0.743 1.042 0.810 0.782 0.772 0.758 0.743 0.739 0.736 0.729 0.736 0.756 0.753 0.884
0.0015825 -0.99000 10.07918 0.8291251659 2.4285001755    0.827  0.963  3.7214  3.230    3  0.000  0.533     0.00     0.00 -1 -3.05e-12      0.00 7.491e-01 2.493e-01 2.830e-04 7.875e-05 7.082e-04 -1.000 1.578e-03 2.362 1.922 1.561 1.250 0.800 0.636 0.606 0.595 0.601 0.907 0.601 0.904 0.669 0.641 0.630 0.617 0.602 0.598 0.594 0.587 0.595 0.616 0.612 0.744
0.0015825 -0.99000 10.07918 0.8295466304 2.4286358356    0.827  1.011  3.7199  3.176    3  0.000  0.530     0.00     0.00 -1 -3.62e-12      0.00 7.474e-01 2.510e-01 2.817e-04 7.993e-05 7.092e-04 -1.000 1.610e-03 2.242 1.802 1.438 1.125 0.671 0.506 0.476 0.465 0.471 0.779 0.471 0.776 0.540 0.511 0.500 0.488 0.471 0.467 0.463 0.457 0.465 0.487 0.483 0.615
0.0015825 -0.99000 10.07918 0.8298765421 2.4287419319    0.828  1.052  3.7187  3.131    3  0.000  0.527     0.00     0.00 -1 -4.18e-12      0.00 7.461e-01 2.523e-01 2.803e-04 8.131e-05 7.099e-04 -1.000 1.613e-03 2.141 1.702 1.335 1.020 0.563 0.396 0.366 0.355 0.361 0.671 0.361 0.669 0.430 0.401 0.390 0.378 0.361 0.357 0.353 0.347 0.355 0.378 0.374 0.506
0.0015825 -0.99000 10.07918 0.8302418590 2.4288594723    0.828  1.100  3.7171  3.076    3  0.000  0.523     0.00     0.00 -1 -4.98e-12      0.00 7.448e-01 2.535e-01 2.784e-04 8.334e-05 7.106e-04 -1.000 1.616e-03 2.020 1.581 1.211 0.893 0.433 0.264 0.234 0.222 0.230 0.541 0.229 0.540 0.299 0.269 0.258 0.247 0.229 0.225 0.221 0.214 0.223 0.247 0.243 0.376
0.0015825 -0.99000 10.07918 0.8305910230 2.4289715290    0.828  1.151  3.7155  3.019    3  0.000  0.518     0.00     0.00 -1 -5.98e-12      0.00 7.436e-01 2.548e-01 2.761e-04 8.586e-05 7.112e-04 -1.000 1.630e-03 1.893 1.454 1.081 0.761 0.296 0.126 0.095 0.083 0.091 0.405 0.090 0.404 0.160 0.130 0.119 0.108 0.090 0.086 0.082 0.075 0.084 0.110 0.105 0.238
0.0015825 -0.99000 10.07918 0.8309072852 2.4290728569    0.828  1.201  3.7137  2.962    3  0.000  0.514     0.00     0.00 -1 -7.17e-12      0.00 7.426e-01 2.557e-01 2.741e-04 8.825e-05 7.117e-04 -1.000 1.641e-03 1.767 1.328 0.952 0.628 0.160 -0.013 -0.043 -0.056 -0.047 0.269 -0.049 0.269 0.022 -0.008 -0.019 -0.030 -0.049 -0.053 -0.058 -0.064 -0.055 -0.027 -0.033 0.101
0.0015825 -0.99000 10.07918 0.8311833739 2.4291613102    0.828  1.250  3.7120  2.907    3  0.000  0.511     0.00     0.00 -1 -8.54e-12      0.00 7.420e-01 2.564e-01 2.727e-04 9.001e-05 7.120e-04 -1.000 1.595e-03 1.646 1.207 0.828 0.501 0.029 -0.146 -0.176 -0.190 -0.180 0.138 -0.182 0.139 -0.110 -0.141 -0.152 -0.162 -0.183 -0.187 -0.191 -0.198 -0.188 -0.159 -0.165 -0.030
0.0015825 -0.99000 10.07918 0.8314330578 2.4292411804    0.829  1.297  3.7102  2.852    3  0.000  0.509     0.00     0.00 -1 -1.01e-11      0.00 7.415e-01 2.569e-01 2.716e-04 9.136e-05 7.122e-04 -1.000 1.604e-03 1.527 1.088 0.705 0.376 -0.101 -0.278 -0.308 -0.322 -0.312 0.009 -0.314 0.010 -0.241 -0.273 -0.284 -0.294 -0.315 -0.319 -0.324 -0.330 -0.320 -0.289 -0.295 -0.161
0.0015825 -0.99000 10.07918 0.8316575289 2.4293131828    0.829  1.344  3.7084  2.798    3  0.000  0.507     0.00     0.00 -1  -1.2e-11      0.00 7.411e-01 2.572e-01 2.707e-04 9.245e-05 7.123e-04 -1.000 1.634e-03 1.410 0.972 0.586 0.253 -0.228 -0.407 -0.437 -0.452 -0.441 -0.117 -0.444 -0.115 -0.370 -0.403 -0.414 -0.422 -0.444 -0.449 -0.454 -0.460 -0.450 -0.417 -0.423 -0.288
0.0015825 -0.99000 10.07918 0.8318660259 2.4293797016    0.829  1.391  3.7065  2.743    3  0.000  0.506     0.00     0.00 -1 -1.43e-11      0.00 7.410e-01 2.574e-01 2.703e-04 9.291e-05 7.124e-04 -1.000 1.597e-03 1.292 0.854 0.464 0.128 -0.357 -0.539 -0.569 -0.584 -0.572 -0.247 -0.576 -0.243 -0.501 -0.534 -0.546 -0.553 -0.577 -0.581 -0.586 -0.592 -0.582 -0.547 -0.554 -0.419
0.0015825 -0.99000 10.07918 0.8320505619 2.4294388294    0.829  1.437  3.7046  2.690    3  0.000  0.506     0.00     0.00 -1 -1.69e-11      0.00 7.409e-01 2.575e-01 2.702e-04 9.314e-05 7.124e-04 -1.000 1.626e-03 1.178 0.740 0.347 0.007 -0.483 -0.667 -0.697 -0.713 -0.700 -0.371 -0.704 -0.367 -0.628 -0.662 -0.674 -0.680 -0.705 -0.710 -0.714 -0.721 -0.710 -0.673 -0.680 -0.545
0.0015825 -0.99000 10.07918 0.8322225809 2.4294936657    0.829  1.483  3.7026  2.635    3  0.000  0.506     0.00     0.00 -1    -2e-11      0.00 7.409e-01 2.575e-01 2.701e-04 9.320e-05 7.125e-04 -1.000 1.627e-03 1.061 0.624 0.227 -0.116 -0.611 -0.798 -0.827 -0.844 -0.830 -0.499 -0.835 -0.494 -0.758 -0.793 -0.804 -0.810 -0.836 -0.841 -0.846 -0.852 -0.841 -0.802 -0.809 -0.674
0.0015825 -0.99000 10.07918 0.8323747516 2.4295423031    0.829  1.528  3.7006  2.583    3  0.000  0.506     0.00     0.00 -1 -2.36e-11      0.00 7.409e-01 2.575e-01 2.701e-04 9.323e-05 7.125e-04 -1.000 1.628e-03 0.949 0.513 0.112 -0.235 -0.734 -0.924 -0.953 -0.971 -0.956 -0.622 -0.961 -0.616 -0.884 -0.919 -0.931 -0.935 -0.963 -0.968 -0.973 -0.979 -0.967 -0.927 -0.934 -0.798
0.0015825 -0.99000 10.07918 0.8325103521 2.4295854568    0.829  1.572  3.6987  2.532    3  0.000  0.506     0.00     0.00 -1 -2.76e-11      0.00 7.408e-01 2.575e-01 2.701e-04 9.327e-05 7.125e-04 -1.000 1.628e-03 0.841 0.405 0.001 -0.350 -0.854 -1.046 -1.075 -1.093 -1.078 -0.742 -1.083 -0.734 -1.005 -1.041 -1.053 -1.056 -1.085 -1.090 -1.095 -1.102 -1.089 -1.047 -1.054 -0.919
0.0015825 -0.99000 10.07918 0.8326359987 2.4296257496    0.829  1.615  3.6967  2.480    3  0.000  0.506     0.00     0.00 -1 -3.24e-11      0.00 7.408e-01 2.575e-01 2.700e-04 9.330e-05 7.125e-04 -1.000 1.628e-03 0.732 0.297 -0.111 -0.466 -0.974 -1.169 -1.198 -1.217 -1.201 -0.862 -1.207 -0.853 -1.128 -1.164 -1.177 -1.178 -1.209 -1.214 -1.219 -1.225 -1.212 -1.168 -1.176 -1.040
0.0015825 -0.99000 10.07918 0.8327476382 2.4296612740    0.829  1.657  3.6946  2.430    3  0.000  0.506     0.00     0.00 -1 -3.78e-11      0.00 7.408e-01 2.575e-01 2.700e-04 9.333e-05 7.125e-04 -1.000 1.628e-03 0.628 0.194 -0.219 -0.577 -1.090 -1.288 -1.317 -1.337 -1.319 -0.977 -1.325 -0.967 -1.246 -1.283 -1.295 -1.295 -1.328 -1.334 -1.339 -1.345 -1.331 -1.284 -1.293 -1.157
0.0015825 -0.99000 10.07918 0.8328528404 2.4296948910    0.828  1.699  3.6925  2.379    3  0.000  0.506     0.00     0.00 -1 -4.42e-11      0.00 7.408e-01 2.576e-01 2.700e-04 9.335e-05 7.125e-04 -1.000 1.629e-03 0.522 0.090 -0.327 -0.689 -1.208 -1.409 -1.437 -1.458 -1.439 -1.094 -1.446 -1.083 -1.365 -1.404 -1.416 -1.414 -1.449 -1.455 -1.460 -1.466 -1.452 -1.403 -1.412 -1.275
0.0015825 -0.99000 10.07918 0.8329476118 2.4297249317    0.828  1.740  3.6905  2.330    3  0.000  0.505     0.00     0.00 -1 -5.13e-11      0.00 7.408e-01 2.576e-01 2.700e-04 9.338e-05 7.125e-04 -1.000 1.629e-03 0.420 -0.010 -0.431 -0.797 -1.321 -1.525 -1.553 -1.575 -1.555 -1.207 -1.562 -1.195 -1.480 -1.520 -1.532 -1.528 -1.566 -1.572 -1.577 -1.583 -1.569 -1.517 -1.526 -1.389
0.0015825 -0.99000 10.07918 0.8330362439 2.4297533035    0.828  1.780  3.6884  2.282    3  0.000  0.505     0.00     0.00 -1 -5.95e-11      0.00 7.408e-01 2.576e-01 2.700e-04 9.340e-05 7.125e-04 -1.000 1.629e-03 0.320 -0.108 -0.534 -0.903 -1.432 -1.639 -1.667 -1.690 -1.669 -1.318 -1.677 -1.305 -1.594 -1.634 -1.647 -1.641 -1.681 -1.687 -1.692 -1.699 -1.684 -1.629 -1.639 -1.501
0.0015825 -0.99000 10.07918 0.8331211209 2.4297802448    0.828  1.818  3.6864  2.235    3  0.000  0.505     0.00     0.00 -1 -6.86e-11      0.00 7.408e-01 2.576e-01 2.700e-04 9.342e-05 7.125e-04 -1.000 1.629e-03 0.224 -0.202 -0.632 -1.005 -1.540 -1.749 -1.776 -1.801 -1.778 -1.425 -1.787 -1.410 -1.703 -1.744 -1.757 -1.749 -1.791 -1.797 -1.802 -1.809 -1.794 -1.736 -1.747 -1.609
0.0015825 -0.99000 10.07918 0.8332082033 2.4298081398    0.828  1.852  3.6847  2.194    3  0.000  0.505     0.00     0.00 -1 -7.79e-11      0.00 7.408e-01 2.576e-01 2.699e-04 9.344e-05 7.125e-04 -1.000 1.629e-03 0.139 -0.286 -0.719 -1.096 -1.635 -1.847 -1.873 -1.899 -1.875 -1.520 -1.885 -1.504 -1.799 -1.841 -1.854 -1.845 -1.889 -1.895 -1.900 -1.907 -1.892 -1.832 -1.843 -1.705
0.0015825 -0.99000 10.07918 0.8332872391 2.4298331738    0.828  1.874  3.6836  2.168    3  0.000  0.505     0.00     0.00 -1 -8.49e-11      0.00 7.408e-01 2.576e-01 2.699e-04 9.346e-05 7.126e-04 -1.000 1.629e-03 0.085 -0.339 -0.774 -1.153 -1.694 -1.908 -1.934 -1.960 -1.936 -1.580 -1.946 -1.563 -1.860 -1.902 -1.915 -1.906 -1.951 -1.957 -1.962 -1.969 -1.953 -1.892 -1.903 -1.765
0.0015825 -0.99000 10.07918 0.8333675265 2.4298586845    0.827  1.850  3.6854  2.200    3  0.000  0.505     0.00     0.00 -1 -7.79e-11      0.00 7.408e-01 2.576e-01 2.699e-04 9.348e-05 7.126e-04 -1.000 1.630e-03 0.146 -0.280 -0.711 -1.087 -1.623 -1.834 -1.861 -1.886 -1.863 -1.509 -1.872 -1.493 -1.787 -1.829 -1.842 -1.834 -1.877 -1.883 -1.888 -1.895 -1.879 -1.820 -1.831 -1.693
0.0015825 -0.99000 10.07918 0.8333817720 2.4298632145    0.827  1.845  3.6858  2.206    3  0.000  0.505     0.00     0.00 -1 -7.65e-11      0.00 7.408e-01 2.576e-01 2.699e-04 9.348e-05 7.126e-04 -1.000 1.630e-03 0.158 -0.269 -0.699 -1.074 -1.610 -1.820 -1.847 -1.872 -1.849 -1.495 -1.858 -1.480 -1.774 -1.815 -1.828 -1.820 -1.863 -1.868 -1.873 -1.880 -1.865 -1.807 -1.818 -1.680
0.0015825 -0.99000 10.07918 0.8334406018 2.4298820496    0.827  1.881  3.6838  2.161    3  0.000  0.505     0.00     0.00 -1 -8.67e-11      0.00 7.408e-01 2.576e-01 2.699e-04 9.350e-05 7.126e-04 -1.000 1.630e-03 0.066 -0.358 -0.793 -1.171 -1.712 -1.925 -1.952 -1.978 -1.954 -1.597 -1.963 -1.581 -1.878 -1.920 -1.933 -1.923 -1.968 -1.974 -1.979 -1.986 -1.971 -1.909 -1.921 -1.783
0.0015825 -0.99000 10.07918 0.8335055113 2.4299027920    0.827  1.923  3.6814  2.110    3  0.000  0.505     0.00     0.00 -1 -1.01e-10      0.00 7.408e-01 2.576e-01 2.699e-04 9.352e-05 7.126e-04 -1.000 1.630e-03 -0.037 -0.460 -0.899 -1.282 -1.829 -2.046 -2.071 -2.099 -2.073 -1.714 -2.084 -1.696 -1.997 -2.040 -2.053 -2.041 -2.089 -2.095 -2.100 -2.107 -2.091 -2.027 -2.039 -1.900
0.0015825 -0.99000 10.07918 0.8335682154 2.4299225807    0.827  1.965  3.6790  2.058    3  0.000  0.505     0.00     0.00 -1 -1.18e-10      0.00 7.408e-01 2.576e-01 2.699e-04 9.353e-05 7.126e-04 -1.000 1.630e-03 -0.143 -0.562 -1.006 -1.394 -1.948 -2.168 -2.193 -2.222 -2.195 -1.832 -2.206 -1.813 -2.118 -2.162 -2.176 -2.161 -2.212 -2.218 -2.223 -2.231 -2.214 -2.146 -2.159 -2.020
0.0015825 -0.99000 10.07918 0.8336255550 2.4299409389    0.826  2.007  3.6766  2.007    3  0.000  0.505     0.00     0.00 -1 -1.38e-10      0.00 7.408e-01 2.576e-01 2.699e-04 9.355e-05 7.126e-04 -1.000 1.630e-03 -0.247 -0.662 -1.111 -1.505 -2.065 -2.289 -2.313 -2.343 -2.315 -1.949 -2.327 -1.928 -2.237 -2.283 -2.297 -2.280 -2.333 -2.340 -2.345 -2.352 -2.335 -2.264 -2.278 -2.138
0.0015825 -0.99000 10.07918 0.8336797953 2.4299581051    0.826  2.049  3.6741  1.955    3  0.000  0.505     0.00     0.00 -1 -1.61e-10      0.00 7.408e-01 2.576e-01 2.699e-04 9.356e-05 7.126e-04 -1.000 1.630e-03 -0.352 -0.764 -1.218 -1.617 -2.183 -2.411 -2.435 -2.466 -2.437 -2.067 -2.449 -2.044 -2.358 -2.405 -2.419 -2.400 -2.456 -2.463 -2.468 -2.476 -2.458 -2.383 -2.398 -2.258
0.0015825 -0.99000 10.07918 0.8337287307 2.4299736023    0.825  2.089  3.6716  1.904    3  0.000  0.505     0.00     0.00 -1 -1.88e-10      0.00 7.408e-01 2.576e-01 2.699e-04 9.357e-05 7.126e-04 -1.000 1.630e-03 -0.453 -0.861 -1.321 -1.725 -2.298 -2.529 -2.553 -2.586 -2.555 -2.181 -2.568 -2.157 -2.475 -2.523 -2.538 -2.516 -2.576 -2.582 -2.588 -2.596 -2.577 -2.498 -2.514 -2.374
0.0015825 -0.99000 10.07918 0.8337742090 2.4299881458    0.825  2.130  3.6691  1.853    3  0.000  0.505     0.00     0.00 -1 -2.19e-10      0.00 7.407e-01 2.576e-01 2.698e-04 9.358e-05 7.126e-04 -1.000 1.630e-03 -0.555 -0.960 -1.424 -1.834 -2.413 -2.649 -2.672 -2.706 -2.674 -2.296 -2.687 -2.271 -2.593 -2.642 -2.657 -2.632 -2.696 -2.703 -2.708 -2.716 -2.696 -2.614 -2.631 -2.490
0.0015825 -0.99000 10.07918 0.8338158727 2.4300014973    0.825  2.170  3.6665  1.802    3  0.000  0.505     0.00     0.00 -1 -2.55e-10      0.00 7.407e-01 2.576e-01 2.698e-04 9.359e-05 7.126e-04 -1.000 1.631e-03 -0.656 -1.056 -1.526 -1.941 -2.528 -2.767 -2.789 -2.826 -2.792 -2.410 -2.805 -2.383 -2.710 -2.760 -2.776 -2.748 -2.815 -2.822 -2.828 -2.836 -2.815 -2.729 -2.746 -2.606
0.0015825 -0.99000 10.07918 0.8338544965 2.4300136566    0.824  2.211  3.6640  1.751    3  0.000  0.505     0.00     0.00 -1 -2.96e-10      0.00 7.407e-01 2.576e-01 2.698e-04 9.360e-05 7.126e-04 -1.000 1.631e-03 -0.756 -1.152 -1.627 -2.048 -2.642 -2.885 -2.906 -2.945 -2.910 -2.524 -2.923 -2.495 -2.826 -2.878 -2.894 -2.863 -2.934 -2.941 -2.947 -2.955 -2.934 -2.844 -2.862 -2.720
0.0015825 -0.99000 10.07918 0.8338895440 2.4300248623    0.824  2.250  3.6614  1.702    3  0.000  0.505     0.00     0.00 -1 -3.44e-10      0.00 7.407e-01 2.576e-01 2.698e-04 9.361e-05 7.126e-04 -1.000 1.631e-03 -0.854 -1.245 -1.726 -2.153 -2.753 -3.000 -3.021 -3.062 -3.025 -2.635 -3.039 -2.604 -2.940 -2.993 -3.010 -2.976 -3.051 -3.058 -3.064 -3.072 -3.051 -2.956 -2.975 -2.833
0.0015825 -0.99000 10.07918 0.8339226842 2.4300353527    0.823  2.290  3.6588  1.651    3  0.000  0.505     0.00     0.00 -1 -3.99e-10      0.00 7.407e-01 2.576e-01 2.698e-04 9.362e-05 7.126e-04 -1.000 1.631e-03 -0.954 -1.339 -1.826 -2.259 -2.866 -3.118 -3.138 -3.180 -3.142 -2.748 -3.156 -2.715 -3.055 -3.110 -3.127 -3.090 -3.169 -3.176 -3.182 -3.191 -3.169 -3.070 -3.089 -2.947
0.0015825 -0.99000 10.07918 0.8339529037 2.4300448895    0.822  2.328  3.6561  1.601    3  0.000  0.505     0.00     0.00 -1 -4.63e-10      0.00 7.407e-01 2.576e-01 2.698e-04 9.363e-05 7.126e-04 -1.000 1.631e-03 -1.051 -1.431 -1.924 -2.362 -2.977 -3.233 -3.252 -3.296 -3.257 -2.859 -3.272 -2.824 -3.168 -3.225 -3.243 -3.202 -3.285 -3.292 -3.298 -3.307 -3.285 -3.181 -3.202 -3.059
0.0015825 -0.99000 10.07918 0.8339808583 2.4300539494    0.822  2.367  3.6535  1.552    3  0.000  0.505     0.00     0.00 -1 -5.36e-10      0.00 7.407e-01 2.576e-01 2.698e-04 9.363e-05 7.126e-04 -1.000 1.631e-03 -1.148 -1.523 -2.021 -2.466 -3.088 -3.348 -3.366 -3.412 -3.371 -2.969 -3.386 -2.933 -3.281 -3.340 -3.358 -3.313 -3.400 -3.408 -3.414 -3.424 -3.400 -3.292 -3.313 -3.171
0.0015825 -0.99000 10.07918 0.8340065479 2.4300620556    0.821  2.405  3.6509  1.503    3  0.000  0.505     0.00     0.00 -1 -6.19e-10      0.00 7.407e-01 2.576e-01 2.698e-04 9.364e-05 7.126e-04 -1.000 1.631e-03 -1.243 -1.610 -2.115 -2.566 -3.196 -3.460 -3.478 -3.526 -3.483 -3.077 -3.499 -3.039 -3.392 -3.452 -3.471 -3.423 -3.514 -3.522 -3.528 -3.538 -3.514 -3.401 -3.423 -3.280
0.0015825 -0.99000 10.07918 0.8340358734 2.4300713539    0.820  2.452  3.6476  1.442    3  0.000  0.505     0.00     0.00 -1  -7.4e-10      0.00 7.407e-01 2.576e-01 2.698e-04 9.365e-05 7.126e-04 -1.000 1.631e-03 -1.361 -1.719 -2.232 -2.691 -3.330 -3.601 -3.617 -3.669 -3.624 -3.211 -3.640 -3.170 -3.529 -3.592 -3.611 -3.559 -3.656 -3.664 -3.671 -3.680 -3.656 -3.537 -3.560 -3.416
0.0015825 -0.99000 10.07918 0.8340579271 2.4300782681    0.819  2.491  3.6449  1.392    3  0.000  0.505     0.00     0.00 -1 -8.56e-10      0.00 7.407e-01 2.576e-01 2.698e-04 9.365e-05 7.126e-04 -1.000 1.631e-03 -1.457 -1.807 -2.327 -2.793 -3.439 -3.714 -3.730 -3.784 -3.737 -3.320 -3.753 -3.277 -3.640 -3.705 -3.725 -3.669 -3.770 -3.779 -3.786 -3.796 -3.771 -3.647 -3.671 -3.526
0.0015825 -0.99000 10.07918 0.8340821862 2.4300861359    0.818  2.536  3.6416  1.333    3  0.000  0.505     0.00     0.00 -1 -1.02e-09      0.00 7.407e-01 2.576e-01 2.698e-04 9.366e-05 7.126e-04 -1.000 1.631e-03 -1.570 -1.910 -2.439 -2.913 -3.569 -3.850 -3.864 -3.921 -3.873 -3.450 -3.889 -3.404 -3.773 -3.840 -3.861 -3.801 -3.907 -3.916 -3.923 -3.934 -3.908 -3.778 -3.803 -3.657
0.0015825 -0.99000 10.07918 0.8341050744 2.4300932884    0.817  2.582  3.6383  1.273    3  0.000  0.505     0.00     0.00 -1 -1.21e-09      0.00 7.407e-01 2.576e-01 2.698e-04 9.366e-05 7.126e-04 -1.000 1.631e-03 -1.685 -2.015 -2.552 -3.036 -3.701 -3.988 -4.001 -4.061 -4.011 -3.582 -4.027 -3.533 -3.908 -3.978 -4.000 -3.934 -4.047 -4.056 -4.063 -4.074 -4.048 -3.912 -3.938 -3.790
0.0015825 -0.99000 10.07918 0.8341224194 2.4300987720    0.816  2.620  3.6356  1.224    3  0.000  0.505     0.00     0.00 -1  -1.4e-09      0.00 7.407e-01 2.576e-01 2.698e-04 9.367e-05 7.126e-04 -1.000 1.631e-03 -1.779 -2.099 -2.644 -3.135 -3.807 -4.100 -4.112 -4.174 -4.123 -3.689 -4.139 -3.638 -4.017 -4.089 -4.112 -4.043 -4.160 -4.169 -4.177 -4.188 -4.161 -4.021 -4.048 -3.898
0.0015825 -0.99000 10.07918 0.8341413736 2.4301047325    0.814  2.664  3.6322  1.166    3  0.000  0.505     0.00     0.00 -1 -1.66e-09      0.00 7.407e-01 2.577e-01 2.698e-04 9.367e-05 7.126e-04 -1.000 1.631e-03 -1.889 -2.197 -2.751 -3.251 -3.933 -4.232 -4.242 -4.308 -4.256 -3.814 -4.272 -3.761 -4.145 -4.221 -4.245 -4.171 -4.294 -4.303 -4.311 -4.322 -4.296 -4.149 -4.177 -4.025
0.0015825 -0.99000 10.07918 0.8341593742 2.4301104546    0.813  2.709  3.6288  1.107    3  0.000  0.505     0.00     0.00 -1 -1.97e-09      0.00 7.407e-01 2.577e-01 2.698e-04 9.368e-05 7.126e-04 -1.000 1.631e-03 -2.002 -2.297 -2.861 -3.370 -4.061 -4.367 -4.376 -4.445 -4.391 -3.943 -4.407 -3.886 -4.276 -4.356 -4.381 -4.301 -4.430 -4.440 -4.448 -4.460 -4.433 -4.281 -4.309 -4.155
0.0015825 -0.99000 10.07918 0.8341764212 2.4301159382    0.811  2.755  3.6255  1.046    3  0.000  0.505     0.00     0.00 -1 -2.35e-09      0.00 7.407e-01 2.577e-01 2.698e-04 9.368e-05 7.126e-04 -1.000 1.631e-03 -2.117 -2.400 -2.973 -3.491 -4.192 -4.505 -4.512 -4.585 -4.529 -4.075 -4.545 -4.014 -4.410 -4.493 -4.519 -4.434 -4.569 -4.579 -4.588 -4.600 -4.572 -4.414 -4.443 -4.287
0.0015825 -0.99000 10.07918 0.8341910243 2.4301207066    0.809  2.797  3.6221  0.989    3  0.000  0.505     0.00     0.00 -1 -2.77e-09      0.00 7.407e-01 2.577e-01 2.698e-04 9.369e-05 7.126e-04 -1.000 1.631e-03 -2.223 -2.490 -3.074 -3.602 -4.312 -4.633 -4.639 -4.715 -4.658 -4.196 -4.673 -4.132 -4.534 -4.621 -4.647 -4.558 -4.698 -4.709 -4.718 -4.731 -4.702 -4.540 -4.570 -4.409
0.0015825 -0.99000 10.07918 0.8342050314 2.4301249981    0.807  2.840  3.6187  0.931    3  0.000  0.505     0.00     0.00 -1 -3.28e-09      0.00 7.407e-01 2.577e-01 2.698e-04 9.369e-05 7.126e-04 -1.000 1.631e-03 -2.331 -2.583 -3.179 -3.716 -4.436 -4.764 -4.769 -4.848 -4.790 -4.321 -4.804 -4.253 -4.661 -4.752 -4.779 -4.686 -4.831 -4.841 -4.851 -4.864 -4.836 -4.670 -4.700 -4.534
0.0015825 -0.99000 10.07918 0.8342183232 2.4301292896    0.805  2.885  3.6153  0.872    3  0.000  0.505     0.00     0.00 -1 -3.89e-09      0.00 7.407e-01 2.577e-01 2.698e-04 9.369e-05 7.126e-04 -1.000 1.631e-03 -2.442 -2.677 -3.285 -3.832 -4.562 -4.898 -4.901 -4.984 -4.925 -4.448 -4.938 -4.377 -4.790 -4.885 -4.913 -4.815 -4.966 -4.977 -4.987 -5.001 -4.972 -4.801 -4.832 -4.662
0.0015825 -0.99000 10.07918 0.8342302442 2.4301331043    0.802  2.927  3.6119  0.815    3  0.000  0.505     0.00     0.00 -1  -4.6e-09      0.00 7.407e-01 2.577e-01 2.698e-04 9.370e-05 7.126e-04 -1.000 1.631e-03 -2.549 -2.768 -3.388 -3.945 -4.684 -5.027 -5.029 -5.116 -5.055 -4.570 -5.067 -4.496 -4.915 -5.014 -5.043 -4.940 -5.097 -5.108 -5.119 -5.133 -5.104 -4.929 -4.960 -4.785
0.0015825 -0.99000 10.07918 0.8342412710 2.4301366806    0.799  2.970  3.6086  0.757    3  0.000  0.505     0.00     0.00 -1 -5.43e-09      0.00 7.407e-01 2.577e-01 2.698e-04 9.370e-05 7.126e-04 -1.000 1.631e-03 -2.654 -2.855 -3.488 -4.054 -4.804 -5.155 -5.156 -5.246 -5.185 -4.691 -5.196 -4.613 -5.038 -5.141 -5.172 -5.064 -5.226 -5.238 -5.249 -5.263 -5.234 -5.057 -5.088 -4.906
0.0015825 -0.99000 10.07918 0.8342516422 2.4301397800    0.796  3.012  3.6052  0.700    3  0.000  0.505     0.00     0.00 -1  -6.4e-09      0.00 7.407e-01 2.577e-01 2.698e-04 9.370e-05 7.126e-04 -1.000 1.631e-03 -2.760 -2.941 -3.588 -4.164 -4.923 -5.283 -5.282 -5.376 -5.314 -4.812 -5.324 -4.729 -5.161 -5.269 -5.300 -5.188 -5.355 -5.368 -5.379 -5.393 -5.363 -5.185 -5.216 -5.028
0.0015825 -0.99000 10.07918 0.8342615962 2.4301431179    0.793  3.055  3.6018  0.641    3  0.000  0.505     0.00     0.00 -1 -7.58e-09      0.00 7.407e-01 2.577e-01 2.698e-04 9.370e-05 7.126e-04 -1.000 1.631e-03 -2.868 -3.031 -3.691 -4.276 -5.046 -5.414 -5.411 -5.508 -5.446 -4.936 -5.454 -4.848 -5.287 -5.399 -5.431 -5.315 -5.486 -5.500 -5.512 -5.526 -5.496 -5.315 -5.346 -5.152
0.0015825 -0.99000 10.07918 0.8342702985 2.4301457405    0.789  3.096  3.5985  0.586    3  0.000  0.505     0.00     0.00 -1 -8.89e-09      0.00 7.407e-01 2.577e-01 2.698e-04 9.371e-05 7.127e-04 -1.000 1.631e-03 -2.969 -3.112 -3.785 -4.381 -5.160 -5.537 -5.533 -5.633 -5.570 -5.051 -5.577 -4.960 -5.405 -5.521 -5.555 -5.434 -5.610 -5.625 -5.636 -5.651 -5.621 -5.438 -5.469 -5.268
0.0015825 -0.99000 10.07918 0.8342787623 2.4301486015    0.785  3.137  3.5952  0.528    3  0.000  0.505     0.00     0.00 -1 -1.05e-08      0.00 7.407e-01 2.577e-01 2.698e-04 9.371e-05 7.127e-04 -1.000 1.631e-03 -3.073 -3.194 -3.883 -4.488 -5.277 -5.663 -5.657 -5.761 -5.697 -5.170 -5.703 -5.073 -5.526 -5.647 -5.681 -5.555 -5.737 -5.753 -5.764 -5.779 -5.748 -5.564 -5.595 -5.387
0.0015825 -0.99000 10.07918 0.8342867494 2.4301509857    0.781  3.179  3.5918  0.471    3  0.000  0.505     0.00     0.00 -1 -1.24e-08      0.00 7.407e-01 2.577e-01 2.698e-04 9.371e-05 7.127e-04 -1.000 1.631e-03 -3.178 -3.276 -3.981 -4.596 -5.395 -5.790 -5.782 -5.890 -5.826 -5.290 -5.830 -5.188 -5.647 -5.773 -5.809 -5.678 -5.864 -5.882 -5.894 -5.908 -5.876 -5.693 -5.724 -5.506
0.0015825 -0.99000 10.07918 0.8342941403 2.4301533699    0.776  3.220  3.5884  0.414    3  0.000  0.505     0.00     0.00 -1 -1.45e-08      0.00 7.407e-01 2.577e-01 2.698e-04 9.371e-05 7.127e-04 -1.000 1.631e-03 -3.279 -3.353 -4.076 -4.702 -5.510 -5.914 -5.905 -6.017 -5.952 -5.407 -5.954 -5.300 -5.766 -5.896 -5.933 -5.798 -5.989 -6.008 -6.020 -6.034 -6.001 -5.820 -5.850 -5.623
0.0015825 -0.99000 10.07918 0.8343008161 2.4301555157    0.770  3.259  3.5851  0.358    3  0.000  0.505     0.00     0.00 -1  -1.7e-08      0.00 7.407e-01 2.577e-01 2.698e-04 9.371e-05 7.127e-04 -1.000 1.631e-03 -3.377 -3.428 -4.167 -4.804 -5.621 -6.034 -6.023 -6.139 -6.074 -5.520 -6.074 -5.408 -5.880 -6.016 -6.054 -5.915 -6.110 -6.130 -6.143 -6.156 -6.123 -5.943 -5.973 -5.735
0.0015825 -0.99000 10.07918 0.8343071342 2.4301574230    0.764  3.297  3.5818  0.304    3  0.000  0.505     0.00     0.00 -1 -1.99e-08      0.00 7.407e-01 2.577e-01 2.698e-04 9.371e-05 7.127e-04 -1.000 1.632e-03 -3.473 -3.497 -4.256 -4.903 -5.729 -6.150 -6.138 -6.258 -6.193 -5.629 -6.191 -5.513 -5.992 -6.131 -6.171 -6.027 -6.227 -6.249 -6.262 -6.274 -6.240 -6.062 -6.092 -5.845
0.0015825 -0.99000 10.07918 0.8343133330 2.4301595688    0.758  3.335  3.5787  0.250    3  0.000  0.505     0.00     0.00 -1 -2.32e-08      0.00 7.407e-01 2.577e-01 2.698e-04 9.372e-05 7.127e-04 -1.000 1.632e-03 -3.566 -3.565 -4.344 -5.000 -5.834 -6.264 -6.250 -6.375 -6.309 -5.737 -6.305 -5.615 -6.100 -6.244 -6.286 -6.136 -6.341 -6.365 -6.379 -6.389 -6.355 -6.180 -6.209 -5.952
0.0015825 -0.99000 10.07918 0.8343147039 2.4301598072    0.756  3.342  3.5780  0.239    3  0.000  0.505     0.00     0.00 -1  -2.4e-08      0.00 7.407e-01 2.577e-01 2.698e-04 9.372e-05 7.127e-04 -1.000 1.631e-03 -3.585 -3.578 -4.361 -5.019 -5.855 -6.287 -6.272 -6.398 -6.332 -5.759 -6.328 -5.636 -6.122 -6.267 -6.309 -6.158 -6.364 -6.388 -6.402 -6.413 -6.378 -6.203 -6.233 -5.973
0.0015825 -0.99000 10.07918 0.8343147039 2.4301598072    0.756  1.726  3.7326  2.473    4  0.000  0.512     0.00     0.00 -1    -1e-30      0.00 7.389e-01 2.595e-01 2.752e-04 9.074e-05 7.176e-04 -1.000 1.596e-03 0.455 0.012 -0.328 -0.621 -1.043 -1.192 -1.220 -1.229 -1.229 -0.939 -1.224 -0.948 -1.163 -1.189 -1.197 -1.211 -1.223 -1.227 -1.231 -1.237 -1.233 -1.221 -1.223 -1.095
0.0015825 -0.99000 10.07918 0.8343666792 2.4301764965    0.756  1.742  3.7314  2.452    4  0.000  0.512     0.00     0.00 -1    -1e-30      0.00 7.389e-01 2.595e-01 2.752e-04 9.074e-05 7.176e-04 -1.000 1.596e-03 0.415 -0.029 -0.372 -0.666 -1.091 -1.241 -1.269 -1.279 -1.278 -0.987 -1.274 -0.995 -1.212 -1.238 -1.246 -1.260 -1.272 -1.276 -1.280 -1.287 -1.282 -1.270 -1.272 -1.143
0.0015825 -0.99000 10.07918 0.8344159126 2.4301919937    0.756  1.745  3.7312  2.449    4  0.000  0.512     0.00     0.00 -1    -1e-30      0.00 7.389e-01 2.595e-01 2.752e-04 9.074e-05 7.176e-04 -1.000 1.596e-03 0.408 -0.036 -0.379 -0.674 -1.099 -1.249 -1.277 -1.287 -1.286 -0.994 -1.282 -1.003 -1.220 -1.246 -1.254 -1.268 -1.281 -1.284 -1.288 -1.295 -1.290 -1.278 -1.280 -1.151
0.0015825 -0.99000 10.07918 0.8344646096 2.4302074909    0.756  1.746  3.7314  2.448    4  0.000  0.512     0.00     0.00 -1    -1e-30      0.00 7.389e-01 2.595e-01 2.752e-04 9.074e-05 7.176e-04 -1.000 1.596e-03 0.404 -0.040 -0.383 -0.677 -1.102 -1.252 -1.280 -1.289 -1.289 -0.997 -1.284 -1.006 -1.223 -1.249 -1.257 -1.271 -1.283 -1.287 -1.291 -1.297 -1.293 -1.281 -1.283 -1.154
0.0015825 -0.99000 10.07918 0.8345149755 2.4302234650    0.756  1.747  3.7317  2.449    4  0.000  0.512     0.00     0.00 -1    -1e-30      0.00 7.389e-01 2.595e-01 2.752e-04 9.074e-05 7.176e-04 -1.000 1.596e-03 0.403 -0.041 -0.383 -0.676 -1.101 -1.251 -1.279 -1.288 -1.287 -0.996 -1.283 -1.005 -1.222 -1.247 -1.256 -1.270 -1.282 -1.285 -1.289 -1.296 -1.291 -1.279 -1.282 -1.153
0.0015825 -0.99000 10.07918 0.8345651627 2.4302394390    0.756  1.746  3.7323  2.451    4  0.000  0.512     0.00     0.00 -1    -1e-30      0.00 7.389e-01 2.595e-01 2.752e-04 9.074e-05 7.176e-04 -1.000 1.596e-03 0.404 -0.039 -0.381 -0.673 -1.096 -1.245 -1.273 -1.283 -1.282 -0.992 -1.278 -1.001 -1.217 -1.242 -1.251 -1.265 -1.276 -1.280 -1.284 -1.291 -1.286 -1.275 -1.277 -1.148
0.0015825 -0.99000 10.07918 0.8346158862 2.4302554131    0.757  1.745  3.7329  2.455    4  0.000  0.512     0.00     0.00 -1    -1e-30      0.00 7.389e-01 2.595e-01 2.752e-04 9.074e-05 7.176e-04 -1.000 1.596e-03 0.407 -0.036 -0.377 -0.668 -1.090 -1.238 -1.266 -1.275 -1.275 -0.986 -1.270 -0.995 -1.210 -1.235 -1.243 -1.257 -1.269 -1.273 -1.277 -1.283 -1.279 -1.268 -1.270 -1.141
0.0015825 -0.99000 10.07918 0.8346663713 2.4302713871    0.757  1.744  3.7337  2.460    4  0.000  0.512     0.00     0.00 -1    -1e-30      0.00 7.389e-01 2.595e-01 2.752e-04 9.074e-05 7.176e-04 -1.000 1.596e-03 0.410 -0.033 -0.371 -0.662 -1.082 -1.229 -1.257 -1.266 -1.266 -0.978 -1.261 -0.988 -1.201 -1.226 -1.234 -1.249 -1.260 -1.264 -1.268 -1.274 -1.270 -1.259 -1.261 -1.133
0.0015825 -0.99000 10.07918 0.8347173333 2.4302875996    0.757  1.742  3.7345  2.464    4  0.000  0.512     0.00     0.00 -1    -1e-30      0.00 7.389e-01 2.595e-01 2.752e-04 9.074e-05 7.176e-04 -1.000 1.596e-03 0.414 -0.028 -0.366 -0.655 -1.073 -1.220 -1.248 -1.256 -1.257 -0.969 -1.252 -0.980 -1.192 -1.217 -1.225 -1.239 -1.250 -1.254 -1.258 -1.264 -1.260 -1.250 -1.252 -1.124
0.0015825 -0.99000 10.07918 0.8347693086 2.4303040504    0.757  1.741  3.7352  2.469    4  0.000  0.512     0.00     0.00 -1    -1e-30      0.00 7.389e-01 2.595e-01 2.752e-04 9.074e-05 7.176e-04 -1.000 1.596e-03 0.418 -0.025 -0.361 -0.649 -1.065 -1.211 -1.239 -1.247 -1.248 -0.962 -1.243 -0.972 -1.183 -1.208 -1.216 -1.230 -1.241 -1.245 -1.249 -1.255 -1.251 -1.242 -1.244 -1.116
0.0015825 -0.99000 10.07918 0.8348221183 2.4303209782    0.757  1.740  3.7359  2.473    4  0.000  0.512     0.00     0.00 -1    -1e-30      0.00 7.389e-01 2.595e-01 2.752e-04 9.074e-05 7.176e-04 -1.000 1.596e-03 0.421 -0.021 -0.356 -0.642 -1.058 -1.202 -1.230 -1.238 -1.240 -0.954 -1.234 -0.965 -1.175 -1.199 -1.207 -1.222 -1.232 -1.236 -1.240 -1.246 -1.243 -1.234 -1.236 -1.108
0.0015825 -0.99000 10.07918 0.8348699808 2.4303359985    0.757  1.739  3.7365  2.477    4  0.000  0.512     0.00     0.00 -1    -1e-30      0.00 7.389e-01 2.595e-01 2.752e-04 9.074e-05 7.176e-04 -1.000 1.596e-03 0.424 -0.018 -0.352 -0.637 -1.051 -1.195 -1.223 -1.231 -1.232 -0.948 -1.227 -0.959 -1.168 -1.192 -1.200 -1.215 -1.225 -1.229 -1.233 -1.239 -1.235 -1.227 -1.229 -1.101
0.0015825 -0.99000 10.07918 0.8349232078 2.4303529263    0.757  1.737  3.7372  2.480    4  0.000  0.512     0.00     0.00 -1    -1e-30      0.00 7.389e-01 2.595e-01 2.752e-04 9.074e-05 7.176e-04 -1.000 1.596e-03 0.426 -0.015 -0.348 -0.632 -1.045 -1.188 -1.216 -1.224 -1.225 -0.942 -1.219 -0.953 -1.161 -1.185 -1.193 -1.208 -1.218 -1.222 -1.226 -1.232 -1.228 -1.220 -1.222 -1.094
0.0015825 -0.99000 10.07918 0.8349746466 2.4303691387    0.757  1.737  3.7377  2.483    4  0.000  0.512     0.00     0.00 -1    -1e-30      0.00 7.389e-01 2.595e-01 2.752e-04 9.074e-05 7.176e-04 -1.000 1.596e-03 0.428 -0.013 -0.345 -0.628 -1.040 -1.183 -1.210 -1.218 -1.220 -0.937 -1.214 -0.948 -1.155 -1.179 -1.188 -1.202 -1.212 -1.216 -1.220 -1.226 -1.223 -1.215 -1.217 -1.089
0.0015825 -0.99000 10.07918 0.8350248933 2.4303851128    0.757  1.736  3.7381  2.486    4  0.000  0.512     0.00     0.00 -1    -1e-30      0.00 7.389e-01 2.595e-01 2.752e-04 9.074e-05 7.176e-04 -1.000 1.596e-03 0.430 -0.011 -0.342 -0.625 -1.036 -1.178 -1.205 -1.213 -1.215 -0.933 -1.209 -0.944 -1.151 -1.175 -1.183 -1.197 -1.207 -1.211 -1.215 -1.221 -1.218 -1.211 -1.212 -1.085
0.0015825 -0.99000 10.07918 0.8350304961 2.4303870201    0.757  1.736  3.7382  2.486    4  0.000  0.512     0.00     0.00 -1    -1e-30      0.00 7.389e-01 2.595e-01 2.752e-04 9.074e-05 7.176e-04 -1.000 1.596e-03 0.430 -0.011 -0.342 -0.625 -1.035 -1.177 -1.205 -1.213 -1.215 -0.932 -1.209 -0.944 -1.150 -1.174 -1.182 -1.197 -1.207 -1.211 -1.215 -1.221 -1.217 -1.210 -1.212 -1.084
0.0015825 -0.99000 10.07918 0.8350753784 2.4304010868    0.757  1.736  3.7385  2.487    4  0.000  0.512     0.00     0.00 -1    -1e-30      0.00 7.389e-01 2.595e-01 2.752e-04 9.074e-05 7.176e-04 -1.000 1.596e-03 0.430 -0.010 -0.341 -0.623 -1.033 -1.175 -1.202 -1.210 -1.212 -0.930 -1.206 -0.942 -1.148 -1.172 -1.180 -1.194 -1.204 -1.208 -1.212 -1.218 -1.215 -1.208 -1.209 -1.082
0.0015825 -0.99000 10.07918 0.8351229429 2.4304163456    0.757  1.736  3.7388  2.488    4  0.000  0.512     0.00     0.00 -1    -1e-30      0.00 7.389e-01 2.595e-01 2.752e-04 9.074e-05 7.176e-04 -1.000 1.596e-03 0.430 -0.010 -0.340 -0.622 -1.031 -1.173 -1.200 -1.208 -1.210 -0.928 -1.204 -0.940 -1.146 -1.170 -1.178 -1.192 -1.202 -1.206 -1.210 -1.216 -1.213 -1.206 -1.207 -1.080
0.0015825 -0.99000 10.07918 0.8351731896 2.4304320812    0.757  1.736  3.7389  2.489    4  0.000  0.512     0.00     0.00 -1    -1e-30      0.00 7.389e-01 2.595e-01 2.752e-04 9.074e-05 7.176e-04 -1.000 1.596e-03 0.430 -0.011 -0.340 -0.622 -1.031 -1.172 -1.199 -1.207 -1.209 -0.928 -1.203 -0.940 -1.145 -1.169 -1.177 -1.191 -1.201 -1.205 -1.209 -1.215 -1.212 -1.205 -1.206 -1.079
0.0015825 -0.99000 10.07918 0.8352205157 2.4304471016    0.757  1.737  3.7390  2.489    4  0.000  0.512     0.00     0.00 -1    -1e-30      0.00 7.389e-01 2.595e-01 2.752e-04 9.074e-05 7.176e-04 -1.000 1.596e-03 0.428 -0.012 -0.341 -0.623 -1.032 -1.173 -1.200 -1.208 -1.210 -0.929 -1.204 -0.941 -1.146 -1.170 -1.178 -1.192 -1.202 -1.206 -1.210 -1.216 -1.213 -1.206 -1.207 -1.080
0.0015825 -0.99000 10.07918 0.8352748752 2.4304642677    0.757  1.738  3.7390  2.487    4  0.000  0.512     0.00     0.00 -1    -1e-30      0.00 7.389e-01 2.595e-01 2.752e-04 9.074e-05 7.176e-04 -1.000 1.596e-03 0.426 -0.015 -0.344 -0.626 -1.035 -1.176 -1.203 -1.211 -1.213 -0.932 -1.207 -0.944 -1.149 -1.173 -1.181 -1.195 -1.205 -1.209 -1.213 -1.219 -1.216 -1.209 -1.210 -1.083
0.0015825 -0.99000 10.07918 0.8353248835 2.4304802418    0.757  1.739  3.7388  2.485    4  0.000  0.512     0.00     0.00 -1    -1e-30      0.00 7.389e-01 2.595e-01 2.752e-04 9.074e-05 7.176e-04 -1.000 1.596e-03 0.422 -0.018 -0.348 -0.630 -1.039 -1.180 -1.208 -1.215 -1.218 -0.936 -1.211 -0.948 -1.153 -1.177 -1.185 -1.200 -1.209 -1.213 -1.217 -1.223 -1.220 -1.213 -1.215 -1.088
0.0015825 -0.99000 10.07918 0.8353739977 2.4304957390    0.757  1.741  3.7385  2.483    4  0.000  0.512     0.00     0.00 -1    -1e-30      0.00 7.389e-01 2.595e-01 2.752e-04 9.074e-05 7.176e-04 -1.000 1.596e-03 0.418 -0.023 -0.353 -0.635 -1.045 -1.187 -1.214 -1.222 -1.224 -0.942 -1.218 -0.954 -1.160 -1.184 -1.192 -1.206 -1.216 -1.220 -1.224 -1.230 -1.227 -1.220 -1.221 -1.094
0.0015825 -0.99000 10.07918 0.8353975415 2.4305031300    0.757  1.742  3.7384  2.481    4  0.000  0.512     0.00     0.00 -1    -1e-30      0.00 7.389e-01 2.595e-01 2.752e-04 9.074e-05 7.176e-04 -1.000 1.596e-03 0.416 -0.025 -0.355 -0.638 -1.048 -1.190 -1.217 -1.225 -1.227 -0.945 -1.221 -0.957 -1.163 -1.187 -1.195 -1.209 -1.219 -1.223 -1.227 -1.233 -1.230 -1.223 -1.224 -1.097
0.0015825 -0.99000 10.07918 0.8354188800 2.4305100441    0.757  1.743  3.7382  2.479    4  0.000  0.512     0.00     0.00 -1    -1e-30      0.00 7.389e-01 2.595e-01 2.752e-04 9.074e-05 7.176e-04 -1.000 1.596e-03 0.413 -0.028 -0.358 -0.642 -1.052 -1.194 -1.221 -1.229 -1.231 -0.949 -1.225 -0.961 -1.167 -1.191 -1.199 -1.213 -1.223 -1.227 -1.231 -1.237 -1.234 -1.227 -1.228 -1.101
0.0015825 -0.99000 10.07918 0.8354635835 2.4305241108    0.757  1.745  3.7378  2.475    4  0.000  0.512     0.00     0.00 -1    -1e-30      0.00 7.389e-01 2.595e-01 2.752e-04 9.074e-05 7.176e-04 -1.000 1.596e-03 0.407 -0.034 -0.365 -0.649 -1.060 -1.203 -1.230 -1.238 -1.240 -0.957 -1.234 -0.969 -1.176 -1.200 -1.208 -1.222 -1.232 -1.236 -1.240 -1.246 -1.243 -1.236 -1.237 -1.110
0.0015825 -0.99000 10.07918 0.8355084062 2.4305384159    0.758  1.748  3.7372  2.470    4  0.000  0.512     0.00     0.00 -1    -1e-30      0.00 7.389e-01 2.595e-01 2.752e-04 9.074e-05 7.176e-04 -1.000 1.596e-03 0.400 -0.041 -0.374 -0.658 -1.071 -1.214 -1.241 -1.249 -1.251 -0.967 -1.245 -0.979 -1.187 -1.211 -1.219 -1.233 -1.243 -1.247 -1.251 -1.257 -1.254 -1.246 -1.248 -1.120
0.0015825 -0.99000 10.07918 0.8355535865 2.4305524826    0.758  1.751  3.7367  2.465    4  0.000  0.512     0.00     0.00 -1    -1e-30      0.00 7.389e-01 2.595e-01 2.752e-04 9.074e-05 7.176e-04 -1.000 1.596e-03 0.393 -0.049 -0.383 -0.668 -1.082 -1.226 -1.253 -1.261 -1.263 -0.978 -1.257 -0.990 -1.198 -1.222 -1.231 -1.245 -1.255 -1.259 -1.263 -1.269 -1.266 -1.258 -1.259 -1.131
0.0015825 -0.99000 10.07918 0.8355991840 2.4305670261    0.758  1.755  3.7360  2.459    4  0.000  0.512     0.00     0.00 -1    -1e-30      0.00 7.389e-01 2.595e-01 2.752e-04 9.074e-05 7.176e-04 -1.000 1.596e-03 0.383 -0.059 -0.393 -0.680 -1.095 -1.239 -1.267 -1.275 -1.277 -0.991 -1.271 -1.002 -1.212 -1.236 -1.244 -1.259 -1.269 -1.273 -1.277 -1.284 -1.280 -1.271 -1.273 -1.145
0.0015825 -0.99000 10.07918 0.8356430531 2.4305808544    0.758  1.758  3.7353  2.452    4  0.000  0.512     0.00     0.00 -1    -1e-30      0.00 7.389e-01 2.595e-01 2.752e-04 9.074e-05 7.176e-04 -1.000 1.596e-03 0.374 -0.068 -0.404 -0.692 -1.108 -1.254 -1.281 -1.290 -1.291 -1.005 -1.285 -1.015 -1.226 -1.250 -1.259 -1.273 -1.284 -1.288 -1.292 -1.298 -1.294 -1.285 -1.287 -1.158
0.0015825 -0.99000 10.07918 0.8356871009 2.4305949211    0.758  1.763  3.7345  2.444    4  0.000  0.512     0.00     0.00 -1    -1e-30      0.00 7.389e-01 2.595e-01 2.752e-04 9.074e-05 7.176e-04 -1.000 1.596e-03 0.362 -0.081 -0.419 -0.708 -1.126 -1.272 -1.300 -1.309 -1.310 -1.022 -1.304 -1.032 -1.244 -1.269 -1.277 -1.292 -1.303 -1.307 -1.311 -1.317 -1.313 -1.303 -1.305 -1.176
0.0015825 -0.99000 10.07918 0.8357315660 2.4306089878    0.758  1.768  3.7337  2.436    4  0.000  0.512     0.00     0.00 -1    -1e-30      0.00 7.389e-01 2.595e-01 2.752e-04 9.074e-05 7.176e-04 -1.000 1.596e-03 0.349 -0.094 -0.433 -0.723 -1.142 -1.290 -1.318 -1.327 -1.327 -1.039 -1.322 -1.049 -1.262 -1.287 -1.295 -1.309 -1.321 -1.324 -1.328 -1.335 -1.331 -1.320 -1.322 -1.193
0.0015825 -0.99000 10.07918 0.8357757926 2.4306228161    0.758  1.775  3.7325  2.425    4  0.000  0.512     0.00     0.00 -1    -1e-30      0.00 7.389e-01 2.595e-01 2.752e-04 9.074e-05 7.176e-04 -1.000 1.596e-03 0.333 -0.111 -0.452 -0.744 -1.166 -1.315 -1.343 -1.352 -1.352 -1.062 -1.347 -1.071 -1.286 -1.311 -1.320 -1.334 -1.346 -1.349 -1.353 -1.360 -1.356 -1.344 -1.346 -1.217
0.0015825 -0.99000 10.07918 0.8358210325 2.4306371212    0.758  1.784  3.7311  2.410    4  0.000  0.512     0.00     0.00 -1    -1e-30      0.00 7.389e-01 2.595e-01 2.752e-04 9.074e-05 7.176e-04 -1.000 1.596e-03 0.311 -0.133 -0.477 -0.771 -1.197 -1.347 -1.375 -1.385 -1.384 -1.092 -1.380 -1.101 -1.318 -1.344 -1.352 -1.366 -1.378 -1.382 -1.386 -1.393 -1.388 -1.376 -1.378 -1.249
0.0015825 -0.99000 10.07918 0.8358649611 2.4306511879    0.758  1.790  3.7300  2.399    4  0.000  0.512     0.00     0.00 -1    -1e-30      0.00 7.389e-01 2.595e-01 2.752e-04 9.074e-05 7.176e-04 -1.000 1.596e-03 0.294 -0.151 -0.496 -0.792 -1.220 -1.372 -1.400 -1.410 -1.409 -1.115 -1.405 -1.124 -1.342 -1.368 -1.377 -1.391 -1.403 -1.407 -1.411 -1.418 -1.413 -1.400 -1.402 -1.272
0.0015825 -0.99000 10.07918 0.8359115124 2.4306657314    0.758  1.806  3.7276  2.374    4  0.000  0.512     0.00     0.00 -1    -1e-30      0.00 7.389e-01 2.595e-01 2.752e-04 9.074e-05 7.176e-04 -1.000 1.596e-03 0.255 -0.191 -0.541 -0.841 -1.273 -1.428 -1.456 -1.466 -1.465 -1.168 -1.461 -1.175 -1.398 -1.424 -1.433 -1.447 -1.460 -1.464 -1.468 -1.475 -1.469 -1.454 -1.457 -1.327
0.0015825 -0.99000 10.07918 0.8359558582 2.4306797981    0.758  1.831  3.7241  2.335    4  0.000  0.512     0.00     0.00 -1    -1e-30      0.00 7.389e-01 2.595e-01 2.752e-04 9.074e-05 7.176e-04 -1.000 1.596e-03 0.192 -0.255 -0.612 -0.917 -1.357 -1.516 -1.545 -1.556 -1.552 -1.251 -1.550 -1.257 -1.485 -1.512 -1.521 -1.535 -1.549 -1.553 -1.557 -1.564 -1.558 -1.540 -1.543 -1.412
0.0015825 -0.99000 10.07918 0.8359887600 2.4306902885    0.758  1.867  3.7194  2.281    4  0.000  0.512     0.00     0.00 -1    -1e-30      0.00 7.389e-01 2.595e-01 2.752e-04 9.074e-05 7.176e-04 -1.000 1.596e-03 0.104 -0.344 -0.709 -1.022 -1.473 -1.638 -1.667 -1.679 -1.674 -1.366 -1.672 -1.370 -1.605 -1.634 -1.643 -1.655 -1.672 -1.676 -1.681 -1.687 -1.680 -1.658 -1.662 -1.530
0.0015825 -0.99000 10.07918 0.8360047936 2.4306952953    0.758  1.903  3.7148  2.226    4  0.000  0.512     0.00     0.00 -1    -1e-30      0.00 7.389e-01 2.595e-01 2.752e-04 9.074e-05 7.176e-04 -1.000 1.596e-03 0.012 -0.435 -0.809 -1.130 -1.592 -1.762 -1.792 -1.805 -1.797 -1.484 -1.798 -1.485 -1.728 -1.758 -1.768 -1.778 -1.798 -1.802 -1.807 -1.813 -1.805 -1.778 -1.783 -1.650
0.0015825 -0.99000 10.07918 0.8360116482 2.4306974411    0.758  1.938  3.7105  2.173    4  0.000  0.512     0.00     0.00 -1    -1e-30      0.00 7.389e-01 2.595e-01 2.752e-04 9.074e-05 7.176e-04 -1.000 1.596e-03 -0.075 -0.522 -0.904 -1.233 -1.705 -1.880 -1.910 -1.924 -1.914 -1.596 -1.917 -1.595 -1.844 -1.876 -1.886 -1.895 -1.917 -1.922 -1.926 -1.932 -1.923 -1.892 -1.898 -1.765
0.0015825 -0.99000 10.07918 0.8360151052 2.4306986332    0.758  1.974  3.7062  2.120    4  0.000  0.512     0.00     0.00 -1    -1e-30      0.00 7.389e-01 2.595e-01 2.752e-04 9.074e-05 7.176e-04 -1.000 1.596e-03 -0.166 -0.611 -1.002 -1.338 -1.820 -2.001 -2.031 -2.046 -2.034 -1.710 -2.038 -1.707 -1.964 -1.997 -2.007 -2.014 -2.039 -2.044 -2.048 -2.055 -2.044 -2.009 -2.016 -1.881
0.0015825 -0.99000 10.07918 0.8360168338 2.4306991100    0.758  2.008  3.7024  2.071    4  0.000  0.512     0.00     0.00 -1    -1e-30      0.00 7.389e-01 2.595e-01 2.752e-04 9.074e-05 7.176e-04 -1.000 1.596e-03 -0.250 -0.694 -1.092 -1.435 -1.926 -2.112 -2.141 -2.158 -2.144 -1.815 -2.149 -1.810 -2.073 -2.108 -2.119 -2.123 -2.151 -2.156 -2.160 -2.167 -2.155 -2.116 -2.123 -1.989
0.0015825 -0.99000 10.07918 0.8360178471 2.4306993484    0.758  2.040  3.6990  2.026    4  0.000  0.512     0.00     0.00 -1    -1e-30      0.00 7.389e-01 2.595e-01 2.752e-04 9.074e-05 7.176e-04 -1.000 1.596e-03 -0.330 -0.773 -1.177 -1.527 -2.027 -2.217 -2.246 -2.264 -2.248 -1.915 -2.254 -1.908 -2.177 -2.212 -2.223 -2.226 -2.256 -2.261 -2.266 -2.273 -2.260 -2.217 -2.225 -2.090
0.0015825 -0.99000 10.07918 0.8360181451 2.4306995869    0.758  2.049  3.6980  2.012    7  0.000  0.512     0.00     0.00 -1    -1e-09      0.00 7.389e-01 2.578e-01 2.752e-04 9.074e-05 7.176e-04 -1.000 3.262e-03 -0.354 -0.796 -1.202 -1.553 -2.056 -2.247 -2.276 -2.295 -2.278 -1.944 -2.285 -1.936 -2.207 -2.243 -2.254 -2.256 -2.287 -2.292 -2.297 -2.304 -2.291 -2.246 -2.254 -2.120
0.0015825 -0.99000 10.07918 0.8360190392 2.4306998253    0.758  2.090  3.6941  1.957    7  0.000  0.512     0.00     0.00 -1 -1.28e-09      0.00 7.389e-01 2.578e-01 2.752e-04 9.074e-05 7.176e-04 -1.000 3.262e-03 -0.454 -0.894 -1.308 -1.666 -2.178 -2.375 -2.404 -2.424 -2.405 -2.066 -2.413 -2.056 -2.333 -2.371 -2.382 -2.381 -2.416 -2.421 -2.426 -2.433 -2.419 -2.370 -2.379 -2.244
0.0015825 -0.99000 10.07918 0.8360198736 2.4307000637    0.758  2.128  3.6904  1.904    7  0.000  0.512     0.00     0.00 -1 -1.57e-09      0.00 7.389e-01 2.578e-01 2.752e-04 9.074e-05 7.176e-04 -1.000 3.262e-03 -0.550 -0.987 -1.408 -1.773 -2.295 -2.497 -2.524 -2.547 -2.526 -2.181 -2.535 -2.169 -2.453 -2.492 -2.504 -2.499 -2.538 -2.544 -2.549 -2.556 -2.541 -2.487 -2.497 -2.362
0.0015825 -0.99000 10.07918 0.8360206485 2.4307003021    0.758  2.164  3.6870  1.854    7  0.000  0.512     0.00     0.00 -1 -1.93e-09      0.00 7.389e-01 2.578e-01 2.752e-04 9.074e-05 7.176e-04 -1.000 3.262e-03 -0.639 -1.073 -1.501 -1.873 -2.403 -2.611 -2.637 -2.662 -2.639 -2.289 -2.648 -2.275 -2.565 -2.605 -2.618 -2.610 -2.653 -2.659 -2.664 -2.671 -2.655 -2.596 -2.607 -2.472
0.0015825 -0.99000 10.07918 0.8360214233 2.4307005405    0.758  2.192  3.6843  1.814    7  0.000  0.512     0.00     0.00 -1 -2.28e-09      0.00 7.389e-01 2.578e-01 2.752e-04 9.074e-05 7.176e-04 -1.000 3.262e-03 -0.711 -1.143 -1.576 -1.953 -2.490 -2.701 -2.727 -2.754 -2.729 -2.376 -2.739 -2.360 -2.654 -2.696 -2.709 -2.698 -2.744 -2.750 -2.755 -2.763 -2.747 -2.683 -2.695 -2.560
0.0015825 -0.99000 10.07918 0.8360228539 2.4307010174    0.758  2.212  3.6825  1.787    7  0.000  0.512     0.00     0.00 -1 -2.56e-09      0.00 7.389e-01 2.578e-01 2.752e-04 9.074e-05 7.176e-04 -1.000 3.262e-03 -0.761 -1.190 -1.628 -2.008 -2.549 -2.763 -2.789 -2.817 -2.791 -2.435 -2.801 -2.418 -2.715 -2.757 -2.771 -2.758 -2.807 -2.813 -2.818 -2.825 -2.809 -2.743 -2.755 -2.620
0.0015825 -0.99000 10.07918 0.8360246420 2.4307014942    0.757  2.183  3.6853  1.827    7  0.000  0.512     0.00     0.00 -1 -2.15e-09      0.00 7.389e-01 2.578e-01 2.752e-04 9.074e-05 7.176e-04 -1.000 3.262e-03 -0.687 -1.120 -1.552 -1.927 -2.461 -2.671 -2.697 -2.723 -2.699 -2.347 -2.709 -2.332 -2.624 -2.665 -2.678 -2.668 -2.714 -2.720 -2.724 -2.732 -2.716 -2.654 -2.665 -2.530
0.0015825 -0.99000 10.07918 0.8360268474 2.4307022095    0.757  2.157  3.6877  1.863    7  0.000  0.512     0.00     0.00 -1 -1.87e-09      0.00 7.389e-01 2.578e-01 2.752e-04 9.074e-05 7.176e-04 -1.000 3.262e-03 -0.623 -1.057 -1.484 -1.854 -2.383 -2.589 -2.616 -2.640 -2.618 -2.269 -2.627 -2.255 -2.543 -2.584 -2.596 -2.589 -2.631 -2.637 -2.642 -2.649 -2.634 -2.575 -2.586 -2.451
0.0015825 -0.99000 10.07918 0.8360352516 2.4307048321    0.756  2.131  3.6902  1.899    7  0.000  0.512     0.00     0.00 -1 -1.62e-09      0.00 7.389e-01 2.578e-01 2.752e-04 9.074e-05 7.176e-04 -1.000 3.262e-03 -0.557 -0.994 -1.416 -1.782 -2.303 -2.506 -2.534 -2.557 -2.535 -2.190 -2.544 -2.178 -2.462 -2.501 -2.513 -2.508 -2.548 -2.553 -2.558 -2.565 -2.551 -2.496 -2.506 -2.371
0.0015825 -0.99000 10.07918 0.8360612392 2.4307131767    0.754  2.164  3.6869  1.851    7  0.000  0.512     0.00     0.00 -1 -1.97e-09      0.00 7.389e-01 2.578e-01 2.752e-04 9.074e-05 7.176e-04 -1.000 3.262e-03 -0.641 -1.075 -1.503 -1.875 -2.406 -2.613 -2.640 -2.665 -2.642 -2.292 -2.651 -2.278 -2.567 -2.608 -2.620 -2.612 -2.655 -2.661 -2.666 -2.674 -2.658 -2.598 -2.609 -2.474
0.0015825 -0.99000 10.07918 0.8360776305 2.4307184219    0.752  2.203  3.6832  1.796    7  0.000  0.512     0.00     0.00 -1 -2.49e-09      0.00 7.389e-01 2.578e-01 2.752e-04 9.074e-05 7.176e-04 -1.000 3.262e-03 -0.738 -1.168 -1.604 -1.983 -2.523 -2.736 -2.761 -2.789 -2.763 -2.408 -2.774 -2.392 -2.688 -2.730 -2.743 -2.731 -2.779 -2.785 -2.790 -2.798 -2.781 -2.716 -2.728 -2.593
0.0015825 -0.99000 10.07918 0.8360959291 2.4307241440    0.750  2.250  3.6788  1.729    7  0.000  0.512     0.00     0.00 -1 -3.28e-09      0.00 7.389e-01 2.578e-01 2.752e-04 9.074e-05 7.176e-04 -1.000 3.262e-03 -0.856 -1.281 -1.726 -2.114 -2.665 -2.885 -2.909 -2.940 -2.912 -2.550 -2.923 -2.531 -2.835 -2.879 -2.893 -2.876 -2.930 -2.936 -2.941 -2.949 -2.931 -2.860 -2.873 -2.737
0.0015825 -0.99000 10.07918 0.8361126184 2.4307293892    0.747  2.295  3.6747  1.667    7  0.000  0.512     0.00     0.00 -1 -4.28e-09      0.00 7.389e-01 2.578e-01 2.752e-04 9.074e-05 7.176e-04 -1.000 3.262e-03 -0.967 -1.386 -1.839 -2.236 -2.798 -3.024 -3.047 -3.080 -3.050 -2.682 -3.062 -2.661 -2.971 -3.017 -3.032 -3.011 -3.070 -3.076 -3.082 -3.090 -3.071 -2.993 -3.008 -2.872
0.0015825 -0.99000 10.07918 0.8361271024 2.4307339191    0.743  2.337  3.6709  1.608    7  0.000  0.512     0.00     0.00 -1 -5.46e-09      0.00 7.389e-01 2.578e-01 2.752e-04 9.074e-05 7.176e-04 -1.000 3.262e-03 -1.073 -1.485 -1.947 -2.352 -2.924 -3.156 -3.178 -3.213 -3.181 -2.808 -3.193 -2.784 -3.101 -3.149 -3.164 -3.139 -3.203 -3.210 -3.215 -3.223 -3.203 -3.120 -3.136 -2.999
0.0015825 -0.99000 10.07918 0.8361398578 2.4307379723    0.739  2.379  3.6673  1.549    7  0.000  0.512     0.00     0.00 -1 -7.03e-09      0.00 7.389e-01 2.578e-01 2.752e-04 9.074e-05 7.176e-04 -1.000 3.252e-03 -1.177 -1.583 -2.053 -2.466 -3.048 -3.285 -3.306 -3.344 -3.309 -2.931 -3.323 -2.904 -3.228 -3.278 -3.293 -3.264 -3.333 -3.340 -3.346 -3.354 -3.333 -3.244 -3.261 -3.125
0.0015825 -0.99000 10.07918 0.8361510634 2.4307415485    0.735  2.420  3.6636  1.491    7  0.000  0.512     0.00     0.00 -1 -8.92e-09      0.00 7.389e-01 2.579e-01 2.752e-04 9.074e-05 7.176e-04 -1.000 3.176e-03 -1.279 -1.679 -2.156 -2.577 -3.169 -3.412 -3.432 -3.472 -3.436 -3.052 -3.450 -3.023 -3.352 -3.405 -3.421 -3.386 -3.462 -3.469 -3.474 -3.483 -3.461 -3.366 -3.384 -3.247
0.0015825 -0.99000 10.07918 0.8361608982 2.4307446480    0.730  2.460  3.6600  1.433    7  0.000  0.512     0.00     0.00 -1 -1.14e-08      0.00 7.389e-01 2.579e-01 2.751e-04 9.075e-05 7.176e-04 -1.000 3.162e-03 -1.380 -1.773 -2.258 -2.688 -3.289 -3.538 -3.557 -3.600 -3.561 -3.171 -3.576 -3.140 -3.476 -3.530 -3.547 -3.508 -3.589 -3.596 -3.602 -3.611 -3.589 -3.487 -3.506 -3.369
0.0015825 -0.99000 10.07918 0.8361698389 2.4307475090    0.724  2.500  3.6565  1.375    7  0.000  0.511     0.00     0.00 -1 -1.44e-08      0.00 7.389e-01 2.579e-01 2.747e-04 9.088e-05 7.176e-04 -1.000 3.151e-03 -1.481 -1.867 -2.360 -2.797 -3.409 -3.663 -3.681 -3.727 -3.685 -3.290 -3.701 -3.257 -3.598 -3.655 -3.672 -3.628 -3.715 -3.723 -3.729 -3.738 -3.715 -3.606 -3.627 -3.490
0.0015825 -0.99000 10.07918 0.8361778855 2.4307498932    0.717  2.540  3.6529  1.317    7  0.000  0.509     0.00     0.00 -1 -1.84e-08      0.00 7.389e-01 2.580e-01 2.736e-04 9.150e-05 7.176e-04 -1.000 3.072e-03 -1.581 -1.959 -2.460 -2.907 -3.528 -3.788 -3.805 -3.854 -3.810 -3.409 -3.826 -3.373 -3.720 -3.779 -3.798 -3.749 -3.842 -3.850 -3.856 -3.865 -3.841 -3.726 -3.748 -3.610
0.0015825 -0.99000 10.07918 0.8361853957 2.4307522774    0.710  2.581  3.6480  1.252    7  0.000  0.504     0.00     0.00 -1 -2.37e-08      0.00 7.389e-01 2.580e-01 2.713e-04 9.367e-05 7.176e-04 -1.000 3.062e-03 -1.682 -2.045 -2.559 -3.017 -3.652 -3.921 -3.937 -3.990 -3.944 -3.534 -3.960 -3.494 -3.850 -3.912 -3.932 -3.877 -3.977 -3.985 -3.992 -4.002 -3.977 -3.854 -3.877 -3.737
0.0015825 -0.99000 10.07918 0.8361907005 2.4307539463    0.703  2.611  3.6398  1.185    7  0.000  0.499     0.00     0.00 -1 -2.88e-08      0.00 7.389e-01 2.580e-01 2.685e-04 9.670e-05 7.176e-04 -1.000 3.053e-03 -1.757 -2.094 -2.628 -3.108 -3.767 -4.051 -4.064 -4.124 -4.074 -3.648 -4.090 -3.602 -3.972 -4.041 -4.063 -3.997 -4.110 -4.119 -4.127 -4.137 -4.111 -3.974 -4.000 -3.855
0.0015825 -0.99000 10.07918 0.8361972570 2.4307560921    0.692  2.651  3.6363  1.125    7  0.000  0.491     0.00     0.00 -1 -3.71e-08      0.00 7.389e-01 2.581e-01 2.645e-04 1.016e-04 7.176e-04 -1.000 3.030e-03 -1.857 -2.182 -2.725 -3.215 -3.883 -4.174 -4.185 -4.249 -4.196 -3.765 -4.213 -3.715 -4.091 -4.163 -4.186 -4.115 -4.234 -4.243 -4.251 -4.262 -4.235 -4.093 -4.120 -3.973
0.0015825 -0.99000 10.07918 0.8362035155 2.4307579994    0.678  2.690  3.6328  1.062    7  0.000  0.484     0.00     0.00 -1 -4.85e-08      0.00 7.389e-01 2.581e-01 2.607e-04 1.062e-04 7.176e-04 -1.000 2.965e-03 -1.956 -2.269 -2.822 -3.321 -3.999 -4.297 -4.307 -4.374 -4.320 -3.881 -4.336 -3.828 -4.210 -4.286 -4.310 -4.234 -4.359 -4.368 -4.376 -4.388 -4.360 -4.212 -4.239 -4.090
0.0015825 -0.99000 10.07918 0.8362096548 2.4307599068    0.661  2.730  3.6294  0.998    7  0.000  0.478     0.00     0.00 -1 -6.42e-08      0.00 7.388e-01 2.582e-01 2.574e-04 1.103e-04 7.176e-04 -1.000 3.029e-03 -2.055 -2.356 -2.919 -3.427 -4.114 -4.419 -4.427 -4.498 -4.442 -3.997 -4.459 -3.941 -4.328 -4.408 -4.432 -4.351 -4.482 -4.492 -4.501 -4.512 -4.484 -4.330 -4.358 -4.207
0.0015825 -0.99000 10.07918 0.8362154961 2.4307618141    0.639  2.770  3.6262  0.930    7  0.000  0.472     0.00     0.00 -1 -8.75e-08      0.00 7.388e-01 2.582e-01 2.545e-04 1.138e-04 7.176e-04 -1.000 3.007e-03 -2.155 -2.444 -3.017 -3.534 -4.230 -4.541 -4.548 -4.622 -4.565 -4.113 -4.581 -4.055 -4.446 -4.529 -4.555 -4.468 -4.606 -4.616 -4.625 -4.637 -4.609 -4.448 -4.477 -4.324
0.0015825 -0.99000 10.07918 0.8362207413 2.4307634830    0.612  2.809  3.6240  0.864    7  0.000  0.468     0.00     0.00 -1 -1.21e-07      0.00 7.388e-01 2.583e-01 2.519e-04 1.170e-04 7.176e-04 -1.000 2.936e-03 -2.254 -2.533 -3.113 -3.638 -4.339 -4.655 -4.661 -4.738 -4.679 -4.223 -4.695 -4.162 -4.557 -4.643 -4.669 -4.579 -4.721 -4.731 -4.741 -4.753 -4.724 -4.560 -4.590 -4.434
0.0015825 -0.99000 10.07918 0.8362255692 2.4307651520    0.577  2.850  3.6238  0.797    7  0.000  0.463     0.00     0.00 -1 -1.74e-07      0.00 7.388e-01 2.583e-01 2.498e-04 1.196e-04 7.175e-04 -1.000 2.963e-03 -2.354 -2.633 -3.216 -3.741 -4.442 -4.758 -4.763 -4.842 -4.783 -4.326 -4.798 -4.266 -4.659 -4.745 -4.772 -4.680 -4.825 -4.835 -4.845 -4.857 -4.828 -4.662 -4.692 -4.536
0.0015825 -0.99000 10.07918 0.8362293243 2.4307663441    0.538  2.889  3.6321  0.761    7  0.000  0.460     0.00     0.00 -1 -2.55e-07      0.00 7.387e-01 2.584e-01 2.479e-04 1.219e-04 7.175e-04 -1.000 2.934e-03 -2.451 -2.766 -3.327 -3.831 -4.505 -4.803 -4.811 -4.884 -4.827 -4.388 -4.844 -4.336 -4.713 -4.791 -4.817 -4.733 -4.868 -4.879 -4.887 -4.899 -4.870 -4.713 -4.741 -4.595
0.0015825 -0.99000 10.07918 0.8362308145 2.4307665825    0.508  2.907  3.6550  0.809    7  0.000  0.458     0.00     0.00 -1 -2.93e-07      0.00 7.387e-01 2.584e-01 2.467e-04 1.234e-04 7.174e-04 -1.000 2.956e-03 -2.497 -2.893 -3.396 -3.837 -4.443 -4.696 -4.713 -4.766 -4.720 -4.325 -4.737 -4.294 -4.629 -4.687 -4.707 -4.653 -4.754 -4.762 -4.769 -4.779 -4.752 -4.630 -4.652 -4.522
0.0015825 -0.99000 10.07918 1.0967015028 2.4911236763    0.544 -4.462  3.5916  7.955    9  0.545  0.000     0.00     0.00 -1    -1e-30      0.00 7.251e-01 2.733e-01 2.291e-04 1.685e-04 7.319e-04 -1.000 1.617e-03 15.925 15.643 14.955 14.443 13.893 13.619 13.584 13.354 13.290 13.979 13.480 14.038 13.693 13.656 13.574 13.607 13.574 13.412 13.313 13.251 13.272 13.337 13.322 13.810
#isochrone terminated
