# File generated by CMD 3.3 (http://stev.oapd.inaf.it/cmd) on Mon Apr  6 22:22:40 CEST 2020
# isochrones based on PARSEC release v1.2S +  COLIBRI S_35
# Basic references: Bressan et al. (2012), MNRAS, 427, 127 + Chen et al. (2014, 2015), MNRAS, 444, 2525 + MNRAS, 452, 1068 + Tang et al. (2014), MNRAS, 445, 4287 + Marigo et al. (2017), ApJ, 835, 77 + Pastorelli al. (2019), MNRAS in press
# Thermal pulse cycles included 
# On RGB, assumed Reimers mass loss with efficiency eta=0.2
# Photometric system: <i>UBVRIJHK</i> (cf. Maiz-Apellaniz 2006 + Bessell 1990)
# Using YBC version of bolometric corrections as in Chen et al. (2019)
# O-rich circumstellar dpmod60alox40 dust from Groenewegen (2006)
# C-rich circumstellar AMCSIC15 dust from Groenewegen (2006)
# IMF: Kroupa (2001, 2002) + Kroupa et al. (2013) canonical two-part-power law IMF corrected for unresolved binaries 
# Kind of output: isochrone tables
# Zini     MH   logAge Mini        int_IMF         Mass   logL    logTe  logg  label   McoreTP C_O  period0 period1 pmode  Mloss  tau1m   X   Y   Xc  Xn  Xo  Cexcess  Z 	 mbolmag  Umag    Bmag    Vmag    Rmag    Imag    Jmag    Hmag    Kmag
0.0015825 -0.99000 10.07918 0.0900000036 1.0816895962    0.090 -3.240  3.4432  5.357    1  0.000  0.545     0.00     0.00 -1 -3.51e-17      0.00 7.448e-01 2.535e-01 2.989e-04 8.063e-05 7.313e-04 -1.000 1.662e-03 12.870 21.302 18.553 16.552 14.504 12.462 10.803 10.431 10.264
0.0015825 -0.99000 10.07918 0.0972300544 1.1475424767    0.097 -3.066  3.4678  5.315    1  0.000  0.545     0.00     0.00 -1 -6.05e-17      0.00 7.440e-01 2.544e-01 2.989e-04 8.063e-05 7.313e-04 -1.000 1.662e-03 12.434 19.714 17.338 15.403 13.696 11.922 10.445 9.998 9.819
0.0015825 -0.99000 10.07918 0.1000000015 1.1711064577    0.100 -3.002  3.4768  5.299    1  0.000  0.545     0.00     0.00 -1 -8.87e-17      0.00 7.436e-01 2.547e-01 2.989e-04 8.063e-05 7.313e-04 -1.000 1.662e-03 12.276 19.167 16.916 15.006 13.407 11.732 10.315 9.846 9.662
0.0015825 -0.99000 10.07918 0.1200000048 1.3193155527    0.120 -2.721  3.5101  5.230    1  0.000  0.545     0.00     0.00 -1 -1.67e-16      0.00 7.416e-01 2.567e-01 2.989e-04 8.063e-05 7.314e-04 -1.000 1.662e-03 11.573 17.120 15.330 13.545 12.261 10.946 9.719 9.188 8.986
0.0015825 -0.99000 10.07918 0.1400000006 1.4384527206    0.140 -2.536  3.5280  5.184    1  0.000  0.545     0.00     0.00 -1  -2.5e-16      0.00 7.400e-01 2.583e-01 2.989e-04 8.063e-05 7.314e-04 -1.000 1.662e-03 11.110 16.049 14.469 12.780 11.605 10.455 9.312 8.761 8.553
0.0015825 -0.99000 10.07918 0.1599999964 1.5372931957    0.160 -2.395  3.5393  5.146    1  0.000  0.545     0.00     0.00 -1 -3.39e-16      0.00 7.388e-01 2.596e-01 2.989e-04 8.064e-05 7.314e-04 -1.000 1.662e-03 10.757 15.357 13.889 12.268 11.148 10.088 8.992 8.432 8.222
0.0015825 -0.99000 10.07918 0.2000000179 1.6938792467    0.200 -2.174  3.5540  5.081    1  0.000  0.545     0.00     0.00 -1 -5.43e-16      0.00 7.373e-01 2.611e-01 2.989e-04 8.064e-05 7.314e-04 -1.000 1.662e-03 10.205 14.405 13.069 11.535 10.478 9.522 8.484 7.914 7.702
0.0015825 -0.99000 10.07918 0.2500000298 1.8403259516    0.250 -1.968  3.5655  5.018    1  0.000  0.545     0.00     0.00 -1 -1.91e-16      0.00 7.369e-01 2.614e-01 2.989e-04 8.064e-05 7.314e-04 -1.000 1.662e-03 9.691 13.604 12.362 10.896 9.882 9.001 8.006 7.429 7.216
0.0015825 -0.99000 10.07918 0.3000000417 1.9529141188    0.300 -1.810  3.5743  4.974    1  0.000  0.545     0.00     0.00 -1 -1.64e-18      0.00 7.371e-01 2.613e-01 2.989e-04 8.064e-05 7.314e-04 -1.000 1.662e-03 9.294 13.012 11.832 10.414 9.432 8.601 7.635 7.053 6.841
0.0015825 -0.99000 10.07918 0.3500000238 2.0434176922    0.350 -1.678  3.5816  4.938    1  0.000  0.545     0.00     0.00 -1 -1.51e-15      0.00 7.464e-01 2.519e-01 2.989e-04 8.063e-05 7.313e-04 -1.000 1.662e-03 8.965 12.529 11.399 10.020 9.064 8.268 7.326 6.740 6.531
0.0015825 -0.99000 10.07918 0.3557920754 2.0528097153    0.356 -1.659  3.5830  4.932    1  0.000  0.545     0.00     0.00 -1 -1.58e-15      0.00 7.465e-01 2.519e-01 2.989e-04 8.063e-05 7.313e-04 -1.000 1.662e-03 8.918 12.453 11.332 9.961 9.010 8.221 7.283 6.697 6.488
0.0015825 -0.99000 10.07918 0.4000000358 2.1185026169    0.400 -1.525  3.5929  4.889    1  0.000  0.545     0.00     0.00 -1 -2.13e-15      0.00 7.469e-01 2.514e-01 2.989e-04 8.063e-05 7.313e-04 -1.000 1.662e-03 8.582 11.918 10.862 9.543 8.628 7.882 6.976 6.383 6.182
0.0015825 -0.99000 10.07918 0.4499999881 2.1822810173    0.450 -1.347  3.6098  4.829    1  0.000  0.545     0.00     0.00 -1 -3.24e-15      0.00 7.469e-01 2.514e-01 2.989e-04 8.063e-05 7.313e-04 -1.000 1.662e-03 8.138 11.159 10.200 8.973 8.120 7.432 6.574 5.972 5.792
0.0015825 -0.99000 10.07918 0.4990846515 2.2365095615    0.499 -1.149  3.6361  4.781    1  0.000  0.545     0.00     0.00 -1 -5.14e-15      0.00 7.469e-01 2.514e-01 2.989e-04 8.063e-05 7.313e-04 -1.000 1.662e-03 7.642 10.209 9.384 8.296 7.540 6.936 6.146 5.533 5.395
0.0015825 -0.99000 10.07918 0.5000000000 2.2374541759    0.500 -1.145  3.6366  4.780    1  0.000  0.545     0.00     0.00 -1 -5.18e-15      0.00 7.469e-01 2.514e-01 2.989e-04 8.063e-05 7.313e-04 -1.000 1.662e-03 7.633 10.192 9.370 8.285 7.530 6.927 6.138 5.526 5.388
0.0015825 -0.99000 10.07918 0.5500000715 2.2836585045    0.550 -0.920  3.6698  4.729    1  0.000  0.544     0.00     0.00 -1  -8.8e-15      0.00 7.810e-01 2.175e-01 2.616e-04 7.062e-05 6.408e-04 -1.000 1.464e-03 7.070 8.996 8.413 7.502 6.875 6.367 5.671 5.105 5.004
0.0015825 -0.99000 10.07918 0.6000000238 2.3211214542    0.600 -0.713  3.7002  4.681    1  0.000  0.544     0.00     0.00 -1 -1.43e-14      0.00 7.887e-01 2.099e-01 2.540e-04 6.859e-05 6.226e-04 -1.000 1.416e-03 6.551 7.912 7.612 6.823 6.301 5.855 5.260 4.779 4.696
0.0015825 -0.99000 10.07918 0.6064988971 2.3254718781    0.606 -0.685  3.7045  4.676    1  0.000  0.544     0.00     0.00 -1 -1.53e-14      0.00 7.898e-01 2.088e-01 2.528e-04 6.829e-05 6.199e-04 -1.000 1.418e-03 6.482 7.774 7.511 6.737 6.228 5.789 5.207 4.737 4.657
0.0015825 -0.99000 10.07918 0.6236463785 2.3364520073    0.623 -0.612  3.7158  4.660    1  0.000  0.544     0.00     0.00 -1 -1.82e-14      0.00 7.927e-01 2.059e-01 2.498e-04 6.749e-05 6.127e-04 -1.000 1.387e-03 6.301 7.421 7.249 6.515 6.036 5.616 5.069 4.628 4.553
0.0015825 -0.99000 10.07918 0.6396418810 2.3460865021    0.639 -0.544  3.7260  4.644    1  0.000  0.543     0.00     0.00 -1 -1.96e-14      0.00 7.955e-01 2.031e-01 2.469e-04 6.671e-05 6.057e-04 -1.000 1.414e-03 6.131 7.109 7.012 6.314 5.861 5.458 4.941 4.524 4.455
0.0015825 -0.99000 10.07918 0.6499999762 2.3520355225    0.650 -0.500  3.7326  4.633    1  0.000  0.543     0.00     0.00 -1 -2.37e-14      0.00 7.974e-01 2.013e-01 2.449e-04 6.619e-05 6.011e-04 -1.000 1.367e-03 6.020 6.915 6.862 6.187 5.748 5.355 4.857 4.456 4.389
0.0015825 -0.99000 10.07918 0.6594436765 2.3572723866    0.659 -0.460  3.7380  4.621    1  0.000  0.543     0.00     0.00 -1 -2.62e-14      0.00 7.995e-01 1.992e-01 2.429e-04 6.564e-05 5.962e-04 -1.000 1.343e-03 5.920 6.750 6.731 6.075 5.647 5.262 4.778 4.389 4.325
0.0015825 -0.99000 10.07918 0.6729405522 2.3644640446    0.673 -0.402  3.7455  4.602    1  0.000  0.543     0.00     0.00 -1 -3.03e-14      0.00 8.025e-01 1.961e-01 2.398e-04 6.483e-05 5.889e-04 -1.000 1.331e-03 5.774 6.520 6.545 5.914 5.502 5.129 4.665 4.291 4.232
0.0015825 -0.99000 10.07918 0.6854114532 2.3708205223    0.685 -0.347  3.7523  4.582    1  0.000  0.543     0.00     0.00 -1 -2.36e-14      0.00 8.055e-01 1.931e-01 2.368e-04 6.404e-05 5.819e-04 -1.000 1.320e-03 5.637 6.312 6.373 5.765 5.368 5.007 4.559 4.198 4.143
0.0015825 -0.99000 10.07918 0.6976300478 2.3767955303    0.697 -0.292  3.7587  4.561    1  0.000  0.542     0.00     0.00 -1 -1.27e-14      0.00 8.086e-01 1.901e-01 2.338e-04 6.324e-05 5.748e-04 -1.000 1.290e-03 5.501 6.111 6.203 5.619 5.236 4.885 4.453 4.102 4.052
0.0015825 -0.99000 10.07918 0.6999999881 2.3779268265    0.700 -0.282  3.7599  4.556    1  0.000  0.542     0.00     0.00 -1 -4.13e-14      0.00 8.092e-01 1.895e-01 2.332e-04 6.309e-05 5.734e-04 -1.000 1.306e-03 5.474 6.072 6.170 5.590 5.210 4.861 4.432 4.083 4.034
0.0015825 -0.99000 10.07918 0.7029689550 2.3793315887    0.703 -0.268  3.7614  4.551    1  0.000  0.542     0.00     0.00 -1 -4.28e-14      0.00 8.101e-01 1.886e-01 2.321e-04 6.285e-05 5.713e-04 -1.000 1.322e-03 5.440 6.025 6.129 5.554 5.177 4.830 4.405 4.059 4.011
0.0015825 -0.99000 10.07918 0.7118731737 2.3834638596    0.712 -0.227  3.7658  4.532    1  0.000  0.540     0.00     0.00 -1 -4.78e-14      0.00 8.129e-01 1.859e-01 2.289e-04 6.211e-05 5.648e-04 -1.000 1.259e-03 5.336 5.883 6.004 5.446 5.078 4.738 4.322 3.984 3.938
0.0015825 -0.99000 10.07918 0.7205156684 2.3873624802    0.720 -0.185  3.7700  4.513    1  0.000  0.539     0.00     0.00 -1 -5.34e-14      0.00 8.157e-01 1.831e-01 2.256e-04 6.137e-05 5.583e-04 -1.000 1.230e-03 5.233 5.744 5.881 5.338 4.979 4.645 4.239 3.907 3.865
0.0015825 -0.99000 10.07918 0.7288208008 2.3910090923    0.728 -0.144  3.7738  4.492    1  0.000  0.537     0.00     0.00 -1 -5.97e-14      0.00 8.185e-01 1.803e-01 2.224e-04 6.063e-05 5.518e-04 -1.000 1.261e-03 5.131 5.612 5.761 5.233 4.881 4.553 4.156 3.831 3.791
0.0015825 -0.99000 10.07918 0.7398331761 2.3956992626    0.739 -0.088  3.7787  4.462    1  0.000  0.535     0.00     0.00 -1 -3.16e-15      0.00 8.224e-01 1.764e-01 2.180e-04 5.960e-05 5.428e-04 -1.000 1.231e-03 4.991 5.434 5.598 5.088 4.746 4.426 4.040 3.723 3.687
0.0015825 -0.99000 10.07918 0.7500000000 2.3998889923    0.750 -0.034  3.7829  4.430    1  0.000  0.533     0.00     0.00 -1 -8.15e-14      0.00 8.262e-01 1.726e-01 2.137e-04 5.860e-05 5.340e-04 -1.000 1.230e-03 4.854 5.272 5.443 4.949 4.615 4.302 3.925 3.615 3.581
0.0015825 -0.99000 10.07918 0.7566469908 2.4025583267    0.756  0.003  3.7852  4.406    1  0.000  0.533     0.00     0.00 -1 -9.09e-14      0.00 8.295e-01 1.693e-01 2.105e-04 5.774e-05 5.263e-04 -1.000 1.221e-03 4.762 5.166 5.340 4.854 4.525 4.216 3.844 3.537 3.505
0.0015825 -0.99000 10.07918 0.7644811869 2.4056360722    0.764  0.050  3.7878  4.375    1  0.000  0.533     0.00     0.00 -1 -1.04e-13      0.00 8.333e-01 1.655e-01 2.067e-04 5.672e-05 5.171e-04 -1.000 1.210e-03 4.646 5.036 5.212 4.736 4.412 4.107 3.741 3.439 3.408
0.0015825 -0.99000 10.07918 0.7748406529 2.4095962048    0.774  0.114  3.7909  4.328    1  0.000  0.532     0.00     0.00 -1 -1.26e-13      0.00 8.383e-01 1.606e-01 2.017e-04 5.537e-05 5.050e-04 -1.000 1.138e-03 4.484 4.859 5.036 4.571 4.254 3.954 3.595 3.298 3.269
0.0015825 -0.99000 10.07918 0.7845485806 2.4131982327    0.784  0.179  3.7931  4.278    1  0.000  0.532     0.00     0.00 -1 -1.54e-13      0.00 8.424e-01 1.565e-01 1.975e-04 5.425e-05 4.950e-04 -1.000 1.125e-03 4.323 4.689 4.863 4.408 4.095 3.800 3.445 3.153 3.125
0.0015825 -0.99000 10.07918 0.7931101322 2.4162909985    0.792  0.240  3.7945  4.227    1  0.000  0.531     0.00     0.00 -1 -1.88e-13      0.00 8.443e-01 1.546e-01 1.955e-04 5.372e-05 4.904e-04 -1.000 1.153e-03 4.170 4.531 4.703 4.254 3.944 3.651 3.299 3.010 2.983
0.0015825 -0.99000 10.07918 0.7950351238 2.4169757366    0.794  0.254  3.7947  4.215    1  0.000  0.531     0.00     0.00 -1 -1.58e-14      0.00 8.445e-01 1.543e-01 1.952e-04 5.364e-05 4.897e-04 -1.000 1.160e-03 4.135 4.495 4.666 4.218 3.909 3.616 3.265 2.976 2.949
0.0015825 -0.99000 10.07918 0.7983509302 2.4181463718    0.797  0.281  3.7946  4.189    1  0.000  0.531     0.00     0.00 -1  -9.3e-14      0.00 8.449e-01 1.540e-01 1.949e-04 5.356e-05 4.890e-04 -1.000 1.160e-03 4.068 4.429 4.598 4.150 3.841 3.549 3.197 2.908 2.881
0.0015825 -0.99000 10.07918 0.8000000119 2.4187245369    0.799  0.295  3.7943  4.175    1  0.000  0.531     0.00     0.00 -1 -2.25e-13      0.00 8.450e-01 1.538e-01 1.948e-04 5.353e-05 4.887e-04 -1.000 1.145e-03 4.032 4.395 4.563 4.115 3.806 3.513 3.160 2.871 2.844
0.0015825 -0.99000 10.07918 0.8041857481 2.4201796055    0.803  0.331  3.7936  4.138    1  0.000  0.531     0.00     0.00 -1 -2.54e-13      0.00 8.447e-01 1.542e-01 1.954e-04 5.370e-05 4.902e-04 -1.000 1.110e-03 3.942 4.309 4.474 4.025 3.714 3.421 3.067 2.776 2.749
0.0015825 -0.99000 10.07918 0.8093076944 2.4219367504    0.808  0.380  3.7913  4.083    1  0.000  0.531     0.00     0.00 -1 -3.02e-13      0.00 8.435e-01 1.553e-01 1.973e-04 5.422e-05 4.950e-04 -1.000 1.154e-03 3.820 4.199 4.359 3.903 3.589 3.292 2.933 2.638 2.610
0.0015825 -0.99000 10.07918 0.8102935553 2.4222719669    0.809  0.390  3.7908  4.071    1  0.000  0.531     0.00     0.00 -1 -3.14e-13      0.00 8.433e-01 1.555e-01 1.976e-04 5.432e-05 4.959e-04 -1.000 1.164e-03 3.795 4.177 4.336 3.879 3.564 3.266 2.906 2.610 2.581
0.0015825 -0.99000 10.07918 0.8135364056 2.4233682156    0.812  0.427  3.7869  4.021    2  0.000  0.531     0.00     0.00 -1 -3.61e-13      0.00 8.405e-01 1.584e-01 2.019e-04 5.549e-05 5.066e-04 -1.000 1.169e-03 3.703 4.105 4.259 3.790 3.468 3.165 2.795 2.492 2.462
0.0015825 -0.99000 10.07918 0.8169886470 2.4245240688    0.816  0.470  3.7803  3.953    2  0.000  0.531     0.00     0.00 -1  -4.3e-13      0.00 8.314e-01 1.674e-01 2.141e-04 5.882e-05 5.369e-04 -1.000 1.213e-03 3.595 4.033 4.178 3.688 3.355 3.040 2.655 2.340 2.306
0.0015825 -0.99000 10.07918 0.8193573356 2.4253108501    0.818  0.502  3.7724  3.891    2  0.000  0.532     0.00     0.00 -1 -4.96e-13      0.00 8.141e-01 1.846e-01 2.331e-04 6.396e-05 5.833e-04 -1.000 1.320e-03 3.515 4.006 4.132 3.616 3.268 2.942 2.538 2.208 2.170
0.0015825 -0.99000 10.07918 0.8210976124 2.4258854389    0.819  0.526  3.7635  3.831    2  0.000  0.534     0.00     0.00 -1 -5.62e-13      0.00 7.944e-01 2.041e-01 2.513e-04 6.886e-05 6.272e-04 -1.000 1.419e-03 3.454 4.008 4.112 3.566 3.201 2.860 2.435 2.088 2.045
0.0015825 -0.99000 10.07918 0.8225228190 2.4263539314    0.821  0.550  3.7539  3.770    2  0.000  0.535     0.00     0.00 -1 -6.37e-13      0.00 7.801e-01 2.184e-01 2.639e-04 7.222e-05 6.572e-04 -1.000 1.496e-03 3.394 4.023 4.101 3.521 3.137 2.781 2.332 1.967 1.918
0.0015825 -0.99000 10.07918 0.8236303926 2.4267168045    0.822  0.578  3.7457  3.709    2  0.000  0.536     0.00     0.00 -1 -7.28e-13      0.00 7.720e-01 2.264e-01 2.709e-04 7.409e-05 6.738e-04 -1.000 1.516e-03 3.324 4.021 4.073 3.465 3.066 2.697 2.226 1.845 1.790
0.0015825 -0.99000 10.07918 0.8245266676 2.4270095825    0.823  0.612  3.7395  3.651    2  0.000  0.536     0.00     0.00 -1  -8.4e-13      0.00 7.672e-01 2.313e-01 2.751e-04 7.522e-05 6.839e-04 -1.000 1.529e-03 3.239 3.988 4.020 3.393 2.982 2.603 2.116 1.721 1.663
0.0015825 -0.99000 10.07918 0.8252360821 2.4272408485    0.823  0.647  3.7353  3.600    2  0.000  0.537     0.00     0.00 -1 -9.67e-13      0.00 7.640e-01 2.344e-01 2.778e-04 7.593e-05 6.902e-04 -1.000 1.573e-03 3.152 3.942 3.957 3.315 2.896 2.510 2.011 1.606 1.546
0.0015825 -0.99000 10.07918 0.8255877495 2.4273552895    0.824  0.667  3.7334  3.573    2  0.000  0.537     0.00     0.00 -1 -1.04e-12      0.00 7.625e-01 2.359e-01 2.789e-04 7.623e-05 6.929e-04 -1.000 1.596e-03 3.103 3.911 3.918 3.270 2.848 2.459 1.955 1.545 1.484
0.0015825 -0.99000 10.07918 0.8257107139 2.4273951054    0.824  0.675  3.7329  3.563    2  0.000  0.537     0.00     0.00 -1 -1.08e-12      0.00 7.621e-01 2.363e-01 2.792e-04 7.632e-05 6.936e-04 -1.000 1.596e-03 3.083 3.896 3.901 3.251 2.828 2.438 1.932 1.522 1.460
0.0015825 -0.99000 10.07918 0.8263578415 2.4276053905    0.824  0.719  3.7303  3.508    3  0.000  0.537     0.00     0.00 -1 -1.26e-12      0.00 7.596e-01 2.388e-01 2.808e-04 7.674e-05 6.974e-04 -1.000 1.591e-03 2.973 3.810 3.806 3.147 2.720 2.325 1.811 1.394 1.332
0.0015825 -0.99000 10.07918 0.8269031048 2.4277822971    0.825  0.760  3.7283  3.460    3  0.000  0.537     0.00     0.00 -1 -1.47e-12      0.00 7.576e-01 2.408e-01 2.819e-04 7.706e-05 7.002e-04 -1.000 1.567e-03 2.871 3.729 3.715 3.050 2.619 2.222 1.702 1.279 1.216
0.0015825 -0.99000 10.07918 0.8275081515 2.4279782772    0.826  0.809  3.7264  3.404    3  0.000  0.537     0.00     0.00 -1 -1.75e-12      0.00 7.554e-01 2.430e-01 2.830e-04 7.737e-05 7.029e-04 -1.000 1.608e-03 2.749 3.627 3.604 2.933 2.499 2.098 1.572 1.143 1.080
0.0015825 -0.99000 10.07918 0.8280673027 2.4281589985    0.826  0.858  3.7247  3.348    3  0.000  0.536     0.00     0.00 -1 -2.09e-12      0.00 7.533e-01 2.451e-01 2.836e-04 7.764e-05 7.050e-04 -1.000 1.582e-03 2.626 3.523 3.492 2.815 2.377 1.974 1.442 1.009 0.945
0.0015825 -0.99000 10.07918 0.8286283016 2.4283401966    0.827  0.911  3.7229  3.288    3  0.000  0.535     0.00     0.00 -1 -2.53e-12      0.00 7.511e-01 2.474e-01 2.837e-04 7.804e-05 7.069e-04 -1.000 1.582e-03 2.492 3.406 3.367 2.685 2.244 1.839 1.301 0.863 0.799
0.0015825 -0.99000 10.07918 0.8291251659 2.4285001755    0.827  0.963  3.7214  3.230    3  0.000  0.533     0.00     0.00 -1 -3.05e-12      0.00 7.491e-01 2.493e-01 2.830e-04 7.875e-05 7.082e-04 -1.000 1.578e-03 2.362 3.291 3.246 2.558 2.116 1.707 1.165 0.722 0.658
0.0015825 -0.99000 10.07918 0.8295466304 2.4286358356    0.827  1.011  3.7199  3.176    3  0.000  0.530     0.00     0.00 -1 -3.62e-12      0.00 7.474e-01 2.510e-01 2.817e-04 7.993e-05 7.092e-04 -1.000 1.610e-03 2.242 3.186 3.135 2.442 1.997 1.586 1.039 0.593 0.528
0.0015825 -0.99000 10.07918 0.8298765421 2.4287419319    0.828  1.052  3.7187  3.131    3  0.000  0.527     0.00     0.00 -1 -4.18e-12      0.00 7.461e-01 2.523e-01 2.803e-04 8.131e-05 7.099e-04 -1.000 1.613e-03 2.141 3.099 3.042 2.345 1.897 1.485 0.933 0.483 0.418
0.0015825 -0.99000 10.07918 0.8302418590 2.4288594723    0.828  1.100  3.7171  3.076    3  0.000  0.523     0.00     0.00 -1 -4.98e-12      0.00 7.448e-01 2.535e-01 2.784e-04 8.334e-05 7.106e-04 -1.000 1.616e-03 2.020 2.996 2.931 2.228 1.778 1.363 0.806 0.352 0.286
0.0015825 -0.99000 10.07918 0.8305910230 2.4289715290    0.828  1.151  3.7155  3.019    3  0.000  0.518     0.00     0.00 -1 -5.98e-12      0.00 7.436e-01 2.548e-01 2.761e-04 8.586e-05 7.112e-04 -1.000 1.630e-03 1.893 2.888 2.815 2.106 1.653 1.235 0.673 0.213 0.147
0.0015825 -0.99000 10.07918 0.8309072852 2.4290728569    0.828  1.201  3.7137  2.962    3  0.000  0.514     0.00     0.00 -1 -7.17e-12      0.00 7.426e-01 2.557e-01 2.741e-04 8.825e-05 7.117e-04 -1.000 1.641e-03 1.767 2.783 2.700 1.985 1.529 1.107 0.540 0.075 0.008
0.0015825 -0.99000 10.07918 0.8311833739 2.4291613102    0.828  1.250  3.7120  2.907    3  0.000  0.511     0.00     0.00 -1 -8.54e-12      0.00 7.420e-01 2.564e-01 2.727e-04 9.001e-05 7.120e-04 -1.000 1.595e-03 1.646 2.683 2.591 1.870 1.410 0.985 0.412 -0.059 -0.126
0.0015825 -0.99000 10.07918 0.8314330578 2.4292411804    0.829  1.297  3.7102  2.852    3  0.000  0.509     0.00     0.00 -1 -1.01e-11      0.00 7.415e-01 2.569e-01 2.716e-04 9.136e-05 7.122e-04 -1.000 1.604e-03 1.527 2.586 2.485 1.756 1.293 0.865 0.285 -0.190 -0.258
0.0015825 -0.99000 10.07918 0.8316575289 2.4293131828    0.829  1.344  3.7084  2.798    3  0.000  0.507     0.00     0.00 -1  -1.2e-11      0.00 7.411e-01 2.572e-01 2.707e-04 9.245e-05 7.123e-04 -1.000 1.634e-03 1.410 2.493 2.381 1.646 1.179 0.748 0.162 -0.319 -0.387
0.0015825 -0.99000 10.07918 0.8318660259 2.4293797016    0.829  1.391  3.7065  2.743    3  0.000  0.506     0.00     0.00 -1 -1.43e-11      0.00 7.410e-01 2.574e-01 2.703e-04 9.291e-05 7.124e-04 -1.000 1.597e-03 1.292 2.399 2.277 1.534 1.063 0.628 0.036 -0.451 -0.519
0.0015825 -0.99000 10.07918 0.8320505619 2.4294388294    0.829  1.437  3.7046  2.690    3  0.000  0.506     0.00     0.00 -1 -1.69e-11      0.00 7.409e-01 2.575e-01 2.702e-04 9.314e-05 7.124e-04 -1.000 1.626e-03 1.178 2.310 2.177 1.426 0.951 0.513 -0.086 -0.578 -0.648
0.0015825 -0.99000 10.07918 0.8322225809 2.4294936657    0.829  1.483  3.7026  2.635    3  0.000  0.506     0.00     0.00 -1    -2e-11      0.00 7.409e-01 2.575e-01 2.701e-04 9.320e-05 7.125e-04 -1.000 1.627e-03 1.061 2.220 2.075 1.316 0.838 0.396 -0.210 -0.709 -0.778
0.0015825 -0.99000 10.07918 0.8323747516 2.4295423031    0.829  1.528  3.7006  2.583    3  0.000  0.506     0.00     0.00 -1 -2.36e-11      0.00 7.409e-01 2.575e-01 2.701e-04 9.323e-05 7.125e-04 -1.000 1.628e-03 0.949 2.133 1.978 1.211 0.728 0.283 -0.330 -0.835 -0.905
0.0015825 -0.99000 10.07918 0.8325103521 2.4295854568    0.829  1.572  3.6987  2.532    3  0.000  0.506     0.00     0.00 -1 -2.76e-11      0.00 7.408e-01 2.575e-01 2.701e-04 9.327e-05 7.125e-04 -1.000 1.628e-03 0.841 2.051 1.885 1.110 0.623 0.174 -0.445 -0.957 -1.027
0.0015825 -0.99000 10.07918 0.8326359987 2.4296257496    0.829  1.615  3.6967  2.480    3  0.000  0.506     0.00     0.00 -1 -3.24e-11      0.00 7.408e-01 2.575e-01 2.700e-04 9.330e-05 7.125e-04 -1.000 1.628e-03 0.732 1.973 1.793 1.009 0.518 0.065 -0.562 -1.079 -1.151
0.0015825 -0.99000 10.07918 0.8327476382 2.4296612740    0.829  1.657  3.6946  2.430    3  0.000  0.506     0.00     0.00 -1 -3.78e-11      0.00 7.408e-01 2.575e-01 2.700e-04 9.333e-05 7.125e-04 -1.000 1.628e-03 0.628 1.902 1.705 0.912 0.416 -0.041 -0.674 -1.197 -1.269
0.0015825 -0.99000 10.07918 0.8328528404 2.4296948910    0.828  1.699  3.6925  2.379    3  0.000  0.506     0.00     0.00 -1 -4.42e-11      0.00 7.408e-01 2.576e-01 2.700e-04 9.335e-05 7.125e-04 -1.000 1.629e-03 0.522 1.831 1.617 0.814 0.313 -0.148 -0.788 -1.317 -1.389
0.0015825 -0.99000 10.07918 0.8329476118 2.4297249317    0.828  1.740  3.6905  2.330    3  0.000  0.505     0.00     0.00 -1 -5.13e-11      0.00 7.408e-01 2.576e-01 2.700e-04 9.338e-05 7.125e-04 -1.000 1.629e-03 0.420 1.763 1.533 0.720 0.214 -0.251 -0.897 -1.432 -1.505
0.0015825 -0.99000 10.07918 0.8330362439 2.4297533035    0.828  1.780  3.6884  2.282    3  0.000  0.505     0.00     0.00 -1 -5.95e-11      0.00 7.408e-01 2.576e-01 2.700e-04 9.340e-05 7.125e-04 -1.000 1.629e-03 0.320 1.700 1.452 0.629 0.117 -0.351 -1.005 -1.547 -1.620
0.0015825 -0.99000 10.07918 0.8331211209 2.4297802448    0.828  1.818  3.6864  2.235    3  0.000  0.505     0.00     0.00 -1 -6.86e-11      0.00 7.408e-01 2.576e-01 2.700e-04 9.342e-05 7.125e-04 -1.000 1.629e-03 0.224 1.640 1.375 0.542 0.025 -0.447 -1.108 -1.657 -1.731
0.0015825 -0.99000 10.07918 0.8332082033 2.4298081398    0.828  1.852  3.6847  2.194    3  0.000  0.505     0.00     0.00 -1 -7.79e-11      0.00 7.408e-01 2.576e-01 2.699e-04 9.344e-05 7.125e-04 -1.000 1.629e-03 0.139 1.587 1.306 0.464 -0.057 -0.532 -1.200 -1.754 -1.829
0.0015825 -0.99000 10.07918 0.8332872391 2.4298331738    0.828  1.874  3.6836  2.168    3  0.000  0.505     0.00     0.00 -1 -8.49e-11      0.00 7.408e-01 2.576e-01 2.699e-04 9.346e-05 7.126e-04 -1.000 1.629e-03 0.085 1.551 1.262 0.414 -0.109 -0.586 -1.258 -1.815 -1.890
0.0015825 -0.99000 10.07918 0.8333675265 2.4298586845    0.827  1.850  3.6854  2.200    3  0.000  0.505     0.00     0.00 -1 -7.79e-11      0.00 7.408e-01 2.576e-01 2.699e-04 9.348e-05 7.126e-04 -1.000 1.630e-03 0.146 1.581 1.306 0.467 -0.051 -0.525 -1.190 -1.742 -1.816
0.0015825 -0.99000 10.07918 0.8333817720 2.4298632145    0.827  1.845  3.6858  2.206    3  0.000  0.505     0.00     0.00 -1 -7.65e-11      0.00 7.408e-01 2.576e-01 2.699e-04 9.348e-05 7.126e-04 -1.000 1.630e-03 0.158 1.587 1.315 0.477 -0.040 -0.514 -1.177 -1.728 -1.802
0.0015825 -0.99000 10.07918 0.8334406018 2.4298820496    0.827  1.881  3.6838  2.161    3  0.000  0.505     0.00     0.00 -1 -8.67e-11      0.00 7.408e-01 2.576e-01 2.699e-04 9.350e-05 7.126e-04 -1.000 1.630e-03 0.066 1.531 1.242 0.395 -0.128 -0.605 -1.276 -1.833 -1.907
0.0015825 -0.99000 10.07918 0.8335055113 2.4299027920    0.827  1.923  3.6814  2.110    3  0.000  0.505     0.00     0.00 -1 -1.01e-10      0.00 7.408e-01 2.576e-01 2.699e-04 9.352e-05 7.126e-04 -1.000 1.630e-03 -0.037 1.470 1.161 0.302 -0.227 -0.708 -1.388 -1.953 -2.028
0.0015825 -0.99000 10.07918 0.8335682154 2.4299225807    0.827  1.965  3.6790  2.058    3  0.000  0.505     0.00     0.00 -1 -1.18e-10      0.00 7.408e-01 2.576e-01 2.699e-04 9.353e-05 7.126e-04 -1.000 1.630e-03 -0.143 1.408 1.078 0.207 -0.328 -0.814 -1.503 -2.075 -2.151
0.0015825 -0.99000 10.07918 0.8336255550 2.4299409389    0.826  2.007  3.6766  2.007    3  0.000  0.505     0.00     0.00 -1 -1.38e-10      0.00 7.408e-01 2.576e-01 2.699e-04 9.355e-05 7.126e-04 -1.000 1.630e-03 -0.247 1.351 0.999 0.115 -0.426 -0.918 -1.615 -2.195 -2.272
0.0015825 -0.99000 10.07918 0.8336797953 2.4299581051    0.826  2.049  3.6741  1.955    3  0.000  0.505     0.00     0.00 -1 -1.61e-10      0.00 7.408e-01 2.576e-01 2.699e-04 9.356e-05 7.126e-04 -1.000 1.630e-03 -0.352 1.320 0.930 0.016 -0.532 -1.026 -1.730 -2.316 -2.391
0.0015825 -0.99000 10.07918 0.8337287307 2.4299736023    0.825  2.089  3.6716  1.904    3  0.000  0.505     0.00     0.00 -1 -1.88e-10      0.00 7.408e-01 2.576e-01 2.699e-04 9.357e-05 7.126e-04 -1.000 1.630e-03 -0.453 1.289 0.863 -0.076 -0.632 -1.129 -1.842 -2.433 -2.509
0.0015825 -0.99000 10.07918 0.8337742090 2.4299881458    0.825  2.130  3.6691  1.853    3  0.000  0.505     0.00     0.00 -1 -2.19e-10      0.00 7.407e-01 2.576e-01 2.698e-04 9.358e-05 7.126e-04 -1.000 1.630e-03 -0.555 1.257 0.796 -0.167 -0.731 -1.233 -1.953 -2.550 -2.626
0.0015825 -0.99000 10.07918 0.8338158727 2.4300014973    0.825  2.170  3.6665  1.802    3  0.000  0.505     0.00     0.00 -1 -2.55e-10      0.00 7.407e-01 2.576e-01 2.698e-04 9.359e-05 7.126e-04 -1.000 1.631e-03 -0.656 1.232 0.732 -0.256 -0.828 -1.334 -2.063 -2.667 -2.743
0.0015825 -0.99000 10.07918 0.8338544965 2.4300136566    0.824  2.211  3.6640  1.751    3  0.000  0.505     0.00     0.00 -1 -2.96e-10      0.00 7.407e-01 2.576e-01 2.698e-04 9.360e-05 7.126e-04 -1.000 1.631e-03 -0.756 1.208 0.670 -0.344 -0.924 -1.434 -2.173 -2.783 -2.860
0.0015825 -0.99000 10.07918 0.8338895440 2.4300248623    0.824  2.250  3.6614  1.702    3  0.000  0.505     0.00     0.00 -1 -3.44e-10      0.00 7.407e-01 2.576e-01 2.698e-04 9.361e-05 7.126e-04 -1.000 1.631e-03 -0.854 1.188 0.611 -0.429 -1.018 -1.532 -2.281 -2.897 -2.974
0.0015825 -0.99000 10.07918 0.8339226842 2.4300353527    0.823  2.290  3.6588  1.651    3  0.000  0.505     0.00     0.00 -1 -3.99e-10      0.00 7.407e-01 2.576e-01 2.698e-04 9.362e-05 7.126e-04 -1.000 1.631e-03 -0.954 1.170 0.552 -0.515 -1.112 -1.631 -2.389 -3.012 -3.090
0.0015825 -0.99000 10.07918 0.8339529037 2.4300448895    0.822  2.328  3.6561  1.601    3  0.000  0.505     0.00     0.00 -1 -4.63e-10      0.00 7.407e-01 2.576e-01 2.698e-04 9.363e-05 7.126e-04 -1.000 1.631e-03 -1.051 1.139 0.489 -0.594 -1.199 -1.725 -2.494 -3.126 -3.206
0.0015825 -0.99000 10.07918 0.8339808583 2.4300539494    0.822  2.367  3.6535  1.552    3  0.000  0.505     0.00     0.00 -1 -5.36e-10      0.00 7.407e-01 2.576e-01 2.698e-04 9.363e-05 7.126e-04 -1.000 1.631e-03 -1.148 1.129 0.435 -0.676 -1.290 -1.820 -2.600 -3.238 -3.319
0.0015825 -0.99000 10.07918 0.8340065479 2.4300620556    0.821  2.405  3.6509  1.503    3  0.000  0.505     0.00     0.00 -1 -6.19e-10      0.00 7.407e-01 2.576e-01 2.698e-04 9.364e-05 7.126e-04 -1.000 1.631e-03 -1.243 1.122 0.384 -0.755 -1.378 -1.913 -2.703 -3.349 -3.431
0.0015825 -0.99000 10.07918 0.8340358734 2.4300713539    0.820  2.452  3.6476  1.442    3  0.000  0.505     0.00     0.00 -1  -7.4e-10      0.00 7.407e-01 2.576e-01 2.698e-04 9.365e-05 7.126e-04 -1.000 1.631e-03 -1.361 1.112 0.319 -0.848 -1.482 -2.026 -2.831 -3.487 -3.572
0.0015825 -0.99000 10.07918 0.8340579271 2.4300782681    0.819  2.491  3.6449  1.392    3  0.000  0.505     0.00     0.00 -1 -8.56e-10      0.00 7.407e-01 2.576e-01 2.698e-04 9.365e-05 7.126e-04 -1.000 1.631e-03 -1.457 1.105 0.267 -0.922 -1.567 -2.118 -2.934 -3.599 -3.686
0.0015825 -0.99000 10.07918 0.8340821862 2.4300861359    0.818  2.536  3.6416  1.333    3  0.000  0.505     0.00     0.00 -1 -1.02e-09      0.00 7.407e-01 2.576e-01 2.698e-04 9.366e-05 7.126e-04 -1.000 1.631e-03 -1.570 1.101 0.208 -1.009 -1.666 -2.226 -3.057 -3.732 -3.821
0.0015825 -0.99000 10.07918 0.8341050744 2.4300932884    0.817  2.582  3.6383  1.273    3  0.000  0.505     0.00     0.00 -1 -1.21e-09      0.00 7.407e-01 2.576e-01 2.698e-04 9.366e-05 7.126e-04 -1.000 1.631e-03 -1.685 1.099 0.148 -1.096 -1.766 -2.335 -3.181 -3.868 -3.960
0.0015825 -0.99000 10.07918 0.8341224194 2.4300987720    0.816  2.620  3.6356  1.224    3  0.000  0.505     0.00     0.00 -1  -1.4e-09      0.00 7.407e-01 2.576e-01 2.698e-04 9.367e-05 7.126e-04 -1.000 1.631e-03 -1.779 1.097 0.100 -1.166 -1.847 -2.424 -3.282 -3.978 -4.072
0.0015825 -0.99000 10.07918 0.8341413736 2.4301047325    0.814  2.664  3.6322  1.166    3  0.000  0.505     0.00     0.00 -1 -1.66e-09      0.00 7.407e-01 2.577e-01 2.698e-04 9.367e-05 7.126e-04 -1.000 1.631e-03 -1.889 1.102 0.047 -1.246 -1.941 -2.527 -3.400 -4.107 -4.204
0.0015825 -0.99000 10.07918 0.8341593742 2.4301104546    0.813  2.709  3.6288  1.107    3  0.000  0.505     0.00     0.00 -1 -1.97e-09      0.00 7.407e-01 2.577e-01 2.698e-04 9.368e-05 7.126e-04 -1.000 1.631e-03 -2.002 1.110 -0.007 -1.328 -2.037 -2.633 -3.521 -4.240 -4.340
0.0015825 -0.99000 10.07918 0.8341764212 2.4301159382    0.811  2.755  3.6255  1.046    3  0.000  0.505     0.00     0.00 -1 -2.35e-09      0.00 7.407e-01 2.577e-01 2.698e-04 9.368e-05 7.126e-04 -1.000 1.631e-03 -2.117 1.122 -0.059 -1.410 -2.133 -2.739 -3.644 -4.374 -4.477
0.0015825 -0.99000 10.07918 0.8341910243 2.4301207066    0.809  2.797  3.6221  0.989    3  0.000  0.505     0.00     0.00 -1 -2.77e-09      0.00 7.407e-01 2.577e-01 2.698e-04 9.369e-05 7.126e-04 -1.000 1.631e-03 -2.223 1.143 -0.102 -1.482 -2.220 -2.837 -3.757 -4.499 -4.606
0.0015825 -0.99000 10.07918 0.8342050314 2.4301249981    0.807  2.840  3.6187  0.931    3  0.000  0.505     0.00     0.00 -1 -3.28e-09      0.00 7.407e-01 2.577e-01 2.698e-04 9.369e-05 7.126e-04 -1.000 1.631e-03 -2.331 1.175 -0.141 -1.553 -2.308 -2.937 -3.874 -4.627 -4.737
0.0015825 -0.99000 10.07918 0.8342183232 2.4301292896    0.805  2.885  3.6153  0.872    3  0.000  0.505     0.00     0.00 -1 -3.89e-09      0.00 7.407e-01 2.577e-01 2.698e-04 9.369e-05 7.126e-04 -1.000 1.631e-03 -2.442 1.209 -0.179 -1.624 -2.397 -3.038 -3.992 -4.757 -4.871
0.0015825 -0.99000 10.07918 0.8342302442 2.4301331043    0.802  2.927  3.6119  0.815    3  0.000  0.505     0.00     0.00 -1  -4.6e-09      0.00 7.407e-01 2.577e-01 2.698e-04 9.370e-05 7.126e-04 -1.000 1.631e-03 -2.549 1.245 -0.214 -1.691 -2.482 -3.135 -4.106 -4.882 -5.000
0.0015825 -0.99000 10.07918 0.8342412710 2.4301366806    0.799  2.970  3.6086  0.757    3  0.000  0.505     0.00     0.00 -1 -5.43e-09      0.00 7.407e-01 2.577e-01 2.698e-04 9.370e-05 7.126e-04 -1.000 1.631e-03 -2.654 1.283 -0.246 -1.756 -2.565 -3.231 -4.219 -5.007 -5.128
0.0015825 -0.99000 10.07918 0.8342516422 2.4301397800    0.796  3.012  3.6052  0.700    3  0.000  0.505     0.00     0.00 -1  -6.4e-09      0.00 7.407e-01 2.577e-01 2.698e-04 9.370e-05 7.126e-04 -1.000 1.631e-03 -2.760 1.325 -0.275 -1.819 -2.646 -3.326 -4.331 -5.130 -5.256
0.0015825 -0.99000 10.07918 0.8342615962 2.4301431179    0.793  3.055  3.6018  0.641    3  0.000  0.505     0.00     0.00 -1 -7.58e-09      0.00 7.407e-01 2.577e-01 2.698e-04 9.370e-05 7.126e-04 -1.000 1.631e-03 -2.868 1.367 -0.306 -1.884 -2.730 -3.423 -4.445 -5.257 -5.387
0.0015825 -0.99000 10.07918 0.8342702985 2.4301457405    0.789  3.096  3.5985  0.586    3  0.000  0.505     0.00     0.00 -1 -8.89e-09      0.00 7.407e-01 2.577e-01 2.698e-04 9.371e-05 7.127e-04 -1.000 1.631e-03 -2.969 1.413 -0.329 -1.940 -2.805 -3.513 -4.552 -5.375 -5.510
0.0015825 -0.99000 10.07918 0.8342787623 2.4301486015    0.785  3.137  3.5952  0.528    3  0.000  0.505     0.00     0.00 -1 -1.05e-08      0.00 7.407e-01 2.577e-01 2.698e-04 9.371e-05 7.127e-04 -1.000 1.631e-03 -3.073 1.459 -0.353 -1.998 -2.883 -3.605 -4.662 -5.496 -5.636
0.0015825 -0.99000 10.07918 0.8342867494 2.4301509857    0.781  3.179  3.5918  0.471    3  0.000  0.505     0.00     0.00 -1 -1.24e-08      0.00 7.407e-01 2.577e-01 2.698e-04 9.371e-05 7.127e-04 -1.000 1.631e-03 -3.178 1.512 -0.371 -2.052 -2.959 -3.697 -4.772 -5.619 -5.763
0.0015825 -0.99000 10.07918 0.8342941403 2.4301533699    0.776  3.220  3.5884  0.414    3  0.000  0.505     0.00     0.00 -1 -1.45e-08      0.00 7.407e-01 2.577e-01 2.698e-04 9.371e-05 7.127e-04 -1.000 1.631e-03 -3.279 1.571 -0.379 -2.099 -3.030 -3.786 -4.880 -5.737 -5.887
0.0015825 -0.99000 10.07918 0.8343008161 2.4301555157    0.770  3.259  3.5851  0.358    3  0.000  0.505     0.00     0.00 -1  -1.7e-08      0.00 7.407e-01 2.577e-01 2.698e-04 9.371e-05 7.127e-04 -1.000 1.631e-03 -3.377 1.629 -0.385 -2.142 -3.096 -3.872 -4.984 -5.852 -6.007
0.0015825 -0.99000 10.07918 0.8343071342 2.4301574230    0.764  3.297  3.5818  0.304    3  0.000  0.505     0.00     0.00 -1 -1.99e-08      0.00 7.407e-01 2.577e-01 2.698e-04 9.371e-05 7.127e-04 -1.000 1.632e-03 -3.473 1.686 -0.389 -2.183 -3.161 -3.954 -5.086 -5.964 -6.124
0.0015825 -0.99000 10.07918 0.8343133330 2.4301595688    0.758  3.335  3.5787  0.250    3  0.000  0.505     0.00     0.00 -1 -2.32e-08      0.00 7.407e-01 2.577e-01 2.698e-04 9.372e-05 7.127e-04 -1.000 1.632e-03 -3.566 1.739 -0.392 -2.221 -3.222 -4.036 -5.185 -6.073 -6.239
0.0015825 -0.99000 10.07918 0.8343147039 2.4301598072    0.756  3.342  3.5780  0.239    3  0.000  0.505     0.00     0.00 -1  -2.4e-08      0.00 7.407e-01 2.577e-01 2.698e-04 9.372e-05 7.127e-04 -1.000 1.631e-03 -3.585 1.750 -0.391 -2.227 -3.233 -4.051 -5.205 -6.095 -6.262
0.0015825 -0.99000 10.07918 0.8343147039 2.4301598072    0.756  1.726  3.7326  2.473    4  0.000  0.512     0.00     0.00 -1    -1e-30      0.00 7.389e-01 2.595e-01 2.752e-04 9.074e-05 7.176e-04 -1.000 1.596e-03 0.455 1.280 1.257 0.620 0.206 -0.183 -0.700 -1.121 -1.178
0.0015825 -0.99000 10.07918 0.8343666792 2.4301764965    0.756  1.742  3.7314  2.452    4  0.000  0.512     0.00     0.00 -1    -1e-30      0.00 7.389e-01 2.595e-01 2.752e-04 9.074e-05 7.176e-04 -1.000 1.596e-03 0.415 1.253 1.224 0.582 0.166 -0.225 -0.746 -1.170 -1.227
0.0015825 -0.99000 10.07918 0.8344159126 2.4301919937    0.756  1.745  3.7312  2.449    4  0.000  0.512     0.00     0.00 -1    -1e-30      0.00 7.389e-01 2.595e-01 2.752e-04 9.074e-05 7.176e-04 -1.000 1.596e-03 0.408 1.247 1.217 0.576 0.159 -0.233 -0.754 -1.178 -1.235
0.0015825 -0.99000 10.07918 0.8344646096 2.4302074909    0.756  1.746  3.7314  2.448    4  0.000  0.512     0.00     0.00 -1    -1e-30      0.00 7.389e-01 2.595e-01 2.752e-04 9.074e-05 7.176e-04 -1.000 1.596e-03 0.404 1.243 1.213 0.572 0.155 -0.236 -0.757 -1.180 -1.238
0.0015825 -0.99000 10.07918 0.8345149755 2.4302234650    0.756  1.747  3.7317  2.449    4  0.000  0.512     0.00     0.00 -1    -1e-30      0.00 7.389e-01 2.595e-01 2.752e-04 9.074e-05 7.176e-04 -1.000 1.596e-03 0.403 1.238 1.210 0.570 0.154 -0.237 -0.756 -1.179 -1.236
0.0015825 -0.99000 10.07918 0.8345651627 2.4302394390    0.756  1.746  3.7323  2.451    4  0.000  0.512     0.00     0.00 -1    -1e-30      0.00 7.389e-01 2.595e-01 2.752e-04 9.074e-05 7.176e-04 -1.000 1.596e-03 0.404 1.234 1.207 0.570 0.155 -0.235 -0.753 -1.174 -1.231
0.0015825 -0.99000 10.07918 0.8346158862 2.4302554131    0.757  1.745  3.7329  2.455    4  0.000  0.512     0.00     0.00 -1    -1e-30      0.00 7.389e-01 2.595e-01 2.752e-04 9.074e-05 7.176e-04 -1.000 1.596e-03 0.407 1.230 1.205 0.570 0.157 -0.231 -0.748 -1.167 -1.224
0.0015825 -0.99000 10.07918 0.8346663713 2.4302713871    0.757  1.744  3.7337  2.460    4  0.000  0.512     0.00     0.00 -1    -1e-30      0.00 7.389e-01 2.595e-01 2.752e-04 9.074e-05 7.176e-04 -1.000 1.596e-03 0.410 1.226 1.204 0.572 0.160 -0.227 -0.741 -1.159 -1.215
0.0015825 -0.99000 10.07918 0.8347173333 2.4302875996    0.757  1.742  3.7345  2.464    4  0.000  0.512     0.00     0.00 -1    -1e-30      0.00 7.389e-01 2.595e-01 2.752e-04 9.074e-05 7.176e-04 -1.000 1.596e-03 0.414 1.222 1.203 0.574 0.164 -0.222 -0.734 -1.150 -1.206
0.0015825 -0.99000 10.07918 0.8347693086 2.4303040504    0.757  1.741  3.7352  2.469    4  0.000  0.512     0.00     0.00 -1    -1e-30      0.00 7.389e-01 2.595e-01 2.752e-04 9.074e-05 7.176e-04 -1.000 1.596e-03 0.418 1.219 1.202 0.576 0.167 -0.217 -0.727 -1.141 -1.197
0.0015825 -0.99000 10.07918 0.8348221183 2.4303209782    0.757  1.740  3.7359  2.473    4  0.000  0.512     0.00     0.00 -1    -1e-30      0.00 7.389e-01 2.595e-01 2.752e-04 9.074e-05 7.176e-04 -1.000 1.596e-03 0.421 1.215 1.200 0.578 0.170 -0.213 -0.721 -1.133 -1.188
0.0015825 -0.99000 10.07918 0.8348699808 2.4303359985    0.757  1.739  3.7365  2.477    4  0.000  0.512     0.00     0.00 -1    -1e-30      0.00 7.389e-01 2.595e-01 2.752e-04 9.074e-05 7.176e-04 -1.000 1.596e-03 0.424 1.211 1.199 0.579 0.173 -0.209 -0.715 -1.126 -1.181
0.0015825 -0.99000 10.07918 0.8349232078 2.4303529263    0.757  1.737  3.7372  2.480    4  0.000  0.512     0.00     0.00 -1    -1e-30      0.00 7.389e-01 2.595e-01 2.752e-04 9.074e-05 7.176e-04 -1.000 1.596e-03 0.426 1.208 1.198 0.580 0.175 -0.206 -0.710 -1.119 -1.174
0.0015825 -0.99000 10.07918 0.8349746466 2.4303691387    0.757  1.737  3.7377  2.483    4  0.000  0.512     0.00     0.00 -1    -1e-30      0.00 7.389e-01 2.595e-01 2.752e-04 9.074e-05 7.176e-04 -1.000 1.596e-03 0.428 1.205 1.196 0.581 0.177 -0.203 -0.706 -1.114 -1.168
0.0015825 -0.99000 10.07918 0.8350248933 2.4303851128    0.757  1.736  3.7381  2.486    4  0.000  0.512     0.00     0.00 -1    -1e-30      0.00 7.389e-01 2.595e-01 2.752e-04 9.074e-05 7.176e-04 -1.000 1.596e-03 0.430 1.202 1.195 0.581 0.178 -0.201 -0.703 -1.109 -1.164
0.0015825 -0.99000 10.07918 0.8350304961 2.4303870201    0.757  1.736  3.7382  2.486    4  0.000  0.512     0.00     0.00 -1    -1e-30      0.00 7.389e-01 2.595e-01 2.752e-04 9.074e-05 7.176e-04 -1.000 1.596e-03 0.430 1.201 1.194 0.581 0.178 -0.201 -0.702 -1.109 -1.163
0.0015825 -0.99000 10.07918 0.8350753784 2.4304010868    0.757  1.736  3.7385  2.487    4  0.000  0.512     0.00     0.00 -1    -1e-30      0.00 7.389e-01 2.595e-01 2.752e-04 9.074e-05 7.176e-04 -1.000 1.596e-03 0.430 1.199 1.193 0.581 0.179 -0.200 -0.700 -1.106 -1.160
0.0015825 -0.99000 10.07918 0.8351229429 2.4304163456    0.757  1.736  3.7388  2.488    4  0.000  0.512     0.00     0.00 -1    -1e-30      0.00 7.389e-01 2.595e-01 2.752e-04 9.074e-05 7.176e-04 -1.000 1.596e-03 0.430 1.196 1.192 0.581 0.179 -0.199 -0.699 -1.104 -1.158
0.0015825 -0.99000 10.07918 0.8351731896 2.4304320812    0.757  1.736  3.7389  2.489    4  0.000  0.512     0.00     0.00 -1    -1e-30      0.00 7.389e-01 2.595e-01 2.752e-04 9.074e-05 7.176e-04 -1.000 1.596e-03 0.430 1.194 1.190 0.580 0.178 -0.200 -0.699 -1.104 -1.158
0.0015825 -0.99000 10.07918 0.8352205157 2.4304471016    0.757  1.737  3.7390  2.489    4  0.000  0.512     0.00     0.00 -1    -1e-30      0.00 7.389e-01 2.595e-01 2.752e-04 9.074e-05 7.176e-04 -1.000 1.596e-03 0.428 1.192 1.188 0.578 0.177 -0.201 -0.700 -1.104 -1.159
0.0015825 -0.99000 10.07918 0.8352748752 2.4304642677    0.757  1.738  3.7390  2.487    4  0.000  0.512     0.00     0.00 -1    -1e-30      0.00 7.389e-01 2.595e-01 2.752e-04 9.074e-05 7.176e-04 -1.000 1.596e-03 0.426 1.190 1.185 0.575 0.174 -0.204 -0.703 -1.108 -1.162
0.0015825 -0.99000 10.07918 0.8353248835 2.4304802418    0.757  1.739  3.7388  2.485    4  0.000  0.512     0.00     0.00 -1    -1e-30      0.00 7.389e-01 2.595e-01 2.752e-04 9.074e-05 7.176e-04 -1.000 1.596e-03 0.422 1.188 1.183 0.572 0.171 -0.207 -0.707 -1.112 -1.166
0.0015825 -0.99000 10.07918 0.8353739977 2.4304957390    0.757  1.741  3.7385  2.483    4  0.000  0.512     0.00     0.00 -1    -1e-30      0.00 7.389e-01 2.595e-01 2.752e-04 9.074e-05 7.176e-04 -1.000 1.596e-03 0.418 1.187 1.181 0.569 0.166 -0.212 -0.712 -1.118 -1.172
0.0015825 -0.99000 10.07918 0.8353975415 2.4305031300    0.757  1.742  3.7384  2.481    4  0.000  0.512     0.00     0.00 -1    -1e-30      0.00 7.389e-01 2.595e-01 2.752e-04 9.074e-05 7.176e-04 -1.000 1.596e-03 0.416 1.186 1.179 0.567 0.164 -0.215 -0.715 -1.121 -1.176
0.0015825 -0.99000 10.07918 0.8354188800 2.4305100441    0.757  1.743  3.7382  2.479    4  0.000  0.512     0.00     0.00 -1    -1e-30      0.00 7.389e-01 2.595e-01 2.752e-04 9.074e-05 7.176e-04 -1.000 1.596e-03 0.413 1.185 1.178 0.565 0.162 -0.217 -0.719 -1.125 -1.180
0.0015825 -0.99000 10.07918 0.8354635835 2.4305241108    0.757  1.745  3.7378  2.475    4  0.000  0.512     0.00     0.00 -1    -1e-30      0.00 7.389e-01 2.595e-01 2.752e-04 9.074e-05 7.176e-04 -1.000 1.596e-03 0.407 1.184 1.175 0.560 0.156 -0.224 -0.727 -1.134 -1.189
0.0015825 -0.99000 10.07918 0.8355084062 2.4305384159    0.758  1.748  3.7372  2.470    4  0.000  0.512     0.00     0.00 -1    -1e-30      0.00 7.389e-01 2.595e-01 2.752e-04 9.074e-05 7.176e-04 -1.000 1.596e-03 0.400 1.182 1.171 0.554 0.149 -0.232 -0.736 -1.145 -1.200
0.0015825 -0.99000 10.07918 0.8355535865 2.4305524826    0.758  1.751  3.7367  2.465    4  0.000  0.512     0.00     0.00 -1    -1e-30      0.00 7.389e-01 2.595e-01 2.752e-04 9.074e-05 7.176e-04 -1.000 1.596e-03 0.393 1.180 1.167 0.547 0.141 -0.240 -0.746 -1.156 -1.211
0.0015825 -0.99000 10.07918 0.8355991840 2.4305670261    0.758  1.755  3.7360  2.459    4  0.000  0.512     0.00     0.00 -1    -1e-30      0.00 7.389e-01 2.595e-01 2.752e-04 9.074e-05 7.176e-04 -1.000 1.596e-03 0.383 1.178 1.162 0.540 0.132 -0.250 -0.758 -1.170 -1.225
0.0015825 -0.99000 10.07918 0.8356430531 2.4305808544    0.758  1.758  3.7353  2.452    4  0.000  0.512     0.00     0.00 -1    -1e-30      0.00 7.389e-01 2.595e-01 2.752e-04 9.074e-05 7.176e-04 -1.000 1.596e-03 0.374 1.176 1.157 0.532 0.123 -0.261 -0.770 -1.184 -1.239
0.0015825 -0.99000 10.07918 0.8356871009 2.4305949211    0.758  1.763  3.7345  2.444    4  0.000  0.512     0.00     0.00 -1    -1e-30      0.00 7.389e-01 2.595e-01 2.752e-04 9.074e-05 7.176e-04 -1.000 1.596e-03 0.362 1.172 1.150 0.521 0.111 -0.275 -0.786 -1.202 -1.258
0.0015825 -0.99000 10.07918 0.8357315660 2.4306089878    0.758  1.768  3.7337  2.436    4  0.000  0.512     0.00     0.00 -1    -1e-30      0.00 7.389e-01 2.595e-01 2.752e-04 9.074e-05 7.176e-04 -1.000 1.596e-03 0.349 1.167 1.143 0.511 0.099 -0.288 -0.802 -1.219 -1.276
0.0015825 -0.99000 10.07918 0.8357757926 2.4306228161    0.758  1.775  3.7325  2.425    4  0.000  0.512     0.00     0.00 -1    -1e-30      0.00 7.389e-01 2.595e-01 2.752e-04 9.074e-05 7.176e-04 -1.000 1.596e-03 0.333 1.163 1.134 0.497 0.083 -0.306 -0.823 -1.244 -1.300
0.0015825 -0.99000 10.07918 0.8358210325 2.4306371212    0.758  1.784  3.7311  2.410    4  0.000  0.512     0.00     0.00 -1    -1e-30      0.00 7.389e-01 2.595e-01 2.752e-04 9.074e-05 7.176e-04 -1.000 1.596e-03 0.311 1.156 1.122 0.479 0.061 -0.330 -0.852 -1.275 -1.333
0.0015825 -0.99000 10.07918 0.8358649611 2.4306511879    0.758  1.790  3.7300  2.399    4  0.000  0.512     0.00     0.00 -1    -1e-30      0.00 7.389e-01 2.595e-01 2.752e-04 9.074e-05 7.176e-04 -1.000 1.596e-03 0.294 1.151 1.111 0.464 0.044 -0.349 -0.873 -1.300 -1.357
0.0015825 -0.99000 10.07918 0.8359115124 2.4306657314    0.758  1.806  3.7276  2.374    4  0.000  0.512     0.00     0.00 -1    -1e-30      0.00 7.389e-01 2.595e-01 2.752e-04 9.074e-05 7.176e-04 -1.000 1.596e-03 0.255 1.139 1.088 0.431 0.006 -0.391 -0.922 -1.354 -1.413
0.0015825 -0.99000 10.07918 0.8359558582 2.4306797981    0.758  1.831  3.7241  2.335    4  0.000  0.512     0.00     0.00 -1    -1e-30      0.00 7.389e-01 2.595e-01 2.752e-04 9.074e-05 7.176e-04 -1.000 1.596e-03 0.192 1.117 1.050 0.377 -0.055 -0.458 -0.999 -1.440 -1.500
0.0015825 -0.99000 10.07918 0.8359887600 2.4306902885    0.758  1.867  3.7194  2.281    4  0.000  0.512     0.00     0.00 -1    -1e-30      0.00 7.389e-01 2.595e-01 2.752e-04 9.074e-05 7.176e-04 -1.000 1.596e-03 0.104 1.083 0.994 0.300 -0.141 -0.553 -1.107 -1.560 -1.622
0.0015825 -0.99000 10.07918 0.8360047936 2.4306952953    0.758  1.903  3.7148  2.226    4  0.000  0.512     0.00     0.00 -1    -1e-30      0.00 7.389e-01 2.595e-01 2.752e-04 9.074e-05 7.176e-04 -1.000 1.596e-03 0.012 1.053 0.937 0.223 -0.229 -0.649 -1.218 -1.683 -1.746
0.0015825 -0.99000 10.07918 0.8360116482 2.4306974411    0.758  1.938  3.7105  2.173    4  0.000  0.512     0.00     0.00 -1    -1e-30      0.00 7.389e-01 2.595e-01 2.752e-04 9.074e-05 7.176e-04 -1.000 1.596e-03 -0.075 1.021 0.883 0.148 -0.313 -0.741 -1.323 -1.799 -1.864
0.0015825 -0.99000 10.07918 0.8360151052 2.4306986332    0.758  1.974  3.7062  2.120    4  0.000  0.512     0.00     0.00 -1    -1e-30      0.00 7.389e-01 2.595e-01 2.752e-04 9.074e-05 7.176e-04 -1.000 1.596e-03 -0.166 0.990 0.826 0.072 -0.399 -0.834 -1.430 -1.918 -1.984
0.0015825 -0.99000 10.07918 0.8360168338 2.4306991100    0.758  2.008  3.7024  2.071    4  0.000  0.512     0.00     0.00 -1    -1e-30      0.00 7.389e-01 2.595e-01 2.752e-04 9.074e-05 7.176e-04 -1.000 1.596e-03 -0.250 0.960 0.772 0.000 -0.479 -0.921 -1.528 -2.027 -2.094
0.0015825 -0.99000 10.07918 0.8360178471 2.4306993484    0.758  2.040  3.6990  2.026    4  0.000  0.512     0.00     0.00 -1    -1e-30      0.00 7.389e-01 2.595e-01 2.752e-04 9.074e-05 7.176e-04 -1.000 1.596e-03 -0.330 0.929 0.720 -0.068 -0.555 -1.004 -1.622 -2.130 -2.198
0.0015825 -0.99000 10.07918 0.8360181451 2.4306995869    0.758  2.049  3.6980  2.012    7  0.000  0.512     0.00     0.00 -1    -1e-09      0.00 7.389e-01 2.578e-01 2.752e-04 9.074e-05 7.176e-04 -1.000 3.262e-03 -0.354 0.921 0.705 -0.088 -0.577 -1.028 -1.649 -2.159 -2.228
0.0015825 -0.99000 10.07918 0.8360190392 2.4306998253    0.758  2.090  3.6941  1.957    7  0.000  0.512     0.00     0.00 -1 -1.28e-09      0.00 7.389e-01 2.578e-01 2.752e-04 9.074e-05 7.176e-04 -1.000 3.262e-03 -0.454 0.887 0.640 -0.173 -0.672 -1.130 -1.764 -2.286 -2.356
0.0015825 -0.99000 10.07918 0.8360198736 2.4307000637    0.758  2.128  3.6904  1.904    7  0.000  0.512     0.00     0.00 -1 -1.57e-09      0.00 7.389e-01 2.578e-01 2.752e-04 9.074e-05 7.176e-04 -1.000 3.262e-03 -0.550 0.854 0.578 -0.255 -0.763 -1.228 -1.874 -2.407 -2.478
0.0015825 -0.99000 10.07918 0.8360206485 2.4307003021    0.758  2.164  3.6870  1.854    7  0.000  0.512     0.00     0.00 -1 -1.93e-09      0.00 7.389e-01 2.578e-01 2.752e-04 9.074e-05 7.176e-04 -1.000 3.262e-03 -0.639 0.829 0.522 -0.328 -0.846 -1.317 -1.976 -2.521 -2.592
0.0015825 -0.99000 10.07918 0.8360214233 2.4307005405    0.758  2.192  3.6843  1.814    7  0.000  0.512     0.00     0.00 -1 -2.28e-09      0.00 7.389e-01 2.578e-01 2.752e-04 9.074e-05 7.176e-04 -1.000 3.262e-03 -0.711 0.824 0.483 -0.392 -0.917 -1.392 -2.060 -2.611 -2.683
0.0015825 -0.99000 10.07918 0.8360228539 2.4307010174    0.758  2.212  3.6825  1.787    7  0.000  0.512     0.00     0.00 -1 -2.56e-09      0.00 7.389e-01 2.578e-01 2.752e-04 9.074e-05 7.176e-04 -1.000 3.262e-03 -0.761 0.819 0.455 -0.436 -0.966 -1.443 -2.117 -2.673 -2.744
0.0015825 -0.99000 10.07918 0.8360246420 2.4307014942    0.757  2.183  3.6853  1.827    7  0.000  0.512     0.00     0.00 -1 -2.15e-09      0.00 7.389e-01 2.578e-01 2.752e-04 9.074e-05 7.176e-04 -1.000 3.262e-03 -0.687 0.822 0.494 -0.371 -0.893 -1.367 -2.032 -2.581 -2.652
0.0015825 -0.99000 10.07918 0.8360268474 2.4307022095    0.757  2.157  3.6877  1.863    7  0.000  0.512     0.00     0.00 -1 -1.87e-09      0.00 7.389e-01 2.578e-01 2.752e-04 9.074e-05 7.176e-04 -1.000 3.262e-03 -0.623 0.832 0.532 -0.315 -0.830 -1.301 -1.957 -2.499 -2.570
0.0015825 -0.99000 10.07918 0.8360352516 2.4307048321    0.756  2.131  3.6902  1.899    7  0.000  0.512     0.00     0.00 -1 -1.62e-09      0.00 7.389e-01 2.578e-01 2.752e-04 9.074e-05 7.176e-04 -1.000 3.262e-03 -0.557 0.851 0.573 -0.261 -0.770 -1.236 -1.883 -2.416 -2.487
0.0015825 -0.99000 10.07918 0.8360612392 2.4307131767    0.754  2.164  3.6869  1.851    7  0.000  0.512     0.00     0.00 -1 -1.97e-09      0.00 7.389e-01 2.578e-01 2.752e-04 9.074e-05 7.176e-04 -1.000 3.262e-03 -0.641 0.829 0.522 -0.330 -0.847 -1.319 -1.979 -2.523 -2.595
0.0015825 -0.99000 10.07918 0.8360776305 2.4307184219    0.752  2.203  3.6832  1.796    7  0.000  0.512     0.00     0.00 -1 -2.49e-09      0.00 7.389e-01 2.578e-01 2.752e-04 9.074e-05 7.176e-04 -1.000 3.262e-03 -0.738 0.826 0.470 -0.416 -0.943 -1.420 -2.091 -2.646 -2.717
0.0015825 -0.99000 10.07918 0.8360959291 2.4307241440    0.750  2.250  3.6788  1.729    7  0.000  0.512     0.00     0.00 -1 -3.28e-09      0.00 7.389e-01 2.578e-01 2.752e-04 9.074e-05 7.176e-04 -1.000 3.262e-03 -0.856 0.818 0.406 -0.518 -1.059 -1.542 -2.228 -2.793 -2.864
0.0015825 -0.99000 10.07918 0.8361126184 2.4307293892    0.747  2.295  3.6747  1.667    7  0.000  0.512     0.00     0.00 -1 -4.28e-09      0.00 7.389e-01 2.578e-01 2.752e-04 9.074e-05 7.176e-04 -1.000 3.262e-03 -0.967 0.814 0.349 -0.612 -1.165 -1.655 -2.354 -2.930 -3.001
0.0015825 -0.99000 10.07918 0.8361271024 2.4307339191    0.743  2.337  3.6709  1.608    7  0.000  0.512     0.00     0.00 -1 -5.46e-09      0.00 7.389e-01 2.578e-01 2.752e-04 9.074e-05 7.176e-04 -1.000 3.262e-03 -1.073 0.811 0.295 -0.701 -1.266 -1.762 -2.474 -3.059 -3.131
0.0015825 -0.99000 10.07918 0.8361398578 2.4307379723    0.739  2.379  3.6673  1.549    7  0.000  0.512     0.00     0.00 -1 -7.03e-09      0.00 7.389e-01 2.578e-01 2.752e-04 9.074e-05 7.176e-04 -1.000 3.252e-03 -1.177 0.814 0.245 -0.787 -1.363 -1.866 -2.591 -3.185 -3.259
0.0015825 -0.99000 10.07918 0.8361510634 2.4307415485    0.735  2.420  3.6636  1.491    7  0.000  0.512     0.00     0.00 -1 -8.92e-09      0.00 7.389e-01 2.579e-01 2.752e-04 9.074e-05 7.176e-04 -1.000 3.176e-03 -1.279 0.805 0.190 -0.868 -1.456 -1.966 -2.706 -3.311 -3.385
0.0015825 -0.99000 10.07918 0.8361608982 2.4307446480    0.730  2.460  3.6600  1.433    7  0.000  0.512     0.00     0.00 -1 -1.14e-08      0.00 7.389e-01 2.579e-01 2.751e-04 9.075e-05 7.176e-04 -1.000 3.162e-03 -1.380 0.823 0.148 -0.950 -1.550 -2.067 -2.820 -3.434 -3.510
0.0015825 -0.99000 10.07918 0.8361698389 2.4307475090    0.724  2.500  3.6565  1.375    7  0.000  0.511     0.00     0.00 -1 -1.44e-08      0.00 7.389e-01 2.579e-01 2.747e-04 9.088e-05 7.176e-04 -1.000 3.151e-03 -1.481 0.841 0.107 -1.026 -1.639 -2.164 -2.932 -3.555 -3.634
0.0015825 -0.99000 10.07918 0.8361778855 2.4307498932    0.717  2.540  3.6529  1.317    7  0.000  0.509     0.00     0.00 -1 -1.84e-08      0.00 7.389e-01 2.580e-01 2.736e-04 9.150e-05 7.176e-04 -1.000 3.072e-03 -1.581 0.852 0.061 -1.101 -1.726 -2.260 -3.043 -3.678 -3.759
0.0015825 -0.99000 10.07918 0.8361853957 2.4307522774    0.710  2.581  3.6480  1.252    7  0.000  0.504     0.00     0.00 -1 -2.37e-08      0.00 7.389e-01 2.580e-01 2.713e-04 9.367e-05 7.176e-04 -1.000 3.062e-03 -1.682 0.896 0.034 -1.165 -1.807 -2.353 -3.158 -3.808 -3.893
0.0015825 -0.99000 10.07918 0.8361907005 2.4307539463    0.703  2.611  3.6398  1.185    7  0.000  0.499     0.00     0.00 -1 -2.88e-08      0.00 7.389e-01 2.580e-01 2.685e-04 9.670e-05 7.176e-04 -1.000 3.053e-03 -1.757 1.046 0.076 -1.177 -1.847 -2.413 -3.253 -3.932 -4.023
0.0015825 -0.99000 10.07918 0.8361972570 2.4307560921    0.692  2.651  3.6363  1.125    7  0.000  0.491     0.00     0.00 -1 -3.71e-08      0.00 7.389e-01 2.581e-01 2.645e-04 1.016e-04 7.176e-04 -1.000 3.030e-03 -1.857 1.064 0.034 -1.246 -1.930 -2.506 -3.362 -4.052 -4.146
0.0015825 -0.99000 10.07918 0.8362035155 2.4307579994    0.678  2.690  3.6328  1.062    7  0.000  0.484     0.00     0.00 -1 -4.85e-08      0.00 7.389e-01 2.581e-01 2.607e-04 1.062e-04 7.176e-04 -1.000 2.965e-03 -1.956 1.088 -0.004 -1.314 -2.012 -2.599 -3.470 -4.172 -4.269
0.0015825 -0.99000 10.07918 0.8362096548 2.4307599068    0.661  2.730  3.6294  0.998    7  0.000  0.478     0.00     0.00 -1 -6.42e-08      0.00 7.388e-01 2.582e-01 2.574e-04 1.103e-04 7.176e-04 -1.000 3.029e-03 -2.055 1.115 -0.043 -1.383 -2.095 -2.691 -3.578 -4.291 -4.391
0.0015825 -0.99000 10.07918 0.8362154961 2.4307618141    0.639  2.770  3.6262  0.930    7  0.000  0.472     0.00     0.00 -1 -8.75e-08      0.00 7.388e-01 2.582e-01 2.545e-04 1.138e-04 7.176e-04 -1.000 3.007e-03 -2.155 1.158 -0.073 -1.447 -2.176 -2.783 -3.686 -4.410 -4.513
0.0015825 -0.99000 10.07918 0.8362207413 2.4307634830    0.612  2.809  3.6240  0.864    7  0.000  0.468     0.00     0.00 -1 -1.21e-07      0.00 7.388e-01 2.583e-01 2.519e-04 1.170e-04 7.176e-04 -1.000 2.936e-03 -2.254 1.177 -0.116 -1.519 -2.261 -2.877 -3.791 -4.521 -4.627
0.0015825 -0.99000 10.07918 0.8362255692 2.4307651520    0.577  2.850  3.6238  0.797    7  0.000  0.463     0.00     0.00 -1 -1.74e-07      0.00 7.388e-01 2.583e-01 2.498e-04 1.196e-04 7.175e-04 -1.000 2.963e-03 -2.354 1.142 -0.189 -1.612 -2.360 -2.979 -3.895 -4.624 -4.730
0.0015825 -0.99000 10.07918 0.8362293243 2.4307663441    0.538  2.889  3.6321  0.761    7  0.000  0.460     0.00     0.00 -1 -2.55e-07      0.00 7.387e-01 2.584e-01 2.479e-04 1.219e-04 7.175e-04 -1.000 2.934e-03 -2.451 0.861 -0.393 -1.781 -2.504 -3.101 -3.981 -4.677 -4.776
0.0015825 -0.99000 10.07918 0.8362308145 2.4307665825    0.508  2.907  3.6550  0.809    7  0.000  0.458     0.00     0.00 -1 -2.93e-07      0.00 7.387e-01 2.584e-01 2.467e-04 1.234e-04 7.174e-04 -1.000 2.956e-03 -2.497 0.216 -0.759 -2.008 -2.658 -3.198 -3.977 -4.591 -4.671
0.0015825 -0.99000 10.07918 1.0967015028 2.4911236763    0.544 -4.462  3.5916  7.955    9  0.545  0.000     0.00     0.00 -1    -1e-30      0.00 7.251e-01 2.733e-01 2.291e-04 1.685e-04 7.319e-04 -1.000 1.617e-03 15.925 19.467 18.315 16.929 15.969 15.182 14.290 13.753 13.571
#isochrone terminated
