# File generated by CMD 3.3 (http://stev.oapd.inaf.it/cmd) on Fri Nov 20 18:12:11 CET 2020
# isochrones based on PARSEC release v1.2S +  COLIBRI S_35
# Basic references: Bressan et al. (2012), MNRAS, 427, 127 + Chen et al. (2014, 2015), MNRAS, 444, 2525 + MNRAS, 452, 1068 + Tang et al. (2014), MNRAS, 445, 4287 + Marigo et al. (2017), ApJ, 835, 77 + Pastorelli al. (2019), MNRAS in press
# Thermal pulse cycles included 
# On RGB, assumed Reimers mass loss with efficiency eta=0.2
# Photometric system: JWST NIRCam wide+verywide+medium filters, Vegamags
# Using OBC version of bolometric corrections as detailed in Marigo et al. (2008, A&A 482, 883) and Girardi et al. (2008, PASP 120, 583
# O-rich circumstellar dpmod60alox40 dust from Groenewegen (2006)
# C-rich circumstellar AMCSIC15 dust from Groenewegen (2006)
# IMF: Kroupa (2001, 2002) + Kroupa et al. (2013) canonical two-part-power law IMF corrected for unresolved binaries 
# Kind of output: isochrone tables
# Zini     MH   logAge Mini        int_IMF         Mass   logL    logTe  logg  label   McoreTP C_O  period0 period1 pmode  Mloss  tau1m   X   Y   Xc  Xn  Xo  Cexcess  Z 	 mbolmag  F070Wmag  F090Wmag  F115Wmag  F150Wmag  F200Wmag  F277Wmag  F356Wmag  F444Wmag  F150W2mag  F322W2mag  F140Mmag  F162Mmag  F182Mmag  F210Mmag  F250Mmag  F300Mmag  F335Mmag  F360Mmag  F410Mmag  F430Mmag  F460Mmag  F480Mmag  F150WS60mag
0.00059013 -1.42000 10.07918 0.0900000036 1.0816895962    0.090 -3.189  3.4705  5.416    1  0.000  0.545     0.00     0.00 -1 -5.31e-17      0.00 7.477e-01 2.517e-01 1.114e-04 3.006e-05 2.726e-04 -1.000 6.196e-04 12.744 13.075 11.727 10.971 10.460 10.422 10.198 9.746 9.694 10.620 9.982 10.555 10.342 10.440 10.385 10.325 10.057 9.794 9.707 9.657 9.677 9.740 9.682 10.414
0.00059013 -1.42000 10.07918 0.0979087874 1.1533964872    0.098 -2.966  3.5024  5.356    1  0.000  0.545     0.00     0.00 -1 -9.13e-17      0.00 7.463e-01 2.531e-01 1.114e-04 3.006e-05 2.726e-04 -1.000 6.196e-04 12.185 12.326 11.213 10.518 9.950 9.786 9.608 9.256 9.198 10.083 9.444 10.071 9.793 9.817 9.740 9.693 9.518 9.303 9.219 9.164 9.180 9.243 9.190 9.885
0.00059013 -1.42000 10.07918 0.1000000089 1.1711064577    0.100 -2.910  3.5103  5.341    1  0.000  0.545     0.00     0.00 -1 -1.05e-16      0.00 7.460e-01 2.534e-01 1.114e-04 3.006e-05 2.726e-04 -1.000 6.195e-04 12.044 12.142 11.080 10.401 9.825 9.637 9.467 9.138 9.078 9.952 9.314 9.950 9.662 9.671 9.591 9.544 9.387 9.185 9.102 9.045 9.061 9.122 9.071 9.757
0.00059013 -1.42000 10.07918 0.1199999973 1.3193154335    0.120 -2.625  3.5419  5.261    1  0.000  0.545     0.00     0.00 -1 -2.02e-16      0.00 7.435e-01 2.559e-01 1.114e-04 3.006e-05 2.726e-04 -1.000 6.195e-04 11.332 11.263 10.385 9.772 9.186 8.928 8.779 8.531 8.468 9.291 8.665 9.318 9.008 8.967 8.882 8.835 8.728 8.575 8.498 8.441 8.452 8.506 8.461 9.110
0.00059013 -1.42000 10.07918 0.1335045993 1.4023222923    0.133 -2.499  3.5526  5.225    1  0.000  0.545     0.00     0.00 -1 -2.66e-16      0.00 7.421e-01 2.572e-01 1.114e-04 3.006e-05 2.726e-04 -1.000 6.197e-04 11.018 10.898 10.075 9.486 8.902 8.628 8.485 8.260 8.198 9.001 8.383 9.035 8.723 8.667 8.584 8.537 8.440 8.304 8.230 8.173 8.183 8.235 8.193 8.826
0.00059013 -1.42000 10.07918 0.1400000006 1.4384527206    0.140 -2.443  3.5574  5.209    1  0.000  0.545     0.00     0.00 -1 -3.01e-16      0.00 7.416e-01 2.578e-01 1.114e-04 3.006e-05 2.726e-04 -1.000 6.197e-04 10.878 10.737 9.937 9.357 8.776 8.496 8.354 8.141 8.079 8.872 8.258 8.908 8.596 8.535 8.452 8.405 8.312 8.183 8.111 8.055 8.064 8.115 8.075 8.699
0.00059013 -1.42000 10.07918 0.1599999964 1.5372931957    0.160 -2.301  3.5677  5.166    1  0.000  0.545     0.00     0.00 -1  -4.1e-16      0.00 7.402e-01 2.592e-01 1.114e-04 3.006e-05 2.726e-04 -1.000 6.196e-04 10.523 10.342 9.586 9.028 8.453 8.161 8.023 7.832 7.773 8.544 7.937 8.585 8.274 8.200 8.119 8.071 7.985 7.872 7.805 7.750 7.759 7.807 7.769 8.376
0.00059013 -1.42000 10.07918 0.2000000179 1.6938792467    0.200 -2.080  3.5812  5.095    1  0.000  0.545     0.00     0.00 -1 -5.69e-16      0.00 7.390e-01 2.604e-01 1.114e-04 3.006e-05 2.726e-04 -1.000 6.196e-04 9.970 9.738 9.020 8.482 7.919 7.635 7.542 7.325 7.262 8.007 7.443 8.057 7.729 7.674 7.590 7.579 7.514 7.375 7.291 7.232 7.245 7.301 7.274 7.839
0.00059013 -1.42000 10.07918 0.2500000298 1.8403259516    0.250 -1.876  3.5923  5.033    1  0.000  0.545     0.00     0.00 -1 -4.19e-16      0.00 7.389e-01 2.605e-01 1.114e-04 3.006e-05 2.726e-04 -1.000 6.196e-04 9.459 9.173 8.498 7.988 7.433 7.157 7.107 6.884 6.823 7.521 7.006 7.577 7.239 7.194 7.114 7.132 7.094 6.936 6.847 6.789 6.804 6.864 6.849 7.352
0.00059013 -1.42000 10.07918 0.3000000417 1.9529141188    0.300 -1.720  3.6008  4.990    1  0.000  0.545     0.00     0.00 -1 -3.48e-16      0.00 7.391e-01 2.603e-01 1.114e-04 3.006e-05 2.726e-04 -1.000 6.196e-04 9.070 8.748 8.106 7.617 7.065 6.792 6.758 6.549 6.494 7.155 6.664 7.211 6.871 6.827 6.753 6.777 6.753 6.597 6.513 6.460 6.475 6.534 6.525 6.985
0.00059013 -1.42000 10.07918 0.3500000238 2.0434176922    0.350 -1.594  3.6081  4.961    1  0.000  0.545     0.00     0.00 -1 -1.79e-15      0.00 7.413e-01 2.581e-01 1.114e-04 3.006e-05 2.726e-04 -1.000 6.195e-04 8.755 8.422 7.798 7.320 6.767 6.491 6.443 6.265 6.219 6.857 6.363 6.911 6.576 6.523 6.455 6.463 6.436 6.305 6.234 6.188 6.202 6.256 6.245 6.688
0.00059013 -1.42000 10.07918 0.4000000358 2.1185026169    0.400 -1.449  3.6194  4.918    1  0.000  0.545     0.00     0.00 -1 -2.46e-15      0.00 7.500e-01 2.494e-01 1.114e-04 3.006e-05 2.726e-04 -1.000 6.195e-04 8.392 8.043 7.448 6.987 6.431 6.152 6.081 5.951 5.920 6.522 6.023 6.573 6.244 6.180 6.121 6.105 6.070 5.979 5.930 5.893 5.905 5.952 5.939 6.353
0.00059013 -1.42000 10.07918 0.4500000179 2.1822810173    0.450 -1.273  3.6379  4.868    1  0.000  0.545     0.00     0.00 -1 -3.67e-15      0.00 7.500e-01 2.493e-01 1.114e-04 3.006e-05 2.726e-04 -1.000 6.195e-04 7.954 7.578 7.030 6.596 6.041 5.773 5.688 5.610 5.597 6.137 5.654 6.180 5.861 5.794 5.748 5.713 5.673 5.626 5.599 5.574 5.584 5.625 5.610 5.966
0.00059013 -1.42000 10.07918 0.5000000000 2.2374541759    0.500 -1.075  3.6648  4.823    1  0.000  0.545     0.00     0.00 -1  -5.8e-15      0.00 7.500e-01 2.493e-01 1.114e-04 3.006e-05 2.726e-04 -1.000 6.196e-04 7.457 7.043 6.564 6.169 5.639 5.402 5.326 5.284 5.283 5.741 5.307 5.767 5.474 5.417 5.384 5.348 5.313 5.292 5.278 5.263 5.273 5.309 5.297 5.569
0.00059013 -1.42000 10.07918 0.5500000715 2.2836585045    0.550 -0.858  3.6913  4.753    1  0.000  0.544     0.00     0.00 -1 -9.87e-15      0.00 7.845e-01 2.150e-01 9.708e-05 2.621e-05 2.378e-04 -1.000 5.051e-04 6.915 6.476 6.055 5.704 5.221 5.017 4.952 4.925 4.928 5.323 4.940 5.334 5.075 5.029 5.003 4.970 4.942 4.931 4.923 4.912 4.920 4.947 4.939 5.159
0.00059013 -1.42000 10.07918 0.6000000238 2.3211214542    0.600 -0.649  3.7193  4.694    1  0.000  0.544     0.00     0.00 -1 -1.64e-14      0.00 7.949e-01 2.046e-01 9.305e-05 2.514e-05 2.282e-04 -1.000 5.079e-04 6.391 5.950 5.582 5.276 4.846 4.677 4.624 4.606 4.605 4.945 4.616 4.944 4.722 4.686 4.667 4.637 4.617 4.610 4.604 4.596 4.600 4.612 4.610 4.793
0.00059013 -1.42000 10.07918 0.6116040349 2.3288149834    0.611 -0.598  3.7266  4.681    1  0.000  0.543     0.00     0.00 -1 -1.85e-14      0.00 7.977e-01 2.018e-01 9.196e-05 2.484e-05 2.256e-04 -1.000 5.138e-04 6.265 5.827 5.472 5.178 4.760 4.599 4.550 4.534 4.531 4.858 4.543 4.854 4.640 4.608 4.590 4.561 4.544 4.537 4.532 4.525 4.527 4.536 4.535 4.708
0.00059013 -1.42000 10.07918 0.6231684089 2.3361554146    0.623 -0.547  3.7338  4.667    1  0.000  0.543     0.00     0.00 -1 -2.07e-14      0.00 8.005e-01 1.989e-01 9.085e-05 2.455e-05 2.229e-04 -1.000 5.169e-04 6.139 5.706 5.364 5.080 4.674 4.521 4.475 4.461 4.457 4.771 4.469 4.765 4.558 4.529 4.512 4.485 4.470 4.464 4.459 4.453 4.454 4.459 4.459 4.624
0.00059013 -1.42000 10.07918 0.6343647242 2.3429696560    0.634 -0.498  3.7407  4.653    1  0.000  0.543     0.00     0.00 -1  -1.6e-14      0.00 8.035e-01 1.960e-01 8.973e-05 2.425e-05 2.202e-04 -1.000 4.956e-04 6.015 5.590 5.259 4.985 4.589 4.444 4.401 4.390 4.384 4.686 4.396 4.677 4.478 4.451 4.436 4.410 4.397 4.392 4.388 4.381 4.382 4.385 4.386 4.541
0.00059013 -1.42000 10.07918 0.6447774172 2.3490633965    0.645 -0.452  3.7469  4.639    1  0.000  0.543     0.00     0.00 -1 -6.26e-16      0.00 8.063e-01 1.932e-01 8.863e-05 2.396e-05 2.176e-04 -1.000 4.956e-04 5.900 5.483 5.163 4.896 4.510 4.372 4.332 4.322 4.316 4.606 4.327 4.596 4.402 4.378 4.364 4.340 4.329 4.324 4.320 4.314 4.315 4.315 4.317 4.464
0.00059013 -1.42000 10.07918 0.6499999762 2.3520355225    0.650 -0.429  3.7500  4.631    1  0.000  0.543     0.00     0.00 -1  -2.8e-14      0.00 8.077e-01 1.918e-01 8.807e-05 2.381e-05 2.163e-04 -1.000 4.956e-04 5.841 5.429 5.114 4.851 4.469 4.334 4.296 4.287 4.281 4.565 4.292 4.554 4.363 4.340 4.327 4.304 4.293 4.289 4.286 4.279 4.280 4.279 4.282 4.424
0.00059013 -1.42000 10.07918 0.6607475281 2.3579816818    0.660 -0.380  3.7558  4.613    1  0.000  0.543     0.00     0.00 -1 -3.17e-14      0.00 8.114e-01 1.881e-01 8.666e-05 2.344e-05 2.130e-04 -1.000 4.956e-04 5.720 5.317 5.011 4.756 4.382 4.254 4.218 4.210 4.204 4.478 4.214 4.465 4.279 4.259 4.247 4.225 4.216 4.212 4.209 4.203 4.203 4.202 4.205 4.338
0.00059013 -1.42000 10.07918 0.6728475690 2.3644156456    0.673 -0.325  3.7622  4.591    1  0.000  0.542     0.00     0.00 -1 -3.66e-14      0.00 8.158e-01 1.837e-01 8.498e-05 2.299e-05 2.089e-04 -1.000 4.937e-04 5.582 5.188 4.893 4.646 4.281 4.159 4.127 4.121 4.115 4.376 4.124 4.361 4.181 4.163 4.153 4.133 4.126 4.123 4.120 4.114 4.114 4.111 4.115 4.238
0.00059013 -1.42000 10.07918 0.6839630008 2.3700959682    0.684 -0.273  3.7679  4.569    1  0.000  0.542     0.00     0.00 -1  -3.3e-14      0.00 8.201e-01 1.794e-01 8.334e-05 2.255e-05 2.050e-04 -1.000 4.762e-04 5.451 5.068 4.781 4.541 4.185 4.068 4.039 4.034 4.028 4.279 4.036 4.262 4.088 4.072 4.063 4.044 4.038 4.036 4.033 4.028 4.027 4.024 4.028 4.143
0.00059013 -1.42000 10.07918 0.6945608854 2.3753175735    0.694 -0.221  3.7732  4.546    1  0.000  0.542     0.00     0.00 -1 -1.85e-14      0.00 8.245e-01 1.751e-01 8.169e-05 2.211e-05 2.011e-04 -1.000 4.212e-04 5.323 4.949 4.671 4.438 4.089 3.978 3.951 3.947 3.941 4.182 3.949 4.164 3.995 3.981 3.973 3.956 3.951 3.949 3.946 3.941 3.941 3.937 3.941 4.048
0.00059013 -1.42000 10.07918 0.6999999881 2.3779268265    0.700 -0.195  3.7759  4.533    1  0.000  0.541     0.00     0.00 -1 -5.18e-14      0.00 8.269e-01 1.727e-01 8.082e-05 2.188e-05 1.990e-04 -1.000 4.084e-04 5.256 4.887 4.613 4.383 4.038 3.930 3.904 3.901 3.895 4.131 3.902 4.112 3.946 3.932 3.925 3.908 3.904 3.903 3.900 3.895 3.895 3.891 3.895 3.998
0.00059013 -1.42000 10.07918 0.7027952075 2.3792498112    0.702 -0.181  3.7772  4.526    1  0.000  0.541     0.00     0.00 -1 -5.37e-14      0.00 8.284e-01 1.712e-01 8.019e-05 2.173e-05 1.976e-04 -1.000 4.043e-04 5.222 4.855 4.582 4.354 4.011 3.904 3.879 3.876 3.870 4.104 3.877 4.084 3.919 3.907 3.899 3.883 3.879 3.878 3.875 3.870 3.870 3.866 3.870 3.971
0.00059013 -1.42000 10.07918 0.7136069536 2.3842546940    0.713 -0.125  3.7822  4.497    1  0.000  0.539     0.00     0.00 -1 -6.28e-14      0.00 8.343e-01 1.653e-01 7.774e-05 2.113e-05 1.924e-04 -1.000 3.956e-04 5.081 4.723 4.459 4.237 3.901 3.799 3.776 3.774 3.768 3.994 3.775 3.972 3.813 3.801 3.795 3.780 3.777 3.776 3.773 3.768 3.768 3.764 3.768 3.863
0.00059013 -1.42000 10.07918 0.7238340974 2.3888311386    0.723 -0.069  3.7868  4.465    1  0.000  0.537     0.00     0.00 -1 -7.35e-14      0.00 8.399e-01 1.597e-01 7.544e-05 2.057e-05 1.874e-04 -1.000 3.956e-04 4.942 4.591 4.335 4.118 3.789 3.692 3.671 3.669 3.664 3.881 3.670 3.858 3.704 3.694 3.688 3.674 3.672 3.671 3.668 3.664 3.664 3.660 3.664 3.752
0.00059013 -1.42000 10.07918 0.7327648997 2.3927073479    0.732 -0.017  3.7906  4.434    1  0.000  0.535     0.00     0.00 -1 -8.51e-14      0.00 8.447e-01 1.548e-01 7.347e-05 2.009e-05 1.831e-04 -1.000 4.213e-04 4.813 4.469 4.219 4.006 3.684 3.591 3.571 3.570 3.564 3.776 3.570 3.752 3.601 3.593 3.587 3.574 3.573 3.572 3.569 3.564 3.564 3.560 3.564 3.648
0.00059013 -1.42000 10.07918 0.7411913276 2.3962666988    0.741  0.034  3.7941  4.402    1  0.000  0.533     0.00     0.00 -1 -3.65e-14      0.00 8.492e-01 1.504e-01 7.165e-05 1.964e-05 1.792e-04 -1.000 4.088e-04 4.685 4.347 4.102 3.894 3.577 3.487 3.469 3.468 3.463 3.668 3.468 3.643 3.497 3.489 3.484 3.472 3.471 3.470 3.467 3.463 3.462 3.459 3.463 3.543
0.00059013 -1.42000 10.07918 0.7490767241 2.3995139599    0.748  0.085  3.7971  4.368    1  0.000  0.531     0.00     0.00 -1 -5.73e-14      0.00 8.533e-01 1.463e-01 7.004e-05 1.925e-05 1.757e-04 -1.000 3.956e-04 4.557 4.224 3.984 3.780 3.469 3.382 3.364 3.363 3.358 3.559 3.363 3.534 3.390 3.384 3.378 3.367 3.366 3.365 3.362 3.358 3.358 3.354 3.358 3.435
0.00059013 -1.42000 10.07918 0.7500000000 2.3998889923    0.749  0.091  3.7975  4.363    1  0.000  0.531     0.00     0.00 -1 -1.17e-13      0.00 8.537e-01 1.459e-01 6.986e-05 1.920e-05 1.753e-04 -1.000 3.957e-04 4.541 4.209 3.970 3.766 3.455 3.369 3.351 3.350 3.345 3.545 3.350 3.520 3.377 3.370 3.365 3.354 3.353 3.352 3.349 3.345 3.345 3.341 3.345 3.422
0.00059013 -1.42000 10.07918 0.7566358447 2.4025540352    0.756  0.137  3.7999  4.331    1  0.000  0.531     0.00     0.00 -1 -1.34e-13      0.00 8.557e-01 1.439e-01 6.927e-05 1.905e-05 1.739e-04 -1.000 3.956e-04 4.427 4.098 3.863 3.662 3.357 3.272 3.255 3.254 3.249 3.446 3.254 3.420 3.280 3.274 3.269 3.258 3.257 3.256 3.253 3.249 3.249 3.245 3.249 3.324
0.00059013 -1.42000 10.07918 0.7645079494 2.4056465626    0.764  0.195  3.8026  4.288    1  0.000  0.530     0.00     0.00 -1 -1.61e-13      0.00 8.578e-01 1.418e-01 6.868e-05 1.889e-05 1.726e-04 -1.000 3.918e-04 4.282 3.956 3.726 3.528 3.228 3.146 3.129 3.128 3.123 3.316 3.129 3.289 3.153 3.147 3.142 3.132 3.131 3.130 3.128 3.124 3.123 3.119 3.123 3.196
0.00059013 -1.42000 10.07918 0.7715445161 2.4083495140    0.771  0.251  3.8045  4.244    1  0.000  0.530     0.00     0.00 -1 -1.91e-13      0.00 8.594e-01 1.402e-01 6.831e-05 1.880e-05 1.719e-04 -1.000 4.062e-04 4.142 3.819 3.592 3.397 3.100 3.020 3.004 3.003 2.998 3.188 3.003 3.161 3.027 3.021 3.017 3.006 3.006 3.005 3.002 2.999 2.998 2.994 2.998 3.069
0.00059013 -1.42000 10.07918 0.7777111530 2.4106719494    0.777  0.304  3.8057  4.199    1  0.000  0.530     0.00     0.00 -1 -2.27e-13      0.00 8.590e-01 1.405e-01 6.858e-05 1.888e-05 1.726e-04 -1.000 4.259e-04 4.010 3.688 3.463 3.270 2.976 2.896 2.881 2.880 2.875 3.062 2.880 3.035 2.903 2.898 2.893 2.883 2.882 2.882 2.879 2.875 2.874 2.871 2.875 2.944
0.00059013 -1.42000 10.07918 0.7795807123 2.4113678932    0.779  0.321  3.8059  4.184    1  0.000  0.530     0.00     0.00 -1  -2.4e-13      0.00 8.589e-01 1.407e-01 6.868e-05 1.891e-05 1.729e-04 -1.000 4.317e-04 3.968 3.647 3.422 3.229 2.935 2.856 2.841 2.839 2.835 3.022 2.840 2.995 2.863 2.858 2.853 2.843 2.842 2.841 2.839 2.835 2.834 2.831 2.835 2.904
0.00059013 -1.42000 10.07918 0.7810946107 2.4119284153    0.780  0.336  3.8058  4.170    1  0.000  0.529     0.00     0.00 -1 -2.52e-13      0.00 8.587e-01 1.408e-01 6.877e-05 1.893e-05 1.731e-04 -1.000 4.347e-04 3.931 3.609 3.385 3.191 2.898 2.818 2.803 2.802 2.797 2.984 2.802 2.957 2.825 2.820 2.815 2.805 2.804 2.804 2.801 2.798 2.797 2.793 2.797 2.866
0.00059013 -1.42000 10.07918 0.7869698405 2.4140806198    0.786  0.396  3.8045  4.107    1  0.000  0.529     0.00     0.00 -1 -1.91e-13      0.00 8.582e-01 1.414e-01 6.914e-05 1.904e-05 1.741e-04 -1.000 4.475e-04 3.779 3.455 3.228 3.033 2.738 2.657 2.642 2.640 2.635 2.825 2.641 2.798 2.664 2.659 2.654 2.644 2.643 2.642 2.639 2.636 2.635 2.631 2.635 2.706
0.00059013 -1.42000 10.07918 0.7914269567 2.4156889915    0.790  0.449  3.8015  4.044    1  0.000  0.529     0.00     0.00 -1 -9.95e-14      0.00 8.578e-01 1.418e-01 6.942e-05 1.911e-05 1.748e-04 -1.000 4.583e-04 3.647 3.318 3.087 2.887 2.587 2.503 2.488 2.486 2.480 2.674 2.487 2.648 2.511 2.505 2.500 2.490 2.489 2.488 2.485 2.481 2.480 2.476 2.480 2.554
0.00059013 -1.42000 10.07918 0.7921859026 2.4159607887    0.791  0.459  3.8007  4.032    1  0.000  0.529     0.00     0.00 -1 -9.06e-14      0.00 8.577e-01 1.418e-01 6.946e-05 1.913e-05 1.749e-04 -1.000 4.602e-04 3.622 3.292 3.059 2.859 2.557 2.473 2.457 2.455 2.450 2.645 2.456 2.618 2.481 2.475 2.470 2.459 2.458 2.457 2.454 2.450 2.450 2.446 2.450 2.524
0.00059013 -1.42000 10.07918 0.7935729027 2.4164559841    0.792  0.479  3.7985  4.004    2  0.000  0.529     0.00     0.00 -1 -1.27e-13      0.00 8.575e-01 1.420e-01 6.959e-05 1.916e-05 1.753e-04 -1.000 4.608e-04 3.573 3.239 3.003 2.800 2.494 2.408 2.392 2.390 2.384 2.582 2.391 2.556 2.417 2.410 2.405 2.394 2.393 2.392 2.389 2.385 2.384 2.380 2.384 2.461
0.00059013 -1.42000 10.07918 0.7963057160 2.4174256325    0.795  0.522  3.7924  3.938    2  0.000  0.529     0.00     0.00 -1  -2.5e-13      0.00 8.572e-01 1.424e-01 6.982e-05 1.923e-05 1.759e-04 -1.000 4.653e-04 3.465 3.121 2.875 2.664 2.347 2.255 2.238 2.236 2.230 2.437 2.237 2.413 2.266 2.257 2.252 2.241 2.239 2.238 2.235 2.231 2.230 2.226 2.229 2.312
0.00059013 -1.42000 10.07918 0.7982971072 2.4181275368    0.797  0.559  3.7848  3.872    2  0.000  0.529     0.00     0.00 -1 -4.25e-13      0.00 8.555e-01 1.441e-01 7.089e-05 1.952e-05 1.785e-04 -1.000 4.474e-04 3.374 3.018 2.760 2.539 2.209 2.110 2.091 2.088 2.082 2.301 2.089 2.278 2.122 2.112 2.106 2.094 2.091 2.090 2.087 2.082 2.082 2.077 2.081 2.171
0.00059013 -1.42000 10.07918 0.7998143435 2.4186596870    0.798  0.590  3.7765  3.809    2  0.000  0.530     0.00     0.00 -1 -6.52e-13      0.00 8.372e-01 1.624e-01 7.880e-05 2.167e-05 1.979e-04 -1.000 4.687e-04 3.296 2.929 2.657 2.425 2.079 1.973 1.952 1.948 1.942 2.174 1.950 2.153 1.988 1.975 1.969 1.956 1.952 1.950 1.947 1.942 1.942 1.937 1.941 2.040
0.00059013 -1.42000 10.07918 0.8000000715 2.4187245369    0.798  0.594  3.7752  3.800    2  0.000  0.531     0.00     0.00 -1 -6.89e-13      0.00 8.332e-01 1.664e-01 8.026e-05 2.206e-05 2.015e-04 -1.000 4.751e-04 3.286 2.917 2.643 2.409 2.061 1.954 1.932 1.928 1.922 2.156 1.930 2.136 1.969 1.956 1.950 1.936 1.932 1.930 1.927 1.922 1.922 1.917 1.921 2.021
0.00059013 -1.42000 10.07918 0.8010887504 2.4191048145    0.800  0.618  3.7677  3.746    2  0.000  0.533     0.00     0.00 -1 -7.75e-13      0.00 8.098e-01 1.897e-01 8.888e-05 2.438e-05 2.223e-04 -1.000 5.099e-04 3.226 2.847 2.561 2.317 1.955 1.839 1.816 1.811 1.805 2.051 1.814 2.033 1.857 1.842 1.835 1.820 1.816 1.814 1.810 1.805 1.805 1.801 1.804 1.913
0.00059013 -1.42000 10.07918 0.8020508289 2.4194395542    0.800  0.643  3.7596  3.689    2  0.000  0.535     0.00     0.00 -1 -8.77e-13      0.00 7.906e-01 2.089e-01 9.542e-05 2.613e-05 2.379e-04 -1.000 5.223e-04 3.162 2.773 2.473 2.219 1.842 1.718 1.692 1.687 1.680 1.940 1.690 1.924 1.739 1.722 1.714 1.698 1.692 1.690 1.686 1.680 1.680 1.677 1.680 1.798
0.00059013 -1.42000 10.07918 0.8029296398 2.4197447300    0.801  0.675  3.7521  3.627    2  0.000  0.536     0.00     0.00 -1 -1.01e-12      0.00 7.793e-01 2.201e-01 9.928e-05 2.716e-05 2.471e-04 -1.000 5.489e-04 3.082 2.684 2.372 2.107 1.716 1.585 1.556 1.550 1.543 1.816 1.554 1.802 1.607 1.588 1.580 1.562 1.556 1.553 1.549 1.543 1.543 1.540 1.543 1.669
0.00059013 -1.42000 10.07918 0.8036131859 2.4199817181    0.802  0.710  3.7468  3.571    2  0.000  0.536     0.00     0.00 -1 -1.17e-12      0.00 7.735e-01 2.259e-01 1.013e-04 2.770e-05 2.519e-04 -1.000 5.729e-04 2.995 2.592 2.271 1.998 1.598 1.461 1.431 1.424 1.417 1.698 1.428 1.686 1.485 1.464 1.455 1.437 1.430 1.427 1.423 1.417 1.417 1.415 1.418 1.549
0.00059013 -1.42000 10.07918 0.8042693138 2.4202084541    0.802  0.752  3.7425  3.513    2  0.000  0.536     0.00     0.00 -1 -1.38e-12      0.00 7.695e-01 2.299e-01 1.026e-04 2.806e-05 2.551e-04 -1.000 5.434e-04 2.890 2.483 2.154 1.875 1.466 1.325 1.294 1.287 1.281 1.568 1.291 1.558 1.351 1.329 1.319 1.301 1.293 1.289 1.285 1.279 1.280 1.279 1.281 1.417
0.00059013 -1.42000 10.07918 0.8043781519 2.4202461243    0.803  0.760  3.7420  3.502    2  0.000  0.537     0.00     0.00 -1 -1.43e-12      0.00 7.690e-01 2.304e-01 1.028e-04 2.810e-05 2.555e-04 -1.000 5.583e-04 2.869 2.462 2.132 1.852 1.442 1.300 1.269 1.262 1.255 1.544 1.266 1.534 1.326 1.304 1.294 1.276 1.268 1.264 1.260 1.254 1.255 1.254 1.256 1.392
0.00059013 -1.42000 10.07918 0.8049511909 2.4204437733    0.803  0.806  3.7392  3.445    3  0.000  0.537     0.00     0.00 -1 -1.68e-12      0.00 7.662e-01 2.332e-01 1.036e-04 2.832e-05 2.574e-04 -1.000 6.123e-04 2.755 2.345 2.010 1.726 1.311 1.166 1.134 1.127 1.120 1.413 1.131 1.404 1.193 1.170 1.160 1.141 1.133 1.129 1.125 1.119 1.119 1.119 1.121 1.260
0.00059013 -1.42000 10.07918 0.8054340482 2.4206101894    0.804  0.848  3.7371  3.395    3  0.000  0.537     0.00     0.00 -1 -1.96e-12      0.00 7.642e-01 2.353e-01 1.042e-04 2.847e-05 2.587e-04 -1.000 5.679e-04 2.650 2.238 1.899 1.612 1.193 1.046 1.014 1.006 1.000 1.296 1.010 1.287 1.074 1.050 1.040 1.021 1.012 1.008 1.004 0.998 0.999 0.999 1.001 1.142
0.00059013 -1.42000 10.07918 0.8059699535 2.4207944870    0.804  0.899  3.7351  3.337    3  0.000  0.537     0.00     0.00 -1 -2.36e-12      0.00 7.620e-01 2.375e-01 1.047e-04 2.860e-05 2.600e-04 -1.000 5.823e-04 2.523 2.110 1.768 1.477 1.054 0.904 0.872 0.864 0.859 1.158 0.868 1.150 0.933 0.909 0.899 0.880 0.870 0.866 0.862 0.856 0.857 0.858 0.860 1.002
0.00059013 -1.42000 10.07918 0.8064652681 2.4209647179    0.804  0.949  3.7332  3.279    3  0.000  0.537     0.00     0.00 -1 -2.83e-12      0.00 7.600e-01 2.394e-01 1.050e-04 2.871e-05 2.609e-04 -1.000 5.961e-04 2.396 1.982 1.637 1.343 0.916 0.765 0.732 0.723 0.718 1.020 0.728 1.013 0.794 0.769 0.759 0.740 0.730 0.726 0.722 0.715 0.717 0.719 0.720 0.864
0.00059013 -1.42000 10.07918 0.8069622517 2.4211351871    0.805  1.005  3.7314  3.217    3  0.000  0.537     0.00     0.00 -1 -3.45e-12      0.00 7.579e-01 2.414e-01 1.054e-04 2.882e-05 2.618e-04 -1.000 6.119e-04 2.259 1.843 1.495 1.198 0.767 0.614 0.581 0.572 0.568 0.872 0.577 0.866 0.644 0.618 0.608 0.589 0.579 0.575 0.571 0.564 0.566 0.569 0.570 0.714
0.00059013 -1.42000 10.07918 0.8074024916 2.4212861061    0.805  1.058  3.7298  3.157    3  0.000  0.536     0.00     0.00 -1 -4.17e-12      0.00 7.562e-01 2.432e-01 1.055e-04 2.892e-05 2.624e-04 -1.000 5.854e-04 2.126 1.709 1.358 1.059 0.624 0.469 0.436 0.427 0.423 0.730 0.432 0.723 0.500 0.473 0.463 0.444 0.434 0.430 0.426 0.419 0.421 0.424 0.425 0.571
0.00059013 -1.42000 10.07918 0.8077760339 2.4214138985    0.805  1.107  3.7283  3.102    3  0.000  0.535     0.00     0.00 -1 -4.98e-12      0.00 7.546e-01 2.448e-01 1.054e-04 2.905e-05 2.629e-04 -1.000 5.791e-04 2.003 1.585 1.231 0.930 0.492 0.335 0.302 0.293 0.289 0.598 0.298 0.592 0.366 0.340 0.329 0.311 0.300 0.296 0.292 0.285 0.287 0.291 0.291 0.438
0.00059013 -1.42000 10.07918 0.8080683947 2.4215137959    0.806  1.148  3.7270  3.056    3  0.000  0.534     0.00     0.00 -1 -5.78e-12      0.00 7.534e-01 2.460e-01 1.053e-04 2.921e-05 2.632e-04 -1.000 5.692e-04 1.899 1.481 1.125 0.821 0.381 0.223 0.189 0.180 0.176 0.487 0.186 0.482 0.254 0.227 0.217 0.198 0.188 0.183 0.179 0.172 0.174 0.178 0.179 0.326
0.00059013 -1.42000 10.07918 0.8083921671 2.4216244221    0.806  1.198  3.7255  3.000    3  0.000  0.532     0.00     0.00 -1 -6.91e-12      0.00 7.521e-01 2.473e-01 1.050e-04 2.948e-05 2.635e-04 -1.000 6.123e-04 1.774 1.355 0.996 0.690 0.246 0.087 0.053 0.043 0.040 0.353 0.049 0.348 0.118 0.091 0.081 0.062 0.051 0.046 0.042 0.035 0.038 0.042 0.042 0.191
0.00059013 -1.42000 10.07918 0.8087016940 2.4217300415    0.806  1.251  3.7238  2.941    3  0.000  0.529     0.00     0.00 -1 -8.34e-12      0.00 7.510e-01 2.484e-01 1.046e-04 2.988e-05 2.638e-04 -1.000 5.778e-04 1.643 1.223 0.860 0.552 0.105 -0.056 -0.090 -0.100 -0.103 0.212 -0.094 0.208 -0.024 -0.052 -0.062 -0.081 -0.092 -0.097 -0.101 -0.108 -0.106 -0.101 -0.101 0.050
0.00059013 -1.42000 10.07918 0.8089820743 2.4218256474    0.806  1.303  3.7221  2.882    3  0.000  0.526     0.00     0.00 -1 -1.01e-11      0.00 7.501e-01 2.493e-01 1.041e-04 3.034e-05 2.639e-04 -1.000 5.982e-04 1.513 1.092 0.726 0.415 -0.036 -0.199 -0.233 -0.243 -0.246 0.072 -0.238 0.068 -0.167 -0.195 -0.205 -0.224 -0.236 -0.241 -0.245 -0.252 -0.249 -0.243 -0.243 -0.092
0.00059013 -1.42000 10.07918 0.8092268705 2.4219090939    0.806  1.353  3.7204  2.825    3  0.000  0.524     0.00     0.00 -1 -1.21e-11      0.00 7.494e-01 2.500e-01 1.037e-04 3.079e-05 2.641e-04 -1.000 5.966e-04 1.388 0.966 0.598 0.284 -0.170 -0.336 -0.370 -0.380 -0.383 -0.063 -0.374 -0.065 -0.303 -0.331 -0.342 -0.361 -0.373 -0.378 -0.382 -0.389 -0.386 -0.378 -0.379 -0.227
0.00059013 -1.42000 10.07918 0.8094481826 2.4219844341    0.806  1.402  3.7187  2.769    3  0.000  0.522     0.00     0.00 -1 -1.44e-11      0.00 7.489e-01 2.505e-01 1.033e-04 3.117e-05 2.642e-04 -1.000 6.108e-04 1.265 0.842 0.470 0.154 -0.304 -0.472 -0.506 -0.517 -0.519 -0.196 -0.511 -0.198 -0.438 -0.467 -0.478 -0.496 -0.509 -0.514 -0.518 -0.525 -0.522 -0.514 -0.515 -0.361
0.00059013 -1.42000 10.07918 0.8096472621 2.4220521450    0.806  1.451  3.7169  2.714    3  0.000  0.521     0.00     0.00 -1 -1.72e-11      0.00 7.485e-01 2.509e-01 1.030e-04 3.146e-05 2.643e-04 -1.000 5.945e-04 1.143 0.720 0.345 0.026 -0.436 -0.606 -0.640 -0.651 -0.653 -0.328 -0.645 -0.329 -0.572 -0.602 -0.612 -0.631 -0.644 -0.649 -0.653 -0.660 -0.656 -0.647 -0.648 -0.494
0.00059013 -1.42000 10.07918 0.8098320961 2.4221150875    0.806  1.501  3.7151  2.657    3  0.000  0.520     0.00     0.00 -1 -2.06e-11      0.00 7.483e-01 2.511e-01 1.029e-04 3.165e-05 2.644e-04 -1.000 6.004e-04 1.019 0.595 0.217 -0.106 -0.571 -0.743 -0.778 -0.789 -0.790 -0.463 -0.783 -0.463 -0.709 -0.739 -0.750 -0.768 -0.781 -0.786 -0.791 -0.798 -0.794 -0.783 -0.785 -0.630
0.00059013 -1.42000 10.07918 0.8099957108 2.4221706390    0.806  1.549  3.7132  2.601    3  0.000  0.519     0.00     0.00 -1 -2.45e-11      0.00 7.481e-01 2.512e-01 1.028e-04 3.176e-05 2.644e-04 -1.000 6.005e-04 0.898 0.474 0.092 -0.234 -0.704 -0.878 -0.913 -0.924 -0.925 -0.595 -0.918 -0.594 -0.843 -0.874 -0.885 -0.903 -0.916 -0.921 -0.926 -0.933 -0.929 -0.917 -0.919 -0.763
0.00059013 -1.42000 10.07918 0.8101482987 2.4222226143    0.806  1.598  3.7113  2.544    3  0.000  0.519     0.00     0.00 -1 -2.94e-11      0.00 7.481e-01 2.513e-01 1.028e-04 3.179e-05 2.644e-04 -1.000 6.006e-04 0.774 0.350 -0.036 -0.365 -0.839 -1.015 -1.050 -1.062 -1.062 -0.730 -1.056 -0.728 -0.979 -1.011 -1.022 -1.040 -1.054 -1.059 -1.064 -1.071 -1.066 -1.053 -1.056 -0.899
0.00059013 -1.42000 10.07918 0.8102832437 2.4222683907    0.806  1.646  3.7094  2.488    3  0.000  0.519     0.00     0.00 -1  -3.5e-11      0.00 7.481e-01 2.513e-01 1.028e-04 3.181e-05 2.644e-04 -1.000 6.006e-04 0.655 0.230 -0.159 -0.491 -0.970 -1.149 -1.184 -1.196 -1.196 -0.861 -1.190 -0.857 -1.112 -1.144 -1.156 -1.174 -1.188 -1.193 -1.198 -1.205 -1.200 -1.186 -1.189 -1.031
0.00059013 -1.42000 10.07918 0.8104034662 2.4223091602    0.806  1.693  3.7075  2.434    3  0.000  0.519     0.00     0.00 -1 -4.15e-11      0.00 7.481e-01 2.513e-01 1.028e-04 3.182e-05 2.644e-04 -1.000 6.007e-04 0.538 0.114 -0.280 -0.615 -1.098 -1.279 -1.314 -1.327 -1.326 -0.988 -1.320 -0.984 -1.242 -1.275 -1.286 -1.304 -1.319 -1.324 -1.329 -1.336 -1.330 -1.315 -1.318 -1.160
0.00059013 -1.42000 10.07918 0.8105149269 2.4223470688    0.806  1.740  3.7055  2.379    3  0.000  0.519     0.00     0.00 -1 -4.92e-11      0.00 7.481e-01 2.513e-01 1.027e-04 3.183e-05 2.644e-04 -1.000 6.008e-04 0.421 -0.004 -0.401 -0.740 -1.227 -1.410 -1.446 -1.459 -1.457 -1.117 -1.452 -1.112 -1.373 -1.406 -1.418 -1.435 -1.451 -1.456 -1.461 -1.468 -1.462 -1.445 -1.449 -1.289
0.00059013 -1.42000 10.07918 0.8106139302 2.4223806858    0.806  1.785  3.7035  2.325    3  0.000  0.519     0.00     0.00 -1 -5.81e-11      0.00 7.481e-01 2.513e-01 1.027e-04 3.184e-05 2.644e-04 -1.000 6.008e-04 0.307 -0.118 -0.519 -0.861 -1.353 -1.539 -1.574 -1.588 -1.585 -1.242 -1.581 -1.236 -1.500 -1.534 -1.546 -1.563 -1.579 -1.585 -1.590 -1.597 -1.591 -1.572 -1.576 -1.416
0.00059013 -1.42000 10.07918 0.8107072115 2.4224123955    0.806  1.831  3.7014  2.270    3  0.000  0.519     0.00     0.00 -1 -6.89e-11      0.00 7.481e-01 2.513e-01 1.027e-04 3.185e-05 2.644e-04 -1.000 6.009e-04 0.191 -0.234 -0.639 -0.985 -1.481 -1.669 -1.706 -1.720 -1.716 -1.370 -1.712 -1.362 -1.630 -1.665 -1.677 -1.693 -1.711 -1.716 -1.721 -1.729 -1.722 -1.702 -1.706 -1.545
0.00059013 -1.42000 10.07918 0.8107913136 2.4224407673    0.805  1.877  3.6994  2.217    3  0.000  0.519     0.00     0.00 -1 -8.13e-11      0.00 7.481e-01 2.513e-01 1.027e-04 3.185e-05 2.644e-04 -1.000 6.009e-04 0.079 -0.346 -0.756 -1.105 -1.606 -1.797 -1.833 -1.848 -1.843 -1.494 -1.840 -1.486 -1.757 -1.792 -1.804 -1.820 -1.839 -1.845 -1.850 -1.857 -1.850 -1.828 -1.832 -1.671
0.00059013 -1.42000 10.07918 0.8108698726 2.4224674702    0.805  1.922  3.6972  2.163    3  0.000  0.519     0.00     0.00 -1  -9.6e-11      0.00 7.481e-01 2.513e-01 1.027e-04 3.186e-05 2.644e-04 -1.000 6.010e-04 -0.034 -0.459 -0.874 -1.226 -1.732 -1.925 -1.962 -1.977 -1.971 -1.620 -1.968 -1.610 -1.884 -1.920 -1.933 -1.948 -1.968 -1.974 -1.979 -1.986 -1.979 -1.955 -1.959 -1.797
0.00059013 -1.42000 10.07918 0.8109451532 2.4224929810    0.805  1.967  3.6951  2.109    3  0.000  0.519     0.00     0.00 -1 -1.13e-10      0.00 7.481e-01 2.513e-01 1.027e-04 3.187e-05 2.644e-04 -1.000 6.010e-04 -0.148 -0.572 -0.991 -1.347 -1.858 -2.054 -2.091 -2.106 -2.100 -1.745 -2.098 -1.735 -2.012 -2.049 -2.061 -2.076 -2.097 -2.103 -2.108 -2.116 -2.108 -2.082 -2.087 -1.924
0.00059013 -1.42000 10.07918 0.8110223413 2.4225192070    0.804  2.009  3.6930  2.059    3  0.000  0.519     0.00     0.00 -1 -1.32e-10      0.00 7.480e-01 2.514e-01 1.027e-04 3.187e-05 2.644e-04 -1.000 6.010e-04 -0.252 -0.675 -1.098 -1.458 -1.974 -2.173 -2.209 -2.225 -2.218 -1.861 -2.217 -1.849 -2.130 -2.168 -2.180 -2.194 -2.216 -2.222 -2.227 -2.235 -2.227 -2.198 -2.204 -2.041
0.00059013 -1.42000 10.07918 0.8110925555 2.4225430489    0.804  2.037  3.6918  2.026    3  0.000  0.519     0.00     0.00 -1 -1.47e-10      0.00 7.480e-01 2.514e-01 1.027e-04 3.188e-05 2.644e-04 -1.000 6.011e-04 -0.322 -0.744 -1.170 -1.532 -2.052 -2.252 -2.288 -2.304 -2.296 -1.938 -2.295 -1.925 -2.208 -2.246 -2.259 -2.272 -2.295 -2.301 -2.306 -2.314 -2.305 -2.275 -2.282 -2.118
0.00059013 -1.42000 10.07918 0.8111347556 2.4225571156    0.804  2.023  3.6927  2.043    3  0.000  0.519     0.00     0.00 -1 -1.41e-10      0.00 7.480e-01 2.514e-01 1.027e-04 3.188e-05 2.644e-04 -1.000 6.011e-04 -0.288 -0.712 -1.135 -1.495 -2.013 -2.212 -2.248 -2.264 -2.257 -1.899 -2.255 -1.887 -2.169 -2.206 -2.219 -2.233 -2.255 -2.261 -2.266 -2.274 -2.265 -2.236 -2.242 -2.079
0.00059013 -1.42000 10.07918 0.8111495376 2.4225621223    0.804  2.019  3.6931  2.049    3  0.000  0.519     0.00     0.00 -1 -1.39e-10      0.00 7.480e-01 2.514e-01 1.027e-04 3.189e-05 2.644e-04 -1.000 6.011e-04 -0.276 -0.700 -1.123 -1.482 -1.999 -2.197 -2.234 -2.250 -2.242 -1.885 -2.241 -1.874 -2.155 -2.192 -2.205 -2.218 -2.240 -2.246 -2.252 -2.259 -2.251 -2.222 -2.228 -2.065
0.00059013 -1.42000 10.07918 0.8111987710 2.4225788116    0.803  2.059  3.6911  2.001    3  0.000  0.519     0.00     0.00 -1 -1.59e-10      0.00 7.480e-01 2.514e-01 1.027e-04 3.189e-05 2.644e-04 -1.000 6.011e-04 -0.376 -0.799 -1.225 -1.589 -2.110 -2.311 -2.347 -2.364 -2.356 -1.996 -2.355 -1.983 -2.268 -2.306 -2.319 -2.331 -2.355 -2.361 -2.366 -2.374 -2.365 -2.334 -2.340 -2.177
0.00059013 -1.42000 10.07918 0.8112453222 2.4225947857    0.803  2.099  3.6890  1.952    3  0.000  0.519     0.00     0.00 -1 -1.84e-10      0.00 7.480e-01 2.514e-01 1.027e-04 3.189e-05 2.644e-04 -1.000 6.012e-04 -0.476 -0.898 -1.329 -1.696 -2.222 -2.426 -2.462 -2.480 -2.470 -2.108 -2.470 -2.094 -2.382 -2.420 -2.433 -2.445 -2.470 -2.477 -2.482 -2.490 -2.480 -2.447 -2.454 -2.290
0.00059013 -1.42000 10.07918 0.8112907410 2.4226100445    0.802  2.140  3.6868  1.902    3  0.000  0.518     0.00     0.00 -1 -2.15e-10      0.00 7.480e-01 2.514e-01 1.027e-04 3.190e-05 2.644e-04 -1.000 6.011e-04 -0.580 -1.001 -1.436 -1.807 -2.339 -2.546 -2.582 -2.600 -2.590 -2.224 -2.590 -2.209 -2.500 -2.540 -2.553 -2.564 -2.590 -2.597 -2.602 -2.610 -2.600 -2.564 -2.571 -2.408
0.00059013 -1.42000 10.07918 0.8113329411 2.4226243496    0.802  2.182  3.6846  1.851    3  0.000  0.518     0.00     0.00 -1 -2.51e-10      0.00 7.480e-01 2.514e-01 1.027e-04 3.190e-05 2.644e-04 -1.000 6.012e-04 -0.684 -1.104 -1.544 -1.919 -2.456 -2.665 -2.702 -2.721 -2.709 -2.341 -2.710 -2.325 -2.619 -2.660 -2.673 -2.683 -2.711 -2.718 -2.723 -2.731 -2.720 -2.681 -2.689 -2.526
0.00059013 -1.42000 10.07918 0.8113705516 2.4226369858    0.802  2.222  3.6824  1.802    3  0.000  0.518     0.00     0.00 -1 -2.91e-10      0.00 7.480e-01 2.514e-01 1.027e-04 3.191e-05 2.644e-04 -1.000 6.013e-04 -0.785 -1.203 -1.648 -2.027 -2.569 -2.781 -2.818 -2.838 -2.825 -2.453 -2.826 -2.436 -2.734 -2.775 -2.789 -2.798 -2.827 -2.834 -2.840 -2.848 -2.837 -2.794 -2.803 -2.640
0.00059013 -1.42000 10.07918 0.8114055395 2.4226489067    0.801  2.262  3.6802  1.753    3  0.000  0.518     0.00     0.00 -1 -3.38e-10      0.00 7.480e-01 2.514e-01 1.027e-04 3.191e-05 2.644e-04 -1.000 6.012e-04 -0.884 -1.300 -1.750 -2.133 -2.681 -2.897 -2.933 -2.954 -2.940 -2.565 -2.942 -2.547 -2.849 -2.891 -2.905 -2.912 -2.943 -2.950 -2.956 -2.964 -2.952 -2.907 -2.917 -2.753
0.00059013 -1.42000 10.07918 0.8114378452 2.4226598740    0.800  2.301  3.6778  1.703    3  0.000  0.518     0.00     0.00 -1 -3.92e-10      0.00 7.480e-01 2.514e-01 1.027e-04 3.191e-05 2.644e-04 -1.000 6.013e-04 -0.983 -1.397 -1.852 -2.239 -2.793 -3.012 -3.048 -3.070 -3.054 -2.677 -3.057 -2.657 -2.963 -3.005 -3.020 -3.025 -3.059 -3.066 -3.072 -3.080 -3.068 -3.019 -3.030 -2.866
0.00059013 -1.42000 10.07918 0.8114679456 2.4226701260    0.800  2.341  3.6756  1.655    3  0.000  0.518     0.00     0.00 -1 -4.54e-10      0.00 7.480e-01 2.514e-01 1.027e-04 3.191e-05 2.644e-04 -1.000 6.013e-04 -1.082 -1.493 -1.953 -2.345 -2.904 -3.126 -3.161 -3.185 -3.168 -2.787 -3.172 -2.767 -3.076 -3.119 -3.135 -3.138 -3.174 -3.181 -3.187 -3.196 -3.182 -3.131 -3.142 -2.977
0.00059013 -1.42000 10.07918 0.8114948273 2.4226791859    0.799  2.378  3.6733  1.608    3  0.000  0.518     0.00     0.00 -1 -5.23e-10      0.00 7.480e-01 2.514e-01 1.027e-04 3.192e-05 2.644e-04 -1.000 6.012e-04 -1.176 -1.584 -2.049 -2.446 -3.012 -3.236 -3.272 -3.296 -3.278 -2.894 -3.282 -2.872 -3.185 -3.230 -3.245 -3.246 -3.286 -3.292 -3.298 -3.307 -3.293 -3.238 -3.250 -3.086
0.00059013 -1.42000 10.07918 0.8115199804 2.4226877689    0.798  2.416  3.6711  1.560    3  0.000  0.518     0.00     0.00 -1 -6.02e-10      0.00 7.480e-01 2.514e-01 1.027e-04 3.192e-05 2.644e-04 -1.000 6.013e-04 -1.271 -1.676 -2.147 -2.548 -3.119 -3.347 -3.382 -3.408 -3.388 -3.001 -3.393 -2.978 -3.295 -3.340 -3.356 -3.355 -3.397 -3.404 -3.410 -3.419 -3.404 -3.346 -3.359 -3.194
0.00059013 -1.42000 10.07918 0.8115485907 2.4226973057    0.798  2.462  3.6682  1.502    3  0.000  0.518     0.00     0.00 -1 -7.16e-10      0.00 7.480e-01 2.514e-01 1.027e-04 3.192e-05 2.644e-04 -1.000 6.014e-04 -1.386 -1.788 -2.265 -2.672 -3.251 -3.483 -3.517 -3.545 -3.523 -3.132 -3.529 -3.107 -3.429 -3.476 -3.492 -3.488 -3.534 -3.541 -3.547 -3.556 -3.540 -3.478 -3.492 -3.327
0.00059013 -1.42000 10.07918 0.8115741611 2.4227058887    0.797  2.507  3.6655  1.446    3  0.000  0.518     0.00     0.00 -1 -8.49e-10      0.00 7.480e-01 2.514e-01 1.027e-04 3.192e-05 2.644e-04 -1.000 6.013e-04 -1.498 -1.896 -2.379 -2.792 -3.378 -3.614 -3.648 -3.677 -3.654 -3.259 -3.660 -3.233 -3.558 -3.607 -3.623 -3.617 -3.666 -3.673 -3.679 -3.688 -3.672 -3.605 -3.620 -3.455
0.00059013 -1.42000 10.07918 0.8115980625 2.4227139950    0.795  2.552  3.6626  1.388    3  0.000  0.518     0.00     0.00 -1 -1.01e-09      0.00 7.480e-01 2.514e-01 1.027e-04 3.193e-05 2.644e-04 -1.000 6.013e-04 -1.611 -2.004 -2.495 -2.913 -3.507 -3.747 -3.780 -3.812 -3.786 -3.388 -3.794 -3.360 -3.690 -3.740 -3.756 -3.747 -3.800 -3.807 -3.814 -3.823 -3.806 -3.734 -3.750 -3.586
0.00059013 -1.42000 10.07918 0.8116192818 2.4227211475    0.794  2.596  3.6598  1.334    3  0.000  0.518     0.00     0.00 -1 -1.19e-09      0.00 7.480e-01 2.514e-01 1.027e-04 3.193e-05 2.644e-04 -1.000 6.013e-04 -1.719 -2.108 -2.605 -3.030 -3.631 -3.874 -3.907 -3.940 -3.913 -3.511 -3.921 -3.481 -3.816 -3.867 -3.884 -3.871 -3.929 -3.936 -3.942 -3.952 -3.934 -3.857 -3.874 -3.710
0.00059013 -1.42000 10.07918 0.8116388321 2.4227278233    0.793  2.638  3.6569  1.278    3  0.000  0.518     0.00     0.00 -1 -1.39e-09      0.00 7.480e-01 2.514e-01 1.027e-04 3.193e-05 2.644e-04 -1.000 6.013e-04 -1.826 -2.210 -2.714 -3.146 -3.754 -4.002 -4.034 -4.069 -4.040 -3.634 -4.049 -3.602 -3.942 -3.994 -4.012 -3.995 -4.057 -4.064 -4.071 -4.081 -4.063 -3.980 -3.999 -3.835
0.00059013 -1.42000 10.07918 0.8116575480 2.4227342606    0.792  2.683  3.6540  1.222    3  0.000  0.518     0.00     0.00 -1 -1.65e-09      0.00 7.480e-01 2.514e-01 1.027e-04 3.193e-05 2.644e-04 -1.000 6.014e-04 -1.936 -2.316 -2.827 -3.265 -3.881 -4.133 -4.164 -4.202 -4.171 -3.760 -4.180 -3.727 -4.072 -4.125 -4.143 -4.123 -4.190 -4.197 -4.204 -4.214 -4.195 -4.106 -4.126 -3.963
0.00059013 -1.42000 10.07918 0.8116737604 2.4227397442    0.790  2.724  3.6512  1.169    3  0.000  0.518     0.00     0.00 -1 -1.93e-09      0.00 7.480e-01 2.514e-01 1.027e-04 3.193e-05 2.644e-04 -1.000 6.014e-04 -2.039 -2.411 -2.930 -3.375 -3.999 -4.255 -4.285 -4.325 -4.293 -3.878 -4.303 -3.843 -4.192 -4.247 -4.266 -4.241 -4.313 -4.320 -4.327 -4.338 -4.318 -4.225 -4.245 -4.082
0.00059013 -1.42000 10.07918 0.8116890192 2.4227447510    0.788  2.765  3.6483  1.115    3  0.000  0.518     0.00     0.00 -1 -2.26e-09      0.00 7.480e-01 2.514e-01 1.027e-04 3.193e-05 2.644e-04 -1.000 6.014e-04 -2.143 -2.507 -3.034 -3.485 -4.118 -4.379 -4.408 -4.450 -4.416 -3.996 -4.426 -3.959 -4.313 -4.370 -4.389 -4.361 -4.438 -4.445 -4.452 -4.464 -4.443 -4.344 -4.366 -4.202
0.00059013 -1.42000 10.07918 0.8117034435 2.4227497578    0.787  2.807  3.6454  1.060    3  0.000  0.518     0.00     0.00 -1 -2.65e-09      0.00 7.480e-01 2.514e-01 1.027e-04 3.194e-05 2.644e-04 -1.000 6.013e-04 -2.248 -2.604 -3.139 -3.598 -4.239 -4.504 -4.532 -4.577 -4.541 -4.117 -4.552 -4.078 -4.437 -4.495 -4.515 -4.483 -4.564 -4.572 -4.579 -4.591 -4.569 -4.465 -4.488 -4.324
0.00059013 -1.42000 10.07918 0.8117159009 2.4227540493    0.785  2.846  3.6426  1.010    3  0.000  0.518     0.00     0.00 -1 -3.08e-09      0.00 7.480e-01 2.514e-01 1.027e-04 3.194e-05 2.644e-04 -1.000 6.013e-04 -2.345 -2.693 -3.235 -3.701 -4.350 -4.620 -4.647 -4.694 -4.656 -4.228 -4.668 -4.187 -4.551 -4.611 -4.631 -4.595 -4.681 -4.689 -4.696 -4.708 -4.686 -4.577 -4.600 -4.436
0.00059013 -1.42000 10.07918 0.8117279410 2.4227581024    0.783  2.886  3.6398  0.957    3  0.000  0.518     0.00     0.00 -1 -3.59e-09      0.00 7.480e-01 2.514e-01 1.027e-04 3.194e-05 2.644e-04 -1.000 6.014e-04 -2.444 -2.784 -3.336 -3.808 -4.466 -4.740 -4.766 -4.816 -4.776 -4.343 -4.788 -4.300 -4.669 -4.731 -4.752 -4.712 -4.802 -4.810 -4.819 -4.831 -4.808 -4.693 -4.717 -4.553
0.00059013 -1.42000 10.07918 0.8117393255 2.4227619171    0.781  2.926  3.6369  0.904    3  0.000  0.518     0.00     0.00 -1 -4.19e-09      0.00 7.480e-01 2.514e-01 1.027e-04 3.194e-05 2.644e-04 -1.000 6.014e-04 -2.545 -2.874 -3.434 -3.915 -4.581 -4.860 -4.885 -4.937 -4.896 -4.458 -4.908 -4.413 -4.786 -4.850 -4.872 -4.828 -4.923 -4.932 -4.940 -4.952 -4.929 -4.809 -4.835 -4.669
0.00059013 -1.42000 10.07918 0.8117491007 2.4227652550    0.778  2.962  3.6343  0.856    3  0.000  0.518     0.00     0.00 -1 -4.83e-09      0.00 7.480e-01 2.514e-01 1.027e-04 3.194e-05 2.644e-04 -1.000 6.014e-04 -2.636 -2.956 -3.525 -4.013 -4.686 -4.970 -4.994 -5.049 -5.007 -4.563 -5.018 -4.516 -4.894 -4.960 -4.983 -4.934 -5.034 -5.043 -5.052 -5.064 -5.041 -4.916 -4.943 -4.776
0.00059013 -1.42000 10.07918 0.8117585182 2.4227683544    0.776  3.000  3.6314  0.805    3  0.000  0.518     0.00     0.00 -1 -5.59e-09      0.00 7.480e-01 2.514e-01 1.027e-04 3.194e-05 2.644e-04 -1.000 6.014e-04 -2.730 -3.039 -3.617 -4.113 -4.795 -5.084 -5.107 -5.165 -5.121 -4.672 -5.133 -4.623 -5.005 -5.074 -5.097 -5.045 -5.150 -5.159 -5.168 -5.180 -5.156 -5.027 -5.054 -4.886
0.00059013 -1.42000 10.07918 0.8117675781 2.4227714539    0.773  3.039  3.6286  0.754    3  0.000  0.518     0.00     0.00 -1 -6.49e-09      0.00 7.480e-01 2.514e-01 1.027e-04 3.194e-05 2.644e-04 -1.000 6.014e-04 -2.826 -3.125 -3.712 -4.216 -4.906 -5.200 -5.222 -5.282 -5.238 -4.783 -5.249 -4.732 -5.118 -5.189 -5.214 -5.157 -5.267 -5.276 -5.285 -5.299 -5.274 -5.140 -5.168 -4.998
0.00059013 -1.42000 10.07918 0.8117755651 2.4227740765    0.770  3.074  3.6259  0.706    3  0.000  0.518     0.00     0.00 -1 -7.45e-09      0.00 7.480e-01 2.514e-01 1.027e-04 3.194e-05 2.644e-04 -1.000 6.014e-04 -2.915 -3.203 -3.799 -4.311 -5.009 -5.308 -5.329 -5.392 -5.346 -4.886 -5.357 -4.832 -5.224 -5.297 -5.322 -5.260 -5.376 -5.385 -5.395 -5.408 -5.383 -5.244 -5.273 -5.102
0.00059013 -1.42000 10.07918 0.8117834926 2.4227766991    0.767  3.111  3.6232  0.656    3  0.000  0.518     0.00     0.00 -1 -8.62e-09      0.00 7.480e-01 2.514e-01 1.027e-04 3.194e-05 2.644e-04 -1.000 6.014e-04 -3.008 -3.283 -3.889 -4.409 -5.115 -5.420 -5.440 -5.505 -5.459 -4.993 -5.469 -4.936 -5.333 -5.408 -5.434 -5.369 -5.489 -5.499 -5.508 -5.523 -5.497 -5.354 -5.384 -5.210
0.00059013 -1.42000 10.07918 0.8117907643 2.4227793217    0.764  3.148  3.6204  0.607    3  0.000  0.518     0.00     0.00 -1 -9.94e-09      0.00 7.480e-01 2.514e-01 1.027e-04 3.194e-05 2.644e-04 -1.000 6.015e-04 -3.099 -3.360 -3.976 -4.505 -5.219 -5.530 -5.548 -5.616 -5.569 -5.097 -5.578 -5.038 -5.440 -5.518 -5.544 -5.475 -5.600 -5.610 -5.619 -5.634 -5.609 -5.462 -5.492 -5.315
0.00059013 -1.42000 10.07918 0.8117974997 2.4227814674    0.760  3.183  3.6179  0.559    3  0.000  0.518     0.00     0.00 -1 -1.14e-08      0.00 7.480e-01 2.514e-01 1.027e-04 3.194e-05 2.644e-04 -1.000 6.014e-04 -3.187 -3.435 -4.061 -4.597 -5.320 -5.636 -5.653 -5.724 -5.675 -5.198 -5.685 -5.136 -5.543 -5.624 -5.651 -5.578 -5.706 -5.717 -5.727 -5.742 -5.716 -5.566 -5.597 -5.417
0.00059013 -1.42000 10.07918 0.8118039370 2.4227836132    0.756  3.218  3.6152  0.511    3  0.000  0.518     0.00     0.00 -1 -1.31e-08      0.00 7.480e-01 2.514e-01 1.027e-04 3.195e-05 2.644e-04 -1.000 6.015e-04 -3.275 -3.510 -4.146 -4.691 -5.422 -5.744 -5.759 -5.833 -5.783 -5.300 -5.792 -5.235 -5.647 -5.731 -5.758 -5.682 -5.815 -5.826 -5.836 -5.852 -5.825 -5.672 -5.702 -5.520
0.00059013 -1.42000 10.07918 0.8118100166 2.4227857590    0.751  3.253  3.6125  0.463    3  0.000  0.518     0.00     0.00 -1 -1.51e-08      0.00 7.480e-01 2.514e-01 1.027e-04 3.195e-05 2.644e-04 -1.000 6.014e-04 -3.362 -3.583 -4.230 -4.783 -5.522 -5.849 -5.864 -5.940 -5.890 -5.401 -5.898 -5.333 -5.749 -5.836 -5.864 -5.784 -5.922 -5.933 -5.943 -5.960 -5.933 -5.776 -5.807 -5.621
0.00059013 -1.42000 10.07918 0.8118156791 2.4227876663    0.747  3.286  3.6101  0.418    3  0.000  0.518     0.00     0.00 -1 -1.72e-08      0.00 7.480e-01 2.514e-01 1.027e-04 3.195e-05 2.644e-04 -1.000 6.014e-04 -3.444 -3.649 -4.308 -4.869 -5.615 -5.948 -5.962 -6.041 -5.991 -5.495 -5.997 -5.424 -5.846 -5.935 -5.964 -5.880 -6.022 -6.033 -6.044 -6.061 -6.034 -5.876 -5.907 -5.716
0.00059013 -1.42000 10.07918 0.8118199706 2.4227890968    0.743  3.310  3.6083  0.384    3  0.000  0.518     0.00     0.00 -1  -1.9e-08      0.00 7.480e-01 2.514e-01 1.027e-04 3.195e-05 2.644e-04 -1.000 6.014e-04 -3.504 -3.697 -4.365 -4.931 -5.683 -6.020 -6.034 -6.114 -6.064 -5.564 -6.069 -5.491 -5.915 -6.007 -6.036 -5.950 -6.095 -6.106 -6.117 -6.135 -6.108 -5.949 -5.979 -5.785
0.00059013 -1.42000 10.07918 0.8118199706 2.4227890968    0.743  1.727  3.7622  2.582    4  0.000  0.523     0.00     0.00 -1    -1e-30      0.00 7.416e-01 2.577e-01 1.058e-04 3.183e-05 2.702e-04 -1.000 6.195e-04 0.452 0.051 -0.242 -0.492 -0.855 -0.975 -0.999 -1.005 -1.013 -0.760 -1.002 -0.777 -0.954 -0.973 -0.978 -0.993 -1.000 -1.003 -1.007 -1.012 -1.013 -1.018 -1.015 -0.898
0.00059013 -1.42000 10.07918 0.8118667006 2.4228048325    0.743  1.744  3.7602  2.558    4  0.000  0.523     0.00     0.00 -1    -1e-30      0.00 7.416e-01 2.577e-01 1.058e-04 3.183e-05 2.702e-04 -1.000 6.196e-04 0.411 0.008 -0.289 -0.541 -0.908 -1.031 -1.055 -1.061 -1.069 -0.813 -1.058 -0.829 -1.009 -1.028 -1.034 -1.049 -1.056 -1.059 -1.063 -1.068 -1.069 -1.074 -1.071 -0.952
0.00059013 -1.42000 10.07918 0.8119145036 2.4228210449    0.743  1.747  3.7602  2.555    4  0.000  0.523     0.00     0.00 -1    -1e-30      0.00 7.416e-01 2.577e-01 1.058e-04 3.183e-05 2.702e-04 -1.000 6.195e-04 0.403 0.001 -0.296 -0.549 -0.916 -1.038 -1.062 -1.069 -1.077 -0.820 -1.065 -0.837 -1.017 -1.036 -1.042 -1.056 -1.063 -1.066 -1.070 -1.076 -1.077 -1.081 -1.078 -0.960
0.00059013 -1.42000 10.07918 0.8119631410 2.4228374958    0.743  1.748  3.7606  2.555    4  0.000  0.523     0.00     0.00 -1    -1e-30      0.00 7.416e-01 2.577e-01 1.058e-04 3.183e-05 2.702e-04 -1.000 6.195e-04 0.401 -0.002 -0.298 -0.550 -0.916 -1.038 -1.062 -1.069 -1.077 -0.821 -1.065 -0.837 -1.017 -1.036 -1.042 -1.056 -1.063 -1.066 -1.070 -1.076 -1.077 -1.081 -1.078 -0.960
0.00059013 -1.42000 10.07918 0.8120133877 2.4228544235    0.743  1.748  3.7613  2.558    4  0.000  0.523     0.00     0.00 -1    -1e-30      0.00 7.416e-01 2.577e-01 1.058e-04 3.183e-05 2.702e-04 -1.000 6.195e-04 0.400 -0.002 -0.297 -0.548 -0.913 -1.034 -1.058 -1.065 -1.072 -0.818 -1.061 -0.835 -1.013 -1.032 -1.038 -1.052 -1.059 -1.062 -1.066 -1.072 -1.073 -1.077 -1.074 -0.956
0.00059013 -1.42000 10.07918 0.8120622635 2.4228711128    0.743  1.748  3.7622  2.562    4  0.000  0.523     0.00     0.00 -1    -1e-30      0.00 7.416e-01 2.577e-01 1.058e-04 3.183e-05 2.702e-04 -1.000 6.195e-04 0.400 -0.001 -0.294 -0.544 -0.907 -1.027 -1.051 -1.057 -1.065 -0.812 -1.054 -0.829 -1.006 -1.025 -1.030 -1.045 -1.052 -1.055 -1.059 -1.064 -1.065 -1.070 -1.067 -0.950
0.00059013 -1.42000 10.07918 0.8121116161 2.4228878021    0.743  1.747  3.7634  2.567    4  0.000  0.523     0.00     0.00 -1    -1e-30      0.00 7.416e-01 2.577e-01 1.058e-04 3.183e-05 2.702e-04 -1.000 6.195e-04 0.402 0.001 -0.289 -0.538 -0.897 -1.017 -1.040 -1.047 -1.054 -0.803 -1.043 -0.821 -0.996 -1.015 -1.020 -1.034 -1.041 -1.044 -1.048 -1.053 -1.054 -1.059 -1.056 -0.940
0.00059013 -1.42000 10.07918 0.8121619225 2.4229047298    0.743  1.746  3.7649  2.574    4  0.000  0.523     0.00     0.00 -1    -1e-30      0.00 7.416e-01 2.577e-01 1.058e-04 3.183e-05 2.702e-04 -1.000 6.195e-04 0.404 0.005 -0.283 -0.529 -0.886 -1.004 -1.027 -1.033 -1.041 -0.792 -1.030 -0.810 -0.983 -1.002 -1.007 -1.021 -1.028 -1.031 -1.035 -1.040 -1.041 -1.046 -1.043 -0.928
0.00059013 -1.42000 10.07918 0.8122116327 2.4229214191    0.743  1.745  3.7665  2.582    4  0.000  0.523     0.00     0.00 -1    -1e-30      0.00 7.416e-01 2.577e-01 1.058e-04 3.183e-05 2.702e-04 -1.000 6.195e-04 0.407 0.009 -0.276 -0.520 -0.873 -0.990 -1.012 -1.018 -1.026 -0.780 -1.015 -0.798 -0.969 -0.988 -0.993 -1.007 -1.013 -1.016 -1.020 -1.025 -1.026 -1.031 -1.028 -0.915
0.00059013 -1.42000 10.07918 0.8122621179 2.4229385853    0.743  1.744  3.7681  2.589    4  0.000  0.523     0.00     0.00 -1    -1e-30      0.00 7.416e-01 2.577e-01 1.058e-04 3.183e-05 2.702e-04 -1.000 6.195e-04 0.410 0.014 -0.269 -0.510 -0.860 -0.975 -0.997 -1.003 -1.011 -0.767 -1.000 -0.786 -0.954 -0.973 -0.978 -0.991 -0.998 -1.001 -1.005 -1.010 -1.011 -1.016 -1.013 -0.901
0.00059013 -1.42000 10.07918 0.8123099208 2.4229547977    0.743  1.743  3.7696  2.596    4  0.000  0.523     0.00     0.00 -1    -1e-30      0.00 7.416e-01 2.577e-01 1.058e-04 3.183e-05 2.702e-04 -1.000 6.195e-04 0.412 0.018 -0.262 -0.501 -0.848 -0.961 -0.984 -0.989 -0.997 -0.756 -0.986 -0.775 -0.941 -0.959 -0.964 -0.978 -0.984 -0.987 -0.991 -0.996 -0.997 -1.002 -0.999 -0.889
0.00059013 -1.42000 10.07918 0.8123608232 2.4229719639    0.743  1.742  3.7711  2.603    4  0.000  0.523     0.00     0.00 -1    -1e-30      0.00 7.416e-01 2.577e-01 1.058e-04 3.183e-05 2.702e-04 -1.000 6.195e-04 0.415 0.022 -0.256 -0.493 -0.836 -0.948 -0.970 -0.976 -0.983 -0.744 -0.973 -0.764 -0.928 -0.946 -0.951 -0.964 -0.971 -0.974 -0.977 -0.982 -0.983 -0.989 -0.985 -0.876
0.00059013 -1.42000 10.07918 0.8124108911 2.4229888916    0.743  1.741  3.7725  2.610    4  0.000  0.523     0.00     0.00 -1    -1e-30      0.00 7.416e-01 2.577e-01 1.058e-04 3.183e-05 2.702e-04 -1.000 6.196e-04 0.416 0.025 -0.250 -0.485 -0.826 -0.936 -0.958 -0.964 -0.971 -0.734 -0.961 -0.754 -0.917 -0.934 -0.939 -0.952 -0.959 -0.962 -0.965 -0.970 -0.971 -0.977 -0.973 -0.866
0.00059013 -1.42000 10.07918 0.8124576807 2.4230046272    0.743  1.741  3.7735  2.614    4  0.000  0.523     0.00     0.00 -1    -1e-30      0.00 7.416e-01 2.577e-01 1.058e-04 3.183e-05 2.702e-04 -1.000 6.195e-04 0.418 0.027 -0.246 -0.479 -0.818 -0.927 -0.949 -0.955 -0.962 -0.727 -0.952 -0.747 -0.908 -0.925 -0.930 -0.943 -0.950 -0.953 -0.956 -0.961 -0.962 -0.968 -0.964 -0.857
0.00059013 -1.42000 10.07918 0.8125070930 2.4230213165    0.743  1.740  3.7745  2.619    4  0.000  0.523     0.00     0.00 -1    -1e-30      0.00 7.416e-01 2.577e-01 1.058e-04 3.183e-05 2.702e-04 -1.000 6.195e-04 0.419 0.029 -0.242 -0.475 -0.811 -0.919 -0.941 -0.947 -0.954 -0.720 -0.944 -0.740 -0.900 -0.917 -0.922 -0.935 -0.942 -0.945 -0.948 -0.953 -0.954 -0.959 -0.956 -0.850
0.00059013 -1.42000 10.07918 0.8125186563 2.4230251312    0.743  1.740  3.7747  2.620    4  0.000  0.523     0.00     0.00 -1    -1e-30      0.00 7.416e-01 2.577e-01 1.058e-04 3.183e-05 2.702e-04 -1.000 6.195e-04 0.419 0.030 -0.241 -0.473 -0.809 -0.918 -0.939 -0.945 -0.952 -0.719 -0.942 -0.739 -0.899 -0.916 -0.921 -0.933 -0.940 -0.943 -0.946 -0.951 -0.952 -0.958 -0.954 -0.848
0.00059013 -1.42000 10.07918 0.8125243783 2.4230270386    0.743  1.740  3.7748  2.620    4  0.000  0.523     0.00     0.00 -1    -1e-30      0.00 7.416e-01 2.577e-01 1.058e-04 3.183e-05 2.702e-04 -1.000 6.195e-04 0.419 0.030 -0.241 -0.473 -0.809 -0.917 -0.939 -0.944 -0.952 -0.718 -0.941 -0.738 -0.898 -0.915 -0.920 -0.933 -0.939 -0.942 -0.946 -0.951 -0.952 -0.957 -0.953 -0.848
0.00059013 -1.42000 10.07918 0.8125747442 2.4230439663    0.743  1.741  3.7752  2.621    4  0.000  0.523     0.00     0.00 -1    -1e-30      0.00 7.416e-01 2.577e-01 1.058e-04 3.183e-05 2.702e-04 -1.000 6.195e-04 0.419 0.030 -0.241 -0.472 -0.807 -0.914 -0.936 -0.942 -0.949 -0.716 -0.939 -0.736 -0.896 -0.912 -0.917 -0.930 -0.937 -0.939 -0.943 -0.948 -0.949 -0.954 -0.951 -0.845
0.00059013 -1.42000 10.07918 0.8126271367 2.4230618477    0.743  1.741  3.7753  2.621    4  0.000  0.523     0.00     0.00 -1    -1e-30      0.00 7.416e-01 2.577e-01 1.058e-04 3.183e-05 2.702e-04 -1.000 6.195e-04 0.417 0.028 -0.242 -0.473 -0.807 -0.915 -0.937 -0.942 -0.950 -0.717 -0.939 -0.737 -0.896 -0.913 -0.918 -0.931 -0.937 -0.940 -0.944 -0.949 -0.950 -0.955 -0.951 -0.846
0.00059013 -1.42000 10.07918 0.8126766086 2.4230785370    0.743  1.742  3.7749  2.619    4  0.000  0.523     0.00     0.00 -1    -1e-30      0.00 7.416e-01 2.577e-01 1.058e-04 3.183e-05 2.702e-04 -1.000 6.195e-04 0.415 0.026 -0.245 -0.476 -0.812 -0.920 -0.941 -0.947 -0.954 -0.721 -0.944 -0.741 -0.901 -0.918 -0.923 -0.935 -0.942 -0.945 -0.948 -0.953 -0.954 -0.960 -0.956 -0.850
0.00059013 -1.42000 10.07918 0.8127262592 2.4230952263    0.744  1.743  3.7743  2.615    4  0.000  0.523     0.00     0.00 -1    -1e-30      0.00 7.416e-01 2.577e-01 1.058e-04 3.183e-05 2.702e-04 -1.000 6.195e-04 0.412 0.022 -0.250 -0.482 -0.819 -0.928 -0.949 -0.955 -0.962 -0.728 -0.952 -0.748 -0.909 -0.926 -0.931 -0.944 -0.950 -0.953 -0.956 -0.961 -0.962 -0.968 -0.964 -0.858
0.00059013 -1.42000 10.07918 0.8127759695 2.4231119156    0.744  1.745  3.7732  2.609    4  0.000  0.523     0.00     0.00 -1    -1e-30      0.00 7.416e-01 2.577e-01 1.058e-04 3.183e-05 2.702e-04 -1.000 6.195e-04 0.408 0.017 -0.257 -0.491 -0.830 -0.940 -0.962 -0.968 -0.975 -0.739 -0.965 -0.759 -0.921 -0.938 -0.943 -0.956 -0.963 -0.966 -0.969 -0.974 -0.975 -0.980 -0.977 -0.870
0.00059013 -1.42000 10.07918 0.8128247857 2.4231283665    0.744  1.747  3.7717  2.601    4  0.000  0.523     0.00     0.00 -1    -1e-30      0.00 7.416e-01 2.577e-01 1.058e-04 3.183e-05 2.702e-04 -1.000 6.196e-04 0.402 0.010 -0.266 -0.503 -0.845 -0.956 -0.978 -0.984 -0.992 -0.753 -0.981 -0.773 -0.937 -0.954 -0.959 -0.972 -0.979 -0.982 -0.985 -0.990 -0.991 -0.997 -0.993 -0.885
0.00059013 -1.42000 10.07918 0.8128743768 2.4231450558    0.744  1.750  3.7701  2.592    4  0.000  0.523     0.00     0.00 -1    -1e-30      0.00 7.416e-01 2.577e-01 1.058e-04 3.183e-05 2.702e-04 -1.000 6.195e-04 0.396 0.002 -0.277 -0.516 -0.861 -0.974 -0.997 -1.002 -1.010 -0.769 -0.999 -0.788 -0.954 -0.972 -0.977 -0.991 -0.997 -1.000 -1.004 -1.009 -1.010 -1.015 -1.012 -0.902
0.00059013 -1.42000 10.07918 0.8128835559 2.4231481552    0.744  1.750  3.7697  2.590    4  0.000  0.523     0.00     0.00 -1    -1e-30      0.00 7.416e-01 2.577e-01 1.058e-04 3.183e-05 2.702e-04 -1.000 6.196e-04 0.395 0.000 -0.280 -0.519 -0.865 -0.978 -1.000 -1.006 -1.014 -0.773 -1.003 -0.792 -0.958 -0.976 -0.981 -0.995 -1.001 -1.004 -1.008 -1.013 -1.014 -1.019 -1.016 -0.905
0.00059013 -1.42000 10.07918 0.8128926158 2.4231512547    0.744  1.751  3.7694  2.588    4  0.000  0.523     0.00     0.00 -1    -1e-30      0.00 7.416e-01 2.577e-01 1.058e-04 3.183e-05 2.702e-04 -1.000 6.195e-04 0.393 -0.002 -0.282 -0.521 -0.868 -0.982 -1.004 -1.010 -1.018 -0.776 -1.007 -0.795 -0.962 -0.980 -0.985 -0.999 -1.005 -1.008 -1.012 -1.017 -1.018 -1.023 -1.020 -0.909
0.00059013 -1.42000 10.07918 0.8129384518 2.4231667519    0.744  1.754  3.7676  2.578    4  0.000  0.523     0.00     0.00 -1    -1e-30      0.00 7.416e-01 2.577e-01 1.058e-04 3.183e-05 2.702e-04 -1.000 6.195e-04 0.385 -0.011 -0.295 -0.537 -0.888 -1.003 -1.026 -1.032 -1.040 -0.795 -1.029 -0.813 -0.983 -1.001 -1.006 -1.020 -1.027 -1.030 -1.034 -1.039 -1.040 -1.045 -1.042 -0.929
0.00059013 -1.42000 10.07918 0.8129834533 2.4231820107    0.744  1.758  3.7656  2.566    4  0.000  0.523     0.00     0.00 -1    -1e-30      0.00 7.416e-01 2.577e-01 1.058e-04 3.183e-05 2.702e-04 -1.000 6.195e-04 0.376 -0.022 -0.309 -0.554 -0.909 -1.027 -1.050 -1.056 -1.063 -0.816 -1.052 -0.834 -1.006 -1.024 -1.030 -1.044 -1.050 -1.053 -1.057 -1.062 -1.063 -1.068 -1.065 -0.951
0.00059013 -1.42000 10.07918 0.8130300045 2.4231975079    0.744  1.762  3.7634  2.553    4  0.000  0.523     0.00     0.00 -1    -1e-30      0.00 7.416e-01 2.577e-01 1.058e-04 3.183e-05 2.702e-04 -1.000 6.196e-04 0.365 -0.035 -0.326 -0.574 -0.934 -1.053 -1.077 -1.083 -1.091 -0.840 -1.080 -0.857 -1.032 -1.051 -1.057 -1.071 -1.078 -1.081 -1.085 -1.090 -1.091 -1.096 -1.093 -0.977
0.00059013 -1.42000 10.07918 0.8130775094 2.4232134819    0.744  1.767  3.7613  2.540    4  0.000  0.523     0.00     0.00 -1    -1e-30      0.00 7.416e-01 2.577e-01 1.058e-04 3.183e-05 2.702e-04 -1.000 6.196e-04 0.353 -0.049 -0.344 -0.595 -0.960 -1.081 -1.105 -1.111 -1.119 -0.864 -1.108 -0.881 -1.059 -1.079 -1.084 -1.099 -1.106 -1.109 -1.113 -1.118 -1.119 -1.124 -1.121 -1.003
0.00059013 -1.42000 10.07918 0.8131223321 2.4232287407    0.744  1.772  3.7593  2.527    4  0.000  0.523     0.00     0.00 -1    -1e-30      0.00 7.416e-01 2.577e-01 1.058e-04 3.183e-05 2.702e-04 -1.000 6.195e-04 0.341 -0.063 -0.362 -0.616 -0.984 -1.108 -1.132 -1.139 -1.147 -0.888 -1.135 -0.905 -1.086 -1.105 -1.111 -1.126 -1.133 -1.136 -1.140 -1.146 -1.147 -1.151 -1.148 -1.028
0.00059013 -1.42000 10.07918 0.8131688237 2.4232442379    0.744  1.777  3.7573  2.513    4  0.000  0.523     0.00     0.00 -1    -1e-30      0.00 7.416e-01 2.577e-01 1.058e-04 3.183e-05 2.702e-04 -1.000 6.195e-04 0.326 -0.079 -0.381 -0.638 -1.011 -1.136 -1.160 -1.168 -1.176 -0.914 -1.164 -0.930 -1.114 -1.134 -1.140 -1.154 -1.162 -1.165 -1.169 -1.175 -1.176 -1.180 -1.177 -1.056
0.00059013 -1.42000 10.07918 0.8132141829 2.4232597351    0.744  1.783  3.7556  2.501    4  0.000  0.523     0.00     0.00 -1    -1e-30      0.00 7.416e-01 2.577e-01 1.058e-04 3.183e-05 2.702e-04 -1.000 6.195e-04 0.313 -0.094 -0.399 -0.659 -1.035 -1.162 -1.187 -1.194 -1.202 -0.938 -1.190 -0.954 -1.140 -1.159 -1.166 -1.181 -1.188 -1.191 -1.195 -1.201 -1.202 -1.206 -1.203 -1.080
0.00059013 -1.42000 10.07918 0.8132595420 2.4232749939    0.744  1.788  3.7541  2.490    4  0.000  0.523     0.00     0.00 -1    -1e-30      0.00 7.416e-01 2.577e-01 1.058e-04 3.183e-05 2.702e-04 -1.000 6.196e-04 0.300 -0.108 -0.416 -0.677 -1.057 -1.185 -1.210 -1.218 -1.226 -0.959 -1.214 -0.975 -1.163 -1.183 -1.189 -1.204 -1.212 -1.215 -1.219 -1.225 -1.226 -1.230 -1.227 -1.103
0.00059013 -1.42000 10.07918 0.8133053184 2.4232902527    0.744  1.797  3.7519  2.473    4  0.000  0.523     0.00     0.00 -1    -1e-30      0.00 7.416e-01 2.577e-01 1.058e-04 3.183e-05 2.702e-04 -1.000 6.196e-04 0.279 -0.132 -0.443 -0.708 -1.093 -1.223 -1.248 -1.256 -1.264 -0.994 -1.252 -1.009 -1.200 -1.220 -1.227 -1.242 -1.250 -1.253 -1.257 -1.263 -1.264 -1.268 -1.265 -1.139
0.00059013 -1.42000 10.07918 0.8133532405 2.4233064651    0.744  1.808  3.7493  2.451    4  0.000  0.523     0.00     0.00 -1    -1e-30      0.00 7.416e-01 2.577e-01 1.058e-04 3.183e-05 2.702e-04 -1.000 6.195e-04 0.251 -0.162 -0.478 -0.746 -1.137 -1.269 -1.295 -1.303 -1.311 -1.037 -1.299 -1.051 -1.245 -1.266 -1.273 -1.289 -1.297 -1.300 -1.304 -1.310 -1.311 -1.315 -1.312 -1.183
0.00059013 -1.42000 10.07918 0.8134003282 2.4233222008    0.744  1.822  3.7464  2.426    4  0.000  0.523     0.00     0.00 -1    -1e-30      0.00 7.416e-01 2.577e-01 1.058e-04 3.183e-05 2.702e-04 -1.000 6.195e-04 0.216 -0.199 -0.520 -0.793 -1.189 -1.325 -1.352 -1.360 -1.367 -1.089 -1.355 -1.102 -1.300 -1.322 -1.329 -1.345 -1.353 -1.357 -1.361 -1.367 -1.368 -1.371 -1.369 -1.237
0.00059013 -1.42000 10.07918 0.8134459853 2.4233376980    0.744  1.853  3.7406  2.371    4  0.000  0.523     0.00     0.00 -1    -1e-30      0.00 7.416e-01 2.577e-01 1.058e-04 3.183e-05 2.702e-04 -1.000 6.195e-04 0.138 -0.282 -0.613 -0.895 -1.303 -1.445 -1.473 -1.481 -1.489 -1.201 -1.476 -1.212 -1.418 -1.442 -1.449 -1.466 -1.474 -1.478 -1.482 -1.489 -1.489 -1.492 -1.490 -1.353
0.00059013 -1.42000 10.07918 0.8134664893 2.4233446121    0.744  1.884  3.7353  2.319    4  0.000  0.523     0.00     0.00 -1    -1e-30      0.00 7.416e-01 2.577e-01 1.058e-04 3.183e-05 2.702e-04 -1.000 6.196e-04 0.059 -0.364 -0.705 -0.995 -1.415 -1.561 -1.591 -1.600 -1.607 -1.311 -1.594 -1.320 -1.534 -1.558 -1.566 -1.583 -1.592 -1.597 -1.601 -1.608 -1.608 -1.609 -1.607 -1.466
0.00059013 -1.42000 10.07918 0.8134773970 2.4233481884    0.744  1.918  3.7302  2.264    4  0.000  0.523     0.00     0.00 -1    -1e-30      0.00 7.416e-01 2.577e-01 1.058e-04 3.183e-05 2.702e-04 -1.000 6.195e-04 -0.025 -0.452 -0.802 -1.099 -1.530 -1.683 -1.713 -1.722 -1.728 -1.425 -1.717 -1.432 -1.653 -1.679 -1.688 -1.705 -1.715 -1.720 -1.724 -1.731 -1.730 -1.729 -1.728 -1.583
0.00059013 -1.42000 10.07918 0.8134827018 2.4233500957    0.744  1.951  3.7257  2.214    4  0.000  0.523     0.00     0.00 -1    -1e-30      0.00 7.416e-01 2.577e-01 1.058e-04 3.183e-05 2.702e-04 -1.000 6.195e-04 -0.106 -0.535 -0.894 -1.198 -1.638 -1.796 -1.827 -1.837 -1.843 -1.532 -1.832 -1.537 -1.766 -1.792 -1.801 -1.819 -1.830 -1.835 -1.839 -1.846 -1.844 -1.842 -1.842 -1.693
0.00059013 -1.42000 10.07918 0.8134857416 2.4233510494    0.744  1.986  3.7213  2.160    4  0.000  0.523     0.00     0.00 -1    -1e-30      0.00 7.416e-01 2.577e-01 1.058e-04 3.183e-05 2.702e-04 -1.000 6.196e-04 -0.196 -0.626 -0.993 -1.304 -1.754 -1.917 -1.949 -1.960 -1.964 -1.647 -1.954 -1.650 -1.885 -1.913 -1.923 -1.941 -1.952 -1.957 -1.961 -1.969 -1.967 -1.962 -1.962 -1.811
0.00059013 -1.42000 10.07918 0.8134873509 2.4233515263    0.744  2.020  3.7175  2.112    4  0.000  0.523     0.00     0.00 -1    -1e-30      0.00 7.416e-01 2.577e-01 1.058e-04 3.183e-05 2.702e-04 -1.000 6.196e-04 -0.280 -0.711 -1.085 -1.403 -1.861 -2.029 -2.061 -2.073 -2.076 -1.753 -2.067 -1.754 -1.995 -2.025 -2.034 -2.052 -2.065 -2.070 -2.074 -2.081 -2.078 -2.071 -2.072 -1.919
0.00059013 -1.42000 10.07918 0.8134881258 2.4233517647    0.744  2.043  3.7150  2.078    4  0.000  0.523     0.00     0.00 -1 -3.55e-28      0.00 7.416e-01 2.575e-01 1.058e-04 3.183e-05 2.702e-04 -1.000 8.144e-04 -0.339 -0.770 -1.149 -1.471 -1.934 -2.105 -2.138 -2.150 -2.152 -1.826 -2.144 -1.826 -2.071 -2.101 -2.111 -2.129 -2.142 -2.147 -2.151 -2.159 -2.155 -2.147 -2.148 -1.993
0.00059013 -1.42000 10.07918 0.8134881854 2.4233517647    0.744  2.045  3.7148  2.076    7  0.000  0.523     0.00     0.00 -1 -9.29e-10      0.00 7.416e-01 2.561e-01 1.058e-04 3.183e-05 2.702e-04 -1.000 2.220e-03 -0.342 -0.773 -1.153 -1.475 -1.939 -2.110 -2.143 -2.155 -2.157 -1.830 -2.148 -1.831 -2.075 -2.106 -2.115 -2.133 -2.146 -2.151 -2.156 -2.164 -2.160 -2.151 -2.152 -1.998
0.00059013 -1.42000 10.07918 0.8134891391 2.4233522415    0.744  2.084  3.7112  2.023    7  0.000  0.523     0.00     0.00 -1 -1.19e-09      0.00 7.416e-01 2.561e-01 1.058e-04 3.183e-05 2.702e-04 -1.000 2.220e-03 -0.439 -0.871 -1.257 -1.585 -2.057 -2.232 -2.266 -2.279 -2.279 -1.948 -2.272 -1.946 -2.197 -2.228 -2.238 -2.256 -2.270 -2.275 -2.280 -2.288 -2.283 -2.272 -2.274 -2.117
0.00059013 -1.42000 10.07918 0.8134900331 2.4233524799    0.744  2.121  3.7080  1.972    7  0.000  0.523     0.00     0.00 -1 -1.48e-09      0.00 7.416e-01 2.561e-01 1.058e-04 3.183e-05 2.702e-04 -1.000 2.220e-03 -0.533 -0.964 -1.358 -1.691 -2.171 -2.349 -2.384 -2.397 -2.396 -2.060 -2.390 -2.057 -2.312 -2.345 -2.355 -2.373 -2.388 -2.393 -2.398 -2.406 -2.401 -2.387 -2.389 -2.231
0.00059013 -1.42000 10.07918 0.8134908676 2.4233527184    0.744  2.150  3.7055  1.934    7  0.000  0.523     0.00     0.00 -1 -1.76e-09      0.00 7.416e-01 2.561e-01 1.058e-04 3.183e-05 2.702e-04 -1.000 2.220e-03 -0.605 -1.036 -1.435 -1.772 -2.257 -2.439 -2.474 -2.487 -2.486 -2.146 -2.480 -2.142 -2.401 -2.434 -2.445 -2.462 -2.478 -2.484 -2.489 -2.497 -2.491 -2.475 -2.478 -2.319
0.00059013 -1.42000 10.07918 0.8134917617 2.4233529568    0.744  2.170  3.7038  1.907    7  0.000  0.523     0.00     0.00 -1 -1.99e-09      0.00 7.416e-01 2.561e-01 1.058e-04 3.183e-05 2.702e-04 -1.000 2.220e-03 -0.656 -1.087 -1.489 -1.829 -2.318 -2.502 -2.537 -2.551 -2.548 -2.207 -2.543 -2.202 -2.464 -2.497 -2.508 -2.525 -2.542 -2.547 -2.552 -2.560 -2.554 -2.537 -2.540 -2.380
0.00059013 -1.42000 10.07918 0.8134931326 2.4233534336    0.744  2.175  3.7034  1.900    7  0.000  0.523     0.00     0.00 -1 -2.05e-09      0.00 7.416e-01 2.561e-01 1.058e-04 3.183e-05 2.702e-04 -1.000 2.220e-03 -0.668 -1.100 -1.502 -1.843 -2.333 -2.517 -2.552 -2.566 -2.564 -2.222 -2.559 -2.216 -2.479 -2.513 -2.524 -2.541 -2.557 -2.563 -2.568 -2.576 -2.570 -2.552 -2.555 -2.395
0.00059013 -1.42000 10.07918 0.8134955764 2.4233543873    0.744  2.159  3.7049  1.922    7  0.000  0.523     0.00     0.00 -1 -1.86e-09      0.00 7.416e-01 2.561e-01 1.058e-04 3.183e-05 2.702e-04 -1.000 2.220e-03 -0.627 -1.059 -1.458 -1.797 -2.284 -2.466 -2.501 -2.515 -2.513 -2.173 -2.507 -2.168 -2.428 -2.462 -2.472 -2.490 -2.506 -2.511 -2.516 -2.524 -2.518 -2.502 -2.505 -2.345
0.00059013 -1.42000 10.07918 0.8134995699 2.4233558178    0.743  2.147  3.7059  1.938    7  0.000  0.523     0.00     0.00 -1 -1.73e-09      0.00 7.416e-01 2.561e-01 1.058e-04 3.183e-05 2.702e-04 -1.000 2.219e-03 -0.597 -1.028 -1.425 -1.762 -2.247 -2.428 -2.462 -2.476 -2.475 -2.136 -2.469 -2.132 -2.390 -2.423 -2.434 -2.451 -2.467 -2.472 -2.477 -2.485 -2.480 -2.464 -2.467 -2.308
0.00059013 -1.42000 10.07918 0.8135243058 2.4233639240    0.741  2.158  3.7048  1.921    7  0.000  0.523     0.00     0.00 -1 -1.87e-09      0.00 7.416e-01 2.561e-01 1.058e-04 3.183e-05 2.702e-04 -1.000 2.220e-03 -0.625 -1.057 -1.456 -1.795 -2.281 -2.464 -2.499 -2.512 -2.511 -2.170 -2.505 -2.166 -2.426 -2.459 -2.470 -2.487 -2.504 -2.509 -2.514 -2.522 -2.516 -2.500 -2.503 -2.343
0.00059013 -1.42000 10.07918 0.8135421872 2.4233701229    0.740  2.182  3.7027  1.888    7  0.000  0.523     0.00     0.00 -1 -2.18e-09      0.00 7.416e-01 2.561e-01 1.058e-04 3.183e-05 2.702e-04 -1.000 2.220e-03 -0.685 -1.117 -1.520 -1.863 -2.354 -2.539 -2.574 -2.589 -2.586 -2.243 -2.581 -2.237 -2.501 -2.535 -2.546 -2.562 -2.580 -2.585 -2.590 -2.598 -2.592 -2.574 -2.577 -2.417
0.00059013 -1.42000 10.07918 0.8135610223 2.4233763218    0.737  2.228  3.6988  1.825    7  0.000  0.523     0.00     0.00 -1 -2.88e-09      0.00 7.416e-01 2.561e-01 1.058e-04 3.183e-05 2.702e-04 -1.000 2.220e-03 -0.800 -1.231 -1.643 -1.992 -2.492 -2.682 -2.718 -2.733 -2.728 -2.380 -2.724 -2.372 -2.642 -2.677 -2.689 -2.705 -2.724 -2.729 -2.734 -2.742 -2.735 -2.713 -2.718 -2.556
0.00059013 -1.42000 10.07918 0.8135793805 2.4233825207    0.734  2.272  3.6952  1.764    7  0.000  0.523     0.00     0.00 -1 -3.79e-09      0.00 7.416e-01 2.561e-01 1.058e-04 3.183e-05 2.702e-04 -1.000 2.219e-03 -0.911 -1.342 -1.761 -2.116 -2.625 -2.819 -2.855 -2.871 -2.865 -2.512 -2.862 -2.502 -2.778 -2.814 -2.826 -2.841 -2.862 -2.868 -2.873 -2.881 -2.873 -2.847 -2.852 -2.690
0.00059013 -1.42000 10.07918 0.8135955334 2.4233880043    0.731  2.315  3.6919  1.707    7  0.000  0.523     0.00     0.00 -1 -4.94e-09      0.00 7.416e-01 2.561e-01 1.058e-04 3.183e-05 2.702e-04 -1.000 2.219e-03 -1.016 -1.445 -1.871 -2.232 -2.749 -2.948 -2.984 -3.001 -2.993 -2.636 -2.991 -2.624 -2.905 -2.942 -2.955 -2.968 -2.991 -2.998 -3.003 -3.011 -3.002 -2.972 -2.978 -2.816
0.00059013 -1.42000 10.07918 0.8136097789 2.4233927727    0.727  2.356  3.6887  1.650    7  0.000  0.523     0.00     0.00 -1 -6.39e-09      0.00 7.416e-01 2.561e-01 1.058e-04 3.183e-05 2.702e-04 -1.000 2.213e-03 -1.120 -1.547 -1.980 -2.347 -2.872 -3.075 -3.111 -3.129 -3.119 -2.758 -3.119 -2.745 -3.031 -3.069 -3.082 -3.094 -3.119 -3.126 -3.131 -3.139 -3.129 -3.095 -3.102 -2.940
0.00059013 -1.42000 10.07918 0.8136222363 2.4233970642    0.723  2.397  3.6855  1.594    7  0.000  0.523     0.00     0.00 -1 -8.21e-09      0.00 7.416e-01 2.562e-01 1.058e-04 3.183e-05 2.702e-04 -1.000 2.169e-03 -1.222 -1.648 -2.087 -2.460 -2.992 -3.199 -3.235 -3.255 -3.243 -2.877 -3.244 -2.863 -3.154 -3.193 -3.207 -3.217 -3.244 -3.251 -3.257 -3.265 -3.254 -3.215 -3.224 -3.061
0.00059013 -1.42000 10.07918 0.8136332035 2.4234006405    0.718  2.437  3.6824  1.538    7  0.000  0.523     0.00     0.00 -1 -1.05e-08      0.00 7.416e-01 2.562e-01 1.057e-04 3.184e-05 2.702e-04 -1.000 2.115e-03 -1.323 -1.747 -2.193 -2.571 -3.111 -3.322 -3.358 -3.379 -3.365 -2.995 -3.367 -2.980 -3.276 -3.316 -3.330 -3.338 -3.368 -3.375 -3.381 -3.389 -3.377 -3.334 -3.344 -3.181
0.00059013 -1.42000 10.07918 0.8136429787 2.4234039783    0.712  2.478  3.6793  1.482    7  0.000  0.522     0.00     0.00 -1 -1.35e-08      0.00 7.416e-01 2.563e-01 1.055e-04 3.192e-05 2.702e-04 -1.000 2.088e-03 -1.424 -1.844 -2.297 -2.681 -3.230 -3.445 -3.480 -3.503 -3.487 -3.113 -3.490 -3.095 -3.397 -3.438 -3.453 -3.459 -3.492 -3.499 -3.505 -3.513 -3.500 -3.453 -3.464 -3.301
0.00059013 -1.42000 10.07918 0.8136519194 2.4234070778    0.706  2.518  3.6762  1.425    7  0.000  0.519     0.00     0.00 -1 -1.74e-08      0.00 7.416e-01 2.563e-01 1.050e-04 3.228e-05 2.702e-04 -1.000 2.025e-03 -1.525 -1.941 -2.402 -2.792 -3.348 -3.568 -3.603 -3.627 -3.610 -3.231 -3.613 -3.212 -3.518 -3.561 -3.576 -3.579 -3.616 -3.623 -3.629 -3.637 -3.624 -3.572 -3.584 -3.421
0.00059013 -1.42000 10.07918 0.8136600256 2.4234097004    0.698  2.558  3.6721  1.364    7  0.000  0.512     0.00     0.00 -1 -2.27e-08      0.00 7.416e-01 2.564e-01 1.038e-04 3.341e-05 2.702e-04 -1.000 1.988e-03 -1.626 -2.037 -2.507 -2.906 -3.472 -3.697 -3.732 -3.758 -3.739 -3.354 -3.744 -3.333 -3.646 -3.691 -3.706 -3.706 -3.747 -3.754 -3.760 -3.769 -3.754 -3.696 -3.709 -3.546
0.00059013 -1.42000 10.07918 0.8136658072 2.4234116077    0.691  2.589  3.6685  1.315    7  0.000  0.505     0.00     0.00 -1 -2.78e-08      0.00 7.416e-01 2.564e-01 1.024e-04 3.488e-05 2.702e-04 -1.000 1.951e-03 -1.702 -2.109 -2.588 -2.993 -3.568 -3.799 -3.833 -3.861 -3.839 -3.450 -3.845 -3.426 -3.745 -3.792 -3.808 -3.804 -3.850 -3.857 -3.863 -3.872 -3.856 -3.793 -3.807 -3.644
0.00059013 -1.42000 10.07918 0.8136729002 2.4234139919    0.680  2.629  3.6613  1.238    7  0.000  0.494     0.00     0.00 -1 -3.71e-08      0.00 7.416e-01 2.565e-01 1.002e-04 3.749e-05 2.702e-04 -1.000 1.896e-03 -1.804 -2.198 -2.693 -3.114 -3.710 -3.950 -3.983 -4.016 -3.989 -3.590 -3.997 -3.562 -3.893 -3.943 -3.960 -3.948 -4.004 -4.011 -4.018 -4.028 -4.010 -3.934 -3.951 -3.788
0.00059013 -1.42000 10.07918 0.8136796355 2.4234163761    0.666  2.670  3.6579  1.175    7  0.000  0.484     0.00     0.00 -1 -4.92e-08      0.00 7.416e-01 2.565e-01 9.809e-05 4.007e-05 2.702e-04 -1.000 1.896e-03 -1.906 -2.294 -2.798 -3.227 -3.831 -4.077 -4.109 -4.144 -4.115 -3.711 -4.124 -3.681 -4.017 -4.069 -4.086 -4.070 -4.132 -4.139 -4.146 -4.156 -4.138 -4.055 -4.073 -3.911
0.00059013 -1.42000 10.07918 0.8136861324 2.4234185219    0.648  2.711  3.6548  1.109    7  0.000  0.474     0.00     0.00 -1 -6.65e-08      0.00 7.415e-01 2.566e-01 9.622e-05 4.235e-05 2.701e-04 -1.000 1.871e-03 -2.008 -2.392 -2.903 -3.340 -3.952 -4.201 -4.232 -4.270 -4.239 -3.831 -4.249 -3.799 -4.141 -4.193 -4.211 -4.191 -4.258 -4.265 -4.272 -4.283 -4.263 -4.174 -4.194 -4.033
0.00059013 -1.42000 10.07918 0.8136925101 2.4234206676    0.623  2.753  3.6521  1.041    7  0.000  0.466     0.00     0.00 -1 -9.29e-08      0.00 7.414e-01 2.567e-01 9.460e-05 4.434e-05 2.701e-04 -1.000 1.854e-03 -2.112 -2.490 -3.008 -3.450 -4.070 -4.323 -4.353 -4.393 -4.360 -3.948 -4.371 -3.915 -4.261 -4.315 -4.333 -4.309 -4.381 -4.388 -4.395 -4.406 -4.386 -4.291 -4.313 -4.152
0.00059013 -1.42000 10.07918 0.8136982918 2.4234225750    0.592  2.793  3.6509  0.973    7  0.000  0.459     0.00     0.00 -1 -1.34e-07      0.00 7.414e-01 2.568e-01 9.327e-05 4.599e-05 2.701e-04 -1.000 1.817e-03 -2.212 -2.588 -3.111 -3.556 -4.178 -4.433 -4.463 -4.504 -4.470 -4.057 -4.481 -4.023 -4.370 -4.425 -4.444 -4.417 -4.492 -4.499 -4.506 -4.517 -4.497 -4.399 -4.421 -4.260
0.00059013 -1.42000 10.07918 0.8137035966 2.4234242439    0.550  2.833  3.6555  0.919    7  0.000  0.453     0.00     0.00 -1 -2.01e-07      0.00 7.413e-01 2.569e-01 9.206e-05 4.746e-05 2.701e-04 -1.000 1.796e-03 -2.313 -2.703 -3.215 -3.650 -4.257 -4.503 -4.535 -4.573 -4.542 -4.136 -4.551 -4.106 -4.443 -4.495 -4.513 -4.493 -4.560 -4.568 -4.575 -4.586 -4.566 -4.475 -4.496 -4.337
0.00059013 -1.42000 10.07918 0.8137060404 2.4234251976    0.512  2.853  3.6647  0.905    7  0.000  0.449     0.00     0.00 -1 -2.47e-07      0.00 7.412e-01 2.570e-01 9.123e-05 4.849e-05 2.700e-04 -1.000 1.799e-03 -2.362 -2.772 -3.264 -3.678 -4.257 -4.490 -4.525 -4.556 -4.531 -4.139 -4.538 -4.114 -4.436 -4.483 -4.500 -4.491 -4.544 -4.551 -4.559 -4.568 -4.551 -4.477 -4.494 -4.334
0.00059013 -1.42000 10.07918 1.1244581938 2.4956896305    0.552 -4.565  3.5677  7.968    9  0.552  0.000     0.00     0.00 -1    -1e-30      0.00 7.287e-01 2.708e-01 8.073e-05 7.055e-05 2.706e-04 -1.000 5.071e-04 16.182 16.000 15.238 14.680 14.108 13.836 13.681 13.500 13.442 14.206 13.599 14.235 13.938 13.872 13.797 13.733 13.638 13.536 13.475 13.423 13.430 13.469 13.432 14.035
#isochrone terminated
