# File generated by CMD 3.3 (http://stev.oapd.inaf.it/cmd) on Mon Apr  6 22:23:53 CEST 2020
# isochrones based on PARSEC release v1.2S +  COLIBRI S_35
# Basic references: Bressan et al. (2012), MNRAS, 427, 127 + Chen et al. (2014, 2015), MNRAS, 444, 2525 + MNRAS, 452, 1068 + Tang et al. (2014), MNRAS, 445, 4287 + Marigo et al. (2017), ApJ, 835, 77 + Pastorelli al. (2019), MNRAS in press
# Thermal pulse cycles included 
# On RGB, assumed Reimers mass loss with efficiency eta=0.2
# Photometric system: <i>UBVRIJHK</i> (cf. Maiz-Apellaniz 2006 + Bessell 1990)
# Using YBC version of bolometric corrections as in Chen et al. (2019)
# O-rich circumstellar dpmod60alox40 dust from Groenewegen (2006)
# C-rich circumstellar AMCSIC15 dust from Groenewegen (2006)
# IMF: Kroupa (2001, 2002) + Kroupa et al. (2013) canonical two-part-power law IMF corrected for unresolved binaries 
# Kind of output: luminosity functions
# age     Z  magbinc 	 mbolmag  Umag    Bmag    Vmag    Rmag    Imag    Jmag    Hmag    Kmag
1.2e+10 0.00059 -14.975         0        0        0        0        0        0        0        0        0
1.2e+10 0.00059 -14.925         0        0        0        0        0        0        0        0        0
1.2e+10 0.00059 -14.875         0        0        0        0        0        0        0        0        0
1.2e+10 0.00059 -14.825         0        0        0        0        0        0        0        0        0
1.2e+10 0.00059 -14.775         0        0        0        0        0        0        0        0        0
1.2e+10 0.00059 -14.725         0        0        0        0        0        0        0        0        0
1.2e+10 0.00059 -14.675         0        0        0        0        0        0        0        0        0
1.2e+10 0.00059 -14.625         0        0        0        0        0        0        0        0        0
1.2e+10 0.00059 -14.575         0        0        0        0        0        0        0        0        0
1.2e+10 0.00059 -14.525         0        0        0        0        0        0        0        0        0
1.2e+10 0.00059 -14.475         0        0        0        0        0        0        0        0        0
1.2e+10 0.00059 -14.425         0        0        0        0        0        0        0        0        0
1.2e+10 0.00059 -14.375         0        0        0        0        0        0        0        0        0
1.2e+10 0.00059 -14.325         0        0        0        0        0        0        0        0        0
1.2e+10 0.00059 -14.275         0        0        0        0        0        0        0        0        0
1.2e+10 0.00059 -14.225         0        0        0        0        0        0        0        0        0
1.2e+10 0.00059 -14.175         0        0        0        0        0        0        0        0        0
1.2e+10 0.00059 -14.125         0        0        0        0        0        0        0        0        0
1.2e+10 0.00059 -14.075         0        0        0        0        0        0        0        0        0
1.2e+10 0.00059 -14.025         0        0        0        0        0        0        0        0        0
1.2e+10 0.00059 -13.975         0        0        0        0        0        0        0        0        0
1.2e+10 0.00059 -13.925         0        0        0        0        0        0        0        0        0
1.2e+10 0.00059 -13.875         0        0        0        0        0        0        0        0        0
1.2e+10 0.00059 -13.825         0        0        0        0        0        0        0        0        0
1.2e+10 0.00059 -13.775         0        0        0        0        0        0        0        0        0
1.2e+10 0.00059 -13.725         0        0        0        0        0        0        0        0        0
1.2e+10 0.00059 -13.675         0        0        0        0        0        0        0        0        0
1.2e+10 0.00059 -13.625         0        0        0        0        0        0        0        0        0
1.2e+10 0.00059 -13.575         0        0        0        0        0        0        0        0        0
1.2e+10 0.00059 -13.525         0        0        0        0        0        0        0        0        0
1.2e+10 0.00059 -13.475         0        0        0        0        0        0        0        0        0
1.2e+10 0.00059 -13.425         0        0        0        0        0        0        0        0        0
1.2e+10 0.00059 -13.375         0        0        0        0        0        0        0        0        0
1.2e+10 0.00059 -13.325         0        0        0        0        0        0        0        0        0
1.2e+10 0.00059 -13.275         0        0        0        0        0        0        0        0        0
1.2e+10 0.00059 -13.225         0        0        0        0        0        0        0        0        0
1.2e+10 0.00059 -13.175         0        0        0        0        0        0        0        0        0
1.2e+10 0.00059 -13.125         0        0        0        0        0        0        0        0        0
1.2e+10 0.00059 -13.075         0        0        0        0        0        0        0        0        0
1.2e+10 0.00059 -13.025         0        0        0        0        0        0        0        0        0
1.2e+10 0.00059 -12.975         0        0        0        0        0        0        0        0        0
1.2e+10 0.00059 -12.925         0        0        0        0        0        0        0        0        0
1.2e+10 0.00059 -12.875         0        0        0        0        0        0        0        0        0
1.2e+10 0.00059 -12.825         0        0        0        0        0        0        0        0        0
1.2e+10 0.00059 -12.775         0        0        0        0        0        0        0        0        0
1.2e+10 0.00059 -12.725         0        0        0        0        0        0        0        0        0
1.2e+10 0.00059 -12.675         0        0        0        0        0        0        0        0        0
1.2e+10 0.00059 -12.625         0        0        0        0        0        0        0        0        0
1.2e+10 0.00059 -12.575         0        0        0        0        0        0        0        0        0
1.2e+10 0.00059 -12.525         0        0        0        0        0        0        0        0        0
1.2e+10 0.00059 -12.475         0        0        0        0        0        0        0        0        0
1.2e+10 0.00059 -12.425         0        0        0        0        0        0        0        0        0
1.2e+10 0.00059 -12.375         0        0        0        0        0        0        0        0        0
1.2e+10 0.00059 -12.325         0        0        0        0        0        0        0        0        0
1.2e+10 0.00059 -12.275         0        0        0        0        0        0        0        0        0
1.2e+10 0.00059 -12.225         0        0        0        0        0        0        0        0        0
1.2e+10 0.00059 -12.175         0        0        0        0        0        0        0        0        0
1.2e+10 0.00059 -12.125         0        0        0        0        0        0        0        0        0
1.2e+10 0.00059 -12.075         0        0        0        0        0        0        0        0        0
1.2e+10 0.00059 -12.025         0        0        0        0        0        0        0        0        0
1.2e+10 0.00059 -11.975         0        0        0        0        0        0        0        0        0
1.2e+10 0.00059 -11.925         0        0        0        0        0        0        0        0        0
1.2e+10 0.00059 -11.875         0        0        0        0        0        0        0        0        0
1.2e+10 0.00059 -11.825         0        0        0        0        0        0        0        0        0
1.2e+10 0.00059 -11.775         0        0        0        0        0        0        0        0        0
1.2e+10 0.00059 -11.725         0        0        0        0        0        0        0        0        0
1.2e+10 0.00059 -11.675         0        0        0        0        0        0        0        0        0
1.2e+10 0.00059 -11.625         0        0        0        0        0        0        0        0        0
1.2e+10 0.00059 -11.575         0        0        0        0        0        0        0        0        0
1.2e+10 0.00059 -11.525         0        0        0        0        0        0        0        0        0
1.2e+10 0.00059 -11.475         0        0        0        0        0        0        0        0        0
1.2e+10 0.00059 -11.425         0        0        0        0        0        0        0        0        0
1.2e+10 0.00059 -11.375         0        0        0        0        0        0        0        0        0
1.2e+10 0.00059 -11.325         0        0        0        0        0        0        0        0        0
1.2e+10 0.00059 -11.275         0        0        0        0        0        0        0        0        0
1.2e+10 0.00059 -11.225         0        0        0        0        0        0        0        0        0
1.2e+10 0.00059 -11.175         0        0        0        0        0        0        0        0        0
1.2e+10 0.00059 -11.125         0        0        0        0        0        0        0        0        0
1.2e+10 0.00059 -11.075         0        0        0        0        0        0        0        0        0
1.2e+10 0.00059 -11.025         0        0        0        0        0        0        0        0        0
1.2e+10 0.00059 -10.975         0        0        0        0        0        0        0        0        0
1.2e+10 0.00059 -10.925         0        0        0        0        0        0        0        0        0
1.2e+10 0.00059 -10.875         0        0        0        0        0        0        0        0        0
1.2e+10 0.00059 -10.825         0        0        0        0        0        0        0        0        0
1.2e+10 0.00059 -10.775         0        0        0        0        0        0        0        0        0
1.2e+10 0.00059 -10.725         0        0        0        0        0        0        0        0        0
1.2e+10 0.00059 -10.675         0        0        0        0        0        0        0        0        0
1.2e+10 0.00059 -10.625         0        0        0        0        0        0        0        0        0
1.2e+10 0.00059 -10.575         0        0        0        0        0        0        0        0        0
1.2e+10 0.00059 -10.525         0        0        0        0        0        0        0        0        0
1.2e+10 0.00059 -10.475         0        0        0        0        0        0        0        0        0
1.2e+10 0.00059 -10.425         0        0        0        0        0        0        0        0        0
1.2e+10 0.00059 -10.375         0        0        0        0        0        0        0        0        0
1.2e+10 0.00059 -10.325         0        0        0        0        0        0        0        0        0
1.2e+10 0.00059 -10.275         0        0        0        0        0        0        0        0        0
1.2e+10 0.00059 -10.225         0        0        0        0        0        0        0        0        0
1.2e+10 0.00059 -10.175         0        0        0        0        0        0        0        0        0
1.2e+10 0.00059 -10.125         0        0        0        0        0        0        0        0        0
1.2e+10 0.00059 -10.075         0        0        0        0        0        0        0        0        0
1.2e+10 0.00059 -10.025         0        0        0        0        0        0        0        0        0
1.2e+10 0.00059 -9.975         0        0        0        0        0        0        0        0        0
1.2e+10 0.00059 -9.925         0        0        0        0        0        0        0        0        0
1.2e+10 0.00059 -9.875         0        0        0        0        0        0        0        0        0
1.2e+10 0.00059 -9.825         0        0        0        0        0        0        0        0        0
1.2e+10 0.00059 -9.775         0        0        0        0        0        0        0        0        0
1.2e+10 0.00059 -9.725         0        0        0        0        0        0        0        0        0
1.2e+10 0.00059 -9.675         0        0        0        0        0        0        0        0        0
1.2e+10 0.00059 -9.625         0        0        0        0        0        0        0        0        0
1.2e+10 0.00059 -9.575         0        0        0        0        0        0        0        0        0
1.2e+10 0.00059 -9.525         0        0        0        0        0        0        0        0        0
1.2e+10 0.00059 -9.475         0        0        0        0        0        0        0        0        0
1.2e+10 0.00059 -9.425         0        0        0        0        0        0        0        0        0
1.2e+10 0.00059 -9.375         0        0        0        0        0        0        0        0        0
1.2e+10 0.00059 -9.325         0        0        0        0        0        0        0        0        0
1.2e+10 0.00059 -9.275         0        0        0        0        0        0        0        0        0
1.2e+10 0.00059 -9.225         0        0        0        0        0        0        0        0        0
1.2e+10 0.00059 -9.175         0        0        0        0        0        0        0        0        0
1.2e+10 0.00059 -9.125         0        0        0        0        0        0        0        0        0
1.2e+10 0.00059 -9.075         0        0        0        0        0        0        0        0        0
1.2e+10 0.00059 -9.025         0        0        0        0        0        0        0        0        0
1.2e+10 0.00059 -8.975         0        0        0        0        0        0        0        0        0
1.2e+10 0.00059 -8.925         0        0        0        0        0        0        0        0        0
1.2e+10 0.00059 -8.875         0        0        0        0        0        0        0        0        0
1.2e+10 0.00059 -8.825         0        0        0        0        0        0        0        0        0
1.2e+10 0.00059 -8.775         0        0        0        0        0        0        0        0        0
1.2e+10 0.00059 -8.725         0        0        0        0        0        0        0        0        0
1.2e+10 0.00059 -8.675         0        0        0        0        0        0        0        0        0
1.2e+10 0.00059 -8.625         0        0        0        0        0        0        0        0        0
1.2e+10 0.00059 -8.575         0        0        0        0        0        0        0        0        0
1.2e+10 0.00059 -8.525         0        0        0        0        0        0        0        0        0
1.2e+10 0.00059 -8.475         0        0        0        0        0        0        0        0        0
1.2e+10 0.00059 -8.425         0        0        0        0        0        0        0        0        0
1.2e+10 0.00059 -8.375         0        0        0        0        0        0        0        0        0
1.2e+10 0.00059 -8.325         0        0        0        0        0        0        0        0        0
1.2e+10 0.00059 -8.275         0        0        0        0        0        0        0        0        0
1.2e+10 0.00059 -8.225         0        0        0        0        0        0        0        0        0
1.2e+10 0.00059 -8.175         0        0        0        0        0        0        0        0        0
1.2e+10 0.00059 -8.125         0        0        0        0        0        0        0        0        0
1.2e+10 0.00059 -8.075         0        0        0        0        0        0        0        0        0
1.2e+10 0.00059 -8.025         0        0        0        0        0        0        0        0        0
1.2e+10 0.00059 -7.975         0        0        0        0        0        0        0        0        0
1.2e+10 0.00059 -7.925         0        0        0        0        0        0        0        0        0
1.2e+10 0.00059 -7.875         0        0        0        0        0        0        0        0        0
1.2e+10 0.00059 -7.825         0        0        0        0        0        0        0        0        0
1.2e+10 0.00059 -7.775         0        0        0        0        0        0        0        0        0
1.2e+10 0.00059 -7.725         0        0        0        0        0        0        0        0        0
1.2e+10 0.00059 -7.675         0        0        0        0        0        0        0        0        0
1.2e+10 0.00059 -7.625         0        0        0        0        0        0        0        0        0
1.2e+10 0.00059 -7.575         0        0        0        0        0        0        0        0        0
1.2e+10 0.00059 -7.525         0        0        0        0        0        0        0        0        0
1.2e+10 0.00059 -7.475         0        0        0        0        0        0        0        0        0
1.2e+10 0.00059 -7.425         0        0        0        0        0        0        0        0        0
1.2e+10 0.00059 -7.375         0        0        0        0        0        0        0        0        0
1.2e+10 0.00059 -7.325         0        0        0        0        0        0        0        0        0
1.2e+10 0.00059 -7.275         0        0        0        0        0        0        0        0        0
1.2e+10 0.00059 -7.225         0        0        0        0        0        0        0        0        0
1.2e+10 0.00059 -7.175         0        0        0        0        0        0        0        0        0
1.2e+10 0.00059 -7.125         0        0        0        0        0        0        0        0        0
1.2e+10 0.00059 -7.075         0        0        0        0        0        0        0        0        0
1.2e+10 0.00059 -7.025         0        0        0        0        0        0        0        0        0
1.2e+10 0.00059 -6.975         0        0        0        0        0        0        0        0        0
1.2e+10 0.00059 -6.925         0        0        0        0        0        0        0        0        0
1.2e+10 0.00059 -6.875         0        0        0        0        0        0        0        0        0
1.2e+10 0.00059 -6.825         0        0        0        0        0        0        0        0        0
1.2e+10 0.00059 -6.775         0        0        0        0        0        0        0        0        0
1.2e+10 0.00059 -6.725         0        0        0        0        0        0        0        0        0
1.2e+10 0.00059 -6.675         0        0        0        0        0        0        0        0        0
1.2e+10 0.00059 -6.625         0        0        0        0        0        0        0        0        0
1.2e+10 0.00059 -6.575         0        0        0        0        0        0        0        0        0
1.2e+10 0.00059 -6.525         0        0        0        0        0        0        0        0        0
1.2e+10 0.00059 -6.475         0        0        0        0        0        0        0        0        0
1.2e+10 0.00059 -6.425         0        0        0        0        0        0        0        0        0
1.2e+10 0.00059 -6.375         0        0        0        0        0        0        0        0        0
1.2e+10 0.00059 -6.325         0        0        0        0        0        0        0        0        0
1.2e+10 0.00059 -6.275         0        0        0        0        0        0        0        0        0
1.2e+10 0.00059 -6.225         0        0        0        0        0        0        0        0        0
1.2e+10 0.00059 -6.175         0        0        0        0        0        0        0        0        0
1.2e+10 0.00059 -6.125         0        0        0        0        0        0        0        0        0
1.2e+10 0.00059 -6.075         0        0        0        0        0        0        0        0        0
1.2e+10 0.00059 -6.025         0        0        0        0        0        0        0        0        0
1.2e+10 0.00059 -5.975         0        0        0        0        0        0        0        0 9.67e-07
1.2e+10 0.00059 -5.925         0        0        0        0        0        0        0        0 1.01e-06
1.2e+10 0.00059 -5.875         0        0        0        0        0        0        0 6.85e-07 8.06e-07
1.2e+10 0.00059 -5.825         0        0        0        0        0        0        0 1.09e-06 9.27e-07
1.2e+10 0.00059 -5.775         0        0        0        0        0        0        0 8.46e-07 1.15e-06
1.2e+10 0.00059 -5.725         0        0        0        0        0        0        0 9.07e-07 1.15e-06
1.2e+10 0.00059 -5.675         0        0        0        0        0        0        0 1.21e-06 1.15e-06
1.2e+10 0.00059 -5.625         0        0        0        0        0        0        0 1.15e-06 1.15e-06
1.2e+10 0.00059 -5.575         0        0        0        0        0        0        0 1.15e-06 1.15e-06
1.2e+10 0.00059 -5.525         0        0        0        0        0        0        0 1.15e-06 1.09e-06
1.2e+10 0.00059 -5.475         0        0        0        0        0        0        0 1.21e-06 1.15e-06
1.2e+10 0.00059 -5.425         0        0        0        0        0        0        0 1.15e-06 1.09e-06
1.2e+10 0.00059 -5.375         0        0        0        0        0        0        0 1.15e-06 1.09e-06
1.2e+10 0.00059 -5.325         0        0        0        0        0        0        0 1.09e-06 1.09e-06
1.2e+10 0.00059 -5.275         0        0        0        0        0        0        0 1.09e-06 1.09e-06
1.2e+10 0.00059 -5.225         0        0        0        0        0        0        0 1.15e-06 1.15e-06
1.2e+10 0.00059 -5.175         0        0        0        0        0        0        0 1.09e-06 1.27e-06
1.2e+10 0.00059 -5.125         0        0        0        0        0        0        0 1.15e-06 1.37e-06
1.2e+10 0.00059 -5.075         0        0        0        0        0        0 1.09e-06 1.37e-06 1.37e-06
1.2e+10 0.00059 -5.025         0        0        0        0        0        0 1.05e-06 1.37e-06 1.45e-06
1.2e+10 0.00059 -4.975         0        0        0        0        0        0 9.27e-07 1.45e-06 1.37e-06
1.2e+10 0.00059 -4.925         0        0        0        0        0        0 1.25e-06 1.45e-06 1.45e-06
1.2e+10 0.00059 -4.875         0        0        0        0        0        0 1.27e-06 1.45e-06 1.53e-06
1.2e+10 0.00059 -4.825         0        0        0        0        0        0 1.27e-06 1.45e-06 1.49e-06
1.2e+10 0.00059 -4.775         0        0        0        0        0        0 1.27e-06 1.53e-06 1.51e-06
1.2e+10 0.00059 -4.725         0        0        0        0        0        0 1.33e-06 1.53e-06 1.53e-06
1.2e+10 0.00059 -4.675         0        0        0        0        0        0 1.27e-06 1.51e-06 1.71e-06
1.2e+10 0.00059 -4.625         0        0        0        0        0        0 1.21e-06 1.67e-06 1.61e-06
1.2e+10 0.00059 -4.575         0        0        0        0        0        0 1.21e-06 1.71e-06 1.81e-06
1.2e+10 0.00059 -4.525         0        0        0        0        0        0 1.21e-06 1.71e-06 1.71e-06
1.2e+10 0.00059 -4.475         0        0        0        0        0        0 1.27e-06 1.71e-06 1.30e-04
1.2e+10 0.00059 -4.425         0        0        0        0        0        0 1.27e-06 2.34e-06 2.84e-04
1.2e+10 0.00059 -4.375         0        0        0        0        0        0 1.33e-06 2.71e-04 2.84e-04
1.2e+10 0.00059 -4.325         0        0        0        0        0        0 1.53e-06 2.84e-04 2.97e-04
1.2e+10 0.00059 -4.275         0        0        0        0        0        0 1.53e-06 2.83e-04 2.82e-04
1.2e+10 0.00059 -4.225         0        0        0        0        0        0 1.61e-06 2.97e-04 2.82e-04
1.2e+10 0.00059 -4.175         0        0        0        0        0        0 1.61e-06 2.82e-04 2.81e-04
1.2e+10 0.00059 -4.125         0        0        0        0        0        0 1.61e-06 2.82e-04 2.94e-04
1.2e+10 0.00059 -4.075         0        0        0        0        0 1.37e-06 1.65e-06 2.81e-04 2.80e-04
1.2e+10 0.00059 -4.025         0        0        0        0        0 1.17e-06 1.63e-06 2.80e-04 2.79e-04
1.2e+10 0.00059 -3.975         0        0        0        0        0 1.23e-06 1.63e-06 2.80e-04 2.79e-04
1.2e+10 0.00059 -3.925         0        0        0        0        0 1.51e-06 1.91e-06 2.93e-04 2.92e-04
1.2e+10 0.00059 -3.875         0        0        0        0        0 1.57e-06 1.81e-06 2.78e-04 2.77e-04
1.2e+10 0.00059 -3.825         0        0        0        0        0 1.45e-06 3.03e-05 2.77e-04 2.77e-04
1.2e+10 0.00059 -3.775         0        0        0        0        0 1.51e-06 2.99e-04 2.77e-04 2.90e-04
1.2e+10 0.00059 -3.725         0        0        0        0        0 1.45e-06 2.84e-04 2.77e-04 2.76e-04
1.2e+10 0.00059 -3.675         0        0        0        0        0 1.45e-06 2.83e-04 2.90e-04 2.75e-04
1.2e+10 0.00059 -3.625         0        0        0        0        0 1.45e-06 2.97e-04 2.76e-04 2.75e-04
1.2e+10 0.00059 -3.575         0        0        0        0        0 1.39e-06 2.82e-04 2.75e-04 2.88e-04
1.2e+10 0.00059 -3.525  8.06e-08        0        0        0        0 1.45e-06 2.81e-04 2.75e-04 2.74e-04
1.2e+10 0.00059 -3.475  1.37e-06        0        0        0        0 1.61e-06 2.81e-04 2.74e-04 2.73e-04
1.2e+10 0.00059 -3.425  1.01e-06        0        0        0        0 1.77e-06 2.94e-04 2.87e-04 2.73e-04
1.2e+10 0.00059 -3.375  1.07e-06        0        0        0 1.29e-06 1.85e-06 2.80e-04 2.73e-04 2.86e-04
1.2e+10 0.00059 -3.325  1.39e-06        0        0        0 1.37e-06 1.85e-06 2.79e-04 2.73e-04 2.72e-04
1.2e+10 0.00059 -3.275  1.39e-06        0        0        0 1.59e-06 1.85e-06 2.92e-04 2.72e-04 2.72e-04
1.2e+10 0.00059 -3.225  1.39e-06        0        0        0 1.81e-06 1.87e-06 2.78e-04 2.72e-04 2.84e-04
1.2e+10 0.00059 -3.175  1.33e-06        0        0        0 1.75e-06 1.87e-06 2.77e-04 2.85e-04 2.70e-04
1.2e+10 0.00059 -3.125  1.39e-06        0        0        0 1.69e-06 1.94e-06 2.90e-04 2.71e-04 2.70e-04
1.2e+10 0.00059 -3.075  1.33e-06        0        0        0 1.69e-06 1.29e-04 2.76e-04 2.70e-04 2.70e-04
1.2e+10 0.00059 -3.025  1.33e-06        0        0        0 1.63e-06 2.84e-04 2.76e-04 2.70e-04 2.83e-04
1.2e+10 0.00059 -2.975  1.33e-06        0        0        0 1.63e-06 2.83e-04 2.75e-04 2.70e-04 2.69e-04
1.2e+10 0.00059 -2.925  1.27e-06        0        0        0 1.57e-06 2.83e-04 2.88e-04 2.83e-04 2.69e-04
1.2e+10 0.00059 -2.875  1.39e-06        0        0        0 1.69e-06 2.83e-04 2.74e-04 2.69e-04 2.69e-04
1.2e+10 0.00059 -2.825  1.55e-06        0        0        0 2.02e-06 2.82e-04 2.74e-04 2.69e-04 2.81e-04
1.2e+10 0.00059 -2.775  1.61e-06        0        0        0 2.02e-06 2.81e-04 2.87e-04 2.69e-04 2.68e-04
1.2e+10 0.00059 -2.725  1.69e-06        0        0        0 2.02e-06 2.81e-04 2.73e-04 2.68e-04 2.68e-04
1.2e+10 0.00059 -2.675  1.77e-06        0        0        0 2.10e-06 2.95e-04 2.73e-04 2.81e-04 2.80e-04
1.2e+10 0.00059 -2.625  1.69e-06        0        0        0 2.14e-06 2.80e-04 2.86e-04 2.67e-04 2.66e-04
1.2e+10 0.00059 -2.575  1.77e-06        0        0        0 2.12e-06 2.79e-04 2.72e-04 2.67e-04 2.66e-04
1.2e+10 0.00059 -2.525  1.81e-06        0        0 2.02e-07 2.42e-04 2.79e-04 2.71e-04 2.66e-04 2.66e-04
1.2e+10 0.00059 -2.475  1.81e-06        0        0 2.26e-06 2.84e-04 2.78e-04 2.84e-04 2.65e-04 2.81e-04
1.2e+10 0.00059 -2.425  1.96e-06        0        0 2.22e-06 2.69e-04 2.77e-04 2.71e-04 2.81e-04 2.73e-04
1.2e+10 0.00059 -2.375  8.67e-05        0        0 2.36e-06 2.83e-04 2.77e-04 2.70e-04 2.72e-04 2.62e-04
1.2e+10 0.00059 -2.325  2.84e-04        0        0 2.24e-06 2.69e-04 2.77e-04 2.70e-04 2.66e-04 2.62e-04
1.2e+10 0.00059 -2.275  2.83e-04        0        0 2.18e-06 2.82e-04 2.76e-04 2.83e-04 2.62e-04 2.74e-04
1.2e+10 0.00059 -2.225  2.83e-04        0        0 2.06e-06 2.82e-04 2.76e-04 2.69e-04 2.62e-04 2.80e-04
1.2e+10 0.00059 -2.175  2.83e-04        0        0 2.00e-06 2.67e-04 2.75e-04 2.69e-04 2.75e-04 2.81e-04
1.2e+10 0.00059 -2.125  2.82e-04        0        0 2.12e-06 2.81e-04 2.75e-04 2.82e-04 2.93e-04 2.76e-04
1.2e+10 0.00059 -2.075  2.82e-04        0        0 2.46e-06 2.80e-04 2.75e-04 2.68e-04 2.69e-04 2.63e-04
1.2e+10 0.00059 -2.025  2.81e-04        0        0 2.50e-06 2.66e-04 2.74e-04 2.68e-04 2.63e-04 2.62e-04
1.2e+10 0.00059 -1.975  2.81e-04        0        0 2.58e-06 2.79e-04 2.74e-04 2.80e-04 2.63e-04 2.61e-04
1.2e+10 0.00059 -1.925  2.80e-04        0        0 1.72e-04 2.78e-04 2.73e-04 2.70e-04 2.74e-04 2.73e-04
1.2e+10 0.00059 -1.875  2.79e-04        0        0 2.70e-04 2.64e-04 2.73e-04 2.76e-04 2.61e-04 2.61e-04
1.2e+10 0.00059 -1.825  2.79e-04        0        0 2.70e-04 2.77e-04 2.72e-04 2.64e-04 2.60e-04 2.60e-04
1.2e+10 0.00059 -1.775  2.78e-04        0        0 2.83e-04 2.77e-04 2.72e-04 2.76e-04 2.60e-04 2.60e-04
1.2e+10 0.00059 -1.725  2.78e-04        0        0 2.69e-04 2.63e-04 2.72e-04 2.63e-04 2.60e-04 2.72e-04
1.2e+10 0.00059 -1.675  2.77e-04        0        0 2.69e-04 2.76e-04 2.72e-04 2.63e-04 2.73e-04 2.60e-04
1.2e+10 0.00059 -1.625  2.77e-04        0        0 2.68e-04 2.76e-04 2.72e-04 2.95e-04 2.60e-04 2.60e-04
1.2e+10 0.00059 -1.575  2.77e-04        0        0 2.68e-04 2.62e-04 2.84e-04 2.80e-04 2.60e-04 2.72e-04
1.2e+10 0.00059 -1.525  2.76e-04        0        0 2.68e-04 2.75e-04 2.71e-04 2.65e-04 2.61e-04 2.61e-04
1.2e+10 0.00059 -1.475  2.75e-04        0        0 2.81e-04 2.74e-04 2.70e-04 2.78e-04 2.61e-04 2.62e-04
1.2e+10 0.00059 -1.425  2.75e-04        0        0 2.67e-04 2.61e-04 2.70e-04 2.63e-04 2.74e-04 2.62e-04
1.2e+10 0.00059 -1.375  2.75e-04        0        0 2.66e-04 2.74e-04 2.69e-04 2.62e-04 2.63e-04 2.77e-04
1.2e+10 0.00059 -1.325  2.74e-04        0        0 2.66e-04 2.60e-04 2.73e-04 2.62e-04 2.65e-04 2.66e-04
1.2e+10 0.00059 -1.275  2.74e-04        0        0 2.65e-04 2.73e-04 2.77e-04 2.75e-04 2.66e-04 2.73e-04
1.2e+10 0.00059 -1.225  2.74e-04        0        0 2.79e-04 2.73e-04 2.66e-04 2.62e-04 2.73e-04 2.76e-04
1.2e+10 0.00059 -1.175  2.73e-04        0        0 2.65e-04 2.60e-04 2.65e-04 2.63e-04 2.89e-04 2.96e-04
1.2e+10 0.00059 -1.125  2.73e-04        0        0 2.64e-04 2.73e-04 2.65e-04 2.75e-04 2.86e-04 2.86e-04
1.2e+10 0.00059 -1.075  2.73e-04        0        0 2.64e-04 2.72e-04 2.65e-04 2.63e-04 2.87e-04 2.87e-04
1.2e+10 0.00059 -1.025  2.72e-04        0        0 2.64e-04 2.59e-04 2.64e-04 2.64e-04 2.89e-04 3.90e-04
1.2e+10 0.00059 -0.975  2.72e-04        0        0 2.77e-04 2.72e-04 2.94e-04 2.77e-04 3.94e-04 3.68e-04
1.2e+10 0.00059 -0.925  2.72e-04        0        0 2.63e-04 2.71e-04 2.74e-04 2.68e-04 3.84e-04 4.10e-04
1.2e+10 0.00059 -0.875  2.72e-04        0        0 2.62e-04 2.62e-04 2.67e-04 2.70e-04 4.19e-04 2.92e-04
1.2e+10 0.00059 -0.825  2.71e-04        0 4.59e-05 2.62e-04 2.77e-04 2.67e-04 2.91e-04 2.58e-04 2.70e-04
1.2e+10 0.00059 -0.775  2.71e-04        0 2.74e-04 2.62e-04 2.68e-04 2.65e-04 2.84e-04 2.59e-04 2.59e-04
1.2e+10 0.00059 -0.725  2.70e-04        0 2.57e-04 2.75e-04 2.54e-04 2.65e-04 2.96e-04 2.59e-04 2.59e-04
1.2e+10 0.00059 -0.675  2.73e-04        0 2.71e-04 2.62e-04 2.67e-04 2.65e-04 2.98e-04 2.70e-04 2.60e-04
1.2e+10 0.00059 -0.625  2.78e-04        0 2.71e-04 2.62e-04 2.66e-04 2.65e-04 4.19e-04 2.60e-04 2.70e-04
1.2e+10 0.00059 -0.575  2.68e-04        0 2.70e-04 2.61e-04 2.53e-04 2.66e-04 4.28e-04 2.60e-04 2.61e-04
1.2e+10 0.00059 -0.525  2.66e-04        0 2.56e-04 2.61e-04 2.85e-04 2.67e-04 3.55e-04 2.60e-04 2.60e-04
1.2e+10 0.00059 -0.475  2.66e-04        0 2.69e-04 2.61e-04 2.85e-04 2.82e-04 2.72e-04 2.60e-04 2.71e-04
1.2e+10 0.00059 -0.425  2.66e-04        0 2.70e-04 2.76e-04 2.56e-04 2.71e-04 2.60e-04 2.73e-04 2.62e-04
1.2e+10 0.00059 -0.375  2.65e-04        0 2.69e-04 2.70e-04 2.69e-04 2.79e-04 2.60e-04 2.61e-04 2.61e-04
1.2e+10 0.00059 -0.325  2.82e-04        0 2.70e-04 2.57e-04 2.54e-04 2.90e-04 2.72e-04 2.61e-04 2.63e-04
1.2e+10 0.00059 -0.275  2.86e-04        0 2.61e-04 2.56e-04 2.67e-04 3.07e-04 2.62e-04 2.61e-04 2.73e-04
1.2e+10 0.00059 -0.225  2.69e-04        0 2.69e-04 2.56e-04 2.68e-04 3.12e-04 2.60e-04 2.64e-04 2.62e-04
1.2e+10 0.00059 -0.175  2.68e-04        0 2.69e-04 2.69e-04 2.56e-04 5.00e-04 2.62e-04 2.74e-04 2.64e-04
1.2e+10 0.00059 -0.125  2.66e-04        0 2.69e-04 2.56e-04 2.70e-04 4.23e-04 2.74e-04 2.62e-04 2.64e-04
1.2e+10 0.00059 -0.075  2.65e-04 1.69e-04 2.56e-04 2.55e-04 2.75e-04 2.63e-04 2.62e-04 2.66e-04 2.75e-04
1.2e+10 0.00059 -0.025  2.66e-04 2.53e-04 2.67e-04 2.77e-04 2.68e-04 2.62e-04 2.63e-04 2.64e-04 2.66e-04
1.2e+10 0.00059  0.025  2.66e-04 2.67e-04 2.68e-04 2.73e-04 2.93e-04 2.63e-04 2.74e-04 2.65e-04 2.66e-04
1.2e+10 0.00059  0.075  2.69e-04 2.52e-04 2.68e-04 2.72e-04 3.15e-04 2.63e-04 2.63e-04 2.78e-04 2.77e-04
1.2e+10 0.00059  0.125  2.70e-04 2.51e-04 2.69e-04 2.59e-04 3.23e-04 2.63e-04 2.64e-04 2.66e-04 2.69e-04
1.2e+10 0.00059  0.175  2.73e-04 2.58e-04 2.54e-04 2.58e-04 6.32e-04 2.64e-04 2.75e-04 2.69e-04 2.69e-04
1.2e+10 0.00059  0.225  2.82e-04 2.62e-04 2.67e-04 2.59e-04 2.71e-04 2.63e-04 2.66e-04 2.69e-04 2.69e-04
1.2e+10 0.00059  0.275  2.95e-04 2.56e-04 2.67e-04 2.61e-04 2.51e-04 2.65e-04 2.65e-04 2.68e-04 2.82e-04
1.2e+10 0.00059  0.325  3.21e-04 2.70e-04 2.71e-04 2.79e-04 2.65e-04 2.64e-04 2.77e-04 2.71e-04 2.71e-04
1.2e+10 0.00059  0.375  3.74e-04 2.56e-04 2.61e-04 2.80e-04 2.65e-04 2.65e-04 2.67e-04 2.83e-04 2.74e-04
1.2e+10 0.00059  0.425  5.81e-04 2.59e-04 2.63e-04 3.09e-04 2.53e-04 2.65e-04 2.67e-04 2.73e-04 2.72e-04
1.2e+10 0.00059  0.475  2.64e-04 3.25e-04 2.62e-04 3.82e-04 2.66e-04 2.65e-04 2.69e-04 2.72e-04 2.85e-04
1.2e+10 0.00059  0.525  2.63e-04 2.74e-04 2.62e-04 5.77e-04 2.52e-04 2.66e-04 2.80e-04 2.74e-04 2.77e-04
1.2e+10 0.00059  0.575  2.63e-04 2.72e-04 2.62e-04 2.63e-04 2.66e-04 2.79e-04 2.69e-04 2.77e-04 2.74e-04
1.2e+10 0.00059  0.625  2.64e-04 2.69e-04 2.48e-04 2.67e-04 2.66e-04 2.67e-04 2.72e-04 2.86e-04 2.90e-04
1.2e+10 0.00059  0.675  2.64e-04 2.81e-04 2.62e-04 2.55e-04 2.54e-04 2.68e-04 2.83e-04 2.77e-04 2.80e-04
1.2e+10 0.00059  0.725  2.64e-04 2.67e-04 2.61e-04 2.55e-04 2.67e-04 2.67e-04 2.72e-04 2.80e-04 2.79e-04
1.2e+10 0.00059  0.775  2.64e-04 2.65e-04 2.92e-04 2.55e-04 2.66e-04 2.68e-04 2.75e-04 2.80e-04 2.79e-04
1.2e+10 0.00059  0.825  2.64e-04 2.75e-04 2.62e-04 2.56e-04 2.55e-04 2.69e-04 2.86e-04 2.79e-04 2.92e-04
1.2e+10 0.00059  0.875  2.65e-04 4.16e-04 2.76e-04 2.68e-04 2.68e-04 2.70e-04 2.76e-04 2.92e-04 2.83e-04
1.2e+10 0.00059  0.925  2.66e-04 5.95e-04 2.99e-04 2.56e-04 2.68e-04 2.71e-04 2.76e-04 2.84e-04 2.83e-04
1.2e+10 0.00059  0.975  2.64e-04 3.50e-04 6.37e-04 2.55e-04 2.57e-04 2.71e-04 2.77e-04 2.82e-04 2.85e-04
1.2e+10 0.00059  1.025  2.66e-04 2.60e-04 3.67e-04 2.57e-04 2.69e-04 2.72e-04 2.92e-04 2.88e-04 2.98e-04
1.2e+10 0.00059  1.075  2.66e-04 2.58e-04 2.70e-04 2.56e-04 2.71e-04 2.74e-04 2.78e-04 2.85e-04 2.85e-04
1.2e+10 0.00059  1.125  2.66e-04 2.57e-04 2.61e-04 2.70e-04 2.57e-04 2.74e-04 2.83e-04 2.98e-04 2.88e-04
1.2e+10 0.00059  1.175  2.68e-04 2.57e-04 2.61e-04 2.58e-04 2.72e-04 2.75e-04 2.95e-04 2.88e-04 3.02e-04
1.2e+10 0.00059  1.225  2.66e-04 2.57e-04 2.61e-04 2.57e-04 2.71e-04 2.76e-04 2.81e-04 2.88e-04 2.90e-04
1.2e+10 0.00059  1.275  2.69e-04 2.57e-04 2.47e-04 2.60e-04 2.60e-04 2.78e-04 2.86e-04 2.94e-04 2.90e-04
1.2e+10 0.00059  1.325  2.68e-04 2.71e-04 2.61e-04 2.58e-04 2.73e-04 2.79e-04 2.99e-04 2.93e-04 2.95e-04
1.2e+10 0.00059  1.375  2.68e-04 2.58e-04 2.60e-04 2.71e-04 2.73e-04 2.80e-04 2.85e-04 3.03e-04 3.10e-04
1.2e+10 0.00059  1.425  2.70e-04 2.58e-04 2.61e-04 2.61e-04 2.64e-04 2.81e-04 2.90e-04 3.01e-04 2.99e-04
1.2e+10 0.00059  1.475  2.70e-04 2.58e-04 2.48e-04 2.60e-04 2.76e-04 2.81e-04 3.00e-04 3.03e-04 3.06e-04
1.2e+10 0.00059  1.525  2.73e-04 2.58e-04 2.62e-04 2.63e-04 2.64e-04 2.84e-04 2.92e-04 3.06e-04 3.10e-04
1.2e+10 0.00059  1.575  2.72e-04 2.60e-04 2.61e-04 2.61e-04 2.81e-04 2.86e-04 2.93e-04 3.16e-04 3.20e-04
1.2e+10 0.00059  1.625  2.72e-04 2.59e-04 2.62e-04 2.64e-04 2.78e-04 2.84e-04 2.94e-04 3.20e-04 3.34e-04
1.2e+10 0.00059  1.675  2.75e-04 2.72e-04 2.63e-04 2.74e-04 2.69e-04 3.01e-04 3.10e-04 3.33e-04 3.28e-04
1.2e+10 0.00059  1.725  2.75e-04 2.59e-04 2.50e-04 2.65e-04 2.81e-04 2.87e-04 2.98e-04 3.36e-04 3.42e-04
1.2e+10 0.00059  1.775  2.75e-04 2.60e-04 2.63e-04 2.64e-04 2.84e-04 2.91e-04 3.01e-04 3.40e-04 3.55e-04
1.2e+10 0.00059  1.825  2.77e-04 2.61e-04 2.63e-04 2.65e-04 2.73e-04 2.91e-04 3.20e-04 3.64e-04 3.46e-04
1.2e+10 0.00059  1.875  2.77e-04 2.61e-04 2.64e-04 2.69e-04 2.84e-04 2.94e-04 3.08e-04 3.67e-04 3.81e-04
1.2e+10 0.00059  1.925  2.80e-04 2.61e-04 2.52e-04 2.79e-04 2.89e-04 2.96e-04 3.19e-04 3.83e-04 3.84e-04
1.2e+10 0.00059  1.975  2.80e-04 2.76e-04 2.66e-04 2.69e-04 2.74e-04 2.95e-04 3.40e-04 3.93e-04 3.82e-04
1.2e+10 0.00059  2.025  2.83e-04 2.63e-04 2.64e-04 2.71e-04 2.91e-04 3.00e-04 3.31e-04 3.88e-04 4.10e-04
1.2e+10 0.00059  2.075  2.81e-04 2.65e-04 2.68e-04 2.71e-04 2.92e-04 2.98e-04 3.53e-04 4.10e-04 3.96e-04
1.2e+10 0.00059  2.125  2.85e-04 2.66e-04 2.67e-04 2.74e-04 2.80e-04 3.02e-04 3.56e-04 4.34e-04 4.31e-04
1.2e+10 0.00059  2.175  2.85e-04 2.66e-04 2.55e-04 2.84e-04 2.94e-04 3.08e-04 3.93e-04 4.47e-04 4.54e-04
1.2e+10 0.00059  2.225  2.87e-04 2.67e-04 2.69e-04 2.78e-04 2.96e-04 3.04e-04 3.87e-04 4.55e-04 4.54e-04
1.2e+10 0.00059  2.275  2.90e-04 2.68e-04 2.69e-04 2.76e-04 2.86e-04 3.15e-04 4.14e-04 4.55e-04 5.01e-04
1.2e+10 0.00059  2.325  2.88e-04 2.81e-04 2.71e-04 2.80e-04 2.98e-04 3.23e-04 4.26e-04 5.31e-04 5.14e-04
1.2e+10 0.00059  2.375  2.90e-04 2.71e-04 2.57e-04 2.80e-04 3.00e-04 3.22e-04 4.32e-04 5.42e-04 5.31e-04
1.2e+10 0.00059  2.425  2.95e-04 2.69e-04 2.73e-04 2.92e-04 2.95e-04 3.45e-04 4.39e-04 5.32e-04 5.42e-04
1.2e+10 0.00059  2.475  2.94e-04 2.74e-04 2.72e-04 2.83e-04 3.03e-04 3.56e-04 4.74e-04 6.03e-04 6.34e-04
1.2e+10 0.00059  2.525  2.94e-04 2.73e-04 2.76e-04 2.86e-04 3.00e-04 3.80e-04 4.92e-04 6.31e-04 6.76e-04
1.2e+10 0.00059  2.575  2.99e-04 2.75e-04 2.74e-04 2.85e-04 3.10e-04 3.94e-04 4.91e-04 7.40e-04 7.40e-04
1.2e+10 0.00059  2.625  2.99e-04 2.76e-04 2.66e-04 2.87e-04 3.12e-04 4.28e-04 5.49e-04 7.52e-04 7.15e-04
1.2e+10 0.00059  2.675  3.02e-04 2.90e-04 2.77e-04 2.90e-04 3.16e-04 4.50e-04 5.77e-04 7.43e-04 8.05e-04
1.2e+10 0.00059  2.725  3.05e-04 2.81e-04 2.79e-04 3.04e-04 3.33e-04 4.63e-04 5.68e-04 8.74e-04 8.75e-04
1.2e+10 0.00059  2.775  3.08e-04 2.80e-04 2.81e-04 2.95e-04 3.48e-04 4.79e-04 6.33e-04 8.77e-04 8.78e-04
1.2e+10 0.00059  2.825  3.12e-04 2.84e-04 2.70e-04 2.96e-04 3.49e-04 4.93e-04 7.31e-04 8.80e-04 8.97e-04
1.2e+10 0.00059  2.875  3.12e-04 2.83e-04 2.84e-04 3.00e-04 4.05e-04 5.27e-04 7.43e-04 9.60e-04 1.02e-03
1.2e+10 0.00059  2.925  3.32e-04 2.89e-04 2.85e-04 3.01e-04 4.28e-04 5.31e-04 7.45e-04 1.06e-03 1.14e-03
1.2e+10 0.00059  2.975  3.32e-04 2.98e-04 2.87e-04 3.20e-04 4.53e-04 5.93e-04 8.35e-04 1.17e-03 1.13e-03
1.2e+10 0.00059  3.025  3.57e-04 2.92e-04 2.75e-04 3.08e-04 5.15e-04 6.02e-04 9.05e-04 1.14e-03 1.18e-03
1.2e+10 0.00059  3.075  3.78e-04 2.93e-04 2.91e-04 3.29e-04 5.17e-04 6.29e-04 8.81e-04 1.25e-03 1.28e-03
1.2e+10 0.00059  3.125  4.11e-04 2.93e-04 2.92e-04 3.32e-04 5.14e-04 6.67e-04 9.30e-04 1.29e-03 1.29e-03
1.2e+10 0.00059  3.175  4.58e-04 3.01e-04 2.91e-04 3.61e-04 5.62e-04 7.50e-04 1.01e-03 1.28e-03 1.39e-03
1.2e+10 0.00059  3.225  5.14e-04 2.98e-04 2.99e-04 4.04e-04 5.70e-04 8.02e-04 1.11e-03 1.43e-03 1.45e-03
1.2e+10 0.00059  3.275  5.39e-04 3.07e-04 2.86e-04 4.35e-04 6.18e-04 7.77e-04 1.13e-03 1.44e-03 1.49e-03
1.2e+10 0.00059  3.325  5.51e-04 3.18e-04 2.99e-04 5.23e-04 6.38e-04 8.81e-04 1.15e-03 1.52e-03 1.57e-03
1.2e+10 0.00059  3.375  5.84e-04 3.17e-04 3.04e-04 5.80e-04 6.56e-04 9.10e-04 1.24e-03 1.59e-03 1.63e-03
1.2e+10 0.00059  3.425  6.04e-04 3.21e-04 3.07e-04 5.81e-04 7.21e-04 8.86e-04 1.24e-03 1.66e-03 1.71e-03
1.2e+10 0.00059  3.475  6.46e-04 3.27e-04 3.00e-04 6.12e-04 7.91e-04 9.60e-04 1.34e-03 1.71e-03 1.78e-03
1.2e+10 0.00059  3.525  6.69e-04 3.34e-04 3.14e-04 6.15e-04 7.95e-04 1.05e-03 1.39e-03 1.78e-03 1.90e-03
1.2e+10 0.00059  3.575  6.99e-04 3.72e-04 3.21e-04 6.61e-04 8.33e-04 1.10e-03 1.39e-03 1.92e-03 2.00e-03
1.2e+10 0.00059  3.625  7.37e-04 4.50e-04 3.22e-04 6.79e-04 9.11e-04 1.10e-03 1.49e-03 1.98e-03 2.05e-03
1.2e+10 0.00059  3.675  8.29e-04 9.33e-04 3.57e-04 7.09e-04 9.04e-04 1.17e-03 1.54e-03 2.07e-03 2.15e-03
1.2e+10 0.00059  3.725  8.05e-04 1.14e-03 3.65e-04 7.32e-04 9.21e-04 1.20e-03 1.60e-03 2.09e-03 2.36e-03
1.2e+10 0.00059  3.775  8.85e-04 8.35e-04 4.30e-04 8.34e-04 1.00e-03 1.25e-03 1.66e-03 2.32e-03 2.35e-03
1.2e+10 0.00059  3.825  9.11e-04 8.06e-04 6.55e-04 8.26e-04 1.05e-03 1.32e-03 1.74e-03 2.29e-03 2.47e-03
1.2e+10 0.00059  3.875  9.14e-04 8.16e-04 8.86e-04 8.79e-04 1.10e-03 1.29e-03 1.80e-03 2.52e-03 2.62e-03
1.2e+10 0.00059  3.925  9.53e-04 8.29e-04 8.09e-04 9.05e-04 1.11e-03 1.39e-03 1.84e-03 2.55e-03 2.87e-03
1.2e+10 0.00059  3.975  1.01e-03 8.68e-04 7.62e-04 9.09e-04 1.17e-03 1.44e-03 1.95e-03 2.73e-03 2.91e-03
1.2e+10 0.00059  4.025  1.08e-03 8.85e-04 7.86e-04 9.60e-04 1.16e-03 1.46e-03 2.04e-03 2.88e-03 3.14e-03
1.2e+10 0.00059  4.075  1.10e-03 9.11e-04 7.78e-04 9.81e-04 1.23e-03 1.54e-03 2.09e-03 2.98e-03 3.18e-03
1.2e+10 0.00059  4.125  1.08e-03 9.64e-04 8.20e-04 1.07e-03 1.28e-03 1.56e-03 2.20e-03 3.11e-03 3.42e-03
1.2e+10 0.00059  4.175  1.20e-03 9.68e-04 8.33e-04 1.06e-03 1.29e-03 1.60e-03 2.31e-03 3.13e-03 3.47e-03
1.2e+10 0.00059  4.225  1.16e-03 9.59e-04 8.60e-04 1.07e-03 1.34e-03 1.74e-03 2.37e-03 3.35e-03 3.64e-03
1.2e+10 0.00059  4.275  1.20e-03 1.06e-03 9.13e-04 1.16e-03 1.39e-03 1.70e-03 2.53e-03 3.53e-03 3.90e-03
1.2e+10 0.00059  4.325  1.29e-03 1.07e-03 9.13e-04 1.20e-03 1.42e-03 1.86e-03 2.61e-03 3.63e-03 4.01e-03
1.2e+10 0.00059  4.375  1.24e-03 1.10e-03 9.32e-04 1.14e-03 1.45e-03 1.82e-03 2.72e-03 3.69e-03 4.26e-03
1.2e+10 0.00059  4.425  1.36e-03 1.11e-03 9.29e-04 1.28e-03 1.51e-03 1.98e-03 2.82e-03 3.96e-03 4.38e-03
1.2e+10 0.00059  4.475  1.36e-03 1.11e-03 1.02e-03 1.24e-03 1.60e-03 2.03e-03 2.89e-03 4.14e-03 4.60e-03
1.2e+10 0.00059  4.525  1.40e-03 1.16e-03 1.01e-03 1.29e-03 1.61e-03 1.98e-03 2.95e-03 4.21e-03 4.65e-03
1.2e+10 0.00059  4.575  1.45e-03 1.22e-03 1.06e-03 1.35e-03 1.64e-03 2.18e-03 3.08e-03 4.43e-03 4.98e-03
1.2e+10 0.00059  4.625  1.45e-03 1.20e-03 1.06e-03 1.32e-03 1.79e-03 2.21e-03 3.21e-03 4.56e-03 5.14e-03
1.2e+10 0.00059  4.675  1.54e-03 1.24e-03 1.11e-03 1.43e-03 1.75e-03 2.32e-03 3.36e-03 4.81e-03 5.30e-03
1.2e+10 0.00059  4.725  1.56e-03 1.27e-03 1.11e-03 1.44e-03 1.78e-03 2.42e-03 3.37e-03 4.94e-03 5.24e-03
1.2e+10 0.00059  4.775  1.64e-03 1.27e-03 1.12e-03 1.46e-03 1.95e-03 2.44e-03 3.56e-03 5.07e-03 5.55e-03
1.2e+10 0.00059  4.825  1.65e-03 1.32e-03 1.17e-03 1.56e-03 1.88e-03 2.55e-03 3.63e-03 5.13e-03 5.71e-03
1.2e+10 0.00059  4.875  1.69e-03 1.33e-03 1.19e-03 1.57e-03 2.06e-03 2.56e-03 3.70e-03 5.27e-03 5.89e-03
1.2e+10 0.00059  4.925  1.73e-03 1.34e-03 1.20e-03 1.62e-03 2.03e-03 2.65e-03 3.68e-03 5.59e-03 6.05e-03
1.2e+10 0.00059  4.975  1.87e-03 1.42e-03 1.29e-03 1.68e-03 2.13e-03 2.74e-03 3.91e-03 5.56e-03 6.24e-03
1.2e+10 0.00059  5.025  1.81e-03 1.43e-03 1.27e-03 1.69e-03 2.24e-03 2.86e-03 3.96e-03 5.72e-03 5.86e-03
1.2e+10 0.00059  5.075  1.94e-03 1.45e-03 1.26e-03 1.75e-03 2.18e-03 2.79e-03 4.05e-03 6.07e-03 6.02e-03
1.2e+10 0.00059  5.125  1.94e-03 1.46e-03 1.39e-03 1.80e-03 2.35e-03 3.01e-03 4.16e-03 5.48e-03 5.99e-03
1.2e+10 0.00059  5.175  1.97e-03 1.55e-03 1.35e-03 1.82e-03 2.39e-03 2.98e-03 4.31e-03 5.63e-03 6.36e-03
1.2e+10 0.00059  5.225  2.11e-03 1.50e-03 1.37e-03 1.92e-03 2.39e-03 3.05e-03 4.27e-03 5.77e-03 6.34e-03
1.2e+10 0.00059  5.275  2.16e-03 1.52e-03 1.43e-03 1.95e-03 2.56e-03 3.12e-03 4.54e-03 5.93e-03 6.74e-03
1.2e+10 0.00059  5.325  2.15e-03 1.65e-03 1.46e-03 2.01e-03 2.54e-03 3.15e-03 4.47e-03 6.09e-03 6.71e-03
1.2e+10 0.00059  5.375  2.28e-03 1.58e-03 1.50e-03 2.10e-03 2.52e-03 3.21e-03 4.57e-03 6.26e-03 7.03e-03
1.2e+10 0.00059  5.425  2.22e-03 1.67e-03 1.56e-03 2.03e-03 2.68e-03 3.26e-03 4.86e-03 6.44e-03 7.50e-03
1.2e+10 0.00059  5.475  2.35e-03 1.59e-03 1.56e-03 2.18e-03 2.67e-03 3.23e-03 4.79e-03 6.38e-03 7.63e-03
1.2e+10 0.00059  5.525  2.38e-03 1.70e-03 1.61e-03 2.20e-03 2.76e-03 3.35e-03 5.08e-03 7.03e-03 7.77e-03
1.2e+10 0.00059  5.575  2.48e-03 1.63e-03 1.65e-03 2.28e-03 2.82e-03 3.41e-03 5.02e-03 6.77e-03 7.92e-03
1.2e+10 0.00059  5.625  2.43e-03 1.74e-03 1.58e-03 2.26e-03 2.75e-03 3.49e-03 4.76e-03 7.15e-03 8.06e-03
1.2e+10 0.00059  5.675  2.57e-03 1.71e-03 1.70e-03 2.29e-03 2.90e-03 3.55e-03 5.06e-03 7.28e-03 8.22e-03
1.2e+10 0.00059  5.725  2.55e-03 1.70e-03 1.76e-03 2.34e-03 2.96e-03 3.56e-03 4.97e-03 7.40e-03 8.08e-03
1.2e+10 0.00059  5.775  2.67e-03 1.73e-03 1.79e-03 2.44e-03 2.95e-03 3.66e-03 5.30e-03 7.53e-03 8.48e-03
1.2e+10 0.00059  5.825  2.75e-03 1.76e-03 1.75e-03 2.36e-03 2.92e-03 3.73e-03 5.21e-03 7.37e-03 8.64e-03
1.2e+10 0.00059  5.875  2.73e-03 1.78e-03 1.85e-03 2.51e-03 3.00e-03 3.80e-03 5.33e-03 7.83e-03 8.82e-03
1.2e+10 0.00059  5.925  2.81e-03 1.83e-03 1.82e-03 2.47e-03 3.11e-03 3.87e-03 5.69e-03 7.82e-03 9.00e-03
1.2e+10 0.00059  5.975  2.85e-03 1.80e-03 1.95e-03 2.54e-03 3.03e-03 3.94e-03 5.59e-03 7.95e-03 8.84e-03
1.2e+10 0.00059  6.025  2.92e-03 1.81e-03 1.85e-03 2.57e-03 3.22e-03 4.02e-03 5.73e-03 8.45e-03 9.38e-03
1.2e+10 0.00059  6.075  2.92e-03 1.92e-03 1.96e-03 2.55e-03 3.14e-03 4.09e-03 6.40e-03 8.26e-03 9.59e-03
1.2e+10 0.00059  6.125  2.98e-03 1.78e-03 2.04e-03 2.64e-03 3.31e-03 4.18e-03 6.51e-03 8.42e-03 1.07e-02
1.2e+10 0.00059  6.175  3.10e-03 1.80e-03 1.98e-03 2.64e-03 3.32e-03 4.26e-03 6.61e-03 8.97e-03 1.13e-02
1.2e+10 0.00059  6.225  3.03e-03 1.92e-03 2.01e-03 2.67e-03 3.36e-03 4.15e-03 6.72e-03 8.77e-03 1.11e-02
1.2e+10 0.00059  6.275  3.21e-03 1.82e-03 2.02e-03 2.71e-03 3.43e-03 4.23e-03 6.56e-03 9.28e-03 1.19e-02
1.2e+10 0.00059  6.325  3.27e-03 1.87e-03 2.11e-03 2.68e-03 3.48e-03 4.12e-03 6.93e-03 1.07e-02 1.22e-02
1.2e+10 0.00059  6.375  3.26e-03 1.88e-03 2.13e-03 2.88e-03 3.53e-03 4.40e-03 7.05e-03 1.10e-02 1.26e-02
1.2e+10 0.00059  6.425  3.47e-03 1.89e-03 2.11e-03 2.79e-03 3.61e-03 4.48e-03 7.17e-03 1.13e-02 1.29e-02
1.2e+10 0.00059  6.475  3.53e-03 1.89e-03 2.16e-03 2.71e-03 3.67e-03 4.36e-03 7.42e-03 1.16e-02 1.46e-02
1.2e+10 0.00059  6.525  3.59e-03 1.91e-03 2.18e-03 2.88e-03 3.72e-03 4.66e-03 7.88e-03 1.14e-02 1.51e-02
1.2e+10 0.00059  6.575  3.65e-03 1.87e-03 2.17e-03 2.92e-03 3.80e-03 4.76e-03 8.38e-03 1.22e-02 1.62e-02
1.2e+10 0.00059  6.625  3.72e-03 1.92e-03 2.19e-03 2.97e-03 3.87e-03 4.63e-03 8.19e-03 1.35e-02 1.61e-02
1.2e+10 0.00059  6.675  3.79e-03 1.83e-03 2.20e-03 2.86e-03 3.93e-03 4.95e-03 8.35e-03 1.47e-02 1.67e-02
1.2e+10 0.00059  6.725  3.85e-03 1.97e-03 2.32e-03 3.07e-03 3.81e-03 4.82e-03 8.51e-03 1.46e-02 1.56e-02
1.2e+10 0.00059  6.775  3.93e-03 1.87e-03 2.25e-03 3.11e-03 3.69e-03 5.63e-03 8.69e-03 1.57e-02 1.44e-02
1.2e+10 0.00059  6.825  4.00e-03 1.89e-03 2.27e-03 2.99e-03 3.94e-03 5.44e-03 8.85e-03 1.56e-02 1.41e-02
1.2e+10 0.00059  6.875  4.08e-03 1.91e-03 2.34e-03 3.20e-03 4.02e-03 5.51e-03 1.03e-02 1.68e-02 1.53e-02
1.2e+10 0.00059  6.925  4.15e-03 1.94e-03 2.26e-03 3.26e-03 3.87e-03 5.86e-03 1.09e-02 1.47e-02 1.58e-02
1.2e+10 0.00059  6.975  4.04e-03 1.89e-03 2.32e-03 3.13e-03 4.16e-03 5.66e-03 1.11e-02 1.44e-02 1.63e-02
1.2e+10 0.00059  7.025  4.11e-03 2.02e-03 2.37e-03 3.35e-03 4.23e-03 5.74e-03 1.14e-02 1.49e-02 1.68e-02
1.2e+10 0.00059  7.075  4.39e-03 1.91e-03 2.40e-03 3.41e-03 4.08e-03 5.81e-03 1.17e-02 1.46e-02 1.66e-02
1.2e+10 0.00059  7.125  4.27e-03 1.93e-03 2.43e-03 3.28e-03 4.39e-03 6.18e-03 1.20e-02 1.58e-02 1.37e-02
1.2e+10 0.00059  7.175  4.35e-03 1.95e-03 2.34e-03 3.52e-03 4.47e-03 5.98e-03 1.26e-02 1.64e-02 1.41e-02
1.2e+10 0.00059  7.225  4.65e-03 1.84e-03 2.50e-03 3.38e-03 4.31e-03 6.17e-03 1.45e-02 1.69e-02 1.38e-02
1.2e+10 0.00059  7.275  4.53e-03 2.00e-03 2.39e-03 3.24e-03 4.58e-03 7.15e-03 1.44e-02 1.60e-02 1.49e-02
1.2e+10 0.00059  7.325  4.62e-03 2.01e-03 2.55e-03 3.29e-03 4.88e-03 6.93e-03 1.55e-02 1.37e-02 1.53e-02
1.2e+10 0.00059  7.375  4.71e-03 1.92e-03 2.54e-03 3.33e-03 4.92e-03 7.39e-03 1.53e-02 1.35e-02 1.58e-02
1.2e+10 0.00059  7.425  5.04e-03 2.06e-03 2.57e-03 3.59e-03 4.99e-03 7.16e-03 1.66e-02 1.45e-02 1.56e-02
1.2e+10 0.00059  7.475  5.29e-03 1.92e-03 2.75e-03 3.44e-03 5.05e-03 7.64e-03 1.61e-02 1.49e-02 1.68e-02
1.2e+10 0.00059  7.525  5.43e-03 2.09e-03 2.64e-03 3.49e-03 4.82e-03 7.41e-03 1.42e-02 1.54e-02 1.73e-02
1.2e+10 0.00059  7.575  5.50e-03 2.11e-03 2.67e-03 3.54e-03 5.16e-03 7.91e-03 1.47e-02 1.58e-02 1.48e-02
1.2e+10 0.00059  7.625  5.57e-03 1.98e-03 2.70e-03 3.59e-03 5.22e-03 7.68e-03 1.51e-02 1.56e-02 1.35e-02
1.2e+10 0.00059  7.675  5.64e-03 2.15e-03 2.74e-03 3.88e-03 5.28e-03 8.58e-03 1.56e-02 1.68e-02 1.38e-02
1.2e+10 0.00059  7.725  6.00e-03 2.17e-03 2.76e-03 3.71e-03 5.06e-03 9.84e-03 1.61e-02 1.74e-02 1.36e-02
1.2e+10 0.00059  7.775  5.80e-03 2.03e-03 2.98e-03 3.77e-03 5.41e-03 1.01e-02 1.67e-02 1.49e-02 1.46e-02
1.2e+10 0.00059  7.825  5.88e-03 2.22e-03 2.84e-03 3.83e-03 5.61e-03 1.03e-02 1.73e-02 1.36e-02 1.50e-02
1.2e+10 0.00059  7.875  5.96e-03 2.24e-03 2.88e-03 3.89e-03 6.49e-03 1.05e-02 1.40e-02 1.39e-02 1.47e-02
1.2e+10 0.00059  7.925  6.04e-03 2.09e-03 2.91e-03 4.02e-03 6.24e-03 1.08e-02 1.40e-02 1.43e-02 1.58e-02
1.2e+10 0.00059  7.975  7.06e-03 2.29e-03 2.96e-03 4.36e-03 6.34e-03 1.11e-02 1.44e-02 1.47e-02 1.63e-02
1.2e+10 0.00059  8.025  6.90e-03 2.30e-03 3.00e-03 4.14e-03 6.78e-03 1.15e-02 1.48e-02 1.51e-02 1.60e-02
1.2e+10 0.00059  8.075  7.36e-03 2.15e-03 2.85e-03 4.18e-03 6.52e-03 1.33e-02 1.52e-02 1.55e-02 1.72e-02
1.2e+10 0.00059  8.125  7.14e-03 2.35e-03 2.88e-03 4.22e-03 6.63e-03 1.37e-02 1.57e-02 1.59e-02 1.43e-02
1.2e+10 0.00059  8.175  7.61e-03 2.37e-03 2.91e-03 4.26e-03 7.10e-03 1.41e-02 1.62e-02 1.64e-02 1.37e-02
1.2e+10 0.00059  8.225  7.38e-03 2.21e-03 2.95e-03 4.31e-03 6.83e-03 1.45e-02 1.67e-02 1.69e-02 1.46e-02
1.2e+10 0.00059  8.275  7.88e-03 2.43e-03 2.99e-03 4.34e-03 6.95e-03 1.50e-02 1.72e-02 1.64e-02 1.50e-02
1.2e+10 0.00059  8.325  7.64e-03 2.26e-03 3.03e-03 4.67e-03 7.83e-03 1.55e-02 1.61e-02 1.40e-02 1.47e-02
1.2e+10 0.00059  8.375  8.31e-03 2.28e-03 2.85e-03 4.43e-03 8.94e-03 1.39e-02 1.40e-02 1.44e-02 1.58e-02
1.2e+10 0.00059  8.425  9.79e-03 2.11e-03 3.11e-03 4.48e-03 9.59e-03 1.31e-02 1.38e-02 1.47e-02 1.58e-02
1.2e+10 0.00059  8.475  1.00e-02 2.32e-03 3.15e-03 4.53e-03 9.33e-03 1.35e-02 1.42e-02 1.51e-02 1.32e-02
1.2e+10 0.00059  8.525  1.02e-02 2.34e-03 3.19e-03 4.57e-03 9.52e-03 1.46e-02 1.52e-02 1.55e-02 1.41e-02
1.2e+10 0.00059  8.575  1.05e-02 2.36e-03 3.23e-03 5.28e-03 9.74e-03 1.43e-02 1.50e-02 1.66e-02 1.36e-02
1.2e+10 0.00059  8.625  1.07e-02 2.20e-03 3.27e-03 5.51e-03 9.95e-03 1.55e-02 1.54e-02 1.45e-02 1.32e-02
1.2e+10 0.00059  8.675  1.10e-02 2.41e-03 3.32e-03 5.58e-03 1.02e-02 1.52e-02 1.65e-02 1.39e-02 1.35e-02
1.2e+10 0.00059  8.725  1.13e-02 2.43e-03 3.36e-03 5.66e-03 1.11e-02 1.65e-02 1.63e-02 1.43e-02 1.44e-02
1.2e+10 0.00059  8.775  1.30e-02 2.46e-03 3.41e-03 5.72e-03 1.28e-02 1.28e-02 1.75e-02 1.36e-02 1.41e-02
1.2e+10 0.00059  8.825  1.42e-02 2.27e-03 3.33e-03 5.80e-03 1.25e-02 1.33e-02 1.69e-02 1.39e-02 1.44e-02
1.2e+10 0.00059  8.875  1.40e-02 2.51e-03 3.56e-03 5.87e-03 1.35e-02 1.31e-02 1.46e-02 1.42e-02 1.26e-02
1.2e+10 0.00059  8.925  1.45e-02 2.54e-03 3.32e-03 5.95e-03 1.39e-02 1.40e-02 1.49e-02 1.46e-02 9.53e-03
1.2e+10 0.00059  8.975  1.49e-02 2.56e-03 3.61e-03 5.67e-03 1.37e-02 1.38e-02 1.53e-02 1.43e-02 1.01e-02
1.2e+10 0.00059  9.025  1.61e-02 2.36e-03 3.37e-03 6.11e-03 1.48e-02 1.42e-02 1.57e-02 1.49e-02 9.83e-03
1.2e+10 0.00059  9.075  1.41e-02 2.61e-03 3.66e-03 6.20e-03 1.27e-02 1.53e-02 1.55e-02 9.92e-03 1.05e-02
1.2e+10 0.00059  9.125  1.31e-02 2.63e-03 3.70e-03 7.00e-03 1.24e-02 1.50e-02 1.66e-02 1.05e-02 1.02e-02
1.2e+10 0.00059  9.175  1.41e-02 2.66e-03 3.46e-03 8.05e-03 1.34e-02 1.62e-02 1.56e-02 1.02e-02 1.08e-02
1.2e+10 0.00059  9.225  1.38e-02 2.46e-03 3.76e-03 8.20e-03 1.31e-02 1.59e-02 1.46e-02 1.04e-02 1.05e-02
1.2e+10 0.00059  9.275  1.50e-02 2.73e-03 3.78e-03 8.36e-03 1.35e-02 1.43e-02 1.47e-02 1.11e-02 1.12e-02
1.2e+10 0.00059  9.325  1.54e-02 2.82e-03 3.54e-03 8.51e-03 1.39e-02 1.24e-02 1.42e-02 1.08e-02 1.14e-02
1.2e+10 0.00059  9.375  1.52e-02 2.77e-03 3.85e-03 8.67e-03 1.43e-02 1.33e-02 1.46e-02 1.10e-02 1.10e-02
1.2e+10 0.00059  9.425  1.64e-02 2.78e-03 3.89e-03 8.84e-03 1.47e-02 1.36e-02 1.49e-02 1.16e-02 1.18e-02
1.2e+10 0.00059  9.475  1.32e-02 2.80e-03 3.63e-03 9.02e-03 1.40e-02 1.33e-02 1.53e-02 1.14e-02 1.14e-02
1.2e+10 0.00059  9.525  1.33e-02 2.82e-03 3.94e-03 9.71e-03 1.19e-02 1.43e-02 1.57e-02 1.16e-02 1.22e-02
1.2e+10 0.00059  9.575  1.30e-02 2.84e-03 3.69e-03 1.01e-02 1.22e-02 1.40e-02 1.33e-02 1.18e-02 8.66e-03
1.2e+10 0.00059  9.625  1.40e-02 2.85e-03 4.58e-03 1.16e-02 1.19e-02 1.50e-02 1.09e-02 1.25e-02 6.33e-03
1.2e+10 0.00059  9.675  1.37e-02 3.14e-03 4.49e-03 1.19e-02 1.28e-02 1.47e-02 1.16e-02 1.22e-02 6.39e-03
1.2e+10 0.00059  9.725  1.48e-02 2.89e-03 4.87e-03 1.22e-02 1.31e-02 1.59e-02 1.13e-02 8.68e-03 5.92e-03
1.2e+10 0.00059  9.775  1.45e-02 2.91e-03 4.59e-03 1.25e-02 1.35e-02 1.56e-02 1.20e-02 6.64e-03 5.88e-03
1.2e+10 0.00059  9.825  1.57e-02 2.92e-03 4.98e-03 1.29e-02 1.38e-02 1.47e-02 1.17e-02 6.70e-03 5.92e-03
1.2e+10 0.00059  9.875  1.62e-02 2.94e-03 5.04e-03 1.32e-02 1.35e-02 1.35e-02 1.25e-02 6.44e-03 5.98e-03
1.2e+10 0.00059  9.925  1.59e-02 2.97e-03 4.74e-03 1.27e-02 1.46e-02 1.32e-02 1.27e-02 6.18e-03 6.03e-03
1.2e+10 0.00059  9.975  1.45e-02 2.98e-03 5.14e-03 1.16e-02 1.50e-02 1.42e-02 1.24e-02 6.23e-03 6.09e-03
1.2e+10 0.00059 10.025  1.24e-02 3.28e-03 4.85e-03 1.12e-02 1.48e-02 1.39e-02 1.32e-02 6.30e-03 6.13e-03
1.2e+10 0.00059 10.075  1.32e-02 3.02e-03 5.27e-03 1.22e-02 1.10e-02 1.49e-02 1.29e-02 6.35e-03 6.19e-03
1.2e+10 0.00059 10.125  1.36e-02 3.04e-03 5.33e-03 1.25e-02 1.13e-02 1.46e-02 1.37e-02 6.41e-03 6.25e-03
1.2e+10 0.00059 10.175  1.33e-02 3.06e-03 5.01e-03 1.21e-02 1.15e-02 1.42e-02 1.16e-02 6.47e-03 6.30e-03
1.2e+10 0.00059 10.225  1.43e-02 3.09e-03 5.45e-03 1.31e-02 1.24e-02 1.27e-02 7.80e-03 6.53e-03 6.36e-03
1.2e+10 0.00059 10.275  1.46e-02 3.10e-03 5.76e-03 1.28e-02 1.20e-02 1.35e-02 8.16e-03 6.60e-03 6.73e-03
1.2e+10 0.00059 10.325  1.44e-02 3.62e-03 7.15e-03 1.39e-02 1.23e-02 1.24e-02 7.85e-03 6.65e-03 1.74e-03
1.2e+10 0.00059 10.375  1.54e-02 4.15e-03 7.27e-03 1.35e-02 1.33e-02 1.26e-02 7.66e-03 7.03e-03 1.51e-04
1.2e+10 0.00059 10.425  1.59e-02 3.85e-03 6.92e-03 1.07e-02 1.29e-02 1.29e-02 8.03e-03 2.99e-03 1.51e-04
1.2e+10 0.00059 10.475  1.56e-02 4.22e-03 7.50e-03 1.15e-02 1.32e-02 1.31e-02 7.83e-03 1.51e-04 1.51e-04
1.2e+10 0.00059 10.525  1.53e-02 3.92e-03 7.63e-03 1.11e-02 1.35e-02 1.34e-02 8.23e-03 1.59e-04 1.58e-04
1.2e+10 0.00059 10.575  1.29e-02 3.96e-03 7.76e-03 1.14e-02 1.46e-02 1.37e-02 8.32e-03 1.51e-04 1.50e-04
1.2e+10 0.00059 10.625  1.38e-02 4.34e-03 7.89e-03 1.16e-02 1.42e-02 1.33e-02 8.11e-03 1.51e-04 1.50e-04
1.2e+10 0.00059 10.675  1.36e-02 4.03e-03 7.54e-03 1.19e-02 1.21e-02 9.04e-03 8.53e-03 1.50e-04 1.57e-04
1.2e+10 0.00059 10.725  1.45e-02 4.42e-03 8.17e-03 1.22e-02 1.12e-02 9.62e-03 8.00e-03 1.50e-04 1.49e-04
1.2e+10 0.00059 10.775  1.42e-02 4.10e-03 8.54e-03 1.32e-02 1.14e-02 9.77e-03 1.53e-04 1.57e-04 1.49e-04
1.2e+10 0.00059 10.825  1.52e-02 4.50e-03 1.03e-02 1.28e-02 1.22e-02 9.45e-03 1.60e-04 1.50e-04 1.49e-04
1.2e+10 0.00059 10.875  1.41e-02 4.19e-03 1.05e-02 1.31e-02 1.19e-02 1.01e-02 1.52e-04 1.49e-04 1.56e-04
1.2e+10 0.00059 10.925  1.33e-02 4.59e-03 1.08e-02 1.35e-02 1.21e-02 9.75e-03 1.52e-04 1.49e-04 1.48e-04
1.2e+10 0.00059 10.975  1.30e-02 4.26e-03 1.10e-02 1.38e-02 1.24e-02 1.04e-02 1.52e-04 1.49e-04 1.48e-04
1.2e+10 0.00059 11.025  1.29e-02 4.68e-03 1.13e-02 1.08e-02 1.26e-02 1.06e-02 1.59e-04 1.56e-04 1.48e-04
1.2e+10 0.00059 11.075  1.26e-02 4.35e-03 1.15e-02 1.06e-02 1.24e-02 1.02e-02 1.51e-04 1.48e-04 1.55e-04
1.2e+10 0.00059 11.125  1.35e-02 6.13e-03 1.18e-02 1.02e-02 1.02e-02 1.09e-02 1.51e-04 1.48e-04 1.47e-04
1.2e+10 0.00059 11.175  1.32e-02 5.87e-03 1.21e-02 1.10e-02 1.10e-02 1.06e-02 1.58e-04 1.48e-04 1.47e-04
1.2e+10 0.00059 11.225  1.35e-02 6.40e-03 1.04e-02 1.13e-02 1.06e-02 1.13e-02 1.50e-04 1.47e-04 1.54e-04
1.2e+10 0.00059 11.275  1.38e-02 6.48e-03 9.85e-03 1.09e-02 1.03e-02 1.15e-02 1.50e-04 1.54e-04 1.46e-04
1.2e+10 0.00059 11.325  1.27e-02 6.58e-03 1.07e-02 1.17e-02 1.04e-02 1.11e-02 1.57e-04 1.47e-04 1.46e-04
1.2e+10 0.00059 11.375  9.50e-03 6.21e-03 1.10e-02 1.20e-02 1.05e-02 8.39e-03 1.49e-04 1.47e-04 1.46e-04
1.2e+10 0.00059 11.425  9.65e-03 6.77e-03 1.05e-02 1.16e-02 1.01e-02 6.04e-03 1.49e-04 1.46e-04 1.53e-04
1.2e+10 0.00059 11.475  9.80e-03 6.87e-03 1.15e-02 1.25e-02 1.09e-02 6.39e-03 1.56e-04 1.46e-04 1.45e-04
1.2e+10 0.00059 11.525  9.95e-03 6.49e-03 1.17e-02 1.28e-02 1.11e-02 6.20e-03 1.48e-04 1.53e-04 1.45e-04
1.2e+10 0.00059 11.575  1.01e-02 7.07e-03 1.20e-02 1.24e-02 1.13e-02 5.87e-03 1.48e-04 1.46e-04 1.45e-04
1.2e+10 0.00059 11.625  1.08e-02 7.18e-03 1.16e-02 1.34e-02 1.13e-02 5.93e-03 1.48e-04 1.45e-04 1.52e-04
1.2e+10 0.00059 11.675  1.04e-02 7.52e-03 1.26e-02 1.26e-02 6.78e-03 6.27e-03 1.55e-04 1.45e-04 1.44e-04
1.2e+10 0.00059 11.725  1.06e-02 9.06e-03 1.03e-02 9.93e-03 6.86e-03 6.03e-03 1.47e-04 1.45e-04 1.44e-04
1.2e+10 0.00059 11.775  1.08e-02 9.25e-03 9.61e-03 1.01e-02 6.94e-03 6.38e-03 1.47e-04 1.52e-04 1.51e-04
1.2e+10 0.00059 11.825  1.10e-02 9.44e-03 1.04e-02 1.09e-02 7.00e-03 6.14e-03 1.54e-04 1.44e-04 1.44e-04
1.2e+10 0.00059 11.875  1.12e-02 9.64e-03 1.00e-02 1.05e-02 7.09e-03 6.20e-03 1.47e-04 1.44e-04 1.43e-04
1.2e+10 0.00059 11.925  1.14e-02 9.83e-03 1.02e-02 1.07e-02 7.16e-03 6.56e-03 1.46e-04 1.44e-04 1.43e-04
1.2e+10 0.00059 11.975  1.16e-02 1.00e-02 1.04e-02 1.15e-02 7.25e-03 6.31e-03 1.53e-04 1.43e-04 1.50e-04
1.2e+10 0.00059 12.025  1.12e-02 1.03e-02 1.06e-02 1.11e-02 7.81e-03 6.68e-03 1.46e-04 1.43e-04 1.43e-04
1.2e+10 0.00059 12.075  6.30e-03 1.05e-02 1.15e-02 1.20e-02 7.41e-03 6.43e-03 1.46e-04 1.50e-04 1.42e-04
1.2e+10 0.00059 12.125  6.66e-03 1.07e-02 1.11e-02 1.14e-02 7.50e-03 4.66e-04 1.45e-04 1.43e-04 1.42e-04
1.2e+10 0.00059 12.175  6.33e-03 9.17e-03 1.13e-02 9.00e-03 7.59e-03 1.50e-04 1.52e-04 1.42e-04 1.49e-04
1.2e+10 0.00059 12.225  6.43e-03 9.15e-03 1.16e-02 9.73e-03 7.67e-03 1.50e-04 1.45e-04 1.42e-04 1.42e-04
1.2e+10 0.00059 12.275  6.20e-03 8.67e-03 1.26e-02 9.28e-03 7.77e-03 1.49e-04 1.45e-04 1.42e-04 1.41e-04
1.2e+10 0.00059 12.325  6.55e-03 9.50e-03 1.21e-02 9.78e-03 7.86e-03 1.57e-04 1.51e-04 1.49e-04 1.48e-04
1.2e+10 0.00059 12.375  6.31e-03 9.69e-03 1.18e-02 9.11e-03 7.95e-03 1.49e-04 1.44e-04 1.41e-04 1.41e-04
1.2e+10 0.00059 12.425  6.37e-03 9.88e-03 8.73e-03 9.25e-03 8.06e-03 1.49e-04 1.44e-04 1.41e-04 1.41e-04
1.2e+10 0.00059 12.475  6.73e-03 1.01e-02 9.47e-03 8.80e-03 8.69e-03 1.48e-04 1.51e-04 1.41e-04 1.40e-04
1.2e+10 0.00059 12.525  6.49e-03 1.03e-02 9.04e-03 9.52e-03 8.26e-03 1.48e-04 1.43e-04 1.41e-04 1.47e-04
1.2e+10 0.00059 12.575  6.86e-03 9.77e-03 9.80e-03 9.67e-03 8.37e-03 1.48e-04 1.43e-04 1.47e-04 1.40e-04
1.2e+10 0.00059 12.625  6.62e-03 1.07e-02 9.97e-03 9.82e-03 7.38e-03 1.48e-04 1.50e-04 1.40e-04 1.40e-04
1.2e+10 0.00059 12.675  7.00e-03 1.10e-02 9.52e-03 9.99e-03 4.24e-03 1.47e-04 1.42e-04 1.40e-04 1.46e-04
1.2e+10 0.00059 12.725  6.12e-03 1.03e-02 1.03e-02 1.01e-02 3.98e-03 1.47e-04 1.42e-04 1.40e-04 1.39e-04
1.2e+10 0.00059 12.775  1.51e-04 8.34e-03 9.88e-03 8.04e-03 4.29e-03 1.47e-04 1.42e-04 1.39e-04 1.39e-04
1.2e+10 0.00059 12.825  1.50e-04 8.48e-03 1.07e-02 5.91e-03 4.01e-03 1.47e-04 1.49e-04 1.46e-04 1.39e-04
1.2e+10 0.00059 12.875  1.50e-04 8.62e-03 1.02e-02 5.96e-03 3.90e-03 1.46e-04 1.41e-04 1.39e-04 1.45e-04
1.2e+10 0.00059 12.925  1.50e-04 8.77e-03 1.11e-02 5.57e-03 3.85e-03 1.46e-04 1.41e-04 1.39e-04 1.38e-04
1.2e+10 0.00059 12.975  1.50e-04 8.92e-03 1.07e-02 6.07e-03 3.87e-03 1.46e-04 1.48e-04 1.38e-04 1.38e-04
1.2e+10 0.00059 13.025  1.49e-04 9.07e-03 1.16e-02 6.13e-03 3.90e-03 1.46e-04 1.41e-04 1.38e-04 1.38e-04
1.2e+10 0.00059 13.075  1.49e-04 9.24e-03 1.11e-02 5.72e-03 3.91e-03 1.45e-04 1.40e-04 1.45e-04 1.44e-04
1.2e+10 0.00059 13.125  1.49e-04 1.01e-02 1.20e-02 6.24e-03 3.94e-03 1.45e-04 1.47e-04 1.38e-04 1.37e-04
1.2e+10 0.00059 13.175  1.49e-04 9.60e-03 9.44e-03 6.31e-03 3.96e-03 1.45e-04 1.40e-04 1.38e-04 1.37e-04
1.2e+10 0.00059 13.225  1.48e-04 9.77e-03 8.82e-03 5.88e-03 3.68e-03 1.44e-04 1.40e-04 1.37e-04 1.43e-04
1.2e+10 0.00059 13.275  1.48e-04 9.95e-03 8.95e-03 6.42e-03 4.00e-03 1.44e-04 1.46e-04 1.37e-04 1.36e-04
1.2e+10 0.00059 13.325  1.48e-04 1.01e-02 9.09e-03 6.48e-03 4.03e-03 1.44e-04 1.39e-04 1.44e-04 1.36e-04
1.2e+10 0.00059 13.375  1.48e-04 1.03e-02 9.24e-03 6.05e-03 4.04e-03 1.51e-04 1.39e-04 1.37e-04 1.36e-04
1.2e+10 0.00059 13.425  1.47e-04 1.05e-02 9.38e-03 6.61e-03 4.07e-03 1.43e-04 1.39e-04 1.36e-04 1.42e-04
1.2e+10 0.00059 13.475  1.47e-04 1.08e-02 9.54e-03 6.68e-03 4.10e-03 1.43e-04 1.45e-04 1.36e-04 1.35e-04
1.2e+10 0.00059 13.525  1.47e-04 9.11e-03 9.69e-03 6.75e-03 4.11e-03 1.43e-04 1.38e-04 1.36e-04 1.35e-04
1.2e+10 0.00059 13.575  1.47e-04 7.63e-03 9.85e-03 6.30e-03 4.14e-03 1.43e-04 1.38e-04 1.42e-04 1.35e-04
1.2e+10 0.00059 13.625  1.46e-04 7.73e-03 1.00e-02 6.88e-03 4.17e-03 1.42e-04 1.45e-04 1.35e-04 1.41e-04
1.2e+10 0.00059 13.675  1.46e-04 7.84e-03 1.01e-02 6.95e-03 3.87e-03 1.42e-04 1.38e-04 1.35e-04 1.34e-04
1.2e+10 0.00059 13.725  1.46e-04 8.56e-03 7.80e-03 6.50e-03 4.21e-03 1.42e-04 1.37e-04 1.35e-04 1.34e-04
1.2e+10 0.00059 13.775  1.45e-04 8.08e-03 7.89e-03 7.10e-03 3.92e-03 1.42e-04 1.44e-04 1.35e-04 1.41e-04
1.2e+10 0.00059 13.825  1.45e-04 8.21e-03 8.01e-03 7.17e-03 1.38e-04 1.41e-04 1.37e-04 1.41e-04 7.36e-05
1.2e+10 0.00059 13.875  1.45e-04 8.33e-03 8.11e-03 6.70e-03 1.46e-04 1.41e-04 1.37e-04 1.34e-04        0
1.2e+10 0.00059 13.925  1.45e-04 9.10e-03 8.37e-03 7.32e-03 1.45e-04 1.41e-04 1.36e-04 1.34e-04        0
1.2e+10 0.00059 13.975  1.44e-04 8.59e-03 7.44e-03 4.15e-03 1.38e-04 1.41e-04 1.43e-04 6.02e-05        0
1.2e+10 0.00059 14.025  1.44e-04 8.73e-03 8.09e-03 3.07e-03 1.45e-04 1.40e-04 1.36e-04        0        0
1.2e+10 0.00059 14.075  1.44e-04 9.54e-03 7.63e-03 3.08e-03 1.37e-04 1.40e-04 1.36e-04        0        0
1.2e+10 0.00059 14.125  1.44e-04 9.03e-03 8.31e-03 3.39e-03 1.44e-04 1.40e-04 1.42e-04        0        0
1.2e+10 0.00059 14.175  1.43e-04 9.16e-03 7.83e-03 3.11e-03 1.44e-04 1.40e-04 1.35e-04        0        0
1.2e+10 0.00059 14.225  1.43e-04 9.31e-03 8.52e-03 3.13e-03 1.37e-04 1.39e-04 1.35e-04        0        0
1.2e+10 0.00059 14.275  1.43e-04 1.02e-02 8.04e-03 2.99e-03 1.44e-04 1.39e-04 1.41e-04        0        0
1.2e+10 0.00059 14.325  1.43e-04 9.64e-03 8.76e-03 2.70e-03 1.43e-04 1.39e-04 1.34e-04        0        0
1.2e+10 0.00059 14.375  1.42e-04 9.81e-03 8.26e-03 2.71e-03 1.36e-04 1.46e-04 1.34e-04        0        0
1.2e+10 0.00059 14.425  1.42e-04 8.64e-03 8.17e-03 2.72e-03 1.43e-04 1.38e-04 1.41e-04        0        0
1.2e+10 0.00059 14.475  1.42e-04 7.05e-03 5.00e-03 3.02e-03 1.43e-04 1.38e-04 4.01e-05        0        0
1.2e+10 0.00059 14.525  1.42e-04 7.71e-03 5.04e-03 2.75e-03 1.35e-04 1.38e-04        0        0        0
1.2e+10 0.00059 14.575  1.41e-04 7.22e-03 4.63e-03 2.75e-03 1.42e-04 1.38e-04        0        0        0
1.2e+10 0.00059 14.625  1.41e-04 7.31e-03 5.12e-03 3.06e-03 1.42e-04 1.38e-04        0        0        0
1.2e+10 0.00059 14.675  1.41e-04 8.01e-03 5.15e-03 2.78e-03 1.34e-04 1.37e-04        0        0        0
1.2e+10 0.00059 14.725  1.41e-04 7.50e-03 5.20e-03 2.79e-03 1.41e-04 1.37e-04        0        0        0
1.2e+10 0.00059 14.775  1.40e-04 8.23e-03 5.24e-03 2.80e-03 1.41e-04 1.37e-04        0        0        0
1.2e+10 0.00059 14.825  1.40e-04 7.70e-03 4.81e-03 3.10e-03 1.34e-04 1.37e-04        0        0        0
1.2e+10 0.00059 14.875  1.40e-04 7.81e-03 5.32e-03 2.82e-03 1.41e-04 1.36e-04        0        0        0
1.2e+10 0.00059 14.925  1.40e-04 8.56e-03 5.36e-03 2.83e-03 1.40e-04 1.36e-04        0        0        0
1.2e+10 0.00059 14.975  1.39e-04 8.02e-03 5.41e-03 2.84e-03 1.33e-04 1.36e-04        0        0        0
1.2e+10 0.00059 15.025  1.39e-04 8.13e-03 5.45e-03 3.16e-03 1.40e-04 1.36e-04        0        0        0
1.2e+10 0.00059 15.075  1.39e-04 7.61e-03 5.50e-03 2.86e-03 1.33e-04 1.35e-04        0        0        0
1.2e+10 0.00059 15.125  1.39e-04 6.06e-03 5.04e-03 2.88e-03 1.39e-04 1.35e-04        0        0        0
1.2e+10 0.00059 15.175  1.38e-04 6.71e-03 5.59e-03 2.89e-03 1.39e-04 1.35e-04        0        0        0
1.2e+10 0.00059 15.225  1.38e-04 6.79e-03 5.64e-03 3.21e-03 1.32e-04 1.35e-04        0        0        0
1.2e+10 0.00059 15.275  1.38e-04 6.25e-03 5.68e-03 2.92e-03 1.39e-04 1.34e-04        0        0        0
1.2e+10 0.00059 15.325  1.38e-04 6.93e-03 5.73e-03 2.92e-03 1.38e-04 1.34e-04        0        0        0
1.2e+10 0.00059 15.375  1.38e-04 6.26e-03 5.26e-03 2.93e-03 1.31e-04 1.41e-04        0        0        0
1.2e+10 0.00059 15.425  1.37e-04 6.33e-03 5.83e-03 3.26e-03 1.38e-04 8.70e-05        0        0        0
1.2e+10 0.00059 15.475  1.37e-04 5.82e-03 5.88e-03 2.96e-03 1.38e-04        0        0        0        0
1.2e+10 0.00059 15.525  1.37e-04 6.45e-03 5.93e-03 2.97e-03 1.31e-04        0        0        0        0
1.2e+10 0.00059 15.575  1.37e-04 6.52e-03 5.98e-03 1.42e-04 1.37e-04        0        0        0        0
1.2e+10 0.00059 15.625  1.36e-04 6.59e-03 5.50e-03 1.35e-04 1.37e-04        0        0        0        0
1.2e+10 0.00059 15.675  1.36e-04 6.66e-03 6.09e-03 1.35e-04 1.30e-04        0        0        0        0
1.2e+10 0.00059 15.725  1.36e-04 6.13e-03 6.14e-03 1.34e-04 1.37e-04        0        0        0        0
1.2e+10 0.00059 15.775  1.36e-04 6.80e-03 6.20e-03 1.34e-04 1.36e-04        0        0        0        0
1.2e+10 0.00059 15.825  1.35e-04 6.87e-03 4.89e-03 1.41e-04 1.29e-04        0        0        0        0
1.2e+10 0.00059 15.875  1.35e-04 6.94e-03 2.77e-03 1.34e-04 1.36e-04        0        0        0        0
1.2e+10 0.00059 15.925  1.35e-04 7.02e-03 2.78e-03 1.33e-04 1.36e-04        0        0        0        0
1.2e+10 0.00059 15.975  1.35e-04 6.46e-03 2.79e-03 1.33e-04 1.29e-04        0        0        0        0
1.2e+10 0.00059 16.025  1.34e-04 3.66e-03 2.79e-03 1.33e-04 1.35e-04        0        0        0        0
1.2e+10 0.00059 16.075  1.34e-04 3.69e-03 3.11e-03 1.40e-04 1.35e-04        0        0        0        0
1.2e+10 0.00059 16.125  1.34e-04 4.15e-03 2.82e-03 1.33e-04 1.28e-04        0        0        0        0
1.2e+10 0.00059 16.175  8.70e-05 3.73e-03 2.44e-03 1.32e-04 1.34e-04        0        0        0        0
1.2e+10 0.00059 16.225         0 3.75e-03 2.70e-03 1.32e-04 1.28e-04        0        0        0        0
1.2e+10 0.00059 16.275         0 3.77e-03 2.70e-03 1.32e-04 1.34e-04        0        0        0        0
1.2e+10 0.00059 16.325         0 3.79e-03 2.43e-03 1.39e-04 1.00e-04        0        0        0        0
1.2e+10 0.00059 16.375         0 3.82e-03 2.73e-03 1.31e-04        0        0        0        0        0
1.2e+10 0.00059 16.425         0 3.83e-03 2.74e-03 1.31e-04        0        0        0        0        0
1.2e+10 0.00059 16.475         0 3.86e-03 2.45e-03 1.31e-04        0        0        0        0        0
1.2e+10 0.00059 16.525         0 4.35e-03 2.76e-03 1.31e-04        0        0        0        0        0
1.2e+10 0.00059 16.575         0 3.90e-03 2.77e-03 1.31e-04        0        0        0        0        0
1.2e+10 0.00059 16.625         0 3.93e-03 2.48e-03 1.37e-04        0        0        0        0        0
1.2e+10 0.00059 16.675         0 3.95e-03 2.79e-03 1.30e-04        0        0        0        0        0
1.2e+10 0.00059 16.725         0 3.98e-03 2.49e-03 1.30e-04        0        0        0        0        0
1.2e+10 0.00059 16.775         0 4.00e-03 2.81e-03 1.30e-04        0        0        0        0        0
1.2e+10 0.00059 16.825         0 4.02e-03 2.82e-03 1.30e-04        0        0        0        0        0
1.2e+10 0.00059 16.875         0 4.05e-03 2.53e-03 1.36e-04        0        0        0        0        0
1.2e+10 0.00059 16.925         0 4.07e-03 2.84e-03 1.29e-04        0        0        0        0        0
1.2e+10 0.00059 16.975         0 4.59e-03 2.84e-03 1.29e-04        0        0        0        0        0
1.2e+10 0.00059 17.025         0 4.13e-03 2.56e-03 1.29e-04        0        0        0        0        0
1.2e+10 0.00059 17.075         0 4.15e-03 2.87e-03 1.28e-04        0        0        0        0        0
1.2e+10 0.00059 17.125         0 4.17e-03 2.88e-03 1.35e-04        0        0        0        0        0
1.2e+10 0.00059 17.175         0 4.20e-03 2.58e-03 1.28e-04        0        0        0        0        0
1.2e+10 0.00059 17.225         0 4.23e-03 2.90e-03 1.28e-04        0        0        0        0        0
1.2e+10 0.00059 17.275         0 4.25e-03 2.91e-03 1.28e-04        0        0        0        0        0
1.2e+10 0.00059 17.325         0 4.28e-03 2.61e-03 1.27e-04        0        0        0        0        0
1.2e+10 0.00059 17.375         0 4.84e-03 2.93e-03 1.34e-04        0        0        0        0        0
1.2e+10 0.00059 17.425         0 4.34e-03 2.94e-03        0        0        0        0        0        0
1.2e+10 0.00059 17.475         0 4.37e-03 2.64e-03        0        0        0        0        0        0
1.2e+10 0.00059 17.525         0 4.39e-03 2.97e-03        0        0        0        0        0        0
1.2e+10 0.00059 17.575         0 4.42e-03 1.33e-04        0        0        0        0        0        0
1.2e+10 0.00059 17.625         0 4.45e-03 1.26e-04        0        0        0        0        0        0
1.2e+10 0.00059 17.675         0 4.49e-03 1.32e-04        0        0        0        0        0        0
1.2e+10 0.00059 17.725         0 4.51e-03 1.32e-04        0        0        0        0        0        0
1.2e+10 0.00059 17.775         0 4.54e-03 1.32e-04        0        0        0        0        0        0
1.2e+10 0.00059 17.825         0 4.57e-03 1.32e-04        0        0        0        0        0        0
1.2e+10 0.00059 17.875         0 2.17e-03 1.25e-04        0        0        0        0        0        0
1.2e+10 0.00059 17.925         0 1.88e-03 1.31e-04        0        0        0        0        0        0
1.2e+10 0.00059 17.975         0 2.18e-03 1.31e-04        0        0        0        0        0        0
1.2e+10 0.00059 18.025         0 1.90e-03 1.31e-04        0        0        0        0        0        0
1.2e+10 0.00059 18.075         0 2.19e-03 1.24e-04        0        0        0        0        0        0
1.2e+10 0.00059 18.125         0 1.90e-03 1.31e-04        0        0        0        0        0        0
1.2e+10 0.00059 18.175         0 1.91e-03 1.30e-04        0        0        0        0        0        0
1.2e+10 0.00059 18.225         0 2.21e-03 1.30e-04        0        0        0        0        0        0
1.2e+10 0.00059 18.275         0 1.92e-03 1.30e-04        0        0        0        0        0        0
1.2e+10 0.00059 18.325         0 1.87e-03 1.23e-04        0        0        0        0        0        0
1.2e+10 0.00059 18.375         0 1.83e-03 1.29e-04        0        0        0        0        0        0
1.2e+10 0.00059 18.425         0 1.84e-03 1.29e-04        0        0        0        0        0        0
1.2e+10 0.00059 18.475         0 1.84e-03 1.29e-04        0        0        0        0        0        0
1.2e+10 0.00059 18.525         0 1.84e-03 1.22e-04        0        0        0        0        0        0
1.2e+10 0.00059 18.575         0 1.85e-03 1.29e-04        0        0        0        0        0        0
1.2e+10 0.00059 18.625         0 1.85e-03 1.28e-04        0        0        0        0        0        0
1.2e+10 0.00059 18.675         0 1.86e-03 1.28e-04        0        0        0        0        0        0
1.2e+10 0.00059 18.725         0 1.86e-03 1.28e-04        0        0        0        0        0        0
1.2e+10 0.00059 18.775         0 1.87e-03 1.21e-04        0        0        0        0        0        0
1.2e+10 0.00059 18.825         0 1.87e-03 1.28e-04        0        0        0        0        0        0
1.2e+10 0.00059 18.875         0 1.87e-03 1.27e-04        0        0        0        0        0        0
1.2e+10 0.00059 18.925         0 1.88e-03 1.27e-04        0        0        0        0        0        0
1.2e+10 0.00059 18.975         0 1.89e-03        0        0        0        0        0        0        0
1.2e+10 0.00059 19.025         0 1.89e-03        0        0        0        0        0        0        0
1.2e+10 0.00059 19.075         0 1.89e-03        0        0        0        0        0        0        0
1.2e+10 0.00059 19.125         0 1.90e-03        0        0        0        0        0        0        0
1.2e+10 0.00059 19.175         0 1.90e-03        0        0        0        0        0        0        0
1.2e+10 0.00059 19.225         0 1.91e-03        0        0        0        0        0        0        0
1.2e+10 0.00059 19.275         0 1.91e-03        0        0        0        0        0        0        0
1.2e+10 0.00059 19.325         0 1.92e-03        0        0        0        0        0        0        0
1.2e+10 0.00059 19.375         0 1.92e-03        0        0        0        0        0        0        0
1.2e+10 0.00059 19.425         0 1.93e-03        0        0        0        0        0        0        0
1.2e+10 0.00059 19.475         0 1.93e-03        0        0        0        0        0        0        0
1.2e+10 0.00059 19.525         0 1.94e-03        0        0        0        0        0        0        0
1.2e+10 0.00059 19.575         0 1.94e-03        0        0        0        0        0        0        0
1.2e+10 0.00059 19.625         0 1.95e-03        0        0        0        0        0        0        0
1.2e+10 0.00059 19.675         0 1.95e-03        0        0        0        0        0        0        0
1.2e+10 0.00059 19.725         0 1.95e-03        0        0        0        0        0        0        0
1.2e+10 0.00059 19.775         0 1.96e-03        0        0        0        0        0        0        0
1.2e+10 0.00059 19.825         0 1.96e-03        0        0        0        0        0        0        0
1.2e+10 0.00059 19.875         0 1.97e-03        0        0        0        0        0        0        0
1.2e+10 0.00059 19.925         0 1.97e-03        0        0        0        0        0        0        0
1.2e+10 0.00059 19.975         0 1.99e-03        0        0        0        0        0        0        0
#isochrone terminated
