# File generated by CMD 3.3 (http://stev.oapd.inaf.it/cmd) on Mon Apr  6 22:24:26 CEST 2020
# isochrones based on PARSEC release v1.2S +  COLIBRI S_35
# Basic references: Bressan et al. (2012), MNRAS, 427, 127 + Chen et al. (2014, 2015), MNRAS, 444, 2525 + MNRAS, 452, 1068 + Tang et al. (2014), MNRAS, 445, 4287 + Marigo et al. (2017), ApJ, 835, 77 + Pastorelli al. (2019), MNRAS in press
# Thermal pulse cycles included 
# On RGB, assumed Reimers mass loss with efficiency eta=0.2
# Photometric system: <i>UBVRIJHK</i> (cf. Maiz-Apellaniz 2006 + Bessell 1990)
# Using YBC version of bolometric corrections as in Chen et al. (2019)
# O-rich circumstellar dpmod60alox40 dust from Groenewegen (2006)
# C-rich circumstellar AMCSIC15 dust from Groenewegen (2006)
# IMF: Kroupa (2001, 2002) + Kroupa et al. (2013) canonical two-part-power law IMF corrected for unresolved binaries 
# Kind of output: isochrone tables
# Zini     MH   logAge Mini        int_IMF         Mass   logL    logTe  logg  label   McoreTP C_O  period0 period1 pmode  Mloss  tau1m   X   Y   Xc  Xn  Xo  Cexcess  Z 	 mbolmag  Umag    Bmag    Vmag    Rmag    Imag    Jmag    Hmag    Kmag
0.00024632 -1.80000 10.09691 0.0900000036 1.0816895962    0.090 -3.196  3.4850  5.480    1  0.000  0.545     0.00     0.00 -1 -4.86e-17      0.00 7.482e-01 2.515e-01 4.823e-05 1.301e-05 1.180e-04 -1.000 2.682e-04 12.759 19.817 17.095 15.092 13.493 12.005 10.790 10.558 10.488
0.00024632 -1.80000 10.09691 0.0917384997 1.0981374979    0.092 -3.130  3.4946  5.461    1  0.000  0.545     0.00     0.00 -1 -5.72e-17      0.00 7.477e-01 2.520e-01 4.823e-05 1.301e-05 1.180e-04 -1.000 2.682e-04 12.595 19.192 16.697 14.721 13.236 11.847 10.659 10.376 10.299
0.00024632 -1.80000 10.09691 0.1000000015 1.1711064577    0.100 -2.835  3.5379  5.376    1  0.000  0.545     0.00     0.00 -1 -1.19e-16      0.00 7.456e-01 2.542e-01 4.823e-05 1.301e-05 1.180e-04 -1.000 2.682e-04 11.857 16.733 15.039 13.318 12.150 11.132 10.068 9.625 9.498
0.00024632 -1.80000 10.09691 0.1199999973 1.3193154335    0.120 -2.542  3.5687  5.286    1  0.000  0.545     0.00     0.00 -1 -2.37e-16      0.00 7.423e-01 2.574e-01 4.823e-05 1.301e-05 1.180e-04 -1.000 2.682e-04 11.125 14.998 13.726 12.249 11.229 10.409 9.441 8.929 8.776
0.00024632 -1.80000 10.09691 0.1400000006 1.4384527206    0.140 -2.358  3.5836  5.228    1  0.000  0.545     0.00     0.00 -1 -3.58e-16      0.00 7.401e-01 2.597e-01 4.823e-05 1.301e-05 1.180e-04 -1.000 2.683e-04 10.665 14.124 13.019 11.655 10.704 9.950 9.029 8.497 8.330
0.00024632 -1.80000 10.09691 0.1599999964 1.5372931957    0.160 -2.214  3.5933  5.181    1  0.000  0.545     0.00     0.00 -1 -4.93e-16      0.00 7.387e-01 2.611e-01 4.823e-05 1.301e-05 1.180e-04 -1.000 2.682e-04 10.304 13.509 12.508 11.213 10.309 9.589 8.698 8.157 7.983
0.00024632 -1.80000 10.09691 0.1706063598 1.5834126472    0.171 -2.150  3.5969  5.159    1  0.000  0.545     0.00     0.00 -1 -5.67e-16      0.00 7.384e-01 2.613e-01 4.823e-05 1.301e-05 1.180e-04 -1.000 2.683e-04 10.145 13.263 12.297 11.026 10.138 9.431 8.550 8.006 7.831
0.00024632 -1.80000 10.09691 0.2000000179 1.6938792467    0.200 -1.993  3.6057  5.106    1  0.000  0.545     0.00     0.00 -1 -7.99e-16      0.00 7.378e-01 2.619e-01 4.823e-05 1.301e-05 1.180e-04 -1.000 2.682e-04 9.752 12.663 11.780 10.565 9.718 9.037 8.183 7.635 7.458
0.00024632 -1.80000 10.09691 0.2500000298 1.8403259516    0.250 -1.791  3.6167  5.046    1  0.000  0.545     0.00     0.00 -1 -7.17e-16      0.00 7.380e-01 2.617e-01 4.822e-05 1.301e-05 1.180e-04 -1.000 2.681e-04 9.249 11.919 11.130 9.980 9.182 8.531 7.711 7.162 6.987
0.00024632 -1.80000 10.09691 0.3000000417 1.9529141188    0.300 -1.637  3.6257  5.007    1  0.000  0.545     0.00     0.00 -1 -1.66e-15      0.00 7.381e-01 2.616e-01 4.821e-05 1.301e-05 1.180e-04 -1.000 2.682e-04 8.863 11.348 10.632 9.531 8.771 8.144 7.350 6.804 6.635
0.00024632 -1.80000 10.09691 0.3500000238 2.0434176922    0.350 -1.511  3.6338  4.980    1  0.000  0.544     0.00     0.00 -1 -2.12e-15      0.00 7.379e-01 2.618e-01 4.818e-05 1.301e-05 1.180e-04 -1.000 2.682e-04 8.547 10.874 10.221 9.161 8.434 7.827 7.056 6.514 6.353
0.00024632 -1.80000 10.09691 0.4000000358 2.1185026169    0.400 -1.379  3.6435  4.945    1  0.000  0.545     0.00     0.00 -1  -2.8e-15      0.00 7.503e-01 2.495e-01 4.823e-05 1.301e-05 1.180e-04 -1.000 2.682e-04 8.217 10.362 9.783 8.770 8.080 7.498 6.754 6.220 6.068
0.00024632 -1.80000 10.09691 0.4500000477 2.1822810173    0.450 -1.217  3.6599  4.900    1  0.000  0.545     0.00     0.00 -1 -4.03e-15      0.00 7.506e-01 2.491e-01 4.823e-05 1.301e-05 1.180e-04 -1.000 2.682e-04 7.813 9.660 9.210 8.271 7.638 7.095 6.397 5.881 5.746
0.00024632 -1.80000 10.09691 0.5000000000 2.2374541759    0.500 -1.036  3.6803  4.846    1  0.000  0.545     0.00     0.00 -1 -6.18e-15      0.00 7.506e-01 2.491e-01 4.823e-05 1.301e-05 1.180e-04 -1.000 2.682e-04 7.360 8.847 8.567 7.714 7.150 6.650 6.011 5.528 5.411
0.00024632 -1.80000 10.09691 0.5500000715 2.2836585045    0.550 -0.825  3.7021  4.764    1  0.000  0.544     0.00     0.00 -1 -1.05e-14      0.00 7.862e-01 2.137e-01 4.178e-05 1.128e-05 1.024e-04 -1.000 1.722e-04 6.833 7.974 7.869 7.101 6.598 6.139 5.563 5.121 5.021
0.00024632 -1.80000 10.09691 0.6000000238 2.3211214542    0.600 -0.613  3.7286  4.695    1  0.000  0.544     0.00     0.00 -1 -1.77e-14      0.00 7.987e-01 2.011e-01 3.964e-05 1.071e-05 9.725e-05 -1.000 2.153e-04 6.302 7.099 7.164 6.499 6.056 5.644 5.138 4.745 4.664
0.00024632 -1.80000 10.09691 0.6017884016 2.3223295212    0.601 -0.605  3.7297  4.693    1  0.000  0.544     0.00     0.00 -1 -1.81e-14      0.00 7.992e-01 2.006e-01 3.955e-05 1.069e-05 9.703e-05 -1.000 2.183e-04 6.282 7.066 7.137 6.476 6.036 5.626 5.123 4.732 4.652
0.00024632 -1.80000 10.09691 0.6126760244 2.3295087814    0.612 -0.556  3.7364  4.678    1  0.000  0.543     0.00     0.00 -1 -2.04e-14      0.00 8.026e-01 1.972e-01 3.899e-05 1.054e-05 9.568e-05 -1.000 2.364e-04 6.159 6.873 6.978 6.342 5.915 5.515 5.029 4.649 4.573
0.00024632 -1.80000 10.09691 0.6232032776 2.3361771107    0.623 -0.508  3.7427  4.663    1  0.000  0.543     0.00     0.00 -1  -2.3e-14      0.00 8.060e-01 1.938e-01 3.843e-05 1.039e-05 9.432e-05 -1.000 2.413e-04 6.040 6.691 6.825 6.212 5.798 5.409 4.937 4.567 4.496
0.00024632 -1.80000 10.09691 0.6329821348 2.3421432972    0.633 -0.463  3.7485  4.649    1  0.000  0.543     0.00     0.00 -1 -1.72e-18      0.00 8.093e-01 1.905e-01 3.788e-05 1.024e-05 9.300e-05 -1.000 2.337e-04 5.928 6.526 6.684 6.092 5.690 5.310 4.852 4.489 4.423
0.00024632 -1.80000 10.09691 0.6420671344 2.3474991322    0.642 -0.421  3.7538  4.634    1  0.000  0.543     0.00     0.00 -1 -8.94e-17      0.00 8.125e-01 1.873e-01 3.734e-05 1.010e-05 9.174e-05 -1.000 2.026e-04 5.824 6.374 6.553 5.980 5.590 5.219 4.772 4.416 4.355
0.00024632 -1.80000 10.09691 0.6499999762 2.3520355225    0.650 -0.384  3.7584  4.621    1  0.000  0.543     0.00     0.00 -1 -3.14e-14      0.00 8.154e-01 1.843e-01 3.686e-05 9.969e-06 9.059e-05 -1.000 2.440e-04 5.731 6.241 6.438 5.882 5.501 5.139 4.702 4.352 4.294
0.00024632 -1.80000 10.09691 0.6605672240 2.3578839302    0.660 -0.334  3.7641  4.600    1  0.000  0.542     0.00     0.00 -1 -3.58e-14      0.00 8.204e-01 1.794e-01 3.605e-05 9.751e-06 8.864e-05 -1.000 2.346e-04 5.605 6.072 6.287 5.752 5.382 5.029 4.604 4.261 4.209
0.00024632 -1.80000 10.09691 0.6715041399 2.3637144566    0.671 -0.281  3.7700  4.578    1  0.000  0.542     0.00     0.00 -1 -2.88e-14      0.00 8.258e-01 1.740e-01 3.515e-05 9.513e-06 8.649e-05 -1.000 2.015e-04 5.472 5.898 6.129 5.615 5.256 4.913 4.500 4.164 4.117
0.00024632 -1.80000 10.09691 0.6819329858 2.3690743446    0.682 -0.229  3.7754  4.554    1  0.000  0.541     0.00     0.00 -1 -4.31e-15      0.00 8.314e-01 1.684e-01 3.424e-05 9.269e-06 8.431e-05 -1.000 1.749e-04 5.341 5.733 5.976 5.481 5.133 4.798 4.396 4.067 4.024
0.00024632 -1.80000 10.09691 0.6916499138 2.3739016056    0.691 -0.178  3.7804  4.529    1  0.000  0.541     0.00     0.00 -1 -1.47e-16      0.00 8.369e-01 1.629e-01 3.333e-05 9.028e-06 8.214e-05 -1.000 2.097e-04 5.215 5.576 5.829 5.351 5.013 4.686 4.294 3.972 3.933
0.00024632 -1.80000 10.09691 0.6999999881 2.3779268265    0.700 -0.132  3.7847  4.506    1  0.000  0.540     0.00     0.00 -1 -6.16e-14      0.00 8.420e-01 1.578e-01 3.251e-05 8.809e-06 8.018e-05 -1.000 2.228e-04 5.101 5.442 5.699 5.235 4.905 4.586 4.203 3.886 3.851
0.00024632 -1.80000 10.09691 0.7021676302 2.3789536953    0.702 -0.121  3.7857  4.500    1  0.000  0.540     0.00     0.00 -1 -6.36e-14      0.00 8.432e-01 1.565e-01 3.228e-05 8.754e-06 7.969e-05 -1.000 2.192e-04 5.071 5.407 5.666 5.205 4.877 4.559 4.178 3.863 3.829
0.00024632 -1.80000 10.09691 0.7105349302 2.3828504086    0.710 -0.072  3.7897  4.472    1  0.000  0.538     0.00     0.00 -1  -7.3e-14      0.00 8.481e-01 1.517e-01 3.144e-05 8.548e-06 7.785e-05 -1.000 2.060e-04 4.950 5.268 5.528 5.082 4.761 4.450 4.078 3.769 3.738
0.00024632 -1.80000 10.09691 0.7187973261 2.3865959644    0.718 -0.022  3.7936  4.442    1  0.000  0.536     0.00     0.00 -1 -8.43e-14      0.00 8.526e-01 1.473e-01 3.067e-05 8.361e-06 7.622e-05 -1.000 1.577e-04 4.824 5.127 5.387 4.953 4.640 4.336 3.972 3.669 3.641
0.00024632 -1.80000 10.09691 0.7258940339 2.3897349834    0.725  0.024  3.7969  4.414    1  0.000  0.535     0.00     0.00 -1 -9.64e-14      0.00 8.560e-01 1.438e-01 3.009e-05 8.222e-06 7.501e-05 -1.000 1.563e-04 4.709 5.001 5.259 4.836 4.530 4.231 3.874 3.576 3.550
0.00024632 -1.80000 10.09691 0.7327695489 2.3927094936    0.732  0.071  3.7999  4.383    1  0.000  0.533     0.00     0.00 -1 -1.98e-14      0.00 8.590e-01 1.408e-01 2.959e-05 8.103e-06 7.396e-05 -1.000 1.945e-04 4.592 4.873 5.129 4.715 4.415 4.122 3.771 3.479 3.455
0.00024632 -1.80000 10.09691 0.7396458983 2.3956208229    0.739  0.122  3.8028  4.348    1  0.000  0.532     0.00     0.00 -1 -4.81e-17      0.00 8.618e-01 1.380e-01 2.913e-05 7.996e-06 7.304e-05 -1.000 2.094e-04 4.466 4.740 4.991 4.587 4.293 4.004 3.660 3.374 3.351
0.00024632 -1.80000 10.09691 0.7475917339 2.3989083767    0.747  0.185  3.8058  4.302    1  0.000  0.530     0.00     0.00 -1  -2.5e-14      0.00 8.647e-01 1.351e-01 2.867e-05 7.888e-06 7.211e-05 -1.000 1.829e-04 4.308 4.576 4.820 4.426 4.138 3.855 3.517 3.237 3.216
0.00024632 -1.80000 10.09691 0.7500000000 2.3998889923    0.749  0.205  3.8067  4.286    1  0.000  0.529     0.00     0.00 -1 -1.66e-13      0.00 8.656e-01 1.343e-01 2.854e-05 7.857e-06 7.185e-05 -1.000 1.551e-04 4.258 4.524 4.766 4.374 4.088 3.807 3.471 3.193 3.172
0.00024632 -1.80000 10.09691 0.7508020401 2.4002139568    0.750  0.212  3.8070  4.282    1  0.000  0.529     0.00     0.00 -1  -1.7e-13      0.00 8.657e-01 1.342e-01 2.853e-05 7.856e-06 7.185e-05 -1.000 1.455e-04 4.241 4.506 4.748 4.357 4.072 3.791 3.456 3.178 3.158
0.00024632 -1.80000 10.09691 0.7567372322 2.4025943279    0.756  0.265  3.8091  4.240    1  0.000  0.529     0.00     0.00 -1    -2e-13      0.00 8.664e-01 1.335e-01 2.851e-05 7.853e-06 7.184e-05 -1.000 1.472e-04 4.107 4.369 4.604 4.220 3.939 3.662 3.332 3.059 3.039
0.00024632 -1.80000 10.09691 0.7622660398 2.4047732353    0.761  0.318  3.8106  4.196    1  0.000  0.529     0.00     0.00 -1 -2.37e-13      0.00 8.657e-01 1.342e-01 2.870e-05 7.908e-06 7.235e-05 -1.000 1.504e-04 3.974 4.235 4.464 4.085 3.807 3.533 3.207 2.937 2.918
0.00024632 -1.80000 10.09691 0.7660538554 2.4062452316    0.765  0.357  3.8111  4.161    1  0.000  0.529     0.00     0.00 -1 -2.71e-13      0.00 8.648e-01 1.350e-01 2.889e-05 7.960e-06 7.282e-05 -1.000 1.529e-04 3.876 4.138 4.361 3.985 3.709 3.437 3.111 2.843 2.824
0.00024632 -1.80000 10.09691 0.7672827244 2.4067192078    0.766  0.371  3.8111  4.147    1  0.000  0.529     0.00     0.00 -1 -2.84e-13      0.00 8.645e-01 1.353e-01 2.895e-05 7.977e-06 7.298e-05 -1.000 1.535e-04 3.842 4.104 4.326 3.950 3.674 3.401 3.076 2.807 2.789
0.00024632 -1.80000 10.09691 0.7720448971 2.4085395336    0.771  0.429  3.8096  4.087    1  0.000  0.529     0.00     0.00 -1 -3.45e-13      0.00 8.635e-01 1.364e-01 2.919e-05 8.043e-06 7.359e-05 -1.000 1.557e-04 3.697 3.966 4.183 3.805 3.527 3.253 2.924 2.654 2.634
0.00024632 -1.80000 10.09691 0.7756505609 2.4099006653    0.774  0.479  3.8067  4.027    1  0.000  0.529     0.00     0.00 -1 -4.14e-13      0.00 8.627e-01 1.372e-01 2.937e-05 8.092e-06 7.404e-05 -1.000 1.573e-04 3.572 3.851 4.065 3.681 3.398 3.119 2.784 2.508 2.487
0.00024632 -1.80000 10.09691 0.7762639523 2.4101307392    0.775  0.489  3.8060  4.015    1  0.000  0.529     0.00     0.00 -1 -4.31e-13      0.00 8.625e-01 1.373e-01 2.940e-05 8.101e-06 7.412e-05 -1.000 1.576e-04 3.549 3.830 4.044 3.658 3.374 3.094 2.757 2.480 2.458
0.00024632 -1.80000 10.09691 0.7768985033 2.4103684425    0.776  0.499  3.8049  4.000    2  0.000  0.529     0.00     0.00 -1 -4.49e-13      0.00 8.624e-01 1.374e-01 2.943e-05 8.110e-06 7.420e-05 -1.000 1.578e-04 3.522 3.807 4.021 3.632 3.346 3.065 2.725 2.446 2.424
0.00024632 -1.80000 10.09691 0.7790324092 2.4111640453    0.778  0.538  3.8000  3.943    2  0.000  0.529     0.00     0.00 -1 -5.21e-13      0.00 8.619e-01 1.379e-01 2.953e-05 8.139e-06 7.447e-05 -1.000 1.588e-04 3.426 3.726 3.940 3.538 3.244 2.955 2.604 2.316 2.292
0.00024632 -1.80000 10.09691 0.7806652188 2.4117696285    0.779  0.572  3.7939  3.885    2  0.000  0.529     0.00     0.00 -1 -6.02e-13      0.00 8.613e-01 1.385e-01 2.970e-05 8.186e-06 7.490e-05 -1.000 1.595e-04 3.340 3.663 3.874 3.456 3.152 2.853 2.488 2.188 2.161
0.00024632 -1.80000 10.09691 0.7819440365 2.4122419357    0.780  0.604  3.7868  3.826    2  0.000  0.529     0.00     0.00 -1 -6.92e-13      0.00 8.598e-01 1.400e-01 3.013e-05 8.302e-06 7.596e-05 -1.000 1.748e-04 3.261 3.613 3.822 3.384 3.066 2.756 2.375 2.062 2.030
0.00024632 -1.80000 10.09691 0.7829750776 2.4126212597    0.781  0.632  3.7790  3.767    2  0.000  0.529     0.00     0.00 -1 -7.89e-13      0.00 8.511e-01 1.487e-01 3.204e-05 8.822e-06 8.066e-05 -1.000 1.867e-04 3.191 3.576 3.782 3.321 2.989 2.666 2.267 1.940 1.904
0.00024632 -1.80000 10.09691 0.7838401198 2.4129388332    0.782  0.658  3.7713  3.711    2  0.000  0.531     0.00     0.00 -1 -8.94e-13      0.00 8.322e-01 1.676e-01 3.529e-05 9.700e-06 8.856e-05 -1.000 1.934e-04 3.126 3.551 3.748 3.263 2.917 2.581 2.165 1.824 1.783
0.00024632 -1.80000 10.09691 0.7846031785 2.4132182598    0.783  0.684  3.7639  3.655    2  0.000  0.533     0.00     0.00 -1 -1.76e-13      0.00 8.071e-01 1.927e-01 3.894e-05 1.068e-05 9.729e-05 -1.000 2.090e-04 3.059 3.526 3.714 3.206 2.846 2.498 2.064 1.710 1.664
0.00024632 -1.80000 10.09691 0.7852801085 2.4134654999    0.784  0.714  3.7571  3.599    2  0.000  0.535     0.00     0.00 -1 -7.77e-14      0.00 7.906e-01 2.092e-01 4.134e-05 1.132e-05 1.030e-04 -1.000 1.970e-04 2.986 3.494 3.672 3.141 2.769 2.410 1.960 1.595 1.544
0.00024632 -1.80000 10.09691 0.7859504819 2.4137098789    0.784  0.751  3.7510  3.537    2  0.000  0.536     0.00     0.00 -1 -1.02e-13      0.00 7.804e-01 2.194e-01 4.286e-05 1.173e-05 1.067e-04 -1.000 2.446e-04 2.891 3.441 3.606 3.055 2.671 2.302 1.838 1.462 1.407
0.00024632 -1.80000 10.09691 0.7864795327 2.4139025211    0.785  0.789  3.7469  3.483    2  0.000  0.536     0.00     0.00 -1 -1.29e-13      0.00 7.752e-01 2.245e-01 4.364e-05 1.193e-05 1.085e-04 -1.000 2.553e-04 2.797 3.376 3.532 2.967 2.575 2.199 1.725 1.343 1.284
0.00024632 -1.80000 10.09691 0.7868412137 2.4140338898    0.785  0.818  3.7444  3.444    2  0.000  0.536     0.00     0.00 -1 -1.54e-13      0.00 7.725e-01 2.272e-01 4.404e-05 1.204e-05 1.095e-04 -1.000 2.455e-04 2.725 3.322 3.472 2.899 2.502 2.122 1.642 1.255 1.195
0.00024632 -1.80000 10.09691 0.7870063186 2.4140939713    0.785  0.833  3.7434  3.426    3  0.000  0.536     0.00     0.00 -1 -1.68e-13      0.00 7.716e-01 2.282e-01 4.418e-05 1.208e-05 1.098e-04 -1.000 1.954e-04 2.687 3.292 3.439 2.863 2.465 2.083 1.601 1.212 1.151
0.00024632 -1.80000 10.09691 0.7874494195 2.4142546654    0.786  0.875  3.7412  3.375    3  0.000  0.537     0.00     0.00 -1  -2.1e-13      0.00 7.691e-01 2.306e-01 4.451e-05 1.217e-05 1.106e-04 -1.000 2.660e-04 2.583 3.205 3.345 2.762 2.360 1.974 1.486 1.093 1.031
0.00024632 -1.80000 10.09691 0.7879341841 2.4144303799    0.786  0.924  3.7389  3.317    3  0.000  0.537     0.00     0.00 -1 -2.72e-13      0.00 7.668e-01 2.330e-01 4.480e-05 1.225e-05 1.113e-04 -1.000 2.571e-04 2.459 3.100 3.233 2.643 2.236 1.847 1.352 0.954 0.891
0.00024632 -1.80000 10.09691 0.7883459330 2.4145793915    0.786  0.969  3.7372  3.265    3  0.000  0.537     0.00     0.00 -1 -3.43e-13      0.00 7.649e-01 2.348e-01 4.500e-05 1.230e-05 1.118e-04 -1.000 2.562e-04 2.346 3.003 3.129 2.533 2.124 1.732 1.232 0.830 0.766
0.00024632 -1.80000 10.09691 0.7887394428 2.4147217274    0.787  1.015  3.7356  3.213    3  0.000  0.537     0.00     0.00 -1 -4.33e-13      0.00 7.633e-01 2.364e-01 4.517e-05 1.235e-05 1.122e-04 -1.000 2.672e-04 2.232 2.902 3.023 2.422 2.009 1.615 1.110 0.705 0.639
0.00024632 -1.80000 10.09691 0.7891392708 2.4148662090    0.787  1.065  3.7340  3.156    3  0.000  0.537     0.00     0.00 -1 -5.54e-13      0.00 7.616e-01 2.381e-01 4.532e-05 1.239e-05 1.126e-04 -1.000 2.672e-04 2.107 2.791 2.906 2.300 1.885 1.488 0.978 0.568 0.502
0.00024632 -1.80000 10.09691 0.7895067930 2.4149987698    0.787  1.115  3.7325  3.101    3  0.000  0.537     0.00     0.00 -1 -7.05e-13      0.00 7.601e-01 2.396e-01 4.542e-05 1.242e-05 1.129e-04 -1.000 2.636e-04 1.982 2.680 2.789 2.179 1.761 1.361 0.847 0.433 0.366
0.00024632 -1.80000 10.09691 0.7898368239 2.4151175022    0.788  1.164  3.7310  3.047    3  0.000  0.536     0.00     0.00 -1 -8.86e-13      0.00 7.588e-01 2.410e-01 4.549e-05 1.245e-05 1.131e-04 -1.000 2.569e-04 1.861 2.571 2.675 2.060 1.640 1.238 0.720 0.302 0.234
0.00024632 -1.80000 10.09691 0.7901254296 2.4152214527    0.788  1.210  3.7296  2.995    3  0.000  0.536     0.00     0.00 -1  -1.1e-12      0.00 7.576e-01 2.421e-01 4.552e-05 1.248e-05 1.133e-04 -1.000 2.549e-04 1.746 2.469 2.568 1.948 1.526 1.122 0.599 0.177 0.109
0.00024632 -1.80000 10.09691 0.7904066443 2.4153227806    0.788  1.258  3.7281  2.940    3  0.000  0.535     0.00     0.00 -1 -1.37e-12      0.00 7.565e-01 2.432e-01 4.551e-05 1.252e-05 1.134e-04 -1.000 2.677e-04 1.624 2.361 2.453 1.829 1.404 0.998 0.470 0.045 -0.023
0.00024632 -1.80000 10.09691 0.7906764150 2.4154195786    0.788  1.310  3.7266  2.883    3  0.000  0.534     0.00     0.00 -1 -1.72e-12      0.00 7.556e-01 2.442e-01 4.547e-05 1.257e-05 1.135e-04 -1.000 2.607e-04 1.496 2.248 2.333 1.704 1.277 0.868 0.336 -0.093 -0.162
0.00024632 -1.80000 10.09691 0.7909027338 2.4155008793    0.788  1.357  3.7251  2.830    3  0.000  0.533     0.00     0.00 -1 -2.11e-12      0.00 7.548e-01 2.450e-01 4.541e-05 1.263e-05 1.136e-04 -1.000 2.449e-04 1.379 2.146 2.224 1.590 1.160 0.749 0.213 -0.220 -0.290
0.00024632 -1.80000 10.09691 0.7911091447 2.4155750275    0.788  1.403  3.7236  2.778    3  0.000  0.532     0.00     0.00 -1 -2.59e-12      0.00 7.541e-01 2.456e-01 4.533e-05 1.269e-05 1.137e-04 -1.000 2.609e-04 1.262 2.044 2.116 1.477 1.044 0.631 0.090 -0.347 -0.417
0.00024632 -1.80000 10.09691 0.7913032770 2.4156446457    0.788  1.451  3.7221  2.724    3  0.000  0.531     0.00     0.00 -1 -3.17e-12      0.00 7.536e-01 2.461e-01 4.526e-05 1.276e-05 1.138e-04 -1.000 2.682e-04 1.142 1.938 2.004 1.360 0.925 0.509 -0.036 -0.477 -0.548
0.00024632 -1.80000 10.09691 0.7914748788 2.4157061577    0.788  1.498  3.7205  2.671    3  0.000  0.530     0.00     0.00 -1 -3.86e-12      0.00 7.532e-01 2.465e-01 4.519e-05 1.282e-05 1.138e-04 -1.000 2.680e-04 1.026 1.837 1.897 1.248 0.810 0.391 -0.159 -0.603 -0.675
0.00024632 -1.80000 10.09691 0.7916381359 2.4157645702    0.788  1.546  3.7188  2.616    3  0.000  0.529     0.00     0.00 -1 -4.71e-12      0.00 7.529e-01 2.468e-01 4.514e-05 1.287e-05 1.138e-04 -1.000 2.681e-04 0.905 1.732 1.785 1.130 0.690 0.268 -0.287 -0.735 -0.808
0.00024632 -1.80000 10.09691 0.7917820811 2.4158163071    0.788  1.593  3.7172  2.563    3  0.000  0.529     0.00     0.00 -1 -5.71e-12      0.00 7.528e-01 2.469e-01 4.511e-05 1.290e-05 1.139e-04 -1.000 2.680e-04 0.788 1.632 1.678 1.018 0.574 0.150 -0.410 -0.863 -0.936
0.00024632 -1.80000 10.09691 0.7919101715 2.4158620834    0.788  1.638  3.7156  2.511    3  0.000  0.529     0.00     0.00 -1 -6.86e-12      0.00 7.527e-01 2.470e-01 4.509e-05 1.292e-05 1.139e-04 -1.000 2.667e-04 0.675 1.535 1.575 0.908 0.462 0.035 -0.530 -0.987 -1.060
0.00024632 -1.80000 10.09691 0.7920321822 2.4159057140    0.788  1.685  3.7138  2.457    3  0.000  0.529     0.00     0.00 -1 -8.29e-12      0.00 7.527e-01 2.471e-01 4.508e-05 1.293e-05 1.139e-04 -1.000 2.646e-04 0.557 1.438 1.468 0.795 0.345 -0.085 -0.655 -1.116 -1.190
0.00024632 -1.80000 10.09691 0.7921426892 2.4159452915    0.788  1.732  3.7122  2.403    3  0.000  0.529     0.00     0.00 -1 -9.97e-12      0.00 7.527e-01 2.471e-01 4.508e-05 1.293e-05 1.139e-04 -1.000 2.648e-04 0.440 1.343 1.362 0.682 0.228 -0.204 -0.779 -1.244 -1.319
0.00024632 -1.80000 10.09691 0.7922400236 2.4159801006    0.788  1.777  3.7104  2.351    3  0.000  0.529     0.00     0.00 -1 -1.19e-11      0.00 7.527e-01 2.471e-01 4.508e-05 1.293e-05 1.139e-04 -1.000 2.647e-04 0.328 1.252 1.262 0.574 0.117 -0.319 -0.898 -1.367 -1.443
0.00024632 -1.80000 10.09691 0.7923293710 2.4160120487    0.787  1.821  3.7087  2.300    3  0.000  0.529     0.00     0.00 -1 -3.77e-13      0.00 7.526e-01 2.471e-01 4.508e-05 1.293e-05 1.139e-04 -1.000 2.648e-04 0.217 1.164 1.162 0.467 0.006 -0.432 -1.017 -1.490 -1.566
0.00024632 -1.80000 10.09691 0.7924158573 2.4160430431    0.787  1.868  3.7069  2.246    3  0.000  0.529     0.00     0.00 -1 -9.21e-14      0.00 7.526e-01 2.471e-01 4.508e-05 1.293e-05 1.139e-04 -1.000 2.648e-04 0.100 1.071 1.058 0.355 -0.110 -0.551 -1.141 -1.618 -1.695
0.00024632 -1.80000 10.09691 0.7924916148 2.4160699844    0.787  1.912  3.7051  2.194    3  0.000  0.529     0.00     0.00 -1 -1.13e-13      0.00 7.526e-01 2.471e-01 4.508e-05 1.293e-05 1.139e-04 -1.000 2.649e-04 -0.011 0.984 0.960 0.249 -0.220 -0.665 -1.260 -1.741 -1.820
0.00024632 -1.80000 10.09691 0.7925612926 2.4160950184    0.787  1.957  3.7033  2.142    3  0.000  0.529     0.00     0.00 -1 -1.38e-13      0.00 7.526e-01 2.471e-01 4.508e-05 1.293e-05 1.139e-04 -1.000 2.649e-04 -0.122 0.898 0.863 0.143 -0.329 -0.778 -1.378 -1.864 -1.943
0.00024632 -1.80000 10.09691 0.7926272154 2.4161186218    0.786  2.002  3.7015  2.090    3  0.000  0.529     0.00     0.00 -1 -1.69e-13      0.00 7.526e-01 2.471e-01 4.508e-05 1.293e-05 1.139e-04 -1.000 2.649e-04 -0.235 0.809 0.763 0.035 -0.442 -0.893 -1.499 -1.990 -2.069
0.00024632 -1.80000 10.09691 0.7926852703 2.4161393642    0.786  2.044  3.6996  2.039    3  0.000  0.529     0.00     0.00 -1 -2.03e-13      0.00 7.526e-01 2.471e-01 4.508e-05 1.294e-05 1.139e-04 -1.000 2.649e-04 -0.341 0.729 0.672 -0.065 -0.546 -1.001 -1.613 -2.108 -2.189
0.00024632 -1.80000 10.09691 0.7927411795 2.4161591530    0.786  2.087  3.6978  1.989    3  0.000  0.529     0.00     0.00 -1 -2.44e-13      0.00 7.526e-01 2.471e-01 4.508e-05 1.294e-05 1.139e-04 -1.000 2.650e-04 -0.448 0.650 0.580 -0.166 -0.651 -1.109 -1.727 -2.227 -2.308
0.00024632 -1.80000 10.09691 0.7927992344 2.4161798954    0.785  2.130  3.6961  1.939    3  0.000  0.529     0.00     0.00 -1 -2.94e-13      0.00 7.526e-01 2.471e-01 4.508e-05 1.294e-05 1.139e-04 -1.000 2.650e-04 -0.555 0.574 0.489 -0.268 -0.756 -1.218 -1.841 -2.346 -2.428
0.00024632 -1.80000 10.09691 0.7928510904 2.4161984921    0.785  2.154  3.6951  1.911    3  0.000  0.529     0.00     0.00 -1 -3.33e-13      0.00 7.526e-01 2.471e-01 4.508e-05 1.294e-05 1.139e-04 -1.000 2.650e-04 -0.615 0.530 0.437 -0.325 -0.816 -1.280 -1.906 -2.414 -2.496
0.00024632 -1.80000 10.09691 0.7928850055 2.4162106514    0.784  2.144  3.6958  1.923    3  0.000  0.529     0.00     0.00 -1 -3.35e-13      0.00 7.526e-01 2.471e-01 4.508e-05 1.294e-05 1.139e-04 -1.000 2.650e-04 -0.591 0.544 0.455 -0.303 -0.792 -1.255 -1.879 -2.384 -2.466
0.00024632 -1.80000 10.09691 0.7928926349 2.4162132740    0.784  2.152  3.6954  1.914    3  0.000  0.529     0.00     0.00 -1 -3.45e-13      0.00 7.526e-01 2.471e-01 4.508e-05 1.294e-05 1.139e-04 -1.000 2.650e-04 -0.610 0.530 0.439 -0.321 -0.811 -1.274 -1.900 -2.406 -2.489
0.00024632 -1.80000 10.09691 0.7929319143 2.4162273407    0.784  2.195  3.6935  1.863    3  0.000  0.529     0.00     0.00 -1 -4.06e-13      0.00 7.526e-01 2.471e-01 4.508e-05 1.294e-05 1.139e-04 -1.000 2.651e-04 -0.717 0.457 0.350 -0.420 -0.916 -1.383 -2.014 -2.526 -2.609
0.00024632 -1.80000 10.09691 0.7929682732 2.4162402153    0.784  2.236  3.6916  1.814    3  0.000  0.529     0.00     0.00 -1 -4.78e-13      0.00 7.526e-01 2.471e-01 4.508e-05 1.294e-05 1.139e-04 -1.000 2.651e-04 -0.820 0.386 0.263 -0.518 -1.018 -1.488 -2.126 -2.643 -2.727
0.00024632 -1.80000 10.09691 0.7930032015 2.4162528515    0.783  2.279  3.6896  1.763    3  0.000  0.529     0.00     0.00 -1 -5.66e-13      0.00 7.526e-01 2.471e-01 4.508e-05 1.294e-05 1.139e-04 -1.000 2.651e-04 -0.927 0.314 0.175 -0.617 -1.122 -1.597 -2.241 -2.763 -2.848
0.00024632 -1.80000 10.09691 0.7930325866 2.4162633419    0.783  2.317  3.6877  1.717    3  0.000  0.529     0.00     0.00 -1 -6.57e-13      0.00 7.526e-01 2.472e-01 4.508e-05 1.294e-05 1.139e-04 -1.000 2.651e-04 -1.023 0.253 0.097 -0.706 -1.215 -1.693 -2.344 -2.872 -2.957
0.00024632 -1.80000 10.09691 0.7930610180 2.4162733555    0.782  2.357  3.6859  1.670    3  0.000  0.529     0.00     0.00 -1 -7.65e-13      0.00 7.526e-01 2.472e-01 4.508e-05 1.294e-05 1.139e-04 -1.000 2.651e-04 -1.122 0.189 0.017 -0.797 -1.312 -1.793 -2.450 -2.984 -3.070
0.00024632 -1.80000 10.09691 0.7930862904 2.4162824154    0.781  2.394  3.6840  1.624    3  0.000  0.529     0.00     0.00 -1 -8.84e-13      0.00 7.526e-01 2.472e-01 4.508e-05 1.294e-05 1.139e-04 -1.000 2.651e-04 -1.216 0.184 -0.043 -0.888 -1.410 -1.894 -2.557 -3.096 -3.179
0.00024632 -1.80000 10.09691 0.7931098938 2.4162907600    0.781  2.432  3.6821  1.579    3  0.000  0.529     0.00     0.00 -1 -1.02e-12      0.00 7.526e-01 2.472e-01 4.508e-05 1.294e-05 1.139e-04 -1.000 2.652e-04 -1.310 0.158 -0.109 -0.976 -1.505 -1.992 -2.661 -3.205 -3.287
0.00024632 -1.80000 10.09691 0.7931320071 2.4162986279    0.780  2.470  3.6802  1.533    3  0.000  0.529     0.00     0.00 -1 -1.17e-12      0.00 7.526e-01 2.472e-01 4.508e-05 1.294e-05 1.139e-04 -1.000 2.651e-04 -1.404 0.132 -0.173 -1.063 -1.599 -2.090 -2.765 -3.314 -3.395
0.00024632 -1.80000 10.09691 0.7931565046 2.4163074493    0.779  2.514  3.6779  1.479    3  0.000  0.529     0.00     0.00 -1 -1.39e-12      0.00 7.526e-01 2.472e-01 4.508e-05 1.294e-05 1.139e-04 -1.000 2.651e-04 -1.516 0.034 -0.268 -1.161 -1.702 -2.199 -2.882 -3.439 -3.523
0.00024632 -1.80000 10.09691 0.7931749821 2.4163141251    0.779  2.551  3.6760  1.435    3  0.000  0.529     0.00     0.00 -1 -1.58e-12      0.00 7.526e-01 2.472e-01 4.508e-05 1.294e-05 1.139e-04 -1.000 2.652e-04 -1.606 0.011 -0.328 -1.242 -1.791 -2.292 -2.981 -3.543 -3.627
0.00024632 -1.80000 10.09691 0.7931954265 2.4163212776    0.778  2.593  3.6738  1.383    3  0.000  0.529     0.00     0.00 -1 -1.85e-12      0.00 7.526e-01 2.472e-01 4.508e-05 1.294e-05 1.139e-04 -1.000 2.652e-04 -1.713 -0.009 -0.394 -1.337 -1.895 -2.402 -3.099 -3.667 -3.750
0.00024632 -1.80000 10.09691 0.7932143211 2.4163281918    0.776  2.636  3.6714  1.330    3  0.000  0.529     0.00     0.00 -1 -2.17e-12      0.00 7.526e-01 2.472e-01 4.508e-05 1.294e-05 1.139e-04 -1.000 2.652e-04 -1.820 -0.022 -0.457 -1.431 -1.999 -2.512 -3.217 -3.791 -3.873
0.00024632 -1.80000 10.09691 0.7932323813 2.4163346291    0.775  2.680  3.6691  1.276    3  0.000  0.529     0.00     0.00 -1 -2.54e-12      0.00 7.526e-01 2.472e-01 4.508e-05 1.294e-05 1.139e-04 -1.000 2.652e-04 -1.929 -0.028 -0.519 -1.526 -2.106 -2.625 -3.338 -3.918 -4.000
0.00024632 -1.80000 10.09691 0.7932474017 2.4163398743    0.774  2.718  3.6668  1.228    3  0.000  0.529     0.00     0.00 -1 -2.93e-12      0.00 7.526e-01 2.472e-01 4.508e-05 1.294e-05 1.139e-04 -1.000 2.653e-04 -2.026 -0.023 -0.569 -1.609 -2.200 -2.725 -3.446 -4.032 -4.113
0.00024632 -1.80000 10.09691 0.7932624221 2.4163453579    0.773  2.760  3.6645  1.176    3  0.000  0.529     0.00     0.00 -1  -3.4e-12      0.00 7.526e-01 2.472e-01 4.508e-05 1.294e-05 1.139e-04 -1.000 2.652e-04 -2.130 -0.014 -0.620 -1.696 -2.300 -2.832 -3.562 -4.153 -4.234
0.00024632 -1.80000 10.09691 0.7932755351 2.4163498878    0.771  2.799  3.6622  1.127    3  0.000  0.529     0.00     0.00 -1 -3.91e-12      0.00 7.526e-01 2.472e-01 4.508e-05 1.294e-05 1.139e-04 -1.000 2.651e-04 -2.228 0.007 -0.662 -1.777 -2.393 -2.932 -3.671 -4.268 -4.349
0.00024632 -1.80000 10.09691 0.7932877541 2.4163541794    0.770  2.838  3.6599  1.078    3  0.000  0.529     0.00     0.00 -1 -4.49e-12      0.00 7.526e-01 2.472e-01 4.508e-05 1.294e-05 1.139e-04 -1.000 2.651e-04 -2.325 0.032 -0.702 -1.855 -2.485 -3.032 -3.779 -4.382 -4.462
0.00024632 -1.80000 10.09691 0.7932991982 2.4163584709    0.768  2.876  3.6576  1.030    3  0.000  0.529     0.00     0.00 -1 -5.15e-12      0.00 7.526e-01 2.472e-01 4.508e-05 1.294e-05 1.139e-04 -1.000 2.652e-04 -2.421 0.064 -0.737 -1.930 -2.575 -3.129 -3.885 -4.496 -4.575
0.00024632 -1.80000 10.09691 0.7933092713 2.4163620472    0.767  2.913  3.6554  0.984    3  0.000  0.529     0.00     0.00 -1 -5.85e-12      0.00 7.526e-01 2.472e-01 4.508e-05 1.294e-05 1.139e-04 -1.000 2.652e-04 -2.512 0.063 -0.781 -2.001 -2.658 -3.219 -3.984 -4.601 -4.682
0.00024632 -1.80000 10.09691 0.7933191061 2.4163653851    0.765  2.950  3.6531  0.936    3  0.000  0.529     0.00     0.00 -1 -6.69e-12      0.00 7.526e-01 2.472e-01 4.508e-05 1.294e-05 1.139e-04 -1.000 2.653e-04 -2.605 0.070 -0.821 -2.073 -2.742 -3.312 -4.087 -4.710 -4.792
0.00024632 -1.80000 10.09691 0.7933277488 2.4163684845    0.763  2.985  3.6509  0.891    3  0.000  0.529     0.00     0.00 -1 -7.57e-12      0.00 7.526e-01 2.472e-01 4.508e-05 1.294e-05 1.139e-04 -1.000 2.651e-04 -2.693 0.079 -0.856 -2.138 -2.820 -3.398 -4.183 -4.812 -4.895
0.00024632 -1.80000 10.09691 0.7933357954 2.4163713455    0.761  3.019  3.6488  0.847    3  0.000  0.529     0.00     0.00 -1 -8.55e-12      0.00 7.526e-01 2.472e-01 4.508e-05 1.294e-05 1.139e-04 -1.000 2.652e-04 -2.778 0.088 -0.892 -2.202 -2.897 -3.482 -4.277 -4.912 -4.995
0.00024632 -1.80000 10.09691 0.7933437824 2.4163742065    0.759  3.055  3.6465  0.801    3  0.000  0.529     0.00     0.00 -1 -9.71e-12      0.00 7.526e-01 2.472e-01 4.508e-05 1.294e-05 1.139e-04 -1.000 2.652e-04 -2.868 0.102 -0.927 -2.267 -2.976 -3.570 -4.375 -5.017 -5.102
0.00024632 -1.80000 10.09691 0.7933504581 2.4163765907    0.757  3.087  3.6444  0.760    3  0.000  0.529     0.00     0.00 -1 -1.09e-11      0.00 7.526e-01 2.472e-01 4.508e-05 1.294e-05 1.139e-04 -1.000 2.652e-04 -2.947 0.116 -0.956 -2.324 -3.045 -3.647 -4.461 -5.110 -5.196
0.00024632 -1.80000 10.09691 0.7933573723 2.4163792133    0.754  3.121  3.6423  0.715    3  0.000  0.529     0.00     0.00 -1 -1.22e-11      0.00 7.526e-01 2.472e-01 4.508e-05 1.294e-05 1.139e-04 -1.000 2.653e-04 -3.033 0.128 -0.990 -2.387 -3.121 -3.731 -4.555 -5.210 -5.297
0.00024632 -1.80000 10.09691 0.7933636308 2.4163813591    0.751  3.154  3.6401  0.672    3  0.000  0.529     0.00     0.00 -1 -1.38e-11      0.00 7.526e-01 2.472e-01 4.508e-05 1.294e-05 1.139e-04 -1.000 2.653e-04 -3.115 0.147 -1.017 -2.444 -3.192 -3.810 -4.645 -5.307 -5.394
0.00024632 -1.80000 10.09691 0.7933694720 2.4163835049    0.749  3.186  3.6380  0.631    3  0.000  0.529     0.00     0.00 -1 -1.54e-11      0.00 7.526e-01 2.472e-01 4.508e-05 1.294e-05 1.139e-04 -1.000 2.653e-04 -3.195 0.167 -1.042 -2.498 -3.259 -3.886 -4.731 -5.400 -5.489
0.00024632 -1.80000 10.09691 0.7933750749 2.4163854122    0.746  3.218  3.6360  0.589    3  0.000  0.529     0.00     0.00 -1 -1.72e-11      0.00 7.526e-01 2.472e-01 4.508e-05 1.294e-05 1.139e-04 -1.000 2.652e-04 -3.275 0.187 -1.068 -2.553 -3.327 -3.963 -4.818 -5.494 -5.583
0.00024632 -1.80000 10.09691 0.7933802605 2.4163873196    0.742  3.248  3.6340  0.548    3  0.000  0.529     0.00     0.00 -1 -1.92e-11      0.00 7.526e-01 2.472e-01 4.508e-05 1.294e-05 1.139e-04 -1.000 2.652e-04 -3.351 0.209 -1.090 -2.603 -3.391 -4.035 -4.900 -5.583 -5.674
0.00024632 -1.80000 10.09691 0.7933859825 2.4163892269    0.739  3.280  3.6319  0.506    3  0.000  0.529     0.00     0.00 -1 -2.17e-11      0.00 7.526e-01 2.472e-01 4.508e-05 1.294e-05 1.139e-04 -1.000 2.653e-04 -3.431 0.231 -1.113 -2.656 -3.459 -4.112 -4.987 -5.676 -5.768
0.00024632 -1.80000 10.09691 0.7933859825 2.4163892269    0.730  1.682  3.8655  3.034    4  0.000  0.529     0.00     0.00 -1    -1e-30      0.00 7.513e-01 2.484e-01 4.560e-05 1.308e-05 1.151e-04 -1.000 2.681e-04 0.566 0.791 0.740 0.549 0.406 0.256 0.064 -0.062 -0.079
0.00024632 -1.80000 10.09691 0.7933891416 2.4163904190    0.730  1.691  3.8611  3.007    4  0.000  0.529     0.00     0.00 -1    -1e-30      0.00 7.513e-01 2.484e-01 4.560e-05 1.308e-05 1.151e-04 -1.000 2.681e-04 0.542 0.774 0.729 0.527 0.376 0.218 0.016 -0.119 -0.136
0.00024632 -1.80000 10.09691 0.7934414148 2.4164090157    0.730  1.703  3.8558  2.974    4  0.000  0.529     0.00     0.00 -1    -1e-30      0.00 7.513e-01 2.484e-01 4.560e-05 1.308e-05 1.151e-04 -1.000 2.682e-04 0.512 0.752 0.715 0.500 0.339 0.171 -0.043 -0.188 -0.205
0.00024632 -1.80000 10.09691 0.7934943438 2.4164278507    0.730  1.704  3.8566  2.976    4  0.000  0.529     0.00     0.00 -1    -1e-30      0.00 7.513e-01 2.484e-01 4.560e-05 1.308e-05 1.151e-04 -1.000 2.682e-04 0.511 0.749 0.711 0.498 0.339 0.172 -0.040 -0.183 -0.201
0.00024632 -1.80000 10.09691 0.7935484052 2.4164471626    0.730  1.704  3.8577  2.981    4  0.000  0.529     0.00     0.00 -1    -1e-30      0.00 7.513e-01 2.484e-01 4.560e-05 1.308e-05 1.151e-04 -1.000 2.681e-04 0.511 0.748 0.707 0.497 0.340 0.175 -0.034 -0.175 -0.193
0.00024632 -1.80000 10.09691 0.7936019897 2.4164662361    0.730  1.704  3.8589  2.986    4  0.000  0.529     0.00     0.00 -1    -1e-30      0.00 7.513e-01 2.484e-01 4.560e-05 1.308e-05 1.151e-04 -1.000 2.682e-04 0.511 0.746 0.704 0.496 0.341 0.179 -0.027 -0.166 -0.183
0.00024632 -1.80000 10.09691 0.7936523557 2.4164841175    0.731  1.703  3.8601  2.991    4  0.000  0.529     0.00     0.00 -1    -1e-30      0.00 7.513e-01 2.484e-01 4.560e-05 1.308e-05 1.151e-04 -1.000 2.681e-04 0.512 0.745 0.700 0.496 0.343 0.184 -0.021 -0.156 -0.174
0.00024632 -1.80000 10.09691 0.7937018871 2.4165017605    0.731  1.703  3.8613  2.996    4  0.000  0.529     0.00     0.00 -1    -1e-30      0.00 7.513e-01 2.484e-01 4.560e-05 1.308e-05 1.151e-04 -1.000 2.681e-04 0.512 0.744 0.697 0.496 0.346 0.188 -0.013 -0.147 -0.164
0.00024632 -1.80000 10.09691 0.7937520146 2.4165196419    0.731  1.703  3.8625  3.001    4  0.000  0.529     0.00     0.00 -1    -1e-30      0.00 7.513e-01 2.484e-01 4.560e-05 1.308e-05 1.151e-04 -1.000 2.681e-04 0.513 0.743 0.694 0.496 0.348 0.193 -0.006 -0.137 -0.154
0.00024632 -1.80000 10.09691 0.7938044071 2.4165382385    0.731  1.702  3.8636  3.006    4  0.000  0.529     0.00     0.00 -1    -1e-30      0.00 7.513e-01 2.484e-01 4.560e-05 1.308e-05 1.151e-04 -1.000 2.681e-04 0.514 0.742 0.692 0.497 0.351 0.198 0.001 -0.128 -0.145
0.00024632 -1.80000 10.09691 0.7938560843 2.4165568352    0.731  1.702  3.8643  3.009    4  0.000  0.529     0.00     0.00 -1    -1e-30      0.00 7.513e-01 2.484e-01 4.560e-05 1.308e-05 1.151e-04 -1.000 2.681e-04 0.514 0.741 0.689 0.496 0.352 0.201 0.006 -0.122 -0.139
0.00024632 -1.80000 10.09691 0.7939092517 2.4165756702    0.731  1.702  3.8648  3.011    4  0.000  0.529     0.00     0.00 -1    -1e-30      0.00 7.513e-01 2.484e-01 4.560e-05 1.308e-05 1.151e-04 -1.000 2.681e-04 0.514 0.740 0.688 0.496 0.353 0.202 0.008 -0.119 -0.136
0.00024632 -1.80000 10.09691 0.7939620018 2.4165945053    0.731  1.703  3.8649  3.011    4  0.000  0.529     0.00     0.00 -1    -1e-30      0.00 7.513e-01 2.484e-01 4.560e-05 1.308e-05 1.151e-04 -1.000 2.682e-04 0.513 0.740 0.687 0.495 0.352 0.201 0.008 -0.119 -0.136
0.00024632 -1.80000 10.09691 0.7940141559 2.4166131020    0.731  1.703  3.8644  3.008    4  0.000  0.529     0.00     0.00 -1    -1e-30      0.00 7.513e-01 2.484e-01 4.560e-05 1.308e-05 1.151e-04 -1.000 2.681e-04 0.512 0.739 0.687 0.494 0.350 0.198 0.004 -0.124 -0.141
0.00024632 -1.80000 10.09691 0.7940646410 2.4166309834    0.731  1.704  3.8634  3.003    4  0.000  0.529     0.00     0.00 -1    -1e-30      0.00 7.513e-01 2.484e-01 4.560e-05 1.308e-05 1.151e-04 -1.000 2.681e-04 0.510 0.738 0.688 0.492 0.346 0.193 -0.004 -0.134 -0.151
0.00024632 -1.80000 10.09691 0.7940866351 2.4166388512    0.731  1.705  3.8629  3.001    4  0.000  0.529     0.00     0.00 -1    -1e-30      0.00 7.513e-01 2.484e-01 4.560e-05 1.308e-05 1.151e-04 -1.000 2.681e-04 0.509 0.738 0.688 0.491 0.344 0.190 -0.008 -0.139 -0.156
0.00024632 -1.80000 10.09691 0.7940982580 2.4166429043    0.731  1.705  3.8624  2.999    4  0.000  0.529     0.00     0.00 -1    -1e-30      0.00 7.513e-01 2.484e-01 4.560e-05 1.308e-05 1.151e-04 -1.000 2.681e-04 0.508 0.738 0.689 0.491 0.343 0.188 -0.011 -0.143 -0.160
0.00024632 -1.80000 10.09691 0.7941491008 2.4166610241    0.731  1.706  3.8604  2.989    4  0.000  0.529     0.00     0.00 -1    -1e-30      0.00 7.513e-01 2.484e-01 4.560e-05 1.308e-05 1.151e-04 -1.000 2.681e-04 0.504 0.737 0.692 0.488 0.336 0.177 -0.026 -0.162 -0.179
0.00024632 -1.80000 10.09691 0.7942005992 2.4166793823    0.731  1.708  3.8577  2.977    4  0.000  0.529     0.00     0.00 -1    -1e-30      0.00 7.513e-01 2.484e-01 4.560e-05 1.308e-05 1.151e-04 -1.000 2.681e-04 0.500 0.737 0.696 0.486 0.328 0.164 -0.045 -0.186 -0.204
0.00024632 -1.80000 10.09691 0.7942511439 2.4166972637    0.731  1.710  3.8544  2.961    4  0.000  0.529     0.00     0.00 -1    -1e-30      0.00 7.513e-01 2.484e-01 4.560e-05 1.308e-05 1.151e-04 -1.000 2.681e-04 0.494 0.736 0.702 0.483 0.319 0.148 -0.069 -0.216 -0.234
0.00024632 -1.80000 10.09691 0.7943009734 2.4167149067    0.731  1.713  3.8506  2.943    4  0.000  0.529     0.00     0.00 -1    -1e-30      0.00 7.513e-01 2.484e-01 4.560e-05 1.308e-05 1.151e-04 -1.000 2.681e-04 0.487 0.736 0.708 0.480 0.308 0.130 -0.095 -0.250 -0.269
0.00024632 -1.80000 10.09691 0.7943506241 2.4167327881    0.731  1.716  3.8460  2.922    4  0.000  0.529     0.00     0.00 -1    -1e-30      0.00 7.513e-01 2.484e-01 4.560e-05 1.308e-05 1.151e-04 -1.000 2.683e-04 0.480 0.736 0.717 0.477 0.296 0.109 -0.126 -0.292 -0.311
0.00024632 -1.80000 10.09691 0.7943999171 2.4167501926    0.731  1.719  3.8410  2.899    4  0.000  0.529     0.00     0.00 -1    -1e-30      0.00 7.513e-01 2.484e-01 4.560e-05 1.308e-05 1.151e-04 -1.000 2.682e-04 0.471 0.737 0.726 0.474 0.283 0.086 -0.161 -0.337 -0.356
0.00024632 -1.80000 10.09691 0.7944492698 2.4167678356    0.731  1.723  3.8354  2.872    4  0.000  0.529     0.00     0.00 -1    -1e-30      0.00 7.513e-01 2.484e-01 4.560e-05 1.308e-05 1.151e-04 -1.000 2.681e-04 0.462 0.738 0.737 0.470 0.268 0.061 -0.199 -0.387 -0.408
0.00024632 -1.80000 10.09691 0.7944539189 2.4167695045    0.731  1.724  3.8348  2.870    4  0.000  0.529     0.00     0.00 -1    -1e-30      0.00 7.513e-01 2.484e-01 4.560e-05 1.308e-05 1.151e-04 -1.000 2.681e-04 0.461 0.738 0.738 0.470 0.267 0.058 -0.203 -0.392 -0.413
0.00024632 -1.80000 10.09691 0.7944625616 2.4167723656    0.731  1.724  3.8338  2.865    4  0.000  0.529     0.00     0.00 -1    -1e-30      0.00 7.513e-01 2.484e-01 4.560e-05 1.308e-05 1.151e-04 -1.000 2.681e-04 0.459 0.739 0.741 0.470 0.264 0.054 -0.210 -0.402 -0.422
0.00024632 -1.80000 10.09691 0.7945138216 2.4167907238    0.731  1.729  3.8275  2.835    4  0.000  0.529     0.00     0.00 -1    -1e-30      0.00 7.513e-01 2.484e-01 4.560e-05 1.308e-05 1.151e-04 -1.000 2.681e-04 0.448 0.741 0.754 0.466 0.248 0.026 -0.253 -0.458 -0.480
0.00024632 -1.80000 10.09691 0.7945637703 2.4168083668    0.732  1.733  3.8213  2.806    4  0.000  0.529     0.00     0.00 -1    -1e-30      0.00 7.513e-01 2.484e-01 4.560e-05 1.308e-05 1.151e-04 -1.000 2.682e-04 0.437 0.745 0.767 0.463 0.232 -0.002 -0.295 -0.514 -0.537
0.00024632 -1.80000 10.09691 0.7946171761 2.4168274403    0.732  1.738  3.8142  2.773    4  0.000  0.529     0.00     0.00 -1    -1e-30      0.00 7.513e-01 2.484e-01 4.560e-05 1.308e-05 1.151e-04 -1.000 2.681e-04 0.424 0.750 0.782 0.459 0.214 -0.033 -0.343 -0.578 -0.602
0.00024632 -1.80000 10.09691 0.7946680188 2.4168455601    0.732  1.744  3.8072  2.739    4  0.000  0.529     0.00     0.00 -1    -1e-30      0.00 7.513e-01 2.484e-01 4.560e-05 1.308e-05 1.151e-04 -1.000 2.682e-04 0.410 0.754 0.800 0.456 0.197 -0.063 -0.391 -0.642 -0.668
0.00024632 -1.80000 10.09691 0.7947167754 2.4168627262    0.732  1.749  3.8011  2.710    4  0.000  0.529     0.00     0.00 -1    -1e-30      0.00 7.513e-01 2.484e-01 4.560e-05 1.308e-05 1.151e-04 -1.000 2.681e-04 0.397 0.759 0.815 0.453 0.181 -0.090 -0.434 -0.698 -0.726
0.00024632 -1.80000 10.09691 0.7947670817 2.4168806076    0.732  1.755  3.7945  2.677    4  0.000  0.529     0.00     0.00 -1    -1e-30      0.00 7.513e-01 2.484e-01 4.560e-05 1.308e-05 1.151e-04 -1.000 2.682e-04 0.382 0.765 0.831 0.449 0.163 -0.120 -0.480 -0.760 -0.790
0.00024632 -1.80000 10.09691 0.7948163748 2.4168980122    0.732  1.761  3.7886  2.648    4  0.000  0.529     0.00     0.00 -1    -1e-30      0.00 7.513e-01 2.484e-01 4.560e-05 1.308e-05 1.151e-04 -1.000 2.681e-04 0.367 0.770 0.845 0.444 0.147 -0.148 -0.522 -0.816 -0.848
0.00024632 -1.80000 10.09691 0.7948663235 2.4169158936    0.732  1.767  3.7831  2.620    4  0.000  0.529     0.00     0.00 -1    -1e-30      0.00 7.513e-01 2.484e-01 4.560e-05 1.308e-05 1.151e-04 -1.000 2.681e-04 0.352 0.774 0.857 0.439 0.130 -0.174 -0.563 -0.869 -0.903
0.00024632 -1.80000 10.09691 0.7949162722 2.4169335365    0.732  1.774  3.7780  2.592    4  0.000  0.529     0.00     0.00 -1    -1e-30      0.00 7.513e-01 2.484e-01 4.560e-05 1.308e-05 1.151e-04 -1.000 2.681e-04 0.335 0.779 0.866 0.432 0.112 -0.201 -0.603 -0.922 -0.958
0.00024632 -1.80000 10.09691 0.7949665189 2.4169514179    0.732  1.783  3.7725  2.562    4  0.000  0.529     0.00     0.00 -1    -1e-30      0.00 7.513e-01 2.484e-01 4.560e-05 1.308e-05 1.151e-04 -1.000 2.681e-04 0.313 0.783 0.871 0.420 0.090 -0.234 -0.650 -0.983 -1.021
0.00024632 -1.80000 10.09691 0.7949765325 2.4169549942    0.732  1.779  3.7735  2.569    4  0.000  0.529     0.00     0.00 -1    -1e-30      0.00 7.513e-01 2.484e-01 4.560e-05 1.308e-05 1.151e-04 -1.000 2.681e-04 0.322 0.786 0.875 0.426 0.098 -0.224 -0.637 -0.967 -1.005
0.00024632 -1.80000 10.09691 0.7950281501 2.4169733524    0.732  1.792  3.7672  2.532    4  0.000  0.529     0.00     0.00 -1    -1e-30      0.00 7.513e-01 2.484e-01 4.560e-05 1.308e-05 1.151e-04 -1.000 2.682e-04 0.290 0.786 0.876 0.407 0.067 -0.267 -0.697 -1.043 -1.083
0.00024632 -1.80000 10.09691 0.7950789332 2.4169912338    0.732  1.809  3.7610  2.490    4  0.000  0.529     0.00     0.00 -1    -1e-30      0.00 7.513e-01 2.484e-01 4.560e-05 1.308e-05 1.151e-04 -1.000 2.682e-04 0.249 0.774 0.867 0.377 0.024 -0.320 -0.767 -1.126 -1.170
0.00024632 -1.80000 10.09691 0.7951217294 2.4170064926    0.732  1.837  3.7530  2.429    4  0.000  0.529     0.00     0.00 -1    -1e-30      0.00 7.513e-01 2.484e-01 4.560e-05 1.308e-05 1.151e-04 -1.000 2.681e-04 0.176 0.748 0.838 0.321 -0.048 -0.407 -0.874 -1.251 -1.299
0.00024632 -1.80000 10.09691 0.7951448560 2.4170145988    0.732  1.872  3.7450  2.362    4  0.000  0.529     0.00     0.00 -1    -1e-30      0.00 7.513e-01 2.484e-01 4.560e-05 1.308e-05 1.151e-04 -1.000 2.681e-04 0.089 0.712 0.796 0.250 -0.135 -0.508 -0.995 -1.389 -1.443
0.00024632 -1.80000 10.09691 0.7951553464 2.4170184135    0.732  1.910  3.7377  2.296    4  0.000  0.529     0.00     0.00 -1    -1e-30      0.00 7.513e-01 2.484e-01 4.560e-05 1.308e-05 1.151e-04 -1.000 2.681e-04 -0.004 0.672 0.744 0.172 -0.227 -0.613 -1.119 -1.529 -1.587
0.00024632 -1.80000 10.09691 0.7951599956 2.4170200825    0.732  1.948  3.7312  2.231    4  0.000  0.529     0.00     0.00 -1    -1e-30      0.00 7.513e-01 2.484e-01 4.560e-05 1.308e-05 1.151e-04 -1.000 2.682e-04 -0.100 0.631 0.686 0.089 -0.323 -0.720 -1.243 -1.667 -1.728
0.00024632 -1.80000 10.09691 0.7951622605 2.4170207977    0.732  1.986  3.7261  2.173    4  0.000  0.529     0.00     0.00 -1    -1e-30      0.00 7.513e-01 2.484e-01 4.560e-05 1.308e-05 1.151e-04 -1.000 2.682e-04 -0.195 0.586 0.624 0.006 -0.416 -0.823 -1.359 -1.794 -1.858
0.00024632 -1.80000 10.09691 0.7951631546 2.4170212746    0.732  2.010  3.7232  2.137    7  0.000  0.529     0.00     0.00 -1    -1e-30      0.00 7.513e-01 2.484e-01 4.560e-05 1.308e-05 1.151e-04 -1.000 2.681e-04 -0.256 0.553 0.581 -0.048 -0.477 -0.888 -1.433 -1.874 -1.940
0.00024632 -1.80000 10.09691 0.7951641679 2.4170215130    0.732  2.050  3.7194  2.082    7  0.000  0.529     0.00     0.00 -1    -1e-30      0.00 7.513e-01 2.484e-01 4.560e-05 1.308e-05 1.151e-04 -1.000 2.681e-04 -0.355 0.492 0.507 -0.139 -0.575 -0.993 -1.548 -1.998 -2.066
0.00024632 -1.80000 10.09691 0.7951650620 2.4170217514    0.732  2.088  3.7161  2.031    7  0.000  0.529     0.00     0.00 -1    -1e-30      0.00 7.513e-01 2.484e-01 4.560e-05 1.308e-05 1.151e-04 -1.000 2.681e-04 -0.450 0.434 0.434 -0.225 -0.669 -1.093 -1.657 -2.114 -2.184
0.00024632 -1.80000 10.09691 0.7951659560 2.4170222282    0.732  2.121  3.7135  1.988    7  0.000  0.529     0.00     0.00 -1    -1e-30      0.00 7.513e-01 2.484e-01 4.560e-05 1.308e-05 1.151e-04 -1.000 2.681e-04 -0.532 0.383 0.371 -0.300 -0.750 -1.178 -1.750 -2.213 -2.284
0.00024632 -1.80000 10.09691 0.7951668501 2.4170224667    0.732  2.148  3.7116  1.953    7  0.000  0.529     0.00     0.00 -1    -1e-30      0.00 7.513e-01 2.484e-01 4.560e-05 1.308e-05 1.151e-04 -1.000 2.681e-04 -0.599 0.341 0.319 -0.362 -0.816 -1.248 -1.825 -2.293 -2.365
0.00024632 -1.80000 10.09691 0.7951681614 2.4170229435    0.732  2.175  3.7097  1.918    7  0.000  0.529     0.00     0.00 -1    -1e-30      0.00 7.513e-01 2.484e-01 4.560e-05 1.308e-05 1.151e-04 -1.000 2.681e-04 -0.668 0.297 0.264 -0.426 -0.884 -1.320 -1.902 -2.375 -2.448
0.00024632 -1.80000 10.09691 0.7951706648 2.4170238972    0.732  2.156  3.7112  1.943    7  0.000  0.529     0.00     0.00 -1    -1e-30      0.00 7.513e-01 2.484e-01 4.560e-05 1.308e-05 1.151e-04 -1.000 2.682e-04 -0.621 0.324 0.299 -0.383 -0.838 -1.271 -1.849 -2.318 -2.390
0.00024632 -1.80000 10.09691 0.7951748371 2.4170253277    0.732  2.129  3.7131  1.978    7  0.000  0.529     0.00     0.00 -1    -1e-30      0.00 7.513e-01 2.484e-01 4.560e-05 1.308e-05 1.151e-04 -1.000 2.681e-04 -0.554 0.367 0.353 -0.321 -0.771 -1.200 -1.773 -2.237 -2.308
0.00024632 -1.80000 10.09691 0.7951999307 2.4170341492    0.732  2.151  3.7111  1.949    7  0.000  0.529     0.00     0.00 -1    -1e-30      0.00 7.513e-01 2.484e-01 4.560e-05 1.308e-05 1.151e-04 -1.000 2.681e-04 -0.606 0.339 0.315 -0.368 -0.823 -1.256 -1.834 -2.303 -2.375
0.00024632 -1.80000 10.09691 0.7952152491 2.4170396328    0.732  2.181  3.7087  1.908    7  0.000  0.529     0.00     0.00 -1    -1e-30      0.00 7.513e-01 2.484e-01 4.560e-05 1.308e-05 1.151e-04 -1.000 2.681e-04 -0.684 0.294 0.256 -0.439 -0.899 -1.336 -1.922 -2.396 -2.470
0.00024632 -1.80000 10.09691 0.7952337861 2.4170463085    0.732  2.223  3.7057  1.855    7  0.000  0.529     0.00     0.00 -1    -1e-30      0.00 7.513e-01 2.484e-01 4.560e-05 1.308e-05 1.151e-04 -1.000 2.681e-04 -0.787 0.234 0.177 -0.533 -1.000 -1.443 -2.037 -2.520 -2.595
0.00024632 -1.80000 10.09691 0.7952526808 2.4170529842    0.732  2.270  3.7025  1.795    7  0.000  0.529     0.00     0.00 -1    -1e-30      0.00 7.513e-01 2.484e-01 4.560e-05 1.308e-05 1.151e-04 -1.000 2.681e-04 -0.905 0.164 0.086 -0.641 -1.116 -1.565 -2.169 -2.660 -2.737
0.00024632 -1.80000 10.09691 0.7952697277 2.4170589447    0.732  2.314  3.6995  1.739    7  0.000  0.529     0.00     0.00 -1    -1e-30      0.00 7.513e-01 2.484e-01 4.560e-05 1.308e-05 1.151e-04 -1.000 2.681e-04 -1.015 0.097 0.000 -0.742 -1.224 -1.679 -2.293 -2.791 -2.869
0.00024632 -1.80000 10.09691 0.7952847481 2.4170641899    0.732  2.357  3.6968  1.685    7  0.000  0.529     0.00     0.00 -1    -1e-30      0.00 7.514e-01 2.484e-01 4.559e-05 1.308e-05 1.151e-04 -1.000 2.582e-04 -1.121 0.035 -0.081 -0.839 -1.327 -1.788 -2.410 -2.915 -2.995
0.00024632 -1.80000 10.09691 0.7952980995 2.4170689583    0.732  2.399  3.6940  1.632    7  0.000  0.529     0.00     0.00 -1    -1e-30      0.00 7.514e-01 2.483e-01 4.557e-05 1.309e-05 1.151e-04 -1.000 2.552e-04 -1.227 -0.026 -0.162 -0.935 -1.430 -1.896 -2.527 -3.039 -3.120
0.00024632 -1.80000 10.09691 0.7953097224 2.4170730114    0.732  2.440  3.6914  1.580    7  0.000  0.528     0.00     0.00 -1    -1e-30      0.00 7.514e-01 2.483e-01 4.548e-05 1.312e-05 1.151e-04 -1.000 2.553e-04 -1.331 -0.086 -0.242 -1.029 -1.531 -2.002 -2.642 -3.161 -3.243
0.00024632 -1.80000 10.09691 0.7953200936 2.4170768261    0.732  2.482  3.6888  1.528    7  0.000  0.523     0.00     0.00 -1    -1e-30      0.00 7.514e-01 2.483e-01 4.518e-05 1.332e-05 1.151e-04 -1.000 2.562e-04 -1.434 -0.145 -0.320 -1.122 -1.631 -2.107 -2.755 -3.282 -3.365
0.00024632 -1.80000 10.09691 0.7953295112 2.4170801640    0.732  2.523  3.6862  1.476    7  0.000  0.513     0.00     0.00 -1    -1e-30      0.00 7.513e-01 2.484e-01 4.447e-05 1.400e-05 1.151e-04 -1.000 2.682e-04 -1.537 -0.200 -0.396 -1.215 -1.730 -2.212 -2.869 -3.403 -3.488
0.00024632 -1.80000 10.09691 0.7953380942 2.4170832634    0.732  2.564  3.6835  1.425    7  0.000  0.500     0.00     0.00 -1    -1e-30      0.00 7.513e-01 2.484e-01 4.345e-05 1.516e-05 1.151e-04 -1.000 2.682e-04 -1.641 -0.231 -0.466 -1.308 -1.832 -2.319 -2.984 -3.526 -3.610
0.00024632 -1.80000 10.09691 0.7953461409 2.4170861244    0.732  2.606  3.6809  1.373    7  0.000  0.486     0.00     0.00 -1    -1e-30      0.00 7.513e-01 2.485e-01 4.231e-05 1.652e-05 1.151e-04 -1.000 2.681e-04 -1.744 -0.251 -0.530 -1.401 -1.934 -2.427 -3.101 -3.649 -3.733
0.00024632 -1.80000 10.09691 0.7953535914 2.4170887470    0.732  2.647  3.6782  1.320    7  0.000  0.474     0.00     0.00 -1    -1e-30      0.00 7.512e-01 2.486e-01 4.124e-05 1.783e-05 1.151e-04 -1.000 2.161e-04 -1.848 -0.261 -0.590 -1.492 -2.036 -2.534 -3.217 -3.772 -3.855
0.00024632 -1.80000 10.09691 0.7953608036 2.4170911312    0.732  2.688  3.6755  1.268    7  0.000  0.463     0.00     0.00 -1    -1e-30      0.00 7.510e-01 2.487e-01 4.028e-05 1.900e-05 1.151e-04 -1.000 2.682e-04 -1.951 -0.264 -0.647 -1.582 -2.137 -2.642 -3.333 -3.895 -3.978
0.00024632 -1.80000 10.09691 0.7953675985 2.4170937538    0.732  2.729  3.6728  1.217    7  0.000  0.454     0.00     0.00 -1    -1e-30      0.00 7.509e-01 2.489e-01 3.946e-05 2.002e-05 1.151e-04 -1.000 2.682e-04 -2.053 -0.259 -0.699 -1.669 -2.236 -2.748 -3.449 -4.018 -4.100
0.00024632 -1.80000 10.09691 0.7953740954 2.4170958996    0.732  2.771  3.6701  1.164    7  0.000  0.446     0.00     0.00 -1    -1e-30      0.00 7.507e-01 2.490e-01 3.876e-05 2.087e-05 1.151e-04 -1.000 2.683e-04 -2.157 -0.244 -0.747 -1.757 -2.337 -2.856 -3.566 -4.141 -4.223
0.00024632 -1.80000 10.09691 0.7953799963 2.4170980453    0.732  2.813  3.6673  1.111    7  0.000  0.439     0.00     0.00 -1    -1e-30      0.00 7.506e-01 2.492e-01 3.814e-05 2.164e-05 1.151e-04 -1.000 2.682e-04 -2.261 -0.221 -0.792 -1.842 -2.437 -2.964 -3.683 -4.266 -4.347
0.00024632 -1.80000 10.09691 0.7953849435 2.4170997143    0.732  2.853  3.6645  1.059    7  0.000  0.433     0.00     0.00 -1    -1e-30      0.00 7.504e-01 2.493e-01 3.763e-05 2.227e-05 1.150e-04 -1.000 2.682e-04 -2.364 -0.185 -0.830 -1.924 -2.534 -3.069 -3.799 -4.390 -4.470
0.00024632 -1.80000 10.09691 0.7953890562 2.4171011448    0.732  2.894  3.6617  1.007    7  0.000  0.428     0.00     0.00 -1    -1e-30      0.00 7.502e-01 2.495e-01 3.719e-05 2.282e-05 1.149e-04 -1.000 2.682e-04 -2.466 -0.139 -0.862 -2.005 -2.631 -3.175 -3.915 -4.513 -4.593
0.00024632 -1.80000 10.09691 0.7953925729 2.4171025753    0.732  2.935  3.6588  0.955    7  0.000  0.425     0.00     0.00 -1    -1e-30      0.00 7.500e-01 2.498e-01 3.680e-05 2.332e-05 1.148e-04 -1.000 2.162e-04 -2.567 -0.071 -0.882 -2.079 -2.725 -3.279 -4.031 -4.636 -4.715
0.00024632 -1.80000 10.09691 0.7953959703 2.4171037674    0.732  2.976  3.6559  0.902    7  0.000  0.422     0.00     0.00 -1    -1e-30      0.00 7.499e-01 2.499e-01 3.648e-05 2.378e-05 1.147e-04 -1.000 2.681e-04 -2.670 -0.036 -0.913 -2.154 -2.817 -3.382 -4.146 -4.759 -4.839
0.00024632 -1.80000 10.09691 0.7953993082 2.4171049595    0.732  3.020  3.6528  0.846    7  0.000  0.419     0.00     0.00 -1    -1e-30      0.00 7.497e-01 2.501e-01 3.622e-05 2.418e-05 1.145e-04 -1.000 2.682e-04 -2.779 -0.016 -0.952 -2.233 -2.914 -3.489 -4.267 -4.889 -4.970
0.00024632 -1.80000 10.09691 0.7954022884 2.4171059132    0.732  3.064  3.6496  0.789    7  0.000  0.418     0.00     0.00 -1    -1e-30      0.00 7.495e-01 2.502e-01 3.599e-05 2.457e-05 1.143e-04 -1.000 2.682e-04 -2.891 0.009 -0.991 -2.313 -3.012 -3.599 -4.391 -5.022 -5.105
0.00024632 -1.80000 10.09691 0.7954033613 2.4171063900    0.732  3.077  3.6485  0.772    7  0.000  0.417     0.00     0.00 -1    -1e-30      0.00 7.495e-01 2.503e-01 3.590e-05 2.475e-05 1.142e-04 -1.000 2.683e-04 -2.923 0.018 -1.001 -2.335 -3.040 -3.630 -4.427 -5.061 -5.144
0.00024632 -1.80000 10.09691 0.7954035401 2.4171063900    0.732  3.107  3.6463  0.733    7  0.000  0.416     0.00     0.00 -1    -1e-30      0.00 7.494e-01 2.504e-01 3.580e-05 2.498e-05 1.140e-04 -1.000 2.681e-04 -2.999 0.038 -1.026 -2.388 -3.105 -3.703 -4.510 -5.151 -5.235
0.00024632 -1.80000 10.09691 0.7954038978 2.4171063900    0.732  3.147  3.6434  0.682    7  0.000  0.415     0.00     0.00 -1    -1e-30      0.00 7.491e-01 2.507e-01 3.558e-05 2.557e-05 1.136e-04 -1.000 2.682e-04 -3.097 0.066 -1.056 -2.455 -3.189 -3.798 -4.618 -5.268 -5.354
0.00024632 -1.80000 10.09691 0.7954042554 2.4171066284    0.732  3.183  3.6406  0.634    7  0.000  0.414     0.00     0.00 -1    -1e-30      0.00 7.488e-01 2.509e-01 3.536e-05 2.618e-05 1.132e-04 -1.000 2.682e-04 -3.188 0.097 -1.080 -2.516 -3.266 -3.886 -4.719 -5.378 -5.465
0.00024632 -1.80000 10.09691 0.7954045534 2.4171066284    0.732  3.414  3.6091  0.277    8  0.549  0.390    94.16    44.54  1 -1.36e-06      0.00 7.290e-01 2.706e-01 6.375e-05 5.931e-05 2.177e-04 -1.000 3.690e-04 -3.766 0.829 -0.879 -2.676 -3.625 -4.375 -5.375 -6.148 -6.261
0.00024632 -1.80000 10.09691 0.7954046130 2.4171068668    0.732  3.278  3.6173  0.446    8  0.549  0.390    65.44    32.52  1 -7.29e-07      0.00 7.290e-01 2.706e-01 6.375e-05 5.931e-05 2.177e-04 -1.000 3.690e-04 -3.426 0.730 -0.811 -2.482 -3.358 -4.061 -5.011 -5.757 -5.861
0.00024632 -1.80000 10.09691 0.7954046726 2.4171068668    0.732  3.133  3.6305  0.644    8  0.549  0.390    42.67    22.46  1 -3.67e-07      0.00 7.290e-01 2.706e-01 6.375e-05 5.931e-05 2.177e-04 -1.000 3.690e-04 -3.062 0.500 -0.791 -2.298 -3.086 -3.734 -4.613 -5.311 -5.405
0.00024632 -1.80000 10.09691 0.7954048514 2.4171068668    0.732  2.929  3.6491  0.922    8  0.549  0.390    23.43    13.37  1 -1.35e-07      0.00 7.290e-01 2.706e-01 6.375e-05 5.931e-05 2.177e-04 -1.000 3.690e-04 -2.552 0.239 -0.702 -1.988 -2.673 -3.254 -4.046 -4.682 -4.766
0.00024632 -1.80000 10.09691 0.7954050303 2.4171068668    0.731  2.934  3.6486  0.914    8  0.549  0.390    23.81    13.55  1 -1.39e-07      0.00 7.290e-01 2.706e-01 6.375e-05 5.931e-05 2.177e-04 -1.000 3.690e-04 -2.565 0.246 -0.704 -1.996 -2.683 -3.266 -4.060 -4.698 -4.782
0.00024632 -1.80000 10.09691 0.7954052687 2.4171071053    0.730  3.021  3.6407  0.795    8  0.550  0.390    30.79    16.90  1 -2.15e-07      0.00 7.290e-01 2.706e-01 6.375e-05 5.931e-05 2.177e-04 -1.000 3.690e-04 -2.782 0.349 -0.748 -2.133 -2.863 -3.472 -4.303 -4.966 -5.054
0.00024632 -1.80000 10.09691 0.7954056263 2.4171071053    0.729  3.174  3.6267  0.586    8  0.550  0.390    48.41    24.97  1 -4.53e-07      0.00 7.290e-01 2.706e-01 6.375e-05 5.931e-05 2.177e-04 -1.000 3.690e-04 -3.164 0.566 -0.799 -2.352 -3.164 -3.827 -4.726 -5.437 -5.534
0.00024632 -1.80000 10.09691 0.7954059839 2.4171073437    0.728  3.308  3.6145  0.402    8  0.550  0.390    72.02    35.15  1 -8.53e-07      0.00 7.290e-01 2.706e-01 6.375e-05 5.931e-05 2.177e-04 -1.000 3.690e-04 -3.500 0.790 -0.802 -2.511 -3.409 -4.126 -5.093 -5.848 -5.955
0.00024632 -1.80000 10.09691 0.7954064012 2.4171073437    0.726  3.397  3.6063  0.279    8  0.551  0.390    93.80    44.11  1 -1.29e-06      0.00 7.290e-01 2.706e-01 6.375e-05 5.931e-05 2.177e-04 -1.000 3.690e-04 -3.722 0.953 -0.784 -2.598 -3.560 -4.319 -5.334 -6.120 -6.235
0.00024632 -1.80000 10.09691 0.7954068780 2.4171075821    0.725  3.446  3.6018  0.212    8  0.551  0.390   108.67    50.00  1 -1.63e-06      0.00 7.290e-01 2.706e-01 6.375e-05 5.931e-05 2.177e-04 -1.000 3.690e-04 -3.844 1.047 -0.768 -2.641 -3.640 -4.424 -5.466 -6.269 -6.389
0.00024632 -1.80000 10.09691 0.7954074144 2.4171078205    0.723  3.471  3.5995  0.176    8  0.552  0.390   117.41    53.35  1 -1.84e-06      0.00 7.290e-01 2.706e-01 6.375e-05 5.931e-05 2.177e-04 -1.000 3.690e-04 -3.907 1.099 -0.757 -2.661 -3.680 -4.477 -5.533 -6.345 -6.468
0.00024632 -1.80000 10.09691 0.7954080105 2.4171080589    0.721  3.487  3.5984  0.154    8  0.552  0.390   123.14    55.47  0 -1.99e-06      0.00 7.290e-01 2.706e-01 6.375e-05 5.931e-05 2.177e-04 -1.000 3.690e-04 -3.948 1.117 -0.760 -2.680 -3.709 -4.513 -5.576 -6.392 -6.516
0.00024632 -1.80000 10.09691 0.7954102755 2.4171087742    0.554 -9.999  4.0000  1.705    9  0.554  0.000     0.00     0.00 -1    -1e-30      0.00 7.290e-01 2.706e-01 6.375e-05 5.931e-05 2.177e-04 -1.000 3.690e-04 29.767 29.798 30.046 30.096 30.089 30.080 30.124 30.120 30.136
#isochrone terminated
