# File generated by CMD 3.3 (http://stev.oapd.inaf.it/cmd) on Fri Nov 20 18:12:24 CET 2020
# isochrones based on PARSEC release v1.2S +  COLIBRI S_35
# Basic references: Bressan et al. (2012), MNRAS, 427, 127 + Chen et al. (2014, 2015), MNRAS, 444, 2525 + MNRAS, 452, 1068 + Tang et al. (2014), MNRAS, 445, 4287 + Marigo et al. (2017), ApJ, 835, 77 + Pastorelli al. (2019), MNRAS in press
# Thermal pulse cycles included 
# On RGB, assumed Reimers mass loss with efficiency eta=0.2
# Photometric system: JWST NIRCam wide+verywide+medium filters, Vegamags
# Using OBC version of bolometric corrections as detailed in Marigo et al. (2008, A&A 482, 883) and Girardi et al. (2008, PASP 120, 583
# O-rich circumstellar dpmod60alox40 dust from Groenewegen (2006)
# C-rich circumstellar AMCSIC15 dust from Groenewegen (2006)
# IMF: Kroupa (2001, 2002) + Kroupa et al. (2013) canonical two-part-power law IMF corrected for unresolved binaries 
# Kind of output: isochrone tables
# Zini     MH   logAge Mini        int_IMF         Mass   logL    logTe  logg  label   McoreTP C_O  period0 period1 pmode  Mloss  tau1m   X   Y   Xc  Xn  Xo  Cexcess  Z 	 mbolmag  F070Wmag  F090Wmag  F115Wmag  F150Wmag  F200Wmag  F277Wmag  F356Wmag  F444Wmag  F150W2mag  F322W2mag  F140Mmag  F162Mmag  F182Mmag  F210Mmag  F250Mmag  F300Mmag  F335Mmag  F360Mmag  F410Mmag  F430Mmag  F460Mmag  F480Mmag  F150WS60mag
0.00024632 -1.80000 10.09691 0.0900000036 1.0816895962    0.090 -3.196  3.4850  5.480    1  0.000  0.545     0.00     0.00 -1 -4.86e-17      0.00 7.482e-01 2.515e-01 4.823e-05 1.301e-05 1.180e-04 -1.000 2.682e-04 12.759 12.995 11.757 11.031 10.495 10.411 10.201 9.801 9.749 10.648 10.012 10.597 10.367 10.430 10.374 10.312 10.081 9.847 9.764 9.713 9.732 9.792 9.736 10.444
0.00024632 -1.80000 10.09691 0.0917384997 1.0981374979    0.092 -3.130  3.4946  5.461    1  0.000  0.545     0.00     0.00 -1 -5.72e-17      0.00 7.477e-01 2.520e-01 4.823e-05 1.301e-05 1.180e-04 -1.000 2.682e-04 12.595 12.776 11.607 10.898 10.347 10.224 10.028 9.657 9.603 10.490 9.854 10.457 10.206 10.248 10.184 10.127 9.923 9.703 9.621 9.569 9.586 9.647 9.592 10.289
0.00024632 -1.80000 10.09691 0.1000000015 1.1711064577    0.100 -2.835  3.5379  5.376    1  0.000  0.545     0.00     0.00 -1 -1.19e-16      0.00 7.456e-01 2.542e-01 4.823e-05 1.301e-05 1.180e-04 -1.000 2.682e-04 11.857 11.808 10.905 10.284 9.700 9.458 9.299 9.046 8.984 9.810 9.183 9.829 9.528 9.494 9.413 9.359 9.242 9.089 9.015 8.959 8.969 9.021 8.976 9.627
0.00024632 -1.80000 10.09691 0.1199999973 1.3193154335    0.120 -2.542  3.5687  5.286    1  0.000  0.545     0.00     0.00 -1 -2.37e-16      0.00 7.423e-01 2.574e-01 4.823e-05 1.301e-05 1.180e-04 -1.000 2.682e-04 11.125 10.940 10.186 9.630 9.057 8.771 8.627 8.442 8.384 9.149 8.543 9.187 8.881 8.809 8.730 8.676 8.587 8.480 8.416 8.362 8.370 8.415 8.378 8.981
0.00024632 -1.80000 10.09691 0.1400000006 1.4384527206    0.140 -2.358  3.5836  5.228    1  0.000  0.545     0.00     0.00 -1 -3.58e-16      0.00 7.401e-01 2.597e-01 4.823e-05 1.301e-05 1.180e-04 -1.000 2.683e-04 10.665 10.421 9.710 9.175 8.615 8.344 8.242 8.027 7.965 8.708 8.144 8.750 8.433 8.380 8.303 8.282 8.212 8.074 7.995 7.937 7.949 8.001 7.975 8.538
0.00024632 -1.80000 10.09691 0.1599999964 1.5372931957    0.160 -2.214  3.5933  5.181    1  0.000  0.545     0.00     0.00 -1 -4.93e-16      0.00 7.387e-01 2.611e-01 4.823e-05 1.301e-05 1.180e-04 -1.000 2.682e-04 10.304 10.011 9.342 8.835 8.282 8.014 7.943 7.731 7.672 8.375 7.847 8.420 8.096 8.048 7.976 7.973 7.925 7.776 7.697 7.644 7.655 7.707 7.691 8.204
0.00024632 -1.80000 10.09691 0.1706063598 1.5834126472    0.171 -2.150  3.5969  5.159    1  0.000  0.545     0.00     0.00 -1 -5.67e-16      0.00 7.384e-01 2.613e-01 4.823e-05 1.301e-05 1.180e-04 -1.000 2.683e-04 10.145 9.833 9.180 8.684 8.133 7.867 7.807 7.597 7.540 8.226 7.712 8.273 7.947 7.901 7.830 7.833 7.793 7.641 7.562 7.511 7.522 7.573 7.562 8.055
0.00024632 -1.80000 10.09691 0.2000000179 1.6938792467    0.200 -1.993  3.6057  5.106    1  0.000  0.545     0.00     0.00 -1 -7.99e-16      0.00 7.378e-01 2.619e-01 4.823e-05 1.301e-05 1.180e-04 -1.000 2.682e-04 9.752 9.421 8.792 8.312 7.765 7.496 7.427 7.246 7.197 7.857 7.346 7.903 7.582 7.528 7.461 7.452 7.414 7.284 7.217 7.171 7.181 7.227 7.215 7.689
0.00024632 -1.80000 10.09691 0.2500000298 1.8403259516    0.250 -1.791  3.6167  5.046    1  0.000  0.545     0.00     0.00 -1 -7.17e-16      0.00 7.380e-01 2.617e-01 4.822e-05 1.301e-05 1.180e-04 -1.000 2.681e-04 9.249 8.899 8.298 7.836 7.294 7.020 6.932 6.794 6.754 7.384 6.870 7.428 7.116 7.050 6.988 6.959 6.917 6.822 6.772 6.733 6.741 6.779 6.766 7.219
0.00024632 -1.80000 10.09691 0.3000000417 1.9529141188    0.300 -1.637  3.6257  5.007    1  0.000  0.545     0.00     0.00 -1 -1.66e-15      0.00 7.381e-01 2.616e-01 4.821e-05 1.301e-05 1.180e-04 -1.000 2.682e-04 8.863 8.498 7.919 7.473 6.935 6.660 6.555 6.450 6.419 7.024 6.508 7.067 6.761 6.688 6.630 6.584 6.536 6.471 6.436 6.403 6.408 6.440 6.425 6.861
0.00024632 -1.80000 10.09691 0.3500000238 2.0434176922    0.350 -1.511  3.6338  4.980    1  0.000  0.544     0.00     0.00 -1 -2.12e-15      0.00 7.379e-01 2.618e-01 4.818e-05 1.301e-05 1.180e-04 -1.000 2.682e-04 8.547 8.169 7.610 7.176 6.645 6.377 6.271 6.182 6.155 6.736 6.231 6.774 6.475 6.403 6.349 6.299 6.252 6.199 6.169 6.140 6.145 6.174 6.160 6.573
0.00024632 -1.80000 10.09691 0.4000000358 2.1185026169    0.400 -1.379  3.6435  4.945    1  0.000  0.545     0.00     0.00 -1  -2.8e-15      0.00 7.503e-01 2.495e-01 4.823e-05 1.301e-05 1.180e-04 -1.000 2.682e-04 8.217 7.825 7.290 6.871 6.348 6.088 5.984 5.911 5.889 6.440 5.952 6.474 6.183 6.112 6.063 6.011 5.965 5.925 5.901 5.875 5.880 5.907 5.894 6.278
0.00024632 -1.80000 10.09691 0.4500000477 2.1822810173    0.450 -1.217  3.6599  4.900    1  0.000  0.545     0.00     0.00 -1 -4.03e-15      0.00 7.506e-01 2.491e-01 4.823e-05 1.301e-05 1.180e-04 -1.000 2.682e-04 7.813 7.397 6.902 6.509 6.003 5.762 5.665 5.611 5.596 6.098 5.641 6.124 5.846 5.782 5.740 5.690 5.648 5.621 5.604 5.583 5.588 5.612 5.600 5.936
0.00024632 -1.80000 10.09691 0.5000000000 2.2374541759    0.500 -1.036  3.6803  4.846    1  0.000  0.545     0.00     0.00 -1 -6.18e-15      0.00 7.506e-01 2.491e-01 4.823e-05 1.301e-05 1.180e-04 -1.000 2.682e-04 7.360 6.926 6.477 6.115 5.637 5.421 5.335 5.296 5.286 5.733 5.318 5.749 5.492 5.438 5.403 5.356 5.321 5.304 5.291 5.276 5.280 5.298 5.291 5.575
0.00024632 -1.80000 10.09691 0.5500000715 2.2836585045    0.550 -0.825  3.7021  4.764    1  0.000  0.544     0.00     0.00 -1 -1.05e-14      0.00 7.862e-01 2.137e-01 4.178e-05 1.128e-05 1.024e-04 -1.000 1.722e-04 6.833 6.393 5.988 5.661 5.215 5.025 4.953 4.924 4.915 5.311 4.940 5.317 5.083 5.038 5.011 4.970 4.943 4.930 4.921 4.909 4.911 4.921 4.917 5.158
0.00024632 -1.80000 10.09691 0.6000000238 2.3211214542    0.600 -0.613  3.7286  4.695    1  0.000  0.544     0.00     0.00 -1 -1.77e-14      0.00 7.987e-01 2.011e-01 3.964e-05 1.071e-05 9.725e-05 -1.000 2.153e-04 6.302 5.876 5.520 5.230 4.822 4.662 4.607 4.588 4.579 4.918 4.599 4.914 4.705 4.671 4.652 4.619 4.600 4.592 4.586 4.577 4.577 4.577 4.579 4.772
0.00024632 -1.80000 10.09691 0.6017884016 2.3223295212    0.601 -0.605  3.7297  4.693    1  0.000  0.544     0.00     0.00 -1 -1.81e-14      0.00 7.992e-01 2.006e-01 3.955e-05 1.069e-05 9.703e-05 -1.000 2.183e-04 6.282 5.857 5.503 5.214 4.808 4.649 4.594 4.576 4.567 4.903 4.587 4.899 4.691 4.658 4.639 4.607 4.588 4.580 4.574 4.566 4.566 4.565 4.567 4.758
0.00024632 -1.80000 10.09691 0.6126760244 2.3295087814    0.612 -0.556  3.7364  4.678    1  0.000  0.543     0.00     0.00 -1 -2.04e-14      0.00 8.026e-01 1.972e-01 3.899e-05 1.054e-05 9.568e-05 -1.000 2.364e-04 6.159 5.742 5.399 5.119 4.721 4.570 4.520 4.504 4.495 4.817 4.513 4.811 4.609 4.578 4.561 4.531 4.514 4.507 4.502 4.494 4.494 4.492 4.495 4.673
0.00024632 -1.80000 10.09691 0.6232032776 2.3361771107    0.623 -0.508  3.7427  4.663    1  0.000  0.543     0.00     0.00 -1  -2.3e-14      0.00 8.060e-01 1.938e-01 3.843e-05 1.039e-05 9.432e-05 -1.000 2.413e-04 6.040 5.632 5.300 5.028 4.638 4.493 4.446 4.433 4.424 4.733 4.441 4.725 4.528 4.500 4.484 4.457 4.442 4.436 4.431 4.424 4.424 4.421 4.424 4.591
0.00024632 -1.80000 10.09691 0.6329821348 2.3421432972    0.633 -0.463  3.7485  4.649    1  0.000  0.543     0.00     0.00 -1 -1.72e-18      0.00 8.093e-01 1.905e-01 3.788e-05 1.024e-05 9.300e-05 -1.000 2.337e-04 5.928 5.529 5.207 4.942 4.559 4.420 4.377 4.366 4.358 4.654 4.372 4.643 4.452 4.427 4.412 4.386 4.374 4.369 4.364 4.358 4.357 4.354 4.357 4.513
0.00024632 -1.80000 10.09691 0.6420671344 2.3474991322    0.642 -0.421  3.7538  4.634    1  0.000  0.543     0.00     0.00 -1 -8.94e-17      0.00 8.125e-01 1.873e-01 3.734e-05 1.010e-05 9.174e-05 -1.000 2.026e-04 5.824 5.432 5.119 4.861 4.484 4.351 4.311 4.302 4.294 4.579 4.307 4.567 4.379 4.357 4.344 4.320 4.309 4.305 4.301 4.294 4.294 4.290 4.293 4.439
0.00024632 -1.80000 10.09691 0.6499999762 2.3520355225    0.650 -0.384  3.7584  4.621    1  0.000  0.543     0.00     0.00 -1 -3.14e-14      0.00 8.154e-01 1.843e-01 3.686e-05 9.969e-06 9.059e-05 -1.000 2.440e-04 5.731 5.347 5.041 4.788 4.418 4.289 4.252 4.244 4.237 4.513 4.249 4.499 4.315 4.295 4.283 4.260 4.250 4.247 4.243 4.238 4.237 4.233 4.237 4.374
0.00024632 -1.80000 10.09691 0.6605672240 2.3578839302    0.660 -0.334  3.7641  4.600    1  0.000  0.542     0.00     0.00 -1 -3.58e-14      0.00 8.204e-01 1.794e-01 3.605e-05 9.751e-06 8.864e-05 -1.000 2.346e-04 5.605 5.231 4.935 4.689 4.326 4.203 4.169 4.163 4.156 4.420 4.167 4.405 4.226 4.208 4.197 4.176 4.168 4.165 4.162 4.157 4.156 4.152 4.156 4.283
0.00024632 -1.80000 10.09691 0.6715041399 2.3637144566    0.671 -0.281  3.7700  4.578    1  0.000  0.542     0.00     0.00 -1 -2.88e-14      0.00 8.258e-01 1.740e-01 3.515e-05 9.513e-06 8.649e-05 -1.000 2.015e-04 5.472 5.108 4.821 4.582 4.227 4.110 4.080 4.075 4.069 4.321 4.078 4.304 4.130 4.114 4.105 4.086 4.079 4.077 4.074 4.069 4.068 4.064 4.069 4.185
0.00024632 -1.80000 10.09691 0.6819329858 2.3690743446    0.682 -0.229  3.7754  4.554    1  0.000  0.541     0.00     0.00 -1 -4.31e-15      0.00 8.314e-01 1.684e-01 3.424e-05 9.269e-06 8.431e-05 -1.000 1.749e-04 5.341 4.987 4.709 4.476 4.128 4.017 3.990 3.986 3.980 4.221 3.988 4.203 4.034 4.020 4.012 3.995 3.990 3.988 3.985 3.981 3.980 3.976 3.980 4.087
0.00024632 -1.80000 10.09691 0.6916499138 2.3739016056    0.691 -0.178  3.7804  4.529    1  0.000  0.541     0.00     0.00 -1 -1.47e-16      0.00 8.369e-01 1.629e-01 3.333e-05 9.028e-06 8.214e-05 -1.000 2.097e-04 5.215 4.869 4.599 4.372 4.031 3.925 3.901 3.898 3.892 4.124 3.899 4.104 3.940 3.928 3.921 3.905 3.901 3.900 3.897 3.893 3.892 3.888 3.892 3.992
0.00024632 -1.80000 10.09691 0.6999999881 2.3779268265    0.700 -0.132  3.7847  4.506    1  0.000  0.540     0.00     0.00 -1 -6.16e-14      0.00 8.420e-01 1.578e-01 3.251e-05 8.809e-06 8.018e-05 -1.000 2.228e-04 5.101 4.763 4.500 4.278 3.943 3.842 3.819 3.817 3.812 4.036 3.818 4.015 3.855 3.845 3.838 3.823 3.820 3.819 3.816 3.812 3.812 3.808 3.812 3.905
0.00024632 -1.80000 10.09691 0.7021676302 2.3789536953    0.702 -0.121  3.7857  4.500    1  0.000  0.540     0.00     0.00 -1 -6.36e-14      0.00 8.432e-01 1.565e-01 3.228e-05 8.754e-06 7.969e-05 -1.000 2.192e-04 5.071 4.735 4.473 4.253 3.920 3.820 3.797 3.795 3.790 4.012 3.796 3.991 3.832 3.822 3.816 3.801 3.798 3.797 3.795 3.791 3.790 3.786 3.790 3.882
0.00024632 -1.80000 10.09691 0.7105349302 2.3828504086    0.710 -0.072  3.7897  4.472    1  0.000  0.538     0.00     0.00 -1  -7.3e-14      0.00 8.481e-01 1.517e-01 3.144e-05 8.548e-06 7.785e-05 -1.000 2.060e-04 4.950 4.621 4.366 4.150 3.823 3.727 3.706 3.705 3.699 3.915 3.706 3.893 3.738 3.729 3.723 3.710 3.708 3.707 3.704 3.700 3.699 3.695 3.699 3.786
0.00024632 -1.80000 10.09691 0.7187973261 2.3865959644    0.718 -0.022  3.7936  4.442    1  0.000  0.536     0.00     0.00 -1 -8.43e-14      0.00 8.526e-01 1.473e-01 3.067e-05 8.361e-06 7.622e-05 -1.000 1.577e-04 4.824 4.501 4.252 4.041 3.721 3.629 3.609 3.608 3.603 3.812 3.609 3.788 3.638 3.631 3.625 3.612 3.611 3.610 3.608 3.604 3.603 3.599 3.603 3.685
0.00024632 -1.80000 10.09691 0.7258940339 2.3897349834    0.725  0.024  3.7969  4.414    1  0.000  0.535     0.00     0.00 -1 -9.64e-14      0.00 8.560e-01 1.438e-01 3.009e-05 8.222e-06 7.501e-05 -1.000 1.563e-04 4.709 4.392 4.148 3.941 3.626 3.537 3.519 3.518 3.513 3.716 3.518 3.692 3.546 3.539 3.534 3.522 3.521 3.520 3.517 3.513 3.513 3.509 3.513 3.591
0.00024632 -1.80000 10.09691 0.7327695489 2.3927094936    0.732  0.071  3.7999  4.383    1  0.000  0.533     0.00     0.00 -1 -1.98e-14      0.00 8.590e-01 1.408e-01 2.959e-05 8.103e-06 7.396e-05 -1.000 1.945e-04 4.592 4.278 4.040 3.837 3.528 3.441 3.424 3.423 3.418 3.617 3.423 3.592 3.449 3.443 3.438 3.426 3.426 3.425 3.422 3.418 3.418 3.414 3.418 3.493
0.00024632 -1.80000 10.09691 0.7396458983 2.3956208229    0.739  0.122  3.8028  4.348    1  0.000  0.532     0.00     0.00 -1 -4.81e-17      0.00 8.618e-01 1.380e-01 2.913e-05 7.996e-06 7.304e-05 -1.000 2.094e-04 4.466 4.157 3.923 3.723 3.420 3.336 3.320 3.319 3.314 3.508 3.319 3.482 3.343 3.338 3.333 3.322 3.321 3.321 3.318 3.314 3.314 3.310 3.314 3.387
0.00024632 -1.80000 10.09691 0.7475917339 2.3989083767    0.747  0.185  3.8058  4.302    1  0.000  0.530     0.00     0.00 -1  -2.5e-14      0.00 8.647e-01 1.351e-01 2.867e-05 7.888e-06 7.211e-05 -1.000 1.829e-04 4.308 4.003 3.774 3.579 3.281 3.200 3.185 3.184 3.179 3.368 3.184 3.342 3.206 3.202 3.197 3.187 3.186 3.185 3.183 3.179 3.179 3.175 3.179 3.249
0.00024632 -1.80000 10.09691 0.7500000000 2.3998889923    0.749  0.205  3.8067  4.286    1  0.000  0.529     0.00     0.00 -1 -1.66e-13      0.00 8.656e-01 1.343e-01 2.854e-05 7.857e-06 7.185e-05 -1.000 1.551e-04 4.258 3.954 3.727 3.532 3.237 3.156 3.141 3.140 3.135 3.323 3.140 3.296 3.162 3.158 3.153 3.143 3.142 3.142 3.139 3.136 3.135 3.131 3.135 3.204
0.00024632 -1.80000 10.09691 0.7508020401 2.4002139568    0.750  0.212  3.8070  4.282    1  0.000  0.529     0.00     0.00 -1  -1.7e-13      0.00 8.657e-01 1.342e-01 2.853e-05 7.856e-06 7.185e-05 -1.000 1.455e-04 4.241 3.938 3.711 3.517 3.222 3.142 3.127 3.126 3.121 3.308 3.126 3.281 3.148 3.143 3.139 3.129 3.128 3.127 3.125 3.121 3.121 3.117 3.121 3.189
0.00024632 -1.80000 10.09691 0.7567372322 2.4025943279    0.756  0.265  3.8091  4.240    1  0.000  0.529     0.00     0.00 -1    -2e-13      0.00 8.664e-01 1.335e-01 2.851e-05 7.853e-06 7.184e-05 -1.000 1.472e-04 4.107 3.806 3.583 3.391 3.101 3.022 3.008 3.007 3.002 3.186 3.007 3.159 3.028 3.024 3.020 3.010 3.009 3.008 3.006 3.003 3.002 2.998 3.002 3.069
0.00024632 -1.80000 10.09691 0.7622660398 2.4047732353    0.761  0.318  3.8106  4.196    1  0.000  0.529     0.00     0.00 -1 -2.37e-13      0.00 8.657e-01 1.342e-01 2.870e-05 7.908e-06 7.235e-05 -1.000 1.504e-04 3.974 3.675 3.455 3.265 2.978 2.901 2.887 2.886 2.881 3.063 2.886 3.035 2.907 2.903 2.898 2.889 2.888 2.887 2.885 2.881 2.881 2.877 2.881 2.947
0.00024632 -1.80000 10.09691 0.7660538554 2.4062452316    0.765  0.357  3.8111  4.161    1  0.000  0.529     0.00     0.00 -1 -2.71e-13      0.00 8.648e-01 1.350e-01 2.889e-05 7.960e-06 7.282e-05 -1.000 1.529e-04 3.876 3.577 3.358 3.169 2.884 2.807 2.793 2.792 2.787 2.968 2.792 2.941 2.813 2.809 2.804 2.795 2.794 2.793 2.791 2.788 2.787 2.783 2.787 2.853
0.00024632 -1.80000 10.09691 0.7672827244 2.4067192078    0.766  0.371  3.8111  4.147    1  0.000  0.529     0.00     0.00 -1 -2.84e-13      0.00 8.645e-01 1.353e-01 2.895e-05 7.977e-06 7.298e-05 -1.000 1.535e-04 3.842 3.542 3.323 3.134 2.848 2.771 2.757 2.756 2.751 2.933 2.757 2.905 2.777 2.773 2.769 2.759 2.759 2.758 2.755 2.752 2.751 2.747 2.751 2.817
0.00024632 -1.80000 10.09691 0.7720448971 2.4085395336    0.771  0.429  3.8096  4.087    1  0.000  0.529     0.00     0.00 -1 -3.45e-13      0.00 8.635e-01 1.364e-01 2.919e-05 8.043e-06 7.359e-05 -1.000 1.557e-04 3.697 3.395 3.174 2.983 2.695 2.617 2.603 2.601 2.596 2.780 2.602 2.752 2.623 2.619 2.615 2.605 2.604 2.603 2.600 2.597 2.596 2.592 2.596 2.664
0.00024632 -1.80000 10.09691 0.7756505609 2.4099006653    0.774  0.479  3.8067  4.027    1  0.000  0.529     0.00     0.00 -1 -4.14e-13      0.00 8.627e-01 1.372e-01 2.937e-05 8.092e-06 7.404e-05 -1.000 1.573e-04 3.572 3.264 3.039 2.844 2.551 2.470 2.456 2.454 2.449 2.637 2.455 2.610 2.477 2.472 2.468 2.458 2.457 2.456 2.453 2.450 2.449 2.445 2.449 2.519
0.00024632 -1.80000 10.09691 0.7762639523 2.4101307392    0.775  0.489  3.8060  4.015    1  0.000  0.529     0.00     0.00 -1 -4.31e-13      0.00 8.625e-01 1.373e-01 2.940e-05 8.101e-06 7.412e-05 -1.000 1.576e-04 3.549 3.240 3.013 2.817 2.523 2.442 2.427 2.425 2.420 2.609 2.426 2.582 2.449 2.444 2.439 2.429 2.428 2.427 2.424 2.421 2.420 2.416 2.420 2.491
0.00024632 -1.80000 10.09691 0.7768985033 2.4103684425    0.776  0.499  3.8049  4.000    2  0.000  0.529     0.00     0.00 -1 -4.49e-13      0.00 8.624e-01 1.374e-01 2.943e-05 8.110e-06 7.420e-05 -1.000 1.578e-04 3.522 3.212 2.983 2.786 2.490 2.408 2.393 2.391 2.386 2.576 2.392 2.549 2.415 2.409 2.405 2.395 2.394 2.393 2.390 2.387 2.386 2.382 2.386 2.457
0.00024632 -1.80000 10.09691 0.7790324092 2.4111640453    0.778  0.538  3.8000  3.943    2  0.000  0.529     0.00     0.00 -1 -5.21e-13      0.00 8.619e-01 1.379e-01 2.953e-05 8.139e-06 7.447e-05 -1.000 1.588e-04 3.426 3.107 2.871 2.668 2.362 2.276 2.260 2.258 2.252 2.450 2.259 2.425 2.285 2.278 2.273 2.263 2.261 2.260 2.257 2.253 2.252 2.248 2.252 2.329
0.00024632 -1.80000 10.09691 0.7806652188 2.4117696285    0.779  0.572  3.7939  3.885    2  0.000  0.529     0.00     0.00 -1 -6.02e-13      0.00 8.613e-01 1.385e-01 2.970e-05 8.186e-06 7.490e-05 -1.000 1.595e-04 3.340 3.012 2.765 2.555 2.238 2.146 2.129 2.126 2.120 2.328 2.128 2.303 2.156 2.148 2.143 2.132 2.130 2.128 2.125 2.121 2.120 2.116 2.120 2.203
0.00024632 -1.80000 10.09691 0.7819440365 2.4122419357    0.780  0.604  3.7868  3.826    2  0.000  0.529     0.00     0.00 -1 -6.92e-13      0.00 8.598e-01 1.400e-01 3.013e-05 8.302e-06 7.596e-05 -1.000 1.748e-04 3.261 2.923 2.665 2.445 2.115 2.017 1.997 1.995 1.988 2.207 1.996 2.184 2.028 2.018 2.013 2.001 1.998 1.997 1.994 1.989 1.988 1.984 1.988 2.077
0.00024632 -1.80000 10.09691 0.7829750776 2.4126212597    0.781  0.632  3.7790  3.767    2  0.000  0.529     0.00     0.00 -1 -7.89e-13      0.00 8.511e-01 1.487e-01 3.204e-05 8.822e-06 8.066e-05 -1.000 1.867e-04 3.191 2.842 2.571 2.341 1.996 1.891 1.869 1.866 1.859 2.090 1.868 2.069 1.905 1.892 1.887 1.874 1.870 1.868 1.865 1.860 1.860 1.855 1.858 1.956
0.00024632 -1.80000 10.09691 0.7838401198 2.4129388332    0.782  0.658  3.7713  3.711    2  0.000  0.531     0.00     0.00 -1 -8.94e-13      0.00 8.322e-01 1.676e-01 3.529e-05 9.700e-06 8.856e-05 -1.000 1.934e-04 3.126 2.767 2.483 2.242 1.883 1.770 1.747 1.743 1.736 1.980 1.745 1.961 1.787 1.772 1.766 1.752 1.747 1.745 1.742 1.737 1.736 1.731 1.735 1.842
0.00024632 -1.80000 10.09691 0.7846031785 2.4132182598    0.783  0.684  3.7639  3.655    2  0.000  0.533     0.00     0.00 -1 -1.76e-13      0.00 8.071e-01 1.927e-01 3.894e-05 1.068e-05 9.729e-05 -1.000 2.090e-04 3.059 2.692 2.396 2.144 1.772 1.651 1.626 1.621 1.614 1.870 1.624 1.853 1.670 1.654 1.647 1.631 1.626 1.624 1.620 1.615 1.614 1.609 1.613 1.728
0.00024632 -1.80000 10.09691 0.7852801085 2.4134654999    0.784  0.714  3.7571  3.599    2  0.000  0.535     0.00     0.00 -1 -7.77e-14      0.00 7.906e-01 2.092e-01 4.134e-05 1.132e-05 1.030e-04 -1.000 1.970e-04 2.986 2.611 2.303 2.042 1.658 1.530 1.502 1.497 1.489 1.757 1.500 1.743 1.551 1.533 1.525 1.508 1.502 1.500 1.496 1.490 1.489 1.485 1.488 1.612
0.00024632 -1.80000 10.09691 0.7859504819 2.4137098789    0.784  0.751  3.7510  3.537    2  0.000  0.536     0.00     0.00 -1 -1.02e-13      0.00 7.804e-01 2.194e-01 4.286e-05 1.173e-05 1.067e-04 -1.000 2.446e-04 2.891 2.509 2.191 1.922 1.525 1.392 1.362 1.356 1.348 1.626 1.360 1.614 1.415 1.395 1.386 1.368 1.362 1.359 1.355 1.349 1.348 1.344 1.347 1.478
0.00024632 -1.80000 10.09691 0.7864795327 2.4139025211    0.785  0.789  3.7469  3.483    2  0.000  0.536     0.00     0.00 -1 -1.29e-13      0.00 7.752e-01 2.245e-01 4.364e-05 1.193e-05 1.085e-04 -1.000 2.553e-04 2.797 2.411 2.086 1.810 1.407 1.268 1.238 1.231 1.223 1.508 1.235 1.497 1.293 1.272 1.263 1.244 1.237 1.234 1.230 1.224 1.223 1.219 1.222 1.358
0.00024632 -1.80000 10.09691 0.7868412137 2.4140338898    0.785  0.818  3.7444  3.444    2  0.000  0.536     0.00     0.00 -1 -1.54e-13      0.00 7.725e-01 2.272e-01 4.404e-05 1.204e-05 1.095e-04 -1.000 2.455e-04 2.725 2.336 2.006 1.727 1.319 1.178 1.147 1.140 1.132 1.421 1.144 1.411 1.204 1.182 1.173 1.154 1.146 1.142 1.138 1.132 1.132 1.127 1.131 1.270
0.00024632 -1.80000 10.09691 0.7870063186 2.4140939713    0.785  0.833  3.7434  3.426    3  0.000  0.536     0.00     0.00 -1 -1.68e-13      0.00 7.716e-01 2.282e-01 4.418e-05 1.208e-05 1.098e-04 -1.000 1.954e-04 2.687 2.298 1.967 1.686 1.276 1.134 1.103 1.095 1.088 1.379 1.100 1.369 1.161 1.138 1.129 1.110 1.102 1.098 1.094 1.088 1.088 1.083 1.087 1.227
0.00024632 -1.80000 10.09691 0.7874494195 2.4142546654    0.786  0.875  3.7412  3.375    3  0.000  0.537     0.00     0.00 -1  -2.1e-13      0.00 7.691e-01 2.306e-01 4.451e-05 1.217e-05 1.106e-04 -1.000 2.660e-04 2.583 2.191 1.856 1.572 1.158 1.014 0.982 0.974 0.966 1.261 0.978 1.251 1.041 1.018 1.008 0.989 0.980 0.977 0.973 0.967 0.966 0.962 0.965 1.108
0.00024632 -1.80000 10.09691 0.7879341841 2.4144303799    0.786  0.924  3.7389  3.317    3  0.000  0.537     0.00     0.00 -1 -2.72e-13      0.00 7.668e-01 2.330e-01 4.480e-05 1.225e-05 1.113e-04 -1.000 2.571e-04 2.459 2.064 1.726 1.439 1.020 0.874 0.841 0.833 0.825 1.124 0.838 1.115 0.901 0.878 0.868 0.848 0.840 0.836 0.832 0.826 0.825 0.821 0.824 0.969
0.00024632 -1.80000 10.09691 0.7883459330 2.4145793915    0.786  0.969  3.7372  3.265    3  0.000  0.537     0.00     0.00 -1 -3.43e-13      0.00 7.649e-01 2.348e-01 4.500e-05 1.230e-05 1.118e-04 -1.000 2.562e-04 2.346 1.950 1.608 1.319 0.897 0.749 0.716 0.708 0.700 1.001 0.712 0.993 0.777 0.753 0.743 0.723 0.715 0.711 0.707 0.700 0.700 0.696 0.699 0.846
0.00024632 -1.80000 10.09691 0.7887394428 2.4147217274    0.787  1.015  3.7356  3.213    3  0.000  0.537     0.00     0.00 -1 -4.33e-13      0.00 7.633e-01 2.364e-01 4.517e-05 1.235e-05 1.122e-04 -1.000 2.672e-04 2.232 1.834 1.490 1.198 0.773 0.622 0.590 0.581 0.573 0.877 0.586 0.869 0.651 0.627 0.616 0.597 0.588 0.584 0.580 0.573 0.573 0.569 0.572 0.721
0.00024632 -1.80000 10.09691 0.7891392708 2.4148662090    0.787  1.065  3.7340  3.156    3  0.000  0.537     0.00     0.00 -1 -5.54e-13      0.00 7.616e-01 2.381e-01 4.532e-05 1.239e-05 1.126e-04 -1.000 2.672e-04 2.107 1.708 1.360 1.066 0.638 0.486 0.452 0.444 0.436 0.742 0.448 0.735 0.515 0.490 0.479 0.460 0.451 0.446 0.442 0.436 0.435 0.432 0.435 0.585
0.00024632 -1.80000 10.09691 0.7895067930 2.4149987698    0.787  1.115  3.7325  3.101    3  0.000  0.537     0.00     0.00 -1 -7.05e-13      0.00 7.601e-01 2.396e-01 4.542e-05 1.242e-05 1.129e-04 -1.000 2.636e-04 1.982 1.582 1.232 0.936 0.504 0.350 0.317 0.308 0.300 0.609 0.313 0.603 0.380 0.355 0.344 0.325 0.315 0.311 0.307 0.300 0.300 0.297 0.299 0.451
0.00024632 -1.80000 10.09691 0.7898368239 2.4151175022    0.788  1.164  3.7310  3.047    3  0.000  0.536     0.00     0.00 -1 -8.86e-13      0.00 7.588e-01 2.410e-01 4.549e-05 1.245e-05 1.131e-04 -1.000 2.569e-04 1.861 1.460 1.107 0.809 0.374 0.218 0.185 0.176 0.168 0.479 0.181 0.473 0.249 0.223 0.212 0.193 0.183 0.179 0.175 0.168 0.167 0.165 0.167 0.320
0.00024632 -1.80000 10.09691 0.7901254296 2.4152214527    0.788  1.210  3.7296  2.995    3  0.000  0.536     0.00     0.00 -1  -1.1e-12      0.00 7.576e-01 2.421e-01 4.552e-05 1.248e-05 1.133e-04 -1.000 2.549e-04 1.746 1.344 0.989 0.688 0.250 0.093 0.059 0.050 0.043 0.356 0.055 0.350 0.124 0.097 0.087 0.067 0.058 0.053 0.049 0.042 0.042 0.039 0.042 0.196
0.00024632 -1.80000 10.09691 0.7904066443 2.4153227806    0.788  1.258  3.7281  2.940    3  0.000  0.535     0.00     0.00 -1 -1.37e-12      0.00 7.565e-01 2.432e-01 4.551e-05 1.252e-05 1.134e-04 -1.000 2.677e-04 1.624 1.221 0.863 0.560 0.119 -0.040 -0.074 -0.083 -0.091 0.225 -0.078 0.220 -0.009 -0.035 -0.046 -0.066 -0.076 -0.080 -0.084 -0.091 -0.092 -0.094 -0.091 0.064
0.00024632 -1.80000 10.09691 0.7906764150 2.4154195786    0.788  1.310  3.7266  2.883    3  0.000  0.534     0.00     0.00 -1 -1.72e-12      0.00 7.556e-01 2.442e-01 4.547e-05 1.257e-05 1.135e-04 -1.000 2.607e-04 1.496 1.091 0.730 0.425 -0.019 -0.179 -0.213 -0.222 -0.230 0.088 -0.217 0.084 -0.147 -0.174 -0.185 -0.205 -0.215 -0.219 -0.224 -0.231 -0.231 -0.233 -0.231 -0.074
0.00024632 -1.80000 10.09691 0.7909027338 2.4155008793    0.788  1.357  3.7251  2.830    3  0.000  0.533     0.00     0.00 -1 -2.11e-12      0.00 7.548e-01 2.450e-01 4.541e-05 1.263e-05 1.136e-04 -1.000 2.449e-04 1.379 0.973 0.609 0.301 -0.145 -0.307 -0.342 -0.351 -0.359 -0.038 -0.346 -0.042 -0.275 -0.302 -0.313 -0.333 -0.344 -0.348 -0.353 -0.360 -0.360 -0.362 -0.359 -0.201
0.00024632 -1.80000 10.09691 0.7911091447 2.4155750275    0.788  1.403  3.7236  2.778    3  0.000  0.532     0.00     0.00 -1 -2.59e-12      0.00 7.541e-01 2.456e-01 4.533e-05 1.269e-05 1.137e-04 -1.000 2.609e-04 1.262 0.855 0.489 0.179 -0.271 -0.434 -0.469 -0.479 -0.487 -0.164 -0.474 -0.167 -0.402 -0.430 -0.441 -0.461 -0.472 -0.476 -0.481 -0.488 -0.488 -0.489 -0.487 -0.327
0.00024632 -1.80000 10.09691 0.7913032770 2.4156446457    0.788  1.451  3.7221  2.724    3  0.000  0.531     0.00     0.00 -1 -3.17e-12      0.00 7.536e-01 2.461e-01 4.526e-05 1.276e-05 1.138e-04 -1.000 2.682e-04 1.142 0.734 0.365 0.052 -0.400 -0.565 -0.600 -0.610 -0.618 -0.293 -0.605 -0.295 -0.532 -0.561 -0.572 -0.592 -0.603 -0.607 -0.612 -0.619 -0.619 -0.620 -0.618 -0.457
0.00024632 -1.80000 10.09691 0.7914748788 2.4157061577    0.788  1.498  3.7205  2.671    3  0.000  0.530     0.00     0.00 -1 -3.86e-12      0.00 7.532e-01 2.465e-01 4.519e-05 1.282e-05 1.138e-04 -1.000 2.680e-04 1.026 0.617 0.245 -0.070 -0.526 -0.693 -0.728 -0.738 -0.746 -0.418 -0.733 -0.420 -0.659 -0.688 -0.699 -0.720 -0.731 -0.735 -0.740 -0.747 -0.747 -0.747 -0.746 -0.583
0.00024632 -1.80000 10.09691 0.7916381359 2.4157645702    0.788  1.546  3.7188  2.616    3  0.000  0.529     0.00     0.00 -1 -4.71e-12      0.00 7.529e-01 2.468e-01 4.514e-05 1.287e-05 1.138e-04 -1.000 2.681e-04 0.905 0.495 0.120 -0.198 -0.657 -0.826 -0.861 -0.872 -0.879 -0.549 -0.866 -0.550 -0.792 -0.821 -0.833 -0.853 -0.864 -0.869 -0.874 -0.881 -0.881 -0.880 -0.879 -0.715
0.00024632 -1.80000 10.09691 0.7917820811 2.4158163071    0.788  1.593  3.7172  2.563    3  0.000  0.529     0.00     0.00 -1 -5.71e-12      0.00 7.528e-01 2.469e-01 4.511e-05 1.290e-05 1.139e-04 -1.000 2.680e-04 0.788 0.378 -0.001 -0.321 -0.784 -0.955 -0.990 -1.001 -1.008 -0.675 -0.995 -0.676 -0.920 -0.950 -0.961 -0.982 -0.993 -0.998 -1.003 -1.010 -1.010 -1.009 -1.007 -0.842
0.00024632 -1.80000 10.09691 0.7919101715 2.4158620834    0.788  1.638  3.7156  2.511    3  0.000  0.529     0.00     0.00 -1 -6.86e-12      0.00 7.527e-01 2.470e-01 4.509e-05 1.292e-05 1.139e-04 -1.000 2.667e-04 0.675 0.264 -0.118 -0.440 -0.907 -1.080 -1.115 -1.126 -1.133 -0.798 -1.120 -0.798 -1.044 -1.075 -1.086 -1.107 -1.118 -1.124 -1.128 -1.136 -1.135 -1.133 -1.132 -0.966
0.00024632 -1.80000 10.09691 0.7920321822 2.4159057140    0.788  1.685  3.7138  2.457    3  0.000  0.529     0.00     0.00 -1 -8.29e-12      0.00 7.527e-01 2.471e-01 4.508e-05 1.293e-05 1.139e-04 -1.000 2.646e-04 0.557 0.145 -0.240 -0.565 -1.036 -1.210 -1.246 -1.257 -1.264 -0.926 -1.251 -0.925 -1.174 -1.205 -1.217 -1.237 -1.249 -1.255 -1.259 -1.267 -1.266 -1.264 -1.263 -1.095
0.00024632 -1.80000 10.09691 0.7921426892 2.4159452915    0.788  1.732  3.7122  2.403    3  0.000  0.529     0.00     0.00 -1 -9.97e-12      0.00 7.527e-01 2.471e-01 4.508e-05 1.293e-05 1.139e-04 -1.000 2.648e-04 0.440 0.027 -0.361 -0.689 -1.162 -1.339 -1.375 -1.387 -1.393 -1.053 -1.380 -1.051 -1.302 -1.334 -1.345 -1.366 -1.378 -1.384 -1.389 -1.397 -1.395 -1.392 -1.392 -1.223
0.00024632 -1.80000 10.09691 0.7922400236 2.4159801006    0.788  1.777  3.7104  2.351    3  0.000  0.529     0.00     0.00 -1 -1.19e-11      0.00 7.527e-01 2.471e-01 4.508e-05 1.293e-05 1.139e-04 -1.000 2.647e-04 0.328 -0.086 -0.477 -0.808 -1.285 -1.463 -1.500 -1.512 -1.518 -1.175 -1.505 -1.172 -1.426 -1.458 -1.470 -1.491 -1.503 -1.509 -1.514 -1.522 -1.520 -1.517 -1.516 -1.346
0.00024632 -1.80000 10.09691 0.7923293710 2.4160120487    0.787  1.821  3.7087  2.300    3  0.000  0.529     0.00     0.00 -1 -3.77e-13      0.00 7.526e-01 2.471e-01 4.508e-05 1.293e-05 1.139e-04 -1.000 2.648e-04 0.217 -0.198 -0.593 -0.926 -1.407 -1.587 -1.624 -1.637 -1.642 -1.297 -1.630 -1.293 -1.550 -1.582 -1.594 -1.615 -1.628 -1.633 -1.638 -1.646 -1.644 -1.640 -1.640 -1.468
0.00024632 -1.80000 10.09691 0.7924158573 2.4160430431    0.787  1.868  3.7069  2.246    3  0.000  0.529     0.00     0.00 -1 -9.21e-14      0.00 7.526e-01 2.471e-01 4.508e-05 1.293e-05 1.139e-04 -1.000 2.648e-04 0.100 -0.315 -0.714 -1.050 -1.534 -1.717 -1.754 -1.767 -1.772 -1.424 -1.760 -1.420 -1.679 -1.712 -1.724 -1.744 -1.758 -1.764 -1.769 -1.777 -1.775 -1.770 -1.770 -1.596
0.00024632 -1.80000 10.09691 0.7924916148 2.4160699844    0.787  1.912  3.7051  2.194    3  0.000  0.529     0.00     0.00 -1 -1.13e-13      0.00 7.526e-01 2.471e-01 4.508e-05 1.293e-05 1.139e-04 -1.000 2.649e-04 -0.011 -0.427 -0.829 -1.168 -1.657 -1.841 -1.879 -1.892 -1.897 -1.546 -1.885 -1.541 -1.802 -1.836 -1.848 -1.869 -1.883 -1.889 -1.894 -1.902 -1.900 -1.894 -1.894 -1.719
0.00024632 -1.80000 10.09691 0.7925612926 2.4160950184    0.787  1.957  3.7033  2.142    3  0.000  0.529     0.00     0.00 -1 -1.38e-13      0.00 7.526e-01 2.471e-01 4.508e-05 1.293e-05 1.139e-04 -1.000 2.649e-04 -0.122 -0.538 -0.944 -1.286 -1.778 -1.965 -2.003 -2.016 -2.021 -1.667 -2.009 -1.661 -1.926 -1.960 -1.972 -1.993 -2.007 -2.013 -2.018 -2.026 -2.024 -2.017 -2.018 -1.841
0.00024632 -1.80000 10.09691 0.7926272154 2.4161186218    0.786  2.002  3.7015  2.090    3  0.000  0.529     0.00     0.00 -1 -1.69e-13      0.00 7.526e-01 2.471e-01 4.508e-05 1.293e-05 1.139e-04 -1.000 2.649e-04 -0.235 -0.652 -1.062 -1.407 -1.903 -2.091 -2.130 -2.143 -2.147 -1.791 -2.136 -1.784 -2.051 -2.086 -2.098 -2.119 -2.134 -2.140 -2.145 -2.153 -2.151 -2.143 -2.144 -1.966
0.00024632 -1.80000 10.09691 0.7926852703 2.4161393642    0.786  2.044  3.6996  2.039    3  0.000  0.529     0.00     0.00 -1 -2.03e-13      0.00 7.526e-01 2.471e-01 4.508e-05 1.294e-05 1.139e-04 -1.000 2.649e-04 -0.341 -0.758 -1.172 -1.520 -2.020 -2.211 -2.250 -2.264 -2.267 -1.908 -2.256 -1.900 -2.170 -2.206 -2.218 -2.239 -2.254 -2.260 -2.266 -2.274 -2.271 -2.262 -2.264 -2.084
0.00024632 -1.80000 10.09691 0.7927411795 2.4161591530    0.786  2.087  3.6978  1.989    3  0.000  0.529     0.00     0.00 -1 -2.44e-13      0.00 7.526e-01 2.471e-01 4.508e-05 1.294e-05 1.139e-04 -1.000 2.650e-04 -0.448 -0.865 -1.283 -1.634 -2.138 -2.331 -2.370 -2.384 -2.387 -2.026 -2.376 -2.017 -2.290 -2.325 -2.338 -2.359 -2.375 -2.380 -2.386 -2.394 -2.391 -2.382 -2.383 -2.203
0.00024632 -1.80000 10.09691 0.7927992344 2.4161798954    0.785  2.130  3.6961  1.939    3  0.000  0.529     0.00     0.00 -1 -2.94e-13      0.00 7.526e-01 2.471e-01 4.508e-05 1.294e-05 1.139e-04 -1.000 2.650e-04 -0.555 -0.973 -1.394 -1.748 -2.256 -2.451 -2.491 -2.505 -2.507 -2.143 -2.497 -2.134 -2.409 -2.445 -2.458 -2.479 -2.495 -2.501 -2.507 -2.515 -2.512 -2.501 -2.503 -2.321
0.00024632 -1.80000 10.09691 0.7928510904 2.4161984921    0.785  2.154  3.6951  1.911    3  0.000  0.529     0.00     0.00 -1 -3.33e-13      0.00 7.526e-01 2.471e-01 4.508e-05 1.294e-05 1.139e-04 -1.000 2.650e-04 -0.615 -1.033 -1.457 -1.812 -2.323 -2.518 -2.558 -2.573 -2.575 -2.210 -2.565 -2.199 -2.476 -2.513 -2.526 -2.546 -2.563 -2.569 -2.575 -2.583 -2.579 -2.568 -2.570 -2.388
0.00024632 -1.80000 10.09691 0.7928850055 2.4162106514    0.784  2.144  3.6958  1.923    3  0.000  0.529     0.00     0.00 -1 -3.35e-13      0.00 7.526e-01 2.471e-01 4.508e-05 1.294e-05 1.139e-04 -1.000 2.650e-04 -0.591 -1.009 -1.431 -1.785 -2.294 -2.489 -2.529 -2.543 -2.546 -2.181 -2.535 -2.171 -2.447 -2.483 -2.496 -2.517 -2.533 -2.539 -2.545 -2.553 -2.550 -2.539 -2.541 -2.359
0.00024632 -1.80000 10.09691 0.7928926349 2.4162132740    0.784  2.152  3.6954  1.914    3  0.000  0.529     0.00     0.00 -1 -3.45e-13      0.00 7.526e-01 2.471e-01 4.508e-05 1.294e-05 1.139e-04 -1.000 2.650e-04 -0.610 -1.028 -1.451 -1.806 -2.316 -2.511 -2.551 -2.565 -2.568 -2.203 -2.557 -2.193 -2.469 -2.505 -2.519 -2.539 -2.555 -2.561 -2.567 -2.575 -2.572 -2.561 -2.563 -2.381
0.00024632 -1.80000 10.09691 0.7929319143 2.4162273407    0.784  2.195  3.6935  1.863    3  0.000  0.529     0.00     0.00 -1 -4.06e-13      0.00 7.526e-01 2.471e-01 4.508e-05 1.294e-05 1.139e-04 -1.000 2.651e-04 -0.717 -1.134 -1.561 -1.919 -2.433 -2.631 -2.671 -2.686 -2.688 -2.320 -2.678 -2.309 -2.588 -2.625 -2.639 -2.659 -2.676 -2.682 -2.688 -2.696 -2.692 -2.680 -2.682 -2.499
0.00024632 -1.80000 10.09691 0.7929682732 2.4162402153    0.784  2.236  3.6916  1.814    3  0.000  0.529     0.00     0.00 -1 -4.78e-13      0.00 7.526e-01 2.471e-01 4.508e-05 1.294e-05 1.139e-04 -1.000 2.651e-04 -0.820 -1.237 -1.668 -2.030 -2.548 -2.748 -2.789 -2.804 -2.805 -2.435 -2.795 -2.423 -2.705 -2.742 -2.756 -2.776 -2.794 -2.800 -2.806 -2.814 -2.810 -2.796 -2.799 -2.615
0.00024632 -1.80000 10.09691 0.7930032015 2.4162528515    0.783  2.279  3.6896  1.763    3  0.000  0.529     0.00     0.00 -1 -5.66e-13      0.00 7.526e-01 2.471e-01 4.508e-05 1.294e-05 1.139e-04 -1.000 2.651e-04 -0.927 -1.343 -1.779 -2.144 -2.666 -2.869 -2.910 -2.926 -2.926 -2.553 -2.917 -2.540 -2.825 -2.863 -2.877 -2.897 -2.915 -2.922 -2.928 -2.936 -2.931 -2.915 -2.918 -2.734
0.00024632 -1.80000 10.09691 0.7930325866 2.4162633419    0.783  2.317  3.6877  1.717    3  0.000  0.529     0.00     0.00 -1 -6.57e-13      0.00 7.526e-01 2.472e-01 4.508e-05 1.294e-05 1.139e-04 -1.000 2.651e-04 -1.023 -1.439 -1.878 -2.247 -2.773 -2.978 -3.019 -3.036 -3.035 -2.660 -3.026 -2.645 -2.933 -2.972 -2.986 -3.006 -3.025 -3.032 -3.038 -3.046 -3.041 -3.023 -3.027 -2.842
0.00024632 -1.80000 10.09691 0.7930610180 2.4162733555    0.782  2.357  3.6859  1.670    3  0.000  0.529     0.00     0.00 -1 -7.65e-13      0.00 7.526e-01 2.472e-01 4.508e-05 1.294e-05 1.139e-04 -1.000 2.651e-04 -1.122 -1.538 -1.981 -2.353 -2.884 -3.090 -3.132 -3.149 -3.148 -2.769 -3.139 -2.754 -3.045 -3.084 -3.098 -3.118 -3.138 -3.145 -3.151 -3.160 -3.154 -3.134 -3.138 -2.952
0.00024632 -1.80000 10.09691 0.7930862904 2.4162824154    0.781  2.394  3.6840  1.624    3  0.000  0.529     0.00     0.00 -1 -8.84e-13      0.00 7.526e-01 2.472e-01 4.508e-05 1.294e-05 1.139e-04 -1.000 2.651e-04 -1.216 -1.631 -2.079 -2.454 -2.989 -3.198 -3.240 -3.257 -3.255 -2.874 -3.248 -2.858 -3.152 -3.192 -3.206 -3.226 -3.246 -3.253 -3.260 -3.268 -3.262 -3.240 -3.245 -3.059
0.00024632 -1.80000 10.09691 0.7931098938 2.4162907600    0.781  2.432  3.6821  1.579    3  0.000  0.529     0.00     0.00 -1 -1.02e-12      0.00 7.526e-01 2.472e-01 4.508e-05 1.294e-05 1.139e-04 -1.000 2.652e-04 -1.310 -1.725 -2.177 -2.555 -3.094 -3.306 -3.347 -3.365 -3.363 -2.979 -3.355 -2.962 -3.259 -3.299 -3.314 -3.333 -3.354 -3.361 -3.368 -3.377 -3.369 -3.345 -3.351 -3.164
0.00024632 -1.80000 10.09691 0.7931320071 2.4162986279    0.780  2.470  3.6802  1.533    3  0.000  0.529     0.00     0.00 -1 -1.17e-12      0.00 7.526e-01 2.472e-01 4.508e-05 1.294e-05 1.139e-04 -1.000 2.651e-04 -1.404 -1.817 -2.274 -2.655 -3.199 -3.413 -3.455 -3.473 -3.470 -3.084 -3.463 -3.066 -3.365 -3.407 -3.421 -3.440 -3.462 -3.469 -3.476 -3.485 -3.477 -3.451 -3.458 -3.270
0.00024632 -1.80000 10.09691 0.7931565046 2.4163074493    0.779  2.514  3.6779  1.479    3  0.000  0.529     0.00     0.00 -1 -1.39e-12      0.00 7.526e-01 2.472e-01 4.508e-05 1.294e-05 1.139e-04 -1.000 2.651e-04 -1.516 -1.927 -2.389 -2.775 -3.325 -3.542 -3.584 -3.603 -3.598 -3.209 -3.592 -3.190 -3.493 -3.535 -3.550 -3.567 -3.592 -3.599 -3.606 -3.615 -3.606 -3.577 -3.584 -3.396
0.00024632 -1.80000 10.09691 0.7931749821 2.4163141251    0.779  2.551  3.6760  1.435    3  0.000  0.529     0.00     0.00 -1 -1.58e-12      0.00 7.526e-01 2.472e-01 4.508e-05 1.294e-05 1.139e-04 -1.000 2.652e-04 -1.606 -2.016 -2.483 -2.872 -3.426 -3.645 -3.687 -3.708 -3.702 -3.310 -3.696 -3.290 -3.595 -3.638 -3.654 -3.670 -3.696 -3.703 -3.710 -3.719 -3.711 -3.679 -3.687 -3.498
0.00024632 -1.80000 10.09691 0.7931954265 2.4163212776    0.778  2.593  3.6738  1.383    3  0.000  0.529     0.00     0.00 -1 -1.85e-12      0.00 7.526e-01 2.472e-01 4.508e-05 1.294e-05 1.139e-04 -1.000 2.652e-04 -1.713 -2.121 -2.593 -2.987 -3.546 -3.768 -3.811 -3.832 -3.824 -3.429 -3.820 -3.408 -3.717 -3.761 -3.777 -3.793 -3.820 -3.827 -3.834 -3.843 -3.834 -3.800 -3.808 -3.619
0.00024632 -1.80000 10.09691 0.7932143211 2.4163281918    0.776  2.636  3.6714  1.330    3  0.000  0.529     0.00     0.00 -1 -2.17e-12      0.00 7.526e-01 2.472e-01 4.508e-05 1.294e-05 1.139e-04 -1.000 2.652e-04 -1.820 -2.226 -2.704 -3.102 -3.667 -3.891 -3.934 -3.956 -3.947 -3.549 -3.944 -3.527 -3.839 -3.884 -3.900 -3.915 -3.944 -3.952 -3.958 -3.968 -3.958 -3.920 -3.930 -3.740
0.00024632 -1.80000 10.09691 0.7932323813 2.4163346291    0.775  2.680  3.6691  1.276    3  0.000  0.529     0.00     0.00 -1 -2.54e-12      0.00 7.526e-01 2.472e-01 4.508e-05 1.294e-05 1.139e-04 -1.000 2.652e-04 -1.929 -2.333 -2.817 -3.220 -3.790 -4.018 -4.061 -4.084 -4.074 -3.672 -4.071 -3.649 -3.965 -4.010 -4.027 -4.041 -4.072 -4.079 -4.086 -4.096 -4.085 -4.044 -4.054 -3.865
0.00024632 -1.80000 10.09691 0.7932474017 2.4163398743    0.774  2.718  3.6668  1.228    3  0.000  0.529     0.00     0.00 -1 -2.93e-12      0.00 7.526e-01 2.472e-01 4.508e-05 1.294e-05 1.139e-04 -1.000 2.653e-04 -2.026 -2.428 -2.918 -3.325 -3.900 -4.131 -4.174 -4.198 -4.187 -3.782 -4.185 -3.758 -4.077 -4.123 -4.140 -4.153 -4.186 -4.193 -4.200 -4.210 -4.199 -4.155 -4.165 -3.976
0.00024632 -1.80000 10.09691 0.7932624221 2.4163453579    0.773  2.760  3.6645  1.176    3  0.000  0.529     0.00     0.00 -1  -3.4e-12      0.00 7.526e-01 2.472e-01 4.508e-05 1.294e-05 1.139e-04 -1.000 2.652e-04 -2.130 -2.529 -3.025 -3.438 -4.018 -4.252 -4.295 -4.320 -4.307 -3.900 -4.306 -3.874 -4.197 -4.244 -4.261 -4.272 -4.308 -4.315 -4.322 -4.332 -4.321 -4.272 -4.284 -4.095
0.00024632 -1.80000 10.09691 0.7932755351 2.4163498878    0.771  2.799  3.6622  1.127    3  0.000  0.529     0.00     0.00 -1 -3.91e-12      0.00 7.526e-01 2.472e-01 4.508e-05 1.294e-05 1.139e-04 -1.000 2.651e-04 -2.228 -2.624 -3.126 -3.543 -4.129 -4.366 -4.409 -4.435 -4.421 -4.011 -4.420 -3.984 -4.310 -4.358 -4.376 -4.384 -4.423 -4.430 -4.438 -4.448 -4.436 -4.383 -4.396 -4.207
0.00024632 -1.80000 10.09691 0.7932877541 2.4163541794    0.770  2.838  3.6599  1.078    3  0.000  0.529     0.00     0.00 -1 -4.49e-12      0.00 7.526e-01 2.472e-01 4.508e-05 1.294e-05 1.139e-04 -1.000 2.651e-04 -2.325 -2.717 -3.226 -3.647 -4.240 -4.479 -4.522 -4.549 -4.533 -4.121 -4.534 -4.093 -4.422 -4.471 -4.488 -4.495 -4.537 -4.544 -4.552 -4.562 -4.549 -4.492 -4.506 -4.318
0.00024632 -1.80000 10.09691 0.7932991982 2.4163584709    0.768  2.876  3.6576  1.030    3  0.000  0.529     0.00     0.00 -1 -5.15e-12      0.00 7.526e-01 2.472e-01 4.508e-05 1.294e-05 1.139e-04 -1.000 2.652e-04 -2.421 -2.810 -3.326 -3.752 -4.350 -4.592 -4.635 -4.663 -4.646 -4.230 -4.647 -4.201 -4.534 -4.583 -4.602 -4.607 -4.650 -4.658 -4.666 -4.676 -4.662 -4.601 -4.617 -4.429
0.00024632 -1.80000 10.09691 0.7933092713 2.4163620472    0.767  2.913  3.6554  0.984    3  0.000  0.529     0.00     0.00 -1 -5.85e-12      0.00 7.526e-01 2.472e-01 4.508e-05 1.294e-05 1.139e-04 -1.000 2.652e-04 -2.512 -2.898 -3.420 -3.850 -4.454 -4.698 -4.741 -4.771 -4.752 -4.334 -4.754 -4.303 -4.639 -4.690 -4.708 -4.711 -4.758 -4.766 -4.773 -4.784 -4.769 -4.704 -4.721 -4.533
0.00024632 -1.80000 10.09691 0.7933191061 2.4163653851    0.765  2.950  3.6531  0.936    3  0.000  0.529     0.00     0.00 -1 -6.69e-12      0.00 7.526e-01 2.472e-01 4.508e-05 1.294e-05 1.139e-04 -1.000 2.653e-04 -2.605 -2.988 -3.517 -3.952 -4.561 -4.808 -4.851 -4.882 -4.862 -4.441 -4.864 -4.409 -4.748 -4.800 -4.819 -4.820 -4.869 -4.877 -4.885 -4.896 -4.881 -4.811 -4.829 -4.641
0.00024632 -1.80000 10.09691 0.7933277488 2.4163684845    0.763  2.985  3.6509  0.891    3  0.000  0.529     0.00     0.00 -1 -7.57e-12      0.00 7.526e-01 2.472e-01 4.508e-05 1.294e-05 1.139e-04 -1.000 2.651e-04 -2.693 -3.069 -3.605 -4.046 -4.661 -4.911 -4.953 -4.986 -4.965 -4.540 -4.968 -4.507 -4.849 -4.902 -4.922 -4.920 -4.973 -4.981 -4.989 -5.001 -4.985 -4.911 -4.930 -4.742
0.00024632 -1.80000 10.09691 0.7933357954 2.4163713455    0.761  3.019  3.6488  0.847    3  0.000  0.529     0.00     0.00 -1 -8.55e-12      0.00 7.526e-01 2.472e-01 4.508e-05 1.294e-05 1.139e-04 -1.000 2.652e-04 -2.778 -3.148 -3.692 -4.138 -4.758 -5.012 -5.054 -5.089 -5.066 -4.637 -5.069 -4.604 -4.949 -5.003 -5.023 -5.019 -5.075 -5.083 -5.091 -5.103 -5.087 -5.009 -5.029 -4.840
0.00024632 -1.80000 10.09691 0.7933437824 2.4163742065    0.759  3.055  3.6465  0.801    3  0.000  0.529     0.00     0.00 -1 -9.71e-12      0.00 7.526e-01 2.472e-01 4.508e-05 1.294e-05 1.139e-04 -1.000 2.652e-04 -2.868 -3.232 -3.783 -4.235 -4.862 -5.118 -5.160 -5.196 -5.172 -4.740 -5.176 -4.705 -5.054 -5.109 -5.129 -5.123 -5.182 -5.191 -5.199 -5.211 -5.194 -5.112 -5.133 -4.945
0.00024632 -1.80000 10.09691 0.7933504581 2.4163765907    0.757  3.087  3.6444  0.760    3  0.000  0.529     0.00     0.00 -1 -1.09e-11      0.00 7.526e-01 2.472e-01 4.508e-05 1.294e-05 1.139e-04 -1.000 2.652e-04 -2.947 -3.305 -3.863 -4.321 -4.953 -5.212 -5.253 -5.292 -5.266 -4.831 -5.270 -4.795 -5.146 -5.203 -5.224 -5.214 -5.277 -5.286 -5.294 -5.307 -5.289 -5.203 -5.225 -5.036
0.00024632 -1.80000 10.09691 0.7933573723 2.4163792133    0.754  3.121  3.6423  0.715    3  0.000  0.529     0.00     0.00 -1 -1.22e-11      0.00 7.526e-01 2.472e-01 4.508e-05 1.294e-05 1.139e-04 -1.000 2.653e-04 -3.033 -3.385 -3.951 -4.414 -5.051 -5.314 -5.354 -5.395 -5.367 -4.929 -5.372 -4.892 -5.246 -5.304 -5.325 -5.313 -5.380 -5.388 -5.397 -5.410 -5.392 -5.301 -5.324 -5.136
0.00024632 -1.80000 10.09691 0.7933636308 2.4163813591    0.751  3.154  3.6401  0.672    3  0.000  0.529     0.00     0.00 -1 -1.38e-11      0.00 7.526e-01 2.472e-01 4.508e-05 1.294e-05 1.139e-04 -1.000 2.653e-04 -3.115 -3.460 -4.034 -4.502 -5.146 -5.411 -5.452 -5.494 -5.465 -5.023 -5.470 -4.985 -5.343 -5.401 -5.423 -5.408 -5.478 -5.487 -5.496 -5.509 -5.491 -5.396 -5.419 -5.231
0.00024632 -1.80000 10.09691 0.7933694720 2.4163835049    0.749  3.186  3.6380  0.631    3  0.000  0.529     0.00     0.00 -1 -1.54e-11      0.00 7.526e-01 2.472e-01 4.508e-05 1.294e-05 1.139e-04 -1.000 2.653e-04 -3.195 -3.532 -4.114 -4.588 -5.237 -5.506 -5.546 -5.589 -5.559 -5.114 -5.564 -5.074 -5.436 -5.496 -5.518 -5.500 -5.574 -5.583 -5.592 -5.605 -5.587 -5.488 -5.512 -5.323
0.00024632 -1.80000 10.09691 0.7933750749 2.4163854122    0.746  3.218  3.6360  0.589    3  0.000  0.529     0.00     0.00 -1 -1.72e-11      0.00 7.526e-01 2.472e-01 4.508e-05 1.294e-05 1.139e-04 -1.000 2.652e-04 -3.275 -3.604 -4.194 -4.673 -5.329 -5.601 -5.640 -5.686 -5.655 -5.206 -5.660 -5.165 -5.529 -5.590 -5.613 -5.592 -5.670 -5.679 -5.688 -5.702 -5.683 -5.580 -5.605 -5.416
0.00024632 -1.80000 10.09691 0.7933802605 2.4163873196    0.742  3.248  3.6340  0.548    3  0.000  0.529     0.00     0.00 -1 -1.92e-11      0.00 7.526e-01 2.472e-01 4.508e-05 1.294e-05 1.139e-04 -1.000 2.652e-04 -3.351 -3.672 -4.269 -4.755 -5.416 -5.691 -5.730 -5.777 -5.745 -5.293 -5.750 -5.250 -5.618 -5.680 -5.704 -5.679 -5.761 -5.770 -5.780 -5.794 -5.774 -5.668 -5.693 -5.504
0.00024632 -1.80000 10.09691 0.7933859825 2.4163892269    0.739  3.280  3.6319  0.506    3  0.000  0.529     0.00     0.00 -1 -2.17e-11      0.00 7.526e-01 2.472e-01 4.508e-05 1.294e-05 1.139e-04 -1.000 2.653e-04 -3.431 -3.743 -4.349 -4.840 -5.507 -5.786 -5.824 -5.874 -5.840 -5.384 -5.845 -5.340 -5.711 -5.775 -5.799 -5.771 -5.857 -5.866 -5.876 -5.890 -5.870 -5.760 -5.786 -5.596
0.00024632 -1.80000 10.09691 0.7933859825 2.4163892269    0.730  1.682  3.8655  3.034    4  0.000  0.529     0.00     0.00 -1    -1e-30      0.00 7.513e-01 2.484e-01 4.560e-05 1.308e-05 1.151e-04 -1.000 2.681e-04 0.566 0.324 0.193 0.083 -0.054 -0.099 -0.111 -0.114 -0.120 -0.013 -0.112 -0.029 -0.088 -0.098 -0.100 -0.106 -0.113 -0.113 -0.114 -0.119 -0.120 -0.123 -0.122 -0.069
0.00024632 -1.80000 10.09691 0.7933891416 2.4163904190    0.730  1.691  3.8611  3.007    4  0.000  0.529     0.00     0.00 -1    -1e-30      0.00 7.513e-01 2.484e-01 4.560e-05 1.308e-05 1.151e-04 -1.000 2.681e-04 0.542 0.291 0.153 0.038 -0.108 -0.155 -0.168 -0.171 -0.177 -0.064 -0.169 -0.082 -0.144 -0.154 -0.157 -0.163 -0.169 -0.170 -0.171 -0.176 -0.177 -0.180 -0.179 -0.124
0.00024632 -1.80000 10.09691 0.7934414148 2.4164090157    0.730  1.703  3.8558  2.974    4  0.000  0.529     0.00     0.00 -1    -1e-30      0.00 7.513e-01 2.484e-01 4.560e-05 1.308e-05 1.151e-04 -1.000 2.682e-04 0.512 0.250 0.104 -0.017 -0.175 -0.225 -0.238 -0.241 -0.248 -0.128 -0.239 -0.146 -0.214 -0.224 -0.226 -0.233 -0.239 -0.240 -0.242 -0.247 -0.247 -0.251 -0.249 -0.192
0.00024632 -1.80000 10.09691 0.7934943438 2.4164278507    0.730  1.704  3.8566  2.976    4  0.000  0.529     0.00     0.00 -1    -1e-30      0.00 7.513e-01 2.484e-01 4.560e-05 1.308e-05 1.151e-04 -1.000 2.682e-04 0.511 0.250 0.106 -0.015 -0.170 -0.220 -0.233 -0.236 -0.243 -0.124 -0.235 -0.142 -0.209 -0.219 -0.222 -0.228 -0.234 -0.235 -0.237 -0.242 -0.242 -0.246 -0.244 -0.187
0.00024632 -1.80000 10.09691 0.7935484052 2.4164471626    0.730  1.704  3.8577  2.981    4  0.000  0.529     0.00     0.00 -1    -1e-30      0.00 7.513e-01 2.484e-01 4.560e-05 1.308e-05 1.151e-04 -1.000 2.681e-04 0.511 0.252 0.109 -0.010 -0.163 -0.212 -0.225 -0.228 -0.235 -0.117 -0.227 -0.135 -0.201 -0.211 -0.214 -0.220 -0.226 -0.227 -0.229 -0.234 -0.234 -0.238 -0.236 -0.180
0.00024632 -1.80000 10.09691 0.7936019897 2.4164662361    0.730  1.704  3.8589  2.986    4  0.000  0.529     0.00     0.00 -1    -1e-30      0.00 7.513e-01 2.484e-01 4.560e-05 1.308e-05 1.151e-04 -1.000 2.682e-04 0.511 0.255 0.114 -0.004 -0.154 -0.203 -0.215 -0.219 -0.225 -0.109 -0.217 -0.127 -0.192 -0.202 -0.204 -0.210 -0.217 -0.217 -0.219 -0.224 -0.225 -0.228 -0.227 -0.171
0.00024632 -1.80000 10.09691 0.7936523557 2.4164841175    0.731  1.703  3.8601  2.991    4  0.000  0.529     0.00     0.00 -1    -1e-30      0.00 7.513e-01 2.484e-01 4.560e-05 1.308e-05 1.151e-04 -1.000 2.681e-04 0.512 0.258 0.119 0.003 -0.145 -0.193 -0.206 -0.209 -0.216 -0.101 -0.207 -0.119 -0.182 -0.192 -0.195 -0.201 -0.207 -0.208 -0.209 -0.214 -0.215 -0.219 -0.217 -0.161
0.00024632 -1.80000 10.09691 0.7937018871 2.4165017605    0.731  1.703  3.8613  2.996    4  0.000  0.529     0.00     0.00 -1    -1e-30      0.00 7.513e-01 2.484e-01 4.560e-05 1.308e-05 1.151e-04 -1.000 2.681e-04 0.512 0.261 0.124 0.009 -0.136 -0.183 -0.196 -0.199 -0.206 -0.093 -0.198 -0.110 -0.173 -0.182 -0.185 -0.191 -0.198 -0.198 -0.200 -0.205 -0.205 -0.209 -0.207 -0.152
0.00024632 -1.80000 10.09691 0.7937520146 2.4165196419    0.731  1.703  3.8625  3.001    4  0.000  0.529     0.00     0.00 -1    -1e-30      0.00 7.513e-01 2.484e-01 4.560e-05 1.308e-05 1.151e-04 -1.000 2.681e-04 0.513 0.264 0.129 0.016 -0.127 -0.174 -0.186 -0.190 -0.196 -0.084 -0.188 -0.102 -0.163 -0.173 -0.175 -0.181 -0.188 -0.188 -0.190 -0.195 -0.196 -0.199 -0.198 -0.143
0.00024632 -1.80000 10.09691 0.7938044071 2.4165382385    0.731  1.702  3.8636  3.006    4  0.000  0.529     0.00     0.00 -1    -1e-30      0.00 7.513e-01 2.484e-01 4.560e-05 1.308e-05 1.151e-04 -1.000 2.681e-04 0.514 0.267 0.133 0.022 -0.119 -0.165 -0.177 -0.181 -0.187 -0.077 -0.179 -0.094 -0.154 -0.164 -0.166 -0.172 -0.179 -0.179 -0.181 -0.186 -0.187 -0.190 -0.189 -0.134
0.00024632 -1.80000 10.09691 0.7938560843 2.4165568352    0.731  1.702  3.8643  3.009    4  0.000  0.529     0.00     0.00 -1    -1e-30      0.00 7.513e-01 2.484e-01 4.560e-05 1.308e-05 1.151e-04 -1.000 2.681e-04 0.514 0.269 0.136 0.026 -0.113 -0.159 -0.171 -0.175 -0.181 -0.071 -0.173 -0.088 -0.148 -0.158 -0.160 -0.166 -0.173 -0.173 -0.175 -0.180 -0.181 -0.184 -0.183 -0.128
0.00024632 -1.80000 10.09691 0.7939092517 2.4165756702    0.731  1.702  3.8648  3.011    4  0.000  0.529     0.00     0.00 -1    -1e-30      0.00 7.513e-01 2.484e-01 4.560e-05 1.308e-05 1.151e-04 -1.000 2.681e-04 0.514 0.270 0.138 0.028 -0.110 -0.156 -0.168 -0.171 -0.177 -0.069 -0.169 -0.085 -0.145 -0.155 -0.157 -0.163 -0.170 -0.170 -0.171 -0.176 -0.177 -0.180 -0.179 -0.125
0.00024632 -1.80000 10.09691 0.7939620018 2.4165945053    0.731  1.703  3.8649  3.011    4  0.000  0.529     0.00     0.00 -1    -1e-30      0.00 7.513e-01 2.484e-01 4.560e-05 1.308e-05 1.151e-04 -1.000 2.682e-04 0.513 0.269 0.137 0.027 -0.110 -0.156 -0.168 -0.172 -0.178 -0.069 -0.170 -0.086 -0.145 -0.155 -0.157 -0.163 -0.170 -0.170 -0.172 -0.177 -0.178 -0.181 -0.180 -0.125
0.00024632 -1.80000 10.09691 0.7940141559 2.4166131020    0.731  1.703  3.8644  3.008    4  0.000  0.529     0.00     0.00 -1    -1e-30      0.00 7.513e-01 2.484e-01 4.560e-05 1.308e-05 1.151e-04 -1.000 2.681e-04 0.512 0.267 0.134 0.024 -0.115 -0.161 -0.173 -0.177 -0.183 -0.074 -0.175 -0.090 -0.150 -0.160 -0.162 -0.168 -0.175 -0.175 -0.177 -0.182 -0.183 -0.186 -0.185 -0.130
0.00024632 -1.80000 10.09691 0.7940646410 2.4166309834    0.731  1.704  3.8634  3.003    4  0.000  0.529     0.00     0.00 -1    -1e-30      0.00 7.513e-01 2.484e-01 4.560e-05 1.308e-05 1.151e-04 -1.000 2.681e-04 0.510 0.262 0.128 0.016 -0.125 -0.171 -0.183 -0.187 -0.193 -0.082 -0.185 -0.099 -0.160 -0.170 -0.172 -0.178 -0.185 -0.185 -0.187 -0.192 -0.193 -0.196 -0.195 -0.140
0.00024632 -1.80000 10.09691 0.7940866351 2.4166388512    0.731  1.705  3.8629  3.001    4  0.000  0.529     0.00     0.00 -1    -1e-30      0.00 7.513e-01 2.484e-01 4.560e-05 1.308e-05 1.151e-04 -1.000 2.681e-04 0.509 0.260 0.125 0.013 -0.129 -0.176 -0.188 -0.192 -0.198 -0.087 -0.190 -0.104 -0.165 -0.175 -0.177 -0.183 -0.190 -0.190 -0.192 -0.197 -0.198 -0.201 -0.200 -0.144
0.00024632 -1.80000 10.09691 0.7940982580 2.4166429043    0.731  1.705  3.8624  2.999    4  0.000  0.529     0.00     0.00 -1    -1e-30      0.00 7.513e-01 2.484e-01 4.560e-05 1.308e-05 1.151e-04 -1.000 2.681e-04 0.508 0.259 0.123 0.010 -0.133 -0.179 -0.192 -0.196 -0.202 -0.090 -0.194 -0.107 -0.169 -0.178 -0.181 -0.187 -0.194 -0.194 -0.196 -0.201 -0.202 -0.205 -0.204 -0.148
0.00024632 -1.80000 10.09691 0.7941491008 2.4166610241    0.731  1.706  3.8604  2.989    4  0.000  0.529     0.00     0.00 -1    -1e-30      0.00 7.513e-01 2.484e-01 4.560e-05 1.308e-05 1.151e-04 -1.000 2.681e-04 0.504 0.251 0.112 -0.003 -0.151 -0.198 -0.211 -0.214 -0.221 -0.106 -0.212 -0.124 -0.187 -0.197 -0.200 -0.206 -0.212 -0.213 -0.215 -0.220 -0.220 -0.224 -0.222 -0.166
0.00024632 -1.80000 10.09691 0.7942005992 2.4166793823    0.731  1.708  3.8577  2.977    4  0.000  0.529     0.00     0.00 -1    -1e-30      0.00 7.513e-01 2.484e-01 4.560e-05 1.308e-05 1.151e-04 -1.000 2.681e-04 0.500 0.241 0.098 -0.021 -0.174 -0.223 -0.236 -0.239 -0.246 -0.128 -0.238 -0.146 -0.212 -0.222 -0.225 -0.231 -0.238 -0.238 -0.240 -0.245 -0.246 -0.249 -0.248 -0.191
0.00024632 -1.80000 10.09691 0.7942511439 2.4166972637    0.731  1.710  3.8544  2.961    4  0.000  0.529     0.00     0.00 -1    -1e-30      0.00 7.513e-01 2.484e-01 4.560e-05 1.308e-05 1.151e-04 -1.000 2.681e-04 0.494 0.229 0.081 -0.042 -0.203 -0.254 -0.267 -0.270 -0.277 -0.155 -0.268 -0.174 -0.243 -0.253 -0.255 -0.262 -0.268 -0.269 -0.270 -0.276 -0.276 -0.280 -0.278 -0.220
0.00024632 -1.80000 10.09691 0.7943009734 2.4167149067    0.731  1.713  3.8506  2.943    4  0.000  0.529     0.00     0.00 -1    -1e-30      0.00 7.513e-01 2.484e-01 4.560e-05 1.308e-05 1.151e-04 -1.000 2.681e-04 0.487 0.215 0.062 -0.067 -0.235 -0.288 -0.301 -0.305 -0.312 -0.185 -0.303 -0.205 -0.277 -0.287 -0.290 -0.297 -0.303 -0.304 -0.305 -0.310 -0.311 -0.315 -0.313 -0.254
0.00024632 -1.80000 10.09691 0.7943506241 2.4167327881    0.731  1.716  3.8460  2.922    4  0.000  0.529     0.00     0.00 -1    -1e-30      0.00 7.513e-01 2.484e-01 4.560e-05 1.308e-05 1.151e-04 -1.000 2.683e-04 0.480 0.199 0.039 -0.095 -0.274 -0.330 -0.343 -0.347 -0.354 -0.221 -0.345 -0.241 -0.318 -0.329 -0.332 -0.339 -0.345 -0.346 -0.347 -0.353 -0.353 -0.357 -0.355 -0.293
0.00024632 -1.80000 10.09691 0.7943999171 2.4167501926    0.731  1.719  3.8410  2.899    4  0.000  0.529     0.00     0.00 -1    -1e-30      0.00 7.513e-01 2.484e-01 4.560e-05 1.308e-05 1.151e-04 -1.000 2.682e-04 0.471 0.182 0.015 -0.127 -0.317 -0.376 -0.389 -0.393 -0.400 -0.260 -0.391 -0.282 -0.364 -0.374 -0.377 -0.385 -0.391 -0.392 -0.394 -0.399 -0.399 -0.404 -0.401 -0.337
0.00024632 -1.80000 10.09691 0.7944492698 2.4167678356    0.731  1.723  3.8354  2.872    4  0.000  0.529     0.00     0.00 -1    -1e-30      0.00 7.513e-01 2.484e-01 4.560e-05 1.308e-05 1.151e-04 -1.000 2.681e-04 0.462 0.163 -0.013 -0.162 -0.364 -0.427 -0.441 -0.445 -0.452 -0.305 -0.443 -0.327 -0.415 -0.425 -0.428 -0.436 -0.442 -0.443 -0.445 -0.451 -0.451 -0.456 -0.453 -0.386
0.00024632 -1.80000 10.09691 0.7944539189 2.4167695045    0.731  1.724  3.8348  2.870    4  0.000  0.529     0.00     0.00 -1    -1e-30      0.00 7.513e-01 2.484e-01 4.560e-05 1.308e-05 1.151e-04 -1.000 2.681e-04 0.461 0.161 -0.015 -0.165 -0.369 -0.432 -0.446 -0.450 -0.457 -0.309 -0.448 -0.331 -0.420 -0.430 -0.433 -0.441 -0.447 -0.448 -0.450 -0.456 -0.456 -0.461 -0.458 -0.391
0.00024632 -1.80000 10.09691 0.7944625616 2.4167723656    0.731  1.724  3.8338  2.865    4  0.000  0.529     0.00     0.00 -1    -1e-30      0.00 7.513e-01 2.484e-01 4.560e-05 1.308e-05 1.151e-04 -1.000 2.681e-04 0.459 0.158 -0.020 -0.171 -0.378 -0.441 -0.456 -0.459 -0.466 -0.317 -0.458 -0.339 -0.429 -0.440 -0.443 -0.451 -0.457 -0.458 -0.460 -0.465 -0.466 -0.470 -0.468 -0.400
0.00024632 -1.80000 10.09691 0.7945138216 2.4167907238    0.731  1.729  3.8275  2.835    4  0.000  0.529     0.00     0.00 -1    -1e-30      0.00 7.513e-01 2.484e-01 4.560e-05 1.308e-05 1.151e-04 -1.000 2.681e-04 0.448 0.137 -0.051 -0.211 -0.431 -0.499 -0.513 -0.517 -0.524 -0.367 -0.515 -0.389 -0.486 -0.497 -0.500 -0.509 -0.515 -0.516 -0.518 -0.523 -0.524 -0.528 -0.525 -0.455
0.00024632 -1.80000 10.09691 0.7945637703 2.4168083668    0.732  1.733  3.8213  2.806    4  0.000  0.529     0.00     0.00 -1    -1e-30      0.00 7.513e-01 2.484e-01 4.560e-05 1.308e-05 1.151e-04 -1.000 2.682e-04 0.437 0.116 -0.081 -0.249 -0.483 -0.555 -0.571 -0.575 -0.582 -0.416 -0.573 -0.439 -0.543 -0.554 -0.558 -0.566 -0.572 -0.573 -0.576 -0.581 -0.582 -0.586 -0.583 -0.509
0.00024632 -1.80000 10.09691 0.7946171761 2.4168274403    0.732  1.738  3.8142  2.773    4  0.000  0.529     0.00     0.00 -1    -1e-30      0.00 7.513e-01 2.484e-01 4.560e-05 1.308e-05 1.151e-04 -1.000 2.681e-04 0.424 0.093 -0.115 -0.293 -0.543 -0.620 -0.637 -0.641 -0.648 -0.472 -0.639 -0.495 -0.607 -0.619 -0.623 -0.632 -0.638 -0.639 -0.642 -0.647 -0.648 -0.652 -0.649 -0.571
0.00024632 -1.80000 10.09691 0.7946680188 2.4168455601    0.732  1.744  3.8072  2.739    4  0.000  0.529     0.00     0.00 -1    -1e-30      0.00 7.513e-01 2.484e-01 4.560e-05 1.308e-05 1.151e-04 -1.000 2.682e-04 0.410 0.070 -0.150 -0.338 -0.604 -0.686 -0.703 -0.707 -0.714 -0.528 -0.705 -0.552 -0.672 -0.685 -0.688 -0.698 -0.704 -0.705 -0.708 -0.713 -0.714 -0.719 -0.715 -0.633
0.00024632 -1.80000 10.09691 0.7947167754 2.4168627262    0.732  1.749  3.8011  2.710    4  0.000  0.529     0.00     0.00 -1    -1e-30      0.00 7.513e-01 2.484e-01 4.560e-05 1.308e-05 1.151e-04 -1.000 2.681e-04 0.397 0.049 -0.181 -0.377 -0.656 -0.743 -0.761 -0.766 -0.773 -0.578 -0.763 -0.601 -0.728 -0.742 -0.746 -0.756 -0.762 -0.764 -0.767 -0.772 -0.772 -0.778 -0.774 -0.688
0.00024632 -1.80000 10.09691 0.7947670817 2.4168806076    0.732  1.755  3.7945  2.677    4  0.000  0.529     0.00     0.00 -1    -1e-30      0.00 7.513e-01 2.484e-01 4.560e-05 1.308e-05 1.151e-04 -1.000 2.682e-04 0.382 0.025 -0.215 -0.420 -0.715 -0.807 -0.825 -0.831 -0.838 -0.633 -0.828 -0.655 -0.791 -0.806 -0.810 -0.820 -0.826 -0.828 -0.832 -0.837 -0.837 -0.842 -0.839 -0.748
0.00024632 -1.80000 10.09691 0.7948163748 2.4168980122    0.732  1.761  3.7886  2.648    4  0.000  0.529     0.00     0.00 -1    -1e-30      0.00 7.513e-01 2.484e-01 4.560e-05 1.308e-05 1.151e-04 -1.000 2.681e-04 0.367 0.004 -0.246 -0.460 -0.768 -0.865 -0.884 -0.890 -0.897 -0.683 -0.887 -0.705 -0.848 -0.863 -0.868 -0.879 -0.885 -0.887 -0.891 -0.896 -0.896 -0.902 -0.898 -0.803
0.00024632 -1.80000 10.09691 0.7948663235 2.4169158936    0.732  1.767  3.7831  2.620    4  0.000  0.529     0.00     0.00 -1    -1e-30      0.00 7.513e-01 2.484e-01 4.560e-05 1.308e-05 1.151e-04 -1.000 2.681e-04 0.352 -0.017 -0.276 -0.498 -0.818 -0.920 -0.940 -0.946 -0.953 -0.731 -0.943 -0.752 -0.903 -0.918 -0.923 -0.934 -0.941 -0.943 -0.947 -0.952 -0.953 -0.958 -0.954 -0.855
0.00024632 -1.80000 10.09691 0.7949162722 2.4169335365    0.732  1.774  3.7780  2.592    4  0.000  0.529     0.00     0.00 -1    -1e-30      0.00 7.513e-01 2.484e-01 4.560e-05 1.308e-05 1.151e-04 -1.000 2.681e-04 0.335 -0.039 -0.307 -0.536 -0.867 -0.974 -0.995 -1.001 -1.008 -0.778 -0.998 -0.798 -0.956 -0.972 -0.977 -0.989 -0.996 -0.999 -1.002 -1.007 -1.008 -1.014 -1.010 -0.906
0.00024632 -1.80000 10.09691 0.7949665189 2.4169514179    0.732  1.783  3.7725  2.562    4  0.000  0.529     0.00     0.00 -1    -1e-30      0.00 7.513e-01 2.484e-01 4.560e-05 1.308e-05 1.151e-04 -1.000 2.681e-04 0.313 -0.066 -0.344 -0.580 -0.924 -1.035 -1.057 -1.063 -1.071 -0.832 -1.060 -0.851 -1.016 -1.034 -1.038 -1.051 -1.058 -1.061 -1.064 -1.069 -1.070 -1.076 -1.072 -0.964
0.00024632 -1.80000 10.09691 0.7949765325 2.4169549942    0.732  1.779  3.7735  2.569    4  0.000  0.529     0.00     0.00 -1    -1e-30      0.00 7.513e-01 2.484e-01 4.560e-05 1.308e-05 1.151e-04 -1.000 2.681e-04 0.322 -0.057 -0.333 -0.568 -0.909 -1.019 -1.041 -1.047 -1.055 -0.818 -1.044 -0.837 -1.001 -1.018 -1.023 -1.035 -1.042 -1.045 -1.048 -1.054 -1.055 -1.061 -1.057 -0.949
0.00024632 -1.80000 10.09691 0.7950281501 2.4169733524    0.732  1.792  3.7672  2.532    4  0.000  0.529     0.00     0.00 -1    -1e-30      0.00 7.513e-01 2.484e-01 4.560e-05 1.308e-05 1.151e-04 -1.000 2.682e-04 0.290 -0.094 -0.381 -0.625 -0.980 -1.096 -1.119 -1.125 -1.133 -0.886 -1.122 -0.904 -1.076 -1.095 -1.100 -1.113 -1.120 -1.123 -1.127 -1.132 -1.133 -1.139 -1.135 -1.022
0.00024632 -1.80000 10.09691 0.7950789332 2.4169912338    0.732  1.809  3.7610  2.490    4  0.000  0.529     0.00     0.00 -1    -1e-30      0.00 7.513e-01 2.484e-01 4.560e-05 1.308e-05 1.151e-04 -1.000 2.682e-04 0.249 -0.141 -0.439 -0.692 -1.061 -1.183 -1.207 -1.214 -1.222 -0.965 -1.210 -0.981 -1.162 -1.181 -1.187 -1.201 -1.208 -1.212 -1.215 -1.221 -1.222 -1.228 -1.224 -1.104
0.00024632 -1.80000 10.09691 0.7951217294 2.4170064926    0.732  1.837  3.7530  2.429    4  0.000  0.529     0.00     0.00 -1    -1e-30      0.00 7.513e-01 2.484e-01 4.560e-05 1.308e-05 1.151e-04 -1.000 2.681e-04 0.176 -0.221 -0.532 -0.797 -1.182 -1.313 -1.338 -1.346 -1.354 -1.084 -1.342 -1.098 -1.290 -1.310 -1.317 -1.332 -1.340 -1.343 -1.347 -1.353 -1.354 -1.360 -1.356 -1.229
0.00024632 -1.80000 10.09691 0.7951448560 2.4170145988    0.732  1.872  3.7450  2.362    4  0.000  0.529     0.00     0.00 -1    -1e-30      0.00 7.513e-01 2.484e-01 4.560e-05 1.308e-05 1.151e-04 -1.000 2.681e-04 0.089 -0.315 -0.640 -0.917 -1.319 -1.458 -1.485 -1.493 -1.502 -1.218 -1.489 -1.230 -1.433 -1.455 -1.462 -1.478 -1.487 -1.491 -1.495 -1.501 -1.502 -1.507 -1.504 -1.368
0.00024632 -1.80000 10.09691 0.7951553464 2.4170184135    0.732  1.910  3.7377  2.296    4  0.000  0.529     0.00     0.00 -1    -1e-30      0.00 7.513e-01 2.484e-01 4.560e-05 1.308e-05 1.151e-04 -1.000 2.681e-04 -0.004 -0.413 -0.752 -1.040 -1.458 -1.603 -1.632 -1.641 -1.650 -1.354 -1.636 -1.364 -1.576 -1.600 -1.608 -1.625 -1.634 -1.639 -1.643 -1.650 -1.651 -1.655 -1.652 -1.509
0.00024632 -1.80000 10.09691 0.7951599956 2.4170200825    0.732  1.948  3.7312  2.231    4  0.000  0.529     0.00     0.00 -1    -1e-30      0.00 7.513e-01 2.484e-01 4.560e-05 1.308e-05 1.151e-04 -1.000 2.682e-04 -0.100 -0.513 -0.864 -1.162 -1.593 -1.746 -1.776 -1.786 -1.795 -1.488 -1.781 -1.495 -1.717 -1.743 -1.751 -1.769 -1.779 -1.783 -1.787 -1.795 -1.795 -1.799 -1.796 -1.646
0.00024632 -1.80000 10.09691 0.7951622605 2.4170207977    0.732  1.986  3.7261  2.173    4  0.000  0.529     0.00     0.00 -1    -1e-30      0.00 7.513e-01 2.484e-01 4.560e-05 1.308e-05 1.151e-04 -1.000 2.682e-04 -0.195 -0.610 -0.971 -1.276 -1.718 -1.877 -1.909 -1.919 -1.928 -1.612 -1.914 -1.617 -1.846 -1.874 -1.882 -1.901 -1.912 -1.916 -1.920 -1.928 -1.928 -1.932 -1.929 -1.774
0.00024632 -1.80000 10.09691 0.7951631546 2.4170212746    0.732  2.010  3.7232  2.137    7  0.000  0.529     0.00     0.00 -1    -1e-30      0.00 7.513e-01 2.484e-01 4.560e-05 1.308e-05 1.151e-04 -1.000 2.681e-04 -0.256 -0.673 -1.039 -1.349 -1.797 -1.959 -1.991 -2.002 -2.011 -1.690 -1.996 -1.693 -1.928 -1.956 -1.964 -1.984 -1.994 -1.999 -2.003 -2.011 -2.011 -2.014 -2.012 -1.853
0.00024632 -1.80000 10.09691 0.7951641679 2.4170215130    0.732  2.050  3.7194  2.082    7  0.000  0.529     0.00     0.00 -1    -1e-30      0.00 7.513e-01 2.484e-01 4.560e-05 1.308e-05 1.151e-04 -1.000 2.681e-04 -0.355 -0.774 -1.147 -1.463 -1.919 -2.086 -2.119 -2.130 -2.139 -1.811 -2.124 -1.813 -2.053 -2.082 -2.091 -2.111 -2.122 -2.127 -2.132 -2.139 -2.139 -2.141 -2.139 -1.977
0.00024632 -1.80000 10.09691 0.7951650620 2.4170217514    0.732  2.088  3.7161  2.031    7  0.000  0.529     0.00     0.00 -1    -1e-30      0.00 7.513e-01 2.484e-01 4.560e-05 1.308e-05 1.151e-04 -1.000 2.681e-04 -0.450 -0.870 -1.250 -1.571 -2.034 -2.204 -2.238 -2.250 -2.258 -1.925 -2.244 -1.926 -2.170 -2.201 -2.210 -2.230 -2.242 -2.247 -2.251 -2.259 -2.259 -2.259 -2.257 -2.093
0.00024632 -1.80000 10.09691 0.7951659560 2.4170222282    0.732  2.121  3.7135  1.988    7  0.000  0.529     0.00     0.00 -1    -1e-30      0.00 7.513e-01 2.484e-01 4.560e-05 1.308e-05 1.151e-04 -1.000 2.681e-04 -0.532 -0.952 -1.338 -1.663 -2.131 -2.305 -2.339 -2.351 -2.359 -2.022 -2.345 -2.022 -2.270 -2.301 -2.310 -2.331 -2.343 -2.348 -2.353 -2.361 -2.360 -2.359 -2.358 -2.191
0.00024632 -1.80000 10.09691 0.7951668501 2.4170224667    0.732  2.148  3.7116  1.953    7  0.000  0.529     0.00     0.00 -1    -1e-30      0.00 7.513e-01 2.484e-01 4.560e-05 1.308e-05 1.151e-04 -1.000 2.681e-04 -0.599 -1.020 -1.409 -1.738 -2.210 -2.386 -2.421 -2.433 -2.440 -2.101 -2.427 -2.099 -2.350 -2.382 -2.391 -2.412 -2.425 -2.430 -2.435 -2.442 -2.442 -2.440 -2.439 -2.270
0.00024632 -1.80000 10.09691 0.7951681614 2.4170229435    0.732  2.175  3.7097  1.918    7  0.000  0.529     0.00     0.00 -1    -1e-30      0.00 7.513e-01 2.484e-01 4.560e-05 1.308e-05 1.151e-04 -1.000 2.681e-04 -0.668 -1.090 -1.483 -1.814 -2.291 -2.468 -2.504 -2.516 -2.523 -2.181 -2.510 -2.179 -2.432 -2.464 -2.474 -2.495 -2.508 -2.513 -2.518 -2.526 -2.525 -2.522 -2.522 -2.351
0.00024632 -1.80000 10.09691 0.7951706648 2.4170238972    0.732  2.156  3.7112  1.943    7  0.000  0.529     0.00     0.00 -1    -1e-30      0.00 7.513e-01 2.484e-01 4.560e-05 1.308e-05 1.151e-04 -1.000 2.682e-04 -0.621 -1.042 -1.433 -1.761 -2.235 -2.410 -2.446 -2.458 -2.465 -2.125 -2.452 -2.123 -2.375 -2.406 -2.416 -2.437 -2.450 -2.455 -2.460 -2.467 -2.467 -2.465 -2.464 -2.295
0.00024632 -1.80000 10.09691 0.7951748371 2.4170253277    0.732  2.129  3.7131  1.978    7  0.000  0.529     0.00     0.00 -1    -1e-30      0.00 7.513e-01 2.484e-01 4.560e-05 1.308e-05 1.151e-04 -1.000 2.681e-04 -0.554 -0.974 -1.360 -1.686 -2.155 -2.329 -2.364 -2.376 -2.383 -2.046 -2.370 -2.046 -2.294 -2.325 -2.335 -2.355 -2.368 -2.373 -2.377 -2.385 -2.385 -2.383 -2.383 -2.215
0.00024632 -1.80000 10.09691 0.7951999307 2.4170341492    0.732  2.151  3.7111  1.949    7  0.000  0.529     0.00     0.00 -1    -1e-30      0.00 7.513e-01 2.484e-01 4.560e-05 1.308e-05 1.151e-04 -1.000 2.681e-04 -0.606 -1.027 -1.418 -1.747 -2.220 -2.396 -2.431 -2.443 -2.451 -2.110 -2.437 -2.109 -2.361 -2.392 -2.402 -2.422 -2.435 -2.440 -2.445 -2.453 -2.452 -2.450 -2.450 -2.280
0.00024632 -1.80000 10.09691 0.7952152491 2.4170396328    0.732  2.181  3.7087  1.908    7  0.000  0.529     0.00     0.00 -1    -1e-30      0.00 7.513e-01 2.484e-01 4.560e-05 1.308e-05 1.151e-04 -1.000 2.681e-04 -0.684 -1.105 -1.501 -1.833 -2.312 -2.490 -2.526 -2.539 -2.546 -2.202 -2.532 -2.199 -2.454 -2.486 -2.496 -2.517 -2.530 -2.536 -2.541 -2.549 -2.547 -2.544 -2.544 -2.373
0.00024632 -1.80000 10.09691 0.7952337861 2.4170463085    0.732  2.223  3.7057  1.855    7  0.000  0.529     0.00     0.00 -1    -1e-30      0.00 7.513e-01 2.484e-01 4.560e-05 1.308e-05 1.151e-04 -1.000 2.681e-04 -0.787 -1.208 -1.610 -1.948 -2.433 -2.615 -2.652 -2.665 -2.670 -2.322 -2.658 -2.318 -2.577 -2.610 -2.621 -2.642 -2.656 -2.661 -2.667 -2.675 -2.673 -2.668 -2.669 -2.495
0.00024632 -1.80000 10.09691 0.7952526808 2.4170529842    0.732  2.270  3.7025  1.795    7  0.000  0.529     0.00     0.00 -1    -1e-30      0.00 7.513e-01 2.484e-01 4.560e-05 1.308e-05 1.151e-04 -1.000 2.681e-04 -0.905 -1.327 -1.735 -2.078 -2.571 -2.757 -2.794 -2.808 -2.812 -2.459 -2.800 -2.453 -2.718 -2.752 -2.763 -2.784 -2.798 -2.804 -2.810 -2.817 -2.815 -2.809 -2.810 -2.633
0.00024632 -1.80000 10.09691 0.7952697277 2.4170589447    0.732  2.314  3.6995  1.739    7  0.000  0.529     0.00     0.00 -1    -1e-30      0.00 7.513e-01 2.484e-01 4.560e-05 1.308e-05 1.151e-04 -1.000 2.681e-04 -1.015 -1.438 -1.853 -2.200 -2.699 -2.888 -2.927 -2.941 -2.945 -2.587 -2.933 -2.580 -2.849 -2.883 -2.895 -2.916 -2.931 -2.937 -2.943 -2.951 -2.948 -2.941 -2.942 -2.763
0.00024632 -1.80000 10.09691 0.7952847481 2.4170641899    0.732  2.357  3.6968  1.685    7  0.000  0.529     0.00     0.00 -1    -1e-30      0.00 7.514e-01 2.484e-01 4.559e-05 1.308e-05 1.151e-04 -1.000 2.582e-04 -1.121 -1.545 -1.965 -2.317 -2.822 -3.015 -3.054 -3.068 -3.071 -2.710 -3.060 -2.701 -2.974 -3.009 -3.022 -3.042 -3.058 -3.064 -3.070 -3.078 -3.075 -3.066 -3.068 -2.887
0.00024632 -1.80000 10.09691 0.7952980995 2.4170689583    0.732  2.399  3.6940  1.632    7  0.000  0.529     0.00     0.00 -1    -1e-30      0.00 7.514e-01 2.483e-01 4.557e-05 1.309e-05 1.151e-04 -1.000 2.552e-04 -1.227 -1.650 -2.076 -2.433 -2.944 -3.140 -3.179 -3.194 -3.197 -2.831 -3.186 -2.821 -3.098 -3.134 -3.147 -3.167 -3.184 -3.190 -3.196 -3.204 -3.201 -3.189 -3.192 -3.009
0.00024632 -1.80000 10.09691 0.7953097224 2.4170730114    0.732  2.440  3.6914  1.580    7  0.000  0.528     0.00     0.00 -1    -1e-30      0.00 7.514e-01 2.483e-01 4.548e-05 1.312e-05 1.151e-04 -1.000 2.553e-04 -1.331 -1.753 -2.185 -2.546 -3.063 -3.262 -3.302 -3.318 -3.319 -2.950 -3.309 -2.938 -3.219 -3.257 -3.270 -3.290 -3.308 -3.314 -3.320 -3.328 -3.324 -3.310 -3.313 -3.130
0.00024632 -1.80000 10.09691 0.7953200936 2.4170768261    0.732  2.482  3.6888  1.528    7  0.000  0.523     0.00     0.00 -1    -1e-30      0.00 7.514e-01 2.483e-01 4.518e-05 1.332e-05 1.151e-04 -1.000 2.562e-04 -1.434 -1.855 -2.292 -2.659 -3.182 -3.384 -3.424 -3.441 -3.441 -3.068 -3.432 -3.055 -3.340 -3.378 -3.392 -3.411 -3.430 -3.437 -3.443 -3.451 -3.446 -3.429 -3.433 -3.249
0.00024632 -1.80000 10.09691 0.7953295112 2.4170801640    0.732  2.523  3.6862  1.476    7  0.000  0.513     0.00     0.00 -1    -1e-30      0.00 7.513e-01 2.484e-01 4.447e-05 1.400e-05 1.151e-04 -1.000 2.682e-04 -1.537 -1.957 -2.401 -2.772 -3.301 -3.506 -3.547 -3.564 -3.563 -3.186 -3.554 -3.172 -3.461 -3.500 -3.514 -3.533 -3.553 -3.560 -3.566 -3.575 -3.569 -3.550 -3.554 -3.369
0.00024632 -1.80000 10.09691 0.7953380942 2.4170832634    0.732  2.564  3.6835  1.425    7  0.000  0.500     0.00     0.00 -1    -1e-30      0.00 7.513e-01 2.484e-01 4.345e-05 1.516e-05 1.151e-04 -1.000 2.682e-04 -1.641 -2.060 -2.510 -2.885 -3.420 -3.628 -3.669 -3.687 -3.685 -3.305 -3.677 -3.289 -3.582 -3.622 -3.636 -3.655 -3.676 -3.683 -3.690 -3.698 -3.692 -3.670 -3.675 -3.489
0.00024632 -1.80000 10.09691 0.7953461409 2.4170861244    0.732  2.606  3.6809  1.373    7  0.000  0.486     0.00     0.00 -1    -1e-30      0.00 7.513e-01 2.485e-01 4.231e-05 1.652e-05 1.151e-04 -1.000 2.681e-04 -1.744 -2.162 -2.618 -2.998 -3.539 -3.751 -3.792 -3.811 -3.808 -3.423 -3.801 -3.406 -3.703 -3.744 -3.759 -3.777 -3.799 -3.807 -3.813 -3.822 -3.815 -3.790 -3.796 -3.609
0.00024632 -1.80000 10.09691 0.7953535914 2.4170887470    0.732  2.647  3.6782  1.320    7  0.000  0.474     0.00     0.00 -1    -1e-30      0.00 7.512e-01 2.486e-01 4.124e-05 1.783e-05 1.151e-04 -1.000 2.161e-04 -1.848 -2.263 -2.726 -3.111 -3.658 -3.873 -3.915 -3.935 -3.930 -3.542 -3.924 -3.524 -3.825 -3.867 -3.881 -3.899 -3.923 -3.931 -3.937 -3.946 -3.938 -3.910 -3.917 -3.729
0.00024632 -1.80000 10.09691 0.7953608036 2.4170911312    0.732  2.688  3.6755  1.268    7  0.000  0.463     0.00     0.00 -1    -1e-30      0.00 7.510e-01 2.487e-01 4.028e-05 1.900e-05 1.151e-04 -1.000 2.682e-04 -1.951 -2.364 -2.833 -3.224 -3.777 -3.996 -4.038 -4.059 -4.052 -3.661 -4.047 -3.641 -3.946 -3.989 -4.004 -4.021 -4.047 -4.054 -4.061 -4.070 -4.062 -4.030 -4.037 -3.849
0.00024632 -1.80000 10.09691 0.7953675985 2.4170937538    0.732  2.729  3.6728  1.217    7  0.000  0.454     0.00     0.00 -1    -1e-30      0.00 7.509e-01 2.489e-01 3.946e-05 2.002e-05 1.151e-04 -1.000 2.682e-04 -2.053 -2.464 -2.940 -3.336 -3.895 -4.117 -4.160 -4.181 -4.174 -3.778 -4.169 -3.757 -4.066 -4.110 -4.126 -4.141 -4.170 -4.177 -4.184 -4.193 -4.184 -4.148 -4.157 -3.968
0.00024632 -1.80000 10.09691 0.7953740954 2.4170958996    0.732  2.771  3.6701  1.164    7  0.000  0.446     0.00     0.00 -1    -1e-30      0.00 7.507e-01 2.490e-01 3.876e-05 2.087e-05 1.151e-04 -1.000 2.683e-04 -2.157 -2.565 -3.048 -3.449 -4.014 -4.240 -4.283 -4.306 -4.296 -3.897 -4.293 -3.875 -4.188 -4.233 -4.249 -4.263 -4.294 -4.301 -4.308 -4.318 -4.308 -4.268 -4.277 -4.089
0.00024632 -1.80000 10.09691 0.7953799963 2.4170980453    0.732  2.813  3.6673  1.111    7  0.000  0.439     0.00     0.00 -1    -1e-30      0.00 7.506e-01 2.492e-01 3.814e-05 2.164e-05 1.151e-04 -1.000 2.682e-04 -2.261 -2.667 -3.157 -3.563 -4.135 -4.365 -4.408 -4.431 -4.421 -4.018 -4.418 -3.994 -4.312 -4.357 -4.374 -4.387 -4.419 -4.427 -4.434 -4.444 -4.433 -4.389 -4.399 -4.211
0.00024632 -1.80000 10.09691 0.7953849435 2.4170997143    0.732  2.853  3.6645  1.059    7  0.000  0.433     0.00     0.00 -1    -1e-30      0.00 7.504e-01 2.493e-01 3.763e-05 2.227e-05 1.150e-04 -1.000 2.682e-04 -2.364 -2.765 -3.263 -3.675 -4.254 -4.487 -4.530 -4.555 -4.542 -4.136 -4.541 -4.111 -4.432 -4.479 -4.496 -4.507 -4.543 -4.550 -4.558 -4.568 -4.556 -4.507 -4.519 -4.331
0.00024632 -1.80000 10.09691 0.7953890562 2.4171011448    0.732  2.894  3.6617  1.007    7  0.000  0.428     0.00     0.00 -1    -1e-30      0.00 7.502e-01 2.495e-01 3.719e-05 2.282e-05 1.149e-04 -1.000 2.682e-04 -2.466 -2.863 -3.369 -3.787 -4.373 -4.609 -4.652 -4.679 -4.664 -4.254 -4.663 -4.228 -4.553 -4.601 -4.619 -4.627 -4.666 -4.674 -4.681 -4.692 -4.679 -4.625 -4.638 -4.450
0.00024632 -1.80000 10.09691 0.7953925729 2.4171025753    0.732  2.935  3.6588  0.955    7  0.000  0.425     0.00     0.00 -1    -1e-30      0.00 7.500e-01 2.498e-01 3.680e-05 2.332e-05 1.148e-04 -1.000 2.162e-04 -2.567 -2.961 -3.475 -3.898 -4.491 -4.731 -4.774 -4.802 -4.786 -4.372 -4.786 -4.344 -4.674 -4.723 -4.741 -4.747 -4.789 -4.797 -4.805 -4.815 -4.802 -4.742 -4.757 -4.570
0.00024632 -1.80000 10.09691 0.7953959703 2.4171037674    0.732  2.976  3.6559  0.902    7  0.000  0.422     0.00     0.00 -1    -1e-30      0.00 7.499e-01 2.499e-01 3.648e-05 2.378e-05 1.147e-04 -1.000 2.681e-04 -2.670 -3.059 -3.582 -4.011 -4.612 -4.855 -4.898 -4.927 -4.909 -4.492 -4.911 -4.462 -4.796 -4.846 -4.865 -4.868 -4.914 -4.922 -4.930 -4.941 -4.926 -4.862 -4.878 -4.691
0.00024632 -1.80000 10.09691 0.7953993082 2.4171049595    0.732  3.020  3.6528  0.846    7  0.000  0.419     0.00     0.00 -1    -1e-30      0.00 7.497e-01 2.501e-01 3.622e-05 2.418e-05 1.145e-04 -1.000 2.682e-04 -2.779 -3.162 -3.694 -4.131 -4.739 -4.986 -5.029 -5.061 -5.040 -4.619 -5.043 -4.588 -4.926 -4.977 -4.997 -4.997 -5.047 -5.056 -5.063 -5.075 -5.059 -4.989 -5.007 -4.819
0.00024632 -1.80000 10.09691 0.7954022884 2.4171059132    0.732  3.064  3.6496  0.789    7  0.000  0.418     0.00     0.00 -1    -1e-30      0.00 7.495e-01 2.502e-01 3.599e-05 2.457e-05 1.143e-04 -1.000 2.682e-04 -2.891 -3.265 -3.808 -4.252 -4.869 -5.121 -5.163 -5.198 -5.175 -4.748 -5.178 -4.716 -5.058 -5.112 -5.132 -5.129 -5.184 -5.192 -5.200 -5.212 -5.196 -5.119 -5.138 -4.951
0.00024632 -1.80000 10.09691 0.7954033613 2.4171063900    0.732  3.077  3.6485  0.772    7  0.000  0.417     0.00     0.00 -1    -1e-30      0.00 7.495e-01 2.503e-01 3.590e-05 2.475e-05 1.142e-04 -1.000 2.683e-04 -2.923 -3.294 -3.840 -4.288 -4.907 -5.160 -5.202 -5.238 -5.214 -4.786 -5.218 -4.753 -5.097 -5.151 -5.171 -5.167 -5.224 -5.232 -5.240 -5.252 -5.236 -5.157 -5.177 -4.989
0.00024632 -1.80000 10.09691 0.7954035401 2.4171063900    0.732  3.107  3.6463  0.733    7  0.000  0.416     0.00     0.00 -1    -1e-30      0.00 7.494e-01 2.504e-01 3.580e-05 2.498e-05 1.140e-04 -1.000 2.681e-04 -2.999 -3.363 -3.917 -4.370 -4.995 -5.251 -5.293 -5.330 -5.306 -4.874 -5.309 -4.839 -5.187 -5.242 -5.263 -5.255 -5.316 -5.324 -5.333 -5.345 -5.328 -5.245 -5.266 -5.078
0.00024632 -1.80000 10.09691 0.7954038978 2.4171063900    0.732  3.147  3.6434  0.682    7  0.000  0.415     0.00     0.00 -1    -1e-30      0.00 7.491e-01 2.507e-01 3.558e-05 2.557e-05 1.136e-04 -1.000 2.682e-04 -3.097 -3.452 -4.017 -4.477 -5.110 -5.370 -5.412 -5.451 -5.425 -4.988 -5.429 -4.952 -5.304 -5.361 -5.382 -5.371 -5.436 -5.445 -5.454 -5.466 -5.449 -5.360 -5.382 -5.194
0.00024632 -1.80000 10.09691 0.7954042554 2.4171066284    0.732  3.183  3.6406  0.634    7  0.000  0.414     0.00     0.00 -1    -1e-30      0.00 7.488e-01 2.509e-01 3.536e-05 2.618e-05 1.132e-04 -1.000 2.682e-04 -3.188 -3.535 -4.109 -4.577 -5.218 -5.482 -5.523 -5.564 -5.536 -5.095 -5.541 -5.058 -5.414 -5.472 -5.494 -5.479 -5.549 -5.558 -5.567 -5.580 -5.562 -5.467 -5.490 -5.303
0.00024632 -1.80000 10.09691 0.7954045534 2.4171066284    0.732  3.414  3.6091  0.277    8  0.549  0.390    94.16    44.54  1 -1.36e-06      0.00 7.290e-01 2.706e-01 6.375e-05 5.931e-05 2.177e-04 -1.000 3.690e-04 -3.766 -3.952 -4.654 -5.216 -5.956 -6.280 -6.310 -6.381 -6.343 -5.833 -6.342 -5.768 -6.182 -6.266 -6.297 -6.238 -6.361 -6.372 -6.385 -6.403 -6.380 -6.242 -6.272 -6.055
0.00024632 -1.80000 10.09691 0.7954046130 2.4171068668    0.732  3.278  3.6173  0.446    8  0.549  0.390    65.44    32.52  1 -7.29e-07      0.00 7.290e-01 2.706e-01 6.375e-05 5.931e-05 2.177e-04 -1.000 3.690e-04 -3.426 -3.666 -4.324 -4.857 -5.573 -5.880 -5.913 -5.974 -5.936 -5.449 -5.940 -5.392 -5.792 -5.868 -5.896 -5.848 -5.957 -5.966 -5.976 -5.994 -5.971 -5.842 -5.872 -5.669
0.00024632 -1.80000 10.09691 0.7954046726 2.4171068668    0.732  3.133  3.6305  0.644    8  0.549  0.390    42.67    22.46  1 -3.67e-07      0.00 7.290e-01 2.706e-01 6.375e-05 5.931e-05 2.177e-04 -1.000 3.690e-04 -3.062 -3.368 -3.972 -4.466 -5.141 -5.423 -5.461 -5.510 -5.477 -5.017 -5.482 -4.971 -5.347 -5.412 -5.437 -5.408 -5.494 -5.503 -5.512 -5.527 -5.507 -5.397 -5.423 -5.230
0.00024632 -1.80000 10.09691 0.7954048514 2.4171068668    0.732  2.929  3.6491  0.922    8  0.549  0.390    23.43    13.37  1 -1.35e-07      0.00 7.290e-01 2.706e-01 6.375e-05 5.931e-05 2.177e-04 -1.000 3.690e-04 -2.552 -2.922 -3.462 -3.908 -4.529 -4.783 -4.824 -4.859 -4.836 -4.408 -4.839 -4.374 -4.719 -4.774 -4.793 -4.790 -4.845 -4.853 -4.861 -4.873 -4.857 -4.780 -4.799 -4.611
0.00024632 -1.80000 10.09691 0.7954050303 2.4171068668    0.731  2.934  3.6486  0.914    8  0.549  0.390    23.81    13.55  1 -1.39e-07      0.00 7.290e-01 2.706e-01 6.375e-05 5.931e-05 2.177e-04 -1.000 3.690e-04 -2.565 -2.933 -3.475 -3.922 -4.544 -4.798 -4.840 -4.875 -4.852 -4.423 -4.855 -4.388 -4.735 -4.789 -4.809 -4.805 -4.861 -4.869 -4.877 -4.889 -4.873 -4.795 -4.815 -4.626
0.00024632 -1.80000 10.09691 0.7954052687 2.4171071053    0.730  3.021  3.6407  0.795    8  0.550  0.390    30.79    16.90  1 -2.15e-07      0.00 7.290e-01 2.706e-01 6.375e-05 5.931e-05 2.177e-04 -1.000 3.690e-04 -2.782 -3.127 -3.695 -4.161 -4.805 -5.071 -5.111 -5.152 -5.124 -4.683 -5.129 -4.644 -5.003 -5.061 -5.083 -5.069 -5.138 -5.146 -5.155 -5.168 -5.150 -5.057 -5.080 -4.891
0.00024632 -1.80000 10.09691 0.7954056263 2.4171071053    0.729  3.174  3.6267  0.586    8  0.550  0.390    48.41    24.97  1 -4.53e-07      0.00 7.290e-01 2.706e-01 6.375e-05 5.931e-05 2.177e-04 -1.000 3.690e-04 -3.164 -3.455 -4.073 -4.578 -5.264 -5.553 -5.589 -5.642 -5.606 -5.139 -5.612 -5.091 -5.474 -5.541 -5.567 -5.532 -5.625 -5.634 -5.644 -5.659 -5.638 -5.521 -5.549 -5.355
0.00024632 -1.80000 10.09691 0.7954059839 2.4171073437    0.728  3.308  3.6145  0.402    8  0.550  0.390    72.02    35.15  1 -8.53e-07      0.00 7.290e-01 2.706e-01 6.375e-05 5.931e-05 2.177e-04 -1.000 3.690e-04 -3.500 -3.723 -4.395 -4.937 -5.662 -5.975 -6.006 -6.070 -6.032 -5.538 -6.035 -5.478 -5.884 -5.962 -5.991 -5.939 -6.053 -6.063 -6.073 -6.091 -6.068 -5.935 -5.965 -5.759
0.00024632 -1.80000 10.09691 0.7954064012 2.4171073437    0.726  3.397  3.6063  0.279    8  0.551  0.390    93.80    44.11  1 -1.29e-06      0.00 7.290e-01 2.706e-01 6.375e-05 5.931e-05 2.177e-04 -1.000 3.690e-04 -3.722 -3.890 -4.603 -5.173 -5.923 -6.254 -6.283 -6.355 -6.317 -5.800 -6.316 -5.731 -6.154 -6.239 -6.271 -6.209 -6.335 -6.347 -6.359 -6.378 -6.355 -6.215 -6.246 -6.024
0.00024632 -1.80000 10.09691 0.7954068780 2.4171075821    0.725  3.446  3.6018  0.212    8  0.551  0.390   108.67    50.00  1 -1.63e-06      0.00 7.290e-01 2.706e-01 6.375e-05 5.931e-05 2.177e-04 -1.000 3.690e-04 -3.844 -3.980 -4.716 -5.301 -6.066 -6.408 -6.435 -6.513 -6.475 -5.945 -6.471 -5.870 -6.302 -6.393 -6.426 -6.358 -6.491 -6.504 -6.517 -6.537 -6.514 -6.370 -6.401 -6.169
0.00024632 -1.80000 10.09691 0.7954074144 2.4171078205    0.723  3.471  3.5995  0.176    8  0.552  0.390   117.41    53.35  1 -1.84e-06      0.00 7.290e-01 2.706e-01 6.375e-05 5.931e-05 2.177e-04 -1.000 3.690e-04 -3.907 -4.025 -4.774 -5.367 -6.140 -6.487 -6.514 -6.594 -6.557 -6.019 -6.551 -5.941 -6.379 -6.472 -6.505 -6.435 -6.571 -6.585 -6.598 -6.618 -6.596 -6.451 -6.482 -6.245
0.00024632 -1.80000 10.09691 0.7954080105 2.4171080589    0.721  3.487  3.5984  0.154    8  0.552  0.390   123.14    55.47  0 -1.99e-06      0.00 7.290e-01 2.706e-01 6.375e-05 5.931e-05 2.177e-04 -1.000 3.690e-04 -3.948 -4.057 -4.812 -5.409 -6.186 -6.536 -6.562 -6.643 -6.606 -6.065 -6.599 -5.986 -6.426 -6.520 -6.554 -6.482 -6.620 -6.634 -6.648 -6.668 -6.646 -6.500 -6.532 -6.291
0.00024632 -1.80000 10.09691 0.7954102755 2.4171087742    0.554 -9.999  4.0000  1.705    9  0.554  0.000     0.00     0.00 -1    -1e-30      0.00 7.290e-01 2.706e-01 6.375e-05 5.931e-05 2.177e-04 -1.000 3.690e-04 29.767 30.066 30.053 30.101 30.105 30.107 30.107 30.112 30.108 30.102 30.109 30.112 30.092 30.100 30.112 30.113 30.108 30.113 30.113 30.107 30.108 30.106 30.110 30.102
#isochrone terminated
