# File generated by CMD 3.3 (http://stev.oapd.inaf.it/cmd) on Fri Nov 20 18:04:57 CET 2020
# isochrones based on PARSEC release v1.2S +  COLIBRI S_35
# Basic references: Bressan et al. (2012), MNRAS, 427, 127 + Chen et al. (2014, 2015), MNRAS, 444, 2525 + MNRAS, 452, 1068 + Tang et al. (2014), MNRAS, 445, 4287 + Marigo et al. (2017), ApJ, 835, 77 + Pastorelli al. (2019), MNRAS in press
# Thermal pulse cycles included 
# On RGB, assumed Reimers mass loss with efficiency eta=0.2
# Photometric system: JWST NIRCam wide+verywide+medium filters, Vegamags
# Using OBC version of bolometric corrections as detailed in Marigo et al. (2008, A&A 482, 883) and Girardi et al. (2008, PASP 120, 583
# O-rich circumstellar dpmod60alox40 dust from Groenewegen (2006)
# C-rich circumstellar AMCSIC15 dust from Groenewegen (2006)
# IMF: Kroupa (2001, 2002) + Kroupa et al. (2013) canonical two-part-power law IMF corrected for unresolved binaries 
# Kind of output: isochrone tables
# Zini     MH   logAge Mini        int_IMF         Mass   logL    logTe  logg  label   McoreTP C_O  period0 period1 pmode  Mloss  tau1m   X   Y   Xc  Xn  Xo  Cexcess  Z 	 mbolmag  F070Wmag  F090Wmag  F115Wmag  F150Wmag  F200Wmag  F277Wmag  F356Wmag  F444Wmag  F150W2mag  F322W2mag  F140Mmag  F162Mmag  F182Mmag  F210Mmag  F250Mmag  F300Mmag  F335Mmag  F360Mmag  F410Mmag  F430Mmag  F460Mmag  F480Mmag  F150WS60mag
5.913e-05 -2.19174 10.17609 0.1000000015 1.1711064577    0.100 -2.777  3.5593  5.404    1  0.000  0.545     0.00     0.00 -1 -1.78e-26      0.00 7.439e-01 2.560e-01 1.798e-05 4.851e-06 4.400e-05 -1.000 1.000e-04 11.713 11.565 10.768 10.193 9.614 9.345 9.192 8.990 8.930 9.714 9.100 9.743 9.441 9.382 9.303 9.245 9.147 9.029 8.963 8.909 8.916 8.961 8.921 9.540
5.913e-05 -2.19174 10.17609 0.1098214313 1.2482755184    0.109 -2.628  3.5745  5.355    1  0.000  0.545     0.00     0.00 -1 -1.65e-24      0.00 7.417e-01 2.582e-01 1.798e-05 4.851e-06 4.400e-05 -1.000 9.993e-05 11.341 11.128 10.393 9.846 9.283 9.014 8.868 8.681 8.622 9.379 8.784 9.409 9.114 9.049 8.976 8.919 8.828 8.718 8.655 8.602 8.609 8.650 8.616 9.211
5.913e-05 -2.19174 10.17609 0.1294642836 1.3786746264    0.129 -2.385  3.5970  5.273    1  0.000  0.545     0.00     0.00 -1 -1.12e-21      0.00 7.380e-01 2.619e-01 1.798e-05 4.851e-06 4.400e-05 -1.000 1.000e-04 10.732 10.406 9.756 9.265 8.733 8.511 8.387 8.191 8.131 8.839 8.299 8.854 8.578 8.535 8.484 8.433 8.350 8.226 8.166 8.119 8.119 8.147 8.133 8.667
5.913e-05 -2.19174 10.17609 0.1491071582 1.4855960608    0.149 -2.220  3.6082  5.215    1  0.000  0.545     0.00     0.00 -1 -4.03e-23      0.00 7.360e-01 2.639e-01 1.798e-05 4.851e-06 4.400e-05 -1.000 1.000e-04 10.319 9.973 9.353 8.881 8.355 8.118 7.993 7.831 7.777 8.455 7.920 8.477 8.197 8.143 8.091 8.036 7.960 7.859 7.810 7.767 7.767 7.789 7.776 8.287
5.913e-05 -2.19174 10.17609 0.1687500030 1.5756140947    0.168 -2.093  3.6155  5.170    1  0.000  0.545     0.00     0.00 -1 -5.54e-26      0.00 7.352e-01 2.647e-01 1.798e-05 4.851e-06 4.400e-05 -1.000 9.999e-05 10.002 9.646 9.042 8.583 8.061 7.814 7.686 7.546 7.498 8.157 7.624 8.182 7.902 7.840 7.786 7.726 7.655 7.571 7.529 7.490 7.488 7.507 7.495 7.993
5.913e-05 -2.19174 10.17609 0.2080357224 1.7204496861    0.207 -1.891  3.6264  5.103    1  0.000  0.545     0.00     0.00 -1 -2.65e-20      0.00 7.350e-01 2.649e-01 1.798e-05 4.851e-06 4.400e-05 -1.000 9.996e-05 9.496 9.124 8.546 8.106 7.592 7.333 7.199 7.093 7.051 7.682 7.152 7.712 7.434 7.361 7.304 7.236 7.171 7.112 7.081 7.046 7.044 7.057 7.046 7.524
5.913e-05 -2.19174 10.17609 0.2571428716 1.8581268787    0.257 -1.705  3.6365  5.050    1  0.000  0.545     0.00     0.00 -1 -3.26e-26      0.00 7.354e-01 2.645e-01 1.798e-05 4.852e-06 4.400e-05 -1.000 1.001e-04 9.032 8.642 8.088 7.667 7.167 6.912 6.780 6.689 6.651 7.254 6.740 7.284 7.014 6.939 6.884 6.814 6.754 6.705 6.679 6.647 6.645 6.654 6.644 7.101
5.913e-05 -2.19174 10.17609 0.3062500358 1.9652637243    0.306 -1.561  3.6450  5.016    1  0.000  0.544     0.00     0.00 -1 -2.97e-26      0.00 7.351e-01 2.648e-01 1.797e-05 4.852e-06 4.400e-05 -1.000 1.001e-04 8.672 8.268 7.734 7.327 6.840 6.590 6.461 6.381 6.345 6.926 6.426 6.954 6.691 6.617 6.563 6.493 6.436 6.395 6.372 6.343 6.340 6.346 6.337 6.776
5.913e-05 -2.19174 10.17609 0.3553571701 2.0521113873    0.355 -1.438  3.6529  4.990    1  0.000  0.544     0.00     0.00 -1 -7.13e-25      0.00 7.361e-01 2.638e-01 1.795e-05 4.853e-06 4.400e-05 -1.000 9.999e-05 8.365 7.948 7.432 7.040 6.564 6.320 6.194 6.123 6.090 6.650 6.163 6.675 6.420 6.347 6.293 6.224 6.171 6.136 6.115 6.089 6.086 6.089 6.082 6.503
5.913e-05 -2.19174 10.17609 0.4044643044 2.1246092319    0.404 -1.312  3.6615  4.955    1  0.000  0.545     0.00     0.00 -1 -3.81e-27      0.00 7.499e-01 2.500e-01 1.798e-05 4.851e-06 4.400e-05 -1.000 9.999e-05 8.051 7.626 7.129 6.751 6.285 6.050 5.930 5.866 5.835 6.371 5.902 6.393 6.144 6.075 6.025 5.958 5.908 5.878 5.859 5.834 5.831 5.833 5.827 6.225
5.913e-05 -2.19174 10.17609 0.4176896811 2.1421973705    0.417 -1.270  3.6654  4.942    1  0.000  0.545     0.00     0.00 -1  -4.7e-24      0.00 7.501e-01 2.498e-01 1.798e-05 4.851e-06 4.400e-05 -1.000 1.001e-04 7.945 7.517 7.029 6.656 6.195 5.964 5.846 5.786 5.755 6.281 5.820 6.302 6.055 5.988 5.940 5.875 5.825 5.797 5.779 5.756 5.752 5.753 5.748 6.135
5.913e-05 -2.19174 10.17609 0.4535714388 2.1864814758    0.453 -1.162  3.6753  4.909    1  0.000  0.545     0.00     0.00 -1 -1.91e-16      0.00 7.507e-01 2.492e-01 1.798e-05 4.851e-06 4.400e-05 -1.000 9.999e-05 7.674 7.239 6.773 6.415 5.965 5.745 5.635 5.582 5.553 6.052 5.612 6.069 5.829 5.766 5.723 5.661 5.616 5.592 5.576 5.554 5.551 5.550 5.546 5.906
5.913e-05 -2.19174 10.17609 0.5026785731 2.2401986122    0.502 -0.991  3.6906  4.844    1  0.000  0.545     0.00     0.00 -1 -9.67e-22      0.00 7.531e-01 2.468e-01 1.783e-05 4.810e-06 4.363e-05 -1.000 1.000e-04 7.246 6.809 6.375 6.039 5.603 5.400 5.304 5.260 5.236 5.692 5.285 5.703 5.473 5.418 5.381 5.326 5.289 5.269 5.256 5.238 5.234 5.231 5.229 5.547
5.913e-05 -2.19174 10.17609 0.5517857671 2.2851314545    0.551 -0.774  3.7113  4.750    1  0.000  0.544     0.00     0.00 -1 -3.33e-26      0.00 7.937e-01 2.062e-01 1.508e-05 4.074e-06 3.697e-05 -1.000 1.000e-04 6.705 6.278 5.884 5.574 5.156 4.976 4.898 4.867 4.847 5.247 4.885 5.251 5.033 4.989 4.960 4.916 4.887 4.873 4.863 4.850 4.847 4.841 4.842 5.103
5.913e-05 -2.19174 10.17609 0.5662162304 2.2966434956    0.566 -0.706  3.7194  4.726    1  0.000  0.544     0.00     0.00 -1    -8e-24      0.00 7.984e-01 2.015e-01 1.477e-05 3.991e-06 3.622e-05 -1.000 9.947e-05 6.535 6.116 5.737 5.437 5.026 4.855 4.784 4.757 4.740 5.118 4.773 5.119 4.907 4.867 4.841 4.800 4.775 4.763 4.754 4.742 4.740 4.733 4.736 4.975
5.913e-05 -2.19174 10.17609 0.6008928418 2.3217256069    0.600 -0.548  3.7385  4.670    1  0.000  0.543     0.00     0.00 -1 -2.24e-18      0.00 8.096e-01 1.903e-01 1.405e-05 3.796e-06 3.448e-05 -1.000 9.838e-05 6.139 5.743 5.399 5.121 4.728 4.577 4.522 4.505 4.493 4.822 4.515 4.816 4.617 4.585 4.566 4.534 4.517 4.509 4.503 4.495 4.493 4.486 4.491 4.680
5.913e-05 -2.19174 10.17609 0.6088392735 2.3270125389    0.608 -0.508  3.7435  4.657    1  0.000  0.543     0.00     0.00 -1 -1.01e-27      0.00 8.129e-01 1.870e-01 1.384e-05 3.740e-06 3.397e-05 -1.000 9.230e-05 6.041 5.653 5.317 5.045 4.656 4.511 4.460 4.445 4.434 4.751 4.453 4.743 4.547 4.518 4.501 4.471 4.455 4.448 4.443 4.435 4.434 4.428 4.432 4.609
5.913e-05 -2.19174 10.17609 0.6182590127 2.3330776691    0.618 -0.461  3.7494  4.639    1  0.000  0.543     0.00     0.00 -1 -1.51e-24      0.00 8.170e-01 1.830e-01 1.357e-05 3.670e-06 3.334e-05 -1.000 1.760e-05 5.922 5.543 5.218 4.952 4.569 4.430 4.384 4.371 4.361 4.664 4.378 4.655 4.462 4.436 4.421 4.393 4.380 4.374 4.370 4.362 4.361 4.356 4.360 4.524
5.913e-05 -2.19174 10.17609 0.6273137927 2.3387110233    0.627 -0.414  3.7550  4.621    1  0.000  0.543     0.00     0.00 -1 -1.57e-21      0.00 8.211e-01 1.789e-01 1.331e-05 3.600e-06 3.271e-05 -1.000 4.445e-05 5.806 5.436 5.120 4.861 4.484 4.350 4.308 4.298 4.289 4.579 4.304 4.567 4.379 4.356 4.342 4.317 4.305 4.301 4.297 4.290 4.289 4.284 4.288 4.439
5.913e-05 -2.19174 10.17609 0.6359373331 2.3439047337    0.636 -0.369  3.7602  4.603    1  0.000  0.542     0.00     0.00 -1 -1.09e-18      0.00 8.252e-01 1.748e-01 1.305e-05 3.529e-06 3.208e-05 -1.000 3.180e-05 5.693 5.332 5.024 4.771 4.400 4.272 4.234 4.225 4.217 4.495 4.230 4.482 4.298 4.277 4.264 4.241 4.232 4.228 4.224 4.218 4.217 4.212 4.216 4.357
5.913e-05 -2.19174 10.17609 0.6441848874 2.3487226963    0.644 -0.325  3.7651  4.584    1  0.000  0.542     0.00     0.00 -1 -5.36e-16      0.00 8.293e-01 1.707e-01 1.278e-05 3.459e-06 3.145e-05 -1.000 6.375e-05 5.582 5.230 4.930 4.683 4.318 4.194 4.159 4.153 4.145 4.412 4.156 4.397 4.218 4.199 4.187 4.166 4.158 4.155 4.152 4.146 4.145 4.140 4.144 4.275
5.913e-05 -2.19174 10.17609 0.6499999762 2.3520355225    0.650 -0.293  3.7685  4.569    1  0.000  0.542     0.00     0.00 -1 -7.37e-24      0.00 8.322e-01 1.677e-01 1.259e-05 3.408e-06 3.099e-05 -1.000 1.000e-04 5.502 5.156 4.862 4.619 4.257 4.137 4.105 4.099 4.092 4.352 4.102 4.336 4.159 4.142 4.131 4.111 4.104 4.101 4.098 4.092 4.092 4.087 4.092 4.215
5.913e-05 -2.19174 10.17609 0.6531742215 2.3538150787    0.653 -0.275  3.7703  4.561    1  0.000  0.542     0.00     0.00 -1 -1.27e-29      0.00 8.343e-01 1.656e-01 1.246e-05 3.372e-06 3.067e-05 -1.000 9.544e-05 5.458 5.114 4.823 4.582 4.223 4.105 4.074 4.069 4.062 4.318 4.072 4.301 4.126 4.109 4.099 4.080 4.074 4.071 4.068 4.062 4.062 4.057 4.061 4.181
5.913e-05 -2.19174 10.17609 0.6606724858 2.3579411507    0.660 -0.231  3.7747  4.540    1  0.000  0.541     0.00     0.00 -1 -4.92e-27      0.00 8.393e-01 1.606e-01 1.213e-05 3.286e-06 2.990e-05 -1.000 7.933e-05 5.348 5.013 4.729 4.493 4.139 4.025 3.997 3.993 3.986 4.233 3.995 4.216 4.044 4.029 4.020 4.002 3.997 3.995 3.992 3.987 3.986 3.982 3.986 4.098
5.913e-05 -2.19174 10.17609 0.6695475578 2.3626875877    0.669 -0.177  3.7798  4.512    1  0.000  0.540     0.00     0.00 -1  -5.4e-24      0.00 8.455e-01 1.544e-01 1.173e-05 3.180e-06 2.895e-05 -1.000 8.212e-05 5.212 4.886 4.610 4.380 4.033 3.925 3.900 3.896 3.890 4.127 3.898 4.108 3.940 3.928 3.921 3.904 3.900 3.898 3.895 3.891 3.890 3.886 3.890 3.993
5.913e-05 -2.19174 10.17609 0.6777190566 2.3669314384    0.677 -0.123  3.7846  4.482    1  0.000  0.540     0.00     0.00 -1 -3.25e-21      0.00 8.513e-01 1.487e-01 1.137e-05 3.083e-06 2.808e-05 -1.000 9.403e-05 5.078 4.760 4.492 4.268 3.928 3.825 3.801 3.799 3.793 4.021 3.801 4.001 3.838 3.827 3.821 3.805 3.803 3.801 3.798 3.794 3.793 3.789 3.793 3.889
5.913e-05 -2.19174 10.17609 0.6851462722 2.3706882000    0.685 -0.072  3.7888  4.452    1  0.000  0.539     0.00     0.00 -1 -1.06e-18      0.00 8.565e-01 1.435e-01 1.105e-05 2.999e-06 2.733e-05 -1.000 5.886e-05 4.949 4.637 4.376 4.157 3.824 3.725 3.704 3.702 3.697 3.917 3.703 3.895 3.737 3.728 3.722 3.707 3.705 3.704 3.702 3.697 3.697 3.692 3.696 3.787
5.913e-05 -2.19174 10.17609 0.6925485730 2.3743400574    0.692 -0.016  3.7929  4.418    1  0.000  0.539     0.00     0.00 -1 -1.47e-16      0.00 8.614e-01 1.386e-01 1.075e-05 2.920e-06 2.662e-05 -1.000 4.938e-05 4.810 4.504 4.251 4.036 3.711 3.616 3.596 3.595 3.589 3.803 3.596 3.780 3.626 3.618 3.613 3.599 3.598 3.597 3.595 3.590 3.589 3.585 3.589 3.674
5.913e-05 -2.19174 10.17609 0.6991492510 2.3775217533    0.699  0.037  3.7964  4.383    1  0.000  0.538     0.00     0.00 -1 -1.76e-22      0.00 8.656e-01 1.343e-01 1.051e-05 2.855e-06 2.604e-05 -1.000 9.829e-05 4.676 4.375 4.128 3.918 3.598 3.507 3.488 3.488 3.482 3.689 3.488 3.666 3.516 3.509 3.504 3.491 3.490 3.489 3.487 3.483 3.482 3.478 3.482 3.563
5.913e-05 -2.19174 10.17609 0.6999999881 2.3779268265    0.699  0.045  3.7969  4.378    1  0.000  0.538     0.00     0.00 -1  -3.6e-24      0.00 8.661e-01 1.338e-01 1.048e-05 2.847e-06 2.597e-05 -1.000 1.000e-04 4.658 4.358 4.111 3.902 3.583 3.492 3.474 3.473 3.468 3.674 3.473 3.650 3.501 3.494 3.489 3.476 3.476 3.474 3.472 3.468 3.468 3.463 3.467 3.548
5.913e-05 -2.19174 10.17609 0.7021204233 2.3789315224    0.702  0.062  3.7979  4.365    1  0.000  0.537     0.00     0.00 -1 -3.38e-28      0.00 8.670e-01 1.329e-01 1.043e-05 2.837e-06 2.589e-05 -1.000 1.000e-04 4.614 4.315 4.070 3.861 3.545 3.455 3.437 3.436 3.431 3.636 3.437 3.611 3.464 3.457 3.452 3.440 3.439 3.438 3.435 3.431 3.431 3.427 3.431 3.510
5.913e-05 -2.19174 10.17609 0.7096903920 2.3824617863    0.709  0.133  3.8015  4.314    1  0.000  0.536     0.00     0.00 -1 -2.73e-27      0.00 8.692e-01 1.307e-01 1.032e-05 2.815e-06 2.569e-05 -1.000 9.051e-05 4.438 4.144 3.905 3.701 3.391 3.305 3.288 3.287 3.282 3.481 3.287 3.455 3.312 3.306 3.302 3.290 3.290 3.288 3.286 3.282 3.282 3.278 3.282 3.357
5.913e-05 -2.19174 10.17609 0.7167636156 2.3856832981    0.716  0.206  3.8045  4.256    1  0.000  0.534     0.00     0.00 -1 -8.75e-25      0.00 8.699e-01 1.300e-01 1.030e-05 2.815e-06 2.571e-05 -1.000 8.772e-05 4.254 3.963 3.729 3.529 3.225 3.142 3.125 3.125 3.120 3.314 3.125 3.288 3.149 3.143 3.139 3.128 3.127 3.126 3.124 3.120 3.120 3.116 3.120 3.192
5.913e-05 -2.19174 10.17609 0.7217381597 2.3879053593    0.721  0.264  3.8060  4.208    1  0.000  0.533     0.00     0.00 -1  -5.1e-23      0.00 8.704e-01 1.295e-01 1.029e-05 2.815e-06 2.572e-05 -1.000 9.996e-05 4.110 3.821 3.590 3.392 3.091 3.009 2.993 2.993 2.988 3.179 2.993 3.153 3.016 3.010 3.006 2.996 2.995 2.994 2.992 2.988 2.988 2.984 2.988 3.058
5.913e-05 -2.19174 10.17609 0.7260556817 2.3898055553    0.725  0.319  3.8067  4.158    1  0.000  0.533     0.00     0.00 -1 -1.76e-21      0.00 8.707e-01 1.292e-01 1.029e-05 2.817e-06 2.575e-05 -1.000 1.000e-04 3.973 3.684 3.455 3.257 2.958 2.877 2.861 2.861 2.856 3.046 2.861 3.019 2.883 2.878 2.874 2.864 2.863 2.862 2.860 2.856 2.856 2.851 2.855 2.925
5.913e-05 -2.19174 10.17609 0.7270609140 2.3902442455    0.726  0.332  3.8067  4.146    1  0.000  0.532     0.00     0.00 -1 -4.03e-21      0.00 8.707e-01 1.292e-01 1.029e-05 2.818e-06 2.576e-05 -1.000 1.000e-04 3.939 3.650 3.421 3.224 2.925 2.843 2.828 2.827 2.822 3.013 2.828 2.986 2.850 2.845 2.840 2.831 2.830 2.829 2.826 2.822 2.822 2.818 2.822 2.892
5.913e-05 -2.19174 10.17609 0.7283316851 2.3907968998    0.728  0.351  3.8064  4.126    1  0.000  0.532     0.00     0.00 -1 -1.15e-20      0.00 8.708e-01 1.291e-01 1.029e-05 2.819e-06 2.577e-05 -1.000 1.000e-04 3.892 3.602 3.373 3.175 2.876 2.794 2.779 2.778 2.773 2.963 2.778 2.937 2.801 2.795 2.791 2.781 2.781 2.779 2.777 2.773 2.773 2.769 2.773 2.843
5.913e-05 -2.19174 10.17609 0.7317793965 2.3922851086    0.731  0.406  3.8044  4.065    1  0.000  0.532     0.00     0.00 -1 -2.03e-19      0.00 8.709e-01 1.290e-01 1.029e-05 2.823e-06 2.581e-05 -1.000 1.000e-04 3.754 3.461 3.228 3.027 2.725 2.641 2.626 2.624 2.619 2.813 2.625 2.787 2.649 2.642 2.638 2.628 2.628 2.626 2.624 2.619 2.619 2.615 2.619 2.692
5.913e-05 -2.19174 10.17609 0.7341876626 2.3933150768    0.733  0.450  3.8014  4.011    1  0.000  0.531     0.00     0.00 -1 -1.55e-18      0.00 8.710e-01 1.289e-01 1.029e-05 2.825e-06 2.583e-05 -1.000 1.000e-04 3.645 3.347 3.109 2.905 2.597 2.511 2.495 2.493 2.488 2.686 2.494 2.661 2.520 2.512 2.508 2.498 2.497 2.495 2.493 2.488 2.488 2.484 2.488 2.563
5.913e-05 -2.19174 10.17609 0.7347007394 2.3935334682    0.734  0.460  3.8007  3.999    1  0.000  0.531     0.00     0.00 -1 -2.39e-18      0.00 8.710e-01 1.289e-01 1.029e-05 2.825e-06 2.584e-05 -1.000 1.000e-04 3.621 3.322 3.083 2.878 2.569 2.482 2.466 2.464 2.459 2.658 2.465 2.633 2.491 2.483 2.479 2.469 2.468 2.466 2.464 2.459 2.459 2.455 2.459 2.535
5.913e-05 -2.19174 10.17609 0.7356625199 2.3939418793    0.735  0.481  3.7983  3.968    2  0.000  0.531     0.00     0.00 -1 -5.48e-18      0.00 8.710e-01 1.289e-01 1.029e-05 2.826e-06 2.585e-05 -1.000 1.000e-04 3.568 3.264 3.022 2.814 2.500 2.411 2.394 2.393 2.388 2.590 2.394 2.565 2.421 2.412 2.408 2.397 2.396 2.395 2.392 2.388 2.388 2.383 2.387 2.466
5.913e-05 -2.19174 10.17609 0.7372356057 2.3946073055    0.736  0.520  3.7930  3.910    2  0.000  0.531     0.00     0.00 -1 -2.15e-17      0.00 8.711e-01 1.288e-01 1.029e-05 2.828e-06 2.586e-05 -1.000 9.994e-05 3.471 3.160 2.909 2.694 2.371 2.277 2.259 2.257 2.251 2.462 2.258 2.438 2.288 2.278 2.274 2.262 2.261 2.259 2.256 2.252 2.251 2.246 2.250 2.335
5.913e-05 -2.19174 10.17609 0.7384619117 2.3951239586    0.737  0.555  3.7866  3.849    2  0.000  0.531     0.00     0.00 -1 -6.45e-17      0.00 8.704e-01 1.295e-01 1.035e-05 2.844e-06 2.601e-05 -1.000 1.000e-04 3.381 3.061 2.800 2.576 2.242 2.141 2.122 2.119 2.113 2.334 2.121 2.312 2.154 2.143 2.138 2.125 2.123 2.121 2.119 2.114 2.113 2.108 2.112 2.203
5.913e-05 -2.19174 10.17609 0.7394442558 2.3955364227    0.738  0.589  3.7794  3.786    2  0.000  0.531     0.00     0.00 -1 -1.59e-16      0.00 8.659e-01 1.340e-01 1.068e-05 2.933e-06 2.682e-05 -1.000 8.646e-05 3.297 2.967 2.694 2.460 2.112 2.005 1.984 1.981 1.974 2.207 1.982 2.187 2.019 2.007 2.001 1.988 1.984 1.983 1.980 1.975 1.974 1.969 1.973 2.072
5.913e-05 -2.19174 10.17609 0.7402569652 2.3958764076    0.739  0.621  3.7719  3.725    2  0.000  0.531     0.00     0.00 -1 -3.44e-16      0.00 8.500e-01 1.500e-01 1.175e-05 3.225e-06 2.947e-05 -1.000 4.523e-05 3.217 2.878 2.592 2.349 1.987 1.872 1.849 1.845 1.838 2.084 1.847 2.065 1.889 1.875 1.868 1.853 1.849 1.847 1.844 1.839 1.838 1.833 1.837 1.944
5.913e-05 -2.19174 10.17609 0.7409609556 2.3961706161    0.740  0.653  3.7648  3.665    2  0.000  0.534     0.00     0.00 -1 -6.82e-16      0.00 8.229e-01 1.771e-01 1.345e-05 3.683e-06 3.359e-05 -1.000 8.592e-05 3.136 2.789 2.490 2.238 1.863 1.741 1.715 1.711 1.703 1.961 1.713 1.945 1.760 1.744 1.736 1.720 1.715 1.713 1.710 1.704 1.703 1.698 1.702 1.818
5.913e-05 -2.19174 10.17609 0.7415899038 2.3964326382    0.740  0.689  3.7580  3.603    2  0.000  0.535     0.00     0.00 -1 -1.29e-15      0.00 8.021e-01 1.978e-01 1.469e-05 4.018e-06 3.659e-05 -1.000 1.001e-04 3.048 2.693 2.383 2.121 1.734 1.605 1.577 1.571 1.563 1.834 1.574 1.820 1.627 1.608 1.600 1.583 1.576 1.574 1.570 1.564 1.563 1.558 1.562 1.687
5.913e-05 -2.19174 10.17609 0.7420910597 2.3966410160    0.741  0.723  3.7528  3.548    2  0.000  0.536     0.00     0.00 -1 -2.18e-15      0.00 7.906e-01 2.093e-01 1.537e-05 4.200e-06 3.821e-05 -1.000 1.000e-04 2.962 2.601 2.283 2.013 1.616 1.482 1.453 1.446 1.438 1.718 1.450 1.705 1.506 1.485 1.477 1.459 1.452 1.449 1.445 1.439 1.438 1.433 1.437 1.568
5.913e-05 -2.19174 10.17609 0.7425948381 2.3968503475    0.741  0.765  3.7483  3.488    2  0.000  0.537     0.00     0.00 -1 -3.78e-15      0.00 7.831e-01 2.168e-01 1.581e-05 4.319e-06 3.928e-05 -1.000 9.993e-05 2.856 2.492 2.165 1.889 1.484 1.345 1.314 1.307 1.298 1.586 1.311 1.575 1.370 1.348 1.339 1.320 1.313 1.310 1.306 1.299 1.298 1.293 1.297 1.435
5.913e-05 -2.19174 10.17609 0.7430055141 2.3970208168    0.742  0.805  3.7452  3.436    2  0.000  0.537     0.00     0.00 -1 -6.03e-15      0.00 7.787e-01 2.212e-01 1.607e-05 4.387e-06 3.989e-05 -1.000 9.999e-05 2.758 2.390 2.058 1.778 1.367 1.225 1.193 1.185 1.176 1.470 1.189 1.460 1.251 1.229 1.219 1.199 1.191 1.188 1.184 1.177 1.176 1.171 1.175 1.317
5.913e-05 -2.19174 10.17609 0.7432217002 2.3971102238    0.742  0.827  3.7438  3.408    2  0.000  0.537     0.00     0.00 -1 -7.77e-15      0.00 7.769e-01 2.230e-01 1.617e-05 4.415e-06 4.014e-05 -1.000 9.993e-05 2.703 2.333 1.998 1.716 1.303 1.159 1.127 1.119 1.110 1.406 1.123 1.396 1.186 1.163 1.153 1.133 1.125 1.121 1.118 1.111 1.110 1.105 1.109 1.253
5.913e-05 -2.19174 10.17609 0.7434902787 2.3972215652    0.742  0.856  3.7423  3.373    3  0.000  0.537     0.00     0.00 -1 -1.06e-14      0.00 7.750e-01 2.249e-01 1.627e-05 4.443e-06 4.039e-05 -1.000 1.000e-04 2.629 2.257 1.920 1.636 1.220 1.075 1.042 1.034 1.025 1.323 1.038 1.314 1.102 1.079 1.069 1.048 1.040 1.036 1.033 1.026 1.025 1.020 1.024 1.169
5.913e-05 -2.19174 10.17609 0.7438420057 2.3973670006    0.742  0.897  3.7405  3.325    3  0.000  0.537     0.00     0.00 -1 -1.61e-14      0.00 7.730e-01 2.269e-01 1.639e-05 4.473e-06 4.066e-05 -1.000 1.000e-04 2.527 2.154 1.814 1.527 1.108 0.960 0.927 0.918 0.909 1.211 0.923 1.203 0.988 0.964 0.954 0.933 0.925 0.921 0.917 0.910 0.909 0.904 0.908 1.056
5.913e-05 -2.19174 10.17609 0.7441957593 2.3975131512    0.743  0.940  3.7388  3.276    3  0.000  0.537     0.00     0.00 -1 -2.48e-14      0.00 7.710e-01 2.289e-01 1.648e-05 4.499e-06 4.089e-05 -1.000 1.128e-05 2.419 2.044 1.701 1.412 0.989 0.840 0.806 0.798 0.788 1.093 0.802 1.085 0.868 0.844 0.834 0.813 0.805 0.801 0.797 0.790 0.789 0.783 0.787 0.937
5.913e-05 -2.19174 10.17609 0.7445341349 2.3976528645    0.743  0.984  3.7373  3.226    3  0.000  0.537     0.00     0.00 -1 -3.77e-14      0.00 7.693e-01 2.306e-01 1.656e-05 4.520e-06 4.108e-05 -1.000 1.000e-04 2.310 1.933 1.588 1.296 0.871 0.720 0.686 0.677 0.668 0.975 0.682 0.968 0.749 0.724 0.714 0.693 0.685 0.680 0.676 0.669 0.668 0.663 0.667 0.818
5.913e-05 -2.19174 10.17609 0.7448932528 2.3978009224    0.743  1.033  3.7357  3.170    3  0.000  0.537     0.00     0.00 -1 -5.96e-14      0.00 7.677e-01 2.322e-01 1.662e-05 4.538e-06 4.125e-05 -1.000 9.997e-05 2.186 1.808 1.460 1.166 0.737 0.584 0.551 0.542 0.532 0.842 0.546 0.835 0.614 0.589 0.579 0.558 0.549 0.545 0.541 0.534 0.533 0.527 0.531 0.684
5.913e-05 -2.19174 10.17609 0.7451941371 2.3979249001    0.743  1.078  3.7343  3.120    3  0.000  0.537     0.00     0.00 -1 -8.87e-14      0.00 7.664e-01 2.335e-01 1.668e-05 4.553e-06 4.138e-05 -1.000 1.001e-04 2.075 1.696 1.345 1.049 0.617 0.463 0.429 0.420 0.410 0.722 0.424 0.716 0.493 0.467 0.457 0.436 0.427 0.423 0.419 0.412 0.410 0.405 0.409 0.564
5.913e-05 -2.19174 10.17609 0.7454981804 2.3980500698    0.743  1.127  3.7329  3.066    3  0.000  0.537     0.00     0.00 -1 -1.34e-13      0.00 7.652e-01 2.347e-01 1.672e-05 4.565e-06 4.148e-05 -1.000 9.996e-05 1.953 1.573 1.219 0.921 0.486 0.331 0.297 0.287 0.277 0.592 0.292 0.586 0.361 0.335 0.325 0.304 0.295 0.290 0.286 0.279 0.278 0.272 0.276 0.432
5.913e-05 -2.19174 10.17609 0.7457961440 2.3981726170    0.744  1.179  3.7315  3.008    3  0.000  0.537     0.00     0.00 -1 -2.04e-13      0.00 7.640e-01 2.359e-01 1.676e-05 4.576e-06 4.159e-05 -1.000 1.000e-04 1.822 1.441 1.085 0.784 0.346 0.189 0.155 0.145 0.135 0.452 0.150 0.447 0.220 0.194 0.183 0.162 0.153 0.148 0.144 0.137 0.136 0.130 0.134 0.292
5.913e-05 -2.19174 10.17609 0.7460363507 2.3982710838    0.744  1.226  3.7301  2.956    3  0.000  0.537     0.00     0.00 -1 -2.91e-13      0.00 7.631e-01 2.368e-01 1.678e-05 4.585e-06 4.166e-05 -1.000 1.000e-04 1.706 1.324 0.965 0.662 0.222 0.063 0.028 0.019 0.009 0.328 0.024 0.323 0.094 0.068 0.057 0.036 0.026 0.022 0.018 0.011 0.009 0.003 0.007 0.167
5.913e-05 -2.19174 10.17609 0.7462678552 2.3983662128    0.744  1.274  3.7286  2.902    3  0.000  0.537     0.00     0.00 -1 -4.17e-13      0.00 7.623e-01 2.376e-01 1.681e-05 4.591e-06 4.172e-05 -1.000 9.991e-05 1.584 1.200 0.838 0.534 0.090 -0.070 -0.104 -0.114 -0.124 0.197 -0.109 0.193 -0.038 -0.065 -0.075 -0.097 -0.107 -0.111 -0.115 -0.122 -0.124 -0.130 -0.126 0.036
5.913e-05 -2.19174 10.17609 0.7464755774 2.3984515667    0.744  1.323  3.7273  2.848    3  0.000  0.537     0.00     0.00 -1 -5.84e-13      0.00 7.615e-01 2.384e-01 1.682e-05 4.598e-06 4.177e-05 -1.000 9.997e-05 1.464 1.078 0.714 0.408 -0.039 -0.200 -0.235 -0.245 -0.255 0.068 -0.240 0.065 -0.168 -0.195 -0.206 -0.227 -0.237 -0.242 -0.246 -0.253 -0.255 -0.261 -0.257 -0.094
5.913e-05 -2.19174 10.17609 0.7466636896 2.3985285759    0.744  1.370  3.7258  2.794    3  0.000  0.537     0.00     0.00 -1 -8.04e-13      0.00 7.609e-01 2.390e-01 1.683e-05 4.604e-06 4.182e-05 -1.000 1.000e-04 1.344 0.958 0.590 0.282 -0.167 -0.330 -0.366 -0.376 -0.386 -0.060 -0.370 -0.063 -0.297 -0.325 -0.336 -0.358 -0.368 -0.373 -0.377 -0.384 -0.386 -0.392 -0.388 -0.223
5.913e-05 -2.19174 10.17609 0.7468318343 2.3985974789    0.744  1.417  3.7243  2.741    3  0.000  0.537     0.00     0.00 -1 -1.09e-12      0.00 7.604e-01 2.395e-01 1.684e-05 4.607e-06 4.184e-05 -1.000 9.999e-05 1.227 0.839 0.469 0.159 -0.294 -0.459 -0.494 -0.504 -0.514 -0.186 -0.498 -0.189 -0.425 -0.454 -0.464 -0.486 -0.496 -0.501 -0.505 -0.512 -0.514 -0.520 -0.516 -0.350
5.913e-05 -2.19174 10.17609 0.7469908595 2.3986625671    0.744  1.466  3.7228  2.687    3  0.000  0.537     0.00     0.00 -1 -1.47e-12      0.00 7.600e-01 2.399e-01 1.685e-05 4.611e-06 4.187e-05 -1.000 9.994e-05 1.105 0.716 0.343 0.030 -0.425 -0.591 -0.627 -0.638 -0.648 -0.317 -0.632 -0.319 -0.558 -0.586 -0.597 -0.619 -0.630 -0.635 -0.639 -0.646 -0.648 -0.654 -0.650 -0.482
5.913e-05 -2.19174 10.17609 0.7471320629 2.3987205029    0.744  1.514  3.7213  2.633    3  0.000  0.537     0.00     0.00 -1 -1.95e-12      0.00 7.596e-01 2.403e-01 1.685e-05 4.614e-06 4.188e-05 -1.000 1.000e-04 0.986 0.595 0.220 -0.095 -0.554 -0.721 -0.758 -0.768 -0.778 -0.445 -0.762 -0.446 -0.687 -0.717 -0.727 -0.749 -0.760 -0.765 -0.769 -0.776 -0.778 -0.784 -0.780 -0.610
5.913e-05 -2.19174 10.17609 0.7472574115 2.3987717628    0.744  1.560  3.7197  2.580    3  0.000  0.536     0.00     0.00 -1 -2.55e-12      0.00 7.594e-01 2.405e-01 1.685e-05 4.616e-06 4.190e-05 -1.000 1.000e-04 0.869 0.478 0.100 -0.218 -0.679 -0.849 -0.886 -0.896 -0.907 -0.571 -0.890 -0.571 -0.814 -0.844 -0.855 -0.877 -0.888 -0.893 -0.898 -0.905 -0.907 -0.912 -0.909 -0.737
5.913e-05 -2.19174 10.17609 0.7473708987 2.3988180161    0.744  1.606  3.7182  2.528    3  0.000  0.536     0.00     0.00 -1 -3.29e-12      0.00 7.593e-01 2.407e-01 1.685e-05 4.617e-06 4.191e-05 -1.000 5.051e-06 0.754 0.362 -0.019 -0.339 -0.804 -0.975 -1.012 -1.023 -1.033 -0.695 -1.016 -0.694 -0.940 -0.970 -0.981 -1.004 -1.014 -1.020 -1.024 -1.031 -1.033 -1.039 -1.035 -0.862
5.913e-05 -2.19174 10.17609 0.7474772930 2.3988616467    0.743  1.653  3.7167  2.475    3  0.000  0.536     0.00     0.00 -1 -4.24e-12      0.00 7.591e-01 2.408e-01 1.685e-05 4.618e-06 4.192e-05 -1.000 9.999e-05 0.637 0.244 -0.140 -0.463 -0.931 -1.103 -1.141 -1.152 -1.162 -0.822 -1.145 -0.820 -1.068 -1.099 -1.110 -1.132 -1.143 -1.149 -1.153 -1.160 -1.162 -1.168 -1.164 -0.989
5.913e-05 -2.19174 10.17609 0.7475711703 2.3989000320    0.743  1.699  3.7151  2.423    3  0.000  0.536     0.00     0.00 -1 -5.39e-12      0.00 7.591e-01 2.408e-01 1.685e-05 4.619e-06 4.192e-05 -1.000 1.000e-04 0.523 0.128 -0.259 -0.584 -1.055 -1.229 -1.267 -1.278 -1.289 -0.945 -1.272 -0.944 -1.193 -1.225 -1.236 -1.259 -1.270 -1.275 -1.280 -1.287 -1.289 -1.295 -1.291 -1.114
5.913e-05 -2.19174 10.17609 0.7476578951 2.3989355564    0.743  1.745  3.7135  2.370    3  0.000  0.536     0.00     0.00 -1 -6.81e-12      0.00 7.591e-01 2.408e-01 1.685e-05 4.619e-06 4.192e-05 -1.000 1.001e-04 0.408 0.012 -0.378 -0.705 -1.179 -1.355 -1.394 -1.405 -1.416 -1.070 -1.399 -1.067 -1.319 -1.351 -1.362 -1.385 -1.397 -1.402 -1.407 -1.414 -1.416 -1.422 -1.418 -1.239
5.913e-05 -2.19174 10.17609 0.7477374673 2.3989679813    0.743  1.791  3.7120  2.318    3  0.000  0.536     0.00     0.00 -1 -8.57e-12      0.00 7.591e-01 2.408e-01 1.685e-05 4.619e-06 4.192e-05 -1.000 9.999e-05 0.292 -0.105 -0.498 -0.828 -1.304 -1.482 -1.521 -1.533 -1.544 -1.195 -1.526 -1.191 -1.445 -1.477 -1.489 -1.512 -1.524 -1.530 -1.534 -1.542 -1.544 -1.549 -1.546 -1.365
5.913e-05 -2.19174 10.17609 0.7478081584 2.3989968300    0.743  1.836  3.7103  2.266    3  0.000  0.536     0.00     0.00 -1 -1.07e-11      0.00 7.591e-01 2.408e-01 1.685e-05 4.619e-06 4.192e-05 -1.000 1.000e-04 0.181 -0.217 -0.614 -0.946 -1.426 -1.606 -1.645 -1.657 -1.669 -1.316 -1.651 -1.313 -1.568 -1.601 -1.613 -1.637 -1.648 -1.654 -1.659 -1.667 -1.669 -1.674 -1.671 -1.487
5.913e-05 -2.19174 10.17609 0.7478734851 2.3990235329    0.742  1.880  3.7087  2.215    3  0.000  0.536     0.00     0.00 -1 -1.32e-11      0.00 7.591e-01 2.408e-01 1.685e-05 4.619e-06 4.192e-05 -1.000 1.000e-04 0.069 -0.330 -0.730 -1.065 -1.548 -1.729 -1.769 -1.781 -1.793 -1.438 -1.774 -1.433 -1.691 -1.724 -1.736 -1.760 -1.772 -1.778 -1.783 -1.791 -1.793 -1.797 -1.795 -1.609
5.913e-05 -2.19174 10.17609 0.7479361892 2.3990490437    0.742  1.927  3.7071  2.161    3  0.000  0.536     0.00     0.00 -1 -1.64e-11      0.00 7.591e-01 2.408e-01 1.685e-05 4.619e-06 4.192e-05 -1.000 1.000e-04 -0.048 -0.448 -0.851 -1.188 -1.675 -1.858 -1.898 -1.910 -1.922 -1.564 -1.904 -1.559 -1.819 -1.853 -1.865 -1.889 -1.901 -1.907 -1.912 -1.920 -1.922 -1.926 -1.924 -1.737
5.913e-05 -2.19174 10.17609 0.7479898930 2.3990709782    0.742  1.971  3.7054  2.111    3  0.000  0.536     0.00     0.00 -1 -2.01e-11      0.00 7.591e-01 2.408e-01 1.685e-05 4.619e-06 4.192e-05 -1.000 1.000e-04 -0.157 -0.558 -0.964 -1.305 -1.794 -1.980 -2.020 -2.032 -2.044 -1.684 -2.026 -1.677 -1.940 -1.974 -1.987 -2.011 -2.023 -2.029 -2.034 -2.043 -2.044 -2.049 -2.046 -1.857
5.913e-05 -2.19174 10.17609 0.7480394840 2.3990912437    0.741  2.015  3.7037  2.060    3  0.000  0.536     0.00     0.00 -1 -2.44e-11      0.00 7.591e-01 2.408e-01 1.685e-05 4.619e-06 4.192e-05 -1.000 1.000e-04 -0.267 -0.668 -1.078 -1.421 -1.914 -2.102 -2.142 -2.155 -2.166 -1.803 -2.148 -1.796 -2.061 -2.096 -2.109 -2.133 -2.145 -2.152 -2.157 -2.165 -2.167 -2.171 -2.168 -1.977
5.913e-05 -2.19174 10.17609 0.7480869293 2.3991105556    0.741  2.060  3.7021  2.008    3  0.000  0.536     0.00     0.00 -1 -2.99e-11      0.00 7.591e-01 2.408e-01 1.685e-05 4.619e-06 4.192e-05 -1.000 1.000e-04 -0.380 -0.782 -1.195 -1.541 -2.037 -2.227 -2.267 -2.280 -2.292 -1.926 -2.273 -1.918 -2.186 -2.221 -2.234 -2.258 -2.271 -2.277 -2.282 -2.291 -2.292 -2.296 -2.294 -2.101
5.913e-05 -2.19174 10.17609 0.7481282949 2.3991274834    0.740  2.103  3.7003  1.958    3  0.000  0.536     0.00     0.00 -1 -3.61e-11      0.00 7.591e-01 2.408e-01 1.685e-05 4.619e-06 4.192e-05 -1.000 1.000e-04 -0.487 -0.889 -1.307 -1.655 -2.155 -2.346 -2.387 -2.401 -2.412 -2.044 -2.393 -2.035 -2.305 -2.341 -2.354 -2.378 -2.391 -2.398 -2.403 -2.411 -2.413 -2.416 -2.414 -2.219
5.913e-05 -2.19174 10.17609 0.7481670380 2.3991432190    0.740  2.146  3.6986  1.907    3  0.000  0.536     0.00     0.00 -1 -4.35e-11      0.00 7.590e-01 2.409e-01 1.685e-05 4.619e-06 4.192e-05 -1.000 1.000e-04 -0.595 -0.999 -1.420 -1.771 -2.274 -2.467 -2.509 -2.523 -2.534 -2.163 -2.515 -2.153 -2.426 -2.462 -2.475 -2.499 -2.513 -2.520 -2.525 -2.534 -2.535 -2.538 -2.536 -2.339
5.913e-05 -2.19174 10.17609 0.7482073307 2.3991596699    0.739  2.192  3.6970  1.855    3  0.000  0.536     0.00     0.00 -1 -5.29e-11      0.00 7.590e-01 2.409e-01 1.685e-05 4.619e-06 4.192e-05 -1.000 1.000e-04 -0.710 -1.114 -1.539 -1.892 -2.399 -2.593 -2.635 -2.649 -2.661 -2.287 -2.641 -2.277 -2.551 -2.588 -2.601 -2.626 -2.639 -2.646 -2.651 -2.660 -2.661 -2.665 -2.663 -2.464
5.913e-05 -2.19174 10.17609 0.7482520342 2.3991780281    0.738  2.223  3.6958  1.819    3  0.000  0.536     0.00     0.00 -1 -6.15e-11      0.00 7.590e-01 2.409e-01 1.685e-05 4.619e-06 4.192e-05 -1.000 1.000e-04 -0.787 -1.192 -1.619 -1.974 -2.483 -2.679 -2.722 -2.736 -2.747 -2.371 -2.728 -2.360 -2.637 -2.674 -2.687 -2.712 -2.726 -2.733 -2.738 -2.747 -2.748 -2.751 -2.749 -2.549
5.913e-05 -2.19174 10.17609 0.7482643723 2.3991830349    0.738  2.221  3.6960  1.821    3  0.000  0.536     0.00     0.00 -1 -6.21e-11      0.00 7.590e-01 2.409e-01 1.685e-05 4.619e-06 4.192e-05 -1.000 1.000e-04 -0.781 -1.187 -1.613 -1.968 -2.476 -2.672 -2.715 -2.729 -2.740 -2.364 -2.721 -2.354 -2.630 -2.667 -2.680 -2.705 -2.719 -2.726 -2.731 -2.740 -2.741 -2.744 -2.742 -2.542
5.913e-05 -2.19174 10.17609 0.7482669950 2.3991839886    0.738  2.224  3.6959  1.817    3  0.000  0.536     0.00     0.00 -1  -6.3e-11      0.00 7.590e-01 2.409e-01 1.685e-05 4.619e-06 4.192e-05 -1.000 1.000e-04 -0.790 -1.196 -1.622 -1.978 -2.487 -2.683 -2.725 -2.739 -2.750 -2.375 -2.731 -2.364 -2.640 -2.677 -2.690 -2.715 -2.729 -2.736 -2.741 -2.750 -2.751 -2.755 -2.753 -2.553
5.913e-05 -2.19174 10.17609 0.7483245134 2.3992075920    0.736  2.315  3.6922  1.711    3  0.000  0.536     0.00     0.00 -1 -9.09e-11      0.00 7.590e-01 2.409e-01 1.685e-05 4.619e-06 4.192e-05 -1.000 9.997e-05 -1.017 -1.424 -1.859 -2.220 -2.736 -2.936 -2.980 -2.994 -3.005 -2.623 -2.986 -2.611 -2.892 -2.930 -2.944 -2.969 -2.984 -2.991 -2.996 -3.006 -3.006 -3.008 -3.007 -2.803
5.913e-05 -2.19174 10.17609 0.7483468652 2.3992166519    0.736  2.354  3.6905  1.665    3  0.000  0.536     0.00     0.00 -1 -1.07e-10      0.00 7.590e-01 2.409e-01 1.685e-05 4.619e-06 4.192e-05 -1.000 9.999e-05 -1.115 -1.521 -1.960 -2.324 -2.844 -3.046 -3.090 -3.105 -3.115 -2.731 -3.096 -2.718 -3.001 -3.040 -3.054 -3.079 -3.094 -3.101 -3.107 -3.116 -3.116 -3.117 -3.117 -2.911
5.913e-05 -2.19174 10.17609 0.7483679056 2.3992252350    0.735  2.394  3.6888  1.618    3  0.000  0.536     0.00     0.00 -1 -1.25e-10      0.00 7.590e-01 2.409e-01 1.685e-05 4.619e-06 4.193e-05 -1.000 1.000e-04 -1.214 -1.621 -2.063 -2.430 -2.953 -3.157 -3.202 -3.217 -3.228 -2.840 -3.209 -2.827 -3.113 -3.152 -3.166 -3.191 -3.207 -3.214 -3.219 -3.229 -3.229 -3.229 -3.229 -3.022
5.913e-05 -2.19174 10.17609 0.7483873963 2.3992331028    0.734  2.433  3.6872  1.572    3  0.000  0.536     0.00     0.00 -1 -1.47e-10      0.00 7.590e-01 2.409e-01 1.685e-05 4.619e-06 4.193e-05 -1.000 9.999e-05 -1.312 -1.719 -2.166 -2.535 -3.061 -3.267 -3.312 -3.328 -3.338 -2.948 -3.319 -2.934 -3.222 -3.261 -3.275 -3.301 -3.317 -3.324 -3.330 -3.339 -3.339 -3.339 -3.338 -3.130
5.913e-05 -2.19174 10.17609 0.7484051585 2.3992404938    0.733  2.471  3.6854  1.526    3  0.000  0.536     0.00     0.00 -1 -1.71e-10      0.00 7.590e-01 2.409e-01 1.685e-05 4.619e-06 4.193e-05 -1.000 1.000e-04 -1.409 -1.816 -2.266 -2.638 -3.169 -3.376 -3.422 -3.438 -3.447 -3.055 -3.429 -3.040 -3.331 -3.370 -3.385 -3.411 -3.427 -3.434 -3.440 -3.449 -3.449 -3.448 -3.448 -3.238
5.913e-05 -2.19174 10.17609 0.7484225631 2.3992476463    0.732  2.512  3.6836  1.478    3  0.000  0.536     0.00     0.00 -1 -2.01e-10      0.00 7.590e-01 2.409e-01 1.685e-05 4.619e-06 4.193e-05 -1.000 9.999e-05 -1.509 -1.917 -2.371 -2.747 -3.281 -3.491 -3.537 -3.553 -3.562 -3.167 -3.544 -3.151 -3.444 -3.485 -3.499 -3.525 -3.542 -3.549 -3.555 -3.564 -3.564 -3.562 -3.562 -3.351
5.913e-05 -2.19174 10.17609 0.7484384179 2.3992540836    0.731  2.551  3.6820  1.431    3  0.000  0.536     0.00     0.00 -1 -2.34e-10      0.00 7.590e-01 2.409e-01 1.685e-05 4.619e-06 4.193e-05 -1.000 1.000e-04 -1.608 -2.016 -2.474 -2.852 -3.389 -3.601 -3.648 -3.664 -3.673 -3.275 -3.655 -3.259 -3.554 -3.595 -3.610 -3.636 -3.653 -3.660 -3.666 -3.676 -3.675 -3.672 -3.673 -3.460
5.913e-05 -2.19174 10.17609 0.7484525442 2.3992598057    0.730  2.589  3.6803  1.386    3  0.000  0.536     0.00     0.00 -1 -2.72e-10      0.00 7.590e-01 2.409e-01 1.685e-05 4.620e-06 4.193e-05 -1.000 1.000e-04 -1.702 -2.109 -2.572 -2.953 -3.494 -3.707 -3.754 -3.771 -3.780 -3.379 -3.762 -3.362 -3.659 -3.701 -3.716 -3.742 -3.760 -3.767 -3.773 -3.783 -3.782 -3.778 -3.779 -3.565
5.913e-05 -2.19174 10.17609 0.7484666109 2.3992655277    0.729  2.628  3.6784  1.338    3  0.000  0.536     0.00     0.00 -1 -3.17e-10      0.00 7.590e-01 2.409e-01 1.685e-05 4.620e-06 4.193e-05 -1.000 1.001e-04 -1.801 -2.207 -2.675 -3.060 -3.604 -3.820 -3.867 -3.885 -3.892 -3.489 -3.875 -3.471 -3.771 -3.813 -3.829 -3.855 -3.873 -3.880 -3.887 -3.897 -3.895 -3.889 -3.891 -3.676
5.913e-05 -2.19174 10.17609 0.7484790683 2.3992705345    0.728  2.666  3.6768  1.293    3  0.000  0.536     0.00     0.00 -1 -3.68e-10      0.00 7.590e-01 2.409e-01 1.685e-05 4.620e-06 4.193e-05 -1.000 1.001e-04 -1.896 -2.301 -2.773 -3.161 -3.709 -3.926 -3.974 -3.992 -3.999 -3.594 -3.982 -3.575 -3.877 -3.920 -3.936 -3.961 -3.980 -3.988 -3.994 -4.004 -4.003 -3.994 -3.997 -3.781
5.913e-05 -2.19174 10.17609 0.7484909892 2.3992755413    0.727  2.705  3.6750  1.246    3  0.000  0.536     0.00     0.00 -1 -4.27e-10      0.00 7.590e-01 2.409e-01 1.685e-05 4.620e-06 4.193e-05 -1.000 1.001e-04 -1.992 -2.397 -2.874 -3.265 -3.817 -4.036 -4.084 -4.103 -4.109 -3.701 -4.092 -3.681 -3.986 -4.029 -4.045 -4.071 -4.091 -4.098 -4.105 -4.115 -4.113 -4.102 -4.105 -3.889
5.913e-05 -2.19174 10.17609 0.7485017776 2.3992798328    0.725  2.742  3.6732  1.201    3  0.000  0.536     0.00     0.00 -1 -4.93e-10      0.00 7.590e-01 2.409e-01 1.685e-05 4.620e-06 4.193e-05 -1.000 9.997e-05 -2.085 -2.489 -2.971 -3.365 -3.921 -4.142 -4.190 -4.209 -4.215 -3.805 -4.199 -3.784 -4.091 -4.135 -4.151 -4.177 -4.197 -4.205 -4.211 -4.222 -4.219 -4.206 -4.210 -3.994
5.913e-05 -2.19174 10.17609 0.7485124469 2.3992841244    0.724  2.781  3.6714  1.154    3  0.000  0.536     0.00     0.00 -1 -5.74e-10      0.00 7.590e-01 2.409e-01 1.685e-05 4.620e-06 4.193e-05 -1.000 1.000e-04 -2.183 -2.586 -3.072 -3.470 -4.029 -4.252 -4.302 -4.321 -4.325 -3.913 -4.310 -3.892 -4.201 -4.245 -4.262 -4.287 -4.308 -4.317 -4.323 -4.333 -4.330 -4.316 -4.320 -4.103
5.913e-05 -2.19174 10.17609 0.7485218048 2.3992879391    0.722  2.818  3.6696  1.109    3  0.000  0.536     0.00     0.00 -1 -6.61e-10      0.00 7.590e-01 2.409e-01 1.685e-05 4.620e-06 4.193e-05 -1.000 1.001e-04 -2.274 -2.676 -3.168 -3.569 -4.132 -4.357 -4.407 -4.427 -4.430 -4.015 -4.416 -3.993 -4.305 -4.350 -4.367 -4.392 -4.414 -4.422 -4.429 -4.439 -4.436 -4.419 -4.424 -4.207
5.913e-05 -2.19174 10.17609 0.7485306859 2.3992915154    0.720  2.854  3.6678  1.064    3  0.000  0.536     0.00     0.00 -1 -7.61e-10      0.00 7.590e-01 2.409e-01 1.685e-05 4.620e-06 4.193e-05 -1.000 1.000e-04 -2.366 -2.767 -3.264 -3.669 -4.236 -4.462 -4.513 -4.533 -4.535 -4.119 -4.522 -4.095 -4.410 -4.455 -4.472 -4.498 -4.520 -4.529 -4.535 -4.546 -4.542 -4.522 -4.528 -4.311
5.913e-05 -2.19174 10.17609 0.7485387921 2.3992948532    0.718  2.890  3.6661  1.021    3  0.000  0.536     0.00     0.00 -1 -8.72e-10      0.00 7.590e-01 2.409e-01 1.685e-05 4.620e-06 4.193e-05 -1.000 1.001e-04 -2.455 -2.855 -3.356 -3.764 -4.335 -4.564 -4.614 -4.635 -4.636 -4.218 -4.623 -4.194 -4.510 -4.556 -4.574 -4.598 -4.622 -4.631 -4.637 -4.648 -4.643 -4.621 -4.628 -4.411
5.913e-05 -2.19174 10.17609 0.7485463619 2.3992979527    0.716  2.925  3.6642  0.976    3  0.000  0.536     0.00     0.00 -1    -1e-09      0.00 7.590e-01 2.409e-01 1.685e-05 4.620e-06 4.193e-05 -1.000 1.000e-04 -2.544 -2.941 -3.448 -3.860 -4.435 -4.666 -4.717 -4.739 -4.739 -4.318 -4.726 -4.293 -4.612 -4.659 -4.677 -4.700 -4.725 -4.734 -4.741 -4.752 -4.747 -4.720 -4.728 -4.512
5.913e-05 -2.19174 10.17609 0.7485530972 2.3993008137    0.714  2.959  3.6626  0.935    3  0.000  0.536     0.00     0.00 -1 -1.14e-09      0.00 7.590e-01 2.409e-01 1.685e-05 4.620e-06 4.193e-05 -1.000 1.000e-04 -2.627 -3.023 -3.535 -3.950 -4.529 -4.762 -4.813 -4.835 -4.834 -4.411 -4.822 -4.386 -4.707 -4.754 -4.772 -4.795 -4.822 -4.830 -4.837 -4.849 -4.843 -4.814 -4.823 -4.606
5.913e-05 -2.19174 10.17609 0.7485592365 2.3993031979    0.712  2.991  3.6609  0.895    3  0.000  0.536     0.00     0.00 -1 -1.29e-09      0.00 7.590e-01 2.409e-01 1.685e-05 4.620e-06 4.193e-05 -1.000 1.000e-04 -2.707 -3.101 -3.619 -4.037 -4.619 -4.854 -4.905 -4.928 -4.926 -4.501 -4.915 -4.475 -4.798 -4.846 -4.864 -4.886 -4.915 -4.923 -4.930 -4.942 -4.935 -4.903 -4.913 -4.697
5.913e-05 -2.19174 10.17609 0.7485648990 2.3993055820    0.710  3.022  3.6593  0.857    3  0.000  0.536     0.00     0.00 -1 -1.45e-09      0.00 7.590e-01 2.409e-01 1.685e-05 4.620e-06 4.193e-05 -1.000 1.000e-04 -2.785 -3.177 -3.699 -4.121 -4.707 -4.943 -4.995 -5.019 -5.015 -4.589 -5.005 -4.562 -4.887 -4.935 -4.954 -4.975 -5.005 -5.013 -5.021 -5.032 -5.025 -4.991 -5.001 -4.785
5.913e-05 -2.19174 10.17609 0.7485704422 2.3993077278    0.708  3.054  3.6577  0.817    3  0.000  0.536     0.00     0.00 -1 -1.64e-09      0.00 7.590e-01 2.409e-01 1.685e-05 4.620e-06 4.193e-05 -1.000 1.000e-04 -2.865 -3.255 -3.783 -4.208 -4.797 -5.035 -5.087 -5.112 -5.107 -4.679 -5.098 -4.652 -4.978 -5.027 -5.046 -5.067 -5.098 -5.107 -5.114 -5.126 -5.118 -5.080 -5.092 -4.875
5.913e-05 -2.19174 10.17609 0.7485755682 2.3993098736    0.705  3.085  3.6560  0.778    3  0.000  0.536     0.00     0.00 -1 -1.84e-09      0.00 7.590e-01 2.409e-01 1.685e-05 4.620e-06 4.193e-05 -1.000 9.999e-05 -2.942 -3.330 -3.863 -4.292 -4.884 -5.124 -5.176 -5.202 -5.196 -4.766 -5.187 -4.738 -5.066 -5.116 -5.135 -5.155 -5.187 -5.196 -5.204 -5.216 -5.208 -5.167 -5.179 -4.963
5.913e-05 -2.19174 10.17609 0.7485798597 2.3993115425    0.703  3.112  3.6546  0.743    3  0.000  0.536     0.00     0.00 -1 -2.05e-09      0.00 7.590e-01 2.409e-01 1.685e-05 4.620e-06 4.193e-05 -1.000 1.000e-04 -3.011 -3.397 -3.935 -4.367 -4.963 -5.204 -5.256 -5.283 -5.276 -4.844 -5.268 -4.816 -5.146 -5.195 -5.215 -5.235 -5.268 -5.277 -5.285 -5.297 -5.288 -5.244 -5.258 -5.042
5.913e-05 -2.19174 10.17609 0.7485840917 2.3993134499    0.700  3.140  3.6531  0.708    3  0.000  0.536     0.00     0.00 -1 -2.27e-09      0.00 7.590e-01 2.409e-01 1.685e-05 4.620e-06 4.193e-05 -1.000 9.996e-05 -3.079 -3.462 -4.006 -4.441 -5.040 -5.284 -5.335 -5.363 -5.354 -4.921 -5.347 -4.892 -5.224 -5.275 -5.295 -5.312 -5.348 -5.357 -5.365 -5.377 -5.368 -5.321 -5.336 -5.120
5.913e-05 -2.19174 10.17609 0.7485883236 2.3993151188    0.698  3.168  3.6516  0.672    3  0.000  0.536     0.00     0.00 -1 -2.54e-09      0.00 7.590e-01 2.409e-01 1.685e-05 4.620e-06 4.193e-05 -1.000 9.997e-05 -3.151 -3.530 -4.079 -4.518 -5.121 -5.367 -5.418 -5.446 -5.437 -5.002 -5.430 -4.972 -5.306 -5.357 -5.378 -5.394 -5.432 -5.441 -5.449 -5.461 -5.451 -5.401 -5.416 -5.201
5.913e-05 -2.19174 10.17609 0.7485920787 2.3993165493    0.695  3.195  3.6501  0.638    3  0.000  0.536     0.00     0.00 -1 -2.81e-09      0.00 7.590e-01 2.409e-01 1.685e-05 4.620e-06 4.193e-05 -1.000 1.001e-04 -3.217 -3.592 -4.147 -4.589 -5.196 -5.444 -5.495 -5.524 -5.514 -5.076 -5.508 -5.046 -5.382 -5.434 -5.455 -5.469 -5.509 -5.519 -5.527 -5.539 -5.529 -5.475 -5.491 -5.277
5.913e-05 -2.19174 10.17609 0.7485954762 2.3993179798    0.692  3.219  3.6488  0.606    3  0.000  0.536     0.00     0.00 -1 -3.09e-09      0.00 7.590e-01 2.409e-01 1.685e-05 4.620e-06 4.193e-05 -1.000 1.001e-04 -3.278 -3.649 -4.209 -4.655 -5.265 -5.514 -5.565 -5.595 -5.583 -5.145 -5.578 -5.114 -5.452 -5.504 -5.525 -5.537 -5.580 -5.589 -5.598 -5.610 -5.600 -5.542 -5.560 -5.346
5.913e-05 -2.19174 10.17609 0.7485988736 2.3993194103    0.689  3.243  3.6476  0.575    3  0.000  0.536     0.00     0.00 -1  -3.4e-09      0.00 7.590e-01 2.409e-01 1.685e-05 4.620e-06 4.193e-05 -1.000 1.000e-04 -3.338 -3.706 -4.270 -4.719 -5.333 -5.583 -5.634 -5.666 -5.653 -5.212 -5.647 -5.181 -5.521 -5.574 -5.595 -5.605 -5.650 -5.660 -5.668 -5.681 -5.670 -5.609 -5.627 -5.414
5.913e-05 -2.19174 10.17609 0.7486003637 2.3993198872    0.688  3.253  3.6472  0.563    3  0.000  0.536     0.00     0.00 -1 -3.54e-09      0.00 7.590e-01 2.409e-01 1.685e-05 4.620e-06 4.193e-05 -1.000 1.000e-04 -3.362 -3.728 -4.295 -4.745 -5.359 -5.610 -5.661 -5.693 -5.679 -5.239 -5.674 -5.207 -5.547 -5.601 -5.622 -5.631 -5.677 -5.687 -5.695 -5.708 -5.697 -5.635 -5.654 -5.441
5.913e-05 -2.19174 10.17609 0.7486003637 2.3993198872    0.686  1.593  4.0299  3.753    4  0.000  0.533     0.00     0.00 -1    -1e-30      0.00 7.562e-01 2.437e-01 1.688e-05 4.684e-06 4.222e-05 -1.000 1.000e-04 0.788 1.255 1.281 1.322 1.342 1.355 1.364 1.371 1.372 1.336 1.367 1.341 1.344 1.350 1.359 1.364 1.367 1.371 1.372 1.372 1.372 1.372 1.374 1.344
5.913e-05 -2.19174 10.17609 0.7486016154 2.3993206024    0.686  1.603  4.0244  3.721    4  0.000  0.533     0.00     0.00 -1    -1e-30      0.00 7.562e-01 2.437e-01 1.688e-05 4.684e-06 4.222e-05 -1.000 9.999e-05 0.763 1.198 1.220 1.258 1.277 1.288 1.296 1.303 1.303 1.271 1.299 1.275 1.277 1.283 1.292 1.297 1.298 1.303 1.304 1.303 1.303 1.303 1.305 1.278
5.913e-05 -2.19174 10.17609 0.7486395240 2.3993358612    0.686  1.621  4.0158  3.669    4  0.000  0.533     0.00     0.00 -1    -1e-30      0.00 7.562e-01 2.437e-01 1.688e-05 4.684e-06 4.222e-05 -1.000 9.999e-05 0.718 1.106 1.121 1.154 1.170 1.179 1.186 1.192 1.191 1.165 1.188 1.169 1.170 1.175 1.183 1.187 1.187 1.192 1.193 1.191 1.191 1.191 1.193 1.171
5.913e-05 -2.19174 10.17609 0.7486784458 2.3993518353    0.686  1.622  4.0146  3.662    4  0.000  0.533     0.00     0.00 -1    -1e-30      0.00 7.562e-01 2.437e-01 1.688e-05 4.684e-06 4.222e-05 -1.000 9.999e-05 0.714 1.096 1.110 1.142 1.158 1.166 1.173 1.179 1.178 1.153 1.175 1.157 1.158 1.162 1.170 1.174 1.175 1.179 1.180 1.178 1.178 1.178 1.180 1.159
5.913e-05 -2.19174 10.17609 0.7487180233 2.3993678093    0.686  1.623  4.0136  3.658    4  0.000  0.533     0.00     0.00 -1    -1e-30      0.00 7.562e-01 2.437e-01 1.688e-05 4.684e-06 4.222e-05 -1.000 9.999e-05 0.714 1.089 1.103 1.134 1.150 1.158 1.165 1.170 1.170 1.145 1.167 1.149 1.150 1.154 1.162 1.165 1.166 1.170 1.171 1.170 1.170 1.170 1.171 1.151
5.913e-05 -2.19174 10.17609 0.7487586737 2.3993844986    0.686  1.623  4.0123  3.652    4  0.000  0.533     0.00     0.00 -1    -1e-30      0.00 7.562e-01 2.437e-01 1.688e-05 4.684e-06 4.222e-05 -1.000 9.999e-05 0.712 1.081 1.093 1.124 1.139 1.147 1.153 1.159 1.158 1.134 1.155 1.138 1.139 1.143 1.151 1.154 1.154 1.159 1.160 1.158 1.158 1.158 1.159 1.140
5.913e-05 -2.19174 10.17609 0.7487990856 2.3994009495    0.686  1.624  4.0105  3.644    4  0.000  0.533     0.00     0.00 -1    -1e-30      0.00 7.562e-01 2.437e-01 1.688e-05 4.684e-06 4.222e-05 -1.000 1.001e-04 0.710 1.068 1.080 1.109 1.124 1.131 1.137 1.143 1.142 1.119 1.139 1.123 1.124 1.127 1.135 1.138 1.138 1.143 1.144 1.142 1.142 1.142 1.143 1.125
5.913e-05 -2.19174 10.17609 0.7488400340 2.3994176388    0.686  1.625  4.0084  3.634    4  0.000  0.533     0.00     0.00 -1    -1e-30      0.00 7.562e-01 2.437e-01 1.688e-05 4.684e-06 4.222e-05 -1.000 1.000e-04 0.707 1.053 1.063 1.092 1.106 1.112 1.118 1.123 1.122 1.101 1.120 1.105 1.105 1.108 1.116 1.119 1.119 1.123 1.124 1.122 1.122 1.122 1.123 1.106
5.913e-05 -2.19174 10.17609 0.7488811612 2.3994343281    0.686  1.627  4.0058  3.623    4  0.000  0.533     0.00     0.00 -1    -1e-30      0.00 7.562e-01 2.437e-01 1.688e-05 4.684e-06 4.222e-05 -1.000 1.000e-04 0.703 1.035 1.043 1.070 1.083 1.089 1.094 1.099 1.098 1.079 1.096 1.083 1.082 1.085 1.092 1.095 1.095 1.099 1.100 1.098 1.098 1.097 1.099 1.084
5.913e-05 -2.19174 10.17609 0.7489228249 2.3994512558    0.686  1.629  4.0030  3.610    4  0.000  0.533     0.00     0.00 -1    -1e-30      0.00 7.562e-01 2.437e-01 1.688e-05 4.684e-06 4.222e-05 -1.000 1.000e-04 0.698 1.015 1.021 1.046 1.058 1.063 1.068 1.072 1.071 1.054 1.069 1.058 1.057 1.059 1.066 1.069 1.069 1.072 1.073 1.071 1.071 1.071 1.072 1.059
5.913e-05 -2.19174 10.17609 0.7489623427 2.3994674683    0.686  1.631  3.9999  3.595    4  0.000  0.533     0.00     0.00 -1    -1e-30      0.00 7.562e-01 2.437e-01 1.688e-05 4.684e-06 4.222e-05 -1.000 9.999e-05 0.692 0.993 0.996 1.019 1.031 1.034 1.038 1.043 1.042 1.026 1.040 1.030 1.029 1.031 1.037 1.040 1.039 1.043 1.044 1.041 1.041 1.041 1.042 1.030
5.913e-05 -2.19174 10.17609 0.7490018606 2.3994834423    0.686  1.634  3.9966  3.579    4  0.000  0.533     0.00     0.00 -1    -1e-30      0.00 7.562e-01 2.437e-01 1.688e-05 4.684e-06 4.222e-05 -1.000 1.000e-04 0.685 0.968 0.969 0.990 1.000 1.002 1.006 1.010 1.009 0.996 1.008 1.000 0.998 0.999 1.006 1.008 1.007 1.011 1.011 1.009 1.009 1.008 1.010 1.000
5.913e-05 -2.19174 10.17609 0.7490401268 2.3994989395    0.686  1.637  3.9929  3.561    4  0.000  0.533     0.00     0.00 -1    -1e-30      0.00 7.562e-01 2.437e-01 1.688e-05 4.684e-06 4.222e-05 -1.000 9.993e-05 0.678 0.941 0.938 0.957 0.966 0.967 0.970 0.974 0.972 0.962 0.972 0.966 0.964 0.964 0.970 0.972 0.971 0.975 0.975 0.972 0.972 0.972 0.973 0.965
5.913e-05 -2.19174 10.17609 0.7490783334 2.3995146751    0.686  1.640  3.9887  3.541    4  0.000  0.533     0.00     0.00 -1    -1e-30      0.00 7.562e-01 2.437e-01 1.688e-05 4.684e-06 4.222e-05 -1.000 1.000e-04 0.669 0.910 0.904 0.920 0.928 0.928 0.930 0.933 0.931 0.924 0.931 0.929 0.925 0.925 0.930 0.932 0.930 0.934 0.934 0.931 0.931 0.931 0.932 0.927
5.913e-05 -2.19174 10.17609 0.7491173744 2.3995304108    0.686  1.644  3.9843  3.520    4  0.000  0.533     0.00     0.00 -1    -1e-30      0.00 7.562e-01 2.437e-01 1.688e-05 4.684e-06 4.222e-05 -1.000 9.999e-05 0.660 0.878 0.868 0.881 0.887 0.885 0.887 0.889 0.887 0.883 0.888 0.888 0.883 0.883 0.888 0.889 0.887 0.890 0.890 0.887 0.887 0.887 0.888 0.886
5.913e-05 -2.19174 10.17609 0.7491558790 2.3995461464    0.686  1.648  3.9794  3.496    4  0.000  0.533     0.00     0.00 -1    -1e-30      0.00 7.562e-01 2.437e-01 1.688e-05 4.684e-06 4.222e-05 -1.000 1.000e-04 0.650 0.842 0.828 0.838 0.841 0.838 0.840 0.841 0.839 0.839 0.840 0.843 0.837 0.836 0.840 0.842 0.839 0.842 0.842 0.839 0.838 0.838 0.839 0.840
5.913e-05 -2.19174 10.17609 0.7491938472 2.3995616436    0.686  1.652  3.9742  3.471    4  0.000  0.533     0.00     0.00 -1    -1e-30      0.00 7.562e-01 2.437e-01 1.688e-05 4.684e-06 4.222e-05 -1.000 9.993e-05 0.639 0.805 0.786 0.793 0.794 0.789 0.789 0.791 0.788 0.792 0.790 0.796 0.788 0.787 0.791 0.792 0.788 0.791 0.791 0.788 0.787 0.787 0.788 0.792
5.913e-05 -2.19174 10.17609 0.7492352128 2.3995783329    0.687  1.658  3.9683  3.442    4  0.000  0.533     0.00     0.00 -1    -1e-30      0.00 7.562e-01 2.437e-01 1.688e-05 4.684e-06 4.222e-05 -1.000 1.000e-04 0.626 0.763 0.739 0.741 0.739 0.732 0.731 0.732 0.729 0.738 0.732 0.742 0.732 0.730 0.734 0.734 0.730 0.733 0.733 0.730 0.729 0.728 0.729 0.737
5.913e-05 -2.19174 10.17609 0.7492735982 2.3995940685    0.687  1.663  3.9624  3.414    4  0.000  0.533     0.00     0.00 -1    -1e-30      0.00 7.562e-01 2.437e-01 1.688e-05 4.684e-06 4.222e-05 -1.000 1.000e-04 0.614 0.722 0.693 0.690 0.685 0.677 0.674 0.675 0.671 0.684 0.675 0.688 0.677 0.674 0.678 0.677 0.673 0.675 0.675 0.672 0.671 0.670 0.671 0.683
5.913e-05 -2.19174 10.17609 0.7493128777 2.3996100426    0.687  1.668  3.9560  3.383    4  0.000  0.533     0.00     0.00 -1    -1e-30      0.00 7.562e-01 2.437e-01 1.688e-05 4.684e-06 4.222e-05 -1.000 9.997e-05 0.600 0.678 0.644 0.635 0.625 0.615 0.611 0.612 0.607 0.626 0.612 0.629 0.617 0.613 0.616 0.615 0.610 0.612 0.612 0.608 0.607 0.607 0.607 0.623
5.913e-05 -2.19174 10.17609 0.7493512034 2.3996255398    0.687  1.674  3.9494  3.351    4  0.000  0.533     0.00     0.00 -1    -1e-30      0.00 7.562e-01 2.437e-01 1.688e-05 4.684e-06 4.222e-05 -1.000 1.000e-04 0.586 0.634 0.593 0.579 0.565 0.552 0.548 0.547 0.543 0.567 0.547 0.569 0.555 0.551 0.553 0.552 0.546 0.548 0.547 0.543 0.542 0.542 0.542 0.562
5.913e-05 -2.19174 10.17609 0.7493893504 2.3996410370    0.687  1.680  3.9425  3.317    4  0.000  0.533     0.00     0.00 -1    -1e-30      0.00 7.562e-01 2.437e-01 1.688e-05 4.684e-06 4.222e-05 -1.000 9.999e-05 0.571 0.589 0.542 0.521 0.501 0.486 0.481 0.480 0.475 0.505 0.480 0.507 0.491 0.485 0.486 0.485 0.479 0.481 0.480 0.476 0.474 0.474 0.474 0.497
5.913e-05 -2.19174 10.17609 0.7493967414 2.3996441364    0.687  1.681  3.9411  3.310    4  0.000  0.533     0.00     0.00 -1    -1e-30      0.00 7.562e-01 2.437e-01 1.688e-05 4.684e-06 4.222e-05 -1.000 1.000e-04 0.568 0.580 0.532 0.510 0.488 0.473 0.467 0.466 0.461 0.492 0.466 0.494 0.477 0.472 0.473 0.471 0.465 0.467 0.466 0.462 0.461 0.460 0.460 0.484
5.913e-05 -2.19174 10.17609 0.7494039536 2.3996469975    0.687  1.682  3.9398  3.304    4  0.000  0.533     0.00     0.00 -1    -1e-30      0.00 7.562e-01 2.437e-01 1.688e-05 4.684e-06 4.222e-05 -1.000 9.999e-05 0.565 0.572 0.522 0.499 0.476 0.460 0.454 0.453 0.448 0.481 0.454 0.482 0.465 0.460 0.461 0.459 0.452 0.454 0.453 0.449 0.448 0.447 0.447 0.472
5.913e-05 -2.19174 10.17609 0.7494443655 2.3996634483    0.687  1.688  3.9328  3.270    4  0.000  0.533     0.00     0.00 -1    -1e-30      0.00 7.562e-01 2.437e-01 1.688e-05 4.684e-06 4.222e-05 -1.000 9.997e-05 0.550 0.528 0.471 0.441 0.412 0.393 0.386 0.385 0.379 0.418 0.386 0.419 0.399 0.393 0.393 0.391 0.384 0.386 0.385 0.380 0.379 0.378 0.378 0.407
5.913e-05 -2.19174 10.17609 0.7494852543 2.3996801376    0.687  1.695  3.9250  3.232    4  0.000  0.533     0.00     0.00 -1    -1e-30      0.00 7.562e-01 2.437e-01 1.688e-05 4.684e-06 4.222e-05 -1.000 9.999e-05 0.533 0.481 0.415 0.378 0.340 0.319 0.310 0.308 0.302 0.349 0.309 0.348 0.325 0.318 0.318 0.315 0.308 0.309 0.308 0.303 0.302 0.301 0.301 0.334
5.913e-05 -2.19174 10.17609 0.7495247722 2.3996961117    0.687  1.701  3.9172  3.194    4  0.000  0.533     0.00     0.00 -1    -1e-30      0.00 7.562e-01 2.437e-01 1.688e-05 4.684e-06 4.222e-05 -1.000 9.999e-05 0.517 0.435 0.361 0.315 0.268 0.244 0.235 0.232 0.226 0.280 0.234 0.278 0.252 0.244 0.244 0.240 0.232 0.233 0.232 0.227 0.226 0.224 0.225 0.262
5.913e-05 -2.19174 10.17609 0.7495641112 2.3997120857    0.687  1.708  3.9093  3.156    4  0.000  0.533     0.00     0.00 -1    -1e-30      0.00 7.562e-01 2.437e-01 1.688e-05 4.684e-06 4.222e-05 -1.000 9.999e-05 0.500 0.390 0.308 0.253 0.195 0.168 0.158 0.155 0.149 0.211 0.157 0.207 0.176 0.168 0.167 0.163 0.155 0.156 0.155 0.150 0.148 0.147 0.148 0.188
5.913e-05 -2.19174 10.17609 0.7496042252 2.3997282982    0.687  1.715  3.9016  3.118    4  0.000  0.533     0.00     0.00 -1    -1e-30      0.00 7.562e-01 2.437e-01 1.688e-05 4.684e-06 4.222e-05 -1.000 9.993e-05 0.482 0.347 0.256 0.193 0.123 0.093 0.082 0.079 0.073 0.142 0.081 0.136 0.102 0.093 0.092 0.088 0.079 0.080 0.079 0.074 0.072 0.070 0.072 0.114
5.913e-05 -2.19174 10.17609 0.7496434450 2.3997442722    0.687  1.722  3.8936  3.079    4  0.000  0.533     0.00     0.00 -1    -1e-30      0.00 7.562e-01 2.437e-01 1.688e-05 4.684e-06 4.222e-05 -1.000 1.000e-04 0.465 0.304 0.204 0.131 0.049 0.015 0.004 0.000 -0.006 0.072 0.003 0.064 0.025 0.016 0.014 0.009 0.001 0.002 0.000 -0.005 -0.007 -0.009 -0.007 0.038
5.913e-05 -2.19174 10.17609 0.7496823072 2.3997600079    0.687  1.729  3.8867  3.045    4  0.000  0.533     0.00     0.00 -1    -1e-30      0.00 7.562e-01 2.437e-01 1.688e-05 4.684e-06 4.222e-05 -1.000 9.999e-05 0.449 0.268 0.160 0.079 -0.016 -0.053 -0.065 -0.068 -0.074 0.011 -0.066 0.001 -0.043 -0.052 -0.054 -0.059 -0.067 -0.066 -0.068 -0.073 -0.075 -0.077 -0.075 -0.028
5.913e-05 -2.19174 10.17609 0.7497219443 2.3997762203    0.687  1.735  3.8796  3.010    4  0.000  0.533     0.00     0.00 -1    -1e-30      0.00 7.562e-01 2.437e-01 1.688e-05 4.684e-06 4.222e-05 -1.000 9.999e-05 0.432 0.231 0.114 0.024 -0.084 -0.123 -0.135 -0.138 -0.145 -0.053 -0.136 -0.064 -0.112 -0.122 -0.124 -0.129 -0.137 -0.137 -0.139 -0.144 -0.145 -0.148 -0.146 -0.096
5.913e-05 -2.19174 10.17609 0.7497611046 2.3997919559    0.687  1.742  3.8733  2.979    4  0.000  0.533     0.00     0.00 -1    -1e-30      0.00 7.562e-01 2.437e-01 1.688e-05 4.684e-06 4.222e-05 -1.000 9.999e-05 0.416 0.199 0.075 -0.024 -0.144 -0.187 -0.199 -0.202 -0.209 -0.109 -0.200 -0.122 -0.176 -0.186 -0.187 -0.193 -0.201 -0.201 -0.203 -0.208 -0.209 -0.212 -0.210 -0.157
5.913e-05 -2.19174 10.17609 0.7498050928 2.3998098373    0.687  1.752  3.8643  2.932    4  0.000  0.533     0.00     0.00 -1    -1e-30      0.00 7.562e-01 2.437e-01 1.688e-05 4.684e-06 4.222e-05 -1.000 9.993e-05 0.391 0.154 0.017 -0.093 -0.233 -0.279 -0.291 -0.296 -0.302 -0.191 -0.293 -0.207 -0.268 -0.278 -0.280 -0.286 -0.294 -0.294 -0.296 -0.301 -0.302 -0.305 -0.304 -0.248
5.913e-05 -2.19174 10.17609 0.7498454452 2.3998262882    0.687  1.762  3.8550  2.885    4  0.000  0.533     0.00     0.00 -1    -1e-30      0.00 7.562e-01 2.437e-01 1.688e-05 4.684e-06 4.222e-05 -1.000 9.999e-05 0.365 0.110 -0.039 -0.162 -0.321 -0.373 -0.386 -0.390 -0.396 -0.274 -0.388 -0.292 -0.362 -0.372 -0.374 -0.381 -0.388 -0.388 -0.390 -0.395 -0.397 -0.400 -0.398 -0.339
5.913e-05 -2.19174 10.17609 0.7498808503 2.3998405933    0.687  1.776  3.8443  2.829    4  0.000  0.533     0.00     0.00 -1    -1e-30      0.00 7.562e-01 2.437e-01 1.688e-05 4.684e-06 4.222e-05 -1.000 9.993e-05 0.331 0.056 -0.109 -0.247 -0.429 -0.487 -0.501 -0.505 -0.512 -0.375 -0.503 -0.395 -0.475 -0.486 -0.489 -0.496 -0.503 -0.503 -0.505 -0.511 -0.512 -0.516 -0.513 -0.449
5.913e-05 -2.19174 10.17609 0.7499036193 2.3998498917    0.687  1.795  3.8332  2.765    4  0.000  0.533     0.00     0.00 -1    -1e-30      0.00 7.562e-01 2.437e-01 1.688e-05 4.684e-06 4.222e-05 -1.000 9.999e-05 0.283 -0.010 -0.192 -0.345 -0.552 -0.617 -0.632 -0.637 -0.643 -0.492 -0.634 -0.513 -0.605 -0.616 -0.619 -0.627 -0.634 -0.635 -0.637 -0.642 -0.643 -0.648 -0.644 -0.575
5.913e-05 -2.19174 10.17609 0.7499132156 2.3998537064    0.687  1.809  3.8227  2.709    4  0.000  0.533     0.00     0.00 -1    -1e-30      0.00 7.562e-01 2.437e-01 1.688e-05 4.684e-06 4.222e-05 -1.000 1.000e-04 0.247 -0.062 -0.260 -0.427 -0.658 -0.730 -0.746 -0.751 -0.758 -0.591 -0.748 -0.614 -0.717 -0.729 -0.732 -0.741 -0.748 -0.749 -0.752 -0.756 -0.757 -0.762 -0.759 -0.684
5.913e-05 -2.19174 10.17609 0.7499182224 2.3998558521    0.687  1.821  3.8127  2.657    4  0.000  0.533     0.00     0.00 -1    -1e-30      0.00 7.562e-01 2.437e-01 1.688e-05 4.684e-06 4.222e-05 -1.000 1.000e-04 0.218 -0.105 -0.319 -0.500 -0.754 -0.833 -0.850 -0.855 -0.862 -0.681 -0.852 -0.704 -0.819 -0.832 -0.835 -0.845 -0.851 -0.853 -0.856 -0.860 -0.861 -0.867 -0.863 -0.783
5.913e-05 -2.19174 10.17609 0.7499217987 2.3998572826    0.687  1.833  3.8015  2.600    4  0.000  0.533     0.00     0.00 -1    -1e-30      0.00 7.562e-01 2.437e-01 1.688e-05 4.684e-06 4.222e-05 -1.000 9.999e-05 0.188 -0.149 -0.380 -0.578 -0.857 -0.945 -0.963 -0.968 -0.975 -0.778 -0.965 -0.801 -0.930 -0.944 -0.947 -0.958 -0.964 -0.966 -0.969 -0.974 -0.975 -0.980 -0.976 -0.889
5.913e-05 -2.19174 10.17609 0.7499235868 2.3998579979    0.687  1.841  3.7932  2.559    4  0.000  0.533     0.00     0.00 -1    -1e-30      0.00 7.562e-01 2.437e-01 1.688e-05 4.684e-06 4.222e-05 -1.000 9.993e-05 0.168 -0.179 -0.423 -0.633 -0.931 -1.025 -1.044 -1.050 -1.057 -0.848 -1.047 -0.870 -1.010 -1.024 -1.028 -1.039 -1.045 -1.047 -1.051 -1.056 -1.057 -1.062 -1.058 -0.965
5.913e-05 -2.19174 10.17609 0.7499248385 2.3998584747    0.687  1.848  3.7855  2.521    4  0.000  0.533     0.00     0.00 -1    -1e-30      0.00 7.562e-01 2.437e-01 1.688e-05 4.684e-06 4.222e-05 -1.000 9.999e-05 0.150 -0.205 -0.463 -0.683 -0.999 -1.100 -1.120 -1.126 -1.133 -0.912 -1.123 -0.934 -1.083 -1.099 -1.103 -1.115 -1.121 -1.124 -1.127 -1.132 -1.133 -1.138 -1.135 -1.035
5.913e-05 -2.19174 10.17609 0.7499261498 2.3998589516    0.687  1.858  3.7759  2.473    4  0.000  0.533     0.00     0.00 -1    -1e-30      0.00 7.562e-01 2.437e-01 1.688e-05 4.684e-06 4.222e-05 -1.000 9.999e-05 0.126 -0.238 -0.512 -0.746 -1.084 -1.194 -1.216 -1.222 -1.229 -0.994 -1.218 -1.013 -1.175 -1.193 -1.197 -1.210 -1.217 -1.220 -1.223 -1.228 -1.229 -1.235 -1.231 -1.124
5.913e-05 -2.19174 10.17609 0.7499273419 2.3998594284    0.687  1.868  3.7670  2.427    4  0.000  0.533     0.00     0.00 -1    -1e-30      0.00 7.562e-01 2.437e-01 1.688e-05 4.684e-06 4.222e-05 -1.000 9.991e-05 0.099 -0.273 -0.563 -0.810 -1.167 -1.285 -1.308 -1.315 -1.323 -1.073 -1.311 -1.090 -1.265 -1.283 -1.288 -1.302 -1.309 -1.312 -1.316 -1.322 -1.323 -1.329 -1.325 -1.210
5.913e-05 -2.19174 10.17609 0.7499285340 2.3998601437    0.687  1.883  3.7586  2.379    4  0.000  0.533     0.00     0.00 -1    -1e-30      0.00 7.562e-01 2.437e-01 1.688e-05 4.684e-06 4.222e-05 -1.000 1.000e-04 0.063 -0.316 -0.621 -0.880 -1.256 -1.382 -1.406 -1.414 -1.423 -1.158 -1.410 -1.173 -1.360 -1.380 -1.385 -1.400 -1.408 -1.411 -1.415 -1.421 -1.422 -1.428 -1.424 -1.301
5.913e-05 -2.19174 10.17609 0.7499297857 2.3998606205    0.687  1.903  3.7507  2.327    4  0.000  0.533     0.00     0.00 -1    -1e-30      0.00 7.562e-01 2.437e-01 1.688e-05 4.684e-06 4.222e-05 -1.000 9.999e-05 0.013 -0.371 -0.690 -0.961 -1.354 -1.488 -1.514 -1.522 -1.532 -1.254 -1.518 -1.267 -1.464 -1.486 -1.492 -1.508 -1.515 -1.519 -1.524 -1.530 -1.531 -1.537 -1.533 -1.401
5.913e-05 -2.19174 10.17609 0.7499307990 2.3998608589    0.687  1.928  3.7430  2.271    4  0.000  0.533     0.00     0.00 -1    -1e-30      0.00 7.562e-01 2.437e-01 1.688e-05 4.684e-06 4.222e-05 -1.000 9.997e-05 -0.050 -0.440 -0.773 -1.055 -1.465 -1.607 -1.635 -1.644 -1.653 -1.363 -1.639 -1.373 -1.581 -1.604 -1.611 -1.628 -1.637 -1.641 -1.645 -1.651 -1.653 -1.659 -1.655 -1.515
5.913e-05 -2.19174 10.17609 0.7499312758 2.3998610973    0.687  1.944  3.7393  2.241    4  0.000  0.533     0.00     0.00 -1    -1e-30      0.00 7.562e-01 2.437e-01 1.688e-05 4.684e-06 4.222e-05 -1.000 9.999e-05 -0.089 -0.481 -0.821 -1.108 -1.526 -1.672 -1.700 -1.709 -1.719 -1.423 -1.704 -1.432 -1.645 -1.669 -1.676 -1.693 -1.702 -1.706 -1.711 -1.717 -1.719 -1.725 -1.721 -1.577
5.913e-05 -2.19174 10.17609 0.7499313354 2.3998610973    0.687  1.944  3.7393  2.240    7  0.000  0.533     0.00     0.00 -1    -1e-30      0.00 7.562e-01 2.437e-01 1.688e-05 4.684e-06 4.222e-05 -1.000 9.999e-05 -0.090 -0.482 -0.822 -1.110 -1.527 -1.673 -1.702 -1.711 -1.721 -1.424 -1.706 -1.433 -1.646 -1.670 -1.678 -1.695 -1.704 -1.708 -1.712 -1.719 -1.720 -1.727 -1.723 -1.579
5.913e-05 -2.19174 10.17609 0.7499319315 2.3998613358    0.687  1.973  3.7345  2.193    7  0.000  0.533     0.00     0.00 -1    -1e-30      0.00 7.562e-01 2.437e-01 1.688e-05 4.684e-06 4.222e-05 -1.000 1.000e-04 -0.161 -0.557 -0.905 -1.200 -1.628 -1.779 -1.809 -1.818 -1.828 -1.523 -1.813 -1.530 -1.750 -1.776 -1.784 -1.802 -1.811 -1.815 -1.820 -1.827 -1.828 -1.835 -1.831 -1.681
5.913e-05 -2.19174 10.17609 0.7499327064 2.3998618126    0.687  2.008  3.7296  2.137    7  0.000  0.533     0.00     0.00 -1    -1e-30      0.00 7.562e-01 2.437e-01 1.688e-05 4.684e-06 4.222e-05 -1.000 1.000e-04 -0.250 -0.649 -1.006 -1.309 -1.747 -1.903 -1.935 -1.945 -1.955 -1.641 -1.939 -1.646 -1.873 -1.900 -1.908 -1.927 -1.937 -1.942 -1.946 -1.953 -1.955 -1.961 -1.957 -1.801
5.913e-05 -2.19174 10.17609 0.7499333620 2.3998620510    0.687  2.037  3.7261  2.094    7  0.000  0.533     0.00     0.00 -1    -1e-30      0.00 7.562e-01 2.437e-01 1.688e-05 4.684e-06 4.222e-05 -1.000 9.999e-05 -0.323 -0.724 -1.088 -1.396 -1.841 -2.001 -2.033 -2.044 -2.054 -1.734 -2.038 -1.738 -1.970 -1.998 -2.006 -2.025 -2.036 -2.041 -2.045 -2.053 -2.054 -2.061 -2.057 -1.897
5.913e-05 -2.19174 10.17609 0.7499341369 2.3998622894    0.687  2.057  3.7243  2.067    7  0.000  0.533     0.00     0.00 -1    -1e-30      0.00 7.562e-01 2.437e-01 1.688e-05 4.684e-06 4.222e-05 -1.000 1.000e-04 -0.372 -0.774 -1.141 -1.452 -1.901 -2.063 -2.096 -2.107 -2.117 -1.794 -2.101 -1.797 -2.032 -2.060 -2.069 -2.088 -2.099 -2.104 -2.108 -2.116 -2.117 -2.124 -2.120 -1.958
5.913e-05 -2.19174 10.17609 0.7499351501 2.3998627663    0.687  2.074  3.7229  2.045    7  0.000  0.533     0.00     0.00 -1    -1e-30      0.00 7.562e-01 2.437e-01 1.688e-05 4.684e-06 4.222e-05 -1.000 1.001e-04 -0.414 -0.816 -1.186 -1.499 -1.951 -2.114 -2.148 -2.159 -2.169 -1.844 -2.153 -1.846 -2.083 -2.111 -2.120 -2.140 -2.151 -2.156 -2.160 -2.168 -2.169 -2.176 -2.172 -2.008
5.913e-05 -2.19174 10.17609 0.7499371171 2.3998634815    0.687  2.086  3.7220  2.029    7  0.000  0.533     0.00     0.00 -1    -1e-30      0.00 7.562e-01 2.437e-01 1.688e-05 4.684e-06 4.222e-05 -1.000 9.990e-05 -0.444 -0.846 -1.219 -1.533 -1.987 -2.151 -2.185 -2.196 -2.206 -1.879 -2.190 -1.881 -2.119 -2.148 -2.157 -2.177 -2.188 -2.193 -2.197 -2.205 -2.206 -2.213 -2.209 -2.044
5.913e-05 -2.19174 10.17609 0.7499402165 2.3998646736    0.687  2.079  3.7223  2.037    7  0.000  0.533     0.00     0.00 -1    -1e-30      0.00 7.562e-01 2.437e-01 1.688e-05 4.684e-06 4.222e-05 -1.000 9.999e-05 -0.428 -0.830 -1.202 -1.515 -1.969 -2.133 -2.166 -2.177 -2.188 -1.861 -2.171 -1.863 -2.101 -2.129 -2.139 -2.158 -2.169 -2.174 -2.179 -2.186 -2.188 -2.194 -2.190 -2.026
5.913e-05 -2.19174 10.17609 0.7499598265 2.3998727798    0.687  2.106  3.7190  1.997    7  0.000  0.533     0.00     0.00 -1    -1e-30      0.00 7.562e-01 2.437e-01 1.688e-05 4.684e-06 4.222e-05 -1.000 9.993e-05 -0.494 -0.897 -1.276 -1.595 -2.055 -2.223 -2.257 -2.269 -2.280 -1.947 -2.263 -1.947 -2.190 -2.219 -2.229 -2.249 -2.260 -2.266 -2.270 -2.278 -2.280 -2.286 -2.282 -2.113
5.913e-05 -2.19174 10.17609 0.7499724030 2.3998777866    0.687  2.149  3.7151  1.939    7  0.000  0.533     0.00     0.00 -1    -1e-30      0.00 7.562e-01 2.437e-01 1.688e-05 4.684e-06 4.222e-05 -1.000 1.001e-04 -0.602 -1.006 -1.393 -1.718 -2.186 -2.358 -2.394 -2.405 -2.417 -2.077 -2.399 -2.075 -2.323 -2.354 -2.364 -2.386 -2.397 -2.402 -2.407 -2.415 -2.417 -2.422 -2.419 -2.245
5.913e-05 -2.19174 10.17609 0.7499908805 2.3998854160    0.687  2.207  3.7105  1.862    7  0.000  0.533     0.00     0.00 -1    -1e-30      0.00 7.562e-01 2.437e-01 1.688e-05 4.684e-06 4.222e-05 -1.000 9.997e-05 -0.747 -1.154 -1.550 -1.882 -2.359 -2.537 -2.573 -2.586 -2.597 -2.249 -2.579 -2.246 -2.500 -2.532 -2.543 -2.565 -2.576 -2.582 -2.587 -2.595 -2.597 -2.603 -2.600 -2.420
5.913e-05 -2.19174 10.17609 0.7500060201 2.3998913765    0.687  2.250  3.7076  1.808    7  0.000  0.533     0.00     0.00 -1    -1e-30      0.00 7.562e-01 2.437e-01 1.688e-05 4.684e-06 4.222e-05 -1.000 1.000e-04 -0.855 -1.263 -1.665 -2.001 -2.484 -2.665 -2.703 -2.716 -2.727 -2.374 -2.709 -2.369 -2.628 -2.661 -2.672 -2.695 -2.706 -2.713 -2.718 -2.726 -2.728 -2.733 -2.730 -2.546
5.913e-05 -2.19174 10.17609 0.7500195503 2.3998968601    0.687  2.292  3.7049  1.755    7  0.000  0.533     0.00     0.00 -1    -1e-30      0.00 7.562e-01 2.437e-01 1.688e-05 4.684e-06 4.222e-05 -1.000 1.000e-04 -0.960 -1.369 -1.777 -2.117 -2.606 -2.790 -2.829 -2.842 -2.853 -2.495 -2.835 -2.489 -2.752 -2.785 -2.797 -2.820 -2.832 -2.839 -2.844 -2.852 -2.854 -2.859 -2.856 -2.668
5.913e-05 -2.19174 10.17609 0.7500315309 2.3999018669    0.687  2.334  3.7023  1.703    7  0.000  0.533     0.00     0.00 -1    -1e-30      0.00 7.562e-01 2.437e-01 1.688e-05 4.685e-06 4.222e-05 -1.000 9.999e-05 -1.064 -1.474 -1.887 -2.232 -2.725 -2.913 -2.952 -2.966 -2.977 -2.615 -2.958 -2.607 -2.873 -2.908 -2.920 -2.943 -2.956 -2.963 -2.968 -2.976 -2.978 -2.982 -2.980 -2.789
5.913e-05 -2.19174 10.17609 0.7500421405 2.3999061584    0.687  2.375  3.6998  1.651    7  0.000  0.533     0.00     0.00 -1    -1e-30      0.00 7.562e-01 2.437e-01 1.686e-05 4.689e-06 4.222e-05 -1.000 9.999e-05 -1.168 -1.578 -1.997 -2.345 -2.844 -3.034 -3.074 -3.088 -3.100 -2.733 -3.080 -2.724 -2.994 -3.029 -3.041 -3.065 -3.078 -3.085 -3.090 -3.099 -3.100 -3.105 -3.102 -2.909
5.913e-05 -2.19174 10.17609 0.7500514388 2.3999099731    0.687  2.416  3.6975  1.601    7  0.000  0.530     0.00     0.00 -1    -1e-30      0.00 7.562e-01 2.437e-01 1.680e-05 4.719e-06 4.222e-05 -1.000 1.000e-04 -1.270 -1.681 -2.104 -2.457 -2.961 -3.153 -3.194 -3.208 -3.220 -2.849 -3.200 -2.839 -3.113 -3.148 -3.161 -3.184 -3.198 -3.205 -3.210 -3.219 -3.220 -3.225 -3.223 -3.026
5.913e-05 -2.19174 10.17609 0.7500597239 2.3999133110    0.687  2.457  3.6951  1.551    7  0.000  0.524     0.00     0.00 -1    -1e-30      0.00 7.562e-01 2.437e-01 1.660e-05 4.866e-06 4.222e-05 -1.000 9.993e-05 -1.371 -1.783 -2.212 -2.567 -3.076 -3.272 -3.313 -3.327 -3.339 -2.964 -3.319 -2.954 -3.230 -3.267 -3.279 -3.303 -3.317 -3.324 -3.329 -3.338 -3.339 -3.344 -3.342 -3.143
5.913e-05 -2.19174 10.17609 0.7500672936 2.3999164104    0.687  2.498  3.6928  1.501    7  0.000  0.512     0.00     0.00 -1    -1e-30      0.00 7.562e-01 2.437e-01 1.620e-05 5.272e-06 4.222e-05 -1.000 1.000e-04 -1.474 -1.885 -2.319 -2.679 -3.193 -3.391 -3.433 -3.448 -3.459 -3.080 -3.439 -3.069 -3.348 -3.386 -3.398 -3.423 -3.437 -3.444 -3.450 -3.459 -3.459 -3.463 -3.461 -3.260
5.913e-05 -2.19174 10.17609 0.7500742078 2.3999190331    0.687  2.538  3.6905  1.451    7  0.000  0.493     0.00     0.00 -1    -1e-30      0.00 7.561e-01 2.438e-01 1.562e-05 5.931e-06 4.222e-05 -1.000 1.000e-04 -1.576 -1.988 -2.427 -2.790 -3.309 -3.509 -3.553 -3.568 -3.579 -3.196 -3.559 -3.183 -3.466 -3.504 -3.517 -3.542 -3.557 -3.564 -3.570 -3.579 -3.579 -3.581 -3.580 -3.377
5.913e-05 -2.19174 10.17609 0.7500806451 2.3999216557    0.687  2.579  3.6883  1.401    7  0.000  0.475     0.00     0.00 -1    -1e-30      0.00 7.560e-01 2.439e-01 1.504e-05 6.644e-06 4.222e-05 -1.000 1.000e-04 -1.678 -2.090 -2.534 -2.901 -3.424 -3.627 -3.671 -3.687 -3.697 -3.311 -3.678 -3.297 -3.583 -3.622 -3.635 -3.660 -3.676 -3.683 -3.689 -3.698 -3.698 -3.699 -3.699 -3.493
5.913e-05 -2.19174 10.17609 0.7500867248 2.3999242783    0.687  2.620  3.6860  1.351    7  0.000  0.459     0.00     0.00 -1    -1e-30      0.00 7.558e-01 2.441e-01 1.453e-05 7.275e-06 4.223e-05 -1.000 1.001e-04 -1.780 -2.192 -2.642 -3.013 -3.540 -3.746 -3.791 -3.807 -3.817 -3.427 -3.798 -3.412 -3.701 -3.740 -3.754 -3.780 -3.796 -3.803 -3.809 -3.818 -3.818 -3.818 -3.818 -3.609
5.913e-05 -2.19174 10.17609 0.7500925064 2.3999266624    0.687  2.661  3.6838  1.302    7  0.000  0.445     0.00     0.00 -1    -1e-30      0.00 7.556e-01 2.443e-01 1.408e-05 7.822e-06 4.223e-05 -1.000 1.000e-04 -1.882 -2.294 -2.749 -3.124 -3.656 -3.864 -3.910 -3.926 -3.936 -3.542 -3.917 -3.527 -3.818 -3.858 -3.873 -3.898 -3.915 -3.922 -3.928 -3.938 -3.937 -3.936 -3.937 -3.726
5.913e-05 -2.19174 10.17609 0.7500980496 2.3999288082    0.687  2.701  3.6815  1.252    7  0.000  0.433     0.00     0.00 -1    -1e-30      0.00 7.553e-01 2.446e-01 1.370e-05 8.294e-06 4.224e-05 -1.000 1.001e-04 -1.984 -2.395 -2.856 -3.235 -3.772 -3.982 -4.029 -4.045 -4.055 -3.657 -4.036 -3.641 -3.936 -3.976 -3.991 -4.017 -4.034 -4.041 -4.047 -4.057 -4.057 -4.054 -4.055 -3.842
5.913e-05 -2.19174 10.17609 0.7501032352 2.3999309540    0.688  2.742  3.6793  1.202    7  0.000  0.422     0.00     0.00 -1    -1e-30      0.00 7.551e-01 2.448e-01 1.338e-05 8.695e-06 4.223e-05 -1.000 1.001e-04 -2.085 -2.496 -2.963 -3.346 -3.887 -4.100 -4.147 -4.164 -4.173 -3.772 -4.155 -3.755 -4.052 -4.094 -4.109 -4.135 -4.153 -4.160 -4.166 -4.176 -4.175 -4.170 -4.172 -3.958
5.913e-05 -2.19174 10.17609 0.7501079440 2.3999328613    0.688  2.782  3.6771  1.154    7  0.000  0.414     0.00     0.00 -1    -1e-30      0.00 7.548e-01 2.451e-01 1.311e-05 9.029e-06 4.221e-05 -1.000 1.001e-04 -2.185 -2.594 -3.067 -3.454 -4.000 -4.215 -4.263 -4.281 -4.288 -3.884 -4.271 -3.866 -4.167 -4.209 -4.224 -4.250 -4.269 -4.276 -4.283 -4.293 -4.291 -4.284 -4.286 -4.071
5.913e-05 -2.19174 10.17609 0.7501117587 2.3999342918    0.688  2.820  3.6750  1.108    7  0.000  0.408     0.00     0.00 -1    -1e-30      0.00 7.546e-01 2.453e-01 1.290e-05 9.302e-06 4.218e-05 -1.000 9.999e-05 -2.279 -2.687 -3.165 -3.556 -4.107 -4.325 -4.373 -4.391 -4.398 -3.991 -4.381 -3.972 -4.275 -4.318 -4.334 -4.360 -4.379 -4.387 -4.393 -4.404 -4.402 -4.392 -4.395 -4.179
5.913e-05 -2.19174 10.17609 0.7501149774 2.3999357224    0.688  2.858  3.6728  1.061    7  0.000  0.402     0.00     0.00 -1    -1e-30      0.00 7.543e-01 2.456e-01 1.270e-05 9.550e-06 4.213e-05 -1.000 1.001e-04 -2.374 -2.781 -3.265 -3.660 -4.215 -4.436 -4.484 -4.503 -4.509 -4.099 -4.493 -4.079 -4.386 -4.429 -4.445 -4.471 -4.491 -4.499 -4.505 -4.516 -4.513 -4.501 -4.504 -4.289
5.913e-05 -2.19174 10.17609 0.7501177788 2.3999369144    0.688  2.895  3.6707  1.015    7  0.000  0.397     0.00     0.00 -1    -1e-30      0.00 7.540e-01 2.459e-01 1.254e-05 9.778e-06 4.205e-05 -1.000 1.000e-04 -2.467 -2.873 -3.363 -3.762 -4.322 -4.545 -4.594 -4.613 -4.618 -4.205 -4.602 -4.184 -4.494 -4.538 -4.554 -4.579 -4.600 -4.609 -4.615 -4.626 -4.623 -4.607 -4.612 -4.396
5.913e-05 -2.19174 10.17609 0.7501205802 2.3999378681    0.688  2.936  3.6683  0.964    7  0.000  0.394     0.00     0.00 -1    -1e-30      0.00 7.538e-01 2.461e-01 1.238e-05 1.001e-05 4.195e-05 -1.000 1.000e-04 -2.570 -2.975 -3.471 -3.875 -4.440 -4.665 -4.715 -4.735 -4.738 -4.323 -4.724 -4.300 -4.613 -4.658 -4.675 -4.700 -4.722 -4.731 -4.737 -4.748 -4.744 -4.725 -4.731 -4.514
5.913e-05 -2.19174 10.17609 0.7501229644 2.3999388218    0.688  2.973  3.6661  0.919    7  0.000  0.391     0.00     0.00 -1    -1e-30      0.00 7.536e-01 2.463e-01 1.228e-05 1.020e-05 4.184e-05 -1.000 9.994e-05 -2.663 -3.065 -3.568 -3.976 -4.546 -4.773 -4.824 -4.845 -4.846 -4.428 -4.833 -4.405 -4.720 -4.766 -4.783 -4.808 -4.831 -4.840 -4.847 -4.858 -4.853 -4.831 -4.838 -4.621
5.913e-05 -2.19174 10.17609 0.7501255274 2.3999400139    0.688  3.061  3.6608  0.810    7  0.000  0.388     0.00     0.00 -1    -1e-30      0.00 7.530e-01 2.469e-01 1.205e-05 1.078e-05 4.145e-05 -1.000 1.000e-04 -2.882 -3.277 -3.797 -4.216 -4.797 -5.031 -5.082 -5.105 -5.103 -4.679 -5.092 -4.653 -4.975 -5.023 -5.041 -5.063 -5.091 -5.100 -5.108 -5.119 -5.113 -5.081 -5.091 -4.874
5.913e-05 -2.19174 10.17609 0.7501256466 2.3999400139    0.688  3.067  3.6604  0.802    7  0.000  0.387     0.00     0.00 -1    -1e-30      0.00 7.530e-01 2.469e-01 1.203e-05 1.082e-05 4.142e-05 -1.000 1.000e-04 -2.898 -3.293 -3.814 -4.234 -4.816 -5.050 -5.101 -5.125 -5.123 -4.698 -5.112 -4.672 -4.994 -5.042 -5.061 -5.083 -5.111 -5.120 -5.127 -5.139 -5.132 -5.100 -5.110 -4.893
5.913e-05 -2.19174 10.17609 0.7501258254 2.3999400139    0.688  3.075  3.6599  0.793    7  0.000  0.387     0.00     0.00 -1    -1e-30      0.00 7.529e-01 2.470e-01 1.202e-05 1.087e-05 4.139e-05 -1.000 1.000e-04 -2.916 -3.311 -3.833 -4.254 -4.837 -5.072 -5.123 -5.147 -5.144 -4.719 -5.133 -4.693 -5.016 -5.063 -5.082 -5.104 -5.133 -5.142 -5.149 -5.161 -5.154 -5.120 -5.131 -4.914
5.913e-05 -2.19174 10.17609 0.7501260042 2.3999400139    0.688  3.081  3.6595  0.784    7  0.000  0.387     0.00     0.00 -1    -1e-30      0.00 7.529e-01 2.470e-01 1.200e-05 1.092e-05 4.135e-05 -1.000 9.996e-05 -2.933 -3.327 -3.850 -4.272 -4.856 -5.091 -5.142 -5.166 -5.163 -4.737 -5.153 -4.712 -5.035 -5.083 -5.101 -5.123 -5.152 -5.161 -5.169 -5.180 -5.173 -5.139 -5.150 -4.933
5.913e-05 -2.19174 10.17609 0.7501261830 2.3999402523    0.688  3.090  3.6590  0.773    7  0.000  0.387     0.00     0.00 -1    -1e-30      0.00 7.528e-01 2.471e-01 1.197e-05 1.099e-05 4.130e-05 -1.000 1.000e-04 -2.956 -3.349 -3.874 -4.297 -4.882 -5.118 -5.169 -5.194 -5.190 -4.764 -5.180 -4.738 -5.062 -5.110 -5.129 -5.150 -5.180 -5.189 -5.196 -5.208 -5.201 -5.165 -5.176 -4.960
5.913e-05 -2.19174 10.17609 0.7501264215 2.3999402523    0.688  3.116  3.6573  0.740    7  0.000  0.385     0.00     0.00 -1    -1e-30      0.00 7.525e-01 2.474e-01 1.187e-05 1.132e-05 4.106e-05 -1.000 9.988e-05 -3.021 -3.411 -3.943 -4.369 -4.957 -5.195 -5.247 -5.272 -5.267 -4.839 -5.258 -4.812 -5.138 -5.187 -5.206 -5.227 -5.258 -5.267 -5.274 -5.286 -5.278 -5.240 -5.252 -5.035
5.913e-05 -2.19174 10.17609 0.7501267791 2.3999404907    0.688  3.158  3.6546  0.688    7  0.000  0.384     0.00     0.00 -1    -1e-30      0.00 7.520e-01 2.479e-01 1.171e-05 1.185e-05 4.066e-05 -1.000 8.838e-05 -3.124 -3.512 -4.052 -4.483 -5.078 -5.319 -5.371 -5.397 -5.390 -4.959 -5.382 -4.931 -5.260 -5.310 -5.330 -5.349 -5.383 -5.392 -5.400 -5.412 -5.403 -5.359 -5.373 -5.157
5.913e-05 -2.19174 10.17609 0.7501271367 2.3999404907    0.688  3.414  3.6091  0.249    8  0.549  0.390   100.70    45.40  1 -1.65e-06      0.00 7.290e-01 2.706e-01 6.375e-05 5.931e-05 2.177e-04 -1.000 3.690e-04 -3.766 -3.949 -4.663 -5.223 -5.961 -6.280 -6.316 -6.382 -6.346 -5.837 -6.345 -5.774 -6.187 -6.266 -6.297 -6.247 -6.362 -6.374 -6.384 -6.404 -6.382 -6.251 -6.282 -6.060
5.913e-05 -2.19174 10.17609 0.7501271963 2.3999407291    0.688  3.292  3.6151  0.396    8  0.549  0.390    73.42    34.55  1 -9.46e-07      0.00 7.290e-01 2.706e-01 6.375e-05 5.931e-05 2.177e-04 -1.000 3.690e-04 -3.459 -3.685 -4.363 -4.902 -5.622 -5.930 -5.967 -6.027 -5.992 -5.497 -5.993 -5.440 -5.842 -5.916 -5.945 -5.905 -6.008 -6.019 -6.029 -6.047 -6.026 -5.903 -5.932 -5.718
5.913e-05 -2.19174 10.17609 0.7501272559 2.3999407291    0.688  3.142  3.6288  0.601    8  0.549  0.390    47.18    23.57  1 -4.67e-07      0.00 7.290e-01 2.706e-01 6.375e-05 5.931e-05 2.177e-04 -1.000 3.690e-04 -3.084 -3.382 -4.002 -4.499 -5.174 -5.456 -5.500 -5.547 -5.519 -5.050 -5.520 -5.004 -5.380 -5.444 -5.470 -5.452 -5.530 -5.540 -5.549 -5.565 -5.547 -5.446 -5.472 -5.264
5.913e-05 -2.19174 10.17609 0.7501273751 2.3999407291    0.688  2.925  3.6485  0.896    8  0.549  0.390    24.96    13.59  1 -1.62e-07      0.00 7.290e-01 2.706e-01 6.375e-05 5.931e-05 2.177e-04 -1.000 3.691e-04 -2.543 -2.909 -3.460 -3.906 -4.522 -4.775 -4.826 -4.855 -4.843 -4.402 -4.838 -4.369 -4.711 -4.765 -4.786 -4.798 -4.841 -4.850 -4.858 -4.870 -4.859 -4.803 -4.819 -4.604
5.913e-05 -2.19174 10.17609 0.7501274943 2.3999407291    0.688  2.930  3.6480  0.889    8  0.549  0.390    25.34    13.77  1 -1.66e-07      0.00 7.290e-01 2.706e-01 6.375e-05 5.931e-05 2.177e-04 -1.000 3.690e-04 -2.556 -2.921 -3.473 -3.920 -4.537 -4.791 -4.841 -4.872 -4.859 -4.417 -4.854 -4.384 -4.727 -4.781 -4.802 -4.814 -4.857 -4.866 -4.874 -4.887 -4.876 -4.818 -4.834 -4.619
5.913e-05 -2.19174 10.17609 0.7501277328 2.3999407291    0.688  3.002  3.6414  0.791    8  0.550  0.390    31.32    16.53  1 -2.38e-07      0.00 7.290e-01 2.706e-01 6.375e-05 5.931e-05 2.177e-04 -1.000 3.690e-04 -2.735 -3.082 -3.656 -4.119 -4.755 -5.017 -5.066 -5.102 -5.083 -4.633 -5.081 -4.596 -4.949 -5.007 -5.029 -5.032 -5.086 -5.095 -5.104 -5.117 -5.104 -5.031 -5.051 -4.839
5.913e-05 -2.19174 10.17609 0.7501279712 2.3999409676    0.688  3.158  3.6273  0.579    8  0.550  0.390    49.54    24.56  1 -5.05e-07      0.00 7.290e-01 2.706e-01 6.375e-05 5.931e-05 2.177e-04 -1.000 3.690e-04 -3.125 -3.417 -4.042 -4.544 -5.223 -5.507 -5.551 -5.599 -5.570 -5.099 -5.572 -5.052 -5.430 -5.496 -5.521 -5.501 -5.582 -5.592 -5.601 -5.617 -5.599 -5.495 -5.521 -5.313
5.913e-05 -2.19174 10.17609 0.7501282096 2.3999409676    0.688  3.298  3.6145  0.387    8  0.550  0.390    74.94    35.10  1 -9.75e-07      0.00 7.290e-01 2.706e-01 6.375e-05 5.931e-05 2.177e-04 -1.000 3.690e-04 -3.476 -3.698 -4.378 -4.920 -5.641 -5.950 -5.988 -6.048 -6.013 -5.517 -6.014 -5.459 -5.862 -5.937 -5.965 -5.925 -6.029 -6.040 -6.050 -6.068 -6.047 -5.923 -5.953 -5.738
5.913e-05 -2.19174 10.17609 0.7501285672 2.3999412060    0.688  3.392  3.6059  0.259    8  0.551  0.390    98.84    44.57  1  -1.5e-06      0.00 7.290e-01 2.706e-01 6.375e-05 5.931e-05 2.177e-04 -1.000 3.690e-04 -3.710 -3.873 -4.598 -5.168 -5.918 -6.245 -6.279 -6.347 -6.311 -5.795 -6.309 -5.727 -6.148 -6.231 -6.262 -6.209 -6.327 -6.339 -6.350 -6.370 -6.348 -6.214 -6.245 -6.019
5.913e-05 -2.19174 10.17609 0.7501289248 2.3999412060    0.688  3.444  3.6012  0.188    8  0.551  0.390   115.20    50.85  0  -1.9e-06      0.00 7.290e-01 2.706e-01 6.375e-05 5.931e-05 2.177e-04 -1.000 3.690e-04 -3.840 -3.967 -4.717 -5.304 -6.070 -6.408 -6.440 -6.512 -6.476 -5.948 -6.473 -5.874 -6.306 -6.393 -6.426 -6.366 -6.492 -6.504 -6.516 -6.537 -6.514 -6.376 -6.407 -6.174
5.913e-05 -2.19174 10.17609 0.7501293421 2.3999414444    0.688  3.470  3.5987  0.152    8  0.552  0.390   124.58    54.37  0 -2.14e-06      0.00 7.290e-01 2.706e-01 6.375e-05 5.931e-05 2.177e-04 -1.000 3.690e-04 -3.906 -4.014 -4.778 -5.373 -6.148 -6.491 -6.522 -6.597 -6.560 -6.026 -6.556 -5.949 -6.387 -6.476 -6.510 -6.446 -6.576 -6.589 -6.600 -6.622 -6.598 -6.459 -6.490 -6.252
5.913e-05 -2.19174 10.17609 0.7501297593 2.3999416828    0.688  3.487  3.5984  0.134    8  0.552  0.390   129.61    56.21  0 -2.31e-06      0.00 7.290e-01 2.706e-01 6.375e-05 5.931e-05 2.177e-04 -1.000 3.690e-04 -3.948 -4.053 -4.820 -5.417 -6.192 -6.536 -6.567 -6.642 -6.606 -6.070 -6.601 -5.993 -6.431 -6.520 -6.555 -6.490 -6.621 -6.634 -6.646 -6.667 -6.643 -6.504 -6.535 -6.297
5.913e-05 -2.19174 10.17609 0.7501314878 2.3999423981    0.554 -9.999  4.0000  1.705    9  0.554  0.000     0.00     0.00 -1    -1e-30      0.00 7.290e-01 2.706e-01 6.375e-05 5.931e-05 2.177e-04 -1.000 3.690e-04 29.767 30.076 30.060 30.107 30.111 30.112 30.112 30.116 30.112 30.108 30.114 30.117 30.097 30.105 30.117 30.117 30.113 30.117 30.117 30.111 30.112 30.110 30.113 30.107
#isochrone terminated
