# File generated by CMD 3.3 (http://stev.oapd.inaf.it/cmd) on Mon Apr  6 22:04:47 CEST 2020
# isochrones based on PARSEC release v1.2S +  COLIBRI S_35
# Basic references: Bressan et al. (2012), MNRAS, 427, 127 + Chen et al. (2014, 2015), MNRAS, 444, 2525 + MNRAS, 452, 1068 + Tang et al. (2014), MNRAS, 445, 4287 + Marigo et al. (2017), ApJ, 835, 77 + Pastorelli al. (2019), MNRAS in press
# Thermal pulse cycles included 
# On RGB, assumed Reimers mass loss with efficiency eta=0.2
# Photometric system: <i>UBVRIJHK</i> (cf. Maiz-Apellaniz 2006 + Bessell 1990)
# Using YBC version of bolometric corrections as in Chen et al. (2019)
# O-rich circumstellar dpmod60alox40 dust from Groenewegen (2006)
# C-rich circumstellar AMCSIC15 dust from Groenewegen (2006)
# IMF: Kroupa (2001, 2002) + Kroupa et al. (2013) canonical two-part-power law IMF corrected for unresolved binaries 
# Kind of output: isochrone tables
# Zini     MH   logAge Mini        int_IMF         Mass   logL    logTe  logg  label   McoreTP C_O  period0 period1 pmode  Mloss  tau1m   X   Y   Xc  Xn  Xo  Cexcess  Z 	 mbolmag  Umag    Bmag    Vmag    Rmag    Imag    Jmag    Hmag    Kmag
5.913e-05 -2.19174 10.17609 0.1000000015 1.1711064577    0.100 -2.777  3.5593  5.404    1  0.000  0.545     0.00     0.00 -1 -1.78e-26      0.00 7.439e-01 2.560e-01 1.798e-05 4.851e-06 4.400e-05 -1.000 1.000e-04 11.713 15.872 14.399 12.854 11.785 10.935 9.970 9.636 9.530
5.913e-05 -2.19174 10.17609 0.1098214313 1.2482755184    0.109 -2.628  3.5745  5.355    1  0.000  0.545     0.00     0.00 -1 -1.65e-24      0.00 7.417e-01 2.582e-01 1.798e-05 4.851e-06 4.400e-05 -1.000 9.993e-05 11.341 14.983 13.761 12.349 11.360 10.586 9.655 9.256 9.134
5.913e-05 -2.19174 10.17609 0.1294642836 1.3786746264    0.129 -2.385  3.5970  5.273    1  0.000  0.545     0.00     0.00 -1 -1.12e-21      0.00 7.380e-01 2.619e-01 1.798e-05 4.851e-06 4.400e-05 -1.000 1.000e-04 10.732 13.721 12.808 11.564 10.697 9.997 9.126 8.657 8.517
5.913e-05 -2.19174 10.17609 0.1491071582 1.4855960608    0.149 -2.220  3.6082  5.215    1  0.000  0.545     0.00     0.00 -1 -4.03e-23      0.00 7.360e-01 2.639e-01 1.798e-05 4.851e-06 4.400e-05 -1.000 1.000e-04 10.319 13.035 12.247 11.073 10.260 9.589 8.750 8.260 8.110
5.913e-05 -2.19174 10.17609 0.1687500030 1.5756140947    0.168 -2.093  3.6155  5.170    1  0.000  0.545     0.00     0.00 -1 -5.54e-26      0.00 7.352e-01 2.647e-01 1.798e-05 4.851e-06 4.400e-05 -1.000 9.999e-05 10.002 12.557 11.843 10.708 9.927 9.274 8.456 7.958 7.803
5.913e-05 -2.19174 10.17609 0.2080357224 1.7204496861    0.207 -1.891  3.6264  5.103    1  0.000  0.545     0.00     0.00 -1 -2.65e-20      0.00 7.350e-01 2.649e-01 1.798e-05 4.851e-06 4.400e-05 -1.000 9.996e-05 9.496 11.824 11.214 10.133 9.397 8.769 7.984 7.482 7.321
5.913e-05 -2.19174 10.17609 0.2571428716 1.8581268787    0.257 -1.705  3.6365  5.050    1  0.000  0.545     0.00     0.00 -1 -3.26e-26      0.00 7.354e-01 2.645e-01 1.798e-05 4.852e-06 4.400e-05 -1.000 1.001e-04 9.032 11.162 10.643 9.607 8.910 8.305 7.550 7.052 6.890
5.913e-05 -2.19174 10.17609 0.3062500358 1.9652637243    0.306 -1.561  3.6450  5.016    1  0.000  0.544     0.00     0.00 -1 -2.97e-26      0.00 7.351e-01 2.648e-01 1.797e-05 4.852e-06 4.400e-05 -1.000 1.001e-04 8.672 10.644 10.199 9.198 8.531 7.944 7.214 6.724 6.564
5.913e-05 -2.19174 10.17609 0.3553571701 2.0521113873    0.355 -1.438  3.6529  4.990    1  0.000  0.544     0.00     0.00 -1 -7.13e-25      0.00 7.361e-01 2.638e-01 1.795e-05 4.853e-06 4.400e-05 -1.000 9.999e-05 8.365 10.196 9.816 8.848 8.207 7.637 6.931 6.449 6.293
5.913e-05 -2.19174 10.17609 0.4044643044 2.1246092319    0.404 -1.312  3.6615  4.955    1  0.000  0.545     0.00     0.00 -1 -3.81e-27      0.00 7.499e-01 2.500e-01 1.798e-05 4.851e-06 4.400e-05 -1.000 9.999e-05 8.051 9.733 9.424 8.491 7.876 7.324 6.643 6.170 6.021
5.913e-05 -2.19174 10.17609 0.4176896811 2.1421973705    0.417 -1.270  3.6654  4.942    1  0.000  0.545     0.00     0.00 -1  -4.7e-24      0.00 7.501e-01 2.498e-01 1.798e-05 4.851e-06 4.400e-05 -1.000 1.001e-04 7.945 9.562 9.284 8.367 7.764 7.219 6.549 6.081 5.935
5.913e-05 -2.19174 10.17609 0.4535714388 2.1864814758    0.453 -1.162  3.6753  4.909    1  0.000  0.545     0.00     0.00 -1 -1.91e-16      0.00 7.507e-01 2.492e-01 1.798e-05 4.851e-06 4.400e-05 -1.000 9.999e-05 7.674 9.128 8.928 8.052 7.478 6.953 6.310 5.853 5.717
5.913e-05 -2.19174 10.17609 0.5026785731 2.2401986122    0.502 -0.991  3.6906  4.844    1  0.000  0.545     0.00     0.00 -1 -9.67e-22      0.00 7.531e-01 2.468e-01 1.783e-05 4.810e-06 4.363e-05 -1.000 1.000e-04 7.246 8.464 8.374 7.565 7.032 6.538 5.936 5.496 5.376
5.913e-05 -2.19174 10.17609 0.5517857671 2.2851314545    0.551 -0.774  3.7113  4.750    1  0.000  0.544     0.00     0.00 -1 -3.33e-26      0.00 7.937e-01 2.062e-01 1.508e-05 4.074e-06 3.697e-05 -1.000 1.000e-04 6.705 7.639 7.680 6.959 6.477 6.025 5.474 5.060 4.959
5.913e-05 -2.19174 10.17609 0.5662162304 2.2966434956    0.566 -0.706  3.7194  4.726    1  0.000  0.544     0.00     0.00 -1    -8e-24      0.00 7.984e-01 2.015e-01 1.477e-05 3.991e-06 3.622e-05 -1.000 9.947e-05 6.535 7.371 7.455 6.769 6.306 5.868 5.338 4.936 4.842
5.913e-05 -2.19174 10.17609 0.6008928418 2.3217256069    0.600 -0.548  3.7385  4.670    1  0.000  0.543     0.00     0.00 -1 -2.24e-18      0.00 8.096e-01 1.903e-01 1.405e-05 3.796e-06 3.448e-05 -1.000 9.838e-05 6.139 6.778 6.949 6.335 5.912 5.509 5.025 4.649 4.571
5.913e-05 -2.19174 10.17609 0.6088392735 2.3270125389    0.608 -0.508  3.7435  4.657    1  0.000  0.543     0.00     0.00 -1 -1.01e-27      0.00 8.129e-01 1.870e-01 1.384e-05 3.740e-06 3.397e-05 -1.000 9.230e-05 6.041 6.634 6.824 6.228 5.816 5.422 4.949 4.580 4.506
5.913e-05 -2.19174 10.17609 0.6182590127 2.3330776691    0.618 -0.461  3.7494  4.639    1  0.000  0.543     0.00     0.00 -1 -1.51e-24      0.00 8.170e-01 1.830e-01 1.357e-05 3.670e-06 3.334e-05 -1.000 1.760e-05 5.922 6.464 6.676 6.101 5.702 5.318 4.858 4.496 4.428
5.913e-05 -2.19174 10.17609 0.6273137927 2.3387110233    0.627 -0.414  3.7550  4.621    1  0.000  0.543     0.00     0.00 -1 -1.57e-21      0.00 8.211e-01 1.789e-01 1.331e-05 3.600e-06 3.271e-05 -1.000 4.445e-05 5.806 6.303 6.533 5.979 5.591 5.218 4.769 4.413 4.350
5.913e-05 -2.19174 10.17609 0.6359373331 2.3439047337    0.636 -0.369  3.7602  4.603    1  0.000  0.542     0.00     0.00 -1 -1.09e-18      0.00 8.252e-01 1.748e-01 1.305e-05 3.529e-06 3.208e-05 -1.000 3.180e-05 5.693 6.149 6.396 5.860 5.483 5.119 4.682 4.331 4.274
5.913e-05 -2.19174 10.17609 0.6441848874 2.3487226963    0.644 -0.325  3.7651  4.584    1  0.000  0.542     0.00     0.00 -1 -5.36e-16      0.00 8.293e-01 1.707e-01 1.278e-05 3.459e-06 3.145e-05 -1.000 6.375e-05 5.582 6.007 6.265 5.746 5.379 5.023 4.596 4.251 4.198
5.913e-05 -2.19174 10.17609 0.6499999762 2.3520355225    0.650 -0.293  3.7685  4.569    1  0.000  0.542     0.00     0.00 -1 -7.37e-24      0.00 8.322e-01 1.677e-01 1.259e-05 3.408e-06 3.099e-05 -1.000 1.000e-04 5.502 5.905 6.171 5.664 5.303 4.953 4.533 4.192 4.142
5.913e-05 -2.19174 10.17609 0.6531742215 2.3538150787    0.653 -0.275  3.7703  4.561    1  0.000  0.542     0.00     0.00 -1 -1.27e-29      0.00 8.343e-01 1.656e-01 1.246e-05 3.372e-06 3.067e-05 -1.000 9.544e-05 5.458 5.849 6.119 5.618 5.261 4.914 4.497 4.159 4.111
5.913e-05 -2.19174 10.17609 0.6606724858 2.3579411507    0.660 -0.231  3.7747  4.540    1  0.000  0.541     0.00     0.00 -1 -4.92e-27      0.00 8.393e-01 1.606e-01 1.213e-05 3.286e-06 2.990e-05 -1.000 7.933e-05 5.348 5.717 5.994 5.506 5.157 4.817 4.409 4.075 4.030
5.913e-05 -2.19174 10.17609 0.6695475578 2.3626875877    0.669 -0.177  3.7798  4.512    1  0.000  0.540     0.00     0.00 -1  -5.4e-24      0.00 8.455e-01 1.544e-01 1.173e-05 3.180e-06 2.895e-05 -1.000 8.212e-05 5.212 5.553 5.838 5.368 5.028 4.696 4.297 3.969 3.930
5.913e-05 -2.19174 10.17609 0.6777190566 2.3669314384    0.677 -0.123  3.7846  4.482    1  0.000  0.540     0.00     0.00 -1 -3.25e-21      0.00 8.513e-01 1.487e-01 1.137e-05 3.083e-06 2.808e-05 -1.000 9.403e-05 5.078 5.399 5.687 5.232 4.902 4.578 4.189 3.867 3.832
5.913e-05 -2.19174 10.17609 0.6851462722 2.3706882000    0.685 -0.072  3.7888  4.452    1  0.000  0.539     0.00     0.00 -1 -1.06e-18      0.00 8.565e-01 1.435e-01 1.105e-05 2.999e-06 2.733e-05 -1.000 5.886e-05 4.949 5.251 5.541 5.099 4.778 4.462 4.082 3.767 3.734
5.913e-05 -2.19174 10.17609 0.6925485730 2.3743400574    0.692 -0.016  3.7929  4.418    1  0.000  0.539     0.00     0.00 -1 -1.47e-16      0.00 8.614e-01 1.386e-01 1.075e-05 2.920e-06 2.662e-05 -1.000 4.938e-05 4.810 5.098 5.386 4.958 4.645 4.335 3.964 3.656 3.626
5.913e-05 -2.19174 10.17609 0.6991492510 2.3775217533    0.699  0.037  3.7964  4.383    1  0.000  0.538     0.00     0.00 -1 -1.76e-22      0.00 8.656e-01 1.343e-01 1.051e-05 2.855e-06 2.604e-05 -1.000 9.829e-05 4.676 4.953 5.238 4.821 4.515 4.212 3.848 3.546 3.519
5.913e-05 -2.19174 10.17609 0.6999999881 2.3779268265    0.699  0.045  3.7969  4.378    1  0.000  0.538     0.00     0.00 -1  -3.6e-24      0.00 8.661e-01 1.338e-01 1.048e-05 2.847e-06 2.597e-05 -1.000 1.000e-04 4.658 4.934 5.218 4.803 4.497 4.195 3.833 3.531 3.504
5.913e-05 -2.19174 10.17609 0.7021204233 2.3789315224    0.702  0.062  3.7979  4.365    1  0.000  0.537     0.00     0.00 -1 -3.38e-28      0.00 8.670e-01 1.329e-01 1.043e-05 2.837e-06 2.589e-05 -1.000 1.000e-04 4.614 4.886 5.169 4.757 4.454 4.153 3.793 3.494 3.467
5.913e-05 -2.19174 10.17609 0.7096903920 2.3824617863    0.709  0.133  3.8015  4.314    1  0.000  0.536     0.00     0.00 -1 -2.73e-27      0.00 8.692e-01 1.307e-01 1.032e-05 2.815e-06 2.569e-05 -1.000 9.051e-05 4.438 4.702 4.978 4.578 4.282 3.988 3.636 3.342 3.319
5.913e-05 -2.19174 10.17609 0.7167636156 2.3856832981    0.716  0.206  3.8045  4.256    1  0.000  0.534     0.00     0.00 -1 -8.75e-25      0.00 8.699e-01 1.300e-01 1.030e-05 2.815e-06 2.571e-05 -1.000 8.772e-05 4.254 4.513 4.781 4.390 4.100 3.812 3.466 3.179 3.157
5.913e-05 -2.19174 10.17609 0.7217381597 2.3879053593    0.721  0.264  3.8060  4.208    1  0.000  0.533     0.00     0.00 -1  -5.1e-23      0.00 8.704e-01 1.295e-01 1.029e-05 2.815e-06 2.572e-05 -1.000 9.996e-05 4.110 4.367 4.629 4.243 3.957 3.672 3.330 3.046 3.025
5.913e-05 -2.19174 10.17609 0.7260556817 2.3898055553    0.725  0.319  3.8067  4.158    1  0.000  0.533     0.00     0.00 -1 -1.76e-21      0.00 8.707e-01 1.292e-01 1.029e-05 2.817e-06 2.575e-05 -1.000 1.000e-04 3.973 4.231 4.486 4.104 3.820 3.536 3.196 2.914 2.893
5.913e-05 -2.19174 10.17609 0.7270609140 2.3902442455    0.726  0.332  3.8067  4.146    1  0.000  0.532     0.00     0.00 -1 -4.03e-21      0.00 8.707e-01 1.292e-01 1.029e-05 2.818e-06 2.576e-05 -1.000 1.000e-04 3.939 4.198 4.452 4.070 3.786 3.503 3.162 2.881 2.860
5.913e-05 -2.19174 10.17609 0.7283316851 2.3907968998    0.728  0.351  3.8064  4.126    1  0.000  0.532     0.00     0.00 -1 -1.15e-20      0.00 8.708e-01 1.291e-01 1.029e-05 2.819e-06 2.577e-05 -1.000 1.000e-04 3.892 4.153 4.405 4.023 3.738 3.455 3.114 2.831 2.810
5.913e-05 -2.19174 10.17609 0.7317793965 2.3922851086    0.731  0.406  3.8044  4.065    1  0.000  0.532     0.00     0.00 -1 -2.03e-19      0.00 8.709e-01 1.290e-01 1.029e-05 2.823e-06 2.581e-05 -1.000 1.000e-04 3.754 4.023 4.271 3.885 3.597 3.311 2.965 2.679 2.657
5.913e-05 -2.19174 10.17609 0.7341876626 2.3933150768    0.733  0.450  3.8014  4.011    1  0.000  0.531     0.00     0.00 -1 -1.55e-18      0.00 8.710e-01 1.289e-01 1.029e-05 2.825e-06 2.583e-05 -1.000 1.000e-04 3.645 3.923 4.170 3.777 3.485 3.193 2.841 2.550 2.526
5.913e-05 -2.19174 10.17609 0.7347007394 2.3935334682    0.734  0.460  3.8007  3.999    1  0.000  0.531     0.00     0.00 -1 -2.39e-18      0.00 8.710e-01 1.289e-01 1.029e-05 2.825e-06 2.584e-05 -1.000 1.000e-04 3.621 3.901 4.148 3.753 3.460 3.168 2.813 2.521 2.497
5.913e-05 -2.19174 10.17609 0.7356625199 2.3939418793    0.735  0.481  3.7983  3.968    2  0.000  0.531     0.00     0.00 -1 -5.48e-18      0.00 8.710e-01 1.289e-01 1.029e-05 2.826e-06 2.585e-05 -1.000 1.000e-04 3.568 3.856 4.101 3.701 3.403 3.107 2.748 2.451 2.426
5.913e-05 -2.19174 10.17609 0.7372356057 2.3946073055    0.736  0.520  3.7930  3.910    2  0.000  0.531     0.00     0.00 -1 -2.15e-17      0.00 8.711e-01 1.288e-01 1.029e-05 2.828e-06 2.586e-05 -1.000 9.994e-05 3.471 3.778 4.022 3.608 3.301 2.996 2.625 2.318 2.290
5.913e-05 -2.19174 10.17609 0.7384619117 2.3951239586    0.737  0.555  3.7866  3.849    2  0.000  0.531     0.00     0.00 -1 -6.45e-17      0.00 8.704e-01 1.295e-01 1.035e-05 2.844e-06 2.601e-05 -1.000 1.000e-04 3.381 3.713 3.954 3.523 3.205 2.890 2.503 2.185 2.153
5.913e-05 -2.19174 10.17609 0.7394442558 2.3955364227    0.738  0.589  3.7794  3.786    2  0.000  0.531     0.00     0.00 -1 -1.59e-16      0.00 8.659e-01 1.340e-01 1.068e-05 2.933e-06 2.682e-05 -1.000 8.646e-05 3.297 3.657 3.897 3.445 3.114 2.787 2.384 2.052 2.016
5.913e-05 -2.19174 10.17609 0.7402569652 2.3958764076    0.739  0.621  3.7719  3.725    2  0.000  0.531     0.00     0.00 -1 -3.44e-16      0.00 8.500e-01 1.500e-01 1.175e-05 3.225e-06 2.947e-05 -1.000 4.523e-05 3.217 3.612 3.845 3.372 3.027 2.688 2.269 1.925 1.884
5.913e-05 -2.19174 10.17609 0.7409609556 2.3961706161    0.740  0.653  3.7648  3.665    2  0.000  0.534     0.00     0.00 -1 -6.82e-16      0.00 8.229e-01 1.771e-01 1.345e-05 3.683e-06 3.359e-05 -1.000 8.592e-05 3.136 3.567 3.793 3.298 2.941 2.591 2.155 1.799 1.753
5.913e-05 -2.19174 10.17609 0.7415899038 2.3964326382    0.740  0.689  3.7580  3.603    2  0.000  0.535     0.00     0.00 -1 -1.29e-15      0.00 8.021e-01 1.978e-01 1.469e-05 4.018e-06 3.659e-05 -1.000 1.001e-04 3.048 3.517 3.733 3.219 2.849 2.487 2.036 1.669 1.618
5.913e-05 -2.19174 10.17609 0.7420910597 2.3966410160    0.741  0.723  3.7528  3.548    2  0.000  0.536     0.00     0.00 -1 -2.18e-15      0.00 7.906e-01 2.093e-01 1.537e-05 4.200e-06 3.821e-05 -1.000 1.000e-04 2.962 3.463 3.670 3.139 2.759 2.389 1.926 1.551 1.496
5.913e-05 -2.19174 10.17609 0.7425948381 2.3968503475    0.741  0.765  3.7483  3.488    2  0.000  0.537     0.00     0.00 -1 -3.78e-15      0.00 7.831e-01 2.168e-01 1.581e-05 4.319e-06 3.928e-05 -1.000 9.993e-05 2.856 3.387 3.585 3.040 2.652 2.274 1.800 1.418 1.360
5.913e-05 -2.19174 10.17609 0.7430055141 2.3970208168    0.742  0.805  3.7452  3.436    2  0.000  0.537     0.00     0.00 -1 -6.03e-15      0.00 7.787e-01 2.212e-01 1.607e-05 4.387e-06 3.989e-05 -1.000 9.999e-05 2.758 3.311 3.501 2.946 2.552 2.169 1.688 1.301 1.239
5.913e-05 -2.19174 10.17609 0.7432217002 2.3971102238    0.742  0.827  3.7438  3.408    2  0.000  0.537     0.00     0.00 -1 -7.77e-15      0.00 7.769e-01 2.230e-01 1.617e-05 4.415e-06 4.014e-05 -1.000 9.993e-05 2.703 3.266 3.453 2.893 2.496 2.111 1.626 1.236 1.174
5.913e-05 -2.19174 10.17609 0.7434902787 2.3972215652    0.742  0.856  3.7423  3.373    3  0.000  0.537     0.00     0.00 -1 -1.06e-14      0.00 7.750e-01 2.249e-01 1.627e-05 4.443e-06 4.039e-05 -1.000 1.000e-04 2.629 3.203 3.386 2.822 2.422 2.034 1.545 1.153 1.089
5.913e-05 -2.19174 10.17609 0.7438420057 2.3973670006    0.742  0.897  3.7405  3.325    3  0.000  0.537     0.00     0.00 -1 -1.61e-14      0.00 7.730e-01 2.269e-01 1.639e-05 4.473e-06 4.066e-05 -1.000 1.000e-04 2.527 3.115 3.293 2.723 2.320 1.929 1.436 1.040 0.975
5.913e-05 -2.19174 10.17609 0.7441957593 2.3975131512    0.743  0.940  3.7388  3.276    3  0.000  0.537     0.00     0.00 -1 -2.48e-14      0.00 7.710e-01 2.289e-01 1.648e-05 4.499e-06 4.089e-05 -1.000 1.128e-05 2.419 3.020 3.193 2.618 2.212 1.819 1.320 0.920 0.855
5.913e-05 -2.19174 10.17609 0.7445341349 2.3976528645    0.743  0.984  3.7373  3.226    3  0.000  0.537     0.00     0.00 -1 -3.77e-14      0.00 7.693e-01 2.306e-01 1.656e-05 4.520e-06 4.108e-05 -1.000 1.000e-04 2.310 2.922 3.090 2.511 2.103 1.707 1.205 0.801 0.735
5.913e-05 -2.19174 10.17609 0.7448932528 2.3978009224    0.743  1.033  3.7357  3.170    3  0.000  0.537     0.00     0.00 -1 -5.96e-14      0.00 7.677e-01 2.322e-01 1.662e-05 4.538e-06 4.125e-05 -1.000 9.997e-05 2.186 2.812 2.974 2.391 1.980 1.581 1.074 0.667 0.600
5.913e-05 -2.19174 10.17609 0.7451941371 2.3979249001    0.743  1.078  3.7343  3.120    3  0.000  0.537     0.00     0.00 -1 -8.87e-14      0.00 7.664e-01 2.335e-01 1.668e-05 4.553e-06 4.138e-05 -1.000 1.001e-04 2.075 2.711 2.869 2.282 1.869 1.468 0.956 0.546 0.478
5.913e-05 -2.19174 10.17609 0.7454981804 2.3980500698    0.743  1.127  3.7329  3.066    3  0.000  0.537     0.00     0.00 -1 -1.34e-13      0.00 7.652e-01 2.347e-01 1.672e-05 4.565e-06 4.148e-05 -1.000 9.996e-05 1.953 2.600 2.753 2.163 1.747 1.344 0.829 0.414 0.346
5.913e-05 -2.19174 10.17609 0.7457961440 2.3981726170    0.744  1.179  3.7315  3.008    3  0.000  0.537     0.00     0.00 -1 -2.04e-13      0.00 7.640e-01 2.359e-01 1.676e-05 4.576e-06 4.159e-05 -1.000 1.000e-04 1.822 2.481 2.629 2.035 1.617 1.212 0.691 0.273 0.204
5.913e-05 -2.19174 10.17609 0.7460363507 2.3982710838    0.744  1.226  3.7301  2.956    3  0.000  0.537     0.00     0.00 -1 -2.91e-13      0.00 7.631e-01 2.368e-01 1.678e-05 4.585e-06 4.166e-05 -1.000 1.000e-04 1.706 2.376 2.520 1.921 1.501 1.094 0.569 0.148 0.079
5.913e-05 -2.19174 10.17609 0.7462678552 2.3983662128    0.744  1.274  3.7286  2.902    3  0.000  0.537     0.00     0.00 -1 -4.17e-13      0.00 7.623e-01 2.376e-01 1.681e-05 4.591e-06 4.172e-05 -1.000 9.991e-05 1.584 2.268 2.405 1.802 1.379 0.970 0.441 0.017 -0.054
5.913e-05 -2.19174 10.17609 0.7464755774 2.3984515667    0.744  1.323  3.7273  2.848    3  0.000  0.537     0.00     0.00 -1 -5.84e-13      0.00 7.615e-01 2.384e-01 1.682e-05 4.598e-06 4.177e-05 -1.000 9.997e-05 1.464 2.160 2.291 1.685 1.259 0.847 0.315 -0.113 -0.183
5.913e-05 -2.19174 10.17609 0.7466636896 2.3985285759    0.744  1.370  3.7258  2.794    3  0.000  0.537     0.00     0.00 -1 -8.04e-13      0.00 7.609e-01 2.390e-01 1.683e-05 4.604e-06 4.182e-05 -1.000 1.000e-04 1.344 2.054 2.179 1.568 1.140 0.726 0.189 -0.242 -0.313
5.913e-05 -2.19174 10.17609 0.7468318343 2.3985974789    0.744  1.417  3.7243  2.741    3  0.000  0.537     0.00     0.00 -1 -1.09e-12      0.00 7.604e-01 2.395e-01 1.684e-05 4.607e-06 4.184e-05 -1.000 9.999e-05 1.227 1.951 2.069 1.454 1.024 0.607 0.066 -0.369 -0.441
5.913e-05 -2.19174 10.17609 0.7469908595 2.3986625671    0.744  1.466  3.7228  2.687    3  0.000  0.537     0.00     0.00 -1 -1.47e-12      0.00 7.600e-01 2.399e-01 1.685e-05 4.611e-06 4.187e-05 -1.000 9.994e-05 1.105 1.841 1.955 1.335 0.902 0.483 -0.062 -0.500 -0.573
5.913e-05 -2.19174 10.17609 0.7471320629 2.3987205029    0.744  1.514  3.7213  2.633    3  0.000  0.537     0.00     0.00 -1 -1.95e-12      0.00 7.596e-01 2.403e-01 1.685e-05 4.614e-06 4.188e-05 -1.000 1.000e-04 0.986 1.735 1.843 1.219 0.784 0.362 -0.188 -0.629 -0.703
5.913e-05 -2.19174 10.17609 0.7472574115 2.3987717628    0.744  1.560  3.7197  2.580    3  0.000  0.536     0.00     0.00 -1 -2.55e-12      0.00 7.594e-01 2.405e-01 1.685e-05 4.616e-06 4.190e-05 -1.000 1.000e-04 0.869 1.632 1.735 1.106 0.668 0.244 -0.310 -0.756 -0.830
5.913e-05 -2.19174 10.17609 0.7473708987 2.3988180161    0.744  1.606  3.7182  2.528    3  0.000  0.536     0.00     0.00 -1 -3.29e-12      0.00 7.593e-01 2.407e-01 1.685e-05 4.617e-06 4.191e-05 -1.000 5.051e-06 0.754 1.532 1.628 0.995 0.554 0.127 -0.431 -0.881 -0.955
5.913e-05 -2.19174 10.17609 0.7474772930 2.3988616467    0.743  1.653  3.7167  2.475    3  0.000  0.536     0.00     0.00 -1 -4.24e-12      0.00 7.591e-01 2.408e-01 1.685e-05 4.618e-06 4.192e-05 -1.000 9.999e-05 0.637 1.430 1.519 0.880 0.437 0.008 -0.555 -1.008 -1.083
5.913e-05 -2.19174 10.17609 0.7475711703 2.3989000320    0.743  1.699  3.7151  2.423    3  0.000  0.536     0.00     0.00 -1 -5.39e-12      0.00 7.591e-01 2.408e-01 1.685e-05 4.619e-06 4.192e-05 -1.000 1.000e-04 0.523 1.336 1.416 0.770 0.324 -0.109 -0.677 -1.133 -1.209
5.913e-05 -2.19174 10.17609 0.7476578951 2.3989355564    0.743  1.745  3.7135  2.370    3  0.000  0.536     0.00     0.00 -1 -6.81e-12      0.00 7.591e-01 2.408e-01 1.685e-05 4.619e-06 4.192e-05 -1.000 1.001e-04 0.408 1.240 1.310 0.659 0.209 -0.226 -0.798 -1.259 -1.336
5.913e-05 -2.19174 10.17609 0.7477374673 2.3989679813    0.743  1.791  3.7120  2.318    3  0.000  0.536     0.00     0.00 -1 -8.57e-12      0.00 7.591e-01 2.408e-01 1.685e-05 4.619e-06 4.192e-05 -1.000 9.999e-05 0.292 1.142 1.204 0.547 0.094 -0.344 -0.921 -1.385 -1.462
5.913e-05 -2.19174 10.17609 0.7478081584 2.3989968300    0.743  1.836  3.7103  2.266    3  0.000  0.536     0.00     0.00 -1 -1.07e-11      0.00 7.591e-01 2.408e-01 1.685e-05 4.619e-06 4.192e-05 -1.000 1.000e-04 0.181 1.050 1.103 0.439 -0.017 -0.458 -1.040 -1.508 -1.586
5.913e-05 -2.19174 10.17609 0.7478734851 2.3990235329    0.742  1.880  3.7087  2.215    3  0.000  0.536     0.00     0.00 -1 -1.32e-11      0.00 7.591e-01 2.408e-01 1.685e-05 4.619e-06 4.192e-05 -1.000 1.000e-04 0.069 0.958 1.002 0.332 -0.128 -0.572 -1.158 -1.631 -1.710
5.913e-05 -2.19174 10.17609 0.7479361892 2.3990490437    0.742  1.927  3.7071  2.161    3  0.000  0.536     0.00     0.00 -1 -1.64e-11      0.00 7.591e-01 2.408e-01 1.685e-05 4.619e-06 4.192e-05 -1.000 1.000e-04 -0.048 0.862 0.896 0.219 -0.244 -0.691 -1.282 -1.759 -1.838
5.913e-05 -2.19174 10.17609 0.7479898930 2.3990709782    0.742  1.971  3.7054  2.111    3  0.000  0.536     0.00     0.00 -1 -2.01e-11      0.00 7.591e-01 2.408e-01 1.685e-05 4.619e-06 4.192e-05 -1.000 1.000e-04 -0.157 0.775 0.799 0.115 -0.352 -0.802 -1.399 -1.879 -1.960
5.913e-05 -2.19174 10.17609 0.7480394840 2.3990912437    0.741  2.015  3.7037  2.060    3  0.000  0.536     0.00     0.00 -1 -2.44e-11      0.00 7.591e-01 2.408e-01 1.685e-05 4.619e-06 4.192e-05 -1.000 1.000e-04 -0.267 0.687 0.702 0.010 -0.461 -0.913 -1.515 -2.000 -2.082
5.913e-05 -2.19174 10.17609 0.7480869293 2.3991105556    0.741  2.060  3.7021  2.008    3  0.000  0.536     0.00     0.00 -1 -2.99e-11      0.00 7.591e-01 2.408e-01 1.685e-05 4.619e-06 4.192e-05 -1.000 1.000e-04 -0.380 0.594 0.599 -0.099 -0.573 -1.029 -1.635 -2.124 -2.207
5.913e-05 -2.19174 10.17609 0.7481282949 2.3991274834    0.740  2.103  3.7003  1.958    3  0.000  0.536     0.00     0.00 -1 -3.61e-11      0.00 7.591e-01 2.408e-01 1.685e-05 4.619e-06 4.192e-05 -1.000 1.000e-04 -0.487 0.512 0.506 -0.201 -0.679 -1.138 -1.750 -2.243 -2.326
5.913e-05 -2.19174 10.17609 0.7481670380 2.3991432190    0.740  2.146  3.6986  1.907    3  0.000  0.536     0.00     0.00 -1 -4.35e-11      0.00 7.590e-01 2.409e-01 1.685e-05 4.619e-06 4.192e-05 -1.000 1.000e-04 -0.595 0.430 0.411 -0.304 -0.787 -1.249 -1.866 -2.363 -2.447
5.913e-05 -2.19174 10.17609 0.7482073307 2.3991596699    0.739  2.192  3.6970  1.855    3  0.000  0.536     0.00     0.00 -1 -5.29e-11      0.00 7.590e-01 2.409e-01 1.685e-05 4.619e-06 4.192e-05 -1.000 1.000e-04 -0.710 0.342 0.309 -0.414 -0.900 -1.365 -1.987 -2.488 -2.573
5.913e-05 -2.19174 10.17609 0.7482520342 2.3991780281    0.738  2.223  3.6958  1.819    3  0.000  0.536     0.00     0.00 -1 -6.15e-11      0.00 7.590e-01 2.409e-01 1.685e-05 4.619e-06 4.192e-05 -1.000 1.000e-04 -0.787 0.285 0.243 -0.487 -0.976 -1.444 -2.069 -2.573 -2.658
5.913e-05 -2.19174 10.17609 0.7482643723 2.3991830349    0.738  2.221  3.6960  1.821    3  0.000  0.536     0.00     0.00 -1 -6.21e-11      0.00 7.590e-01 2.409e-01 1.685e-05 4.619e-06 4.192e-05 -1.000 1.000e-04 -0.781 0.287 0.246 -0.482 -0.971 -1.438 -2.063 -2.566 -2.651
5.913e-05 -2.19174 10.17609 0.7482669950 2.3991839886    0.738  2.224  3.6959  1.817    3  0.000  0.536     0.00     0.00 -1  -6.3e-11      0.00 7.590e-01 2.409e-01 1.685e-05 4.619e-06 4.192e-05 -1.000 1.000e-04 -0.790 0.280 0.238 -0.491 -0.980 -1.448 -2.073 -2.576 -2.662
5.913e-05 -2.19174 10.17609 0.7483245134 2.3992075920    0.736  2.315  3.6922  1.711    3  0.000  0.536     0.00     0.00 -1 -9.09e-11      0.00 7.590e-01 2.409e-01 1.685e-05 4.619e-06 4.192e-05 -1.000 9.997e-05 -1.017 0.111 0.042 -0.706 -1.204 -1.679 -2.315 -2.827 -2.915
5.913e-05 -2.19174 10.17609 0.7483468652 2.3992166519    0.736  2.354  3.6905  1.665    3  0.000  0.536     0.00     0.00 -1 -1.07e-10      0.00 7.590e-01 2.409e-01 1.685e-05 4.619e-06 4.192e-05 -1.000 9.999e-05 -1.115 0.041 -0.041 -0.798 -1.300 -1.778 -2.419 -2.936 -3.024
5.913e-05 -2.19174 10.17609 0.7483679056 2.3992252350    0.735  2.394  3.6888  1.618    3  0.000  0.536     0.00     0.00 -1 -1.25e-10      0.00 7.590e-01 2.409e-01 1.685e-05 4.619e-06 4.193e-05 -1.000 1.000e-04 -1.214 -0.028 -0.124 -0.891 -1.398 -1.879 -2.526 -3.047 -3.136
5.913e-05 -2.19174 10.17609 0.7483873963 2.3992331028    0.734  2.433  3.6872  1.572    3  0.000  0.536     0.00     0.00 -1 -1.47e-10      0.00 7.590e-01 2.409e-01 1.685e-05 4.619e-06 4.193e-05 -1.000 9.999e-05 -1.312 -0.099 -0.208 -0.983 -1.494 -1.979 -2.630 -3.155 -3.245
5.913e-05 -2.19174 10.17609 0.7484051585 2.3992404938    0.733  2.471  3.6854  1.526    3  0.000  0.536     0.00     0.00 -1 -1.71e-10      0.00 7.590e-01 2.409e-01 1.685e-05 4.619e-06 4.193e-05 -1.000 1.000e-04 -1.409 -0.134 -0.279 -1.074 -1.591 -2.080 -2.736 -3.266 -3.355
5.913e-05 -2.19174 10.17609 0.7484225631 2.3992476463    0.732  2.512  3.6836  1.478    3  0.000  0.536     0.00     0.00 -1 -2.01e-10      0.00 7.590e-01 2.409e-01 1.685e-05 4.619e-06 4.193e-05 -1.000 9.999e-05 -1.509 -0.206 -0.362 -1.167 -1.689 -2.182 -2.844 -3.378 -3.468
5.913e-05 -2.19174 10.17609 0.7484384179 2.3992540836    0.731  2.551  3.6820  1.431    3  0.000  0.536     0.00     0.00 -1 -2.34e-10      0.00 7.590e-01 2.409e-01 1.685e-05 4.619e-06 4.193e-05 -1.000 1.000e-04 -1.608 -0.250 -0.436 -1.259 -1.788 -2.284 -2.951 -3.489 -3.579
5.913e-05 -2.19174 10.17609 0.7484525442 2.3992598057    0.730  2.589  3.6803  1.386    3  0.000  0.536     0.00     0.00 -1 -2.72e-10      0.00 7.590e-01 2.409e-01 1.685e-05 4.620e-06 4.193e-05 -1.000 1.000e-04 -1.702 -0.281 -0.501 -1.346 -1.881 -2.382 -3.054 -3.596 -3.686
5.913e-05 -2.19174 10.17609 0.7484666109 2.3992655277    0.729  2.628  3.6784  1.338    3  0.000  0.536     0.00     0.00 -1 -3.17e-10      0.00 7.590e-01 2.409e-01 1.685e-05 4.620e-06 4.193e-05 -1.000 1.001e-04 -1.801 -0.309 -0.568 -1.436 -1.979 -2.485 -3.163 -3.709 -3.799
5.913e-05 -2.19174 10.17609 0.7484790683 2.3992705345    0.728  2.666  3.6768  1.293    3  0.000  0.536     0.00     0.00 -1 -3.68e-10      0.00 7.590e-01 2.409e-01 1.685e-05 4.620e-06 4.193e-05 -1.000 1.001e-04 -1.896 -0.333 -0.630 -1.521 -2.073 -2.583 -3.267 -3.817 -3.906
5.913e-05 -2.19174 10.17609 0.7484909892 2.3992755413    0.727  2.705  3.6750  1.246    3  0.000  0.536     0.00     0.00 -1 -4.27e-10      0.00 7.590e-01 2.409e-01 1.685e-05 4.620e-06 4.193e-05 -1.000 1.001e-04 -1.992 -0.349 -0.689 -1.607 -2.167 -2.683 -3.372 -3.927 -4.017
5.913e-05 -2.19174 10.17609 0.7485017776 2.3992798328    0.725  2.742  3.6732  1.201    3  0.000  0.536     0.00     0.00 -1 -4.93e-10      0.00 7.590e-01 2.409e-01 1.685e-05 4.620e-06 4.193e-05 -1.000 9.997e-05 -2.085 -0.360 -0.744 -1.689 -2.259 -2.780 -3.475 -4.034 -4.123
5.913e-05 -2.19174 10.17609 0.7485124469 2.3992841244    0.724  2.781  3.6714  1.154    3  0.000  0.536     0.00     0.00 -1 -5.74e-10      0.00 7.590e-01 2.409e-01 1.685e-05 4.620e-06 4.193e-05 -1.000 1.000e-04 -2.183 -0.367 -0.799 -1.774 -2.355 -2.882 -3.583 -4.146 -4.235
5.913e-05 -2.19174 10.17609 0.7485218048 2.3992879391    0.722  2.818  3.6696  1.109    3  0.000  0.536     0.00     0.00 -1 -6.61e-10      0.00 7.590e-01 2.409e-01 1.685e-05 4.620e-06 4.193e-05 -1.000 1.001e-04 -2.274 -0.362 -0.845 -1.853 -2.444 -2.977 -3.684 -4.252 -4.341
5.913e-05 -2.19174 10.17609 0.7485306859 2.3992915154    0.720  2.854  3.6678  1.064    3  0.000  0.536     0.00     0.00 -1 -7.61e-10      0.00 7.590e-01 2.409e-01 1.685e-05 4.620e-06 4.193e-05 -1.000 1.000e-04 -2.366 -0.352 -0.889 -1.930 -2.533 -3.073 -3.786 -4.359 -4.447
5.913e-05 -2.19174 10.17609 0.7485387921 2.3992948532    0.718  2.890  3.6661  1.021    3  0.000  0.536     0.00     0.00 -1 -8.72e-10      0.00 7.590e-01 2.409e-01 1.685e-05 4.620e-06 4.193e-05 -1.000 1.001e-04 -2.455 -0.338 -0.929 -2.004 -2.619 -3.165 -3.885 -4.461 -4.549
5.913e-05 -2.19174 10.17609 0.7485463619 2.3992979527    0.716  2.925  3.6642  0.976    3  0.000  0.536     0.00     0.00 -1    -1e-09      0.00 7.590e-01 2.409e-01 1.685e-05 4.620e-06 4.193e-05 -1.000 1.000e-04 -2.544 -0.302 -0.957 -2.074 -2.703 -3.258 -3.984 -4.566 -4.653
5.913e-05 -2.19174 10.17609 0.7485530972 2.3993008137    0.714  2.959  3.6626  0.935    3  0.000  0.536     0.00     0.00 -1 -1.14e-09      0.00 7.590e-01 2.409e-01 1.685e-05 4.620e-06 4.193e-05 -1.000 1.000e-04 -2.627 -0.271 -0.984 -2.139 -2.783 -3.345 -4.078 -4.663 -4.749
5.913e-05 -2.19174 10.17609 0.7485592365 2.3993031979    0.712  2.991  3.6609  0.895    3  0.000  0.536     0.00     0.00 -1 -1.29e-09      0.00 7.590e-01 2.409e-01 1.685e-05 4.620e-06 4.193e-05 -1.000 1.000e-04 -2.707 -0.228 -1.002 -2.199 -2.858 -3.429 -4.168 -4.757 -4.843
5.913e-05 -2.19174 10.17609 0.7485648990 2.3993055820    0.710  3.022  3.6593  0.857    3  0.000  0.536     0.00     0.00 -1 -1.45e-09      0.00 7.590e-01 2.409e-01 1.685e-05 4.620e-06 4.193e-05 -1.000 1.000e-04 -2.785 -0.181 -1.016 -2.255 -2.931 -3.510 -4.255 -4.848 -4.934
5.913e-05 -2.19174 10.17609 0.7485704422 2.3993077278    0.708  3.054  3.6577  0.817    3  0.000  0.536     0.00     0.00 -1 -1.64e-09      0.00 7.590e-01 2.409e-01 1.685e-05 4.620e-06 4.193e-05 -1.000 1.000e-04 -2.865 -0.137 -1.032 -2.312 -3.004 -3.592 -4.345 -4.942 -5.027
5.913e-05 -2.19174 10.17609 0.7485755682 2.3993098736    0.705  3.085  3.6560  0.778    3  0.000  0.536     0.00     0.00 -1 -1.84e-09      0.00 7.590e-01 2.409e-01 1.685e-05 4.620e-06 4.193e-05 -1.000 9.999e-05 -2.942 -0.129 -1.062 -2.370 -3.074 -3.669 -4.429 -5.030 -5.115
5.913e-05 -2.19174 10.17609 0.7485798597 2.3993115425    0.703  3.112  3.6546  0.743    3  0.000  0.536     0.00     0.00 -1 -2.05e-09      0.00 7.590e-01 2.409e-01 1.685e-05 4.620e-06 4.193e-05 -1.000 1.000e-04 -3.011 -0.121 -1.088 -2.421 -3.136 -3.738 -4.505 -5.109 -5.195
5.913e-05 -2.19174 10.17609 0.7485840917 2.3993134499    0.700  3.140  3.6531  0.708    3  0.000  0.536     0.00     0.00 -1 -2.27e-09      0.00 7.590e-01 2.409e-01 1.685e-05 4.620e-06 4.193e-05 -1.000 9.996e-05 -3.079 -0.113 -1.113 -2.472 -3.198 -3.807 -4.580 -5.188 -5.274
5.913e-05 -2.19174 10.17609 0.7485883236 2.3993151188    0.698  3.168  3.6516  0.672    3  0.000  0.536     0.00     0.00 -1 -2.54e-09      0.00 7.590e-01 2.409e-01 1.685e-05 4.620e-06 4.193e-05 -1.000 9.997e-05 -3.151 -0.103 -1.139 -2.525 -3.263 -3.879 -4.659 -5.271 -5.357
5.913e-05 -2.19174 10.17609 0.7485920787 2.3993165493    0.695  3.195  3.6501  0.638    3  0.000  0.536     0.00     0.00 -1 -2.81e-09      0.00 7.590e-01 2.409e-01 1.685e-05 4.620e-06 4.193e-05 -1.000 1.001e-04 -3.217 -0.093 -1.162 -2.573 -3.323 -3.946 -4.732 -5.348 -5.434
5.913e-05 -2.19174 10.17609 0.7485954762 2.3993179798    0.692  3.219  3.6488  0.606    3  0.000  0.536     0.00     0.00 -1 -3.09e-09      0.00 7.590e-01 2.409e-01 1.685e-05 4.620e-06 4.193e-05 -1.000 1.001e-04 -3.278 -0.087 -1.185 -2.618 -3.377 -4.006 -4.798 -5.417 -5.504
5.913e-05 -2.19174 10.17609 0.7485988736 2.3993194103    0.689  3.243  3.6476  0.575    3  0.000  0.536     0.00     0.00 -1  -3.4e-09      0.00 7.590e-01 2.409e-01 1.685e-05 4.620e-06 4.193e-05 -1.000 1.000e-04 -3.338 -0.080 -1.206 -2.661 -3.431 -4.065 -4.863 -5.486 -5.573
5.913e-05 -2.19174 10.17609 0.7486003637 2.3993198872    0.688  3.253  3.6472  0.563    3  0.000  0.536     0.00     0.00 -1 -3.54e-09      0.00 7.590e-01 2.409e-01 1.685e-05 4.620e-06 4.193e-05 -1.000 1.000e-04 -3.362 -0.080 -1.217 -2.679 -3.452 -4.089 -4.889 -5.513 -5.600
5.913e-05 -2.19174 10.17609 0.7486003637 2.3993198872    0.686  1.593  4.0299  3.753    4  0.000  0.533     0.00     0.00 -1    -1e-30      0.00 7.562e-01 2.437e-01 1.688e-05 4.684e-06 4.222e-05 -1.000 1.000e-04 0.788 1.008 1.186 1.247 1.268 1.292 1.351 1.368 1.384
5.913e-05 -2.19174 10.17609 0.7486016154 2.3993206024    0.686  1.603  4.0244  3.721    4  0.000  0.533     0.00     0.00 -1    -1e-30      0.00 7.562e-01 2.437e-01 1.688e-05 4.684e-06 4.222e-05 -1.000 9.999e-05 0.763 0.972 1.135 1.193 1.212 1.234 1.286 1.302 1.316
5.913e-05 -2.19174 10.17609 0.7486395240 2.3993358612    0.686  1.621  4.0158  3.669    4  0.000  0.533     0.00     0.00 -1    -1e-30      0.00 7.562e-01 2.437e-01 1.688e-05 4.684e-06 4.222e-05 -1.000 9.999e-05 0.718 0.912 1.052 1.104 1.121 1.138 1.182 1.195 1.207
5.913e-05 -2.19174 10.17609 0.7486784458 2.3993518353    0.686  1.622  4.0146  3.662    4  0.000  0.533     0.00     0.00 -1    -1e-30      0.00 7.562e-01 2.437e-01 1.688e-05 4.684e-06 4.222e-05 -1.000 9.999e-05 0.714 0.907 1.043 1.095 1.111 1.128 1.170 1.182 1.194
5.913e-05 -2.19174 10.17609 0.7487180233 2.3993678093    0.686  1.623  4.0136  3.658    4  0.000  0.533     0.00     0.00 -1    -1e-30      0.00 7.562e-01 2.437e-01 1.688e-05 4.684e-06 4.222e-05 -1.000 9.999e-05 0.714 0.905 1.038 1.089 1.105 1.121 1.162 1.174 1.186
5.913e-05 -2.19174 10.17609 0.7487586737 2.3993844986    0.686  1.623  4.0123  3.652    4  0.000  0.533     0.00     0.00 -1    -1e-30      0.00 7.562e-01 2.437e-01 1.688e-05 4.684e-06 4.222e-05 -1.000 9.999e-05 0.712 0.901 1.030 1.081 1.096 1.112 1.151 1.163 1.174
5.913e-05 -2.19174 10.17609 0.7487990856 2.3994009495    0.686  1.624  4.0105  3.644    4  0.000  0.533     0.00     0.00 -1    -1e-30      0.00 7.562e-01 2.437e-01 1.688e-05 4.684e-06 4.222e-05 -1.000 1.001e-04 0.710 0.896 1.020 1.069 1.084 1.099 1.137 1.148 1.159
5.913e-05 -2.19174 10.17609 0.7488400340 2.3994176388    0.686  1.625  4.0084  3.634    4  0.000  0.533     0.00     0.00 -1    -1e-30      0.00 7.562e-01 2.437e-01 1.688e-05 4.684e-06 4.222e-05 -1.000 1.000e-04 0.707 0.890 1.008 1.056 1.070 1.084 1.119 1.129 1.139
5.913e-05 -2.19174 10.17609 0.7488811612 2.3994343281    0.686  1.627  4.0058  3.623    4  0.000  0.533     0.00     0.00 -1    -1e-30      0.00 7.562e-01 2.437e-01 1.688e-05 4.684e-06 4.222e-05 -1.000 1.000e-04 0.703 0.882 0.993 1.039 1.052 1.065 1.097 1.107 1.116
5.913e-05 -2.19174 10.17609 0.7489228249 2.3994512558    0.686  1.629  4.0030  3.610    4  0.000  0.533     0.00     0.00 -1    -1e-30      0.00 7.562e-01 2.437e-01 1.688e-05 4.684e-06 4.222e-05 -1.000 1.000e-04 0.698 0.874 0.977 1.020 1.033 1.043 1.072 1.081 1.090
5.913e-05 -2.19174 10.17609 0.7489623427 2.3994674683    0.686  1.631  3.9999  3.595    4  0.000  0.533     0.00     0.00 -1    -1e-30      0.00 7.562e-01 2.437e-01 1.688e-05 4.684e-06 4.222e-05 -1.000 9.999e-05 0.692 0.864 0.958 0.999 1.011 1.020 1.045 1.053 1.061
5.913e-05 -2.19174 10.17609 0.7490018606 2.3994834423    0.686  1.634  3.9966  3.579    4  0.000  0.533     0.00     0.00 -1    -1e-30      0.00 7.562e-01 2.437e-01 1.688e-05 4.684e-06 4.222e-05 -1.000 1.000e-04 0.685 0.853 0.938 0.977 0.987 0.994 1.016 1.022 1.029
5.913e-05 -2.19174 10.17609 0.7490401268 2.3994989395    0.686  1.637  3.9929  3.561    4  0.000  0.533     0.00     0.00 -1    -1e-30      0.00 7.562e-01 2.437e-01 1.688e-05 4.684e-06 4.222e-05 -1.000 9.993e-05 0.678 0.842 0.916 0.952 0.960 0.966 0.983 0.988 0.994
5.913e-05 -2.19174 10.17609 0.7490783334 2.3995146751    0.686  1.640  3.9887  3.541    4  0.000  0.533     0.00     0.00 -1    -1e-30      0.00 7.562e-01 2.437e-01 1.688e-05 4.684e-06 4.222e-05 -1.000 1.000e-04 0.669 0.829 0.891 0.924 0.931 0.934 0.946 0.949 0.954
5.913e-05 -2.19174 10.17609 0.7491173744 2.3995304108    0.686  1.644  3.9843  3.520    4  0.000  0.533     0.00     0.00 -1    -1e-30      0.00 7.562e-01 2.437e-01 1.688e-05 4.684e-06 4.222e-05 -1.000 9.999e-05 0.660 0.816 0.866 0.895 0.899 0.899 0.906 0.907 0.911
5.913e-05 -2.19174 10.17609 0.7491558790 2.3995461464    0.686  1.648  3.9794  3.496    4  0.000  0.533     0.00     0.00 -1    -1e-30      0.00 7.562e-01 2.437e-01 1.688e-05 4.684e-06 4.222e-05 -1.000 1.000e-04 0.650 0.802 0.838 0.862 0.864 0.862 0.862 0.861 0.864
5.913e-05 -2.19174 10.17609 0.7491938472 2.3995616436    0.686  1.652  3.9742  3.471    4  0.000  0.533     0.00     0.00 -1    -1e-30      0.00 7.562e-01 2.437e-01 1.688e-05 4.684e-06 4.222e-05 -1.000 9.993e-05 0.639 0.789 0.810 0.830 0.829 0.823 0.816 0.813 0.814
5.913e-05 -2.19174 10.17609 0.7492352128 2.3995783329    0.687  1.658  3.9683  3.442    4  0.000  0.533     0.00     0.00 -1    -1e-30      0.00 7.562e-01 2.437e-01 1.688e-05 4.684e-06 4.222e-05 -1.000 1.000e-04 0.626 0.773 0.779 0.792 0.788 0.778 0.763 0.757 0.757
5.913e-05 -2.19174 10.17609 0.7492735982 2.3995940685    0.687  1.663  3.9624  3.414    4  0.000  0.533     0.00     0.00 -1    -1e-30      0.00 7.562e-01 2.437e-01 1.688e-05 4.684e-06 4.222e-05 -1.000 1.000e-04 0.614 0.759 0.750 0.757 0.749 0.734 0.711 0.702 0.700
5.913e-05 -2.19174 10.17609 0.7493128777 2.3996100426    0.687  1.668  3.9560  3.383    4  0.000  0.533     0.00     0.00 -1    -1e-30      0.00 7.562e-01 2.437e-01 1.688e-05 4.684e-06 4.222e-05 -1.000 9.997e-05 0.600 0.745 0.720 0.719 0.707 0.687 0.655 0.641 0.639
5.913e-05 -2.19174 10.17609 0.7493512034 2.3996255398    0.687  1.674  3.9494  3.351    4  0.000  0.533     0.00     0.00 -1    -1e-30      0.00 7.562e-01 2.437e-01 1.688e-05 4.684e-06 4.222e-05 -1.000 1.000e-04 0.586 0.731 0.691 0.682 0.665 0.639 0.598 0.580 0.576
5.913e-05 -2.19174 10.17609 0.7493893504 2.3996410370    0.687  1.680  3.9425  3.317    4  0.000  0.533     0.00     0.00 -1    -1e-30      0.00 7.562e-01 2.437e-01 1.688e-05 4.684e-06 4.222e-05 -1.000 9.999e-05 0.571 0.717 0.663 0.646 0.623 0.590 0.538 0.515 0.509
5.913e-05 -2.19174 10.17609 0.7493967414 2.3996441364    0.687  1.681  3.9411  3.310    4  0.000  0.533     0.00     0.00 -1    -1e-30      0.00 7.562e-01 2.437e-01 1.688e-05 4.684e-06 4.222e-05 -1.000 1.000e-04 0.568 0.715 0.657 0.638 0.614 0.579 0.526 0.502 0.496
5.913e-05 -2.19174 10.17609 0.7494039536 2.3996469975    0.687  1.682  3.9398  3.304    4  0.000  0.533     0.00     0.00 -1    -1e-30      0.00 7.562e-01 2.437e-01 1.688e-05 4.684e-06 4.222e-05 -1.000 9.999e-05 0.565 0.712 0.652 0.632 0.606 0.570 0.515 0.490 0.483
5.913e-05 -2.19174 10.17609 0.7494443655 2.3996634483    0.687  1.688  3.9328  3.270    4  0.000  0.533     0.00     0.00 -1    -1e-30      0.00 7.562e-01 2.437e-01 1.688e-05 4.684e-06 4.222e-05 -1.000 9.997e-05 0.550 0.701 0.629 0.598 0.565 0.521 0.455 0.423 0.416
5.913e-05 -2.19174 10.17609 0.7494852543 2.3996801376    0.687  1.695  3.9250  3.232    4  0.000  0.533     0.00     0.00 -1    -1e-30      0.00 7.562e-01 2.437e-01 1.688e-05 4.684e-06 4.222e-05 -1.000 9.999e-05 0.533 0.689 0.606 0.563 0.522 0.469 0.389 0.350 0.340
5.913e-05 -2.19174 10.17609 0.7495247722 2.3996961117    0.687  1.701  3.9172  3.194    4  0.000  0.533     0.00     0.00 -1    -1e-30      0.00 7.562e-01 2.437e-01 1.688e-05 4.684e-06 4.222e-05 -1.000 9.999e-05 0.517 0.678 0.588 0.532 0.481 0.417 0.324 0.276 0.266
5.913e-05 -2.19174 10.17609 0.7495641112 2.3997120857    0.687  1.708  3.9093  3.156    4  0.000  0.533     0.00     0.00 -1    -1e-30      0.00 7.562e-01 2.437e-01 1.688e-05 4.684e-06 4.222e-05 -1.000 9.999e-05 0.500 0.667 0.573 0.502 0.440 0.365 0.258 0.201 0.189
5.913e-05 -2.19174 10.17609 0.7496042252 2.3997282982    0.687  1.715  3.9016  3.118    4  0.000  0.533     0.00     0.00 -1    -1e-30      0.00 7.562e-01 2.437e-01 1.688e-05 4.684e-06 4.222e-05 -1.000 9.993e-05 0.482 0.658 0.563 0.476 0.403 0.315 0.194 0.127 0.114
5.913e-05 -2.19174 10.17609 0.7496434450 2.3997442722    0.687  1.722  3.8936  3.079    4  0.000  0.533     0.00     0.00 -1    -1e-30      0.00 7.562e-01 2.437e-01 1.688e-05 4.684e-06 4.222e-05 -1.000 1.000e-04 0.465 0.649 0.557 0.451 0.365 0.265 0.128 0.050 0.036
5.913e-05 -2.19174 10.17609 0.7496823072 2.3997600079    0.687  1.729  3.8867  3.045    4  0.000  0.533     0.00     0.00 -1    -1e-30      0.00 7.562e-01 2.437e-01 1.688e-05 4.684e-06 4.222e-05 -1.000 9.999e-05 0.449 0.642 0.556 0.432 0.333 0.222 0.071 -0.017 -0.032
5.913e-05 -2.19174 10.17609 0.7497219443 2.3997762203    0.687  1.735  3.8796  3.010    4  0.000  0.533     0.00     0.00 -1    -1e-30      0.00 7.562e-01 2.437e-01 1.688e-05 4.684e-06 4.222e-05 -1.000 9.999e-05 0.432 0.635 0.559 0.415 0.302 0.178 0.014 -0.087 -0.102
5.913e-05 -2.19174 10.17609 0.7497611046 2.3997919559    0.687  1.742  3.8733  2.979    4  0.000  0.533     0.00     0.00 -1    -1e-30      0.00 7.562e-01 2.437e-01 1.688e-05 4.684e-06 4.222e-05 -1.000 9.999e-05 0.416 0.627 0.561 0.400 0.275 0.140 -0.038 -0.150 -0.166
5.913e-05 -2.19174 10.17609 0.7498050928 2.3998098373    0.687  1.752  3.8643  2.932    4  0.000  0.533     0.00     0.00 -1    -1e-30      0.00 7.562e-01 2.437e-01 1.688e-05 4.684e-06 4.222e-05 -1.000 9.993e-05 0.391 0.614 0.564 0.379 0.237 0.084 -0.113 -0.242 -0.259
5.913e-05 -2.19174 10.17609 0.7498454452 2.3998262882    0.687  1.762  3.8550  2.885    4  0.000  0.533     0.00     0.00 -1    -1e-30      0.00 7.562e-01 2.437e-01 1.688e-05 4.684e-06 4.222e-05 -1.000 9.999e-05 0.365 0.602 0.569 0.361 0.200 0.030 -0.188 -0.335 -0.353
5.913e-05 -2.19174 10.17609 0.7498808503 2.3998405933    0.687  1.776  3.8443  2.829    4  0.000  0.533     0.00     0.00 -1    -1e-30      0.00 7.562e-01 2.437e-01 1.688e-05 4.684e-06 4.222e-05 -1.000 9.993e-05 0.331 0.585 0.571 0.336 0.155 -0.036 -0.279 -0.448 -0.468
5.913e-05 -2.19174 10.17609 0.7499036193 2.3998498917    0.687  1.795  3.8332  2.765    4  0.000  0.533     0.00     0.00 -1    -1e-30      0.00 7.562e-01 2.437e-01 1.688e-05 4.684e-06 4.222e-05 -1.000 9.999e-05 0.283 0.558 0.564 0.301 0.097 -0.115 -0.383 -0.577 -0.598
5.913e-05 -2.19174 10.17609 0.7499132156 2.3998537064    0.687  1.809  3.8227  2.709    4  0.000  0.533     0.00     0.00 -1    -1e-30      0.00 7.562e-01 2.437e-01 1.688e-05 4.684e-06 4.222e-05 -1.000 1.000e-04 0.247 0.544 0.569 0.279 0.054 -0.179 -0.472 -0.689 -0.712
5.913e-05 -2.19174 10.17609 0.7499182224 2.3998558521    0.687  1.821  3.8127  2.657    4  0.000  0.533     0.00     0.00 -1    -1e-30      0.00 7.562e-01 2.437e-01 1.688e-05 4.684e-06 4.222e-05 -1.000 1.000e-04 0.218 0.538 0.580 0.263 0.018 -0.233 -0.550 -0.790 -0.815
5.913e-05 -2.19174 10.17609 0.7499217987 2.3998572826    0.687  1.833  3.8015  2.600    4  0.000  0.533     0.00     0.00 -1    -1e-30      0.00 7.562e-01 2.437e-01 1.688e-05 4.684e-06 4.222e-05 -1.000 9.999e-05 0.188 0.537 0.602 0.252 -0.017 -0.289 -0.634 -0.900 -0.928
5.913e-05 -2.19174 10.17609 0.7499235868 2.3998579979    0.687  1.841  3.7932  2.559    4  0.000  0.533     0.00     0.00 -1    -1e-30      0.00 7.562e-01 2.437e-01 1.688e-05 4.684e-06 4.222e-05 -1.000 9.993e-05 0.168 0.542 0.622 0.246 -0.040 -0.327 -0.693 -0.978 -1.009
5.913e-05 -2.19174 10.17609 0.7499248385 2.3998584747    0.687  1.848  3.7855  2.521    4  0.000  0.533     0.00     0.00 -1    -1e-30      0.00 7.562e-01 2.437e-01 1.688e-05 4.684e-06 4.222e-05 -1.000 9.999e-05 0.150 0.549 0.642 0.242 -0.060 -0.362 -0.748 -1.050 -1.084
5.913e-05 -2.19174 10.17609 0.7499261498 2.3998589516    0.687  1.858  3.7759  2.473    4  0.000  0.533     0.00     0.00 -1    -1e-30      0.00 7.562e-01 2.437e-01 1.688e-05 4.684e-06 4.222e-05 -1.000 9.999e-05 0.126 0.561 0.666 0.236 -0.085 -0.405 -0.815 -1.142 -1.179
5.913e-05 -2.19174 10.17609 0.7499273419 2.3998594284    0.687  1.868  3.7670  2.427    4  0.000  0.533     0.00     0.00 -1    -1e-30      0.00 7.562e-01 2.437e-01 1.688e-05 4.684e-06 4.222e-05 -1.000 9.991e-05 0.099 0.574 0.684 0.227 -0.112 -0.448 -0.882 -1.231 -1.272
5.913e-05 -2.19174 10.17609 0.7499285340 2.3998601437    0.687  1.883  3.7586  2.379    4  0.000  0.533     0.00     0.00 -1    -1e-30      0.00 7.562e-01 2.437e-01 1.688e-05 4.684e-06 4.222e-05 -1.000 1.000e-04 0.063 0.576 0.691 0.207 -0.148 -0.500 -0.956 -1.323 -1.369
5.913e-05 -2.19174 10.17609 0.7499297857 2.3998606205    0.687  1.903  3.7507  2.327    4  0.000  0.533     0.00     0.00 -1    -1e-30      0.00 7.562e-01 2.437e-01 1.688e-05 4.684e-06 4.222e-05 -1.000 9.999e-05 0.013 0.569 0.685 0.175 -0.197 -0.562 -1.039 -1.424 -1.474
5.913e-05 -2.19174 10.17609 0.7499307990 2.3998608589    0.687  1.928  3.7430  2.271    4  0.000  0.533     0.00     0.00 -1    -1e-30      0.00 7.562e-01 2.437e-01 1.688e-05 4.684e-06 4.222e-05 -1.000 9.997e-05 -0.050 0.551 0.663 0.128 -0.259 -0.638 -1.135 -1.537 -1.592
5.913e-05 -2.19174 10.17609 0.7499312758 2.3998610973    0.687  1.944  3.7393  2.241    4  0.000  0.533     0.00     0.00 -1    -1e-30      0.00 7.562e-01 2.437e-01 1.688e-05 4.684e-06 4.222e-05 -1.000 9.999e-05 -0.089 0.536 0.644 0.097 -0.297 -0.683 -1.189 -1.599 -1.656
5.913e-05 -2.19174 10.17609 0.7499313354 2.3998610973    0.687  1.944  3.7393  2.240    7  0.000  0.533     0.00     0.00 -1    -1e-30      0.00 7.562e-01 2.437e-01 1.688e-05 4.684e-06 4.222e-05 -1.000 9.999e-05 -0.090 0.535 0.644 0.096 -0.298 -0.684 -1.191 -1.601 -1.658
5.913e-05 -2.19174 10.17609 0.7499319315 2.3998613358    0.687  1.973  3.7345  2.193    7  0.000  0.533     0.00     0.00 -1    -1e-30      0.00 7.562e-01 2.437e-01 1.688e-05 4.684e-06 4.222e-05 -1.000 1.000e-04 -0.161 0.502 0.599 0.034 -0.369 -0.764 -1.283 -1.704 -1.764
5.913e-05 -2.19174 10.17609 0.7499327064 2.3998618126    0.687  2.008  3.7296  2.137    7  0.000  0.533     0.00     0.00 -1    -1e-30      0.00 7.562e-01 2.437e-01 1.688e-05 4.684e-06 4.222e-05 -1.000 1.000e-04 -0.250 0.452 0.539 -0.044 -0.457 -0.861 -1.393 -1.825 -1.888
5.913e-05 -2.19174 10.17609 0.7499333620 2.3998620510    0.687  2.037  3.7261  2.094    7  0.000  0.533     0.00     0.00 -1    -1e-30      0.00 7.562e-01 2.437e-01 1.688e-05 4.684e-06 4.222e-05 -1.000 9.999e-05 -0.323 0.410 0.486 -0.109 -0.530 -0.939 -1.481 -1.920 -1.985
5.913e-05 -2.19174 10.17609 0.7499341369 2.3998622894    0.687  2.057  3.7243  2.067    7  0.000  0.533     0.00     0.00 -1    -1e-30      0.00 7.562e-01 2.437e-01 1.688e-05 4.684e-06 4.222e-05 -1.000 1.000e-04 -0.372 0.378 0.449 -0.154 -0.578 -0.991 -1.538 -1.981 -2.047
5.913e-05 -2.19174 10.17609 0.7499351501 2.3998627663    0.687  2.074  3.7229  2.045    7  0.000  0.533     0.00     0.00 -1    -1e-30      0.00 7.562e-01 2.437e-01 1.688e-05 4.684e-06 4.222e-05 -1.000 1.001e-04 -0.414 0.349 0.415 -0.192 -0.619 -1.035 -1.585 -2.032 -2.098
5.913e-05 -2.19174 10.17609 0.7499371171 2.3998634815    0.687  2.086  3.7220  2.029    7  0.000  0.533     0.00     0.00 -1    -1e-30      0.00 7.562e-01 2.437e-01 1.688e-05 4.684e-06 4.222e-05 -1.000 9.990e-05 -0.444 0.327 0.391 -0.220 -0.649 -1.066 -1.619 -2.068 -2.135
5.913e-05 -2.19174 10.17609 0.7499402165 2.3998646736    0.687  2.079  3.7223  2.037    7  0.000  0.533     0.00     0.00 -1    -1e-30      0.00 7.562e-01 2.437e-01 1.688e-05 4.684e-06 4.222e-05 -1.000 9.999e-05 -0.428 0.340 0.405 -0.205 -0.633 -1.050 -1.602 -2.050 -2.117
5.913e-05 -2.19174 10.17609 0.7499598265 2.3998727798    0.687  2.106  3.7190  1.997    7  0.000  0.533     0.00     0.00 -1    -1e-30      0.00 7.562e-01 2.437e-01 1.688e-05 4.684e-06 4.222e-05 -1.000 9.993e-05 -0.494 0.305 0.360 -0.263 -0.698 -1.121 -1.682 -2.138 -2.206
5.913e-05 -2.19174 10.17609 0.7499724030 2.3998777866    0.687  2.149  3.7151  1.939    7  0.000  0.533     0.00     0.00 -1    -1e-30      0.00 7.562e-01 2.437e-01 1.688e-05 4.684e-06 4.222e-05 -1.000 1.001e-04 -0.602 0.242 0.279 -0.360 -0.804 -1.234 -1.806 -2.270 -2.341
5.913e-05 -2.19174 10.17609 0.7499908805 2.3998854160    0.687  2.207  3.7105  1.862    7  0.000  0.533     0.00     0.00 -1    -1e-30      0.00 7.562e-01 2.437e-01 1.688e-05 4.684e-06 4.222e-05 -1.000 9.997e-05 -0.747 0.149 0.165 -0.494 -0.949 -1.387 -1.971 -2.445 -2.519
5.913e-05 -2.19174 10.17609 0.7500060201 2.3998913765    0.687  2.250  3.7076  1.808    7  0.000  0.533     0.00     0.00 -1    -1e-30      0.00 7.562e-01 2.437e-01 1.688e-05 4.684e-06 4.222e-05 -1.000 1.000e-04 -0.855 0.079 0.079 -0.594 -1.055 -1.499 -2.092 -2.571 -2.647
5.913e-05 -2.19174 10.17609 0.7500195503 2.3998968601    0.687  2.292  3.7049  1.755    7  0.000  0.533     0.00     0.00 -1    -1e-30      0.00 7.562e-01 2.437e-01 1.688e-05 4.684e-06 4.222e-05 -1.000 1.000e-04 -0.960 0.010 -0.006 -0.692 -1.159 -1.608 -2.209 -2.694 -2.772
5.913e-05 -2.19174 10.17609 0.7500315309 2.3999018669    0.687  2.334  3.7023  1.703    7  0.000  0.533     0.00     0.00 -1    -1e-30      0.00 7.562e-01 2.437e-01 1.688e-05 4.685e-06 4.222e-05 -1.000 9.999e-05 -1.064 -0.060 -0.090 -0.788 -1.262 -1.716 -2.324 -2.815 -2.894
5.913e-05 -2.19174 10.17609 0.7500421405 2.3999061584    0.687  2.375  3.6998  1.651    7  0.000  0.533     0.00     0.00 -1    -1e-30      0.00 7.562e-01 2.437e-01 1.686e-05 4.689e-06 4.222e-05 -1.000 9.999e-05 -1.168 -0.130 -0.174 -0.884 -1.364 -1.823 -2.438 -2.935 -3.015
5.913e-05 -2.19174 10.17609 0.7500514388 2.3999099731    0.687  2.416  3.6975  1.601    7  0.000  0.530     0.00     0.00 -1    -1e-30      0.00 7.562e-01 2.437e-01 1.680e-05 4.719e-06 4.222e-05 -1.000 1.000e-04 -1.270 -0.196 -0.256 -0.978 -1.464 -1.928 -2.549 -3.052 -3.134
5.913e-05 -2.19174 10.17609 0.7500597239 2.3999133110    0.687  2.457  3.6951  1.551    7  0.000  0.524     0.00     0.00 -1    -1e-30      0.00 7.562e-01 2.437e-01 1.660e-05 4.866e-06 4.222e-05 -1.000 9.993e-05 -1.371 -0.262 -0.338 -1.072 -1.563 -2.032 -2.660 -3.168 -3.251
5.913e-05 -2.19174 10.17609 0.7500672936 2.3999164104    0.687  2.498  3.6928  1.501    7  0.000  0.512     0.00     0.00 -1    -1e-30      0.00 7.562e-01 2.437e-01 1.620e-05 5.272e-06 4.222e-05 -1.000 1.000e-04 -1.474 -0.330 -0.421 -1.167 -1.664 -2.137 -2.772 -3.286 -3.370
5.913e-05 -2.19174 10.17609 0.7500742078 2.3999190331    0.687  2.538  3.6905  1.451    7  0.000  0.493     0.00     0.00 -1    -1e-30      0.00 7.561e-01 2.438e-01 1.562e-05 5.931e-06 4.222e-05 -1.000 1.000e-04 -1.576 -0.395 -0.502 -1.261 -1.764 -2.242 -2.884 -3.403 -3.489
5.913e-05 -2.19174 10.17609 0.7500806451 2.3999216557    0.687  2.579  3.6883  1.401    7  0.000  0.475     0.00     0.00 -1    -1e-30      0.00 7.560e-01 2.439e-01 1.504e-05 6.644e-06 4.222e-05 -1.000 1.000e-04 -1.678 -0.456 -0.582 -1.354 -1.863 -2.346 -2.995 -3.519 -3.606
5.913e-05 -2.19174 10.17609 0.7500867248 2.3999242783    0.687  2.620  3.6860  1.351    7  0.000  0.459     0.00     0.00 -1    -1e-30      0.00 7.558e-01 2.441e-01 1.453e-05 7.275e-06 4.223e-05 -1.000 1.001e-04 -1.780 -0.517 -0.661 -1.447 -1.962 -2.450 -3.107 -3.636 -3.724
5.913e-05 -2.19174 10.17609 0.7500925064 2.3999266624    0.687  2.661  3.6838  1.302    7  0.000  0.445     0.00     0.00 -1    -1e-30      0.00 7.556e-01 2.443e-01 1.408e-05 7.822e-06 4.223e-05 -1.000 1.000e-04 -1.882 -0.549 -0.730 -1.540 -2.064 -2.557 -3.220 -3.754 -3.843
5.913e-05 -2.19174 10.17609 0.7500980496 2.3999288082    0.687  2.701  3.6815  1.252    7  0.000  0.433     0.00     0.00 -1    -1e-30      0.00 7.553e-01 2.446e-01 1.370e-05 8.294e-06 4.224e-05 -1.000 1.001e-04 -1.984 -0.572 -0.796 -1.632 -2.165 -2.664 -3.333 -3.873 -3.961
5.913e-05 -2.19174 10.17609 0.7501032352 2.3999309540    0.688  2.742  3.6793  1.202    7  0.000  0.422     0.00     0.00 -1    -1e-30      0.00 7.551e-01 2.448e-01 1.338e-05 8.695e-06 4.223e-05 -1.000 1.001e-04 -2.085 -0.588 -0.857 -1.723 -2.266 -2.770 -3.447 -3.991 -4.080
5.913e-05 -2.19174 10.17609 0.7501079440 2.3999328613    0.688  2.782  3.6771  1.154    7  0.000  0.414     0.00     0.00 -1    -1e-30      0.00 7.548e-01 2.451e-01 1.311e-05 9.029e-06 4.221e-05 -1.000 1.001e-04 -2.185 -0.593 -0.913 -1.810 -2.363 -2.874 -3.558 -4.108 -4.196
5.913e-05 -2.19174 10.17609 0.7501117587 2.3999342918    0.688  2.820  3.6750  1.108    7  0.000  0.408     0.00     0.00 -1    -1e-30      0.00 7.546e-01 2.453e-01 1.290e-05 9.302e-06 4.218e-05 -1.000 9.999e-05 -2.279 -0.592 -0.962 -1.891 -2.456 -2.973 -3.663 -4.218 -4.306
5.913e-05 -2.19174 10.17609 0.7501149774 2.3999357224    0.688  2.858  3.6728  1.061    7  0.000  0.402     0.00     0.00 -1    -1e-30      0.00 7.543e-01 2.456e-01 1.270e-05 9.550e-06 4.213e-05 -1.000 1.001e-04 -2.374 -0.582 -1.008 -1.972 -2.549 -3.073 -3.770 -4.330 -4.418
5.913e-05 -2.19174 10.17609 0.7501177788 2.3999369144    0.688  2.895  3.6707  1.015    7  0.000  0.397     0.00     0.00 -1    -1e-30      0.00 7.540e-01 2.459e-01 1.254e-05 9.778e-06 4.205e-05 -1.000 1.000e-04 -2.467 -0.566 -1.049 -2.050 -2.640 -3.171 -3.875 -4.440 -4.528
5.913e-05 -2.19174 10.17609 0.7501205802 2.3999378681    0.688  2.936  3.6683  0.964    7  0.000  0.394     0.00     0.00 -1    -1e-30      0.00 7.538e-01 2.461e-01 1.238e-05 1.001e-05 4.195e-05 -1.000 1.000e-04 -2.570 -0.530 -1.085 -2.133 -2.739 -3.280 -3.992 -4.562 -4.650
5.913e-05 -2.19174 10.17609 0.7501229644 2.3999388218    0.688  2.973  3.6661  0.919    7  0.000  0.391     0.00     0.00 -1    -1e-30      0.00 7.536e-01 2.463e-01 1.228e-05 1.020e-05 4.184e-05 -1.000 9.994e-05 -2.663 -0.486 -1.111 -2.205 -2.827 -3.377 -4.097 -4.672 -4.759
5.913e-05 -2.19174 10.17609 0.7501255274 2.3999400139    0.688  3.061  3.6608  0.810    7  0.000  0.388     0.00     0.00 -1    -1e-30      0.00 7.530e-01 2.469e-01 1.205e-05 1.078e-05 4.145e-05 -1.000 1.000e-04 -2.882 -0.329 -1.141 -2.362 -3.032 -3.607 -4.347 -4.935 -5.020
5.913e-05 -2.19174 10.17609 0.7501256466 2.3999400139    0.688  3.067  3.6604  0.802    7  0.000  0.387     0.00     0.00 -1    -1e-30      0.00 7.530e-01 2.469e-01 1.203e-05 1.082e-05 4.142e-05 -1.000 1.000e-04 -2.898 -0.315 -1.142 -2.373 -3.047 -3.624 -4.366 -4.955 -5.040
5.913e-05 -2.19174 10.17609 0.7501258254 2.3999400139    0.688  3.075  3.6599  0.793    7  0.000  0.387     0.00     0.00 -1    -1e-30      0.00 7.529e-01 2.470e-01 1.202e-05 1.087e-05 4.139e-05 -1.000 1.000e-04 -2.916 -0.299 -1.142 -2.386 -3.064 -3.643 -4.387 -4.977 -5.062
5.913e-05 -2.19174 10.17609 0.7501260042 2.3999400139    0.688  3.081  3.6595  0.784    7  0.000  0.387     0.00     0.00 -1    -1e-30      0.00 7.529e-01 2.470e-01 1.200e-05 1.092e-05 4.135e-05 -1.000 9.996e-05 -2.933 -0.284 -1.143 -2.397 -3.079 -3.661 -4.406 -4.996 -5.082
5.913e-05 -2.19174 10.17609 0.7501261830 2.3999402523    0.688  3.090  3.6590  0.773    7  0.000  0.387     0.00     0.00 -1    -1e-30      0.00 7.528e-01 2.471e-01 1.197e-05 1.099e-05 4.130e-05 -1.000 1.000e-04 -2.956 -0.263 -1.143 -2.412 -3.099 -3.684 -4.432 -5.024 -5.109
5.913e-05 -2.19174 10.17609 0.7501264215 2.3999402523    0.688  3.116  3.6573  0.740    7  0.000  0.385     0.00     0.00 -1    -1e-30      0.00 7.525e-01 2.474e-01 1.187e-05 1.132e-05 4.106e-05 -1.000 9.988e-05 -3.021 -0.218 -1.150 -2.455 -3.158 -3.751 -4.506 -5.102 -5.187
5.913e-05 -2.19174 10.17609 0.7501267791 2.3999404907    0.688  3.158  3.6546  0.688    7  0.000  0.384     0.00     0.00 -1    -1e-30      0.00 7.520e-01 2.479e-01 1.171e-05 1.185e-05 4.066e-05 -1.000 8.838e-05 -3.124 -0.191 -1.180 -2.529 -3.250 -3.855 -4.621 -5.225 -5.310
5.913e-05 -2.19174 10.17609 0.7501271367 2.3999404907    0.688  3.414  3.6091  0.249    8  0.549  0.390   100.70    45.40  1 -1.65e-06      0.00 7.290e-01 2.706e-01 6.375e-05 5.931e-05 2.177e-04 -1.000 3.690e-04 -3.766 1.054 -0.612 -2.546 -3.587 -4.396 -5.398 -6.159 -6.267
5.913e-05 -2.19174 10.17609 0.7501271963 2.3999407291    0.688  3.292  3.6151  0.396    8  0.549  0.390    73.42    34.55  1 -9.46e-07      0.00 7.290e-01 2.706e-01 6.375e-05 5.931e-05 2.177e-04 -1.000 3.690e-04 -3.459 1.016 -0.548 -2.372 -3.343 -4.109 -5.071 -5.811 -5.916
5.913e-05 -2.19174 10.17609 0.7501272559 2.3999407291    0.688  3.142  3.6288  0.601    8  0.549  0.390    47.18    23.57  1 -4.67e-07      0.00 7.290e-01 2.706e-01 6.375e-05 5.931e-05 2.177e-04 -1.000 3.690e-04 -3.084 0.739 -0.601 -2.224 -3.078 -3.772 -4.655 -5.346 -5.443
5.913e-05 -2.19174 10.17609 0.7501273751 2.3999407291    0.688  2.925  3.6485  0.896    8  0.549  0.390    24.96    13.59  1 -1.62e-07      0.00 7.290e-01 2.706e-01 6.375e-05 5.931e-05 2.177e-04 -1.000 3.691e-04 -2.543 0.391 -0.582 -1.927 -2.648 -3.257 -4.047 -4.675 -4.764
5.913e-05 -2.19174 10.17609 0.7501274943 2.3999407291    0.688  2.930  3.6480  0.889    8  0.549  0.390    25.34    13.77  1 -1.66e-07      0.00 7.290e-01 2.706e-01 6.375e-05 5.931e-05 2.177e-04 -1.000 3.690e-04 -2.556 0.398 -0.584 -1.934 -2.658 -3.270 -4.062 -4.690 -4.780
5.913e-05 -2.19174 10.17609 0.7501277328 2.3999407291    0.688  3.002  3.6414  0.791    8  0.550  0.390    31.32    16.53  1 -2.38e-07      0.00 7.290e-01 2.706e-01 6.375e-05 5.931e-05 2.177e-04 -1.000 3.690e-04 -2.735 0.496 -0.606 -2.044 -2.807 -3.444 -4.265 -4.913 -5.005
5.913e-05 -2.19174 10.17609 0.7501279712 2.3999409676    0.688  3.158  3.6273  0.579    8  0.550  0.390    49.54    24.56  1 -5.05e-07      0.00 7.290e-01 2.706e-01 6.375e-05 5.931e-05 2.177e-04 -1.000 3.690e-04 -3.125 0.771 -0.596 -2.241 -3.108 -3.809 -4.700 -5.397 -5.494
5.913e-05 -2.19174 10.17609 0.7501282096 2.3999409676    0.688  3.298  3.6145  0.387    8  0.550  0.390    74.94    35.10  1 -9.75e-07      0.00 7.290e-01 2.706e-01 6.375e-05 5.931e-05 2.177e-04 -1.000 3.690e-04 -3.476 1.028 -0.545 -2.378 -3.354 -4.123 -5.089 -5.832 -5.937
5.913e-05 -2.19174 10.17609 0.7501285672 2.3999412060    0.688  3.392  3.6059  0.259    8  0.551  0.390    98.84    44.57  1  -1.5e-06      0.00 7.290e-01 2.706e-01 6.375e-05 5.931e-05 2.177e-04 -1.000 3.690e-04 -3.710 1.201 -0.493 -2.448 -3.505 -4.325 -5.346 -6.121 -6.232
5.913e-05 -2.19174 10.17609 0.7501289248 2.3999412060    0.688  3.444  3.6012  0.188    8  0.551  0.390   115.20    50.85  0  -1.9e-06      0.00 7.290e-01 2.706e-01 6.375e-05 5.931e-05 2.177e-04 -1.000 3.690e-04 -3.840 1.304 -0.455 -2.478 -3.583 -4.433 -5.486 -6.281 -6.396
5.913e-05 -2.19174 10.17609 0.7501293421 2.3999414444    0.688  3.470  3.5987  0.152    8  0.552  0.390   124.58    54.37  0 -2.14e-06      0.00 7.290e-01 2.706e-01 6.375e-05 5.931e-05 2.177e-04 -1.000 3.690e-04 -3.906 1.357 -0.435 -2.492 -3.622 -4.487 -5.558 -6.362 -6.479
5.913e-05 -2.19174 10.17609 0.7501297593 2.3999416828    0.688  3.487  3.5984  0.134    8  0.552  0.390   129.61    56.21  0 -2.31e-06      0.00 7.290e-01 2.706e-01 6.375e-05 5.931e-05 2.177e-04 -1.000 3.690e-04 -3.948 1.347 -0.453 -2.521 -3.658 -4.527 -5.601 -6.406 -6.524
5.913e-05 -2.19174 10.17609 0.7501314878 2.3999423981    0.554 -9.999  4.0000  1.705    9  0.554  0.000     0.00     0.00 -1    -1e-30      0.00 7.290e-01 2.706e-01 6.375e-05 5.931e-05 2.177e-04 -1.000 3.690e-04 29.767 29.814 30.058 30.107 30.099 30.089 30.131 30.126 30.141
#isochrone terminated
