# File generated by CMD 3.3 (http://stev.oapd.inaf.it/cmd) on Mon Apr  6 22:04:50 CEST 2020
# isochrones based on PARSEC release v1.2S +  COLIBRI S_35
# Basic references: Bressan et al. (2012), MNRAS, 427, 127 + Chen et al. (2014, 2015), MNRAS, 444, 2525 + MNRAS, 452, 1068 + Tang et al. (2014), MNRAS, 445, 4287 + Marigo et al. (2017), ApJ, 835, 77 + Pastorelli al. (2019), MNRAS in press
# Thermal pulse cycles included 
# On RGB, assumed Reimers mass loss with efficiency eta=0.2
# Photometric system: <i>UBVRIJHK</i> (cf. Maiz-Apellaniz 2006 + Bessell 1990)
# Using YBC version of bolometric corrections as in Chen et al. (2019)
# O-rich circumstellar dpmod60alox40 dust from Groenewegen (2006)
# C-rich circumstellar AMCSIC15 dust from Groenewegen (2006)
# IMF: Kroupa (2001, 2002) + Kroupa et al. (2013) canonical two-part-power law IMF corrected for unresolved binaries 
# Kind of output: luminosity functions
# age     Z  magbinc 	 mbolmag  Umag    Bmag    Vmag    Rmag    Imag    Jmag    Hmag    Kmag
1.5e+10 0.00006 -14.975         0        0        0        0        0        0        0        0        0
1.5e+10 0.00006 -14.925         0        0        0        0        0        0        0        0        0
1.5e+10 0.00006 -14.875         0        0        0        0        0        0        0        0        0
1.5e+10 0.00006 -14.825         0        0        0        0        0        0        0        0        0
1.5e+10 0.00006 -14.775         0        0        0        0        0        0        0        0        0
1.5e+10 0.00006 -14.725         0        0        0        0        0        0        0        0        0
1.5e+10 0.00006 -14.675         0        0        0        0        0        0        0        0        0
1.5e+10 0.00006 -14.625         0        0        0        0        0        0        0        0        0
1.5e+10 0.00006 -14.575         0        0        0        0        0        0        0        0        0
1.5e+10 0.00006 -14.525         0        0        0        0        0        0        0        0        0
1.5e+10 0.00006 -14.475         0        0        0        0        0        0        0        0        0
1.5e+10 0.00006 -14.425         0        0        0        0        0        0        0        0        0
1.5e+10 0.00006 -14.375         0        0        0        0        0        0        0        0        0
1.5e+10 0.00006 -14.325         0        0        0        0        0        0        0        0        0
1.5e+10 0.00006 -14.275         0        0        0        0        0        0        0        0        0
1.5e+10 0.00006 -14.225         0        0        0        0        0        0        0        0        0
1.5e+10 0.00006 -14.175         0        0        0        0        0        0        0        0        0
1.5e+10 0.00006 -14.125         0        0        0        0        0        0        0        0        0
1.5e+10 0.00006 -14.075         0        0        0        0        0        0        0        0        0
1.5e+10 0.00006 -14.025         0        0        0        0        0        0        0        0        0
1.5e+10 0.00006 -13.975         0        0        0        0        0        0        0        0        0
1.5e+10 0.00006 -13.925         0        0        0        0        0        0        0        0        0
1.5e+10 0.00006 -13.875         0        0        0        0        0        0        0        0        0
1.5e+10 0.00006 -13.825         0        0        0        0        0        0        0        0        0
1.5e+10 0.00006 -13.775         0        0        0        0        0        0        0        0        0
1.5e+10 0.00006 -13.725         0        0        0        0        0        0        0        0        0
1.5e+10 0.00006 -13.675         0        0        0        0        0        0        0        0        0
1.5e+10 0.00006 -13.625         0        0        0        0        0        0        0        0        0
1.5e+10 0.00006 -13.575         0        0        0        0        0        0        0        0        0
1.5e+10 0.00006 -13.525         0        0        0        0        0        0        0        0        0
1.5e+10 0.00006 -13.475         0        0        0        0        0        0        0        0        0
1.5e+10 0.00006 -13.425         0        0        0        0        0        0        0        0        0
1.5e+10 0.00006 -13.375         0        0        0        0        0        0        0        0        0
1.5e+10 0.00006 -13.325         0        0        0        0        0        0        0        0        0
1.5e+10 0.00006 -13.275         0        0        0        0        0        0        0        0        0
1.5e+10 0.00006 -13.225         0        0        0        0        0        0        0        0        0
1.5e+10 0.00006 -13.175         0        0        0        0        0        0        0        0        0
1.5e+10 0.00006 -13.125         0        0        0        0        0        0        0        0        0
1.5e+10 0.00006 -13.075         0        0        0        0        0        0        0        0        0
1.5e+10 0.00006 -13.025         0        0        0        0        0        0        0        0        0
1.5e+10 0.00006 -12.975         0        0        0        0        0        0        0        0        0
1.5e+10 0.00006 -12.925         0        0        0        0        0        0        0        0        0
1.5e+10 0.00006 -12.875         0        0        0        0        0        0        0        0        0
1.5e+10 0.00006 -12.825         0        0        0        0        0        0        0        0        0
1.5e+10 0.00006 -12.775         0        0        0        0        0        0        0        0        0
1.5e+10 0.00006 -12.725         0        0        0        0        0        0        0        0        0
1.5e+10 0.00006 -12.675         0        0        0        0        0        0        0        0        0
1.5e+10 0.00006 -12.625         0        0        0        0        0        0        0        0        0
1.5e+10 0.00006 -12.575         0        0        0        0        0        0        0        0        0
1.5e+10 0.00006 -12.525         0        0        0        0        0        0        0        0        0
1.5e+10 0.00006 -12.475         0        0        0        0        0        0        0        0        0
1.5e+10 0.00006 -12.425         0        0        0        0        0        0        0        0        0
1.5e+10 0.00006 -12.375         0        0        0        0        0        0        0        0        0
1.5e+10 0.00006 -12.325         0        0        0        0        0        0        0        0        0
1.5e+10 0.00006 -12.275         0        0        0        0        0        0        0        0        0
1.5e+10 0.00006 -12.225         0        0        0        0        0        0        0        0        0
1.5e+10 0.00006 -12.175         0        0        0        0        0        0        0        0        0
1.5e+10 0.00006 -12.125         0        0        0        0        0        0        0        0        0
1.5e+10 0.00006 -12.075         0        0        0        0        0        0        0        0        0
1.5e+10 0.00006 -12.025         0        0        0        0        0        0        0        0        0
1.5e+10 0.00006 -11.975         0        0        0        0        0        0        0        0        0
1.5e+10 0.00006 -11.925         0        0        0        0        0        0        0        0        0
1.5e+10 0.00006 -11.875         0        0        0        0        0        0        0        0        0
1.5e+10 0.00006 -11.825         0        0        0        0        0        0        0        0        0
1.5e+10 0.00006 -11.775         0        0        0        0        0        0        0        0        0
1.5e+10 0.00006 -11.725         0        0        0        0        0        0        0        0        0
1.5e+10 0.00006 -11.675         0        0        0        0        0        0        0        0        0
1.5e+10 0.00006 -11.625         0        0        0        0        0        0        0        0        0
1.5e+10 0.00006 -11.575         0        0        0        0        0        0        0        0        0
1.5e+10 0.00006 -11.525         0        0        0        0        0        0        0        0        0
1.5e+10 0.00006 -11.475         0        0        0        0        0        0        0        0        0
1.5e+10 0.00006 -11.425         0        0        0        0        0        0        0        0        0
1.5e+10 0.00006 -11.375         0        0        0        0        0        0        0        0        0
1.5e+10 0.00006 -11.325         0        0        0        0        0        0        0        0        0
1.5e+10 0.00006 -11.275         0        0        0        0        0        0        0        0        0
1.5e+10 0.00006 -11.225         0        0        0        0        0        0        0        0        0
1.5e+10 0.00006 -11.175         0        0        0        0        0        0        0        0        0
1.5e+10 0.00006 -11.125         0        0        0        0        0        0        0        0        0
1.5e+10 0.00006 -11.075         0        0        0        0        0        0        0        0        0
1.5e+10 0.00006 -11.025         0        0        0        0        0        0        0        0        0
1.5e+10 0.00006 -10.975         0        0        0        0        0        0        0        0        0
1.5e+10 0.00006 -10.925         0        0        0        0        0        0        0        0        0
1.5e+10 0.00006 -10.875         0        0        0        0        0        0        0        0        0
1.5e+10 0.00006 -10.825         0        0        0        0        0        0        0        0        0
1.5e+10 0.00006 -10.775         0        0        0        0        0        0        0        0        0
1.5e+10 0.00006 -10.725         0        0        0        0        0        0        0        0        0
1.5e+10 0.00006 -10.675         0        0        0        0        0        0        0        0        0
1.5e+10 0.00006 -10.625         0        0        0        0        0        0        0        0        0
1.5e+10 0.00006 -10.575         0        0        0        0        0        0        0        0        0
1.5e+10 0.00006 -10.525         0        0        0        0        0        0        0        0        0
1.5e+10 0.00006 -10.475         0        0        0        0        0        0        0        0        0
1.5e+10 0.00006 -10.425         0        0        0        0        0        0        0        0        0
1.5e+10 0.00006 -10.375         0        0        0        0        0        0        0        0        0
1.5e+10 0.00006 -10.325         0        0        0        0        0        0        0        0        0
1.5e+10 0.00006 -10.275         0        0        0        0        0        0        0        0        0
1.5e+10 0.00006 -10.225         0        0        0        0        0        0        0        0        0
1.5e+10 0.00006 -10.175         0        0        0        0        0        0        0        0        0
1.5e+10 0.00006 -10.125         0        0        0        0        0        0        0        0        0
1.5e+10 0.00006 -10.075         0        0        0        0        0        0        0        0        0
1.5e+10 0.00006 -10.025         0        0        0        0        0        0        0        0        0
1.5e+10 0.00006 -9.975         0        0        0        0        0        0        0        0        0
1.5e+10 0.00006 -9.925         0        0        0        0        0        0        0        0        0
1.5e+10 0.00006 -9.875         0        0        0        0        0        0        0        0        0
1.5e+10 0.00006 -9.825         0        0        0        0        0        0        0        0        0
1.5e+10 0.00006 -9.775         0        0        0        0        0        0        0        0        0
1.5e+10 0.00006 -9.725         0        0        0        0        0        0        0        0        0
1.5e+10 0.00006 -9.675         0        0        0        0        0        0        0        0        0
1.5e+10 0.00006 -9.625         0        0        0        0        0        0        0        0        0
1.5e+10 0.00006 -9.575         0        0        0        0        0        0        0        0        0
1.5e+10 0.00006 -9.525         0        0        0        0        0        0        0        0        0
1.5e+10 0.00006 -9.475         0        0        0        0        0        0        0        0        0
1.5e+10 0.00006 -9.425         0        0        0        0        0        0        0        0        0
1.5e+10 0.00006 -9.375         0        0        0        0        0        0        0        0        0
1.5e+10 0.00006 -9.325         0        0        0        0        0        0        0        0        0
1.5e+10 0.00006 -9.275         0        0        0        0        0        0        0        0        0
1.5e+10 0.00006 -9.225         0        0        0        0        0        0        0        0        0
1.5e+10 0.00006 -9.175         0        0        0        0        0        0        0        0        0
1.5e+10 0.00006 -9.125         0        0        0        0        0        0        0        0        0
1.5e+10 0.00006 -9.075         0        0        0        0        0        0        0        0        0
1.5e+10 0.00006 -9.025         0        0        0        0        0        0        0        0        0
1.5e+10 0.00006 -8.975         0        0        0        0        0        0        0        0        0
1.5e+10 0.00006 -8.925         0        0        0        0        0        0        0        0        0
1.5e+10 0.00006 -8.875         0        0        0        0        0        0        0        0        0
1.5e+10 0.00006 -8.825         0        0        0        0        0        0        0        0        0
1.5e+10 0.00006 -8.775         0        0        0        0        0        0        0        0        0
1.5e+10 0.00006 -8.725         0        0        0        0        0        0        0        0        0
1.5e+10 0.00006 -8.675         0        0        0        0        0        0        0        0        0
1.5e+10 0.00006 -8.625         0        0        0        0        0        0        0        0        0
1.5e+10 0.00006 -8.575         0        0        0        0        0        0        0        0        0
1.5e+10 0.00006 -8.525         0        0        0        0        0        0        0        0        0
1.5e+10 0.00006 -8.475         0        0        0        0        0        0        0        0        0
1.5e+10 0.00006 -8.425         0        0        0        0        0        0        0        0        0
1.5e+10 0.00006 -8.375         0        0        0        0        0        0        0        0        0
1.5e+10 0.00006 -8.325         0        0        0        0        0        0        0        0        0
1.5e+10 0.00006 -8.275         0        0        0        0        0        0        0        0        0
1.5e+10 0.00006 -8.225         0        0        0        0        0        0        0        0        0
1.5e+10 0.00006 -8.175         0        0        0        0        0        0        0        0        0
1.5e+10 0.00006 -8.125         0        0        0        0        0        0        0        0        0
1.5e+10 0.00006 -8.075         0        0        0        0        0        0        0        0        0
1.5e+10 0.00006 -8.025         0        0        0        0        0        0        0        0        0
1.5e+10 0.00006 -7.975         0        0        0        0        0        0        0        0        0
1.5e+10 0.00006 -7.925         0        0        0        0        0        0        0        0        0
1.5e+10 0.00006 -7.875         0        0        0        0        0        0        0        0        0
1.5e+10 0.00006 -7.825         0        0        0        0        0        0        0        0        0
1.5e+10 0.00006 -7.775         0        0        0        0        0        0        0        0        0
1.5e+10 0.00006 -7.725         0        0        0        0        0        0        0        0        0
1.5e+10 0.00006 -7.675         0        0        0        0        0        0        0        0        0
1.5e+10 0.00006 -7.625         0        0        0        0        0        0        0        0        0
1.5e+10 0.00006 -7.575         0        0        0        0        0        0        0        0        0
1.5e+10 0.00006 -7.525         0        0        0        0        0        0        0        0        0
1.5e+10 0.00006 -7.475         0        0        0        0        0        0        0        0        0
1.5e+10 0.00006 -7.425         0        0        0        0        0        0        0        0        0
1.5e+10 0.00006 -7.375         0        0        0        0        0        0        0        0        0
1.5e+10 0.00006 -7.325         0        0        0        0        0        0        0        0        0
1.5e+10 0.00006 -7.275         0        0        0        0        0        0        0        0        0
1.5e+10 0.00006 -7.225         0        0        0        0        0        0        0        0        0
1.5e+10 0.00006 -7.175         0        0        0        0        0        0        0        0        0
1.5e+10 0.00006 -7.125         0        0        0        0        0        0        0        0        0
1.5e+10 0.00006 -7.075         0        0        0        0        0        0        0        0        0
1.5e+10 0.00006 -7.025         0        0        0        0        0        0        0        0        0
1.5e+10 0.00006 -6.975         0        0        0        0        0        0        0        0        0
1.5e+10 0.00006 -6.925         0        0        0        0        0        0        0        0        0
1.5e+10 0.00006 -6.875         0        0        0        0        0        0        0        0        0
1.5e+10 0.00006 -6.825         0        0        0        0        0        0        0        0        0
1.5e+10 0.00006 -6.775         0        0        0        0        0        0        0        0        0
1.5e+10 0.00006 -6.725         0        0        0        0        0        0        0        0        0
1.5e+10 0.00006 -6.675         0        0        0        0        0        0        0        0        0
1.5e+10 0.00006 -6.625         0        0        0        0        0        0        0        0        0
1.5e+10 0.00006 -6.575         0        0        0        0        0        0        0        0        0
1.5e+10 0.00006 -6.525         0        0        0        0        0        0        0        0        0
1.5e+10 0.00006 -6.475         0        0        0        0        0        0        0        0        0
1.5e+10 0.00006 -6.425         0        0        0        0        0        0        0        0        0
1.5e+10 0.00006 -6.375         0        0        0        0        0        0        0        0        0
1.5e+10 0.00006 -6.325         0        0        0        0        0        0        0        0        0
1.5e+10 0.00006 -6.275         0        0        0        0        0        0        0        0        0
1.5e+10 0.00006 -6.225         0        0        0        0        0        0        0        0        0
1.5e+10 0.00006 -6.175         0        0        0        0        0        0        0        0        0
1.5e+10 0.00006 -6.125         0        0        0        0        0        0        0        0        0
1.5e+10 0.00006 -6.075         0        0        0        0        0        0        0        0        0
1.5e+10 0.00006 -6.025         0        0        0        0        0        0        0        0        0
1.5e+10 0.00006 -5.975         0        0        0        0        0        0        0        0        0
1.5e+10 0.00006 -5.925         0        0        0        0        0        0        0        0        0
1.5e+10 0.00006 -5.875         0        0        0        0        0        0        0        0        0
1.5e+10 0.00006 -5.825         0        0        0        0        0        0        0        0        0
1.5e+10 0.00006 -5.775         0        0        0        0        0        0        0        0        0
1.5e+10 0.00006 -5.725         0        0        0        0        0        0        0        0        0
1.5e+10 0.00006 -5.675         0        0        0        0        0        0        0        0        0
1.5e+10 0.00006 -5.625         0        0        0        0        0        0        0        0        0
1.5e+10 0.00006 -5.575         0        0        0        0        0        0        0        0 8.01e-07
1.5e+10 0.00006 -5.525         0        0        0        0        0        0        0 2.19e-07 7.04e-07
1.5e+10 0.00006 -5.475         0        0        0        0        0        0        0 7.77e-07 6.80e-07
1.5e+10 0.00006 -5.425         0        0        0        0        0        0        0 7.04e-07 1.07e-06
1.5e+10 0.00006 -5.375         0        0        0        0        0        0        0 6.80e-07 1.26e-06
1.5e+10 0.00006 -5.325         0        0        0        0        0        0        0 1.26e-06 1.17e-06
1.5e+10 0.00006 -5.275         0        0        0        0        0        0        0 1.21e-06 1.21e-06
1.5e+10 0.00006 -5.225         0        0        0        0        0        0        0 1.17e-06 1.21e-06
1.5e+10 0.00006 -5.175         0        0        0        0        0        0        0 1.21e-06 1.21e-06
1.5e+10 0.00006 -5.125         0        0        0        0        0        0        0 1.21e-06 1.17e-06
1.5e+10 0.00006 -5.075         0        0        0        0        0        0        0 1.26e-06 1.12e-06
1.5e+10 0.00006 -5.025         0        0        0        0        0        0        0 1.12e-06 1.07e-06
1.5e+10 0.00006 -4.975         0        0        0        0        0        0        0 1.12e-06 1.02e-06
1.5e+10 0.00006 -4.925         0        0        0        0        0        0        0 1.07e-06 1.07e-06
1.5e+10 0.00006 -4.875         0        0        0        0        0        0 6.80e-07 1.02e-06 1.07e-06
1.5e+10 0.00006 -4.825         0        0        0        0        0        0 7.29e-07 1.07e-06 1.51e-06
1.5e+10 0.00006 -4.775         0        0        0        0        0        0 7.29e-07 1.14e-06 1.60e-06
1.5e+10 0.00006 -4.725         0        0        0        0        0        0 1.12e-06 1.53e-06 1.97e-06
1.5e+10 0.00006 -4.675         0        0        0        0        0        0 1.31e-06 1.72e-06 1.97e-06
1.5e+10 0.00006 -4.625         0        0        0        0        0        0 1.21e-06 1.97e-06 1.99e-06
1.5e+10 0.00006 -4.575         0        0        0        0        0        0 1.26e-06 1.94e-06 1.99e-06
1.5e+10 0.00006 -4.525         0        0        0        0        0        0 1.31e-06 1.96e-06 1.96e-06
1.5e+10 0.00006 -4.475         0        0        0        0        0        0 1.26e-06 1.99e-06 1.82e-06
1.5e+10 0.00006 -4.425         0        0        0        0        0        0 1.21e-06 1.92e-06 2.23e-06
1.5e+10 0.00006 -4.375         0        0        0        0        0        0 1.17e-06 1.89e-06 2.28e-06
1.5e+10 0.00006 -4.325         0        0        0        0        0        0 1.12e-06 2.28e-06 2.33e-06
1.5e+10 0.00006 -4.275         0        0        0        0        0        0 1.07e-06 2.18e-06 2.72e-06
1.5e+10 0.00006 -4.225         0        0        0        0        0        0 1.12e-06 2.43e-06 2.62e-06
1.5e+10 0.00006 -4.175         0        0        0        0        0        0 1.31e-06 2.72e-06 2.57e-06
1.5e+10 0.00006 -4.125         0        0        0        0        0        0 1.60e-06 2.62e-06 2.81e-06
1.5e+10 0.00006 -4.075         0        0        0        0        0 7.29e-07 1.94e-06 2.57e-06 3.01e-06
1.5e+10 0.00006 -4.025         0        0        0        0        0 8.01e-07 2.06e-06 2.91e-06 2.79e-06
1.5e+10 0.00006 -3.975         0        0        0        0        0 8.26e-07 2.06e-06 2.96e-06 3.03e-06
1.5e+10 0.00006 -3.925         0        0        0        0        0 1.38e-06 2.09e-06 2.79e-06 3.40e-06
1.5e+10 0.00006 -3.875         0        0        0        0        0 1.41e-06 2.06e-06 3.18e-06 3.44e-06
1.5e+10 0.00006 -3.825         0        0        0        0        0 1.31e-06 1.92e-06 3.40e-06 3.52e-06
1.5e+10 0.00006 -3.775         0        0        0        0        0 1.46e-06 2.26e-06 3.44e-06 3.81e-06
1.5e+10 0.00006 -3.725         0        0        0        0        0 1.36e-06 2.31e-06 3.59e-06 3.74e-06
1.5e+10 0.00006 -3.675         0        0        0        0        0 1.36e-06 2.52e-06 3.83e-06 3.98e-06
1.5e+10 0.00006 -3.625         0        0        0        0        0 1.26e-06 2.86e-06 3.74e-06 3.98e-06
1.5e+10 0.00006 -3.575         0        0        0        0        0 1.21e-06 2.72e-06 4.03e-06 4.12e-06
1.5e+10 0.00006 -3.525         0        0        0        0        0 1.17e-06 2.62e-06 3.88e-06 4.27e-06
1.5e+10 0.00006 -3.475         0        0        0        0 4.86e-08 1.21e-06 2.94e-06 4.32e-06 4.39e-06
1.5e+10 0.00006 -3.425         0        0        0        0 9.71e-07 1.48e-06 3.11e-06 4.32e-06 4.37e-06
1.5e+10 0.00006 -3.375  2.19e-07        0        0        0 9.23e-07 2.01e-06 2.96e-06 4.44e-06 4.46e-06
1.5e+10 0.00006 -3.325  8.74e-07        0        0        0 1.21e-06 2.16e-06 3.35e-06 4.37e-06 4.27e-06
1.5e+10 0.00006 -3.275  8.01e-07        0        0        0 1.60e-06 2.28e-06 3.61e-06 4.42e-06 4.44e-06
1.5e+10 0.00006 -3.225  1.02e-06        0        0        0 1.51e-06 2.21e-06 3.56e-06 4.32e-06 4.71e-06
1.5e+10 0.00006 -3.175  1.46e-06        0        0        0 1.55e-06 2.18e-06 3.71e-06 4.49e-06 4.71e-06
1.5e+10 0.00006 -3.125  1.36e-06        0        0        0 1.55e-06 2.11e-06 4.03e-06 4.76e-06 5.39e-06
1.5e+10 0.00006 -3.075  1.41e-06        0        0        0 1.46e-06 2.23e-06 3.93e-06 4.78e-06 5.82e-06
1.5e+10 0.00006 -3.025  1.41e-06        0        0        0 1.41e-06 2.52e-06 4.22e-06 5.92e-06 5.75e-06
1.5e+10 0.00006 -2.975  1.41e-06        0        0        0 1.31e-06 2.74e-06 4.08e-06 5.82e-06 5.97e-06
1.5e+10 0.00006 -2.925  1.26e-06        0        0        0 1.36e-06 3.01e-06 4.54e-06 5.75e-06 5.80e-06
1.5e+10 0.00006 -2.875  1.26e-06        0        0        0 1.41e-06 2.91e-06 4.37e-06 5.75e-06 6.67e-06
1.5e+10 0.00006 -2.825  1.21e-06        0        0        0 2.26e-06 2.86e-06 4.73e-06 6.46e-06 6.60e-06
1.5e+10 0.00006 -2.775  1.26e-06        0        0        0 2.38e-06 3.08e-06 4.66e-06 6.43e-06 6.92e-06
1.5e+10 0.00006 -2.725  1.29e-06        0        0        0 2.50e-06 3.23e-06 4.49e-06 6.67e-06 6.94e-06
1.5e+10 0.00006 -2.675  1.94e-06        0        0 7.29e-07 2.47e-06 3.28e-06 4.54e-06 7.11e-06 1.34e-05
1.5e+10 0.00006 -2.625  2.35e-06        0        0 1.09e-06 2.26e-06 3.78e-06 4.80e-06 7.28e-06 1.33e-05
1.5e+10 0.00006 -2.575  2.33e-06        0        0 1.53e-06 2.28e-06 3.78e-06 5.00e-06 1.52e-05 1.10e-05
1.5e+10 0.00006 -2.525  2.33e-06        0        0 1.89e-06 2.47e-06 3.78e-06 5.85e-06 1.33e-05 8.60e-06
1.5e+10 0.00006 -2.475  2.30e-06        0        0 1.89e-06 2.79e-06 4.15e-06 6.11e-06 9.91e-06 8.47e-06
1.5e+10 0.00006 -2.425  2.13e-06        0        0 1.89e-06 3.20e-06 4.12e-06 6.04e-06 8.52e-06 8.62e-06
1.5e+10 0.00006 -2.375  2.35e-06        0        0 1.80e-06 3.25e-06 4.32e-06 6.11e-06 8.48e-06 8.74e-06
1.5e+10 0.00006 -2.325  2.55e-06        0        0 1.70e-06 2.91e-06 4.46e-06 6.41e-06 8.74e-06 9.23e-06
1.5e+10 0.00006 -2.275  2.94e-06        0        0 1.70e-06 3.18e-06 4.63e-06 6.75e-06 8.89e-06 9.42e-06
1.5e+10 0.00006 -2.225  3.15e-06        0        0 1.80e-06 3.28e-06 4.59e-06 7.09e-06 9.33e-06 9.69e-06
1.5e+10 0.00006 -2.175  3.06e-06        0        0 3.06e-06 3.57e-06 4.95e-06 7.62e-06 9.81e-06 1.18e-05
1.5e+10 0.00006 -2.125  2.91e-06        0        0 3.06e-06 4.00e-06 5.00e-06 7.28e-06 1.11e-05 1.30e-05
1.5e+10 0.00006 -2.075  3.28e-06        0        0 3.08e-06 4.00e-06 4.73e-06 1.53e-05 1.43e-05 8.49e-06
1.5e+10 0.00006 -2.025  3.28e-06        0        0 2.72e-06 4.07e-06 4.80e-06 1.35e-05 8.36e-06 8.93e-06
1.5e+10 0.00006 -1.975  3.71e-06        0        0 2.57e-06 4.15e-06 5.07e-06 1.03e-05 8.95e-06 8.39e-06
1.5e+10 0.00006 -1.925  4.00e-06        0        0 2.86e-06 4.51e-06 5.60e-06 8.86e-06 8.42e-06 9.12e-06
1.5e+10 0.00006 -1.875  3.95e-06        0        0 3.61e-06 4.51e-06 6.26e-06 8.98e-06 8.86e-06 9.12e-06
1.5e+10 0.00006 -1.825  4.00e-06        0        0 3.59e-06 4.56e-06 6.41e-06 9.18e-06 9.12e-06 9.64e-06
1.5e+10 0.00006 -1.775  4.32e-06        0        0 3.54e-06 4.88e-06 6.41e-06 9.28e-06 9.42e-06 1.05e-05
1.5e+10 0.00006 -1.725  4.37e-06        0        0 3.23e-06 4.85e-06 6.41e-06 9.91e-06 1.01e-05 1.01e-05
1.5e+10 0.00006 -1.675  4.61e-06        0        0 3.69e-06 5.22e-06 6.92e-06 1.16e-05 1.05e-05 1.05e-05
1.5e+10 0.00006 -1.625  4.54e-06        0        0 4.17e-06 5.10e-06 7.48e-06 1.43e-05 1.05e-05 1.10e-05
1.5e+10 0.00006 -1.575  4.85e-06        0        0 4.39e-06 5.07e-06 7.81e-06 8.68e-06 1.05e-05 1.13e-05
1.5e+10 0.00006 -1.525  4.90e-06        0        0 4.34e-06 4.85e-06 7.96e-06 8.54e-06 1.11e-05 1.17e-05
1.5e+10 0.00006 -1.475  5.10e-06        0        0 4.51e-06 5.65e-06 7.72e-06 9.02e-06 1.17e-05 1.20e-05
1.5e+10 0.00006 -1.425  4.95e-06        0        0 4.58e-06 6.26e-06 1.91e-05 8.86e-06 1.18e-05 1.31e-05
1.5e+10 0.00006 -1.375  4.97e-06        0        0 4.90e-06 6.53e-06 1.26e-05 9.46e-06 1.27e-05 1.31e-05
1.5e+10 0.00006 -1.325  5.14e-06        0        0 4.90e-06 6.70e-06 9.37e-06 9.12e-06 1.31e-05 1.34e-05
1.5e+10 0.00006 -1.275  5.56e-06        0        0 5.05e-06 6.48e-06 9.25e-06 1.02e-05 1.33e-05 1.43e-05
1.5e+10 0.00006 -1.225  6.19e-06        0 7.53e-07 5.07e-06 6.79e-06 9.81e-06 1.05e-05 1.43e-05 1.45e-05
1.5e+10 0.00006 -1.175  6.48e-06        0 2.65e-06 5.43e-06 7.81e-06 9.74e-06 1.10e-05 1.43e-05 1.55e-05
1.5e+10 0.00006 -1.125  6.70e-06        0 4.27e-06 5.44e-06 8.15e-06 1.14e-05 1.10e-05 1.51e-05 1.54e-05
1.5e+10 0.00006 -1.075  6.48e-06        0 5.60e-06 5.31e-06 8.06e-06 1.55e-05 1.10e-05 1.55e-05 1.63e-05
1.5e+10 0.00006 -1.025  6.87e-06        0 6.50e-06 5.29e-06 8.40e-06 8.97e-06 1.26e-05 1.59e-05 1.72e-05
1.5e+10 0.00006 -0.975  7.50e-06        0 7.60e-06 6.07e-06 1.67e-05 8.71e-06 1.25e-05 1.73e-05 1.82e-05
1.5e+10 0.00006 -0.925  8.15e-06        0 6.11e-06 6.53e-06 1.50e-05 8.83e-06 1.30e-05 1.82e-05 1.93e-05
1.5e+10 0.00006 -0.875  8.06e-06        0 5.97e-06 6.82e-06 9.49e-06 9.20e-06 1.32e-05 1.82e-05 1.94e-05
1.5e+10 0.00006 -0.825  8.06e-06        0 5.36e-06 7.06e-06 9.71e-06 9.22e-06 1.38e-05 2.02e-05 1.96e-05
1.5e+10 0.00006 -0.775  1.85e-05        0 5.70e-06 6.84e-06 9.93e-06 9.49e-06 1.43e-05 1.99e-05 2.15e-05
1.5e+10 0.00006 -0.725  1.35e-05        0 6.38e-06 7.11e-06 1.03e-05 9.85e-06 1.51e-05 2.05e-05 2.16e-05
1.5e+10 0.00006 -0.675  9.49e-06        0 6.28e-06 8.69e-06 1.36e-05 1.10e-05 1.60e-05 2.21e-05 2.36e-05
1.5e+10 0.00006 -0.625  9.37e-06        0 5.85e-06 8.59e-06 1.29e-05 1.10e-05 1.61e-05 2.25e-05 2.36e-05
1.5e+10 0.00006 -0.575  1.02e-05 1.07e-05 5.85e-06 8.49e-06 9.00e-06 1.15e-05 1.69e-05 2.56e-05 2.65e-05
1.5e+10 0.00006 -0.525  9.93e-06 5.25e-06 6.21e-06 8.49e-06 8.76e-06 1.18e-05 1.87e-05 2.56e-05 2.68e-05
1.5e+10 0.00006 -0.475  1.34e-05 2.66e-06 6.31e-06 1.90e-05 8.34e-06 1.25e-05 1.91e-05 2.79e-05 2.96e-05
1.5e+10 0.00006 -0.425  1.34e-05 2.42e-06 6.33e-06 1.39e-05 9.54e-06 1.32e-05 2.13e-05 2.99e-05 3.30e-05
1.5e+10 0.00006 -0.375  8.80e-06 1.86e-05 6.28e-06 9.98e-06 9.56e-06 1.32e-05 2.30e-05 3.30e-05 3.29e-05
1.5e+10 0.00006 -0.325  8.80e-06 1.98e-05 6.11e-06 1.05e-05 1.02e-05 1.47e-05 2.40e-05 3.43e-05 3.62e-05
1.5e+10 0.00006 -0.275  8.76e-06 1.60e-05 6.55e-06 1.15e-05 9.85e-06 1.46e-05 2.71e-05 3.66e-05 3.94e-05
1.5e+10 0.00006 -0.225  9.20e-06 1.23e-05 7.35e-06 1.61e-05 1.11e-05 1.62e-05 2.85e-05 3.89e-05 3.96e-05
1.5e+10 0.00006 -0.175  9.27e-06 1.04e-05 7.28e-06 9.26e-06 1.18e-05 1.71e-05 3.35e-05 3.96e-05 4.20e-05
1.5e+10 0.00006 -0.125  1.02e-05 2.03e-05 7.47e-06 9.22e-06 1.25e-05 1.89e-05 3.28e-05 4.38e-05 4.54e-05
1.5e+10 0.00006 -0.075  9.86e-06 1.24e-05 7.86e-06 8.51e-06 1.28e-05 2.24e-05 3.51e-05 4.46e-05 4.40e-05
1.5e+10 0.00006 -0.025  1.12e-05 9.15e-06 7.96e-06 8.85e-06 1.42e-05 2.56e-05 4.05e-05 4.46e-05 4.86e-05
1.5e+10 0.00006  0.025  1.17e-05 1.01e-05 8.95e-06 9.39e-06 1.57e-05 3.09e-05 3.91e-05 4.72e-05 4.62e-05
1.5e+10 0.00006  0.075  1.20e-05 1.05e-05 9.46e-06 9.88e-06 1.78e-05 3.34e-05 4.13e-05 4.70e-05 4.91e-05
1.5e+10 0.00006  0.125  1.28e-05 1.10e-05 9.46e-06 1.04e-05 2.17e-05 3.62e-05 4.03e-05 4.72e-05 4.83e-05
1.5e+10 0.00006  0.175  1.43e-05 1.12e-05 9.56e-06 1.06e-05 2.86e-05 3.95e-05 4.14e-05 5.01e-05 5.00e-05
1.5e+10 0.00006  0.225  1.62e-05 1.14e-05 1.57e-05 1.41e-05 3.75e-05 3.97e-05 4.43e-05 5.06e-05 5.39e-05
1.5e+10 0.00006  0.275  2.02e-05 1.94e-05 1.72e-05 1.87e-05 4.21e-05 3.73e-05 4.19e-05 5.08e-05 5.39e-05
1.5e+10 0.00006  0.325  2.74e-05 2.59e-05 1.25e-05 2.96e-05 4.20e-05 3.76e-05 4.58e-05 5.39e-05 5.32e-05
1.5e+10 0.00006  0.375  4.32e-05 9.89e-06 1.69e-05 5.27e-05 3.88e-05 3.93e-05 4.61e-05 5.55e-05 5.86e-05
1.5e+10 0.00006  0.425  5.99e-05 9.53e-06 1.09e-05 5.88e-05 3.83e-05 3.90e-05 4.71e-05 5.79e-05 6.03e-05
1.5e+10 0.00006  0.475  6.28e-05 9.90e-06 9.04e-06 4.60e-05 3.90e-05 4.02e-05 5.06e-05 6.03e-05 5.97e-05
1.5e+10 0.00006  0.525  6.43e-05 1.67e-05 9.24e-06 4.01e-05 3.70e-05 4.22e-05 4.88e-05 5.90e-05 6.29e-05
1.5e+10 0.00006  0.575  6.98e-05 3.66e-05 1.81e-04 3.90e-05 4.15e-05 4.21e-05 5.37e-05 6.40e-05 6.11e-05
1.5e+10 0.00006  0.625  8.10e-05 9.54e-05 4.77e-05 3.75e-05 3.79e-05 4.39e-05 5.33e-05 6.20e-05 6.86e-05
1.5e+10 0.00006  0.675  1.22e-04 8.87e-05 3.94e-05 3.65e-05 4.01e-05 4.51e-05 5.41e-05 6.66e-05 6.69e-05
1.5e+10 0.00006  0.725  1.36e-04 7.21e-05 3.66e-05 3.65e-05 4.13e-05 4.77e-05 5.96e-05 7.05e-05 6.97e-05
1.5e+10 0.00006  0.775  2.53e-05 6.76e-05 3.79e-05 3.93e-05 4.27e-05 5.01e-05 6.04e-05 6.91e-05 7.26e-05
1.5e+10 0.00006  0.825  2.03e-05 7.26e-05 3.90e-05 4.00e-05 4.50e-05 5.19e-05 6.41e-05 7.44e-05 7.44e-05
1.5e+10 0.00006  0.875  2.14e-05 1.13e-04 4.14e-05 4.22e-05 4.63e-05 5.50e-05 6.58e-05 7.55e-05 7.69e-05
1.5e+10 0.00006  0.925  2.22e-05 7.56e-05 4.75e-05 4.66e-05 5.27e-05 5.92e-05 6.99e-05 8.06e-05 7.92e-05
1.5e+10 0.00006  0.975  2.29e-05 2.10e-05 5.91e-05 5.22e-05 5.66e-05 6.29e-05 7.33e-05 8.19e-05 8.26e-05
1.5e+10 0.00006  1.025  2.38e-05 1.41e-05 1.01e-04 6.48e-05 6.55e-05 7.21e-05 7.77e-05 8.54e-05 8.56e-05
1.5e+10 0.00006  1.075  2.38e-05 1.60e-05 2.49e-05 1.01e-04 8.85e-05 8.57e-05 8.69e-05 9.56e-05 9.03e-05
1.5e+10 0.00006  1.125  2.65e-05 1.58e-05 2.11e-05 3.77e-05 7.59e-05 1.07e-04 1.02e-04 1.02e-04 1.03e-04
1.5e+10 0.00006  1.175  2.58e-05 1.66e-05 1.50e-05 3.00e-05 4.22e-05 5.04e-05 1.09e-04 1.30e-04 1.32e-04
1.5e+10 0.00006  1.225  2.77e-05 1.69e-05 1.49e-05 2.51e-05 3.50e-05 5.08e-05 6.89e-05 7.52e-05 8.32e-05
1.5e+10 0.00006  1.275  2.98e-05 1.81e-05 1.55e-05 2.38e-05 3.50e-05 4.51e-05 6.63e-05 7.67e-05 8.00e-05
1.5e+10 0.00006  1.325  2.90e-05 1.85e-05 1.61e-05 2.56e-05 3.55e-05 4.69e-05 6.26e-05 7.14e-05 7.06e-05
1.5e+10 0.00006  1.375  3.37e-05 2.03e-05 1.64e-05 2.68e-05 3.72e-05 5.21e-05 6.34e-05 7.24e-05 7.66e-05
1.5e+10 0.00006  1.425  3.24e-05 2.07e-05 1.79e-05 2.69e-05 3.82e-05 5.00e-05 6.33e-05 7.86e-05 7.68e-05
1.5e+10 0.00006  1.475  3.46e-05 2.19e-05 1.84e-05 3.08e-05 3.98e-05 5.18e-05 6.76e-05 8.03e-05 7.85e-05
1.5e+10 0.00006  1.525  3.55e-05 2.17e-05 1.93e-05 2.98e-05 4.26e-05 5.57e-05 6.60e-05 7.68e-05 8.33e-05
1.5e+10 0.00006  1.575  3.52e-05 2.34e-05 2.05e-05 3.22e-05 4.27e-05 5.47e-05 6.97e-05 8.68e-05 8.85e-05
1.5e+10 0.00006  1.625  3.98e-05 2.41e-05 2.11e-05 3.37e-05 4.53e-05 5.90e-05 7.00e-05 8.85e-05 9.02e-05
1.5e+10 0.00006  1.675  3.98e-05 2.48e-05 2.18e-05 3.32e-05 4.68e-05 5.90e-05 7.32e-05 9.54e-05 9.83e-05
1.5e+10 0.00006  1.725  4.09e-05 2.55e-05 2.24e-05 3.69e-05 4.68e-05 6.12e-05 7.65e-05 9.83e-05 9.19e-05
1.5e+10 0.00006  1.775  4.27e-05 2.66e-05 2.39e-05 3.55e-05 5.21e-05 6.31e-05 7.23e-05 1.05e-04 1.16e-04
1.5e+10 0.00006  1.825  4.41e-05 2.71e-05 2.33e-05 4.10e-05 5.00e-05 6.47e-05 8.45e-05 1.17e-04 1.10e-04
1.5e+10 0.00006  1.875  4.68e-05 3.01e-05 2.57e-05 3.98e-05 5.59e-05 6.83e-05 8.38e-05 1.18e-04 1.15e-04
1.5e+10 0.00006  1.925  4.68e-05 2.90e-05 2.57e-05 4.21e-05 5.57e-05 6.56e-05 8.70e-05 1.18e-04 1.28e-04
1.5e+10 0.00006  1.975  5.20e-05 3.32e-05 2.76e-05 4.27e-05 5.51e-05 7.01e-05 9.89e-05 1.36e-04 1.36e-04
1.5e+10 0.00006  2.025  5.00e-05 3.33e-05 2.79e-05 4.54e-05 6.14e-05 7.06e-05 9.39e-05 1.36e-04 1.35e-04
1.5e+10 0.00006  2.075  5.39e-05 3.58e-05 3.02e-05 4.68e-05 5.90e-05 7.25e-05 1.11e-04 1.53e-04 1.55e-04
1.5e+10 0.00006  2.125  5.57e-05 3.76e-05 3.10e-05 4.68e-05 6.33e-05 7.52e-05 1.12e-04 1.55e-04 1.44e-04
1.5e+10 0.00006  2.175  5.60e-05 3.90e-05 3.38e-05 5.18e-05 6.55e-05 7.82e-05 1.23e-04 1.65e-04 1.88e-04
1.5e+10 0.00006  2.225  5.90e-05 3.97e-05 3.37e-05 5.21e-05 6.76e-05 8.08e-05 1.32e-04 1.93e-04 1.94e-04
1.5e+10 0.00006  2.275  6.15e-05 4.12e-05 3.55e-05 5.40e-05 6.58e-05 8.79e-05 1.36e-04 1.94e-04 1.88e-04
1.5e+10 0.00006  2.325  6.37e-05 4.45e-05 3.83e-05 5.77e-05 7.03e-05 9.08e-05 1.53e-04 2.27e-04 2.49e-04
1.5e+10 0.00006  2.375  6.31e-05 4.52e-05 3.69e-05 5.73e-05 7.25e-05 9.42e-05 1.54e-04 2.50e-04 2.50e-04
1.5e+10 0.00006  2.425  6.72e-05 4.76e-05 4.08e-05 6.14e-05 7.32e-05 1.04e-04 1.75e-04 2.50e-04 2.66e-04
1.5e+10 0.00006  2.475  6.58e-05 4.78e-05 4.14e-05 6.15e-05 7.42e-05 1.10e-04 1.65e-04 3.02e-04 2.87e-04
1.5e+10 0.00006  2.525  7.04e-05 5.08e-05 4.37e-05 6.38e-05 8.09e-05 1.31e-04 2.14e-04 3.41e-04 3.78e-04
1.5e+10 0.00006  2.575  7.25e-05 5.09e-05 4.43e-05 6.55e-05 8.53e-05 1.27e-04 2.07e-04 3.94e-04 3.94e-04
1.5e+10 0.00006  2.625  7.18e-05 5.62e-05 4.62e-05 6.96e-05 8.51e-05 1.54e-04 2.49e-04 3.95e-04 3.95e-04
1.5e+10 0.00006  2.675  7.53e-05 5.84e-05 5.08e-05 6.83e-05 9.85e-05 1.52e-04 2.66e-04 4.38e-04 4.64e-04
1.5e+10 0.00006  2.725  8.20e-05 5.99e-05 4.88e-05 7.28e-05 9.78e-05 1.79e-04 2.77e-04 4.95e-04 4.96e-04
1.5e+10 0.00006  2.775  8.58e-05 6.19e-05 5.41e-05 7.25e-05 1.11e-04 1.79e-04 3.06e-04 4.72e-04 4.73e-04
1.5e+10 0.00006  2.825  8.51e-05 6.36e-05 5.42e-05 7.57e-05 1.15e-04 1.96e-04 3.79e-04 5.17e-04 5.39e-04
1.5e+10 0.00006  2.875  9.65e-05 6.64e-05 5.59e-05 8.10e-05 1.44e-04 2.04e-04 4.11e-04 6.00e-04 6.71e-04
1.5e+10 0.00006  2.925  1.01e-04 6.93e-05 5.98e-05 8.29e-05 1.47e-04 2.45e-04 4.12e-04 7.02e-04 6.94e-04
1.5e+10 0.00006  2.975  1.13e-04 7.25e-05 6.08e-05 8.93e-05 1.69e-04 2.49e-04 4.83e-04 7.28e-04 7.29e-04
1.5e+10 0.00006  3.025  1.20e-04 7.67e-05 6.39e-05 9.75e-05 1.81e-04 2.99e-04 4.95e-04 7.05e-04 7.87e-04
1.5e+10 0.00006  3.075  1.51e-04 7.56e-05 6.33e-05 1.05e-04 1.96e-04 3.00e-04 4.97e-04 8.48e-04 8.50e-04
1.5e+10 0.00006  3.125  1.56e-04 8.24e-05 6.78e-05 1.10e-04 2.14e-04 3.36e-04 5.36e-04 8.53e-04 8.18e-04
1.5e+10 0.00006  3.175  1.84e-04 8.22e-05 7.05e-05 1.30e-04 2.27e-04 3.92e-04 6.36e-04 8.83e-04 9.88e-04
1.5e+10 0.00006  3.225  2.02e-04 8.57e-05 7.31e-05 1.50e-04 2.63e-04 4.28e-04 7.25e-04 1.00e-03 9.64e-04
1.5e+10 0.00006  3.275  2.15e-04 9.81e-05 7.31e-05 1.64e-04 2.71e-04 4.47e-04 6.97e-04 9.68e-04 1.01e-03
1.5e+10 0.00006  3.325  2.47e-04 1.08e-04 7.73e-05 2.06e-04 3.29e-04 4.99e-04 7.40e-04 1.03e-03 1.11e-03
1.5e+10 0.00006  3.375  2.58e-04 1.20e-04 8.03e-05 2.16e-04 3.17e-04 5.20e-04 8.12e-04 1.14e-03 1.19e-03
1.5e+10 0.00006  3.425  2.84e-04 1.36e-04 8.37e-05 2.33e-04 3.70e-04 5.22e-04 8.17e-04 1.19e-03 1.20e-03
1.5e+10 0.00006  3.475  3.29e-04 1.79e-04 9.10e-05 2.68e-04 4.27e-04 5.47e-04 9.37e-04 1.17e-03 1.30e-03
1.5e+10 0.00006  3.525  3.33e-04 2.38e-04 1.02e-04 2.78e-04 4.46e-04 6.83e-04 9.23e-04 1.36e-03 1.45e-03
1.5e+10 0.00006  3.575  3.78e-04 3.05e-04 1.07e-04 3.10e-04 4.72e-04 6.95e-04 9.69e-04 1.42e-03 1.49e-03
1.5e+10 0.00006  3.625  4.16e-04 3.62e-04 1.22e-04 3.51e-04 5.19e-04 6.98e-04 9.96e-04 1.44e-03 1.53e-03
1.5e+10 0.00006  3.675  4.80e-04 3.69e-04 1.46e-04 3.50e-04 5.21e-04 7.60e-04 1.10e-03 1.66e-03 1.70e-03
1.5e+10 0.00006  3.725  4.64e-04 3.87e-04 1.87e-04 3.94e-04 5.34e-04 7.76e-04 1.15e-03 1.65e-03 1.79e-03
1.5e+10 0.00006  3.775  5.21e-04 4.15e-04 2.27e-04 4.54e-04 6.18e-04 7.81e-04 1.13e-03 1.80e-03 1.94e-03
1.5e+10 0.00006  3.825  5.46e-04 4.16e-04 2.83e-04 4.80e-04 6.73e-04 9.02e-04 1.26e-03 1.82e-03 2.03e-03
1.5e+10 0.00006  3.875  5.56e-04 4.54e-04 3.35e-04 4.92e-04 6.96e-04 9.23e-04 1.37e-03 2.03e-03 2.12e-03
1.5e+10 0.00006  3.925  6.01e-04 5.12e-04 3.50e-04 5.44e-04 6.67e-04 8.88e-04 1.38e-03 2.05e-03 2.29e-03
1.5e+10 0.00006  3.975  6.53e-04 5.15e-04 3.77e-04 5.47e-04 7.90e-04 9.49e-04 1.51e-03 2.19e-03 2.29e-03
1.5e+10 0.00006  4.025  6.95e-04 5.37e-04 4.14e-04 5.53e-04 7.77e-04 1.10e-03 1.52e-03 2.30e-03 2.47e-03
1.5e+10 0.00006  4.075  6.99e-04 5.70e-04 4.16e-04 6.22e-04 7.82e-04 1.06e-03 1.66e-03 2.35e-03 2.55e-03
1.5e+10 0.00006  4.125  7.48e-04 5.72e-04 4.36e-04 6.65e-04 8.78e-04 1.07e-03 1.75e-03 2.48e-03 2.82e-03
1.5e+10 0.00006  4.175  7.77e-04 6.24e-04 4.98e-04 6.97e-04 8.84e-04 1.20e-03 1.81e-03 2.61e-03 2.98e-03
1.5e+10 0.00006  4.225  7.81e-04 6.68e-04 5.15e-04 6.78e-04 8.89e-04 1.25e-03 1.90e-03 2.82e-03 3.12e-03
1.5e+10 0.00006  4.275  8.73e-04 6.95e-04 5.20e-04 7.74e-04 9.18e-04 1.27e-03 2.00e-03 3.04e-03 3.33e-03
1.5e+10 0.00006  4.325  8.43e-04 6.98e-04 5.70e-04 7.41e-04 1.01e-03 1.32e-03 2.12e-03 3.06e-03 3.39e-03
1.5e+10 0.00006  4.375  8.89e-04 7.33e-04 5.47e-04 7.92e-04 1.06e-03 1.45e-03 2.15e-03 3.12e-03 3.63e-03
1.5e+10 0.00006  4.425  9.09e-04 7.76e-04 6.00e-04 8.39e-04 1.02e-03 1.47e-03 2.31e-03 3.39e-03 3.68e-03
1.5e+10 0.00006  4.475  1.01e-03 7.43e-04 6.24e-04 8.44e-04 1.15e-03 1.55e-03 2.30e-03 3.42e-03 3.85e-03
1.5e+10 0.00006  4.525  1.02e-03 8.22e-04 6.63e-04 8.90e-04 1.19e-03 1.63e-03 2.51e-03 3.62e-03 4.03e-03
1.5e+10 0.00006  4.575  9.78e-04 8.42e-04 6.66e-04 8.81e-04 1.22e-03 1.72e-03 2.73e-03 3.59e-03 4.23e-03
1.5e+10 0.00006  4.625  1.12e-03 8.87e-04 7.08e-04 1.01e-03 1.24e-03 1.76e-03 2.72e-03 3.85e-03 4.51e-03
1.5e+10 0.00006  4.675  1.13e-03 8.52e-04 7.38e-04 9.72e-04 1.33e-03 1.79e-03 2.89e-03 4.15e-03 4.62e-03
1.5e+10 0.00006  4.725  1.22e-03 9.15e-04 7.05e-04 9.79e-04 1.40e-03 1.96e-03 2.94e-03 4.25e-03 4.58e-03
1.5e+10 0.00006  4.775  1.17e-03 9.68e-04 7.63e-04 1.08e-03 1.42e-03 1.99e-03 3.08e-03 4.35e-03 4.86e-03
1.5e+10 0.00006  4.825  1.29e-03 9.75e-04 8.00e-04 1.14e-03 1.56e-03 2.08e-03 3.20e-03 4.45e-03 4.85e-03
1.5e+10 0.00006  4.875  1.28e-03 9.64e-04 8.45e-04 1.16e-03 1.51e-03 2.14e-03 3.27e-03 4.56e-03 4.83e-03
1.5e+10 0.00006  4.925  1.35e-03 1.08e-03 8.09e-04 1.17e-03 1.61e-03 2.23e-03 3.36e-03 4.59e-03 4.95e-03
1.5e+10 0.00006  4.975  1.43e-03 1.08e-03 8.37e-04 1.24e-03 1.70e-03 2.32e-03 3.42e-03 4.55e-03 4.92e-03
1.5e+10 0.00006  5.025  1.44e-03 1.11e-03 9.21e-04 1.34e-03 1.78e-03 2.44e-03 3.63e-03 4.66e-03 4.92e-03
1.5e+10 0.00006  5.075  1.51e-03 1.07e-03 9.27e-04 1.29e-03 1.81e-03 2.49e-03 3.89e-03 4.74e-03 5.24e-03
1.5e+10 0.00006  5.125  1.62e-03 1.21e-03 9.33e-04 1.37e-03 1.83e-03 2.60e-03 3.97e-03 4.73e-03 5.18e-03
1.5e+10 0.00006  5.175  1.57e-03 1.16e-03 1.00e-03 1.44e-03 1.96e-03 2.69e-03 3.90e-03 4.84e-03 5.52e-03
1.5e+10 0.00006  5.225  1.68e-03 1.23e-03 1.02e-03 1.51e-03 2.00e-03 2.73e-03 4.15e-03 4.96e-03 5.45e-03
1.5e+10 0.00006  5.275  1.74e-03 1.24e-03 1.11e-03 1.55e-03 2.09e-03 2.82e-03 4.08e-03 5.29e-03 5.60e-03
1.5e+10 0.00006  5.325  1.83e-03 1.31e-03 1.06e-03 1.56e-03 2.16e-03 2.84e-03 4.31e-03 5.21e-03 5.97e-03
1.5e+10 0.00006  5.375  1.84e-03 1.26e-03 1.10e-03 1.59e-03 2.29e-03 2.94e-03 4.12e-03 5.34e-03 6.52e-03
1.5e+10 0.00006  5.425  1.87e-03 1.33e-03 1.15e-03 1.74e-03 2.24e-03 2.90e-03 4.35e-03 5.48e-03 7.68e-03
1.5e+10 0.00006  5.475  2.04e-03 1.41e-03 1.22e-03 1.75e-03 2.39e-03 3.05e-03 4.28e-03 5.67e-03 7.54e-03
1.5e+10 0.00006  5.525  2.07e-03 1.36e-03 1.17e-03 1.81e-03 2.41e-03 3.32e-03 4.50e-03 7.33e-03 7.68e-03
1.5e+10 0.00006  5.575  2.05e-03 1.47e-03 1.31e-03 1.86e-03 2.47e-03 3.30e-03 4.61e-03 7.18e-03 8.14e-03
1.5e+10 0.00006  5.625  2.16e-03 1.42e-03 1.25e-03 1.94e-03 2.52e-03 3.36e-03 4.71e-03 7.31e-03 7.99e-03
1.5e+10 0.00006  5.675  2.29e-03 1.43e-03 1.36e-03 1.94e-03 2.56e-03 3.42e-03 4.62e-03 7.45e-03 8.47e-03
1.5e+10 0.00006  5.725  2.23e-03 1.51e-03 1.33e-03 2.07e-03 2.60e-03 3.65e-03 4.93e-03 7.90e-03 9.21e-03
1.5e+10 0.00006  5.775  2.35e-03 1.58e-03 1.42e-03 2.07e-03 2.64e-03 3.56e-03 5.05e-03 7.74e-03 9.71e-03
1.5e+10 0.00006  5.825  2.40e-03 1.59e-03 1.46e-03 2.10e-03 2.76e-03 3.63e-03 5.17e-03 7.89e-03 1.03e-02
1.5e+10 0.00006  5.875  2.35e-03 1.60e-03 1.49e-03 2.20e-03 2.79e-03 3.75e-03 5.30e-03 9.12e-03 1.02e-02
1.5e+10 0.00006  5.925  2.54e-03 1.58e-03 1.58e-03 2.17e-03 2.88e-03 3.57e-03 5.50e-03 9.76e-03 1.06e-02
1.5e+10 0.00006  5.975  2.52e-03 1.66e-03 1.50e-03 2.24e-03 2.99e-03 3.78e-03 7.07e-03 9.62e-03 1.02e-02
1.5e+10 0.00006  6.025  2.54e-03 1.68e-03 1.64e-03 2.24e-03 3.19e-03 3.76e-03 6.91e-03 9.85e-03 1.12e-02
1.5e+10 0.00006  6.075  2.76e-03 1.68e-03 1.66e-03 2.37e-03 3.09e-03 4.12e-03 7.03e-03 1.00e-02 1.28e-02
1.5e+10 0.00006  6.125  2.72e-03 1.70e-03 1.67e-03 2.40e-03 3.15e-03 4.01e-03 7.16e-03 9.96e-03 1.32e-02
1.5e+10 0.00006  6.175  2.96e-03 1.63e-03 1.79e-03 2.33e-03 3.36e-03 4.29e-03 7.29e-03 1.14e-02 1.31e-02
1.5e+10 0.00006  6.225  3.01e-03 1.73e-03 1.74e-03 2.48e-03 3.26e-03 4.18e-03 7.42e-03 1.23e-02 1.40e-02
1.5e+10 0.00006  6.275  3.22e-03 1.66e-03 1.86e-03 2.37e-03 3.32e-03 4.26e-03 7.56e-03 1.27e-02 1.45e-02
1.5e+10 0.00006  6.325  3.12e-03 1.75e-03 1.76e-03 2.60e-03 3.32e-03 4.56e-03 8.65e-03 1.30e-02 1.50e-02
1.5e+10 0.00006  6.375  3.17e-03 1.78e-03 1.87e-03 2.82e-03 3.29e-03 4.45e-03 9.00e-03 1.34e-02 1.55e-02
1.5e+10 0.00006  6.425  3.23e-03 1.70e-03 1.89e-03 2.71e-03 3.49e-03 4.76e-03 9.20e-03 1.39e-02 1.54e-02
1.5e+10 0.00006  6.475  3.28e-03 1.77e-03 1.91e-03 2.75e-03 3.39e-03 4.64e-03 9.41e-03 1.49e-02 1.66e-02
1.5e+10 0.00006  6.525  3.48e-03 1.81e-03 1.96e-03 2.95e-03 3.73e-03 4.94e-03 9.62e-03 1.48e-02 1.72e-02
1.5e+10 0.00006  6.575  3.26e-03 1.73e-03 1.96e-03 2.84e-03 3.80e-03 6.21e-03 9.29e-03 1.60e-02 1.57e-02
1.5e+10 0.00006  6.625  3.46e-03 1.85e-03 1.98e-03 3.04e-03 3.87e-03 6.31e-03 9.73e-03 1.59e-02 1.56e-02
1.5e+10 0.00006  6.675  3.37e-03 1.84e-03 1.94e-03 2.93e-03 3.95e-03 6.41e-03 1.16e-02 1.71e-02 1.54e-02
1.5e+10 0.00006  6.725  3.77e-03 1.86e-03 2.01e-03 3.14e-03 4.03e-03 6.22e-03 1.25e-02 1.54e-02 1.66e-02
1.5e+10 0.00006  6.775  3.77e-03 1.80e-03 2.13e-03 3.00e-03 4.11e-03 6.62e-03 1.23e-02 1.55e-02 1.65e-02
1.5e+10 0.00006  6.825  4.03e-03 2.07e-03 2.07e-03 2.98e-03 3.98e-03 6.73e-03 1.27e-02 1.53e-02 1.79e-02
1.5e+10 0.00006  6.875  3.92e-03 1.94e-03 2.11e-03 3.03e-03 4.27e-03 6.53e-03 1.36e-02 1.65e-02 1.72e-02
1.5e+10 0.00006  6.925  3.99e-03 2.12e-03 2.13e-03 3.08e-03 4.35e-03 6.95e-03 1.35e-02 1.64e-02 1.41e-02
1.5e+10 0.00006  6.975  4.07e-03 1.99e-03 2.36e-03 3.18e-03 4.44e-03 8.05e-03 1.45e-02 1.70e-02 1.52e-02
1.5e+10 0.00006  7.025  4.36e-03 2.17e-03 2.24e-03 3.37e-03 4.89e-03 7.91e-03 1.44e-02 1.84e-02 1.50e-02
1.5e+10 0.00006  7.075  4.24e-03 2.03e-03 2.42e-03 3.62e-03 5.65e-03 8.44e-03 1.55e-02 1.42e-02 1.54e-02
1.5e+10 0.00006  7.125  4.32e-03 2.22e-03 2.45e-03 3.49e-03 5.73e-03 8.24e-03 1.60e-02 1.44e-02 1.59e-02
1.5e+10 0.00006  7.175  4.63e-03 2.08e-03 2.49e-03 3.55e-03 5.82e-03 8.79e-03 1.59e-02 1.55e-02 1.65e-02
1.5e+10 0.00006  7.225  4.56e-03 2.27e-03 2.52e-03 3.62e-03 6.20e-03 8.40e-03 1.51e-02 1.53e-02 1.70e-02
1.5e+10 0.00006  7.275  5.91e-03 2.13e-03 2.39e-03 3.68e-03 6.00e-03 8.51e-03 1.49e-02 1.58e-02 1.84e-02
1.5e+10 0.00006  7.325  6.00e-03 2.32e-03 2.59e-03 3.75e-03 6.09e-03 9.44e-03 1.54e-02 1.63e-02 1.54e-02
1.5e+10 0.00006  7.375  6.09e-03 2.12e-03 2.62e-03 4.03e-03 6.18e-03 1.12e-02 1.59e-02 1.76e-02 1.30e-02
1.5e+10 0.00006  7.425  6.19e-03 2.12e-03 2.66e-03 3.89e-03 6.28e-03 1.10e-02 1.65e-02 1.75e-02 1.40e-02
1.5e+10 0.00006  7.475  6.29e-03 2.14e-03 2.44e-03 3.96e-03 6.97e-03 1.13e-02 1.71e-02 1.64e-02 1.43e-02
1.5e+10 0.00006  7.525  6.38e-03 2.17e-03 2.56e-03 4.03e-03 7.47e-03 1.22e-02 1.77e-02 1.35e-02 1.47e-02
1.5e+10 0.00006  7.575  6.49e-03 2.19e-03 2.59e-03 4.72e-03 7.61e-03 1.20e-02 1.40e-02 1.39e-02 1.52e-02
1.5e+10 0.00006  7.625  6.59e-03 2.14e-03 2.63e-03 5.39e-03 7.75e-03 1.29e-02 1.44e-02 1.43e-02 1.56e-02
1.5e+10 0.00006  7.675  7.36e-03 2.59e-03 2.73e-03 5.17e-03 7.90e-03 1.27e-02 1.49e-02 1.47e-02 1.61e-02
1.5e+10 0.00006  7.725  7.84e-03 2.44e-03 2.97e-03 5.53e-03 8.05e-03 1.37e-02 1.53e-02 1.58e-02 1.58e-02
1.5e+10 0.00006  7.775  8.00e-03 2.47e-03 3.02e-03 5.31e-03 7.82e-03 1.41e-02 1.58e-02 1.55e-02 1.71e-02
1.5e+10 0.00006  7.825  8.16e-03 2.69e-03 2.87e-03 5.69e-03 7.63e-03 1.45e-02 1.63e-02 1.60e-02 1.41e-02
1.5e+10 0.00006  7.875  8.70e-03 2.53e-03 3.11e-03 5.46e-03 9.26e-03 1.44e-02 1.69e-02 1.65e-02 1.41e-02
1.5e+10 0.00006  7.925  8.29e-03 2.56e-03 3.16e-03 5.85e-03 1.02e-02 1.53e-02 1.75e-02 1.70e-02 1.39e-02
1.5e+10 0.00006  7.975  8.42e-03 2.79e-03 3.21e-03 5.62e-03 1.05e-02 1.34e-02 1.66e-02 1.44e-02 1.49e-02
1.5e+10 0.00006  8.025  8.29e-03 2.63e-03 3.26e-03 6.02e-03 1.08e-02 1.44e-02 1.35e-02 1.41e-02 1.53e-02
1.5e+10 0.00006  8.075  1.04e-02 2.66e-03 3.31e-03 6.67e-03 1.10e-02 1.42e-02 1.45e-02 1.51e-02 1.57e-02
1.5e+10 0.00006  8.125  1.14e-02 2.91e-03 3.15e-03 6.81e-03 1.13e-02 1.47e-02 1.43e-02 1.49e-02 1.28e-02
1.5e+10 0.00006  8.175  1.12e-02 2.73e-03 3.41e-03 6.92e-03 1.22e-02 1.51e-02 1.47e-02 1.53e-02 1.23e-02
1.5e+10 0.00006  8.225  1.15e-02 2.77e-03 3.46e-03 7.04e-03 1.20e-02 1.56e-02 1.51e-02 1.57e-02 1.25e-02
1.5e+10 0.00006  8.275  1.23e-02 3.02e-03 3.52e-03 7.16e-03 1.29e-02 1.62e-02 1.62e-02 1.33e-02 1.28e-02
1.5e+10 0.00006  8.325  1.21e-02 2.84e-03 3.58e-03 7.29e-03 1.27e-02 1.38e-02 1.60e-02 1.28e-02 1.37e-02
1.5e+10 0.00006  8.375  1.25e-02 2.88e-03 4.04e-03 7.05e-03 1.36e-02 1.31e-02 1.65e-02 1.25e-02 1.34e-02
1.5e+10 0.00006  8.425  1.34e-02 3.15e-03 4.52e-03 7.31e-03 1.41e-02 1.41e-02 1.78e-02 1.34e-02 1.37e-02
1.5e+10 0.00006  8.475  1.38e-02 3.42e-03 4.57e-03 7.38e-03 1.39e-02 1.45e-02 1.43e-02 1.37e-02 1.40e-02
1.5e+10 0.00006  8.525  1.43e-02 3.95e-03 4.92e-03 9.67e-03 1.43e-02 1.43e-02 1.48e-02 1.34e-02 1.11e-02
1.5e+10 0.00006  8.575  1.47e-02 3.71e-03 4.68e-03 9.39e-03 1.29e-02 1.54e-02 1.52e-02 1.44e-02 1.01e-02
1.5e+10 0.00006  8.625  1.46e-02 4.03e-03 4.74e-03 1.01e-02 1.32e-02 1.52e-02 1.56e-02 1.48e-02 9.81e-03
1.5e+10 0.00006  8.675  1.47e-02 3.78e-03 4.79e-03 9.84e-03 1.36e-02 1.64e-02 1.53e-02 1.01e-02 9.97e-03
1.5e+10 0.00006  8.725  1.36e-02 4.11e-03 5.16e-03 1.06e-02 1.40e-02 1.61e-02 1.65e-02 1.01e-02 1.01e-02
1.5e+10 0.00006  8.775  1.40e-02 4.15e-03 4.91e-03 1.09e-02 1.45e-02 1.46e-02 1.33e-02 1.03e-02 1.03e-02
1.5e+10 0.00006  8.825  1.51e-02 3.90e-03 4.97e-03 1.06e-02 1.49e-02 1.30e-02 1.35e-02 1.00e-02 1.05e-02
1.5e+10 0.00006  8.875  1.49e-02 4.24e-03 5.04e-03 1.14e-02 1.54e-02 1.33e-02 1.38e-02 1.07e-02 1.07e-02
1.5e+10 0.00006  8.925  1.54e-02 3.98e-03 5.64e-03 1.17e-02 1.35e-02 1.31e-02 1.41e-02 1.09e-02 1.09e-02
1.5e+10 0.00006  8.975  1.59e-02 4.33e-03 6.03e-03 1.20e-02 1.24e-02 1.40e-02 1.45e-02 1.06e-02 1.11e-02
1.5e+10 0.00006  9.025  1.54e-02 4.06e-03 6.12e-03 1.24e-02 1.34e-02 1.44e-02 1.48e-02 1.13e-02 1.13e-02
1.5e+10 0.00006  9.075  1.35e-02 4.42e-03 5.84e-03 1.27e-02 1.31e-02 1.48e-02 1.52e-02 1.15e-02 1.15e-02
1.5e+10 0.00006  9.125  1.33e-02 4.30e-03 6.30e-03 1.31e-02 1.41e-02 1.52e-02 1.34e-02 1.12e-02 1.11e-02
1.5e+10 0.00006  9.175  1.43e-02 4.95e-03 6.40e-03 1.35e-02 1.45e-02 1.50e-02 1.15e-02 1.19e-02 9.19e-03
1.5e+10 0.00006  9.225  1.40e-02 5.01e-03 6.50e-03 1.21e-02 1.43e-02 1.61e-02 1.17e-02 1.21e-02 9.32e-03
1.5e+10 0.00006  9.275  1.51e-02 5.07e-03 6.37e-03 1.18e-02 1.54e-02 1.48e-02 1.15e-02 9.90e-03 9.94e-03
1.5e+10 0.00006  9.325  1.49e-02 5.13e-03 6.39e-03 1.28e-02 1.51e-02 1.34e-02 1.22e-02 9.73e-03 9.61e-03
1.5e+10 0.00006  9.375  1.61e-02 5.20e-03 6.19e-03 1.31e-02 1.62e-02 1.43e-02 1.19e-02 9.89e-03 9.76e-03
1.5e+10 0.00006  9.425  1.59e-02 4.89e-03 7.59e-03 1.28e-02 1.17e-02 1.41e-02 1.27e-02 1.00e-02 9.91e-03
1.5e+10 0.00006  9.475  1.69e-02 5.33e-03 8.75e-03 1.39e-02 1.25e-02 1.44e-02 1.24e-02 1.02e-02 1.01e-02
1.5e+10 0.00006  9.525  1.28e-02 5.40e-03 8.43e-03 1.36e-02 1.28e-02 1.48e-02 1.32e-02 1.04e-02 6.63e-03
1.5e+10 0.00006  9.575  1.32e-02 5.30e-03 9.12e-03 1.47e-02 1.32e-02 1.46e-02 1.35e-02 1.05e-02        0
1.5e+10 0.00006  9.625  1.29e-02 4.95e-03 9.31e-03 1.20e-02 1.35e-02 1.21e-02 1.32e-02 8.15e-03        0
1.5e+10 0.00006  9.675  1.38e-02 5.31e-03 9.52e-03 1.18e-02 1.32e-02 1.24e-02 1.17e-02        0        0
1.5e+10 0.00006  9.725  1.42e-02 5.97e-03 9.73e-03 1.21e-02 1.42e-02 1.26e-02 1.21e-02        0        0
1.5e+10 0.00006  9.775  1.46e-02 7.25e-03 9.95e-03 1.24e-02 1.46e-02 1.29e-02 1.19e-02        0        0
1.5e+10 0.00006  9.825  1.43e-02 7.37e-03 1.02e-02 1.27e-02 1.50e-02 1.32e-02 1.21e-02        0        0
1.5e+10 0.00006  9.875  1.54e-02 7.50e-03 1.04e-02 1.30e-02 1.47e-02 1.41e-02 1.28e-02        0        0
1.5e+10 0.00006  9.925  1.59e-02 7.64e-03 1.07e-02 1.34e-02 1.44e-02 1.38e-02 1.26e-02        0        0
1.5e+10 0.00006  9.975  1.64e-02 7.77e-03 1.16e-02 1.37e-02 1.27e-02 1.40e-02 5.62e-03        0        0
1.5e+10 0.00006 10.025  1.34e-02 7.92e-03 1.12e-02 1.41e-02 1.30e-02 1.00e-02        0        0        0
1.5e+10 0.00006 10.075  1.35e-02 8.06e-03 1.15e-02 1.45e-02 1.33e-02 1.02e-02        0        0        0
1.5e+10 0.00006 10.125  1.39e-02 8.77e-03 1.25e-02 1.37e-02 1.37e-02 1.04e-02        0        0        0
1.5e+10 0.00006 10.175  1.42e-02 8.39e-03 1.21e-02 1.11e-02 1.40e-02 1.05e-02        0        0        0
1.5e+10 0.00006 10.225  1.46e-02 8.55e-03 1.09e-02 1.14e-02 1.44e-02 1.07e-02        0        0        0
1.5e+10 0.00006 10.275  1.50e-02 9.30e-03 1.12e-02 1.22e-02 1.22e-02 1.09e-02        0        0        0
1.5e+10 0.00006 10.325  1.33e-02 9.50e-03 1.14e-02 1.19e-02 1.17e-02 1.11e-02        0        0        0
1.5e+10 0.00006 10.375  1.22e-02 9.10e-03 1.17e-02 1.22e-02 1.14e-02 1.13e-02        0        0        0
1.5e+10 0.00006 10.425  1.19e-02 9.91e-03 1.20e-02 1.25e-02 1.22e-02 1.15e-02        0        0        0
1.5e+10 0.00006 10.475  1.27e-02 9.50e-03 1.23e-02 1.28e-02 1.18e-02 1.18e-02        0        0        0
1.5e+10 0.00006 10.525  1.30e-02 1.04e-02 1.27e-02 1.31e-02 1.27e-02 1.25e-02        0        0        0
1.5e+10 0.00006 10.575  1.33e-02 1.06e-02 1.30e-02 1.34e-02 1.30e-02 1.16e-02        0        0        0
1.5e+10 0.00006 10.625  1.36e-02 1.01e-02 1.31e-02 1.37e-02 1.26e-02 1.06e-02        0        0        0
1.5e+10 0.00006 10.675  1.33e-02 9.69e-03 1.03e-02 1.48e-02 1.33e-02 1.08e-02        0        0        0
1.5e+10 0.00006 10.725  1.29e-02 9.27e-03 1.12e-02 1.18e-02 8.64e-03 1.09e-02        0        0        0
1.5e+10 0.00006 10.775  9.60e-03 1.01e-02 1.08e-02 1.16e-02 9.23e-03 1.06e-02        0        0        0
1.5e+10 0.00006 10.825  1.02e-02 9.67e-03 1.17e-02 1.18e-02 9.38e-03 1.13e-02        0        0        0
1.5e+10 0.00006 10.875  9.93e-03 1.05e-02 1.13e-02 1.21e-02 9.05e-03 1.15e-02        0        0        0
1.5e+10 0.00006 10.925  1.06e-02 1.01e-02 1.23e-02 1.24e-02 9.67e-03 8.66e-03        0        0        0
1.5e+10 0.00006 10.975  1.03e-02 1.03e-02 1.19e-02 1.33e-02 9.33e-03        0        0        0        0
1.5e+10 0.00006 11.025  1.04e-02 1.13e-02 1.29e-02 1.30e-02 9.98e-03        0        0        0        0
1.5e+10 0.00006 11.075  1.11e-02 1.08e-02 1.32e-02 1.11e-02 1.01e-02        0        0        0        0
1.5e+10 0.00006 11.125  1.08e-02 1.18e-02 1.28e-02 1.05e-02 9.80e-03        0        0        0        0
1.5e+10 0.00006 11.175  1.10e-02 9.65e-03 1.39e-02 1.01e-02 1.05e-02        0        0        0        0
1.5e+10 0.00006 11.225  1.18e-02 9.22e-03 1.09e-02 1.03e-02 1.01e-02        0        0        0        0
1.5e+10 0.00006 11.275  1.14e-02 9.40e-03 1.06e-02 1.11e-02 1.08e-02        0        0        0        0
1.5e+10 0.00006 11.325  1.13e-02 9.59e-03 1.02e-02 1.07e-02 1.10e-02        0        0        0        0
1.5e+10 0.00006 11.375  1.01e-02 9.78e-03 1.10e-02 1.09e-02 9.08e-03        0        0        0        0
1.5e+10 0.00006 11.425  9.79e-03 1.06e-02 1.07e-02 1.17e-02 8.32e-03        0        0        0        0
1.5e+10 0.00006 11.475  1.04e-02 1.02e-02 1.15e-02 1.13e-02 8.90e-03        0        0        0        0
1.5e+10 0.00006 11.525  1.01e-02 1.04e-02 1.11e-02 1.15e-02 9.03e-03        0        0        0        0
1.5e+10 0.00006 11.575  1.08e-02 1.06e-02 1.20e-02 8.88e-03 9.16e-03        0        0        0        0
1.5e+10 0.00006 11.625  1.04e-02 1.09e-02 1.16e-02 7.78e-03 9.29e-03        0        0        0        0
1.5e+10 0.00006 11.675  1.11e-02 1.11e-02 1.19e-02 7.42e-03 8.93e-03        0        0        0        0
1.5e+10 0.00006 11.725  3.07e-03 1.13e-02 1.29e-02 7.99e-03 9.56e-03        0        0        0        0
1.5e+10 0.00006 11.775         0 1.16e-02 1.24e-02 8.09e-03 7.14e-03        0        0        0        0
1.5e+10 0.00006 11.825         0 1.03e-02 1.31e-02 7.72e-03        0        0        0        0        0
1.5e+10 0.00006 11.875         0 8.78e-03 1.02e-02 8.31e-03        0        0        0        0        0
1.5e+10 0.00006 11.925         0 8.93e-03 1.10e-02 7.93e-03        0        0        0        0        0
1.5e+10 0.00006 11.975         0 9.08e-03 1.06e-02 8.54e-03        0        0        0        0        0
1.5e+10 0.00006 12.025         0 9.24e-03 1.08e-02 8.14e-03        0        0        0        0        0
1.5e+10 0.00006 12.075         0 9.41e-03 1.10e-02 8.77e-03        0        0        0        0        0
1.5e+10 0.00006 12.125         0 9.58e-03 1.19e-02 8.90e-03        0        0        0        0        0
1.5e+10 0.00006 12.175         0 9.76e-03 1.15e-02 8.50e-03        0        0        0        0        0
1.5e+10 0.00006 12.225         0 9.94e-03 1.17e-02 9.16e-03        0        0        0        0        0
1.5e+10 0.00006 12.275         0 1.01e-02 8.74e-03 8.74e-03        0        0        0        0        0
1.5e+10 0.00006 12.325         0 1.03e-02 8.88e-03 9.43e-03        0        0        0        0        0
1.5e+10 0.00006 12.375         0 1.05e-02 9.59e-03 7.31e-03        0        0        0        0        0
1.5e+10 0.00006 12.425         0 1.07e-02 9.17e-03 6.93e-03        0        0        0        0        0
1.5e+10 0.00006 12.475         0 1.09e-02 9.32e-03 7.47e-03        0        0        0        0        0
1.5e+10 0.00006 12.525         0 1.12e-02 9.47e-03 7.56e-03        0        0        0        0        0
1.5e+10 0.00006 12.575         0 9.43e-03 9.63e-03 7.66e-03        0        0        0        0        0
1.5e+10 0.00006 12.625         0 9.10e-03 9.79e-03 7.75e-03        0        0        0        0        0
1.5e+10 0.00006 12.675         0 8.63e-03 9.95e-03 7.85e-03        0        0        0        0        0
1.5e+10 0.00006 12.725         0 9.39e-03 1.01e-02 7.44e-03        0        0        0        0        0
1.5e+10 0.00006 12.775         0 9.56e-03 1.03e-02 8.04e-03        0        0        0        0        0
1.5e+10 0.00006 12.825         0 9.07e-03 6.93e-03 8.14e-03        0        0        0        0        0
1.5e+10 0.00006 12.875         0 9.88e-03 6.40e-03 1.02e-03        0        0        0        0        0
1.5e+10 0.00006 12.925         0 9.38e-03 6.01e-03        0        0        0        0        0        0
1.5e+10 0.00006 12.975         0 1.02e-02 6.54e-03        0        0        0        0        0        0
1.5e+10 0.00006 13.025         0 9.25e-03 6.61e-03        0        0        0        0        0        0
1.5e+10 0.00006 13.075         0 7.11e-03 6.20e-03        0        0        0        0        0        0
1.5e+10 0.00006 13.125         0 7.76e-03 6.75e-03        0        0        0        0        0        0
1.5e+10 0.00006 13.175         0 7.30e-03 6.34e-03        0        0        0        0        0        0
1.5e+10 0.00006 13.225         0 7.40e-03 6.90e-03        0        0        0        0        0        0
1.5e+10 0.00006 13.275         0 7.49e-03 6.98e-03        0        0        0        0        0        0
1.5e+10 0.00006 13.325         0 7.59e-03 6.55e-03        0        0        0        0        0        0
1.5e+10 0.00006 13.375         0 7.69e-03 7.14e-03        0        0        0        0        0        0
1.5e+10 0.00006 13.425         0 7.79e-03 7.22e-03        0        0        0        0        0        0
1.5e+10 0.00006 13.475         0 7.90e-03 6.78e-03        0        0        0        0        0        0
1.5e+10 0.00006 13.525         0 8.63e-03 7.39e-03        0        0        0        0        0        0
1.5e+10 0.00006 13.575         0 8.13e-03 6.94e-03        0        0        0        0        0        0
1.5e+10 0.00006 13.625         0 8.24e-03 7.56e-03        0        0        0        0        0        0
1.5e+10 0.00006 13.675         0 8.36e-03 7.66e-03        0        0        0        0        0        0
1.5e+10 0.00006 13.725         0 6.16e-03 7.20e-03        0        0        0        0        0        0
1.5e+10 0.00006 13.775         0 5.00e-03 6.33e-03        0        0        0        0        0        0
1.5e+10 0.00006 13.825         0 4.58e-03 5.97e-03        0        0        0        0        0        0
1.5e+10 0.00006 13.875         0 4.62e-03 5.56e-03        0        0        0        0        0        0
1.5e+10 0.00006 13.925         0 5.12e-03 6.08e-03        0        0        0        0        0        0
1.5e+10 0.00006 13.975         0 4.70e-03 5.66e-03        0        0        0        0        0        0
1.5e+10 0.00006 14.025         0 4.73e-03 6.19e-03        0        0        0        0        0        0
1.5e+10 0.00006 14.075         0 5.25e-03 5.77e-03        0        0        0        0        0        0
1.5e+10 0.00006 14.125         0 4.81e-03 6.31e-03        0        0        0        0        0        0
1.5e+10 0.00006 14.175         0 4.85e-03 5.88e-03        0        0        0        0        0        0
1.5e+10 0.00006 14.225         0 4.89e-03 6.44e-03        0        0        0        0        0        0
1.5e+10 0.00006 14.275         0 5.42e-03 6.50e-03        0        0        0        0        0        0
1.5e+10 0.00006 14.325         0 4.97e-03 6.06e-03        0        0        0        0        0        0
1.5e+10 0.00006 14.375         0 5.01e-03 6.63e-03        0        0        0        0        0        0
1.5e+10 0.00006 14.425         0 5.56e-03        0        0        0        0        0        0        0
1.5e+10 0.00006 14.475         0 5.10e-03        0        0        0        0        0        0        0
1.5e+10 0.00006 14.525         0 5.15e-03        0        0        0        0        0        0        0
1.5e+10 0.00006 14.575         0 5.71e-03        0        0        0        0        0        0        0
1.5e+10 0.00006 14.625         0 5.24e-03        0        0        0        0        0        0        0
1.5e+10 0.00006 14.675         0 5.28e-03        0        0        0        0        0        0        0
1.5e+10 0.00006 14.725         0 5.33e-03        0        0        0        0        0        0        0
1.5e+10 0.00006 14.775         0 5.91e-03        0        0        0        0        0        0        0
1.5e+10 0.00006 14.825         0 5.43e-03        0        0        0        0        0        0        0
1.5e+10 0.00006 14.875         0 5.47e-03        0        0        0        0        0        0        0
1.5e+10 0.00006 14.925         0 6.08e-03        0        0        0        0        0        0        0
1.5e+10 0.00006 14.975         0 4.81e-03        0        0        0        0        0        0        0
1.5e+10 0.00006 15.025         0 4.11e-03        0        0        0        0        0        0        0
1.5e+10 0.00006 15.075         0 4.59e-03        0        0        0        0        0        0        0
1.5e+10 0.00006 15.125         0 4.16e-03        0        0        0        0        0        0        0
1.5e+10 0.00006 15.175         0 4.19e-03        0        0        0        0        0        0        0
1.5e+10 0.00006 15.225         0 4.22e-03        0        0        0        0        0        0        0
1.5e+10 0.00006 15.275         0 4.25e-03        0        0        0        0        0        0        0
1.5e+10 0.00006 15.325         0 4.28e-03        0        0        0        0        0        0        0
1.5e+10 0.00006 15.375         0 4.30e-03        0        0        0        0        0        0        0
1.5e+10 0.00006 15.425         0 4.33e-03        0        0        0        0        0        0        0
1.5e+10 0.00006 15.475         0 4.36e-03        0        0        0        0        0        0        0
1.5e+10 0.00006 15.525         0 4.39e-03        0        0        0        0        0        0        0
1.5e+10 0.00006 15.575         0 4.43e-03        0        0        0        0        0        0        0
1.5e+10 0.00006 15.625         0 4.46e-03        0        0        0        0        0        0        0
1.5e+10 0.00006 15.675         0 4.49e-03        0        0        0        0        0        0        0
1.5e+10 0.00006 15.725         0 4.52e-03        0        0        0        0        0        0        0
1.5e+10 0.00006 15.775         0 4.55e-03        0        0        0        0        0        0        0
1.5e+10 0.00006 15.825         0 4.58e-03        0        0        0        0        0        0        0
1.5e+10 0.00006 15.875         0 2.05e-03        0        0        0        0        0        0        0
1.5e+10 0.00006 15.925         0        0        0        0        0        0        0        0        0
1.5e+10 0.00006 15.975         0        0        0        0        0        0        0        0        0
1.5e+10 0.00006 16.025         0        0        0        0        0        0        0        0        0
1.5e+10 0.00006 16.075         0        0        0        0        0        0        0        0        0
1.5e+10 0.00006 16.125         0        0        0        0        0        0        0        0        0
1.5e+10 0.00006 16.175         0        0        0        0        0        0        0        0        0
1.5e+10 0.00006 16.225         0        0        0        0        0        0        0        0        0
1.5e+10 0.00006 16.275         0        0        0        0        0        0        0        0        0
1.5e+10 0.00006 16.325         0        0        0        0        0        0        0        0        0
1.5e+10 0.00006 16.375         0        0        0        0        0        0        0        0        0
1.5e+10 0.00006 16.425         0        0        0        0        0        0        0        0        0
1.5e+10 0.00006 16.475         0        0        0        0        0        0        0        0        0
1.5e+10 0.00006 16.525         0        0        0        0        0        0        0        0        0
1.5e+10 0.00006 16.575         0        0        0        0        0        0        0        0        0
1.5e+10 0.00006 16.625         0        0        0        0        0        0        0        0        0
1.5e+10 0.00006 16.675         0        0        0        0        0        0        0        0        0
1.5e+10 0.00006 16.725         0        0        0        0        0        0        0        0        0
1.5e+10 0.00006 16.775         0        0        0        0        0        0        0        0        0
1.5e+10 0.00006 16.825         0        0        0        0        0        0        0        0        0
1.5e+10 0.00006 16.875         0        0        0        0        0        0        0        0        0
1.5e+10 0.00006 16.925         0        0        0        0        0        0        0        0        0
1.5e+10 0.00006 16.975         0        0        0        0        0        0        0        0        0
1.5e+10 0.00006 17.025         0        0        0        0        0        0        0        0        0
1.5e+10 0.00006 17.075         0        0        0        0        0        0        0        0        0
1.5e+10 0.00006 17.125         0        0        0        0        0        0        0        0        0
1.5e+10 0.00006 17.175         0        0        0        0        0        0        0        0        0
1.5e+10 0.00006 17.225         0        0        0        0        0        0        0        0        0
1.5e+10 0.00006 17.275         0        0        0        0        0        0        0        0        0
1.5e+10 0.00006 17.325         0        0        0        0        0        0        0        0        0
1.5e+10 0.00006 17.375         0        0        0        0        0        0        0        0        0
1.5e+10 0.00006 17.425         0        0        0        0        0        0        0        0        0
1.5e+10 0.00006 17.475         0        0        0        0        0        0        0        0        0
1.5e+10 0.00006 17.525         0        0        0        0        0        0        0        0        0
1.5e+10 0.00006 17.575         0        0        0        0        0        0        0        0        0
1.5e+10 0.00006 17.625         0        0        0        0        0        0        0        0        0
1.5e+10 0.00006 17.675         0        0        0        0        0        0        0        0        0
1.5e+10 0.00006 17.725         0        0        0        0        0        0        0        0        0
1.5e+10 0.00006 17.775         0        0        0        0        0        0        0        0        0
1.5e+10 0.00006 17.825         0        0        0        0        0        0        0        0        0
1.5e+10 0.00006 17.875         0        0        0        0        0        0        0        0        0
1.5e+10 0.00006 17.925         0        0        0        0        0        0        0        0        0
1.5e+10 0.00006 17.975         0        0        0        0        0        0        0        0        0
1.5e+10 0.00006 18.025         0        0        0        0        0        0        0        0        0
1.5e+10 0.00006 18.075         0        0        0        0        0        0        0        0        0
1.5e+10 0.00006 18.125         0        0        0        0        0        0        0        0        0
1.5e+10 0.00006 18.175         0        0        0        0        0        0        0        0        0
1.5e+10 0.00006 18.225         0        0        0        0        0        0        0        0        0
1.5e+10 0.00006 18.275         0        0        0        0        0        0        0        0        0
1.5e+10 0.00006 18.325         0        0        0        0        0        0        0        0        0
1.5e+10 0.00006 18.375         0        0        0        0        0        0        0        0        0
1.5e+10 0.00006 18.425         0        0        0        0        0        0        0        0        0
1.5e+10 0.00006 18.475         0        0        0        0        0        0        0        0        0
1.5e+10 0.00006 18.525         0        0        0        0        0        0        0        0        0
1.5e+10 0.00006 18.575         0        0        0        0        0        0        0        0        0
1.5e+10 0.00006 18.625         0        0        0        0        0        0        0        0        0
1.5e+10 0.00006 18.675         0        0        0        0        0        0        0        0        0
1.5e+10 0.00006 18.725         0        0        0        0        0        0        0        0        0
1.5e+10 0.00006 18.775         0        0        0        0        0        0        0        0        0
1.5e+10 0.00006 18.825         0        0        0        0        0        0        0        0        0
1.5e+10 0.00006 18.875         0        0        0        0        0        0        0        0        0
1.5e+10 0.00006 18.925         0        0        0        0        0        0        0        0        0
1.5e+10 0.00006 18.975         0        0        0        0        0        0        0        0        0
1.5e+10 0.00006 19.025         0        0        0        0        0        0        0        0        0
1.5e+10 0.00006 19.075         0        0        0        0        0        0        0        0        0
1.5e+10 0.00006 19.125         0        0        0        0        0        0        0        0        0
1.5e+10 0.00006 19.175         0        0        0        0        0        0        0        0        0
1.5e+10 0.00006 19.225         0        0        0        0        0        0        0        0        0
1.5e+10 0.00006 19.275         0        0        0        0        0        0        0        0        0
1.5e+10 0.00006 19.325         0        0        0        0        0        0        0        0        0
1.5e+10 0.00006 19.375         0        0        0        0        0        0        0        0        0
1.5e+10 0.00006 19.425         0        0        0        0        0        0        0        0        0
1.5e+10 0.00006 19.475         0        0        0        0        0        0        0        0        0
1.5e+10 0.00006 19.525         0        0        0        0        0        0        0        0        0
1.5e+10 0.00006 19.575         0        0        0        0        0        0        0        0        0
1.5e+10 0.00006 19.625         0        0        0        0        0        0        0        0        0
1.5e+10 0.00006 19.675         0        0        0        0        0        0        0        0        0
1.5e+10 0.00006 19.725         0        0        0        0        0        0        0        0        0
1.5e+10 0.00006 19.775         0        0        0        0        0        0        0        0        0
1.5e+10 0.00006 19.825         0        0        0        0        0        0        0        0        0
1.5e+10 0.00006 19.875         0        0        0        0        0        0        0        0        0
1.5e+10 0.00006 19.925         0        0        0        0        0        0        0        0        0
1.5e+10 0.00006 19.975         0        0        0        0        0        0        0        0        0
#isochrone terminated
