# File generated by CMD 3.3 (http://stev.oapd.inaf.it/cmd) on Wed Jul  8 19:27:59 CEST 2020
# isochrones based on PARSEC release v1.2S +  COLIBRI S_35
# Basic references: Bressan et al. (2012), MNRAS, 427, 127 + Chen et al. (2014, 2015), MNRAS, 444, 2525 + MNRAS, 452, 1068 + Tang et al. (2014), MNRAS, 445, 4287 + Marigo et al. (2017), ApJ, 835, 77 + Pastorelli al. (2019), MNRAS in press
# Thermal pulse cycles included 
# On RGB, assumed Reimers mass loss with efficiency eta=0.2
# Photometric system: WFIRST proposed filters, Vegamags
# Using YBC version of bolometric corrections as in Chen et al. (2019)
# O-rich circumstellar dpmod60alox40 dust from Groenewegen (2006)
# C-rich circumstellar AMCSIC15 dust from Groenewegen (2006)
# IMF: Kroupa (2001, 2002) + Kroupa et al. (2013) canonical two-part-power law IMF corrected for unresolved binaries 
# Kind of output: luminosity functions
# age     Z  magbinc 	 mbolmag  R062mag  Z087mag  Y106mag  J129mag  H158mag  F184mag  W149mag
1.2e+10 0.00025 -14.975         0        0        0        0        0        0        0        0
1.2e+10 0.00025 -14.925         0        0        0        0        0        0        0        0
1.2e+10 0.00025 -14.875         0        0        0        0        0        0        0        0
1.2e+10 0.00025 -14.825         0        0        0        0        0        0        0        0
1.2e+10 0.00025 -14.775         0        0        0        0        0        0        0        0
1.2e+10 0.00025 -14.725         0        0        0        0        0        0        0        0
1.2e+10 0.00025 -14.675         0        0        0        0        0        0        0        0
1.2e+10 0.00025 -14.625         0        0        0        0        0        0        0        0
1.2e+10 0.00025 -14.575         0        0        0        0        0        0        0        0
1.2e+10 0.00025 -14.525         0        0        0        0        0        0        0        0
1.2e+10 0.00025 -14.475         0        0        0        0        0        0        0        0
1.2e+10 0.00025 -14.425         0        0        0        0        0        0        0        0
1.2e+10 0.00025 -14.375         0        0        0        0        0        0        0        0
1.2e+10 0.00025 -14.325         0        0        0        0        0        0        0        0
1.2e+10 0.00025 -14.275         0        0        0        0        0        0        0        0
1.2e+10 0.00025 -14.225         0        0        0        0        0        0        0        0
1.2e+10 0.00025 -14.175         0        0        0        0        0        0        0        0
1.2e+10 0.00025 -14.125         0        0        0        0        0        0        0        0
1.2e+10 0.00025 -14.075         0        0        0        0        0        0        0        0
1.2e+10 0.00025 -14.025         0        0        0        0        0        0        0        0
1.2e+10 0.00025 -13.975         0        0        0        0        0        0        0        0
1.2e+10 0.00025 -13.925         0        0        0        0        0        0        0        0
1.2e+10 0.00025 -13.875         0        0        0        0        0        0        0        0
1.2e+10 0.00025 -13.825         0        0        0        0        0        0        0        0
1.2e+10 0.00025 -13.775         0        0        0        0        0        0        0        0
1.2e+10 0.00025 -13.725         0        0        0        0        0        0        0        0
1.2e+10 0.00025 -13.675         0        0        0        0        0        0        0        0
1.2e+10 0.00025 -13.625         0        0        0        0        0        0        0        0
1.2e+10 0.00025 -13.575         0        0        0        0        0        0        0        0
1.2e+10 0.00025 -13.525         0        0        0        0        0        0        0        0
1.2e+10 0.00025 -13.475         0        0        0        0        0        0        0        0
1.2e+10 0.00025 -13.425         0        0        0        0        0        0        0        0
1.2e+10 0.00025 -13.375         0        0        0        0        0        0        0        0
1.2e+10 0.00025 -13.325         0        0        0        0        0        0        0        0
1.2e+10 0.00025 -13.275         0        0        0        0        0        0        0        0
1.2e+10 0.00025 -13.225         0        0        0        0        0        0        0        0
1.2e+10 0.00025 -13.175         0        0        0        0        0        0        0        0
1.2e+10 0.00025 -13.125         0        0        0        0        0        0        0        0
1.2e+10 0.00025 -13.075         0        0        0        0        0        0        0        0
1.2e+10 0.00025 -13.025         0        0        0        0        0        0        0        0
1.2e+10 0.00025 -12.975         0        0        0        0        0        0        0        0
1.2e+10 0.00025 -12.925         0        0        0        0        0        0        0        0
1.2e+10 0.00025 -12.875         0        0        0        0        0        0        0        0
1.2e+10 0.00025 -12.825         0        0        0        0        0        0        0        0
1.2e+10 0.00025 -12.775         0        0        0        0        0        0        0        0
1.2e+10 0.00025 -12.725         0        0        0        0        0        0        0        0
1.2e+10 0.00025 -12.675         0        0        0        0        0        0        0        0
1.2e+10 0.00025 -12.625         0        0        0        0        0        0        0        0
1.2e+10 0.00025 -12.575         0        0        0        0        0        0        0        0
1.2e+10 0.00025 -12.525         0        0        0        0        0        0        0        0
1.2e+10 0.00025 -12.475         0        0        0        0        0        0        0        0
1.2e+10 0.00025 -12.425         0        0        0        0        0        0        0        0
1.2e+10 0.00025 -12.375         0        0        0        0        0        0        0        0
1.2e+10 0.00025 -12.325         0        0        0        0        0        0        0        0
1.2e+10 0.00025 -12.275         0        0        0        0        0        0        0        0
1.2e+10 0.00025 -12.225         0        0        0        0        0        0        0        0
1.2e+10 0.00025 -12.175         0        0        0        0        0        0        0        0
1.2e+10 0.00025 -12.125         0        0        0        0        0        0        0        0
1.2e+10 0.00025 -12.075         0        0        0        0        0        0        0        0
1.2e+10 0.00025 -12.025         0        0        0        0        0        0        0        0
1.2e+10 0.00025 -11.975         0        0        0        0        0        0        0        0
1.2e+10 0.00025 -11.925         0        0        0        0        0        0        0        0
1.2e+10 0.00025 -11.875         0        0        0        0        0        0        0        0
1.2e+10 0.00025 -11.825         0        0        0        0        0        0        0        0
1.2e+10 0.00025 -11.775         0        0        0        0        0        0        0        0
1.2e+10 0.00025 -11.725         0        0        0        0        0        0        0        0
1.2e+10 0.00025 -11.675         0        0        0        0        0        0        0        0
1.2e+10 0.00025 -11.625         0        0        0        0        0        0        0        0
1.2e+10 0.00025 -11.575         0        0        0        0        0        0        0        0
1.2e+10 0.00025 -11.525         0        0        0        0        0        0        0        0
1.2e+10 0.00025 -11.475         0        0        0        0        0        0        0        0
1.2e+10 0.00025 -11.425         0        0        0        0        0        0        0        0
1.2e+10 0.00025 -11.375         0        0        0        0        0        0        0        0
1.2e+10 0.00025 -11.325         0        0        0        0        0        0        0        0
1.2e+10 0.00025 -11.275         0        0        0        0        0        0        0        0
1.2e+10 0.00025 -11.225         0        0        0        0        0        0        0        0
1.2e+10 0.00025 -11.175         0        0        0        0        0        0        0        0
1.2e+10 0.00025 -11.125         0        0        0        0        0        0        0        0
1.2e+10 0.00025 -11.075         0        0        0        0        0        0        0        0
1.2e+10 0.00025 -11.025         0        0        0        0        0        0        0        0
1.2e+10 0.00025 -10.975         0        0        0        0        0        0        0        0
1.2e+10 0.00025 -10.925         0        0        0        0        0        0        0        0
1.2e+10 0.00025 -10.875         0        0        0        0        0        0        0        0
1.2e+10 0.00025 -10.825         0        0        0        0        0        0        0        0
1.2e+10 0.00025 -10.775         0        0        0        0        0        0        0        0
1.2e+10 0.00025 -10.725         0        0        0        0        0        0        0        0
1.2e+10 0.00025 -10.675         0        0        0        0        0        0        0        0
1.2e+10 0.00025 -10.625         0        0        0        0        0        0        0        0
1.2e+10 0.00025 -10.575         0        0        0        0        0        0        0        0
1.2e+10 0.00025 -10.525         0        0        0        0        0        0        0        0
1.2e+10 0.00025 -10.475         0        0        0        0        0        0        0        0
1.2e+10 0.00025 -10.425         0        0        0        0        0        0        0        0
1.2e+10 0.00025 -10.375         0        0        0        0        0        0        0        0
1.2e+10 0.00025 -10.325         0        0        0        0        0        0        0        0
1.2e+10 0.00025 -10.275         0        0        0        0        0        0        0        0
1.2e+10 0.00025 -10.225         0        0        0        0        0        0        0        0
1.2e+10 0.00025 -10.175         0        0        0        0        0        0        0        0
1.2e+10 0.00025 -10.125         0        0        0        0        0        0        0        0
1.2e+10 0.00025 -10.075         0        0        0        0        0        0        0        0
1.2e+10 0.00025 -10.025         0        0        0        0        0        0        0        0
1.2e+10 0.00025 -9.975         0        0        0        0        0        0        0        0
1.2e+10 0.00025 -9.925         0        0        0        0        0        0        0        0
1.2e+10 0.00025 -9.875         0        0        0        0        0        0        0        0
1.2e+10 0.00025 -9.825         0        0        0        0        0        0        0        0
1.2e+10 0.00025 -9.775         0        0        0        0        0        0        0        0
1.2e+10 0.00025 -9.725         0        0        0        0        0        0        0        0
1.2e+10 0.00025 -9.675         0        0        0        0        0        0        0        0
1.2e+10 0.00025 -9.625         0        0        0        0        0        0        0        0
1.2e+10 0.00025 -9.575         0        0        0        0        0        0        0        0
1.2e+10 0.00025 -9.525         0        0        0        0        0        0        0        0
1.2e+10 0.00025 -9.475         0        0        0        0        0        0        0        0
1.2e+10 0.00025 -9.425         0        0        0        0        0        0        0        0
1.2e+10 0.00025 -9.375         0        0        0        0        0        0        0        0
1.2e+10 0.00025 -9.325         0        0        0        0        0        0        0        0
1.2e+10 0.00025 -9.275         0        0        0        0        0        0        0        0
1.2e+10 0.00025 -9.225         0        0        0        0        0        0        0        0
1.2e+10 0.00025 -9.175         0        0        0        0        0        0        0        0
1.2e+10 0.00025 -9.125         0        0        0        0        0        0        0        0
1.2e+10 0.00025 -9.075         0        0        0        0        0        0        0        0
1.2e+10 0.00025 -9.025         0        0        0        0        0        0        0        0
1.2e+10 0.00025 -8.975         0        0        0        0        0        0        0        0
1.2e+10 0.00025 -8.925         0        0        0        0        0        0        0        0
1.2e+10 0.00025 -8.875         0        0        0        0        0        0        0        0
1.2e+10 0.00025 -8.825         0        0        0        0        0        0        0        0
1.2e+10 0.00025 -8.775         0        0        0        0        0        0        0        0
1.2e+10 0.00025 -8.725         0        0        0        0        0        0        0        0
1.2e+10 0.00025 -8.675         0        0        0        0        0        0        0        0
1.2e+10 0.00025 -8.625         0        0        0        0        0        0        0        0
1.2e+10 0.00025 -8.575         0        0        0        0        0        0        0        0
1.2e+10 0.00025 -8.525         0        0        0        0        0        0        0        0
1.2e+10 0.00025 -8.475         0        0        0        0        0        0        0        0
1.2e+10 0.00025 -8.425         0        0        0        0        0        0        0        0
1.2e+10 0.00025 -8.375         0        0        0        0        0        0        0        0
1.2e+10 0.00025 -8.325         0        0        0        0        0        0        0        0
1.2e+10 0.00025 -8.275         0        0        0        0        0        0        0        0
1.2e+10 0.00025 -8.225         0        0        0        0        0        0        0        0
1.2e+10 0.00025 -8.175         0        0        0        0        0        0        0        0
1.2e+10 0.00025 -8.125         0        0        0        0        0        0        0        0
1.2e+10 0.00025 -8.075         0        0        0        0        0        0        0        0
1.2e+10 0.00025 -8.025         0        0        0        0        0        0        0        0
1.2e+10 0.00025 -7.975         0        0        0        0        0        0        0        0
1.2e+10 0.00025 -7.925         0        0        0        0        0        0        0        0
1.2e+10 0.00025 -7.875         0        0        0        0        0        0        0        0
1.2e+10 0.00025 -7.825         0        0        0        0        0        0        0        0
1.2e+10 0.00025 -7.775         0        0        0        0        0        0        0        0
1.2e+10 0.00025 -7.725         0        0        0        0        0        0        0        0
1.2e+10 0.00025 -7.675         0        0        0        0        0        0        0        0
1.2e+10 0.00025 -7.625         0        0        0        0        0        0        0        0
1.2e+10 0.00025 -7.575         0        0        0        0        0        0        0        0
1.2e+10 0.00025 -7.525         0        0        0        0        0        0        0        0
1.2e+10 0.00025 -7.475         0        0        0        0        0        0        0        0
1.2e+10 0.00025 -7.425         0        0        0        0        0        0        0        0
1.2e+10 0.00025 -7.375         0        0        0        0        0        0        0        0
1.2e+10 0.00025 -7.325         0        0        0        0        0        0        0        0
1.2e+10 0.00025 -7.275         0        0        0        0        0        0        0        0
1.2e+10 0.00025 -7.225         0        0        0        0        0        0        0        0
1.2e+10 0.00025 -7.175         0        0        0        0        0        0        0        0
1.2e+10 0.00025 -7.125         0        0        0        0        0        0        0        0
1.2e+10 0.00025 -7.075         0        0        0        0        0        0        0        0
1.2e+10 0.00025 -7.025         0        0        0        0        0        0        0        0
1.2e+10 0.00025 -6.975         0        0        0        0        0        0        0        0
1.2e+10 0.00025 -6.925         0        0        0        0        0        0        0        0
1.2e+10 0.00025 -6.875         0        0        0        0        0        0        0        0
1.2e+10 0.00025 -6.825         0        0        0        0        0        0        0        0
1.2e+10 0.00025 -6.775         0        0        0        0        0        0        0        0
1.2e+10 0.00025 -6.725         0        0        0        0        0        0        0        0
1.2e+10 0.00025 -6.675         0        0        0        0        0        0        0        0
1.2e+10 0.00025 -6.625         0        0        0        0        0        0        0        0
1.2e+10 0.00025 -6.575         0        0        0        0        0        0        0        0
1.2e+10 0.00025 -6.525         0        0        0        0        0        0 2.06e-08        0
1.2e+10 0.00025 -6.475         0        0        0        0        0        0 2.06e-08        0
1.2e+10 0.00025 -6.425         0        0        0        0        0        0 2.06e-08        0
1.2e+10 0.00025 -6.375         0        0        0        0        0        0 2.06e-08        0
1.2e+10 0.00025 -6.325         0        0        0        0        0 2.06e-08 2.06e-08        0
1.2e+10 0.00025 -6.275         0        0        0        0        0 2.06e-08 2.06e-08        0
1.2e+10 0.00025 -6.225         0        0        0        0        0 2.06e-08 2.06e-08        0
1.2e+10 0.00025 -6.175         0        0        0        0        0 2.06e-08 2.06e-08        0
1.2e+10 0.00025 -6.125         0        0        0        0        0 2.06e-08 2.06e-08        0
1.2e+10 0.00025 -6.075         0        0        0        0        0 2.06e-08 2.06e-08        0
1.2e+10 0.00025 -6.025         0        0        0        0        0 2.06e-08 2.06e-08        0
1.2e+10 0.00025 -5.975         0        0        0        0        0 2.06e-08 2.06e-08        0
1.2e+10 0.00025 -5.925         0        0        0        0        0 2.06e-08 2.06e-08        0
1.2e+10 0.00025 -5.875         0        0        0        0        0 2.06e-08 2.06e-08        0
1.2e+10 0.00025 -5.825         0        0        0        0        0 2.06e-08 2.06e-08 4.11e-08
1.2e+10 0.00025 -5.775         0        0        0        0        0 2.06e-08 5.17e-07 2.06e-08
1.2e+10 0.00025 -5.725         0        0        0        0 2.06e-08 2.06e-08 1.10e-06 2.06e-08
1.2e+10 0.00025 -5.675         0        0        0        0 4.11e-08 2.06e-08 8.48e-07 2.06e-08
1.2e+10 0.00025 -5.625         0        0        0        0 2.06e-08 2.48e-07 8.89e-07 4.11e-08
1.2e+10 0.00025 -5.575         0        0        0        0 2.06e-08 1.10e-06 1.24e-06 2.06e-08
1.2e+10 0.00025 -5.525         0        0        0        0 4.11e-08 9.72e-07 1.26e-06 2.06e-08
1.2e+10 0.00025 -5.475         0        0        0        0 2.06e-08 8.89e-07 1.20e-06 4.11e-08
1.2e+10 0.00025 -5.425         0        0        0        0 2.06e-08 1.22e-06 1.20e-06 2.06e-08
1.2e+10 0.00025 -5.375         0        0        0        0 4.11e-08 1.32e-06 1.26e-06 2.06e-08
1.2e+10 0.00025 -5.325         0        0        0        0 2.06e-08 1.20e-06 1.26e-06 2.06e-08
1.2e+10 0.00025 -5.275         0        0        0        0 2.06e-08 1.26e-06 1.20e-06 4.11e-08
1.2e+10 0.00025 -5.225         0        0        0        0 4.11e-08 1.26e-06 1.20e-06 2.06e-08
1.2e+10 0.00025 -5.175         0        0        0 4.11e-08 2.06e-08 1.26e-06 1.20e-06 1.05e-06
1.2e+10 0.00025 -5.125         0        0        0 4.11e-08 5.99e-07 1.20e-06 1.40e-06 1.05e-06
1.2e+10 0.00025 -5.075         0        0        0 2.06e-08 1.16e-06 1.26e-06 1.88e-06 9.10e-07
1.2e+10 0.00025 -5.025         0        0        0 4.11e-08 9.30e-07 1.20e-06 2.13e-06 1.20e-06
1.2e+10 0.00025 -4.975         0        0        0 4.11e-08 1.03e-06 1.55e-06 1.96e-06 1.32e-06
1.2e+10 0.00025 -4.925         0        0        0 4.11e-08 1.41e-06 1.98e-06 1.96e-06 1.32e-06
1.2e+10 0.00025 -4.875         0        0        0 2.06e-08 1.39e-06 2.15e-06 2.00e-06 1.28e-06
1.2e+10 0.00025 -4.825         0        0        0 4.11e-08 1.26e-06 1.96e-06 2.00e-06 1.26e-06
1.2e+10 0.00025 -4.775         0        0        0 4.11e-08 1.34e-06 2.09e-06 1.92e-06 1.32e-06
1.2e+10 0.00025 -4.725         0        0 4.11e-08 4.11e-08 1.32e-06 2.00e-06 2.11e-06 1.28e-06
1.2e+10 0.00025 -4.675         0        0 6.17e-08 1.03e-07 1.32e-06 2.02e-06 2.00e-06 1.32e-06
1.2e+10 0.00025 -4.625         0        0 4.11e-08 1.28e-06 1.28e-06 2.02e-06 2.09e-06 1.20e-06
1.2e+10 0.00025 -4.575         0        0 4.11e-08 1.07e-06 1.26e-06 2.11e-06 2.06e-06 1.71e-06
1.2e+10 0.00025 -4.525         0        0 6.17e-08 9.92e-07 1.73e-06 2.04e-06 2.21e-06 2.11e-06
1.2e+10 0.00025 -4.475         0        0 4.11e-08 1.45e-06 2.02e-06 2.15e-06 2.40e-06 2.23e-06
1.2e+10 0.00025 -4.425         0        0 6.17e-08 1.47e-06 2.25e-06 2.09e-06 2.38e-06 2.06e-06
1.2e+10 0.00025 -4.375         0        0 4.11e-08 1.34e-06 2.09e-06 2.31e-06 2.70e-06 2.00e-06
1.2e+10 0.00025 -4.325         0        0 6.17e-08 1.41e-06 2.11e-06 2.38e-06 3.08e-06 2.15e-06
1.2e+10 0.00025 -4.275         0        0 9.92e-07 1.41e-06 2.13e-06 2.46e-06 2.99e-06 2.11e-06
1.2e+10 0.00025 -4.225         0        0 1.26e-06 1.39e-06 2.13e-06 2.97e-06 3.08e-06 2.13e-06
1.2e+10 0.00025 -4.175         0        0 1.03e-06 1.41e-06 2.13e-06 2.99e-06 3.12e-06 2.11e-06
1.2e+10 0.00025 -4.125         0        0 1.53e-06 1.41e-06 2.23e-06 3.08e-06 3.08e-06 2.15e-06
1.2e+10 0.00025 -4.075         0        0 1.53e-06 1.86e-06 2.13e-06 3.12e-06 3.20e-06 2.21e-06
1.2e+10 0.00025 -4.025         0        0 1.49e-06 2.21e-06 2.23e-06 3.08e-06 3.32e-06 2.27e-06
1.2e+10 0.00025 -3.975         0        0 1.47e-06 2.35e-06 2.25e-06 3.20e-06 3.37e-06 2.42e-06
1.2e+10 0.00025 -3.925  4.11e-07        0 1.55e-06 2.23e-06 2.52e-06 3.28e-06 3.59e-06 2.42e-06
1.2e+10 0.00025 -3.875  4.11e-07        0 1.41e-06 2.25e-06 2.48e-06 3.39e-06 3.49e-06 2.93e-06
1.2e+10 0.00025 -3.825  4.11e-07        0 1.49e-06 2.15e-06 2.93e-06 3.43e-06 3.57e-06 3.12e-06
1.2e+10 0.00025 -3.775         0        0 1.71e-06 2.25e-06 3.20e-06 3.59e-06 3.76e-06 3.22e-06
1.2e+10 0.00025 -3.725         0        0 2.13e-06 2.25e-06 3.20e-06 3.59e-06 3.70e-06 3.12e-06
1.2e+10 0.00025 -3.675         0        0 2.40e-06 2.25e-06 3.14e-06 3.59e-06 3.99e-06 3.20e-06
1.2e+10 0.00025 -3.625         0        0 2.42e-06 2.40e-06 3.24e-06 3.76e-06 3.99e-06 3.20e-06
1.2e+10 0.00025 -3.575         0        0 2.35e-06 2.33e-06 3.32e-06 3.92e-06 4.19e-06 3.26e-06
1.2e+10 0.00025 -3.525         0 4.52e-07 2.35e-06 2.50e-06 3.30e-06 3.99e-06 4.44e-06 3.53e-06
1.2e+10 0.00025 -3.475         0 7.81e-07 2.31e-06 2.50e-06 3.55e-06 4.07e-06 4.89e-06 3.39e-06
1.2e+10 0.00025 -3.425  7.03e-07        0 2.33e-06 2.99e-06 3.47e-06 4.32e-06 5.08e-06 3.74e-06
1.2e+10 0.00025 -3.375  1.20e-06        0 2.31e-06 3.30e-06 3.76e-06 4.81e-06 4.83e-06 3.65e-06
1.2e+10 0.00025 -3.325  9.92e-07        0 2.37e-06 3.30e-06 3.61e-06 5.04e-06 5.25e-06 3.80e-06
1.2e+10 0.00025 -3.275  1.28e-06 5.79e-07 2.37e-06 3.26e-06 3.82e-06 5.08e-06 5.20e-06 3.78e-06
1.2e+10 0.00025 -3.225  1.55e-06 1.45e-06 2.54e-06 3.30e-06 3.78e-06 5.06e-06 5.76e-06 3.94e-06
1.2e+10 0.00025 -3.175  1.36e-06 1.24e-06 2.64e-06 3.43e-06 4.03e-06 5.27e-06 5.58e-06 4.01e-06
1.2e+10 0.00025 -3.125  1.43e-06 1.84e-06 3.12e-06 3.43e-06 4.17e-06 5.35e-06 6.15e-06 4.17e-06
1.2e+10 0.00025 -3.075  1.43e-06 1.74e-06 3.43e-06 3.55e-06 4.30e-06 5.81e-06 6.20e-06 4.54e-06
1.2e+10 0.00025 -3.025  1.43e-06 1.74e-06 3.43e-06 3.72e-06 4.52e-06 5.85e-06 6.36e-06 4.91e-06
1.2e+10 0.00025 -2.975  1.43e-06 1.74e-06 3.38e-06 3.80e-06 5.22e-06 6.20e-06 6.44e-06 5.29e-06
1.2e+10 0.00025 -2.925  1.45e-06 1.67e-06 3.43e-06 3.76e-06 5.31e-06 6.44e-06 6.67e-06 5.14e-06
1.2e+10 0.00025 -2.875  1.92e-06 1.72e-06 3.55e-06 3.99e-06 5.20e-06 6.44e-06 6.94e-06 5.35e-06
1.2e+10 0.00025 -2.825  2.37e-06 2.31e-06 3.59e-06 3.97e-06 5.43e-06 6.69e-06 6.92e-06 5.27e-06
1.2e+10 0.00025 -2.775  2.44e-06 2.66e-06 3.72e-06 4.23e-06 5.54e-06 6.96e-06 7.52e-06 5.68e-06
1.2e+10 0.00025 -2.725  2.31e-06 2.79e-06 3.82e-06 4.21e-06 5.49e-06 7.11e-06 7.34e-06 5.87e-06
1.2e+10 0.00025 -2.675  2.33e-06 2.75e-06 4.01e-06 4.57e-06 5.99e-06 7.29e-06 7.58e-06 6.11e-06
1.2e+10 0.00025 -2.625  2.33e-06 2.68e-06 3.92e-06 5.06e-06 6.57e-06 7.44e-06 7.65e-06 6.53e-06
1.2e+10 0.00025 -2.575  2.35e-06 2.68e-06 4.05e-06 5.41e-06 6.53e-06 7.46e-06 8.29e-06 6.53e-06
1.2e+10 0.00025 -2.525  2.33e-06 2.77e-06 4.19e-06 5.39e-06 6.77e-06 7.87e-06 1.75e-05 6.94e-06
1.2e+10 0.00025 -2.475  2.48e-06 2.71e-06 4.34e-06 5.51e-06 6.78e-06 8.18e-06 2.60e-05 6.78e-06
1.2e+10 0.00025 -2.425  2.48e-06 2.73e-06 4.50e-06 5.60e-06 6.96e-06 8.39e-06 1.33e-05 7.23e-06
1.2e+10 0.00025 -2.375  2.52e-06 2.85e-06 4.98e-06 5.56e-06 7.58e-06 3.24e-05 1.50e-05 7.29e-06
1.2e+10 0.00025 -2.325  2.79e-06 3.14e-06 5.64e-06 6.22e-06 7.42e-06 1.49e-05 1.60e-05 7.69e-06
1.2e+10 0.00025 -2.275  3.22e-06 3.88e-06 5.51e-06 6.67e-06 7.75e-06 1.48e-05 8.62e-06 7.44e-06
1.2e+10 0.00025 -2.225  3.55e-06 3.84e-06 5.64e-06 6.61e-06 7.54e-06 1.65e-05 8.39e-06 7.89e-06
1.2e+10 0.00025 -2.175  3.59e-06 3.84e-06 5.74e-06 6.86e-06 8.08e-06 9.38e-06 9.16e-06 8.18e-06
1.2e+10 0.00025 -2.125  3.59e-06 3.84e-06 5.87e-06 7.11e-06 8.62e-06 8.62e-06 9.16e-06 8.62e-06
1.2e+10 0.00025 -2.075  3.59e-06 3.92e-06 6.09e-06 7.17e-06 8.72e-06 8.76e-06 9.33e-06 2.18e-05
1.2e+10 0.00025 -2.025  3.72e-06 3.96e-06 6.67e-06 7.52e-06 3.18e-05 9.16e-06 9.45e-06 2.39e-05
1.2e+10 0.00025 -1.975  3.76e-06 4.09e-06 6.81e-06 7.68e-06 1.64e-05 9.39e-06 9.64e-06 1.49e-05
1.2e+10 0.00025 -1.925  3.92e-06 4.29e-06 6.94e-06 7.91e-06 1.64e-05 9.84e-06 1.04e-05 1.70e-05
1.2e+10 0.00025 -1.875  4.09e-06 4.34e-06 7.44e-06 7.75e-06 1.47e-05 9.51e-06 1.02e-05 1.03e-05
1.2e+10 0.00025 -1.825  4.19e-06 4.32e-06 7.19e-06 8.29e-06 8.62e-06 1.04e-05 1.16e-05 8.95e-06
1.2e+10 0.00025 -1.775  4.19e-06 4.56e-06 7.85e-06 8.82e-06 8.95e-06 1.06e-05 1.13e-05 8.89e-06
1.2e+10 0.00025 -1.725  4.34e-06 4.67e-06 7.97e-06 8.95e-06 9.12e-06 1.10e-05 1.22e-05 9.51e-06
1.2e+10 0.00025 -1.675  4.46e-06 4.71e-06 8.02e-06 3.14e-05 9.51e-06 1.18e-05 1.31e-05 9.41e-06
1.2e+10 0.00025 -1.625  4.54e-06 5.35e-06 8.06e-06 1.79e-05 9.86e-06 1.19e-05 1.28e-05 9.45e-06
1.2e+10 0.00025 -1.575  4.81e-06 6.11e-06 8.33e-06 1.79e-05 9.84e-06 1.31e-05 1.44e-05 9.84e-06
1.2e+10 0.00025 -1.525  5.55e-06 5.95e-06 9.15e-06 1.18e-05 9.99e-06 1.36e-05 1.50e-05 1.03e-05
1.2e+10 0.00025 -1.475  5.68e-06 6.19e-06 9.15e-06 8.95e-06 1.05e-05 1.44e-05 1.58e-05 1.11e-05
1.2e+10 0.00025 -1.425  5.89e-06 6.01e-06 3.17e-05 9.28e-06 1.11e-05 1.50e-05 1.76e-05 1.12e-05
1.2e+10 0.00025 -1.375  5.82e-06 6.20e-06 2.07e-05 9.47e-06 1.17e-05 1.68e-05 1.68e-05 1.19e-05
1.2e+10 0.00025 -1.325  6.13e-06 6.77e-06 1.67e-05 9.51e-06 1.21e-05 1.70e-05 2.18e-05 1.21e-05
1.2e+10 0.00025 -1.275  6.30e-06 7.39e-06 9.78e-06 9.91e-06 1.29e-05 1.84e-05 2.15e-05 1.31e-05
1.2e+10 0.00025 -1.225  7.00e-06 7.27e-06 9.28e-06 1.02e-05 1.38e-05 2.23e-05 2.35e-05 1.41e-05
1.2e+10 0.00025 -1.175  7.29e-06 7.60e-06 9.28e-06 1.01e-05 1.48e-05 2.19e-05 2.85e-05 1.49e-05
1.2e+10 0.00025 -1.125  7.27e-06 7.70e-06 9.86e-06 1.11e-05 1.56e-05 2.74e-05 2.78e-05 1.60e-05
1.2e+10 0.00025 -1.075  7.44e-06 8.43e-06 9.86e-06 1.12e-05 1.68e-05 2.78e-05 4.67e-05 1.69e-05
1.2e+10 0.00025 -1.025  7.72e-06 8.36e-06 1.01e-05 1.26e-05 1.77e-05 4.02e-05 3.66e-05 1.78e-05
1.2e+10 0.00025 -0.975  8.01e-06 8.18e-06 1.02e-05 1.26e-05 2.18e-05 4.03e-05 3.73e-05 2.16e-05
1.2e+10 0.00025 -0.925  8.16e-06 8.68e-06 1.09e-05 1.40e-05 2.26e-05 3.84e-05 3.91e-05 2.25e-05
1.2e+10 0.00025 -0.875  8.12e-06 9.03e-06 1.16e-05 1.48e-05 2.72e-05 3.87e-05 3.58e-05 2.84e-05
1.2e+10 0.00025 -0.825  8.37e-06 9.81e-06 1.22e-05 1.56e-05 2.89e-05 3.75e-05 3.80e-05 2.84e-05
1.2e+10 0.00025 -0.775  8.99e-06 1.02e-05 1.26e-05 1.77e-05 4.66e-05 3.75e-05 3.69e-05 4.61e-05
1.2e+10 0.00025 -0.725  9.48e-06 2.63e-05 1.34e-05 1.83e-05 4.10e-05 3.90e-05 3.77e-05 4.01e-05
1.2e+10 0.00025 -0.675  1.00e-05 3.10e-05 1.54e-05 2.23e-05 4.12e-05 3.85e-05 4.08e-05 4.16e-05
1.2e+10 0.00025 -0.625  3.52e-05 1.02e-05 1.60e-05 2.45e-05 4.06e-05 3.98e-05 3.98e-05 4.06e-05
1.2e+10 0.00025 -0.575  2.19e-05 1.02e-05 1.77e-05 2.97e-05 4.07e-05 4.17e-05 4.43e-05 3.98e-05
1.2e+10 0.00025 -0.525  1.11e-05 9.61e-06 2.04e-05 4.38e-05 4.12e-05 4.17e-05 4.51e-05 3.95e-05
1.2e+10 0.00025 -0.475  9.98e-06 9.97e-06 2.30e-05 4.66e-05 4.05e-05 4.60e-05 4.73e-05 4.04e-05
1.2e+10 0.00025 -0.425  9.28e-06 1.02e-05 2.95e-05 4.70e-05 4.30e-05 4.90e-05 5.27e-05 4.34e-05
1.2e+10 0.00025 -0.375  9.78e-06 1.06e-05 3.52e-05 4.35e-05 4.46e-05 5.41e-05 1.11e-04 4.37e-05
1.2e+10 0.00025 -0.325  1.02e-05 1.09e-05 5.71e-05 4.50e-05 4.69e-05 1.54e-04 1.97e-04 4.75e-05
1.2e+10 0.00025 -0.275  1.01e-05 1.11e-05 4.99e-05 4.56e-05 5.31e-05 2.20e-04 1.11e-04 5.12e-05
1.2e+10 0.00025 -0.225  1.07e-05 1.23e-05 4.91e-05 4.68e-05 9.79e-05 3.52e-05 3.16e-05 5.89e-05
1.2e+10 0.00025 -0.175  1.11e-05 1.25e-05 4.91e-05 5.09e-05 2.81e-04 3.11e-05 3.48e-05 2.25e-04
1.2e+10 0.00025 -0.125  1.17e-05 1.46e-05 5.05e-05 5.52e-05 3.57e-05 3.25e-05 3.49e-05 1.38e-04
1.2e+10 0.00025 -0.075  1.21e-05 1.55e-05 5.42e-05 1.09e-04 2.69e-05 3.49e-05 3.44e-05 2.90e-05
1.2e+10 0.00025 -0.025  1.38e-05 1.81e-05 6.10e-05 2.74e-04 3.05e-05 3.49e-05 3.84e-05 2.95e-05
1.2e+10 0.00025  0.025  1.46e-05 2.14e-05 1.62e-04 2.99e-05 2.95e-05 3.49e-05 3.84e-05 2.95e-05
1.2e+10 0.00025  0.075  1.62e-05 2.71e-05 2.17e-04 2.55e-05 3.07e-05 3.84e-05 3.89e-05 3.17e-05
1.2e+10 0.00025  0.125  1.82e-05 3.99e-05 2.52e-05 2.56e-05 3.25e-05 3.84e-05 4.11e-05 3.25e-05
1.2e+10 0.00025  0.175  2.32e-05 8.48e-05 2.34e-05 2.80e-05 3.39e-05 4.07e-05 4.11e-05 3.38e-05
1.2e+10 0.00025  0.225  2.90e-05 8.80e-05 2.46e-05 2.80e-05 3.48e-05 4.11e-05 4.32e-05 3.53e-05
1.2e+10 0.00025  0.275  4.52e-05 1.03e-04 2.55e-05 3.00e-05 3.63e-05 4.19e-05 4.52e-05 3.49e-05
1.2e+10 0.00025  0.325  7.51e-05 3.59e-04 2.55e-05 2.95e-05 3.49e-05 4.52e-05 4.71e-05 3.85e-05
1.2e+10 0.00025  0.375  7.86e-05 3.18e-05 2.81e-05 3.11e-05 4.01e-05 4.32e-05 4.83e-05 3.84e-05
1.2e+10 0.00025  0.425  1.01e-04 1.81e-05 2.80e-05 3.39e-05 3.84e-05 4.77e-05 4.83e-05 3.84e-05
1.2e+10 0.00025  0.475  3.71e-04 1.89e-05 2.96e-05 3.25e-05 4.08e-05 4.83e-05 5.10e-05 4.10e-05
1.2e+10 0.00025  0.525  3.35e-05 1.91e-05 3.07e-05 3.59e-05 4.28e-05 5.05e-05 5.25e-05 4.28e-05
1.2e+10 0.00025  0.575  1.89e-05 2.07e-05 3.07e-05 3.63e-05 4.24e-05 5.18e-05 5.02e-05 4.41e-05
1.2e+10 0.00025  0.625  1.83e-05 2.08e-05 3.35e-05 3.66e-05 4.52e-05 5.25e-05 5.65e-05 4.52e-05
1.2e+10 0.00025  0.675  2.07e-05 2.21e-05 3.39e-05 3.84e-05 4.72e-05 5.25e-05 5.40e-05 4.52e-05
1.2e+10 0.00025  0.725  2.08e-05 2.22e-05 3.57e-05 4.01e-05 4.87e-05 5.64e-05 5.72e-05 5.01e-05
1.2e+10 0.00025  0.775  2.10e-05 2.44e-05 3.63e-05 4.06e-05 4.83e-05 5.64e-05 5.89e-05 4.83e-05
1.2e+10 0.00025  0.825  2.22e-05 2.44e-05 3.77e-05 4.28e-05 5.06e-05 5.79e-05 5.90e-05 5.17e-05
1.2e+10 0.00025  0.875  2.29e-05 2.48e-05 3.92e-05 4.33e-05 5.49e-05 5.90e-05 6.20e-05 5.25e-05
1.2e+10 0.00025  0.925  2.44e-05 2.75e-05 4.01e-05 4.71e-05 5.25e-05 5.99e-05 6.09e-05 5.49e-05
1.2e+10 0.00025  0.975  2.46e-05 2.66e-05 4.22e-05 4.72e-05 5.46e-05 6.09e-05 6.36e-05 5.44e-05
1.2e+10 0.00025  1.025  2.65e-05 2.91e-05 4.28e-05 4.82e-05 5.87e-05 6.38e-05 6.63e-05 5.87e-05
1.2e+10 0.00025  1.075  2.65e-05 2.91e-05 4.28e-05 5.05e-05 5.64e-05 6.48e-05 6.63e-05 5.67e-05
1.2e+10 0.00025  1.125  2.84e-05 3.14e-05 4.91e-05 5.27e-05 6.11e-05 6.63e-05 6.85e-05 5.89e-05
1.2e+10 0.00025  1.175  2.91e-05 3.19e-05 4.72e-05 5.25e-05 6.14e-05 6.63e-05 7.04e-05 6.14e-05
1.2e+10 0.00025  1.225  2.98e-05 3.31e-05 5.02e-05 5.49e-05 6.10e-05 7.13e-05 7.52e-05 6.32e-05
1.2e+10 0.00025  1.275  3.19e-05 3.52e-05 5.05e-05 5.70e-05 6.38e-05 7.52e-05 7.63e-05 6.38e-05
1.2e+10 0.00025  1.325  3.22e-05 3.57e-05 5.27e-05 5.87e-05 6.68e-05 7.77e-05 8.11e-05 6.39e-05
1.2e+10 0.00025  1.375  3.39e-05 3.72e-05 5.49e-05 5.87e-05 6.76e-05 8.11e-05 8.78e-05 6.92e-05
1.2e+10 0.00025  1.425  3.52e-05 3.77e-05 5.49e-05 6.13e-05 6.90e-05 8.12e-05 8.47e-05 6.90e-05
1.2e+10 0.00025  1.475  3.74e-05 3.96e-05 5.93e-05 6.14e-05 6.98e-05 9.07e-05 9.08e-05 6.85e-05
1.2e+10 0.00025  1.525  3.63e-05 4.17e-05 5.87e-05 6.47e-05 7.58e-05 9.68e-05 1.04e-04 7.69e-05
1.2e+10 0.00025  1.575  3.88e-05 4.18e-05 5.89e-05 6.67e-05 7.85e-05 9.73e-05 1.04e-04 7.82e-05
1.2e+10 0.00025  1.625  4.01e-05 4.45e-05 6.39e-05 6.68e-05 8.44e-05 1.10e-04 1.11e-04 8.11e-05
1.2e+10 0.00025  1.675  4.17e-05 4.62e-05 6.39e-05 6.92e-05 8.59e-05 1.06e-04 1.25e-04 8.59e-05
1.2e+10 0.00025  1.725  4.42e-05 4.79e-05 6.65e-05 7.16e-05 9.04e-05 1.25e-04 1.22e-04 9.29e-05
1.2e+10 0.00025  1.775  4.45e-05 4.91e-05 6.67e-05 7.17e-05 1.03e-04 1.25e-04 1.26e-04 9.68e-05
1.2e+10 0.00025  1.825  4.53e-05 4.92e-05 6.87e-05 8.08e-05 1.03e-04 1.40e-04 1.34e-04 1.03e-04
1.2e+10 0.00025  1.875  4.91e-05 5.49e-05 7.16e-05 8.27e-05 1.16e-04 1.34e-04 1.46e-04 1.16e-04
1.2e+10 0.00025  1.925  4.91e-05 5.27e-05 7.16e-05 8.59e-05 1.19e-04 1.49e-04 1.51e-04 1.20e-04
1.2e+10 0.00025  1.975  5.27e-05 5.69e-05 7.78e-05 8.72e-05 1.38e-04 1.60e-04 1.62e-04 1.32e-04
1.2e+10 0.00025  2.025  5.27e-05 5.73e-05 8.50e-05 1.09e-04 1.34e-04 1.58e-04 1.75e-04 1.41e-04
1.2e+10 0.00025  2.075  5.50e-05 5.93e-05 8.52e-05 1.03e-04 1.50e-04 1.87e-04 1.76e-04 1.42e-04
1.2e+10 0.00025  2.125  5.73e-05 6.34e-05 9.55e-05 1.22e-04 1.59e-04 1.87e-04 2.24e-04 1.50e-04
1.2e+10 0.00025  2.175  5.49e-05 6.15e-05 9.74e-05 1.23e-04 1.69e-04 2.24e-04 2.25e-04 1.69e-04
1.2e+10 0.00025  2.225  6.34e-05 6.63e-05 1.15e-04 1.49e-04 1.70e-04 2.40e-04 2.30e-04 1.60e-04
1.2e+10 0.00025  2.275  6.11e-05 6.64e-05 1.22e-04 1.45e-04 1.92e-04 2.35e-04 3.15e-04 1.99e-04
1.2e+10 0.00025  2.325  6.30e-05 6.87e-05 1.35e-04 1.64e-04 1.99e-04 3.15e-04 2.96e-04 1.99e-04
1.2e+10 0.00025  2.375  6.63e-05 7.25e-05 1.51e-04 1.67e-04 2.25e-04 2.96e-04 3.23e-04 2.22e-04
1.2e+10 0.00025  2.425  6.59e-05 7.22e-05 1.59e-04 1.79e-04 2.55e-04 3.50e-04 3.90e-04 2.40e-04
1.2e+10 0.00025  2.475  6.96e-05 7.69e-05 1.77e-04 1.88e-04 2.65e-04 4.11e-04 4.74e-04 2.56e-04
1.2e+10 0.00025  2.525  6.97e-05 7.75e-05 1.75e-04 2.10e-04 3.35e-04 4.75e-04 4.53e-04 3.15e-04
1.2e+10 0.00025  2.575  7.74e-05 8.85e-05 2.07e-04 2.22e-04 3.16e-04 4.76e-04 4.92e-04 3.16e-04
1.2e+10 0.00025  2.625  7.70e-05 9.58e-05 2.07e-04 2.60e-04 3.69e-04 5.21e-04 6.04e-04 3.58e-04
1.2e+10 0.00025  2.675  7.98e-05 1.05e-04 2.34e-04 2.70e-04 4.43e-04 5.74e-04 5.76e-04 4.23e-04
1.2e+10 0.00025  2.725  9.15e-05 1.10e-04 2.47e-04 3.22e-04 4.75e-04 6.07e-04 6.05e-04 4.75e-04
1.2e+10 0.00025  2.775  9.62e-05 1.33e-04 2.85e-04 3.35e-04 4.77e-04 6.26e-04 7.16e-04 4.99e-04
1.2e+10 0.00025  2.825  1.05e-04 1.52e-04 2.95e-04 3.55e-04 5.51e-04 7.19e-04 7.98e-04 5.29e-04
1.2e+10 0.00025  2.875  1.28e-04 1.74e-04 3.35e-04 4.15e-04 6.05e-04 7.99e-04 8.60e-04 6.04e-04
1.2e+10 0.00025  2.925  1.27e-04 2.15e-04 3.56e-04 4.97e-04 6.08e-04 8.57e-04 8.94e-04 5.77e-04
1.2e+10 0.00025  2.975  1.71e-04 2.31e-04 4.21e-04 4.99e-04 6.39e-04 8.95e-04 9.16e-04 6.43e-04
1.2e+10 0.00025  3.025  1.97e-04 2.48e-04 4.87e-04 5.37e-04 7.70e-04 9.28e-04 9.74e-04 7.44e-04
1.2e+10 0.00025  3.075  2.22e-04 2.54e-04 4.98e-04 6.04e-04 7.63e-04 9.75e-04 1.02e-03 7.63e-04
1.2e+10 0.00025  3.125  2.44e-04 2.92e-04 5.07e-04 5.76e-04 8.90e-04 9.82e-04 1.11e-03 8.57e-04
1.2e+10 0.00025  3.175  2.71e-04 3.11e-04 6.03e-04 6.56e-04 8.61e-04 1.13e-03 1.13e-03 8.95e-04
1.2e+10 0.00025  3.225  2.88e-04 3.30e-04 6.06e-04 7.19e-04 9.04e-04 1.14e-03 1.21e-03 8.92e-04
1.2e+10 0.00025  3.275  3.08e-04 3.72e-04 6.25e-04 7.62e-04 9.76e-04 1.23e-03 1.28e-03 9.75e-04
1.2e+10 0.00025  3.325  3.45e-04 4.15e-04 6.79e-04 8.22e-04 9.98e-04 1.27e-03 1.38e-03 9.82e-04
1.2e+10 0.00025  3.375  3.78e-04 4.31e-04 7.97e-04 8.59e-04 1.08e-03 1.33e-03 1.39e-03 1.08e-03
1.2e+10 0.00025  3.425  4.14e-04 5.11e-04 7.91e-04 8.80e-04 1.09e-03 1.35e-03 1.51e-03 1.09e-03
1.2e+10 0.00025  3.475  4.26e-04 5.21e-04 8.57e-04 9.35e-04 1.17e-03 1.51e-03 1.58e-03 1.17e-03
1.2e+10 0.00025  3.525  5.02e-04 5.30e-04 8.27e-04 9.42e-04 1.25e-03 1.53e-03 1.64e-03 1.23e-03
1.2e+10 0.00025  3.575  5.43e-04 6.33e-04 9.27e-04 1.06e-03 1.29e-03 1.64e-03 1.77e-03 1.28e-03
1.2e+10 0.00025  3.625  5.45e-04 6.06e-04 9.39e-04 1.05e-03 1.30e-03 1.71e-03 1.84e-03 1.34e-03
1.2e+10 0.00025  3.675  6.18e-04 6.42e-04 9.40e-04 1.12e-03 1.46e-03 1.84e-03 1.93e-03 1.41e-03
1.2e+10 0.00025  3.725  6.36e-04 7.04e-04 1.04e-03 1.19e-03 1.42e-03 1.87e-03 2.11e-03 1.47e-03
1.2e+10 0.00025  3.775  6.32e-04 7.25e-04 1.05e-03 1.20e-03 1.58e-03 2.04e-03 2.12e-03 1.58e-03
1.2e+10 0.00025  3.825  7.02e-04 7.91e-04 1.15e-03 1.29e-03 1.61e-03 2.09e-03 2.32e-03 1.60e-03
1.2e+10 0.00025  3.875  7.61e-04 8.21e-04 1.18e-03 1.30e-03 1.76e-03 2.17e-03 2.37e-03 1.73e-03
1.2e+10 0.00025  3.925  7.57e-04 8.27e-04 1.24e-03 1.41e-03 1.73e-03 2.28e-03 2.61e-03 1.79e-03
1.2e+10 0.00025  3.975  8.21e-04 8.85e-04 1.25e-03 1.44e-03 1.90e-03 2.52e-03 2.66e-03 1.90e-03
1.2e+10 0.00025  4.025  8.26e-04 8.60e-04 1.31e-03 1.54e-03 1.93e-03 2.52e-03 2.82e-03 1.99e-03
1.2e+10 0.00025  4.075  8.79e-04 9.24e-04 1.37e-03 1.58e-03 2.12e-03 2.71e-03 2.95e-03 2.11e-03
1.2e+10 0.00025  4.125  8.60e-04 9.53e-04 1.47e-03 1.72e-03 2.11e-03 2.70e-03 2.97e-03 2.11e-03
1.2e+10 0.00025  4.175  9.16e-04 1.00e-03 1.50e-03 1.74e-03 2.32e-03 2.95e-03 3.21e-03 2.31e-03
1.2e+10 0.00025  4.225  9.53e-04 1.05e-03 1.62e-03 1.85e-03 2.38e-03 2.98e-03 3.26e-03 2.38e-03
1.2e+10 0.00025  4.275  1.00e-03 1.07e-03 1.60e-03 1.89e-03 2.44e-03 3.13e-03 3.44e-03 2.52e-03
1.2e+10 0.00025  4.325  1.02e-03 1.13e-03 1.75e-03 2.01e-03 2.64e-03 3.21e-03 3.66e-03 2.64e-03
1.2e+10 0.00025  4.375  1.07e-03 1.15e-03 1.79e-03 2.04e-03 2.67e-03 3.39e-03 3.88e-03 2.67e-03
1.2e+10 0.00025  4.425  1.11e-03 1.21e-03 1.81e-03 2.25e-03 2.78e-03 3.59e-03 3.91e-03 2.87e-03
1.2e+10 0.00025  4.475  1.15e-03 1.27e-03 2.02e-03 2.30e-03 2.84e-03 3.67e-03 4.02e-03 2.85e-03
1.2e+10 0.00025  4.525  1.20e-03 1.28e-03 1.99e-03 2.36e-03 2.92e-03 3.77e-03 4.11e-03 3.03e-03
1.2e+10 0.00025  4.575  1.22e-03 1.38e-03 2.15e-03 2.46e-03 3.15e-03 3.80e-03 4.34e-03 3.10e-03
1.2e+10 0.00025  4.625  1.28e-03 1.40e-03 2.15e-03 2.56e-03 3.14e-03 4.06e-03 4.51e-03 3.31e-03
1.2e+10 0.00025  4.675  1.32e-03 1.46e-03 2.28e-03 2.68e-03 3.42e-03 4.13e-03 4.68e-03 3.42e-03
1.2e+10 0.00025  4.725  1.34e-03 1.48e-03 2.38e-03 2.69e-03 3.45e-03 4.27e-03 4.87e-03 3.49e-03
1.2e+10 0.00025  4.775  1.41e-03 1.56e-03 2.46e-03 2.80e-03 3.54e-03 4.55e-03 4.84e-03 3.56e-03
1.2e+10 0.00025  4.825  1.47e-03 1.59e-03 2.48e-03 2.94e-03 3.55e-03 4.56e-03 4.97e-03 3.69e-03
1.2e+10 0.00025  4.875  1.49e-03 1.68e-03 2.55e-03 3.04e-03 3.66e-03 4.68e-03 5.28e-03 3.81e-03
1.2e+10 0.00025  4.925  1.59e-03 1.77e-03 2.68e-03 3.14e-03 3.86e-03 4.81e-03 5.26e-03 3.87e-03
1.2e+10 0.00025  4.975  1.61e-03 1.73e-03 2.73e-03 3.23e-03 3.89e-03 4.93e-03 5.59e-03 3.92e-03
1.2e+10 0.00025  5.025  1.69e-03 1.90e-03 2.85e-03 3.31e-03 4.03e-03 5.07e-03 5.57e-03 4.20e-03
1.2e+10 0.00025  5.075  1.72e-03 1.89e-03 2.88e-03 3.27e-03 4.02e-03 5.20e-03 5.34e-03 4.21e-03
1.2e+10 0.00025  5.125  1.74e-03 1.99e-03 2.99e-03 3.50e-03 4.28e-03 5.35e-03 5.49e-03 4.31e-03
1.2e+10 0.00025  5.175  1.86e-03 2.05e-03 3.11e-03 3.51e-03 4.39e-03 5.11e-03 5.64e-03 4.58e-03
1.2e+10 0.00025  5.225  1.82e-03 2.02e-03 3.05e-03 3.53e-03 4.33e-03 5.25e-03 5.79e-03 4.53e-03
1.2e+10 0.00025  5.275  1.96e-03 2.16e-03 3.18e-03 3.71e-03 4.60e-03 5.39e-03 6.17e-03 4.64e-03
1.2e+10 0.00025  5.325  2.01e-03 2.18e-03 3.30e-03 3.74e-03 4.72e-03 5.53e-03 6.14e-03 4.76e-03
1.2e+10 0.00025  5.375  2.04e-03 2.31e-03 3.22e-03 3.88e-03 4.84e-03 5.68e-03 6.31e-03 5.06e-03
1.2e+10 0.00025  5.425  2.04e-03 2.27e-03 3.31e-03 3.81e-03 4.77e-03 5.84e-03 6.61e-03 5.01e-03
1.2e+10 0.00025  5.475  2.20e-03 2.38e-03 3.38e-03 4.06e-03 4.89e-03 6.00e-03 7.57e-03 4.94e-03
1.2e+10 0.00025  5.525  2.23e-03 2.41e-03 3.45e-03 4.15e-03 4.82e-03 6.17e-03 7.72e-03 4.87e-03
1.2e+10 0.00025  5.575  2.25e-03 2.47e-03 3.72e-03 4.25e-03 5.14e-03 6.97e-03 7.87e-03 5.19e-03
1.2e+10 0.00025  5.625  2.28e-03 2.44e-03 3.65e-03 4.34e-03 5.06e-03 7.36e-03 8.03e-03 5.33e-03
1.2e+10 0.00025  5.675  2.41e-03 2.63e-03 3.72e-03 4.44e-03 5.19e-03 7.50e-03 8.47e-03 5.25e-03
1.2e+10 0.00025  5.725  2.34e-03 2.56e-03 3.80e-03 4.55e-03 5.32e-03 7.37e-03 8.36e-03 5.61e-03
1.2e+10 0.00025  5.775  2.53e-03 2.63e-03 3.88e-03 4.66e-03 5.46e-03 7.79e-03 8.50e-03 5.76e-03
1.2e+10 0.00025  5.825  2.46e-03 2.71e-03 4.13e-03 4.38e-03 5.83e-03 7.94e-03 9.36e-03 5.68e-03
1.2e+10 0.00025  5.875  2.60e-03 2.71e-03 4.05e-03 4.68e-03 5.75e-03 8.10e-03 9.23e-03 6.27e-03
1.2e+10 0.00025  5.925  2.64e-03 2.75e-03 4.13e-03 4.79e-03 6.62e-03 8.66e-03 9.44e-03 7.06e-03
1.2e+10 0.00025  5.975  2.64e-03 2.87e-03 4.22e-03 4.90e-03 6.85e-03 8.71e-03 9.66e-03 7.19e-03
1.2e+10 0.00025  6.025  2.72e-03 2.83e-03 4.32e-03 5.02e-03 6.97e-03 9.25e-03 1.03e-02 7.32e-03
1.2e+10 0.00025  6.075  2.87e-03 2.91e-03 4.22e-03 4.93e-03 7.37e-03 9.10e-03 1.01e-02 7.46e-03
1.2e+10 0.00025  6.125  2.79e-03 2.82e-03 4.51e-03 5.26e-03 7.23e-03 9.31e-03 1.15e-02 7.31e-03
1.2e+10 0.00025  6.175  2.96e-03 3.03e-03 4.41e-03 5.39e-03 7.36e-03 9.89e-03 1.22e-02 7.74e-03
1.2e+10 0.00025  6.225  2.91e-03 3.12e-03 4.50e-03 5.53e-03 7.79e-03 9.75e-03 1.31e-02 7.89e-03
1.2e+10 0.00025  6.275  2.98e-03 3.18e-03 4.81e-03 6.38e-03 7.81e-03 1.13e-02 1.30e-02 8.51e-03
1.2e+10 0.00025  6.325  3.21e-03 3.23e-03 4.71e-03 6.59e-03 8.33e-03 1.22e-02 1.34e-02 8.79e-03
1.2e+10 0.00025  6.375  3.30e-03 3.29e-03 5.04e-03 6.43e-03 8.84e-03 1.25e-02 1.38e-02 8.63e-03
1.2e+10 0.00025  6.425  3.36e-03 3.35e-03 4.93e-03 6.81e-03 8.68e-03 1.24e-02 1.42e-02 9.17e-03
1.2e+10 0.00025  6.475  3.42e-03 3.41e-03 5.04e-03 6.92e-03 9.23e-03 1.33e-02 1.53e-02 9.38e-03
1.2e+10 0.00025  6.525  3.49e-03 3.48e-03 5.70e-03 7.04e-03 9.07e-03 1.37e-02 1.52e-02 9.59e-03
1.2e+10 0.00025  6.575  3.55e-03 3.54e-03 6.29e-03 7.17e-03 9.65e-03 1.42e-02 1.58e-02 9.44e-03
1.2e+10 0.00025  6.625  3.62e-03 3.61e-03 6.12e-03 7.30e-03 9.82e-03 1.46e-02 1.70e-02 1.16e-02
1.2e+10 0.00025  6.675  3.69e-03 3.68e-03 6.21e-03 8.10e-03 1.15e-02 1.51e-02 1.66e-02 1.23e-02
1.2e+10 0.00025  6.725  3.76e-03 3.75e-03 6.31e-03 8.09e-03 1.24e-02 1.56e-02 1.41e-02 1.21e-02
1.2e+10 0.00025  6.775  3.84e-03 3.82e-03 6.69e-03 8.60e-03 1.22e-02 1.62e-02 1.45e-02 1.25e-02
1.2e+10 0.00025  6.825  3.92e-03 3.70e-03 6.52e-03 8.42e-03 1.25e-02 1.68e-02 1.56e-02 1.34e-02
1.2e+10 0.00025  6.875  3.99e-03 3.96e-03 6.63e-03 8.96e-03 1.35e-02 1.48e-02 1.55e-02 1.32e-02
1.2e+10 0.00025  6.925  4.08e-03 4.04e-03 7.03e-03 8.79e-03 1.33e-02 1.44e-02 1.60e-02 1.42e-02
1.2e+10 0.00025  6.975  4.16e-03 3.91e-03 7.62e-03 9.35e-03 1.43e-02 1.48e-02 1.73e-02 1.47e-02
1.2e+10 0.00025  7.025  4.25e-03 4.20e-03 7.77e-03 9.90e-03 1.48e-02 1.60e-02 1.71e-02 1.52e-02
1.2e+10 0.00025  7.075  4.33e-03 4.29e-03 7.92e-03 1.16e-02 1.53e-02 1.59e-02 1.35e-02 1.57e-02
1.2e+10 0.00025  7.125  4.64e-03 4.15e-03 8.07e-03 1.19e-02 1.59e-02 1.64e-02 1.38e-02 1.63e-02
1.2e+10 0.00025  7.175  4.53e-03 4.46e-03 8.23e-03 1.23e-02 1.64e-02 1.70e-02 1.42e-02 1.61e-02
1.2e+10 0.00025  7.225  4.62e-03 4.32e-03 8.40e-03 1.21e-02 1.58e-02 1.46e-02 1.46e-02 1.40e-02
1.2e+10 0.00025  7.275  4.72e-03 4.67e-03 8.57e-03 1.30e-02 1.41e-02 1.43e-02 1.58e-02 1.51e-02
1.2e+10 0.00025  7.325  4.83e-03 5.19e-03 9.18e-03 1.34e-02 1.45e-02 1.41e-02 1.56e-02 1.49e-02
1.2e+10 0.00025  7.375  5.49e-03 5.26e-03 1.10e-02 1.38e-02 1.50e-02 1.46e-02 1.61e-02 1.54e-02
1.2e+10 0.00025  7.425  5.76e-03 5.33e-03 1.13e-02 1.49e-02 1.62e-02 1.50e-02 1.66e-02 1.59e-02
1.2e+10 0.00025  7.475  5.85e-03 5.40e-03 1.16e-02 1.47e-02 1.60e-02 1.61e-02 1.71e-02 1.65e-02
1.2e+10 0.00025  7.525  5.93e-03 5.48e-03 1.14e-02 1.52e-02 1.66e-02 1.60e-02 1.54e-02 1.70e-02
1.2e+10 0.00025  7.575  6.30e-03 5.55e-03 1.23e-02 1.65e-02 1.70e-02 1.65e-02 1.33e-02 1.42e-02
1.2e+10 0.00025  7.625  6.12e-03 5.63e-03 1.26e-02 1.57e-02 1.41e-02 1.70e-02 1.31e-02 1.38e-02
1.2e+10 0.00025  7.675  6.21e-03 5.42e-03 1.30e-02 1.35e-02 1.39e-02 1.69e-02 1.40e-02 1.42e-02
1.2e+10 0.00025  7.725  6.31e-03 5.79e-03 1.40e-02 1.45e-02 1.43e-02 1.33e-02 1.44e-02 1.46e-02
1.2e+10 0.00025  7.775  6.70e-03 5.87e-03 1.38e-02 1.50e-02 1.47e-02 1.36e-02 1.41e-02 1.50e-02
1.2e+10 0.00025  7.825  6.98e-03 6.62e-03 1.49e-02 1.48e-02 1.58e-02 1.40e-02 1.52e-02 1.62e-02
1.2e+10 0.00025  7.875  7.37e-03 6.73e-03 1.47e-02 1.60e-02 1.56e-02 1.44e-02 1.56e-02 1.60e-02
1.2e+10 0.00025  7.925  7.85e-03 6.84e-03 1.59e-02 1.65e-02 1.61e-02 1.47e-02 1.61e-02 1.65e-02
1.2e+10 0.00025  7.975  7.65e-03 6.96e-03 1.40e-02 1.71e-02 1.74e-02 1.52e-02 1.58e-02 1.70e-02
1.2e+10 0.00025  8.025  7.80e-03 7.07e-03 1.35e-02 1.31e-02 1.72e-02 1.56e-02 1.71e-02 1.62e-02
1.2e+10 0.00025  8.075  8.31e-03 7.20e-03 1.39e-02 1.38e-02 1.49e-02 1.61e-02 1.35e-02 1.33e-02
1.2e+10 0.00025  8.125  8.10e-03 7.32e-03 1.44e-02 1.42e-02 1.40e-02 1.73e-02 1.35e-02 1.36e-02
1.2e+10 0.00025  8.175  8.26e-03 7.45e-03 1.48e-02 1.46e-02 1.37e-02 1.71e-02 1.38e-02 1.40e-02
1.2e+10 0.00025  8.225  9.76e-03 7.59e-03 1.53e-02 1.50e-02 1.41e-02 1.35e-02 1.42e-02 1.44e-02
1.2e+10 0.00025  8.275  1.11e-02 9.45e-03 1.58e-02 1.48e-02 1.51e-02 1.41e-02 1.45e-02 1.47e-02
1.2e+10 0.00025  8.325  1.09e-02 9.67e-03 1.63e-02 1.60e-02 1.49e-02 1.44e-02 1.49e-02 1.52e-02
1.2e+10 0.00025  8.375  1.12e-02 1.04e-02 1.33e-02 1.65e-02 1.53e-02 1.48e-02 1.53e-02 1.56e-02
1.2e+10 0.00025  8.425  1.20e-02 1.01e-02 1.32e-02 1.70e-02 1.65e-02 1.52e-02 1.27e-02 1.61e-02
1.2e+10 0.00025  8.475  1.18e-02 1.09e-02 1.42e-02 1.62e-02 1.63e-02 1.50e-02 1.22e-02 1.65e-02
1.2e+10 0.00025  8.525  1.27e-02 1.06e-02 1.39e-02 1.33e-02 1.68e-02 1.55e-02 1.31e-02 1.70e-02
1.2e+10 0.00025  8.575  1.31e-02 1.15e-02 1.43e-02 1.30e-02 1.65e-02 1.31e-02 1.28e-02 1.43e-02
1.2e+10 0.00025  8.625  1.35e-02 1.18e-02 1.47e-02 1.40e-02 1.39e-02 1.29e-02 1.37e-02 1.35e-02
1.2e+10 0.00025  8.675  1.39e-02 1.21e-02 1.52e-02 1.43e-02 1.48e-02 1.37e-02 1.34e-02 1.44e-02
1.2e+10 0.00025  8.725  1.43e-02 1.31e-02 1.57e-02 1.47e-02 1.46e-02 1.35e-02 1.37e-02 1.48e-02
1.2e+10 0.00025  8.775  1.48e-02 1.28e-02 1.61e-02 1.51e-02 1.50e-02 1.38e-02 1.46e-02 1.52e-02
1.2e+10 0.00025  8.825  1.53e-02 1.32e-02 1.67e-02 1.56e-02 1.61e-02 1.47e-02 1.41e-02 1.49e-02
1.2e+10 0.00025  8.875  1.38e-02 1.43e-02 1.28e-02 1.53e-02 1.59e-02 1.45e-02 9.30e-03 1.56e-02
1.2e+10 0.00025  8.925  1.36e-02 1.40e-02 1.29e-02 1.65e-02 1.38e-02 1.55e-02 9.45e-03 1.26e-02
1.2e+10 0.00025  8.975  1.40e-02 1.22e-02 1.32e-02 1.70e-02 1.33e-02 1.14e-02 9.14e-03 1.34e-02
1.2e+10 0.00025  9.025  1.37e-02 1.23e-02 1.35e-02 1.46e-02 1.42e-02 9.84e-03 9.74e-03 1.32e-02
1.2e+10 0.00025  9.075  1.49e-02 1.27e-02 1.45e-02 1.35e-02 1.40e-02 1.00e-02 9.90e-03 1.40e-02
1.2e+10 0.00025  9.125  1.53e-02 1.30e-02 1.43e-02 1.44e-02 1.43e-02 1.02e-02 9.58e-03 1.38e-02
1.2e+10 0.00025  9.175  1.51e-02 1.34e-02 1.47e-02 1.48e-02 1.53e-02 1.03e-02 1.02e-02 1.47e-02
1.2e+10 0.00025  9.225  1.64e-02 1.38e-02 1.51e-02 1.45e-02 1.50e-02 1.10e-02 1.04e-02 1.45e-02
1.2e+10 0.00025  9.275  1.31e-02 1.42e-02 1.55e-02 1.55e-02 1.54e-02 1.07e-02 1.06e-02 1.55e-02
1.2e+10 0.00025  9.325  1.32e-02 1.54e-02 1.60e-02 1.58e-02 1.32e-02 1.09e-02 1.02e-02 1.16e-02
1.2e+10 0.00025  9.375  1.36e-02 1.29e-02 1.60e-02 1.26e-02 1.07e-02 1.11e-02 1.09e-02 1.03e-02
1.2e+10 0.00025  9.425  1.33e-02 1.18e-02 1.32e-02 1.34e-02 1.09e-02 1.13e-02 1.11e-02 1.00e-02
1.2e+10 0.00025  9.475  1.43e-02 1.21e-02 1.29e-02 1.31e-02 1.11e-02 1.15e-02 1.08e-02 1.06e-02
1.2e+10 0.00025  9.525  1.47e-02 1.30e-02 1.39e-02 1.40e-02 1.08e-02 1.17e-02 1.15e-02 1.03e-02
1.2e+10 0.00025  9.575  1.52e-02 1.27e-02 1.42e-02 1.38e-02 1.15e-02 1.19e-02 7.64e-03 1.10e-02
1.2e+10 0.00025  9.625  1.56e-02 1.31e-02 1.46e-02 1.47e-02 1.17e-02 1.18e-02 4.65e-03 1.07e-02
1.2e+10 0.00025  9.675  1.54e-02 1.34e-02 1.43e-02 1.44e-02 1.20e-02 5.08e-03 4.69e-03 1.09e-02
1.2e+10 0.00025  9.725  1.66e-02 1.38e-02 1.52e-02 1.54e-02 1.17e-02 5.12e-03 4.72e-03 1.16e-02
1.2e+10 0.00025  9.775  1.32e-02 1.42e-02 1.20e-02 1.25e-02 1.24e-02 5.16e-03 4.76e-03 1.13e-02
1.2e+10 0.00025  9.825  1.29e-02 1.46e-02 1.28e-02 1.03e-02 1.27e-02 5.20e-03 4.79e-03 1.20e-02
1.2e+10 0.00025  9.875  1.26e-02 1.58e-02 1.25e-02 1.05e-02 1.29e-02 5.02e-03 4.83e-03 1.17e-02
1.2e+10 0.00025  9.925  1.35e-02 1.30e-02 1.34e-02 1.06e-02 1.26e-02 5.28e-03 4.17e-03 1.25e-02
1.2e+10 0.00025  9.975  1.38e-02 1.10e-02 1.31e-02 1.08e-02 6.97e-03 4.86e-03 4.19e-03 1.07e-02
1.2e+10 0.00025 10.025  1.42e-02 1.18e-02 1.34e-02 1.10e-02 5.79e-03 4.66e-03 4.45e-03 5.31e-03
1.2e+10 0.00025 10.075  1.39e-02 1.21e-02 1.43e-02 1.12e-02 6.07e-03 4.70e-03 4.25e-03 5.35e-03
1.2e+10 0.00025 10.125  1.50e-02 1.24e-02 1.40e-02 1.14e-02 5.90e-03 4.73e-03 4.28e-03 5.40e-03
1.2e+10 0.00025 10.175  1.54e-02 1.27e-02 1.44e-02 1.11e-02 6.18e-03 5.01e-03 4.30e-03 5.44e-03
1.2e+10 0.00025 10.225  1.58e-02 1.30e-02 9.32e-03 1.18e-02 5.78e-03 4.80e-03 4.57e-03 5.49e-03
1.2e+10 0.00025 10.275  1.56e-02 1.33e-02 9.92e-03 1.21e-02 5.83e-03 4.84e-03 4.36e-03 5.54e-03
1.2e+10 0.00025 10.325  1.39e-02 1.36e-02 9.62e-03 1.23e-02 5.88e-03 4.87e-03 4.39e-03 5.12e-03
1.2e+10 0.00025 10.375  1.29e-02 1.40e-02 1.02e-02 1.25e-02 5.93e-03 4.91e-03 4.42e-03 5.16e-03
1.2e+10 0.00025 10.425  1.32e-02 1.44e-02 9.93e-03 9.62e-03 5.75e-03 5.20e-03 4.70e-03 5.20e-03
1.2e+10 0.00025 10.475  1.35e-02 1.47e-02 1.06e-02 5.76e-03 6.04e-03 4.99e-03 4.48e-03 5.24e-03
1.2e+10 0.00025 10.525  1.38e-02 1.30e-02 1.08e-02 5.82e-03 6.10e-03 4.77e-03 4.51e-03 5.28e-03
1.2e+10 0.00025 10.575  1.48e-02 1.16e-02 1.05e-02 5.87e-03 6.15e-03        0 1.26e-03 5.57e-03
1.2e+10 0.00025 10.625  1.45e-02 1.18e-02 1.11e-02 5.92e-03 5.96e-03        0        0 5.37e-03
1.2e+10 0.00025 10.675  1.30e-02 1.15e-02 1.08e-02 5.75e-03 6.27e-03        0        0 5.41e-03
1.2e+10 0.00025 10.725  1.21e-02 1.23e-02 1.15e-02 5.80e-03 5.04e-04        0        0 5.46e-03
1.2e+10 0.00025 10.775  1.18e-02 1.26e-02 1.12e-02 5.85e-03        0        0        0 5.50e-03
1.2e+10 0.00025 10.825  1.27e-02 1.29e-02 1.20e-02 5.90e-03        0        0        0 2.26e-03
1.2e+10 0.00025 10.875  1.29e-02 1.32e-02 1.05e-02 5.95e-03        0        0        0        0
1.2e+10 0.00025 10.925  1.32e-02 1.16e-02 5.31e-03 6.01e-03        0        0        0        0
1.2e+10 0.00025 10.975  1.29e-02 1.04e-02 5.35e-03 6.06e-03        0        0        0        0
1.2e+10 0.00025 11.025  1.38e-02 1.01e-02 5.40e-03 6.12e-03        0        0        0        0
1.2e+10 0.00025 11.075  1.41e-02 1.08e-02 5.44e-03 6.18e-03        0        0        0        0
1.2e+10 0.00025 11.125  1.18e-02 1.10e-02 5.26e-03 6.24e-03        0        0        0        0
1.2e+10 0.00025 11.175  9.36e-03 1.06e-02 5.53e-03 3.77e-03        0        0        0        0
1.2e+10 0.00025 11.225  9.05e-03 1.14e-02 5.35e-03        0        0        0        0        0
1.2e+10 0.00025 11.275  9.65e-03 1.16e-02 5.63e-03        0        0        0        0        0
1.2e+10 0.00025 11.325  9.33e-03 1.12e-02 5.44e-03        0        0        0        0        0
1.2e+10 0.00025 11.375  9.95e-03 1.21e-02 5.72e-03        0        0        0        0        0
1.2e+10 0.00025 11.425  9.63e-03 1.23e-02 5.53e-03        0        0        0        0        0
1.2e+10 0.00025 11.475  1.03e-02 7.93e-03 5.58e-03        0        0        0        0        0
1.2e+10 0.00025 11.525  9.94e-03 7.13e-03 5.87e-03        0        0        0        0        0
1.2e+10 0.00025 11.575  1.06e-02 7.22e-03 5.68e-03        0        0        0        0        0
1.2e+10 0.00025 11.625  1.03e-02 7.30e-03 5.98e-03        0        0        0        0        0
1.2e+10 0.00025 11.675  1.10e-02 7.39e-03 5.27e-03        0        0        0        0        0
1.2e+10 0.00025 11.725  1.06e-02 7.48e-03        0        0        0        0        0        0
1.2e+10 0.00025 11.775  1.14e-02 7.57e-03        0        0        0        0        0        0
1.2e+10 0.00025 11.825  1.10e-02 7.67e-03        0        0        0        0        0        0
1.2e+10 0.00025 11.875  6.19e-03 7.76e-03        0        0        0        0        0        0
1.2e+10 0.00025 11.925  4.66e-03 7.86e-03        0        0        0        0        0        0
1.2e+10 0.00025 11.975  4.92e-03 7.96e-03        0        0        0        0        0        0
1.2e+10 0.00025 12.025  4.96e-03 8.06e-03        0        0        0        0        0        0
1.2e+10 0.00025 12.075  5.00e-03 8.17e-03        0        0        0        0        0        0
1.2e+10 0.00025 12.125  5.04e-03 7.75e-03        0        0        0        0        0        0
1.2e+10 0.00025 12.175  4.84e-03 8.38e-03        0        0        0        0        0        0
1.2e+10 0.00025 12.225  4.88e-03 8.49e-03        0        0        0        0        0        0
1.2e+10 0.00025 12.275  4.68e-03 8.60e-03        0        0        0        0        0        0
1.2e+10 0.00025 12.325  4.95e-03 8.72e-03        0        0        0        0        0        0
1.2e+10 0.00025 12.375  4.75e-03 8.84e-03        0        0        0        0        0        0
1.2e+10 0.00025 12.425  5.03e-03 3.64e-03        0        0        0        0        0        0
1.2e+10 0.00025 12.475  5.06e-03 3.32e-03        0        0        0        0        0        0
1.2e+10 0.00025 12.525  4.86e-03 3.34e-03        0        0        0        0        0        0
1.2e+10 0.00025 12.575  5.14e-03 3.36e-03        0        0        0        0        0        0
1.2e+10 0.00025 12.625  5.18e-03 3.37e-03        0        0        0        0        0        0
1.2e+10 0.00025 12.675  4.97e-03 3.17e-03        0        0        0        0        0        0
1.2e+10 0.00025 12.725  5.26e-03 3.41e-03        0        0        0        0        0        0
1.2e+10 0.00025 12.775  1.26e-03 3.43e-03        0        0        0        0        0        0
1.2e+10 0.00025 12.825         0 3.45e-03        0        0        0        0        0        0
1.2e+10 0.00025 12.875         0 3.23e-03        0        0        0        0        0        0
1.2e+10 0.00025 12.925         0 3.02e-03        0        0        0        0        0        0
1.2e+10 0.00025 12.975         0 3.26e-03        0        0        0        0        0        0
1.2e+10 0.00025 13.025         0 3.04e-03        0        0        0        0        0        0
1.2e+10 0.00025 13.075         0 3.29e-03        0        0        0        0        0        0
1.2e+10 0.00025 13.125         0 3.07e-03        0        0        0        0        0        0
1.2e+10 0.00025 13.175         0 3.09e-03        0        0        0        0        0        0
1.2e+10 0.00025 13.225         0 3.34e-03        0        0        0        0        0        0
1.2e+10 0.00025 13.275         0 3.12e-03        0        0        0        0        0        0
1.2e+10 0.00025 13.325         0 3.38e-03        0        0        0        0        0        0
1.2e+10 0.00025 13.375         0 3.15e-03        0        0        0        0        0        0
1.2e+10 0.00025 13.425         0 3.17e-03        0        0        0        0        0        0
1.2e+10 0.00025 13.475         0 3.43e-03        0        0        0        0        0        0
1.2e+10 0.00025 13.525         0 3.20e-03        0        0        0        0        0        0
1.2e+10 0.00025 13.575         0 3.21e-03        0        0        0        0        0        0
1.2e+10 0.00025 13.625         0 3.48e-03        0        0        0        0        0        0
1.2e+10 0.00025 13.675         0 3.25e-03        0        0        0        0        0        0
1.2e+10 0.00025 13.725         0 3.51e-03        0        0        0        0        0        0
1.2e+10 0.00025 13.775         0 1.26e-03        0        0        0        0        0        0
1.2e+10 0.00025 13.825         0        0        0        0        0        0        0        0
1.2e+10 0.00025 13.875         0        0        0        0        0        0        0        0
1.2e+10 0.00025 13.925         0        0        0        0        0        0        0        0
1.2e+10 0.00025 13.975         0        0        0        0        0        0        0        0
1.2e+10 0.00025 14.025         0        0        0        0        0        0        0        0
1.2e+10 0.00025 14.075         0        0        0        0        0        0        0        0
1.2e+10 0.00025 14.125         0        0        0        0        0        0        0        0
1.2e+10 0.00025 14.175         0        0        0        0        0        0        0        0
1.2e+10 0.00025 14.225         0        0        0        0        0        0        0        0
1.2e+10 0.00025 14.275         0        0        0        0        0        0        0        0
1.2e+10 0.00025 14.325         0        0        0        0        0        0        0        0
1.2e+10 0.00025 14.375         0        0        0        0        0        0        0        0
1.2e+10 0.00025 14.425         0        0        0        0        0        0        0        0
1.2e+10 0.00025 14.475         0        0        0        0        0        0        0        0
1.2e+10 0.00025 14.525         0        0        0        0        0        0        0        0
1.2e+10 0.00025 14.575         0        0        0        0        0        0        0        0
1.2e+10 0.00025 14.625         0        0        0        0        0        0        0        0
1.2e+10 0.00025 14.675         0        0        0        0        0        0        0        0
1.2e+10 0.00025 14.725         0        0        0        0        0        0        0        0
1.2e+10 0.00025 14.775         0        0        0        0        0        0        0        0
1.2e+10 0.00025 14.825         0        0        0        0        0        0        0        0
1.2e+10 0.00025 14.875         0        0        0        0        0        0        0        0
1.2e+10 0.00025 14.925         0        0        0        0        0        0        0        0
1.2e+10 0.00025 14.975         0        0        0        0        0        0        0        0
1.2e+10 0.00025 15.025         0        0        0        0        0        0        0        0
1.2e+10 0.00025 15.075         0        0        0        0        0        0        0        0
1.2e+10 0.00025 15.125         0        0        0        0        0        0        0        0
1.2e+10 0.00025 15.175         0        0        0        0        0        0        0        0
1.2e+10 0.00025 15.225         0        0        0        0        0        0        0        0
1.2e+10 0.00025 15.275         0        0        0        0        0        0        0        0
1.2e+10 0.00025 15.325         0        0        0        0        0        0        0        0
1.2e+10 0.00025 15.375         0        0        0        0        0        0        0        0
1.2e+10 0.00025 15.425         0        0        0        0        0        0        0        0
1.2e+10 0.00025 15.475         0        0        0        0        0        0        0        0
1.2e+10 0.00025 15.525         0        0        0        0        0        0        0        0
1.2e+10 0.00025 15.575         0        0        0        0        0        0        0        0
1.2e+10 0.00025 15.625         0        0        0        0        0        0        0        0
1.2e+10 0.00025 15.675         0        0        0        0        0        0        0        0
1.2e+10 0.00025 15.725         0        0        0        0        0        0        0        0
1.2e+10 0.00025 15.775         0        0        0        0        0        0        0        0
1.2e+10 0.00025 15.825         0        0        0        0        0        0        0        0
1.2e+10 0.00025 15.875         0        0        0        0        0        0        0        0
1.2e+10 0.00025 15.925         0        0        0        0        0        0        0        0
1.2e+10 0.00025 15.975         0        0        0        0        0        0        0        0
1.2e+10 0.00025 16.025         0        0        0        0        0        0        0        0
1.2e+10 0.00025 16.075         0        0        0        0        0        0        0        0
1.2e+10 0.00025 16.125         0        0        0        0        0        0        0        0
1.2e+10 0.00025 16.175         0        0        0        0        0        0        0        0
1.2e+10 0.00025 16.225         0        0        0        0        0        0        0        0
1.2e+10 0.00025 16.275         0        0        0        0        0        0        0        0
1.2e+10 0.00025 16.325         0        0        0        0        0        0        0        0
1.2e+10 0.00025 16.375         0        0        0        0        0        0        0        0
1.2e+10 0.00025 16.425         0        0        0        0        0        0        0        0
1.2e+10 0.00025 16.475         0        0        0        0        0        0        0        0
1.2e+10 0.00025 16.525         0        0        0        0        0        0        0        0
1.2e+10 0.00025 16.575         0        0        0        0        0        0        0        0
1.2e+10 0.00025 16.625         0        0        0        0        0        0        0        0
1.2e+10 0.00025 16.675         0        0        0        0        0        0        0        0
1.2e+10 0.00025 16.725         0        0        0        0        0        0        0        0
1.2e+10 0.00025 16.775         0        0        0        0        0        0        0        0
1.2e+10 0.00025 16.825         0        0        0        0        0        0        0        0
1.2e+10 0.00025 16.875         0        0        0        0        0        0        0        0
1.2e+10 0.00025 16.925         0        0        0        0        0        0        0        0
1.2e+10 0.00025 16.975         0        0        0        0        0        0        0        0
1.2e+10 0.00025 17.025         0        0        0        0        0        0        0        0
1.2e+10 0.00025 17.075         0        0        0        0        0        0        0        0
1.2e+10 0.00025 17.125         0        0        0        0        0        0        0        0
1.2e+10 0.00025 17.175         0        0        0        0        0        0        0        0
1.2e+10 0.00025 17.225         0        0        0        0        0        0        0        0
1.2e+10 0.00025 17.275         0        0        0        0        0        0        0        0
1.2e+10 0.00025 17.325         0        0        0        0        0        0        0        0
1.2e+10 0.00025 17.375         0        0        0        0        0        0        0        0
1.2e+10 0.00025 17.425         0        0        0        0        0        0        0        0
1.2e+10 0.00025 17.475         0        0        0        0        0        0        0        0
1.2e+10 0.00025 17.525         0        0        0        0        0        0        0        0
1.2e+10 0.00025 17.575         0        0        0        0        0        0        0        0
1.2e+10 0.00025 17.625         0        0        0        0        0        0        0        0
1.2e+10 0.00025 17.675         0        0        0        0        0        0        0        0
1.2e+10 0.00025 17.725         0        0        0        0        0        0        0        0
1.2e+10 0.00025 17.775         0        0        0        0        0        0        0        0
1.2e+10 0.00025 17.825         0        0        0        0        0        0        0        0
1.2e+10 0.00025 17.875         0        0        0        0        0        0        0        0
1.2e+10 0.00025 17.925         0        0        0        0        0        0        0        0
1.2e+10 0.00025 17.975         0        0        0        0        0        0        0        0
1.2e+10 0.00025 18.025         0        0        0        0        0        0        0        0
1.2e+10 0.00025 18.075         0        0        0        0        0        0        0        0
1.2e+10 0.00025 18.125         0        0        0        0        0        0        0        0
1.2e+10 0.00025 18.175         0        0        0        0        0        0        0        0
1.2e+10 0.00025 18.225         0        0        0        0        0        0        0        0
1.2e+10 0.00025 18.275         0        0        0        0        0        0        0        0
1.2e+10 0.00025 18.325         0        0        0        0        0        0        0        0
1.2e+10 0.00025 18.375         0        0        0        0        0        0        0        0
1.2e+10 0.00025 18.425         0        0        0        0        0        0        0        0
1.2e+10 0.00025 18.475         0        0        0        0        0        0        0        0
1.2e+10 0.00025 18.525         0        0        0        0        0        0        0        0
1.2e+10 0.00025 18.575         0        0        0        0        0        0        0        0
1.2e+10 0.00025 18.625         0        0        0        0        0        0        0        0
1.2e+10 0.00025 18.675         0        0        0        0        0        0        0        0
1.2e+10 0.00025 18.725         0        0        0        0        0        0        0        0
1.2e+10 0.00025 18.775         0        0        0        0        0        0        0        0
1.2e+10 0.00025 18.825         0        0        0        0        0        0        0        0
1.2e+10 0.00025 18.875         0        0        0        0        0        0        0        0
1.2e+10 0.00025 18.925         0        0        0        0        0        0        0        0
1.2e+10 0.00025 18.975         0        0        0        0        0        0        0        0
1.2e+10 0.00025 19.025         0        0        0        0        0        0        0        0
1.2e+10 0.00025 19.075         0        0        0        0        0        0        0        0
1.2e+10 0.00025 19.125         0        0        0        0        0        0        0        0
1.2e+10 0.00025 19.175         0        0        0        0        0        0        0        0
1.2e+10 0.00025 19.225         0        0        0        0        0        0        0        0
1.2e+10 0.00025 19.275         0        0        0        0        0        0        0        0
1.2e+10 0.00025 19.325         0        0        0        0        0        0        0        0
1.2e+10 0.00025 19.375         0        0        0        0        0        0        0        0
1.2e+10 0.00025 19.425         0        0        0        0        0        0        0        0
1.2e+10 0.00025 19.475         0        0        0        0        0        0        0        0
1.2e+10 0.00025 19.525         0        0        0        0        0        0        0        0
1.2e+10 0.00025 19.575         0        0        0        0        0        0        0        0
1.2e+10 0.00025 19.625         0        0        0        0        0        0        0        0
1.2e+10 0.00025 19.675         0        0        0        0        0        0        0        0
1.2e+10 0.00025 19.725         0        0        0        0        0        0        0        0
1.2e+10 0.00025 19.775         0        0        0        0        0        0        0        0
1.2e+10 0.00025 19.825         0        0        0        0        0        0        0        0
1.2e+10 0.00025 19.875         0        0        0        0        0        0        0        0
1.2e+10 0.00025 19.925         0        0        0        0        0        0        0        0
1.2e+10 0.00025 19.975         0        0        0        0        0        0        0        0
#isochrone terminated
