# File generated by CMD 3.3 (http://stev.oapd.inaf.it/cmd) on Fri Nov 20 18:15:30 CET 2020
# isochrones based on PARSEC release v1.2S +  COLIBRI S_35
# Basic references: Bressan et al. (2012), MNRAS, 427, 127 + Chen et al. (2014, 2015), MNRAS, 444, 2525 + MNRAS, 452, 1068 + Tang et al. (2014), MNRAS, 445, 4287 + Marigo et al. (2017), ApJ, 835, 77 + Pastorelli al. (2019), MNRAS in press
# Thermal pulse cycles included 
# On RGB, assumed Reimers mass loss with efficiency eta=0.2
# Photometric system: JWST NIRCam wide+verywide+medium filters, Vegamags
# Using OBC version of bolometric corrections as detailed in Marigo et al. (2008, A&A 482, 883) and Girardi et al. (2008, PASP 120, 583
# O-rich circumstellar dpmod60alox40 dust from Groenewegen (2006)
# C-rich circumstellar AMCSIC15 dust from Groenewegen (2006)
# IMF: Kroupa (2001, 2002) + Kroupa et al. (2013) canonical two-part-power law IMF corrected for unresolved binaries 
# Kind of output: isochrone tables
# Zini     MH   logAge Mini        int_IMF         Mass   logL    logTe  logg  label   McoreTP C_O  period0 period1 pmode  Mloss  tau1m   X   Y   Xc  Xn  Xo  Cexcess  Z 	 mbolmag  F070Wmag  F090Wmag  F115Wmag  F150Wmag  F200Wmag  F277Wmag  F356Wmag  F444Wmag  F150W2mag  F322W2mag  F140Mmag  F162Mmag  F182Mmag  F210Mmag  F250Mmag  F300Mmag  F335Mmag  F360Mmag  F410Mmag  F430Mmag  F460Mmag  F480Mmag  F150WS60mag
0.00015547 -2.00000 10.13033 0.0936335474 1.1156111956    0.094 -3.046  3.5140  5.463    1  0.000  0.545     0.00     0.00 -1 -2.87e-17      0.00 7.469e-01 2.530e-01 2.943e-05 7.939e-06 7.201e-05 -1.000 1.636e-04 12.384 12.457 11.414 10.744 10.170 9.987 9.810 9.497 9.440 10.300 9.665 10.291 10.014 10.018 9.944 9.888 9.730 9.541 9.464 9.409 9.423 9.481 9.430 10.104
0.00015547 -2.00000 10.13033 0.1035686582 1.2002434731    0.103 -2.749  3.5554  5.374    1  0.000  0.545     0.00     0.00 -1 -1.43e-16      0.00 7.441e-01 2.557e-01 2.943e-05 7.939e-06 7.201e-05 -1.000 1.637e-04 11.642 11.509 10.696 10.112 9.531 9.264 9.112 8.900 8.839 9.632 9.016 9.661 9.357 9.301 9.222 9.165 9.066 8.940 8.872 8.817 8.825 8.872 8.831 9.457
0.00015547 -2.00000 10.13033 0.1205011979 1.3226096630    0.120 -2.511  3.5793  5.298    1  0.000  0.545     0.00     0.00 -1 -2.51e-16      0.00 7.411e-01 2.588e-01 2.943e-05 7.940e-06 7.201e-05 -1.000 1.637e-04 11.046 10.817 10.095 9.554 8.992 8.722 8.599 8.397 8.337 9.087 8.507 9.123 8.817 8.758 8.683 8.644 8.564 8.439 8.368 8.313 8.322 8.369 8.339 8.917
0.00015547 -2.00000 10.13033 0.1234388798 1.3415665627    0.123 -2.473  3.5831  5.286    1  0.000  0.545     0.00     0.00 -1 -2.75e-16      0.00 7.406e-01 2.593e-01 2.943e-05 7.940e-06 7.201e-05 -1.000 1.637e-04 10.952 10.707 9.995 9.460 8.902 8.638 8.523 8.314 8.252 8.998 8.428 9.033 8.726 8.673 8.599 8.567 8.490 8.357 8.283 8.227 8.237 8.285 8.258 8.827
0.00015547 -2.00000 10.13033 0.1433091164 1.4560320377    0.143 -2.295  3.5966  5.227    1  0.000  0.545     0.00     0.00 -1 -2.52e-16      0.00 7.383e-01 2.615e-01 2.943e-05 7.940e-06 7.201e-05 -1.000 1.637e-04 10.507 10.194 9.540 9.044 8.497 8.241 8.162 7.956 7.899 8.593 8.068 8.632 8.318 8.271 8.206 8.193 8.142 7.997 7.925 7.874 7.883 7.928 7.915 8.422
0.00015547 -2.00000 10.13033 0.1631793380 1.5515257120    0.163 -2.156  3.6053  5.179    1  0.000  0.545     0.00     0.00 -1  -5.6e-16      0.00 7.371e-01 2.627e-01 2.943e-05 7.940e-06 7.201e-05 -1.000 1.636e-04 10.160 9.828 9.198 8.719 8.176 7.915 7.830 7.652 7.601 8.270 7.750 8.310 8.000 7.945 7.882 7.860 7.812 7.688 7.625 7.580 7.587 7.626 7.614 8.102
0.00015547 -2.00000 10.13033 0.2029198259 1.7036917210    0.203 -1.942  3.6169  5.106    1  0.000  0.545     0.00     0.00 -1 -8.92e-16      0.00 7.366e-01 2.633e-01 2.943e-05 7.940e-06 7.201e-05 -1.000 1.636e-04 9.625 9.274 8.673 8.213 7.677 7.408 7.308 7.172 7.130 7.768 7.247 7.808 7.504 7.438 7.377 7.338 7.288 7.198 7.152 7.113 7.118 7.150 7.137 7.604
0.00015547 -2.00000 10.13033 0.2525954247 1.8468697071    0.252 -1.747  3.6276  5.049    1  0.000  0.545     0.00     0.00 -1 -7.02e-16      0.00 7.369e-01 2.630e-01 2.943e-05 7.940e-06 7.201e-05 -1.000 1.637e-04 9.137 8.768 8.193 7.752 7.223 6.953 6.838 6.737 6.703 7.312 6.793 7.350 7.055 6.981 6.923 6.869 6.816 6.756 6.723 6.690 6.693 6.718 6.705 7.151
0.00015547 -2.00000 10.13033 0.3022710085 1.9574397802    0.302 -1.597  3.6365  5.013    1  0.000  0.545     0.00     0.00 -1 -1.55e-15      0.00 7.368e-01 2.630e-01 2.942e-05 7.941e-06 7.201e-05 -1.000 1.637e-04 8.762 8.377 7.824 7.397 6.879 6.616 6.500 6.414 6.384 6.968 6.462 7.003 6.716 6.643 6.588 6.531 6.479 6.431 6.403 6.373 6.376 6.398 6.385 6.810
0.00015547 -2.00000 10.13033 0.3271167576 2.0042343140    0.327 -1.532  3.6407  4.999    1  0.000  0.544     0.00     0.00 -1 -1.87e-15      0.00 7.369e-01 2.629e-01 2.941e-05 7.942e-06 7.201e-05 -1.000 1.637e-04 8.599 8.207 7.664 7.245 6.732 6.472 6.357 6.278 6.249 6.821 6.322 6.854 6.571 6.498 6.445 6.386 6.336 6.292 6.267 6.239 6.242 6.262 6.249 6.663
0.00015547 -2.00000 10.13033 0.3519465625 2.0465965271    0.352 -1.471  3.6447  4.987    1  0.000  0.544     0.00     0.00 -1 -2.13e-15      0.00 7.369e-01 2.629e-01 2.939e-05 7.943e-06 7.201e-05 -1.000 1.637e-04 8.449 8.050 7.517 7.104 6.595 6.340 6.226 6.152 6.125 6.685 6.193 6.717 6.437 6.365 6.313 6.255 6.205 6.166 6.142 6.115 6.118 6.137 6.125 6.528
0.00015547 -2.00000 10.13033 0.3598595858 2.0592875481    0.360 -1.450  3.6462  4.981    1  0.000  0.544     0.00     0.00 -1 -2.08e-15      0.00 7.392e-01 2.606e-01 2.940e-05 7.942e-06 7.201e-05 -1.000 1.637e-04 8.395 7.994 7.464 7.054 6.547 6.293 6.180 6.107 6.081 6.637 6.148 6.668 6.389 6.318 6.267 6.208 6.159 6.121 6.098 6.072 6.074 6.093 6.081 6.480
0.00015547 -2.00000 10.13033 0.4016221464 2.1207315922    0.401 -1.344  3.6537  4.953    1  0.000  0.545     0.00     0.00 -1  -2.6e-15      0.00 7.501e-01 2.497e-01 2.943e-05 7.939e-06 7.201e-05 -1.000 1.637e-04 8.130 7.717 7.206 6.808 6.309 6.062 5.952 5.889 5.866 6.400 5.925 6.428 6.155 6.086 6.038 5.979 5.933 5.901 5.881 5.858 5.860 5.877 5.866 6.243
0.00015547 -2.00000 10.13033 0.4512977004 2.1838121414    0.451 -1.189  3.6687  4.908    1  0.000  0.545     0.00     0.00 -1 -4.26e-15      0.00 7.507e-01 2.491e-01 2.943e-05 7.939e-06 7.201e-05 -1.000 1.637e-04 7.742 7.314 6.837 6.462 5.982 5.753 5.652 5.600 5.582 6.074 5.630 6.095 5.835 5.773 5.731 5.676 5.635 5.610 5.594 5.574 5.577 5.591 5.582 5.919
0.00015547 -2.00000 10.13033 0.5009732842 2.2384552956    0.501 -1.014  3.6861  4.849    1  0.000  0.545     0.00     0.00 -1 -6.47e-15      0.00 7.515e-01 2.484e-01 2.938e-05 7.926e-06 7.188e-05 -1.000 1.637e-04 7.306 6.868 6.429 6.080 5.622 5.413 5.324 5.285 5.269 5.715 5.307 5.728 5.484 5.430 5.395 5.345 5.310 5.292 5.280 5.264 5.265 5.275 5.269 5.563
0.00015547 -2.00000 10.13033 0.5506489277 2.2841949463    0.550 -0.802  3.7069  4.761    1  0.000  0.544     0.00     0.00 -1 -1.11e-14      0.00 7.891e-01 2.108e-01 2.519e-05 6.802e-06 6.172e-05 -1.000 9.987e-05 6.776 6.339 5.941 5.623 5.191 5.007 4.933 4.903 4.890 5.285 4.920 5.290 5.064 5.020 4.992 4.950 4.922 4.909 4.900 4.887 4.887 4.890 4.889 5.136
0.00015547 -2.00000 10.13033 0.5642867088 2.2951433659    0.564 -0.741  3.7144  4.740    1  0.000  0.544     0.00     0.00 -1 -1.29e-14      0.00 7.930e-01 2.068e-01 2.477e-05 6.690e-06 6.072e-05 -1.000 1.180e-04 6.623 6.190 5.806 5.498 5.075 4.899 4.831 4.805 4.792 5.169 4.819 5.172 4.952 4.911 4.886 4.847 4.822 4.810 4.802 4.790 4.790 4.790 4.790 5.022
0.00015547 -2.00000 10.13033 0.6003244519 2.3213412762    0.600 -0.585  3.7334  4.687    1  0.000  0.543     0.00     0.00 -1 -1.91e-14      0.00 8.032e-01 1.967e-01 2.369e-05 6.403e-06 5.813e-05 -1.000 1.636e-04 6.232 5.817 5.468 5.184 4.784 4.629 4.574 4.556 4.545 4.879 4.566 4.874 4.670 4.638 4.618 4.586 4.568 4.560 4.554 4.545 4.544 4.540 4.544 4.735
0.00015547 -2.00000 10.13033 0.6075407863 2.3261594772    0.607 -0.551  3.7379  4.676    1  0.000  0.543     0.00     0.00 -1 -2.08e-14      0.00 8.057e-01 1.941e-01 2.343e-05 6.332e-06 5.750e-05 -1.000 1.575e-04 6.148 5.738 5.396 5.118 4.723 4.573 4.521 4.505 4.494 4.818 4.514 4.812 4.612 4.581 4.563 4.533 4.516 4.509 4.503 4.495 4.494 4.490 4.494 4.676
0.00015547 -2.00000 10.13033 0.6168464422 2.3321816921    0.616 -0.507  3.7436  4.661    1  0.000  0.543     0.00     0.00 -1 -3.53e-18      0.00 8.091e-01 1.907e-01 2.308e-05 6.237e-06 5.665e-05 -1.000 1.468e-04 6.038 5.638 5.305 5.034 4.646 4.501 4.453 4.439 4.429 4.740 4.447 4.732 4.536 4.508 4.492 4.463 4.449 4.442 4.437 4.430 4.429 4.425 4.428 4.599
0.00015547 -2.00000 10.13033 0.6278074980 2.3390128613    0.627 -0.455  3.7502  4.643    1  0.000  0.543     0.00     0.00 -1 -2.14e-21      0.00 8.134e-01 1.865e-01 2.264e-05 6.120e-06 5.559e-05 -1.000 1.161e-04 5.907 5.517 5.196 4.933 4.552 4.414 4.370 4.359 4.350 4.647 4.365 4.636 4.445 4.421 4.406 4.380 4.367 4.362 4.358 4.351 4.350 4.346 4.349 4.506
0.00015547 -2.00000 10.13033 0.6375234127 2.3448424339    0.637 -0.408  3.7559  4.626    1  0.000  0.543     0.00     0.00 -1 -3.26e-18      0.00 8.173e-01 1.826e-01 2.222e-05 6.010e-06 5.461e-05 -1.000 1.052e-04 5.790 5.409 5.097 4.841 4.467 4.335 4.295 4.286 4.278 4.562 4.291 4.549 4.363 4.341 4.328 4.304 4.293 4.289 4.285 4.279 4.278 4.273 4.277 4.422
0.00015547 -2.00000 10.13033 0.6468603015 2.3502554893    0.647 -0.362  3.7614  4.608    1  0.000  0.542     0.00     0.00 -1 -3.43e-15      0.00 8.213e-01 1.786e-01 2.181e-05 5.900e-06 5.363e-05 -1.000 9.115e-05 5.675 5.304 5.001 4.751 4.383 4.257 4.221 4.214 4.206 4.478 4.218 4.464 4.282 4.262 4.250 4.228 4.219 4.216 4.212 4.207 4.206 4.201 4.206 4.340
0.00015547 -2.00000 10.13033 0.6499999762 2.3520355225    0.650 -0.346  3.7632  4.602    1  0.000  0.542     0.00     0.00 -1 -2.77e-14      0.00 8.226e-01 1.772e-01 2.167e-05 5.862e-06 5.329e-05 -1.000 1.323e-04 5.636 5.268 4.968 4.720 4.355 4.230 4.195 4.188 4.181 4.449 4.192 4.434 4.254 4.235 4.224 4.202 4.194 4.191 4.187 4.182 4.181 4.176 4.181 4.311
0.00015547 -2.00000 10.13033 0.6564155817 2.3556120396    0.656 -0.314  3.7667  4.588    1  0.000  0.542     0.00     0.00 -1    -2e-14      0.00 8.262e-01 1.737e-01 2.130e-05 5.765e-06 5.241e-05 -1.000 1.145e-04 5.555 5.193 4.898 4.655 4.294 4.173 4.140 4.135 4.128 4.388 4.138 4.373 4.195 4.177 4.167 4.147 4.139 4.137 4.134 4.129 4.128 4.123 4.128 4.251
0.00015547 -2.00000 10.13033 0.6653797030 2.3604767323    0.665 -0.267  3.7717  4.567    1  0.000  0.542     0.00     0.00 -1 -1.23e-15      0.00 8.313e-01 1.685e-01 2.077e-05 5.622e-06 5.113e-05 -1.000 1.325e-04 5.438 5.085 4.799 4.561 4.206 4.091 4.061 4.056 4.050 4.300 4.059 4.283 4.110 4.094 4.085 4.066 4.060 4.058 4.055 4.050 4.050 4.045 4.050 4.165
0.00015547 -2.00000 10.13033 0.6733349562 2.3646693230    0.673 -0.224  3.7760  4.546    1  0.000  0.541     0.00     0.00 -1 -1.99e-21      0.00 8.362e-01 1.637e-01 2.026e-05 5.488e-06 4.993e-05 -1.000 1.170e-04 5.331 4.985 4.706 4.473 4.125 4.013 3.986 3.982 3.976 4.218 3.984 4.200 4.030 4.017 4.009 3.991 3.986 3.985 3.982 3.977 3.976 3.972 3.976 4.084
0.00015547 -2.00000 10.13033 0.6810427904 2.3686242104    0.681 -0.181  3.7802  4.525    1  0.000  0.541     0.00     0.00 -1 -3.72e-20      0.00 8.411e-01 1.587e-01 1.975e-05 5.351e-06 4.870e-05 -1.000 1.253e-04 5.223 4.885 4.613 4.385 4.042 3.935 3.910 3.907 3.901 4.135 3.908 4.116 3.950 3.938 3.930 3.914 3.910 3.909 3.906 3.902 3.901 3.897 3.901 4.002
0.00015547 -2.00000 10.13033 0.6901662946 2.3731746674    0.690 -0.128  3.7851  4.497    1  0.000  0.540     0.00     0.00 -1 -4.13e-17      0.00 8.472e-01 1.526e-01 1.911e-05 5.181e-06 4.717e-05 -1.000 1.480e-04 5.090 4.760 4.496 4.274 3.938 3.836 3.813 3.811 3.806 4.030 3.812 4.010 3.849 3.839 3.832 3.817 3.814 3.813 3.811 3.807 3.806 3.802 3.806 3.899
0.00015547 -2.00000 10.13033 0.6985668540 2.3772437572    0.698 -0.076  3.7896  4.468    1  0.000  0.540     0.00     0.00 -1 -2.53e-14      0.00 8.530e-01 1.468e-01 1.851e-05 5.021e-06 4.573e-05 -1.000 1.289e-04 4.960 4.637 4.380 4.163 3.835 3.738 3.716 3.715 3.709 3.926 3.716 3.905 3.749 3.740 3.734 3.720 3.718 3.717 3.714 3.710 3.709 3.705 3.709 3.797
0.00015547 -2.00000 10.13033 0.6999999881 2.3779268265    0.700 -0.067  3.7903  4.463    1  0.000  0.539     0.00     0.00 -1 -7.53e-14      0.00 8.540e-01 1.459e-01 1.840e-05 4.993e-06 4.549e-05 -1.000 1.161e-04 4.937 4.615 4.359 4.144 3.816 3.720 3.699 3.698 3.692 3.908 3.699 3.886 3.731 3.722 3.716 3.702 3.701 3.700 3.697 3.693 3.692 3.688 3.692 3.779
0.00015547 -2.00000 10.13033 0.7026779652 2.3791944981    0.702 -0.049  3.7917  4.453    1  0.000  0.539     0.00     0.00 -1 -7.91e-14      0.00 8.555e-01 1.444e-01 1.826e-05 4.958e-06 4.518e-05 -1.000 9.061e-05 4.894 4.575 4.321 4.106 3.781 3.687 3.666 3.665 3.659 3.873 3.666 3.850 3.697 3.689 3.683 3.669 3.668 3.667 3.664 3.660 3.659 3.655 3.659 3.745
0.00015547 -2.00000 10.13033 0.7096312046 2.3824346066    0.709 -0.002  3.7951  4.423    1  0.000  0.537     0.00     0.00 -1 -9.07e-14      0.00 8.589e-01 1.410e-01 1.793e-05 4.881e-06 4.451e-05 -1.000 6.938e-05 4.775 4.462 4.213 4.003 3.684 3.593 3.573 3.572 3.567 3.775 3.573 3.751 3.602 3.595 3.589 3.576 3.575 3.574 3.572 3.568 3.567 3.563 3.567 3.648
0.00015547 -2.00000 10.13033 0.7163670063 2.3855044842    0.716  0.047  3.7983  4.391    1  0.000  0.536     0.00     0.00 -1 -6.98e-14      0.00 8.618e-01 1.381e-01 1.767e-05 4.819e-06 4.397e-05 -1.000 1.522e-04 4.653 4.344 4.101 3.895 3.582 3.493 3.475 3.474 3.469 3.671 3.475 3.647 3.501 3.495 3.490 3.478 3.477 3.476 3.474 3.470 3.469 3.465 3.469 3.547
0.00015547 -2.00000 10.13033 0.7231029272 2.3885087967    0.723  0.100  3.8014  4.355    1  0.000  0.534     0.00     0.00 -1  -2.7e-22      0.00 8.644e-01 1.354e-01 1.743e-05 4.766e-06 4.351e-05 -1.000 1.258e-04 4.521 4.216 3.979 3.776 3.469 3.383 3.366 3.365 3.360 3.558 3.366 3.532 3.390 3.385 3.380 3.369 3.368 3.367 3.365 3.361 3.360 3.356 3.360 3.435
0.00015547 -2.00000 10.13033 0.7308856249 2.3919007778    0.730  0.167  3.8047  4.306    1  0.000  0.532     0.00     0.00 -1    -6e-20      0.00 8.671e-01 1.328e-01 1.719e-05 4.713e-06 4.307e-05 -1.000 1.099e-04 4.354 4.054 3.822 3.623 3.323 3.240 3.224 3.223 3.218 3.410 3.223 3.384 3.246 3.241 3.237 3.226 3.225 3.224 3.222 3.218 3.218 3.214 3.218 3.289
0.00015547 -2.00000 10.13033 0.7381594777 2.3949966431    0.737  0.236  3.8074  4.251    1  0.000  0.531     0.00     0.00 -1 -2.04e-17      0.00 8.689e-01 1.310e-01 1.705e-05 4.684e-06 4.283e-05 -1.000 9.003e-05 4.181 3.884 3.657 3.462 3.166 3.086 3.071 3.070 3.065 3.253 3.071 3.226 3.092 3.088 3.083 3.073 3.073 3.072 3.069 3.065 3.065 3.061 3.065 3.134
0.00015547 -2.00000 10.13033 0.7432761788 2.3971328735    0.742  0.289  3.8087  4.207    1  0.000  0.530     0.00     0.00 -1 -1.24e-15      0.00 8.699e-01 1.300e-01 1.697e-05 4.670e-06 4.272e-05 -1.000 1.000e-04 4.048 3.752 3.528 3.334 3.042 2.963 2.948 2.947 2.942 3.128 2.948 3.101 2.969 2.965 2.960 2.950 2.950 2.949 2.946 2.943 2.942 2.938 2.942 3.010
0.00015547 -2.00000 10.13033 0.7477177382 2.3989598751    0.747  0.339  3.8093  4.161    1  0.000  0.529     0.00     0.00 -1  -4.5e-14      0.00 8.703e-01 1.296e-01 1.696e-05 4.671e-06 4.274e-05 -1.000 1.000e-04 3.922 3.627 3.403 3.211 2.920 2.841 2.827 2.826 2.821 3.005 2.826 2.978 2.847 2.843 2.839 2.829 2.828 2.827 2.825 2.821 2.821 2.817 2.821 2.888
0.00015547 -2.00000 10.13033 0.7487519383 2.3993816376    0.748  0.351  3.8094  4.150    1  0.000  0.529     0.00     0.00 -1 -1.04e-13      0.00 8.703e-01 1.296e-01 1.695e-05 4.672e-06 4.275e-05 -1.000 9.994e-05 3.892 3.596 3.373 3.181 2.890 2.811 2.797 2.796 2.791 2.976 2.797 2.948 2.818 2.813 2.809 2.799 2.799 2.798 2.795 2.792 2.791 2.787 2.791 2.858
0.00015547 -2.00000 10.13033 0.7500000000 2.3998889923    0.749  0.367  3.8091  4.134    1  0.000  0.529     0.00     0.00 -1 -2.89e-13      0.00 8.704e-01 1.295e-01 1.695e-05 4.673e-06 4.277e-05 -1.000 9.996e-05 3.852 3.556 3.332 3.140 2.849 2.770 2.755 2.754 2.749 2.934 2.755 2.907 2.776 2.772 2.767 2.758 2.757 2.756 2.753 2.750 2.749 2.745 2.749 2.817
0.00015547 -2.00000 10.13033 0.7502123713 2.3999750614    0.749  0.370  3.8091  4.131    1  0.000  0.529     0.00     0.00 -1 -2.91e-13      0.00 8.703e-01 1.296e-01 1.696e-05 4.675e-06 4.279e-05 -1.000 9.999e-05 3.845 3.549 3.325 3.133 2.842 2.763 2.749 2.747 2.742 2.927 2.748 2.900 2.769 2.765 2.760 2.751 2.750 2.749 2.746 2.743 2.742 2.738 2.742 2.810
0.00015547 -2.00000 10.13033 0.7542375326 2.4015970230    0.753  0.425  3.8075  4.072    1  0.000  0.529     0.00     0.00 -1 -3.52e-13      0.00 8.692e-01 1.307e-01 1.711e-05 4.718e-06 4.317e-05 -1.000 9.993e-05 3.707 3.407 3.182 2.987 2.693 2.613 2.599 2.597 2.592 2.779 2.598 2.752 2.620 2.615 2.611 2.601 2.600 2.599 2.596 2.593 2.592 2.588 2.592 2.661
0.00015547 -2.00000 10.13033 0.7570547462 2.4027204514    0.756  0.470  3.8049  4.018    1  0.000  0.528     0.00     0.00 -1 -4.14e-13      0.00 8.684e-01 1.315e-01 1.722e-05 4.747e-06 4.345e-05 -1.000 9.996e-05 3.596 3.292 3.063 2.864 2.566 2.484 2.468 2.467 2.462 2.653 2.468 2.626 2.491 2.485 2.481 2.471 2.470 2.469 2.466 2.462 2.462 2.457 2.461 2.533
0.00015547 -2.00000 10.13033 0.7576555014 2.4029586315    0.756  0.480  3.8041  4.005    1  0.000  0.528     0.00     0.00 -1 -4.32e-13      0.00 8.683e-01 1.316e-01 1.724e-05 4.754e-06 4.350e-05 -1.000 9.994e-05 3.571 3.266 3.035 2.836 2.536 2.453 2.437 2.435 2.430 2.623 2.436 2.597 2.460 2.454 2.450 2.440 2.439 2.437 2.435 2.431 2.430 2.426 2.430 2.503
0.00015547 -2.00000 10.13033 0.7582311034 2.4031865597    0.757  0.491  3.8030  3.991    1  0.000  0.528     0.00     0.00 -1  -4.5e-13      0.00 8.681e-01 1.318e-01 1.727e-05 4.760e-06 4.356e-05 -1.000 9.993e-05 3.544 3.237 3.004 2.803 2.502 2.418 2.402 2.400 2.395 2.589 2.401 2.563 2.425 2.419 2.415 2.405 2.403 2.402 2.399 2.396 2.395 2.391 2.395 2.469
0.00015547 -2.00000 10.13033 0.7601684928 2.4039509296    0.759  0.530  3.7980  3.932    2  0.000  0.528     0.00     0.00 -1 -5.25e-13      0.00 8.676e-01 1.323e-01 1.734e-05 4.780e-06 4.374e-05 -1.000 1.000e-04 3.444 3.130 2.889 2.682 2.371 2.283 2.266 2.264 2.258 2.460 2.265 2.435 2.292 2.284 2.280 2.269 2.267 2.266 2.263 2.259 2.258 2.254 2.258 2.337
0.00015547 -2.00000 10.13033 0.7616524696 2.4045331478    0.760  0.566  3.7919  3.872    2  0.000  0.528     0.00     0.00 -1 -6.09e-13      0.00 8.672e-01 1.327e-01 1.740e-05 4.795e-06 4.389e-05 -1.000 9.991e-05 3.355 3.031 2.780 2.565 2.243 2.149 2.131 2.129 2.123 2.334 2.130 2.310 2.160 2.151 2.146 2.134 2.132 2.131 2.128 2.123 2.123 2.118 2.122 2.207
0.00015547 -2.00000 10.13033 0.7628158331 2.4049880505    0.761  0.599  3.7846  3.811    2  0.000  0.529     0.00     0.00 -1 -7.05e-13      0.00 8.663e-01 1.336e-01 1.753e-05 4.831e-06 4.421e-05 -1.000 1.249e-04 3.273 2.939 2.676 2.452 2.116 2.015 1.995 1.993 1.986 2.209 1.994 2.187 2.028 2.017 2.012 1.999 1.996 1.995 1.992 1.987 1.986 1.981 1.985 2.078
0.00015547 -2.00000 10.13033 0.7637544274 2.4053535461    0.762  0.629  3.7769  3.751    2  0.000  0.529     0.00     0.00 -1 -8.09e-13      0.00 8.558e-01 1.441e-01 1.873e-05 5.160e-06 4.719e-05 -1.000 1.203e-04 3.197 2.853 2.578 2.343 1.993 1.885 1.863 1.860 1.853 2.088 1.861 2.068 1.900 1.887 1.881 1.867 1.863 1.862 1.859 1.854 1.853 1.848 1.852 1.953
0.00015547 -2.00000 10.13033 0.7645422816 2.4056599140    0.763  0.657  3.7696  3.694    2  0.000  0.531     0.00     0.00 -1 -9.22e-13      0.00 8.325e-01 1.674e-01 2.112e-05 5.807e-06 5.303e-05 -1.000 1.227e-04 3.127 2.773 2.485 2.241 1.878 1.762 1.738 1.734 1.727 1.975 1.736 1.956 1.779 1.764 1.758 1.743 1.738 1.736 1.733 1.728 1.727 1.722 1.726 1.835
0.00015547 -2.00000 10.13033 0.7652375698 2.4059293270    0.764  0.687  3.7625  3.636    2  0.000  0.533     0.00     0.00 -1 -1.05e-12      0.00 8.078e-01 1.921e-01 2.351e-05 6.448e-06 5.876e-05 -1.000 1.068e-04 3.053 2.691 2.391 2.137 1.761 1.637 1.611 1.607 1.599 1.859 1.609 1.843 1.657 1.640 1.633 1.617 1.611 1.609 1.605 1.600 1.599 1.594 1.598 1.716
0.00015547 -2.00000 10.13033 0.7658547163 2.4061682224    0.764  0.719  3.7560  3.578    2  0.000  0.535     0.00     0.00 -1 -1.21e-12      0.00 7.921e-01 2.078e-01 2.499e-05 6.844e-06 6.230e-05 -1.000 1.101e-04 2.972 2.603 2.292 2.029 1.640 1.511 1.483 1.477 1.469 1.740 1.480 1.727 1.533 1.514 1.506 1.488 1.482 1.480 1.476 1.470 1.469 1.464 1.468 1.594
0.00015547 -2.00000 10.13033 0.7664660215 2.4064042568    0.765  0.761  3.7504  3.514    2  0.000  0.536     0.00     0.00 -1 -1.43e-12      0.00 7.822e-01 2.176e-01 2.593e-05 7.095e-06 6.454e-05 -1.000 1.601e-04 2.868 2.493 2.173 1.901 1.502 1.367 1.337 1.331 1.323 1.604 1.335 1.592 1.391 1.370 1.362 1.343 1.337 1.334 1.330 1.324 1.323 1.318 1.322 1.455
0.00015547 -2.00000 10.13033 0.7669487596 2.4065904617    0.765  0.800  3.7467  3.460    2  0.000  0.536     0.00     0.00 -1 -1.67e-12      0.00 7.772e-01 2.226e-01 2.641e-05 7.223e-06 6.568e-05 -1.000 1.636e-04 2.769 2.390 2.063 1.786 1.381 1.241 1.211 1.203 1.195 1.483 1.208 1.472 1.267 1.245 1.236 1.217 1.210 1.206 1.202 1.196 1.195 1.190 1.194 1.332
0.00015547 -2.00000 10.13033 0.7672787905 2.4067175388    0.766  0.830  3.7444  3.421    2  0.000  0.536     0.00     0.00 -1 -1.88e-12      0.00 7.746e-01 2.253e-01 2.665e-05 7.288e-06 6.627e-05 -1.000 1.637e-04 2.694 2.313 1.982 1.702 1.292 1.150 1.119 1.111 1.103 1.394 1.116 1.385 1.177 1.154 1.145 1.125 1.118 1.114 1.110 1.104 1.103 1.098 1.102 1.243
0.00015547 -2.00000 10.13033 0.7675721049 2.4068305492    0.766  0.860  3.7428  3.385    3  0.000  0.536     0.00     0.00 -1  -2.1e-12      0.00 7.728e-01 2.271e-01 2.682e-05 7.332e-06 6.666e-05 -1.000 1.560e-04 2.620 2.237 1.903 1.621 1.208 1.065 1.033 1.025 1.017 1.311 1.030 1.302 1.092 1.069 1.059 1.040 1.032 1.028 1.024 1.018 1.017 1.012 1.016 1.159
0.00015547 -2.00000 10.13033 0.7679567337 2.4069783688    0.766  0.901  3.7408  3.337    3  0.000  0.537     0.00     0.00 -1 -2.43e-12      0.00 7.706e-01 2.292e-01 2.700e-05 7.382e-06 6.711e-05 -1.000 1.550e-04 2.519 2.133 1.796 1.511 1.095 0.949 0.917 0.909 0.900 1.198 0.913 1.189 0.977 0.953 0.943 0.924 0.916 0.912 0.908 0.902 0.901 0.895 0.899 1.044
0.00015547 -2.00000 10.13033 0.7683441639 2.4071271420    0.766  0.944  3.7390  3.286    3  0.000  0.537     0.00     0.00 -1 -2.84e-12      0.00 7.686e-01 2.312e-01 2.716e-05 7.424e-06 6.748e-05 -1.000 1.328e-04 2.410 2.023 1.682 1.395 0.975 0.828 0.795 0.787 0.778 1.079 0.791 1.070 0.856 0.832 0.822 0.802 0.794 0.790 0.786 0.779 0.778 0.773 0.777 0.924
0.00015547 -2.00000 10.13033 0.7687153220 2.4072694778    0.767  0.988  3.7374  3.236    3  0.000  0.537     0.00     0.00 -1 -3.33e-12      0.00 7.669e-01 2.330e-01 2.728e-05 7.457e-06 6.778e-05 -1.000 1.632e-04 2.299 1.910 1.567 1.278 0.854 0.705 0.673 0.664 0.655 0.959 0.669 0.951 0.734 0.710 0.699 0.680 0.671 0.667 0.663 0.656 0.655 0.650 0.654 0.803
0.00015547 -2.00000 10.13033 0.7691097856 2.4074206352    0.767  1.039  3.7357  3.179    3  0.000  0.537     0.00     0.00 -1 -3.99e-12      0.00 7.652e-01 2.347e-01 2.739e-05 7.488e-06 6.806e-05 -1.000 1.637e-04 2.173 1.783 1.437 1.145 0.718 0.568 0.534 0.526 0.517 0.823 0.530 0.816 0.597 0.572 0.561 0.542 0.533 0.529 0.524 0.518 0.517 0.512 0.515 0.666
0.00015547 -2.00000 10.13033 0.7694408298 2.4075472355    0.767  1.084  3.7343  3.128    3  0.000  0.537     0.00     0.00 -1  -4.7e-12      0.00 7.637e-01 2.361e-01 2.748e-05 7.511e-06 6.826e-05 -1.000 1.636e-04 2.060 1.669 1.320 1.026 0.597 0.444 0.411 0.402 0.393 0.702 0.406 0.695 0.474 0.448 0.438 0.418 0.409 0.405 0.401 0.394 0.393 0.388 0.391 0.544
0.00015547 -2.00000 10.13033 0.7697757483 2.4076752663    0.768  1.133  3.7328  3.073    3  0.000  0.537     0.00     0.00 -1 -5.61e-12      0.00 7.624e-01 2.374e-01 2.755e-05 7.532e-06 6.844e-05 -1.000 1.562e-04 1.937 1.544 1.193 0.896 0.464 0.310 0.276 0.267 0.258 0.569 0.272 0.563 0.340 0.314 0.304 0.284 0.275 0.270 0.266 0.259 0.258 0.254 0.257 0.410
0.00015547 -2.00000 10.13033 0.7701043487 2.4078009129    0.768  1.186  3.7312  3.014    3  0.000  0.537     0.00     0.00 -1 -6.77e-12      0.00 7.611e-01 2.387e-01 2.761e-05 7.551e-06 6.860e-05 -1.000 1.579e-04 1.805 1.411 1.057 0.758 0.322 0.166 0.132 0.124 0.115 0.428 0.128 0.422 0.197 0.171 0.160 0.140 0.131 0.127 0.122 0.115 0.114 0.110 0.113 0.268
0.00015547 -2.00000 10.13033 0.7703695893 2.4079020023    0.768  1.233  3.7298  2.962    3  0.000  0.536     0.00     0.00 -1 -8.01e-12      0.00 7.601e-01 2.397e-01 2.764e-05 7.565e-06 6.871e-05 -1.000 1.628e-04 1.688 1.293 0.937 0.635 0.197 0.039 0.005 -0.004 -0.013 0.303 0.001 0.298 0.070 0.044 0.033 0.013 0.003 -0.001 -0.005 -0.012 -0.013 -0.018 -0.014 0.142
0.00015547 -2.00000 10.13033 0.7706254125 2.4079995155    0.768  1.282  3.7283  2.907    3  0.000  0.536     0.00     0.00 -1 -9.55e-12      0.00 7.592e-01 2.407e-01 2.766e-05 7.580e-06 6.881e-05 -1.000 1.637e-04 1.566 1.169 0.810 0.507 0.065 -0.094 -0.128 -0.137 -0.147 0.172 -0.132 0.167 -0.063 -0.089 -0.100 -0.120 -0.130 -0.134 -0.139 -0.146 -0.147 -0.151 -0.148 0.010
0.00015547 -2.00000 10.13033 0.7708553076 2.4080872536    0.768  1.330  3.7269  2.853    3  0.000  0.536     0.00     0.00 -1 -1.14e-11      0.00 7.583e-01 2.415e-01 2.766e-05 7.596e-06 6.888e-05 -1.000 1.600e-04 1.446 1.048 0.686 0.380 -0.064 -0.224 -0.259 -0.268 -0.278 0.043 -0.263 0.039 -0.193 -0.220 -0.231 -0.251 -0.261 -0.265 -0.270 -0.277 -0.278 -0.282 -0.279 -0.119
0.00015547 -2.00000 10.13033 0.7710635066 2.4081664085    0.768  1.377  3.7254  2.800    3  0.000  0.535     0.00     0.00 -1 -1.35e-11      0.00 7.577e-01 2.422e-01 2.766e-05 7.612e-06 6.894e-05 -1.000 1.424e-04 1.327 0.927 0.563 0.255 -0.192 -0.354 -0.389 -0.399 -0.408 -0.085 -0.394 -0.089 -0.322 -0.350 -0.361 -0.381 -0.392 -0.396 -0.400 -0.407 -0.409 -0.413 -0.409 -0.248
0.00015547 -2.00000 10.13033 0.7712498903 2.4082374573    0.768  1.424  3.7239  2.747    3  0.000  0.535     0.00     0.00 -1 -1.59e-11      0.00 7.571e-01 2.427e-01 2.765e-05 7.629e-06 6.899e-05 -1.000 1.520e-04 1.210 0.809 0.442 0.132 -0.318 -0.482 -0.517 -0.527 -0.536 -0.211 -0.521 -0.214 -0.449 -0.477 -0.488 -0.509 -0.519 -0.524 -0.528 -0.535 -0.537 -0.541 -0.537 -0.374
0.00015547 -2.00000 10.13033 0.7714262009 2.4083044529    0.768  1.473  3.7224  2.693    3  0.000  0.534     0.00     0.00 -1  -1.9e-11      0.00 7.566e-01 2.432e-01 2.764e-05 7.647e-06 6.903e-05 -1.000 1.636e-04 1.089 0.687 0.317 0.005 -0.449 -0.614 -0.649 -0.659 -0.669 -0.341 -0.654 -0.343 -0.581 -0.609 -0.620 -0.641 -0.652 -0.656 -0.661 -0.668 -0.669 -0.673 -0.670 -0.505
0.00015547 -2.00000 10.13033 0.7715828419 2.4083640575    0.768  1.520  3.7209  2.639    3  0.000  0.534     0.00     0.00 -1 -2.25e-11      0.00 7.563e-01 2.436e-01 2.762e-05 7.664e-06 6.905e-05 -1.000 1.637e-04 0.971 0.569 0.195 -0.120 -0.576 -0.743 -0.779 -0.789 -0.798 -0.468 -0.783 -0.470 -0.709 -0.738 -0.749 -0.771 -0.781 -0.786 -0.791 -0.798 -0.799 -0.802 -0.799 -0.633
0.00015547 -2.00000 10.13033 0.7717220187 2.4084169865    0.768  1.566  3.7193  2.587    3  0.000  0.533     0.00     0.00 -1 -2.66e-11      0.00 7.560e-01 2.438e-01 2.761e-05 7.676e-06 6.907e-05 -1.000 1.636e-04 0.856 0.453 0.077 -0.241 -0.700 -0.869 -0.905 -0.915 -0.924 -0.592 -0.910 -0.593 -0.835 -0.864 -0.875 -0.897 -0.908 -0.912 -0.917 -0.925 -0.925 -0.928 -0.925 -0.758
0.00015547 -2.00000 10.13033 0.7718480825 2.4084646702    0.768  1.611  3.7178  2.536    3  0.000  0.533     0.00     0.00 -1 -3.13e-11      0.00 7.559e-01 2.440e-01 2.760e-05 7.684e-06 6.908e-05 -1.000 1.435e-04 0.743 0.339 -0.040 -0.360 -0.823 -0.993 -1.029 -1.040 -1.049 -0.714 -1.034 -0.714 -0.959 -0.989 -1.000 -1.021 -1.032 -1.037 -1.042 -1.049 -1.050 -1.052 -1.050 -0.881
0.00015547 -2.00000 10.13033 0.7719662786 2.4085097313    0.768  1.657  3.7162  2.483    3  0.000  0.533     0.00     0.00 -1  -3.7e-11      0.00 7.558e-01 2.440e-01 2.760e-05 7.689e-06 6.909e-05 -1.000 1.636e-04 0.627 0.222 -0.160 -0.482 -0.949 -1.121 -1.157 -1.168 -1.177 -0.840 -1.162 -0.839 -1.086 -1.116 -1.127 -1.149 -1.160 -1.165 -1.170 -1.177 -1.178 -1.180 -1.178 -1.007
0.00015547 -2.00000 10.13033 0.7720706463 2.4085493088    0.768  1.702  3.7146  2.432    3  0.000  0.533     0.00     0.00 -1 -4.35e-11      0.00 7.558e-01 2.441e-01 2.760e-05 7.691e-06 6.909e-05 -1.000 1.637e-04 0.515 0.109 -0.276 -0.601 -1.070 -1.244 -1.281 -1.292 -1.301 -0.961 -1.286 -0.960 -1.208 -1.239 -1.251 -1.272 -1.284 -1.289 -1.294 -1.302 -1.302 -1.303 -1.301 -1.130
0.00015547 -2.00000 10.13033 0.7721670866 2.4085857868    0.767  1.747  3.7130  2.380    3  0.000  0.533     0.00     0.00 -1 -5.12e-11      0.00 7.558e-01 2.441e-01 2.760e-05 7.692e-06 6.909e-05 -1.000 1.636e-04 0.403 -0.004 -0.393 -0.720 -1.192 -1.368 -1.405 -1.417 -1.425 -1.083 -1.410 -1.081 -1.332 -1.363 -1.375 -1.396 -1.408 -1.414 -1.419 -1.426 -1.426 -1.428 -1.426 -1.252
0.00015547 -2.00000 10.13033 0.7722556591 2.4086194038    0.767  1.792  3.7114  2.329    3  0.000  0.533     0.00     0.00 -1 -6.02e-11      0.00 7.558e-01 2.441e-01 2.760e-05 7.692e-06 6.910e-05 -1.000 1.637e-04 0.290 -0.118 -0.510 -0.839 -1.315 -1.492 -1.529 -1.541 -1.550 -1.205 -1.535 -1.202 -1.455 -1.487 -1.499 -1.521 -1.533 -1.538 -1.543 -1.551 -1.551 -1.552 -1.550 -1.375
0.00015547 -2.00000 10.13033 0.7723342776 2.4086492062    0.767  1.835  3.7098  2.279    3  0.000  0.533     0.00     0.00 -1 -7.29e-15      0.00 7.558e-01 2.441e-01 2.760e-05 7.693e-06 6.910e-05 -1.000 1.636e-04 0.182 -0.227 -0.622 -0.954 -1.433 -1.613 -1.650 -1.662 -1.671 -1.323 -1.656 -1.320 -1.575 -1.607 -1.619 -1.641 -1.653 -1.659 -1.664 -1.672 -1.672 -1.672 -1.671 -1.494
0.00015547 -2.00000 10.13033 0.7724069953 2.4086768627    0.767  1.879  3.7082  2.229    3  0.000  0.533     0.00     0.00 -1 -3.83e-17      0.00 7.558e-01 2.441e-01 2.760e-05 7.693e-06 6.910e-05 -1.000 1.636e-04 0.073 -0.336 -0.735 -1.069 -1.551 -1.732 -1.770 -1.783 -1.791 -1.441 -1.776 -1.437 -1.694 -1.727 -1.739 -1.761 -1.774 -1.780 -1.785 -1.793 -1.792 -1.792 -1.791 -1.613
0.00015547 -2.00000 10.13033 0.7724768519 2.4087033272    0.767  1.924  3.7065  2.177    3  0.000  0.533     0.00     0.00 -1 -1.28e-17      0.00 7.557e-01 2.441e-01 2.760e-05 7.693e-06 6.910e-05 -1.000 1.636e-04 -0.039 -0.449 -0.851 -1.188 -1.674 -1.857 -1.895 -1.908 -1.916 -1.563 -1.901 -1.559 -1.819 -1.852 -1.864 -1.886 -1.899 -1.905 -1.910 -1.918 -1.918 -1.917 -1.916 -1.736
0.00015547 -2.00000 10.13033 0.7725366354 2.4087259769    0.766  1.965  3.7049  2.129    3  0.000  0.533     0.00     0.00 -1 -1.46e-17      0.00 7.557e-01 2.441e-01 2.760e-05 7.694e-06 6.910e-05 -1.000 1.636e-04 -0.144 -0.554 -0.959 -1.299 -1.788 -1.973 -2.012 -2.025 -2.033 -1.678 -2.018 -1.672 -1.934 -1.968 -1.980 -2.003 -2.016 -2.022 -2.027 -2.035 -2.035 -2.033 -2.032 -1.851
0.00015547 -2.00000 10.13033 0.7725918889 2.4087469578    0.766  2.007  3.7033  2.080    3  0.000  0.533     0.00     0.00 -1 -1.67e-17      0.00 7.557e-01 2.441e-01 2.760e-05 7.694e-06 6.910e-05 -1.000 1.636e-04 -0.248 -0.659 -1.067 -1.410 -1.902 -2.089 -2.128 -2.142 -2.149 -1.791 -2.134 -1.785 -2.050 -2.084 -2.096 -2.119 -2.132 -2.138 -2.144 -2.152 -2.151 -2.149 -2.149 -1.966
0.00015547 -2.00000 10.13033 0.7726446986 2.4087669849    0.766  2.050  3.7016  2.031    3  0.000  0.533     0.00     0.00 -1 -1.91e-17      0.00 7.557e-01 2.441e-01 2.760e-05 7.694e-06 6.910e-05 -1.000 1.636e-04 -0.355 -0.766 -1.178 -1.523 -2.020 -2.208 -2.248 -2.261 -2.268 -1.908 -2.254 -1.901 -2.168 -2.203 -2.216 -2.238 -2.252 -2.258 -2.263 -2.271 -2.270 -2.268 -2.268 -2.083
0.00015547 -2.00000 10.13033 0.7726908326 2.4087843895    0.766  2.090  3.6999  1.984    3  0.000  0.533     0.00     0.00 -1 -2.15e-17      0.00 7.557e-01 2.441e-01 2.760e-05 7.694e-06 6.910e-05 -1.000 1.637e-04 -0.454 -0.866 -1.282 -1.630 -2.130 -2.320 -2.360 -2.374 -2.381 -2.018 -2.366 -2.010 -2.280 -2.315 -2.328 -2.350 -2.364 -2.370 -2.376 -2.384 -2.383 -2.380 -2.380 -2.194
0.00015547 -2.00000 10.13033 0.7727340460 2.4088008404    0.765  2.129  3.6983  1.938    3  0.000  0.533     0.00     0.00 -1 -2.43e-17      0.00 7.557e-01 2.441e-01 2.760e-05 7.694e-06 6.910e-05 -1.000 1.636e-04 -0.552 -0.965 -1.384 -1.734 -2.238 -2.430 -2.470 -2.484 -2.491 -2.125 -2.476 -2.117 -2.389 -2.424 -2.437 -2.460 -2.474 -2.480 -2.486 -2.494 -2.493 -2.489 -2.490 -2.302
0.00015547 -2.00000 10.13033 0.7727789879 2.4088177681    0.765  2.167  3.6969  1.894    3  0.000  0.533     0.00     0.00 -1 -2.73e-17      0.00 7.557e-01 2.441e-01 2.760e-05 7.695e-06 6.910e-05 -1.000 1.636e-04 -0.648 -1.061 -1.483 -1.836 -2.342 -2.536 -2.577 -2.591 -2.597 -2.230 -2.583 -2.220 -2.494 -2.530 -2.544 -2.566 -2.581 -2.587 -2.593 -2.601 -2.600 -2.596 -2.596 -2.407
0.00015547 -2.00000 10.13033 0.7728287578 2.4088366032    0.765  2.197  3.6957  1.860    3  0.000  0.533     0.00     0.00 -1 -3.03e-17      0.00 7.557e-01 2.441e-01 2.760e-05 7.695e-06 6.910e-05 -1.000 1.636e-04 -0.722 -1.136 -1.560 -1.914 -2.423 -2.618 -2.659 -2.673 -2.680 -2.310 -2.665 -2.300 -2.576 -2.612 -2.626 -2.648 -2.663 -2.670 -2.675 -2.684 -2.682 -2.678 -2.678 -2.488
0.00015547 -2.00000 10.13033 0.7728511691 2.4088451862    0.764  2.191  3.6962  1.867    3  0.000  0.533     0.00     0.00 -1 -3.04e-17      0.00 7.557e-01 2.441e-01 2.760e-05 7.695e-06 6.910e-05 -1.000 1.637e-04 -0.708 -1.122 -1.545 -1.899 -2.407 -2.602 -2.643 -2.657 -2.663 -2.294 -2.649 -2.285 -2.560 -2.596 -2.609 -2.632 -2.647 -2.653 -2.659 -2.667 -2.666 -2.661 -2.662 -2.472
0.00015547 -2.00000 10.13033 0.7728570104 2.4088473320    0.764  2.198  3.6959  1.859    3  0.000  0.533     0.00     0.00 -1  -3.1e-17      0.00 7.557e-01 2.441e-01 2.760e-05 7.695e-06 6.910e-05 -1.000 1.636e-04 -0.724 -1.138 -1.562 -1.916 -2.424 -2.619 -2.660 -2.674 -2.681 -2.312 -2.666 -2.302 -2.577 -2.614 -2.627 -2.650 -2.664 -2.671 -2.676 -2.685 -2.683 -2.679 -2.680 -2.490
0.00015547 -2.00000 10.13033 0.7728892565 2.4088594913    0.764  2.239  3.6940  1.810    3  0.000  0.533     0.00     0.00 -1 -3.47e-17      0.00 7.557e-01 2.441e-01 2.760e-05 7.695e-06 6.911e-05 -1.000 1.636e-04 -0.827 -1.241 -1.669 -2.027 -2.539 -2.736 -2.777 -2.792 -2.797 -2.426 -2.784 -2.415 -2.693 -2.730 -2.744 -2.766 -2.782 -2.788 -2.794 -2.802 -2.800 -2.795 -2.796 -2.605
0.00015547 -2.00000 10.13033 0.7729218602 2.4088718891    0.764  2.283  3.6923  1.759    3  0.000  0.533     0.00     0.00 -1 -3.93e-17      0.00 7.557e-01 2.441e-01 2.760e-05 7.695e-06 6.911e-05 -1.000 1.636e-04 -0.937 -1.351 -1.783 -2.144 -2.659 -2.858 -2.900 -2.915 -2.920 -2.546 -2.907 -2.535 -2.815 -2.853 -2.866 -2.889 -2.905 -2.911 -2.917 -2.926 -2.924 -2.916 -2.918 -2.726
0.00015547 -2.00000 10.13033 0.7729495764 2.4088823795    0.763  2.323  3.6904  1.711    3  0.000  0.533     0.00     0.00 -1  -4.4e-17      0.00 7.557e-01 2.441e-01 2.760e-05 7.696e-06 6.911e-05 -1.000 1.636e-04 -1.037 -1.451 -1.887 -2.251 -2.770 -2.972 -3.014 -3.029 -3.034 -2.657 -3.021 -2.644 -2.928 -2.966 -2.980 -3.002 -3.019 -3.025 -3.031 -3.040 -3.037 -3.029 -3.031 -2.838
0.00015547 -2.00000 10.13033 0.7729767561 2.4088926315    0.763  2.365  3.6885  1.662    3  0.000  0.533     0.00     0.00 -1 -4.94e-17      0.00 7.557e-01 2.441e-01 2.760e-05 7.696e-06 6.911e-05 -1.000 1.636e-04 -1.142 -1.556 -1.996 -2.363 -2.887 -3.090 -3.133 -3.149 -3.153 -2.773 -3.140 -2.760 -3.046 -3.084 -3.098 -3.121 -3.138 -3.145 -3.151 -3.160 -3.156 -3.146 -3.149 -2.955
0.00015547 -2.00000 10.13033 0.7730022073 2.4089024067    0.762  2.407  3.6867  1.612    3  0.000  0.533     0.00     0.00 -1 -5.55e-17      0.00 7.557e-01 2.441e-01 2.760e-05 7.696e-06 6.911e-05 -1.000 1.636e-04 -1.247 -1.661 -2.105 -2.475 -3.003 -3.208 -3.251 -3.267 -3.271 -2.889 -3.259 -2.874 -3.163 -3.203 -3.216 -3.239 -3.257 -3.263 -3.270 -3.279 -3.275 -3.263 -3.266 -3.071
0.00015547 -2.00000 10.13033 0.7730244398 2.4089107513    0.762  2.446  3.6848  1.565    3  0.000  0.533     0.00     0.00 -1  -6.2e-17      0.00 7.557e-01 2.441e-01 2.760e-05 7.696e-06 6.911e-05 -1.000 1.637e-04 -1.346 -1.759 -2.208 -2.581 -3.113 -3.321 -3.365 -3.381 -3.384 -2.999 -3.372 -2.983 -3.275 -3.315 -3.329 -3.352 -3.370 -3.377 -3.383 -3.392 -3.388 -3.375 -3.378 -3.182
0.00015547 -2.00000 10.13033 0.7730464339 2.4089190960    0.761  2.489  3.6829  1.515    3  0.000  0.533     0.00     0.00 -1 -6.95e-17      0.00 7.557e-01 2.441e-01 2.760e-05 7.696e-06 6.911e-05 -1.000 1.637e-04 -1.451 -1.864 -2.317 -2.693 -3.230 -3.440 -3.484 -3.500 -3.503 -3.115 -3.491 -3.099 -3.393 -3.434 -3.448 -3.471 -3.489 -3.496 -3.503 -3.512 -3.507 -3.493 -3.497 -3.300
0.00015547 -2.00000 10.13033 0.7730660439 2.4089264870    0.760  2.529  3.6810  1.467    3  0.000  0.533     0.00     0.00 -1 -7.74e-17      0.00 7.557e-01 2.441e-01 2.760e-05 7.696e-06 6.911e-05 -1.000 1.636e-04 -1.552 -1.964 -2.421 -2.801 -3.342 -3.554 -3.598 -3.615 -3.617 -3.227 -3.606 -3.209 -3.507 -3.548 -3.562 -3.585 -3.604 -3.611 -3.618 -3.627 -3.622 -3.605 -3.610 -3.412
0.00015547 -2.00000 10.13033 0.7730842829 2.4089334011    0.760  2.569  3.6791  1.418    3  0.000  0.533     0.00     0.00 -1 -8.62e-17      0.00 7.557e-01 2.441e-01 2.760e-05 7.696e-06 6.911e-05 -1.000 1.636e-04 -1.652 -2.063 -2.525 -2.908 -3.453 -3.668 -3.712 -3.730 -3.731 -3.338 -3.720 -3.319 -3.619 -3.661 -3.676 -3.698 -3.719 -3.726 -3.733 -3.742 -3.736 -3.718 -3.723 -3.524
0.00015547 -2.00000 10.13033 0.7731016278 2.4089398384    0.759  2.609  3.6772  1.370    3  0.000  0.533     0.00     0.00 -1 -9.61e-17      0.00 7.557e-01 2.441e-01 2.760e-05 7.696e-06 6.911e-05 -1.000 1.637e-04 -1.753 -2.163 -2.630 -3.017 -3.566 -3.783 -3.828 -3.847 -3.846 -3.451 -3.837 -3.431 -3.734 -3.777 -3.792 -3.814 -3.835 -3.842 -3.849 -3.859 -3.853 -3.832 -3.837 -3.638
0.00015547 -2.00000 10.13033 0.7731203437 2.4089469910    0.758  2.657  3.6748  1.312    3  0.000  0.533     0.00     0.00 -1 -1.09e-16      0.00 7.557e-01 2.441e-01 2.760e-05 7.696e-06 6.911e-05 -1.000 1.636e-04 -1.871 -2.280 -2.753 -3.144 -3.699 -3.919 -3.964 -3.983 -3.981 -3.583 -3.972 -3.562 -3.868 -3.912 -3.927 -3.949 -3.971 -3.979 -3.986 -3.995 -3.989 -3.965 -3.971 -3.771
0.00015547 -2.00000 10.13033 0.7731354237 2.4089527130    0.757  2.698  3.6728  1.263    3  0.000  0.533     0.00     0.00 -1 -1.21e-16      0.00 7.557e-01 2.441e-01 2.760e-05 7.696e-06 6.911e-05 -1.000 1.636e-04 -1.974 -2.381 -2.859 -3.255 -3.813 -4.035 -4.081 -4.101 -4.098 -3.697 -4.090 -3.676 -3.985 -4.028 -4.045 -4.065 -4.089 -4.097 -4.104 -4.113 -4.106 -4.080 -4.087 -3.887
0.00015547 -2.00000 10.13033 0.7731509209 2.4089586735    0.756  2.743  3.6704  1.207    3  0.000  0.533     0.00     0.00 -1 -1.37e-16      0.00 7.557e-01 2.442e-01 2.760e-05 7.696e-06 6.911e-05 -1.000 1.637e-04 -2.088 -2.493 -2.978 -3.378 -3.942 -4.167 -4.213 -4.233 -4.230 -3.825 -4.222 -3.802 -4.115 -4.159 -4.176 -4.196 -4.221 -4.229 -4.236 -4.246 -4.238 -4.209 -4.216 -4.016
0.00015547 -2.00000 10.13033 0.7731637359 2.4089634418    0.755  2.784  3.6684  1.158    3  0.000  0.533     0.00     0.00 -1 -1.52e-16      0.00 7.557e-01 2.442e-01 2.760e-05 7.697e-06 6.911e-05 -1.000 1.637e-04 -2.189 -2.593 -3.083 -3.486 -4.055 -4.282 -4.329 -4.350 -4.345 -3.937 -4.338 -3.914 -4.229 -4.275 -4.291 -4.311 -4.337 -4.345 -4.352 -4.362 -4.354 -4.322 -4.330 -4.129
0.00015547 -2.00000 10.13033 0.7731767297 2.4089682102    0.754  2.828  3.6659  1.103    3  0.000  0.533     0.00     0.00 -1 -1.71e-16      0.00 7.557e-01 2.442e-01 2.760e-05 7.697e-06 6.911e-05 -1.000 1.637e-04 -2.299 -2.700 -3.197 -3.606 -4.180 -4.411 -4.457 -4.479 -4.473 -4.063 -4.467 -4.038 -4.357 -4.403 -4.420 -4.439 -4.467 -4.475 -4.482 -4.492 -4.483 -4.447 -4.456 -4.256
0.00015547 -2.00000 10.13033 0.7731875777 2.4089725018    0.753  2.867  3.6640  1.055    3  0.000  0.533     0.00     0.00 -1 -1.89e-16      0.00 7.557e-01 2.442e-01 2.760e-05 7.697e-06 6.911e-05 -1.000 1.637e-04 -2.397 -2.796 -3.299 -3.711 -4.290 -4.522 -4.569 -4.592 -4.585 -4.172 -4.579 -4.146 -4.468 -4.515 -4.532 -4.549 -4.580 -4.588 -4.595 -4.605 -4.596 -4.556 -4.566 -4.366
0.00015547 -2.00000 10.13033 0.7731989622 2.4089767933    0.751  2.911  3.6614  1.000    3  0.000  0.533     0.00     0.00 -1 -2.12e-16      0.00 7.557e-01 2.442e-01 2.760e-05 7.697e-06 6.911e-05 -1.000 1.636e-04 -2.508 -2.904 -3.413 -3.831 -4.416 -4.652 -4.699 -4.723 -4.713 -4.298 -4.709 -4.271 -4.596 -4.644 -4.661 -4.677 -4.710 -4.718 -4.725 -4.736 -4.726 -4.681 -4.693 -4.493
0.00015547 -2.00000 10.13033 0.7732104659 2.4089810848    0.749  2.960  3.6589  0.941    3  0.000  0.533     0.00     0.00 -1  -2.4e-16      0.00 7.557e-01 2.442e-01 2.760e-05 7.697e-06 6.911e-05 -1.000 1.636e-04 -2.629 -3.021 -3.539 -3.961 -4.552 -4.791 -4.838 -4.863 -4.852 -4.433 -4.849 -4.406 -4.734 -4.783 -4.801 -4.815 -4.850 -4.859 -4.866 -4.877 -4.866 -4.817 -4.830 -4.630
0.00015547 -2.00000 10.13033 0.7732198238 2.4089846611    0.747  3.002  3.6564  0.887    3  0.000  0.533     0.00     0.00 -1 -2.67e-16      0.00 7.557e-01 2.442e-01 2.760e-05 7.697e-06 6.911e-05 -1.000 1.637e-04 -2.734 -3.123 -3.649 -4.077 -4.673 -4.915 -4.962 -4.989 -4.976 -4.554 -4.974 -4.525 -4.856 -4.906 -4.925 -4.938 -4.976 -4.984 -4.992 -5.003 -4.991 -4.937 -4.952 -4.752
0.00015547 -2.00000 10.13033 0.7732278705 2.4089877605    0.746  3.040  3.6543  0.840    3  0.000  0.533     0.00     0.00 -1 -2.95e-16      0.00 7.557e-01 2.442e-01 2.760e-05 7.697e-06 6.911e-05 -1.000 1.636e-04 -2.830 -3.217 -3.749 -4.181 -4.782 -5.026 -5.074 -5.102 -5.087 -4.663 -5.086 -4.633 -4.967 -5.017 -5.036 -5.048 -5.088 -5.096 -5.104 -5.116 -5.103 -5.045 -5.061 -4.862
0.00015547 -2.00000 10.13033 0.7732361555 2.4089908600    0.744  3.082  3.6517  0.786    3  0.000  0.533     0.00     0.00 -1 -3.29e-16      0.00 7.557e-01 2.442e-01 2.760e-05 7.697e-06 6.911e-05 -1.000 1.637e-04 -2.936 -3.316 -3.857 -4.295 -4.903 -5.150 -5.197 -5.227 -5.211 -4.783 -5.210 -4.752 -5.089 -5.141 -5.161 -5.169 -5.213 -5.222 -5.230 -5.242 -5.228 -5.166 -5.183 -4.984
0.00015547 -2.00000 10.13033 0.7732446194 2.4089939594    0.741  3.129  3.6491  0.728    3  0.000  0.533     0.00     0.00 -1 -3.69e-16      0.00 7.557e-01 2.442e-01 2.760e-05 7.697e-06 6.911e-05 -1.000 1.636e-04 -3.051 -3.424 -3.974 -4.419 -5.034 -5.284 -5.331 -5.363 -5.345 -4.913 -5.345 -4.881 -5.222 -5.275 -5.295 -5.301 -5.349 -5.357 -5.366 -5.378 -5.364 -5.296 -5.314 -5.115
0.00015547 -2.00000 10.13033 0.7732517719 2.4089968204    0.739  3.170  3.6466  0.675    3  0.000  0.533     0.00     0.00 -1 -4.11e-16      0.00 7.557e-01 2.442e-01 2.760e-05 7.697e-06 6.911e-05 -1.000 1.636e-04 -3.155 -3.520 -4.080 -4.531 -5.152 -5.406 -5.453 -5.487 -5.467 -5.031 -5.467 -4.998 -5.342 -5.397 -5.417 -5.420 -5.472 -5.480 -5.489 -5.502 -5.487 -5.414 -5.434 -5.235
0.00015547 -2.00000 10.13033 0.7732589245 2.4089994431    0.736  3.214  3.6440  0.619    3  0.000  0.533     0.00     0.00 -1 -4.59e-16      0.00 7.557e-01 2.442e-01 2.760e-05 7.697e-06 6.911e-05 -1.000 1.636e-04 -3.265 -3.622 -4.192 -4.649 -5.277 -5.534 -5.580 -5.616 -5.595 -5.156 -5.596 -5.121 -5.469 -5.524 -5.546 -5.545 -5.601 -5.610 -5.619 -5.632 -5.616 -5.538 -5.559 -5.360
0.00015547 -2.00000 10.13033 0.7732656002 2.4090018272    0.733  3.255  3.6416  0.566    3  0.000  0.533     0.00     0.00 -1  -5.1e-16      0.00 7.557e-01 2.442e-01 2.760e-05 7.697e-06 6.911e-05 -1.000 1.636e-04 -3.368 -3.718 -4.297 -4.761 -5.395 -5.655 -5.701 -5.739 -5.715 -5.273 -5.717 -5.237 -5.589 -5.645 -5.667 -5.663 -5.723 -5.732 -5.741 -5.755 -5.739 -5.655 -5.677 -5.479
0.00015547 -2.00000 10.13033 0.7732674479 2.4090025425    0.732  3.266  3.6410  0.553    3  0.000  0.533     0.00     0.00 -1 -5.26e-16      0.00 7.557e-01 2.442e-01 2.760e-05 7.697e-06 6.911e-05 -1.000 1.636e-04 -3.394 -3.743 -4.324 -4.789 -5.425 -5.686 -5.731 -5.770 -5.746 -5.303 -5.748 -5.266 -5.619 -5.676 -5.698 -5.693 -5.754 -5.763 -5.772 -5.786 -5.770 -5.684 -5.707 -5.509
0.00015547 -2.00000 10.13033 0.7732674479 2.4090025425    0.711  1.642  3.9497  3.399    4  0.000  0.532     0.00     0.00 -1    -1e-30      0.00 7.549e-01 2.450e-01 2.759e-05 7.739e-06 6.924e-05 -1.000 1.636e-04 0.666 0.711 0.673 0.659 0.644 0.632 0.628 0.627 0.623 0.646 0.628 0.648 0.635 0.631 0.632 0.631 0.626 0.628 0.628 0.624 0.623 0.623 0.623 0.641
0.00015547 -2.00000 10.13033 0.7732687593 2.4090030193    0.711  1.653  3.9436  3.364    4  0.000  0.532     0.00     0.00 -1    -1e-30      0.00 7.549e-01 2.450e-01 2.759e-05 7.739e-06 6.924e-05 -1.000 1.637e-04 0.638 0.657 0.613 0.593 0.573 0.559 0.554 0.553 0.549 0.577 0.554 0.579 0.564 0.559 0.560 0.558 0.552 0.554 0.554 0.550 0.549 0.548 0.548 0.570
0.00015547 -2.00000 10.13033 0.7733155489 2.4090209007    0.711  1.666  3.9374  3.326    4  0.000  0.532     0.00     0.00 -1    -1e-30      0.00 7.549e-01 2.450e-01 2.759e-05 7.739e-06 6.924e-05 -1.000 1.637e-04 0.606 0.599 0.548 0.522 0.497 0.481 0.475 0.473 0.469 0.502 0.474 0.504 0.486 0.480 0.481 0.479 0.473 0.474 0.474 0.470 0.469 0.468 0.468 0.493
0.00015547 -2.00000 10.13033 0.7733634710 2.4090390205    0.711  1.666  3.9376  3.326    4  0.000  0.532     0.00     0.00 -1    -1e-30      0.00 7.549e-01 2.450e-01 2.759e-05 7.739e-06 6.924e-05 -1.000 1.636e-04 0.605 0.599 0.547 0.522 0.497 0.481 0.475 0.474 0.469 0.503 0.475 0.504 0.486 0.481 0.481 0.479 0.473 0.475 0.474 0.470 0.469 0.468 0.468 0.493
0.00015547 -2.00000 10.13033 0.7734129429 2.4090576172    0.711  1.666  3.9380  3.328    4  0.000  0.532     0.00     0.00 -1    -1e-30      0.00 7.549e-01 2.450e-01 2.759e-05 7.739e-06 6.924e-05 -1.000 1.636e-04 0.605 0.601 0.550 0.526 0.501 0.485 0.479 0.477 0.473 0.506 0.478 0.507 0.490 0.484 0.485 0.483 0.477 0.479 0.478 0.474 0.473 0.472 0.472 0.497
0.00015547 -2.00000 10.13033 0.7734625936 2.4090764523    0.711  1.666  3.9382  3.329    4  0.000  0.532     0.00     0.00 -1    -1e-30      0.00 7.549e-01 2.450e-01 2.759e-05 7.739e-06 6.924e-05 -1.000 1.637e-04 0.606 0.602 0.552 0.527 0.503 0.487 0.481 0.480 0.475 0.508 0.481 0.509 0.492 0.487 0.487 0.485 0.479 0.481 0.480 0.476 0.475 0.474 0.474 0.499
0.00015547 -2.00000 10.13033 0.7735123634 2.4090952873    0.711  1.666  3.9382  3.329    4  0.000  0.532     0.00     0.00 -1    -1e-30      0.00 7.549e-01 2.450e-01 2.759e-05 7.739e-06 6.924e-05 -1.000 1.637e-04 0.606 0.602 0.552 0.527 0.503 0.487 0.481 0.480 0.475 0.508 0.481 0.509 0.492 0.487 0.487 0.485 0.479 0.481 0.480 0.476 0.475 0.474 0.474 0.499
0.00015547 -2.00000 10.13033 0.7735626698 2.4091141224    0.712  1.666  3.9379  3.328    4  0.000  0.532     0.00     0.00 -1    -1e-30      0.00 7.549e-01 2.450e-01 2.759e-05 7.739e-06 6.924e-05 -1.000 1.637e-04 0.606 0.601 0.550 0.525 0.501 0.485 0.479 0.477 0.473 0.506 0.478 0.507 0.490 0.484 0.485 0.483 0.477 0.478 0.478 0.474 0.472 0.472 0.472 0.496
0.00015547 -2.00000 10.13033 0.7736137509 2.4091334343    0.712  1.666  3.9373  3.325    4  0.000  0.532     0.00     0.00 -1    -1e-30      0.00 7.549e-01 2.450e-01 2.759e-05 7.739e-06 6.924e-05 -1.000 1.637e-04 0.605 0.597 0.546 0.521 0.495 0.479 0.473 0.471 0.467 0.501 0.472 0.502 0.484 0.478 0.479 0.477 0.471 0.473 0.472 0.468 0.467 0.466 0.466 0.491
0.00015547 -2.00000 10.13033 0.7736647129 2.4091527462    0.712  1.667  3.9363  3.321    4  0.000  0.532     0.00     0.00 -1    -1e-30      0.00 7.549e-01 2.450e-01 2.759e-05 7.739e-06 6.924e-05 -1.000 1.637e-04 0.603 0.592 0.540 0.513 0.487 0.471 0.465 0.463 0.458 0.493 0.464 0.494 0.476 0.470 0.471 0.469 0.462 0.464 0.464 0.459 0.458 0.457 0.458 0.483
0.00015547 -2.00000 10.13033 0.7737130523 2.4091711044    0.712  1.668  3.9350  3.315    4  0.000  0.532     0.00     0.00 -1    -1e-30      0.00 7.549e-01 2.450e-01 2.759e-05 7.739e-06 6.924e-05 -1.000 1.636e-04 0.601 0.584 0.530 0.503 0.475 0.458 0.452 0.450 0.445 0.481 0.451 0.482 0.464 0.458 0.458 0.456 0.449 0.451 0.451 0.446 0.445 0.444 0.444 0.471
0.00015547 -2.00000 10.13033 0.7737619877 2.4091894627    0.712  1.669  3.9332  3.306    4  0.000  0.532     0.00     0.00 -1    -1e-30      0.00 7.549e-01 2.450e-01 2.759e-05 7.739e-06 6.924e-05 -1.000 1.636e-04 0.598 0.574 0.518 0.489 0.460 0.442 0.435 0.434 0.429 0.466 0.435 0.467 0.448 0.442 0.442 0.440 0.433 0.435 0.434 0.430 0.429 0.428 0.428 0.455
0.00015547 -2.00000 10.13033 0.7738097906 2.4092075825    0.712  1.670  3.9310  3.296    4  0.000  0.532     0.00     0.00 -1    -1e-30      0.00 7.549e-01 2.450e-01 2.759e-05 7.739e-06 6.924e-05 -1.000 1.636e-04 0.594 0.561 0.503 0.472 0.440 0.422 0.415 0.413 0.408 0.448 0.414 0.448 0.428 0.421 0.422 0.419 0.412 0.414 0.413 0.409 0.408 0.407 0.407 0.435
0.00015547 -2.00000 10.13033 0.7738580108 2.4092257023    0.712  1.672  3.9283  3.283    4  0.000  0.532     0.00     0.00 -1    -1e-30      0.00 7.549e-01 2.450e-01 2.759e-05 7.739e-06 6.924e-05 -1.000 1.637e-04 0.590 0.546 0.486 0.451 0.417 0.397 0.390 0.388 0.383 0.425 0.389 0.425 0.404 0.397 0.397 0.394 0.388 0.389 0.388 0.384 0.382 0.381 0.382 0.412
0.00015547 -2.00000 10.13033 0.7739046812 2.4092433453    0.712  1.674  3.9252  3.269    4  0.000  0.532     0.00     0.00 -1    -1e-30      0.00 7.549e-01 2.450e-01 2.759e-05 7.739e-06 6.924e-05 -1.000 1.637e-04 0.584 0.529 0.465 0.427 0.390 0.369 0.361 0.359 0.354 0.399 0.360 0.398 0.375 0.369 0.369 0.366 0.359 0.360 0.359 0.354 0.353 0.352 0.353 0.384
0.00015547 -2.00000 10.13033 0.7739518881 2.4092612267    0.712  1.677  3.9215  3.252    4  0.000  0.532     0.00     0.00 -1    -1e-30      0.00 7.549e-01 2.450e-01 2.759e-05 7.739e-06 6.924e-05 -1.000 1.637e-04 0.578 0.508 0.441 0.399 0.357 0.335 0.327 0.324 0.319 0.368 0.326 0.366 0.342 0.335 0.335 0.331 0.324 0.326 0.324 0.320 0.318 0.317 0.318 0.351
0.00015547 -2.00000 10.13033 0.7739984989 2.4092788696    0.712  1.680  3.9173  3.232    4  0.000  0.532     0.00     0.00 -1    -1e-30      0.00 7.549e-01 2.450e-01 2.759e-05 7.739e-06 6.924e-05 -1.000 1.637e-04 0.570 0.485 0.413 0.367 0.320 0.297 0.288 0.285 0.279 0.332 0.286 0.330 0.304 0.297 0.296 0.292 0.285 0.286 0.285 0.280 0.279 0.277 0.278 0.314
0.00015547 -2.00000 10.13033 0.7740493417 2.4092979431    0.712  1.684  3.9123  3.208    4  0.000  0.532     0.00     0.00 -1    -1e-30      0.00 7.549e-01 2.450e-01 2.759e-05 7.739e-06 6.924e-05 -1.000 1.637e-04 0.561 0.458 0.380 0.329 0.275 0.250 0.240 0.237 0.232 0.290 0.239 0.286 0.257 0.250 0.249 0.245 0.238 0.238 0.237 0.232 0.231 0.229 0.230 0.268
0.00015547 -2.00000 10.13033 0.7740964293 2.4093158245    0.712  1.687  3.9071  3.184    4  0.000  0.532     0.00     0.00 -1    -1e-30      0.00 7.549e-01 2.450e-01 2.759e-05 7.739e-06 6.924e-05 -1.000 1.636e-04 0.552 0.430 0.347 0.291 0.229 0.202 0.192 0.188 0.183 0.246 0.190 0.241 0.210 0.202 0.201 0.197 0.189 0.190 0.188 0.184 0.182 0.180 0.181 0.221
0.00015547 -2.00000 10.13033 0.7741445899 2.4093339443    0.712  1.692  3.9011  3.155    4  0.000  0.532     0.00     0.00 -1    -1e-30      0.00 7.549e-01 2.450e-01 2.759e-05 7.739e-06 6.924e-05 -1.000 1.637e-04 0.541 0.400 0.310 0.247 0.176 0.146 0.135 0.132 0.126 0.195 0.134 0.189 0.155 0.147 0.145 0.141 0.133 0.134 0.132 0.127 0.126 0.124 0.125 0.167
0.00015547 -2.00000 10.13033 0.7741916180 2.4093515873    0.712  1.696  3.8948  3.126    4  0.000  0.532     0.00     0.00 -1    -1e-30      0.00 7.549e-01 2.450e-01 2.759e-05 7.739e-06 6.924e-05 -1.000 1.637e-04 0.530 0.369 0.271 0.200 0.120 0.087 0.076 0.073 0.067 0.142 0.075 0.134 0.096 0.088 0.086 0.081 0.074 0.074 0.073 0.067 0.066 0.064 0.065 0.110
0.00015547 -2.00000 10.13033 0.7742384076 2.4093692303    0.712  1.701  3.8880  3.094    4  0.000  0.532     0.00     0.00 -1    -1e-30      0.00 7.549e-01 2.450e-01 2.759e-05 7.739e-06 6.924e-05 -1.000 1.637e-04 0.518 0.336 0.231 0.152 0.059 0.023 0.012 0.009 0.003 0.085 0.011 0.076 0.033 0.025 0.022 0.017 0.010 0.010 0.009 0.003 0.002 0.000 0.002 0.048
0.00015547 -2.00000 10.13033 0.7742474675 2.4093728065    0.712  1.702  3.8866  3.087    4  0.000  0.532     0.00     0.00 -1    -1e-30      0.00 7.549e-01 2.450e-01 2.759e-05 7.739e-06 6.924e-05 -1.000 1.637e-04 0.515 0.330 0.223 0.142 0.047 0.011 -0.001 -0.004 -0.010 0.074 -0.002 0.064 0.021 0.012 0.010 0.005 -0.003 -0.002 -0.004 -0.009 -0.010 -0.012 -0.011 0.036
0.00015547 -2.00000 10.13033 0.7742707133 2.4093813896    0.712  1.704  3.8832  3.071    4  0.000  0.532     0.00     0.00 -1    -1e-30      0.00 7.549e-01 2.450e-01 2.759e-05 7.739e-06 6.924e-05 -1.000 1.636e-04 0.509 0.314 0.204 0.118 0.017 -0.021 -0.033 -0.035 -0.042 0.046 -0.034 0.035 -0.011 -0.020 -0.022 -0.027 -0.034 -0.034 -0.036 -0.041 -0.042 -0.044 -0.043 0.005
0.00015547 -2.00000 10.13033 0.7743189931 2.4093997478    0.712  1.710  3.8760  3.037    4  0.000  0.532     0.00     0.00 -1    -1e-30      0.00 7.549e-01 2.450e-01 2.759e-05 7.739e-06 6.924e-05 -1.000 1.636e-04 0.496 0.282 0.162 0.067 -0.048 -0.089 -0.100 -0.103 -0.110 -0.014 -0.102 -0.027 -0.078 -0.088 -0.090 -0.095 -0.102 -0.102 -0.104 -0.109 -0.110 -0.112 -0.111 -0.061
0.00015547 -2.00000 10.13033 0.7743650675 2.4094169140    0.712  1.715  3.8686  3.002    4  0.000  0.532     0.00     0.00 -1    -1e-30      0.00 7.549e-01 2.450e-01 2.759e-05 7.739e-06 6.924e-05 -1.000 1.637e-04 0.483 0.251 0.122 0.017 -0.113 -0.157 -0.169 -0.173 -0.179 -0.074 -0.171 -0.089 -0.146 -0.156 -0.158 -0.164 -0.171 -0.171 -0.173 -0.178 -0.179 -0.182 -0.181 -0.127
0.00015547 -2.00000 10.13033 0.7744122148 2.4094347954    0.712  1.721  3.8605  2.964    4  0.000  0.532     0.00     0.00 -1    -1e-30      0.00 7.549e-01 2.450e-01 2.759e-05 7.739e-06 6.924e-05 -1.000 1.637e-04 0.468 0.219 0.079 -0.037 -0.184 -0.232 -0.245 -0.249 -0.255 -0.140 -0.247 -0.158 -0.221 -0.231 -0.233 -0.240 -0.246 -0.247 -0.249 -0.254 -0.255 -0.258 -0.257 -0.200
0.00015547 -2.00000 10.13033 0.7744580507 2.4094519615    0.713  1.727  3.8523  2.925    4  0.000  0.532     0.00     0.00 -1    -1e-30      0.00 7.549e-01 2.450e-01 2.759e-05 7.739e-06 6.924e-05 -1.000 1.637e-04 0.453 0.188 0.036 -0.091 -0.256 -0.308 -0.322 -0.325 -0.332 -0.207 -0.324 -0.226 -0.297 -0.307 -0.310 -0.317 -0.323 -0.324 -0.326 -0.331 -0.331 -0.335 -0.333 -0.274
0.00015547 -2.00000 10.13033 0.7745038867 2.4094693661    0.713  1.733  3.8442  2.887    4  0.000  0.532     0.00     0.00 -1    -1e-30      0.00 7.549e-01 2.450e-01 2.759e-05 7.739e-06 6.924e-05 -1.000 1.637e-04 0.438 0.158 -0.006 -0.143 -0.326 -0.384 -0.397 -0.401 -0.408 -0.272 -0.399 -0.293 -0.372 -0.382 -0.385 -0.393 -0.399 -0.400 -0.402 -0.407 -0.407 -0.412 -0.409 -0.346
0.00015547 -2.00000 10.13033 0.7745505571 2.4094870090    0.713  1.739  3.8357  2.847    4  0.000  0.532     0.00     0.00 -1    -1e-30      0.00 7.549e-01 2.450e-01 2.759e-05 7.739e-06 6.924e-05 -1.000 1.637e-04 0.422 0.128 -0.049 -0.198 -0.400 -0.463 -0.477 -0.480 -0.488 -0.340 -0.479 -0.362 -0.450 -0.461 -0.464 -0.472 -0.478 -0.479 -0.481 -0.487 -0.487 -0.492 -0.489 -0.422
0.00015547 -2.00000 10.13033 0.7745972872 2.4095044136    0.713  1.745  3.8275  2.807    4  0.000  0.532     0.00     0.00 -1    -1e-30      0.00 7.549e-01 2.450e-01 2.759e-05 7.739e-06 6.924e-05 -1.000 1.636e-04 0.406 0.099 -0.090 -0.250 -0.471 -0.539 -0.554 -0.558 -0.565 -0.406 -0.556 -0.429 -0.526 -0.538 -0.541 -0.549 -0.555 -0.556 -0.559 -0.564 -0.564 -0.569 -0.566 -0.495
0.00015547 -2.00000 10.13033 0.7746433020 2.4095218182    0.713  1.752  3.8195  2.769    4  0.000  0.532     0.00     0.00 -1    -1e-30      0.00 7.549e-01 2.450e-01 2.759e-05 7.739e-06 6.924e-05 -1.000 1.636e-04 0.390 0.070 -0.130 -0.302 -0.540 -0.614 -0.630 -0.634 -0.641 -0.472 -0.632 -0.494 -0.601 -0.613 -0.616 -0.625 -0.631 -0.632 -0.635 -0.640 -0.641 -0.645 -0.642 -0.567
0.00015547 -2.00000 10.13033 0.7746898532 2.4095394611    0.713  1.759  3.8115  2.730    4  0.000  0.532     0.00     0.00 -1    -1e-30      0.00 7.549e-01 2.450e-01 2.759e-05 7.739e-06 6.924e-05 -1.000 1.637e-04 0.372 0.042 -0.172 -0.354 -0.611 -0.691 -0.707 -0.712 -0.718 -0.538 -0.709 -0.561 -0.677 -0.690 -0.693 -0.702 -0.708 -0.710 -0.713 -0.717 -0.718 -0.723 -0.720 -0.640
0.00015547 -2.00000 10.13033 0.7747389674 2.4095578194    0.713  1.769  3.8022  2.683    4  0.000  0.532     0.00     0.00 -1    -1e-30      0.00 7.549e-01 2.450e-01 2.759e-05 7.739e-06 6.924e-05 -1.000 1.637e-04 0.349 0.006 -0.223 -0.418 -0.696 -0.782 -0.800 -0.805 -0.812 -0.617 -0.802 -0.640 -0.767 -0.781 -0.785 -0.795 -0.801 -0.803 -0.806 -0.811 -0.811 -0.816 -0.813 -0.727
0.00015547 -2.00000 10.13033 0.7747849226 2.4095752239    0.713  1.779  3.7933  2.637    4  0.000  0.532     0.00     0.00 -1    -1e-30      0.00 7.549e-01 2.450e-01 2.759e-05 7.739e-06 6.924e-05 -1.000 1.637e-04 0.322 -0.031 -0.274 -0.482 -0.780 -0.874 -0.892 -0.898 -0.905 -0.697 -0.895 -0.720 -0.858 -0.873 -0.876 -0.887 -0.893 -0.895 -0.899 -0.904 -0.905 -0.910 -0.906 -0.814
0.00015547 -2.00000 10.13033 0.7748236656 2.4095897675    0.713  1.792  3.7844  2.588    4  0.000  0.532     0.00     0.00 -1    -1e-30      0.00 7.549e-01 2.450e-01 2.759e-05 7.739e-06 6.924e-05 -1.000 1.637e-04 0.290 -0.073 -0.331 -0.552 -0.870 -0.971 -0.991 -0.997 -1.004 -0.783 -0.994 -0.804 -0.954 -0.970 -0.974 -0.986 -0.992 -0.995 -0.998 -1.003 -1.004 -1.009 -1.005 -0.906
0.00015547 -2.00000 10.13033 0.7748482823 2.4095990658    0.713  1.807  3.7765  2.542    4  0.000  0.532     0.00     0.00 -1    -1e-30      0.00 7.549e-01 2.450e-01 2.759e-05 7.739e-06 6.924e-05 -1.000 1.637e-04 0.252 -0.119 -0.391 -0.622 -0.958 -1.066 -1.087 -1.093 -1.101 -0.867 -1.090 -0.888 -1.047 -1.065 -1.069 -1.081 -1.088 -1.091 -1.094 -1.099 -1.100 -1.106 -1.102 -0.997
0.00015547 -2.00000 10.13033 0.7748656869 2.4096055031    0.713  1.820  3.7701  2.503    4  0.000  0.532     0.00     0.00 -1    -1e-30      0.00 7.549e-01 2.450e-01 2.759e-05 7.739e-06 6.924e-05 -1.000 1.637e-04 0.219 -0.158 -0.441 -0.681 -1.031 -1.145 -1.167 -1.174 -1.181 -0.938 -1.170 -0.957 -1.125 -1.143 -1.148 -1.161 -1.169 -1.172 -1.175 -1.180 -1.181 -1.187 -1.183 -1.072
0.00015547 -2.00000 10.13033 0.7748760581 2.4096095562    0.713  1.835  3.7642  2.464    4  0.000  0.532     0.00     0.00 -1    -1e-30      0.00 7.549e-01 2.450e-01 2.759e-05 7.739e-06 6.924e-05 -1.000 1.636e-04 0.181 -0.201 -0.494 -0.743 -1.106 -1.225 -1.249 -1.256 -1.264 -1.010 -1.252 -1.028 -1.205 -1.224 -1.229 -1.242 -1.250 -1.253 -1.257 -1.263 -1.264 -1.270 -1.266 -1.149
0.00015547 -2.00000 10.13033 0.7748838067 2.4096124172    0.713  1.847  3.7593  2.433    4  0.000  0.532     0.00     0.00 -1    -1e-30      0.00 7.549e-01 2.450e-01 2.759e-05 7.739e-06 6.924e-05 -1.000 1.637e-04 0.151 -0.235 -0.537 -0.794 -1.166 -1.291 -1.315 -1.322 -1.331 -1.070 -1.318 -1.085 -1.269 -1.289 -1.294 -1.309 -1.317 -1.320 -1.324 -1.330 -1.331 -1.337 -1.333 -1.211
0.00015547 -2.00000 10.13033 0.7748893499 2.4096145630    0.713  1.863  3.7542  2.397    4  0.000  0.532     0.00     0.00 -1    -1e-30      0.00 7.549e-01 2.450e-01 2.759e-05 7.739e-06 6.924e-05 -1.000 1.637e-04 0.113 -0.278 -0.589 -0.853 -1.236 -1.366 -1.392 -1.399 -1.408 -1.138 -1.395 -1.153 -1.343 -1.364 -1.370 -1.385 -1.393 -1.397 -1.401 -1.407 -1.408 -1.414 -1.410 -1.282
0.00015547 -2.00000 10.13033 0.7748939991 2.4096162319    0.713  1.879  3.7490  2.360    4  0.000  0.532     0.00     0.00 -1    -1e-30      0.00 7.549e-01 2.450e-01 2.759e-05 7.739e-06 6.924e-05 -1.000 1.637e-04 0.071 -0.324 -0.643 -0.915 -1.310 -1.444 -1.471 -1.479 -1.488 -1.210 -1.475 -1.222 -1.420 -1.442 -1.448 -1.464 -1.473 -1.477 -1.480 -1.487 -1.488 -1.494 -1.490 -1.357
0.00015547 -2.00000 10.13033 0.7748976946 2.4096176624    0.713  1.904  3.7429  2.311    4  0.000  0.532     0.00     0.00 -1    -1e-30      0.00 7.549e-01 2.450e-01 2.759e-05 7.739e-06 6.924e-05 -1.000 1.637e-04 0.011 -0.389 -0.720 -1.000 -1.408 -1.549 -1.577 -1.586 -1.595 -1.306 -1.581 -1.317 -1.523 -1.547 -1.554 -1.570 -1.579 -1.583 -1.587 -1.594 -1.595 -1.601 -1.597 -1.458
0.00015547 -2.00000 10.13033 0.7749001384 2.4096186161    0.713  1.929  3.7375  2.264    4  0.000  0.532     0.00     0.00 -1    -1e-30      0.00 7.549e-01 2.450e-01 2.759e-05 7.739e-06 6.924e-05 -1.000 1.637e-04 -0.052 -0.456 -0.796 -1.085 -1.504 -1.651 -1.680 -1.689 -1.699 -1.400 -1.684 -1.410 -1.624 -1.648 -1.655 -1.673 -1.682 -1.686 -1.691 -1.697 -1.699 -1.704 -1.701 -1.556
0.00015547 -2.00000 10.13033 0.7749017477 2.4096190929    0.713  1.958  3.7323  2.215    4  0.000  0.532     0.00     0.00 -1    -1e-30      0.00 7.549e-01 2.450e-01 2.759e-05 7.739e-06 6.924e-05 -1.000 1.636e-04 -0.124 -0.531 -0.881 -1.178 -1.608 -1.760 -1.791 -1.800 -1.810 -1.503 -1.795 -1.510 -1.731 -1.757 -1.765 -1.783 -1.793 -1.797 -1.802 -1.809 -1.810 -1.815 -1.812 -1.661
0.00015547 -2.00000 10.13033 0.7749025822 2.4096195698    0.713  1.980  3.7290  2.179    7  0.000  0.532     0.00     0.00 -1    -1e-30      0.00 7.549e-01 2.450e-01 2.759e-05 7.739e-06 6.924e-05 -1.000 1.636e-04 -0.181 -0.589 -0.946 -1.248 -1.685 -1.841 -1.872 -1.882 -1.892 -1.579 -1.877 -1.584 -1.811 -1.838 -1.846 -1.865 -1.875 -1.879 -1.884 -1.891 -1.892 -1.897 -1.894 -1.739
0.00015547 -2.00000 10.13033 0.7749032974 2.4096198082    0.713  2.010  3.7256  2.135    7  0.000  0.532     0.00     0.00 -1    -1e-30      0.00 7.549e-01 2.450e-01 2.759e-05 7.739e-06 6.924e-05 -1.000 1.637e-04 -0.255 -0.665 -1.028 -1.336 -1.780 -1.939 -1.972 -1.982 -1.992 -1.673 -1.976 -1.677 -1.909 -1.936 -1.945 -1.964 -1.974 -1.979 -1.983 -1.991 -1.992 -1.997 -1.994 -1.835
0.00015547 -2.00000 10.13033 0.7749041319 2.4096200466    0.713  2.048  3.7217  2.082    7  0.000  0.532     0.00     0.00 -1    -1e-30      0.00 7.549e-01 2.450e-01 2.759e-05 7.739e-06 6.924e-05 -1.000 1.637e-04 -0.350 -0.762 -1.133 -1.446 -1.898 -2.062 -2.095 -2.106 -2.116 -1.790 -2.100 -1.793 -2.030 -2.059 -2.068 -2.088 -2.098 -2.103 -2.107 -2.115 -2.116 -2.121 -2.118 -1.955
0.00015547 -2.00000 10.13033 0.7749049664 2.4096202850    0.713  2.088  3.7182  2.028    7  0.000  0.532     0.00     0.00 -1    -1e-30      0.00 7.549e-01 2.450e-01 2.759e-05 7.739e-06 6.924e-05 -1.000 1.636e-04 -0.450 -0.863 -1.241 -1.559 -2.019 -2.187 -2.221 -2.233 -2.242 -1.911 -2.227 -1.912 -2.154 -2.184 -2.193 -2.213 -2.224 -2.230 -2.234 -2.242 -2.243 -2.246 -2.244 -2.077
0.00015547 -2.00000 10.13033 0.7749058008 2.4096207619    0.713  2.126  3.7152  1.978    7  0.000  0.532     0.00     0.00 -1    -1e-30      0.00 7.549e-01 2.450e-01 2.759e-05 7.739e-06 6.924e-05 -1.000 1.637e-04 -0.545 -0.959 -1.343 -1.666 -2.132 -2.304 -2.339 -2.350 -2.360 -2.023 -2.344 -2.023 -2.270 -2.300 -2.310 -2.331 -2.342 -2.347 -2.352 -2.360 -2.361 -2.363 -2.361 -2.191
0.00015547 -2.00000 10.13033 0.7749069929 2.4096212387    0.713  2.164  3.7124  1.929    7  0.000  0.532     0.00     0.00 -1    -1e-30      0.00 7.549e-01 2.450e-01 2.759e-05 7.739e-06 6.924e-05 -1.000 1.637e-04 -0.640 -1.056 -1.445 -1.773 -2.244 -2.419 -2.455 -2.467 -2.476 -2.135 -2.460 -2.134 -2.384 -2.415 -2.425 -2.446 -2.458 -2.464 -2.468 -2.476 -2.477 -2.479 -2.477 -2.304
0.00015547 -2.00000 10.13033 0.7749092579 2.4096219540    0.713  2.161  3.7129  1.934    7  0.000  0.532     0.00     0.00 -1    -1e-30      0.00 7.549e-01 2.450e-01 2.759e-05 7.739e-06 6.924e-05 -1.000 1.637e-04 -0.632 -1.047 -1.435 -1.762 -2.233 -2.407 -2.442 -2.454 -2.464 -2.123 -2.448 -2.122 -2.372 -2.403 -2.413 -2.434 -2.446 -2.451 -2.456 -2.464 -2.464 -2.466 -2.465 -2.292
0.00015547 -2.00000 10.13033 0.7749128938 2.4096233845    0.713  2.139  3.7145  1.962    7  0.000  0.532     0.00     0.00 -1    -1e-30      0.00 7.549e-01 2.450e-01 2.759e-05 7.739e-06 6.924e-05 -1.000 1.637e-04 -0.577 -0.992 -1.377 -1.701 -2.168 -2.341 -2.375 -2.387 -2.397 -2.059 -2.381 -2.059 -2.306 -2.337 -2.346 -2.367 -2.379 -2.384 -2.389 -2.397 -2.397 -2.400 -2.398 -2.227
0.00015547 -2.00000 10.13033 0.7749355435 2.4096319675    0.713  2.147  3.7132  1.949    7  0.000  0.532     0.00     0.00 -1    -1e-30      0.00 7.549e-01 2.450e-01 2.759e-05 7.739e-06 6.924e-05 -1.000 1.636e-04 -0.598 -1.013 -1.401 -1.727 -2.197 -2.371 -2.406 -2.418 -2.428 -2.088 -2.412 -2.087 -2.336 -2.367 -2.377 -2.398 -2.410 -2.415 -2.420 -2.428 -2.429 -2.431 -2.429 -2.257
0.00015547 -2.00000 10.13033 0.7749500871 2.4096374512    0.713  2.183  3.7105  1.902    7  0.000  0.532     0.00     0.00 -1    -1e-30      0.00 7.549e-01 2.450e-01 2.759e-05 7.739e-06 6.924e-05 -1.000 1.636e-04 -0.688 -1.104 -1.498 -1.828 -2.303 -2.481 -2.517 -2.529 -2.538 -2.194 -2.522 -2.192 -2.445 -2.476 -2.486 -2.508 -2.520 -2.526 -2.531 -2.539 -2.539 -2.540 -2.539 -2.364
0.00015547 -2.00000 10.13033 0.7749714851 2.4096453190    0.713  2.234  3.7069  1.837    7  0.000  0.532     0.00     0.00 -1    -1e-30      0.00 7.549e-01 2.450e-01 2.759e-05 7.739e-06 6.924e-05 -1.000 1.637e-04 -0.814 -1.231 -1.632 -1.968 -2.451 -2.633 -2.670 -2.682 -2.691 -2.341 -2.675 -2.337 -2.595 -2.628 -2.639 -2.660 -2.673 -2.679 -2.684 -2.692 -2.692 -2.692 -2.692 -2.513
0.00015547 -2.00000 10.13033 0.7749890089 2.4096519947    0.713  2.275  3.7042  1.785    7  0.000  0.532     0.00     0.00 -1    -1e-30      0.00 7.549e-01 2.450e-01 2.759e-05 7.739e-06 6.924e-05 -1.000 1.637e-04 -0.918 -1.336 -1.743 -2.083 -2.572 -2.756 -2.794 -2.807 -2.815 -2.461 -2.800 -2.456 -2.718 -2.751 -2.763 -2.784 -2.798 -2.804 -2.809 -2.817 -2.817 -2.816 -2.816 -2.634
0.00015547 -2.00000 10.13033 0.7750046849 2.4096579552    0.713  2.317  3.7016  1.733    7  0.000  0.532     0.00     0.00 -1    -1e-30      0.00 7.549e-01 2.450e-01 2.759e-05 7.739e-06 6.924e-05 -1.000 1.637e-04 -1.022 -1.440 -1.852 -2.197 -2.691 -2.879 -2.917 -2.931 -2.938 -2.580 -2.923 -2.573 -2.839 -2.873 -2.885 -2.907 -2.921 -2.927 -2.933 -2.941 -2.940 -2.939 -2.939 -2.755
0.00015547 -2.00000 10.13033 0.7750185132 2.4096632004    0.713  2.358  3.6990  1.681    7  0.000  0.532     0.00     0.00 -1    -1e-30      0.00 7.549e-01 2.450e-01 2.759e-05 7.740e-06 6.924e-05 -1.000 1.636e-04 -1.125 -1.544 -1.961 -2.310 -2.810 -3.000 -3.040 -3.053 -3.061 -2.698 -3.046 -2.690 -2.960 -2.995 -3.007 -3.029 -3.044 -3.050 -3.055 -3.063 -3.063 -3.060 -3.060 -2.874
0.00015547 -2.00000 10.13033 0.7750308514 2.4096677303    0.713  2.400  3.6966  1.630    7  0.000  0.531     0.00     0.00 -1    -1e-30      0.00 7.549e-01 2.449e-01 2.755e-05 7.749e-06 6.924e-05 -1.000 1.636e-04 -1.229 -1.648 -2.071 -2.424 -2.929 -3.122 -3.162 -3.176 -3.183 -2.817 -3.168 -2.808 -3.081 -3.117 -3.129 -3.151 -3.166 -3.172 -3.178 -3.186 -3.185 -3.182 -3.182 -2.994
0.00015547 -2.00000 10.13033 0.7750416398 2.4096717834    0.713  2.441  3.6941  1.579    7  0.000  0.528     0.00     0.00 -1    -1e-30      0.00 7.549e-01 2.449e-01 2.743e-05 7.811e-06 6.924e-05 -1.000 1.637e-04 -1.332 -1.751 -2.179 -2.536 -3.047 -3.243 -3.284 -3.298 -3.304 -2.934 -3.290 -2.924 -3.201 -3.237 -3.250 -3.272 -3.288 -3.294 -3.300 -3.308 -3.307 -3.302 -3.303 -3.113
0.00015547 -2.00000 10.13033 0.7750511765 2.4096753597    0.713  2.482  3.6917  1.528    7  0.000  0.520     0.00     0.00 -1    -1e-30      0.00 7.549e-01 2.449e-01 2.706e-05 8.108e-06 6.924e-05 -1.000 1.637e-04 -1.434 -1.853 -2.286 -2.647 -3.163 -3.362 -3.403 -3.418 -3.424 -3.050 -3.410 -3.039 -3.319 -3.356 -3.369 -3.392 -3.408 -3.414 -3.420 -3.429 -3.427 -3.420 -3.421 -3.230
0.00015547 -2.00000 10.13033 0.7750599384 2.4096786976    0.713  2.523  3.6893  1.478    7  0.000  0.506     0.00     0.00 -1    -1e-30      0.00 7.548e-01 2.450e-01 2.637e-05 8.838e-06 6.924e-05 -1.000 1.636e-04 -1.537 -1.955 -2.394 -2.759 -3.280 -3.482 -3.523 -3.539 -3.544 -3.167 -3.530 -3.154 -3.438 -3.476 -3.489 -3.512 -3.528 -3.535 -3.541 -3.550 -3.547 -3.538 -3.541 -3.348
0.00015547 -2.00000 10.13033 0.7750679851 2.4096817970    0.713  2.563  3.6869  1.428    7  0.000  0.490     0.00     0.00 -1    -1e-30      0.00 7.548e-01 2.450e-01 2.553e-05 9.841e-06 6.924e-05 -1.000 1.636e-04 -1.639 -2.056 -2.501 -2.870 -3.396 -3.601 -3.643 -3.659 -3.663 -3.282 -3.650 -3.268 -3.556 -3.595 -3.608 -3.631 -3.648 -3.655 -3.661 -3.670 -3.667 -3.656 -3.659 -3.464
0.00015547 -2.00000 10.13033 0.7750754952 2.4096844196    0.713  2.604  3.6846  1.377    7  0.000  0.475     0.00     0.00 -1    -1e-30      0.00 7.547e-01 2.452e-01 2.476e-05 1.079e-05 6.925e-05 -1.000 1.527e-04 -1.740 -2.158 -2.608 -2.981 -3.512 -3.719 -3.762 -3.779 -3.782 -3.398 -3.770 -3.383 -3.674 -3.714 -3.727 -3.750 -3.768 -3.775 -3.781 -3.790 -3.786 -3.774 -3.777 -3.581
0.00015547 -2.00000 10.13033 0.7750824690 2.4096870422    0.713  2.645  3.6822  1.327    7  0.000  0.462     0.00     0.00 -1    -1e-30      0.00 7.545e-01 2.453e-01 2.409e-05 1.162e-05 6.925e-05 -1.000 1.429e-04 -1.842 -2.259 -2.715 -3.092 -3.629 -3.838 -3.882 -3.899 -3.902 -3.514 -3.890 -3.497 -3.792 -3.832 -3.847 -3.870 -3.888 -3.895 -3.902 -3.911 -3.906 -3.892 -3.896 -3.698
0.00015547 -2.00000 10.13033 0.7750891447 2.4096896648    0.713  2.685  3.6798  1.277    7  0.000  0.451     0.00     0.00 -1    -1e-30      0.00 7.544e-01 2.455e-01 2.350e-05 1.233e-05 6.925e-05 -1.000 1.592e-04 -1.944 -2.359 -2.820 -3.202 -3.744 -3.957 -4.001 -4.019 -4.020 -3.629 -4.009 -3.611 -3.909 -3.951 -3.965 -3.988 -4.007 -4.015 -4.021 -4.031 -4.026 -4.008 -4.013 -3.815
0.00015547 -2.00000 10.13033 0.7750955820 2.4096920490    0.713  2.726  3.6774  1.227    7  0.000  0.441     0.00     0.00 -1    -1e-30      0.00 7.542e-01 2.457e-01 2.300e-05 1.296e-05 6.925e-05 -1.000 1.637e-04 -2.045 -2.458 -2.926 -3.312 -3.860 -4.075 -4.120 -4.138 -4.138 -3.744 -4.128 -3.725 -4.027 -4.069 -4.084 -4.106 -4.127 -4.134 -4.141 -4.150 -4.145 -4.124 -4.130 -3.931
0.00015547 -2.00000 10.13033 0.7751016021 2.4096944332    0.713  2.767  3.6749  1.176    7  0.000  0.432     0.00     0.00 -1    -1e-30      0.00 7.540e-01 2.459e-01 2.256e-05 1.350e-05 6.923e-05 -1.000 1.637e-04 -2.148 -2.559 -3.033 -3.425 -3.977 -4.196 -4.241 -4.260 -4.259 -3.861 -4.250 -3.841 -4.146 -4.189 -4.205 -4.226 -4.248 -4.256 -4.263 -4.272 -4.266 -4.243 -4.249 -4.049
0.00015547 -2.00000 10.13033 0.7751070261 2.4096963406    0.713  2.809  3.6724  1.124    7  0.000  0.425     0.00     0.00 -1    -1e-30      0.00 7.537e-01 2.461e-01 2.215e-05 1.400e-05 6.920e-05 -1.000 1.636e-04 -2.252 -2.662 -3.143 -3.539 -4.097 -4.319 -4.364 -4.384 -4.382 -3.980 -4.373 -3.960 -4.268 -4.312 -4.328 -4.349 -4.372 -4.380 -4.387 -4.397 -4.390 -4.363 -4.370 -4.170
0.00015547 -2.00000 10.13033 0.7751114368 2.4096980095    0.713  2.850  3.6698  1.073    7  0.000  0.419     0.00     0.00 -1    -1e-30      0.00 7.535e-01 2.463e-01 2.183e-05 1.441e-05 6.914e-05 -1.000 1.637e-04 -2.355 -2.763 -3.250 -3.651 -4.215 -4.440 -4.486 -4.507 -4.503 -4.098 -4.495 -4.076 -4.388 -4.433 -4.449 -4.469 -4.495 -4.503 -4.509 -4.519 -4.512 -4.481 -4.489 -4.289
0.00015547 -2.00000 10.13033 0.7751151919 2.4096994400    0.713  2.891  3.6673  1.021    7  0.000  0.414     0.00     0.00 -1    -1e-30      0.00 7.533e-01 2.465e-01 2.154e-05 1.478e-05 6.905e-05 -1.000 1.549e-04 -2.458 -2.863 -3.358 -3.763 -4.333 -4.561 -4.607 -4.629 -4.624 -4.216 -4.617 -4.192 -4.508 -4.554 -4.570 -4.589 -4.616 -4.624 -4.631 -4.642 -4.633 -4.599 -4.608 -4.408
0.00015547 -2.00000 10.13033 0.7751184106 2.4097006321    0.713  2.930  3.6648  0.973    7  0.000  0.410     0.00     0.00 -1    -1e-30      0.00 7.531e-01 2.468e-01 2.131e-05 1.510e-05 6.893e-05 -1.000 1.373e-04 -2.555 -2.957 -3.458 -3.869 -4.444 -4.675 -4.722 -4.744 -4.738 -4.327 -4.732 -4.302 -4.621 -4.668 -4.685 -4.703 -4.732 -4.740 -4.747 -4.758 -4.748 -4.710 -4.720 -4.520
0.00015547 -2.00000 10.13033 0.7751216888 2.4097018242    0.713  2.971  3.6622  0.922    7  0.000  0.408     0.00     0.00 -1    -1e-30      0.00 7.529e-01 2.470e-01 2.112e-05 1.540e-05 6.879e-05 -1.000 1.581e-04 -2.656 -3.055 -3.565 -3.980 -4.562 -4.795 -4.843 -4.866 -4.858 -4.444 -4.853 -4.418 -4.740 -4.788 -4.805 -4.822 -4.854 -4.862 -4.869 -4.880 -4.870 -4.827 -4.838 -4.638
0.00015547 -2.00000 10.13033 0.7751244307 2.4097030163    0.713  3.010  3.6597  0.873    7  0.000  0.406     0.00     0.00 -1    -1e-30      0.00 7.527e-01 2.472e-01 2.098e-05 1.566e-05 6.865e-05 -1.000 1.636e-04 -2.754 -3.149 -3.667 -4.087 -4.675 -4.911 -4.959 -4.984 -4.974 -4.556 -4.970 -4.529 -4.855 -4.903 -4.921 -4.936 -4.971 -4.979 -4.987 -4.998 -4.987 -4.939 -4.952 -4.752
0.00015547 -2.00000 10.13033 0.7751274109 2.4097039700    0.713  3.049  3.6572  0.823    7  0.000  0.404     0.00     0.00 -1    -1e-30      0.00 7.525e-01 2.473e-01 2.086e-05 1.590e-05 6.850e-05 -1.000 1.636e-04 -2.853 -3.245 -3.771 -4.197 -4.790 -5.029 -5.077 -5.104 -5.091 -4.671 -5.088 -4.643 -4.972 -5.021 -5.040 -5.053 -5.090 -5.099 -5.106 -5.117 -5.106 -5.053 -5.068 -4.868
0.00015547 -2.00000 10.13033 0.7751275897 2.4097042084    0.713  3.040  3.6579  0.834    7  0.000  0.404     0.00     0.00 -1    -1e-30      0.00 7.525e-01 2.473e-01 2.085e-05 1.593e-05 6.848e-05 -1.000 1.637e-04 -2.830 -3.223 -3.746 -4.171 -4.763 -5.001 -5.049 -5.075 -5.064 -4.644 -5.060 -4.616 -4.944 -4.993 -5.012 -5.025 -5.062 -5.070 -5.078 -5.089 -5.078 -5.026 -5.041 -4.841
0.00015547 -2.00000 10.13033 0.7751278281 2.4097042084    0.713  3.051  3.6571  0.821    7  0.000  0.404     0.00     0.00 -1    -1e-30      0.00 7.525e-01 2.474e-01 2.084e-05 1.594e-05 6.847e-05 -1.000 1.637e-04 -2.857 -3.248 -3.774 -4.200 -4.793 -5.033 -5.080 -5.107 -5.095 -4.674 -5.092 -4.646 -4.975 -5.024 -5.043 -5.056 -5.093 -5.102 -5.110 -5.121 -5.109 -5.057 -5.071 -4.872
0.00015547 -2.00000 10.13033 0.7751279473 2.4097042084    0.713  3.069  3.6559  0.798    7  0.000  0.404     0.00     0.00 -1    -1e-30      0.00 7.523e-01 2.475e-01 2.080e-05 1.607e-05 6.838e-05 -1.000 1.637e-04 -2.902 -3.292 -3.821 -4.250 -4.846 -5.087 -5.135 -5.162 -5.149 -4.727 -5.147 -4.698 -5.029 -5.079 -5.097 -5.110 -5.148 -5.157 -5.165 -5.176 -5.164 -5.109 -5.124 -4.925
0.00015547 -2.00000 10.13033 0.7751281857 2.4097044468    0.713  3.098  3.6539  0.761    7  0.000  0.403     0.00     0.00 -1    -1e-30      0.00 7.521e-01 2.477e-01 2.066e-05 1.643e-05 6.814e-05 -1.000 1.636e-04 -2.974 -3.361 -3.897 -4.329 -4.930 -5.173 -5.221 -5.250 -5.235 -4.810 -5.234 -4.781 -5.114 -5.165 -5.184 -5.195 -5.236 -5.244 -5.252 -5.264 -5.251 -5.192 -5.209 -5.010
0.00015547 -2.00000 10.13033 0.7751284242 2.4097044468    0.713  3.136  3.6512  0.713    7  0.000  0.402     0.00     0.00 -1    -1e-30      0.00 7.519e-01 2.480e-01 2.051e-05 1.687e-05 6.782e-05 -1.000 1.636e-04 -3.069 -3.448 -3.994 -4.433 -5.041 -5.288 -5.335 -5.366 -5.349 -4.921 -5.348 -4.890 -5.227 -5.279 -5.299 -5.307 -5.351 -5.360 -5.368 -5.380 -5.367 -5.303 -5.321 -5.122
0.00015547 -2.00000 10.13033 0.7751289010 2.4097046852    0.713  3.184  3.6478  0.651    7  0.000  0.400     0.00     0.00 -1    -1e-30      0.00 7.515e-01 2.484e-01 2.030e-05 1.753e-05 6.735e-05 -1.000 1.594e-04 -3.189 -3.558 -4.116 -4.564 -5.181 -5.432 -5.479 -5.513 -5.494 -5.060 -5.494 -5.028 -5.370 -5.423 -5.444 -5.448 -5.498 -5.507 -5.515 -5.528 -5.513 -5.442 -5.462 -5.263
0.00015547 -2.00000 10.13033 0.7751291990 2.4097046852    0.713  3.196  3.6469  0.635    7  0.549  0.400     0.00     0.00 -1    -1e-30      0.00 7.513e-01 2.485e-01 2.022e-05 1.776e-05 6.718e-05 -1.000 1.636e-04 -3.220 -3.587 -4.147 -4.598 -5.217 -5.470 -5.516 -5.550 -5.531 -5.096 -5.531 -5.063 -5.406 -5.460 -5.481 -5.484 -5.535 -5.544 -5.553 -5.565 -5.551 -5.478 -5.498 -5.299
0.00015547 -2.00000 10.13033 0.7751292586 2.4097046852    0.713  3.414  3.6091  0.265    8  0.549  0.390    96.77    44.93  1 -1.47e-06      0.00 7.290e-01 2.706e-01 6.375e-05 5.931e-05 2.177e-04 -1.000 3.690e-04 -3.766 -3.949 -4.661 -5.221 -5.960 -6.280 -6.315 -6.382 -6.346 -5.836 -6.345 -5.772 -6.186 -6.266 -6.297 -6.246 -6.362 -6.373 -6.385 -6.404 -6.382 -6.250 -6.281 -6.058
0.00015547 -2.00000 10.13033 0.7751293182 2.4097046852    0.713  3.285  3.6162  0.423    8  0.549  0.390    68.85    33.47  1 -8.17e-07      0.00 7.290e-01 2.706e-01 6.375e-05 5.931e-05 2.177e-04 -1.000 3.690e-04 -3.443 -3.675 -4.346 -4.881 -5.599 -5.904 -5.942 -6.000 -5.965 -5.474 -5.968 -5.417 -5.817 -5.892 -5.920 -5.880 -5.983 -5.992 -6.003 -6.020 -5.999 -5.876 -5.905 -5.694
0.00015547 -2.00000 10.13033 0.7751293778 2.4097046852    0.713  3.138  3.6297  0.624    8  0.549  0.390    44.60    23.00  1 -4.08e-07      0.00 7.290e-01 2.706e-01 6.375e-05 5.931e-05 2.177e-04 -1.000 3.690e-04 -3.074 -3.376 -3.989 -4.484 -5.158 -5.440 -5.482 -5.529 -5.499 -5.034 -5.502 -4.989 -5.365 -5.429 -5.454 -5.433 -5.513 -5.521 -5.531 -5.546 -5.528 -5.424 -5.450 -5.248
0.00015547 -2.00000 10.13033 0.7751294971 2.4097049236    0.713  2.927  3.6489  0.912    8  0.549  0.390    24.01    13.46  1 -1.45e-07      0.00 7.290e-01 2.706e-01 6.375e-05 5.931e-05 2.177e-04 -1.000 3.690e-04 -2.548 -2.916 -3.462 -3.906 -4.525 -4.778 -4.825 -4.856 -4.838 -4.404 -4.838 -4.371 -4.715 -4.769 -4.789 -4.794 -4.842 -4.850 -4.859 -4.871 -4.857 -4.789 -4.807 -4.607
0.00015547 -2.00000 10.13033 0.7751297355 2.4097049236    0.713  2.932  3.6484  0.905    8  0.549  0.390    24.37    13.63  1 -1.49e-07      0.00 7.290e-01 2.706e-01 6.375e-05 5.931e-05 2.177e-04 -1.000 3.691e-04 -2.560 -2.927 -3.475 -3.920 -4.541 -4.794 -4.840 -4.872 -4.854 -4.420 -4.854 -4.386 -4.731 -4.785 -4.805 -4.810 -4.858 -4.867 -4.875 -4.887 -4.873 -4.805 -4.823 -4.623
0.00015547 -2.00000 10.13033 0.7751299739 2.4097049236    0.713  3.011  3.6412  0.797    8  0.550  0.390    30.77    16.67  1 -2.21e-07      0.00 7.290e-01 2.706e-01 6.375e-05 5.931e-05 2.177e-04 -1.000 3.690e-04 -2.758 -3.104 -3.676 -4.139 -4.779 -5.043 -5.088 -5.125 -5.102 -4.657 -5.104 -4.619 -4.975 -5.033 -5.055 -5.051 -5.110 -5.119 -5.128 -5.141 -5.125 -5.042 -5.064 -4.864
0.00015547 -2.00000 10.13033 0.7751302719 2.4097051620    0.713  3.166  3.6271  0.586    8  0.550  0.390    48.51    24.70  1 -4.67e-07      0.00 7.290e-01 2.706e-01 6.375e-05 5.931e-05 2.177e-04 -1.000 3.690e-04 -3.144 -3.436 -4.059 -4.561 -5.243 -5.529 -5.570 -5.619 -5.588 -5.118 -5.591 -5.072 -5.452 -5.517 -5.543 -5.518 -5.602 -5.611 -5.621 -5.637 -5.618 -5.509 -5.536 -5.334
0.00015547 -2.00000 10.13033 0.7751305699 2.4097051620    0.713  3.303  3.6146  0.398    8  0.550  0.390    72.72    35.03  1  -8.9e-07      0.00 7.290e-01 2.706e-01 6.375e-05 5.931e-05 2.177e-04 -1.000 3.690e-04 -3.488 -3.710 -4.389 -4.930 -5.652 -5.961 -5.998 -6.058 -6.023 -5.527 -6.025 -5.469 -5.873 -5.948 -5.977 -5.935 -6.040 -6.050 -6.060 -6.079 -6.057 -5.932 -5.961 -5.748
0.00015547 -2.00000 10.13033 0.7751309872 2.4097054005    0.713  3.394  3.6062  0.273    8  0.551  0.390    95.23    44.20  1 -1.35e-06      0.00 7.290e-01 2.706e-01 6.375e-05 5.931e-05 2.177e-04 -1.000 3.690e-04 -3.716 -3.881 -4.603 -5.172 -5.922 -6.248 -6.282 -6.350 -6.315 -5.798 -6.313 -5.730 -6.151 -6.234 -6.266 -6.212 -6.331 -6.342 -6.353 -6.373 -6.351 -6.217 -6.248 -6.022
0.00015547 -2.00000 10.13033 0.7751314640 2.4097056389    0.713  3.445  3.6016  0.204    8  0.551  0.390   110.53    50.25  1 -1.71e-06      0.00 7.290e-01 2.706e-01 6.375e-05 5.931e-05 2.177e-04 -1.000 3.690e-04 -3.842 -3.973 -4.720 -5.304 -6.069 -6.407 -6.439 -6.512 -6.477 -5.946 -6.472 -5.873 -6.304 -6.392 -6.425 -6.365 -6.490 -6.503 -6.516 -6.536 -6.514 -6.376 -6.407 -6.172
0.00015547 -2.00000 10.13033 0.7751319408 2.4097056389    0.713  3.471  3.5993  0.169    8  0.552  0.390   119.33    53.65  0 -1.92e-06      0.00 7.290e-01 2.706e-01 6.375e-05 5.931e-05 2.177e-04 -1.000 3.690e-04 -3.907 -4.019 -4.779 -5.372 -6.145 -6.488 -6.519 -6.595 -6.559 -6.022 -6.554 -5.946 -6.383 -6.472 -6.507 -6.443 -6.572 -6.586 -6.599 -6.619 -6.597 -6.457 -6.488 -6.249
0.00015547 -2.00000 10.13033 0.7751324773 2.4097058773    0.712  3.487  3.5984  0.149    8  0.552  0.390   124.68    55.67  0 -2.07e-06      0.00 7.290e-01 2.706e-01 6.375e-05 5.931e-05 2.177e-04 -1.000 3.690e-04 -3.948 -4.053 -4.819 -5.415 -6.190 -6.536 -6.566 -6.643 -6.608 -6.068 -6.602 -5.991 -6.429 -6.520 -6.554 -6.490 -6.621 -6.634 -6.648 -6.668 -6.646 -6.506 -6.537 -6.295
0.00015547 -2.00000 10.13033 0.7751345634 2.4097068310    0.554 -9.999  4.0000  1.705    9  0.554  0.000     0.00     0.00 -1    -1e-30      0.00 7.290e-01 2.706e-01 6.375e-05 5.931e-05 2.177e-04 -1.000 3.690e-04 29.767 30.070 30.056 30.103 30.107 30.109 30.109 30.114 30.110 30.104 30.110 30.114 30.094 30.102 30.114 30.115 30.110 30.114 30.114 30.109 30.109 30.107 30.111 30.104
#isochrone terminated
