# File generated by CMD 3.3 (http://stev.oapd.inaf.it/cmd) on Mon Apr  6 22:25:49 CEST 2020
# isochrones based on PARSEC release v1.2S +  COLIBRI S_35
# Basic references: Bressan et al. (2012), MNRAS, 427, 127 + Chen et al. (2014, 2015), MNRAS, 444, 2525 + MNRAS, 452, 1068 + Tang et al. (2014), MNRAS, 445, 4287 + Marigo et al. (2017), ApJ, 835, 77 + Pastorelli al. (2019), MNRAS in press
# Thermal pulse cycles included 
# On RGB, assumed Reimers mass loss with efficiency eta=0.2
# Photometric system: <i>UBVRIJHK</i> (cf. Maiz-Apellaniz 2006 + Bessell 1990)
# Using YBC version of bolometric corrections as in Chen et al. (2019)
# O-rich circumstellar dpmod60alox40 dust from Groenewegen (2006)
# C-rich circumstellar AMCSIC15 dust from Groenewegen (2006)
# IMF: Kroupa (2001, 2002) + Kroupa et al. (2013) canonical two-part-power law IMF corrected for unresolved binaries 
# Kind of output: isochrone tables
# Zini     MH   logAge Mini        int_IMF         Mass   logL    logTe  logg  label   McoreTP C_O  period0 period1 pmode  Mloss  tau1m   X   Y   Xc  Xn  Xo  Cexcess  Z 	 mbolmag  Umag    Bmag    Vmag    Rmag    Imag    Jmag    Hmag    Kmag
0.00015547 -2.00000 10.13033 0.0936335474 1.1156111956    0.094 -3.046  3.5140  5.463    1  0.000  0.545     0.00     0.00 -1 -2.87e-17      0.00 7.469e-01 2.530e-01 2.943e-05 7.939e-06 7.201e-05 -1.000 1.636e-04 12.384 18.198 16.014 14.124 12.806 11.605 10.499 10.216 10.141
0.00015547 -2.00000 10.13033 0.1035686582 1.2002434731    0.103 -2.749  3.5554  5.374    1  0.000  0.545     0.00     0.00 -1 -1.43e-16      0.00 7.441e-01 2.557e-01 2.943e-05 7.939e-06 7.201e-05 -1.000 1.637e-04 11.642 15.934 14.462 12.879 11.793 10.903 9.903 9.466 9.339
0.00015547 -2.00000 10.13033 0.1205011979 1.3226096630    0.120 -2.511  3.5793  5.298    1  0.000  0.545     0.00     0.00 -1 -2.51e-16      0.00 7.411e-01 2.588e-01 2.943e-05 7.940e-06 7.201e-05 -1.000 1.637e-04 11.046 14.601 13.446 12.056 11.085 10.321 9.390 8.895 8.749
0.00015547 -2.00000 10.13033 0.1234388798 1.3415665627    0.123 -2.473  3.5831  5.286    1  0.000  0.545     0.00     0.00 -1 -2.75e-16      0.00 7.406e-01 2.593e-01 2.943e-05 7.940e-06 7.201e-05 -1.000 1.637e-04 10.952 14.401 13.291 11.929 10.978 10.227 9.308 8.806 8.657
0.00015547 -2.00000 10.13033 0.1433091164 1.4560320377    0.143 -2.295  3.5966  5.227    1  0.000  0.545     0.00     0.00 -1 -2.52e-16      0.00 7.383e-01 2.615e-01 2.943e-05 7.940e-06 7.201e-05 -1.000 1.637e-04 10.507 13.601 12.641 11.376 10.491 9.785 8.908 8.386 8.225
0.00015547 -2.00000 10.13033 0.1631793380 1.5515257120    0.163 -2.156  3.6053  5.179    1  0.000  0.545     0.00     0.00 -1  -5.6e-16      0.00 7.371e-01 2.627e-01 2.943e-05 7.940e-06 7.201e-05 -1.000 1.636e-04 10.160 13.045 12.173 10.963 10.120 9.439 8.588 8.059 7.892
0.00015547 -2.00000 10.13033 0.2029198259 1.7036917210    0.203 -1.942  3.6169  5.106    1  0.000  0.545     0.00     0.00 -1 -8.92e-16      0.00 7.366e-01 2.633e-01 2.943e-05 7.940e-06 7.201e-05 -1.000 1.636e-04 9.625 12.249 11.486 10.344 9.553 8.904 8.087 7.554 7.385
0.00015547 -2.00000 10.13033 0.2525954247 1.8468697071    0.252 -1.747  3.6276  5.049    1  0.000  0.545     0.00     0.00 -1 -7.02e-16      0.00 7.369e-01 2.630e-01 2.943e-05 7.940e-06 7.201e-05 -1.000 1.637e-04 9.137 11.539 10.869 9.783 9.038 8.415 7.630 7.099 6.932
0.00015547 -2.00000 10.13033 0.3022710085 1.9574397802    0.302 -1.597  3.6365  5.013    1  0.000  0.545     0.00     0.00 -1 -1.55e-15      0.00 7.368e-01 2.630e-01 2.942e-05 7.941e-06 7.201e-05 -1.000 1.637e-04 8.762 10.988 10.392 9.349 8.640 8.039 7.280 6.755 6.593
0.00015547 -2.00000 10.13033 0.3271167576 2.0042343140    0.327 -1.532  3.6407  4.999    1  0.000  0.544     0.00     0.00 -1 -1.87e-15      0.00 7.369e-01 2.629e-01 2.941e-05 7.942e-06 7.201e-05 -1.000 1.637e-04 8.599 10.744 10.183 9.160 8.467 7.876 7.129 6.608 6.449
0.00015547 -2.00000 10.13033 0.3519465625 2.0465965271    0.352 -1.471  3.6447  4.987    1  0.000  0.544     0.00     0.00 -1 -2.13e-15      0.00 7.369e-01 2.629e-01 2.939e-05 7.943e-06 7.201e-05 -1.000 1.637e-04 8.449 10.522 9.991 8.986 8.307 7.725 6.990 6.473 6.318
0.00015547 -2.00000 10.13033 0.3598595858 2.0592875481    0.360 -1.450  3.6462  4.981    1  0.000  0.544     0.00     0.00 -1 -2.08e-15      0.00 7.392e-01 2.606e-01 2.940e-05 7.942e-06 7.201e-05 -1.000 1.637e-04 8.395 10.440 9.922 8.924 8.250 7.672 6.941 6.425 6.271
0.00015547 -2.00000 10.13033 0.4016221464 2.1207315922    0.401 -1.344  3.6537  4.953    1  0.000  0.545     0.00     0.00 -1  -2.6e-15      0.00 7.501e-01 2.497e-01 2.943e-05 7.939e-06 7.201e-05 -1.000 1.637e-04 8.130 10.039 9.582 8.616 7.968 7.407 6.698 6.191 6.044
0.00015547 -2.00000 10.13033 0.4512977004 2.1838121414    0.451 -1.189  3.6687  4.908    1  0.000  0.545     0.00     0.00 -1 -4.26e-15      0.00 7.507e-01 2.491e-01 2.943e-05 7.939e-06 7.201e-05 -1.000 1.637e-04 7.742 9.383 9.051 8.149 7.551 7.023 6.355 5.868 5.735
0.00015547 -2.00000 10.13033 0.5009732842 2.2384552956    0.501 -1.014  3.6861  4.849    1  0.000  0.545     0.00     0.00 -1 -6.47e-15      0.00 7.515e-01 2.484e-01 2.938e-05 7.926e-06 7.188e-05 -1.000 1.637e-04 7.306 8.657 8.466 7.636 7.090 6.597 5.978 5.518 5.400
0.00015547 -2.00000 10.13033 0.5506489277 2.2841949463    0.550 -0.802  3.7069  4.761    1  0.000  0.544     0.00     0.00 -1 -1.11e-14      0.00 7.891e-01 2.108e-01 2.519e-05 6.802e-06 6.172e-05 -1.000 9.987e-05 6.776 7.817 7.779 7.033 6.542 6.088 5.526 5.099 4.999
0.00015547 -2.00000 10.13033 0.5642867088 2.2951433659    0.564 -0.741  3.7144  4.740    1  0.000  0.544     0.00     0.00 -1 -1.29e-14      0.00 7.930e-01 2.068e-01 2.477e-05 6.690e-06 6.072e-05 -1.000 1.180e-04 6.623 7.566 7.575 6.859 6.385 5.944 5.402 4.988 4.894
0.00015547 -2.00000 10.13033 0.6003244519 2.3213412762    0.600 -0.585  3.7334  4.687    1  0.000  0.543     0.00     0.00 -1 -1.91e-14      0.00 8.032e-01 1.967e-01 2.369e-05 6.403e-06 5.813e-05 -1.000 1.636e-04 6.232 6.954 7.067 6.425 5.993 5.585 5.091 4.707 4.628
0.00015547 -2.00000 10.13033 0.6075407863 2.3261594772    0.607 -0.551  3.7379  4.676    1  0.000  0.543     0.00     0.00 -1 -2.08e-14      0.00 8.057e-01 1.941e-01 2.343e-05 6.332e-06 5.750e-05 -1.000 1.575e-04 6.148 6.825 6.958 6.333 5.909 5.510 5.026 4.649 4.573
0.00015547 -2.00000 10.13033 0.6168464422 2.3321816921    0.616 -0.507  3.7436  4.661    1  0.000  0.543     0.00     0.00 -1 -3.53e-18      0.00 8.091e-01 1.907e-01 2.308e-05 6.237e-06 5.665e-05 -1.000 1.468e-04 6.038 6.661 6.819 6.215 5.802 5.412 4.942 4.573 4.501
0.00015547 -2.00000 10.13033 0.6278074980 2.3390128613    0.627 -0.455  3.7502  4.643    1  0.000  0.543     0.00     0.00 -1 -2.14e-21      0.00 8.134e-01 1.865e-01 2.264e-05 6.120e-06 5.559e-05 -1.000 1.161e-04 5.907 6.471 6.655 6.075 5.676 5.298 4.842 4.481 4.415
0.00015547 -2.00000 10.13033 0.6375234127 2.3448424339    0.637 -0.408  3.7559  4.626    1  0.000  0.543     0.00     0.00 -1 -3.26e-18      0.00 8.173e-01 1.826e-01 2.222e-05 6.010e-06 5.461e-05 -1.000 1.052e-04 5.790 6.305 6.510 5.951 5.564 5.196 4.752 4.398 4.338
0.00015547 -2.00000 10.13033 0.6468603015 2.3502554893    0.647 -0.362  3.7614  4.608    1  0.000  0.542     0.00     0.00 -1 -3.43e-15      0.00 8.213e-01 1.786e-01 2.181e-05 5.900e-06 5.363e-05 -1.000 9.115e-05 5.675 6.147 6.370 5.830 5.456 5.096 4.664 4.317 4.261
0.00015547 -2.00000 10.13033 0.6499999762 2.3520355225    0.650 -0.346  3.7632  4.602    1  0.000  0.542     0.00     0.00 -1 -2.77e-14      0.00 8.226e-01 1.772e-01 2.167e-05 5.862e-06 5.329e-05 -1.000 1.323e-04 5.636 6.095 6.323 5.790 5.418 5.062 4.634 4.289 4.235
0.00015547 -2.00000 10.13033 0.6564155817 2.3556120396    0.656 -0.314  3.7667  4.588    1  0.000  0.542     0.00     0.00 -1    -2e-14      0.00 8.262e-01 1.737e-01 2.130e-05 5.765e-06 5.241e-05 -1.000 1.145e-04 5.555 5.989 6.227 5.706 5.342 4.991 4.570 4.229 4.179
0.00015547 -2.00000 10.13033 0.6653797030 2.3604767323    0.665 -0.267  3.7717  4.567    1  0.000  0.542     0.00     0.00 -1 -1.23e-15      0.00 8.313e-01 1.685e-01 2.077e-05 5.622e-06 5.113e-05 -1.000 1.325e-04 5.438 5.841 6.090 5.586 5.231 4.889 4.478 4.143 4.097
0.00015547 -2.00000 10.13033 0.6733349562 2.3646693230    0.673 -0.224  3.7760  4.546    1  0.000  0.541     0.00     0.00 -1 -1.99e-21      0.00 8.362e-01 1.637e-01 2.026e-05 5.488e-06 4.993e-05 -1.000 1.170e-04 5.331 5.708 5.966 5.477 5.130 4.795 4.392 4.062 4.020
0.00015547 -2.00000 10.13033 0.6810427904 2.3686242104    0.681 -0.181  3.7802  4.525    1  0.000  0.541     0.00     0.00 -1 -3.72e-20      0.00 8.411e-01 1.587e-01 1.975e-05 5.351e-06 4.870e-05 -1.000 1.253e-04 5.223 5.577 5.842 5.367 5.028 4.700 4.305 3.980 3.942
0.00015547 -2.00000 10.13033 0.6901662946 2.3731746674    0.690 -0.128  3.7851  4.497    1  0.000  0.540     0.00     0.00 -1 -4.13e-17      0.00 8.472e-01 1.526e-01 1.911e-05 5.181e-06 4.717e-05 -1.000 1.480e-04 5.090 5.420 5.690 5.231 4.902 4.582 4.197 3.880 3.845
0.00015547 -2.00000 10.13033 0.6985668540 2.3772437572    0.698 -0.076  3.7896  4.468    1  0.000  0.540     0.00     0.00 -1 -2.53e-14      0.00 8.530e-01 1.468e-01 1.851e-05 5.021e-06 4.573e-05 -1.000 1.289e-04 4.960 5.270 5.542 5.098 4.778 4.465 4.090 3.779 3.748
0.00015547 -2.00000 10.13033 0.6999999881 2.3779268265    0.700 -0.067  3.7903  4.463    1  0.000  0.539     0.00     0.00 -1 -7.53e-14      0.00 8.540e-01 1.459e-01 1.840e-05 4.993e-06 4.549e-05 -1.000 1.161e-04 4.937 5.244 5.516 5.075 4.756 4.444 4.071 3.761 3.730
0.00015547 -2.00000 10.13033 0.7026779652 2.3791944981    0.702 -0.049  3.7917  4.453    1  0.000  0.539     0.00     0.00 -1 -7.91e-14      0.00 8.555e-01 1.444e-01 1.826e-05 4.958e-06 4.518e-05 -1.000 9.061e-05 4.894 5.196 5.468 5.031 4.715 4.405 4.035 3.727 3.697
0.00015547 -2.00000 10.13033 0.7096312046 2.3824346066    0.709 -0.002  3.7951  4.423    1  0.000  0.537     0.00     0.00 -1 -9.07e-14      0.00 8.589e-01 1.410e-01 1.793e-05 4.881e-06 4.451e-05 -1.000 6.938e-05 4.775 5.065 5.336 4.910 4.601 4.297 3.934 3.632 3.605
0.00015547 -2.00000 10.13033 0.7163670063 2.3855044842    0.716  0.047  3.7983  4.391    1  0.000  0.536     0.00     0.00 -1 -6.98e-14      0.00 8.618e-01 1.381e-01 1.767e-05 4.819e-06 4.397e-05 -1.000 1.522e-04 4.653 4.932 5.200 4.785 4.482 4.184 3.828 3.532 3.506
0.00015547 -2.00000 10.13033 0.7231029272 2.3885087967    0.723  0.100  3.8014  4.355    1  0.000  0.534     0.00     0.00 -1  -2.7e-22      0.00 8.644e-01 1.354e-01 1.743e-05 4.766e-06 4.351e-05 -1.000 1.258e-04 4.521 4.792 5.056 4.650 4.353 4.061 3.712 3.421 3.397
0.00015547 -2.00000 10.13033 0.7308856249 2.3919007778    0.730  0.167  3.8047  4.306    1  0.000  0.532     0.00     0.00 -1    -6e-20      0.00 8.671e-01 1.328e-01 1.719e-05 4.713e-06 4.307e-05 -1.000 1.099e-04 4.354 4.618 4.875 4.479 4.189 3.903 3.561 3.277 3.255
0.00015547 -2.00000 10.13033 0.7381594777 2.3949966431    0.737  0.236  3.8074  4.251    1  0.000  0.531     0.00     0.00 -1 -2.04e-17      0.00 8.689e-01 1.310e-01 1.705e-05 4.684e-06 4.283e-05 -1.000 9.003e-05 4.181 4.440 4.689 4.303 4.019 3.737 3.401 3.123 3.102
0.00015547 -2.00000 10.13033 0.7432761788 2.3971328735    0.742  0.289  3.8087  4.207    1  0.000  0.530     0.00     0.00 -1 -1.24e-15      0.00 8.699e-01 1.300e-01 1.697e-05 4.670e-06 4.272e-05 -1.000 1.000e-04 4.048 4.306 4.548 4.167 3.886 3.608 3.275 2.999 2.980
0.00015547 -2.00000 10.13033 0.7477177382 2.3989598751    0.747  0.339  3.8093  4.161    1  0.000  0.529     0.00     0.00 -1  -4.5e-14      0.00 8.703e-01 1.296e-01 1.696e-05 4.671e-06 4.274e-05 -1.000 1.000e-04 3.922 4.181 4.418 4.040 3.760 3.483 3.152 2.878 2.858
0.00015547 -2.00000 10.13033 0.7487519383 2.3993816376    0.748  0.351  3.8094  4.150    1  0.000  0.529     0.00     0.00 -1 -1.04e-13      0.00 8.703e-01 1.296e-01 1.695e-05 4.672e-06 4.275e-05 -1.000 9.994e-05 3.892 4.152 4.387 4.009 3.730 3.453 3.122 2.848 2.828
0.00015547 -2.00000 10.13033 0.7500000000 2.3998889923    0.749  0.367  3.8091  4.134    1  0.000  0.529     0.00     0.00 -1 -2.89e-13      0.00 8.704e-01 1.295e-01 1.695e-05 4.673e-06 4.277e-05 -1.000 9.996e-05 3.852 4.113 4.347 3.969 3.689 3.412 3.081 2.806 2.787
0.00015547 -2.00000 10.13033 0.7502123713 2.3999750614    0.749  0.370  3.8091  4.131    1  0.000  0.529     0.00     0.00 -1 -2.91e-13      0.00 8.703e-01 1.296e-01 1.696e-05 4.675e-06 4.279e-05 -1.000 9.999e-05 3.845 4.107 4.340 3.962 3.682 3.405 3.074 2.800 2.780
0.00015547 -2.00000 10.13033 0.7542375326 2.4015970230    0.753  0.425  3.8075  4.072    1  0.000  0.529     0.00     0.00 -1 -3.52e-13      0.00 8.692e-01 1.307e-01 1.711e-05 4.718e-06 4.317e-05 -1.000 9.993e-05 3.707 3.976 4.204 3.823 3.542 3.262 2.927 2.650 2.630
0.00015547 -2.00000 10.13033 0.7570547462 2.4027204514    0.756  0.470  3.8049  4.018    1  0.000  0.528     0.00     0.00 -1 -4.14e-13      0.00 8.684e-01 1.315e-01 1.722e-05 4.747e-06 4.345e-05 -1.000 9.996e-05 3.596 3.874 4.101 3.714 3.428 3.145 2.803 2.522 2.500
0.00015547 -2.00000 10.13033 0.7576555014 2.4029586315    0.756  0.480  3.8041  4.005    1  0.000  0.528     0.00     0.00 -1 -4.32e-13      0.00 8.683e-01 1.316e-01 1.724e-05 4.754e-06 4.350e-05 -1.000 9.994e-05 3.571 3.852 4.077 3.689 3.401 3.117 2.774 2.491 2.469
0.00015547 -2.00000 10.13033 0.7582311034 2.4031865597    0.757  0.491  3.8030  3.991    1  0.000  0.528     0.00     0.00 -1  -4.5e-13      0.00 8.681e-01 1.318e-01 1.727e-05 4.760e-06 4.356e-05 -1.000 9.993e-05 3.544 3.828 4.054 3.662 3.373 3.087 2.741 2.456 2.434
0.00015547 -2.00000 10.13033 0.7601684928 2.4039509296    0.759  0.530  3.7980  3.932    2  0.000  0.528     0.00     0.00 -1 -5.25e-13      0.00 8.676e-01 1.323e-01 1.734e-05 4.780e-06 4.374e-05 -1.000 1.000e-04 3.444 3.745 3.970 3.566 3.268 2.974 2.617 2.323 2.298
0.00015547 -2.00000 10.13033 0.7616524696 2.4045331478    0.760  0.566  3.7919  3.872    2  0.000  0.528     0.00     0.00 -1 -6.09e-13      0.00 8.672e-01 1.327e-01 1.740e-05 4.795e-06 4.389e-05 -1.000 9.991e-05 3.355 3.678 3.901 3.481 3.172 2.868 2.497 2.192 2.163
0.00015547 -2.00000 10.13033 0.7628158331 2.4049880505    0.761  0.599  3.7846  3.811    2  0.000  0.529     0.00     0.00 -1 -7.05e-13      0.00 8.663e-01 1.336e-01 1.753e-05 4.831e-06 4.421e-05 -1.000 1.249e-04 3.273 3.625 3.845 3.405 3.083 2.767 2.379 2.061 2.028
0.00015547 -2.00000 10.13033 0.7637544274 2.4053535461    0.762  0.629  3.7769  3.751    2  0.000  0.529     0.00     0.00 -1 -8.09e-13      0.00 8.558e-01 1.441e-01 1.873e-05 5.160e-06 4.719e-05 -1.000 1.203e-04 3.197 3.584 3.800 3.336 3.001 2.673 2.267 1.935 1.898
0.00015547 -2.00000 10.13033 0.7645422816 2.4056599140    0.763  0.657  3.7696  3.694    2  0.000  0.531     0.00     0.00 -1 -9.22e-13      0.00 8.325e-01 1.674e-01 2.112e-05 5.807e-06 5.303e-05 -1.000 1.227e-04 3.127 3.549 3.758 3.273 2.924 2.584 2.162 1.817 1.775
0.00015547 -2.00000 10.13033 0.7652375698 2.4059293270    0.764  0.687  3.7625  3.636    2  0.000  0.533     0.00     0.00 -1 -1.05e-12      0.00 8.078e-01 1.921e-01 2.351e-05 6.448e-06 5.876e-05 -1.000 1.068e-04 3.053 3.515 3.715 3.207 2.845 2.494 2.055 1.698 1.651
0.00015547 -2.00000 10.13033 0.7658547163 2.4061682224    0.764  0.719  3.7560  3.578    2  0.000  0.535     0.00     0.00 -1 -1.21e-12      0.00 7.921e-01 2.078e-01 2.499e-05 6.844e-06 6.230e-05 -1.000 1.101e-04 2.972 3.474 3.663 3.134 2.760 2.398 1.945 1.577 1.525
0.00015547 -2.00000 10.13033 0.7664660215 2.4064042568    0.765  0.761  3.7504  3.514    2  0.000  0.536     0.00     0.00 -1 -1.43e-12      0.00 7.822e-01 2.176e-01 2.593e-05 7.095e-06 6.454e-05 -1.000 1.601e-04 2.868 3.407 3.586 3.039 2.654 2.282 1.816 1.438 1.382
0.00015547 -2.00000 10.13033 0.7669487596 2.4065904617    0.765  0.800  3.7467  3.460    2  0.000  0.536     0.00     0.00 -1 -1.67e-12      0.00 7.772e-01 2.226e-01 2.641e-05 7.223e-06 6.568e-05 -1.000 1.636e-04 2.769 3.335 3.504 2.945 2.553 2.176 1.700 1.316 1.257
0.00015547 -2.00000 10.13033 0.7672787905 2.4067175388    0.766  0.830  3.7444  3.421    2  0.000  0.536     0.00     0.00 -1 -1.88e-12      0.00 7.746e-01 2.253e-01 2.665e-05 7.288e-06 6.627e-05 -1.000 1.637e-04 2.694 3.277 3.440 2.874 2.478 2.096 1.615 1.227 1.166
0.00015547 -2.00000 10.13033 0.7675721049 2.4068305492    0.766  0.860  3.7428  3.385    3  0.000  0.536     0.00     0.00 -1  -2.1e-12      0.00 7.728e-01 2.271e-01 2.682e-05 7.332e-06 6.666e-05 -1.000 1.560e-04 2.620 3.215 3.374 2.802 2.403 2.019 1.534 1.143 1.081
0.00015547 -2.00000 10.13033 0.7679567337 2.4069783688    0.766  0.901  3.7408  3.337    3  0.000  0.537     0.00     0.00 -1 -2.43e-12      0.00 7.706e-01 2.292e-01 2.700e-05 7.382e-06 6.711e-05 -1.000 1.550e-04 2.519 3.128 3.282 2.704 2.301 1.914 1.423 1.029 0.965
0.00015547 -2.00000 10.13033 0.7683441639 2.4071271420    0.766  0.944  3.7390  3.286    3  0.000  0.537     0.00     0.00 -1 -2.84e-12      0.00 7.686e-01 2.312e-01 2.716e-05 7.424e-06 6.748e-05 -1.000 1.328e-04 2.410 3.034 3.182 2.599 2.193 1.802 1.307 0.908 0.844
0.00015547 -2.00000 10.13033 0.7687153220 2.4072694778    0.767  0.988  3.7374  3.236    3  0.000  0.537     0.00     0.00 -1 -3.33e-12      0.00 7.669e-01 2.330e-01 2.728e-05 7.457e-06 6.778e-05 -1.000 1.632e-04 2.299 2.937 3.079 2.491 2.082 1.689 1.189 0.787 0.721
0.00015547 -2.00000 10.13033 0.7691097856 2.4074206352    0.767  1.039  3.7357  3.179    3  0.000  0.537     0.00     0.00 -1 -3.99e-12      0.00 7.652e-01 2.347e-01 2.739e-05 7.488e-06 6.806e-05 -1.000 1.637e-04 2.173 2.826 2.962 2.369 1.957 1.561 1.056 0.649 0.583
0.00015547 -2.00000 10.13033 0.7694408298 2.4075472355    0.767  1.084  3.7343  3.128    3  0.000  0.537     0.00     0.00 -1  -4.7e-12      0.00 7.637e-01 2.361e-01 2.748e-05 7.511e-06 6.826e-05 -1.000 1.636e-04 2.060 2.726 2.856 2.258 1.845 1.446 0.936 0.526 0.460
0.00015547 -2.00000 10.13033 0.7697757483 2.4076752663    0.768  1.133  3.7328  3.073    3  0.000  0.537     0.00     0.00 -1 -5.61e-12      0.00 7.624e-01 2.374e-01 2.755e-05 7.532e-06 6.844e-05 -1.000 1.562e-04 1.937 2.614 2.740 2.138 1.722 1.321 0.807 0.393 0.325
0.00015547 -2.00000 10.13033 0.7701043487 2.4078009129    0.768  1.186  3.7312  3.014    3  0.000  0.537     0.00     0.00 -1 -6.77e-12      0.00 7.611e-01 2.387e-01 2.761e-05 7.551e-06 6.860e-05 -1.000 1.579e-04 1.805 2.495 2.616 2.009 1.590 1.187 0.668 0.249 0.182
0.00015547 -2.00000 10.13033 0.7703695893 2.4079020023    0.768  1.233  3.7298  2.962    3  0.000  0.536     0.00     0.00 -1 -8.01e-12      0.00 7.601e-01 2.397e-01 2.764e-05 7.565e-06 6.871e-05 -1.000 1.628e-04 1.688 2.391 2.506 1.895 1.474 1.069 0.545 0.123 0.055
0.00015547 -2.00000 10.13033 0.7706254125 2.4079995155    0.768  1.282  3.7283  2.907    3  0.000  0.536     0.00     0.00 -1 -9.55e-12      0.00 7.592e-01 2.407e-01 2.766e-05 7.580e-06 6.881e-05 -1.000 1.637e-04 1.566 2.283 2.391 1.775 1.352 0.944 0.416 -0.009 -0.078
0.00015547 -2.00000 10.13033 0.7708553076 2.4080872536    0.768  1.330  3.7269  2.853    3  0.000  0.536     0.00     0.00 -1 -1.14e-11      0.00 7.583e-01 2.415e-01 2.766e-05 7.596e-06 6.888e-05 -1.000 1.600e-04 1.446 2.176 2.278 1.658 1.232 0.822 0.290 -0.138 -0.208
0.00015547 -2.00000 10.13033 0.7710635066 2.4081664085    0.768  1.377  3.7254  2.800    3  0.000  0.535     0.00     0.00 -1 -1.35e-11      0.00 7.577e-01 2.422e-01 2.766e-05 7.612e-06 6.894e-05 -1.000 1.424e-04 1.327 2.072 2.167 1.542 1.113 0.701 0.165 -0.267 -0.337
0.00015547 -2.00000 10.13033 0.7712498903 2.4082374573    0.768  1.424  3.7239  2.747    3  0.000  0.535     0.00     0.00 -1 -1.59e-11      0.00 7.571e-01 2.427e-01 2.765e-05 7.629e-06 6.899e-05 -1.000 1.520e-04 1.210 1.969 2.058 1.429 0.997 0.583 0.042 -0.394 -0.464
0.00015547 -2.00000 10.13033 0.7714262009 2.4083044529    0.768  1.473  3.7224  2.693    3  0.000  0.534     0.00     0.00 -1  -1.9e-11      0.00 7.566e-01 2.432e-01 2.764e-05 7.647e-06 6.903e-05 -1.000 1.636e-04 1.089 1.862 1.945 1.311 0.877 0.460 -0.085 -0.525 -0.596
0.00015547 -2.00000 10.13033 0.7715828419 2.4083640575    0.768  1.520  3.7209  2.639    3  0.000  0.534     0.00     0.00 -1 -2.25e-11      0.00 7.563e-01 2.436e-01 2.762e-05 7.664e-06 6.905e-05 -1.000 1.637e-04 0.971 1.758 1.835 1.196 0.759 0.340 -0.210 -0.653 -0.725
0.00015547 -2.00000 10.13033 0.7717220187 2.4084169865    0.768  1.566  3.7193  2.587    3  0.000  0.533     0.00     0.00 -1 -2.66e-11      0.00 7.560e-01 2.438e-01 2.761e-05 7.676e-06 6.907e-05 -1.000 1.636e-04 0.856 1.657 1.729 1.085 0.646 0.223 -0.331 -0.778 -0.850
0.00015547 -2.00000 10.13033 0.7718480825 2.4084646702    0.768  1.611  3.7178  2.536    3  0.000  0.533     0.00     0.00 -1 -3.13e-11      0.00 7.559e-01 2.440e-01 2.760e-05 7.684e-06 6.908e-05 -1.000 1.435e-04 0.743 1.559 1.625 0.975 0.533 0.109 -0.450 -0.901 -0.974
0.00015547 -2.00000 10.13033 0.7719662786 2.4085097313    0.768  1.657  3.7162  2.483    3  0.000  0.533     0.00     0.00 -1  -3.7e-11      0.00 7.558e-01 2.440e-01 2.760e-05 7.689e-06 6.909e-05 -1.000 1.636e-04 0.627 1.460 1.518 0.863 0.418 -0.009 -0.572 -1.027 -1.101
0.00015547 -2.00000 10.13033 0.7720706463 2.4085493088    0.768  1.702  3.7146  2.432    3  0.000  0.533     0.00     0.00 -1 -4.35e-11      0.00 7.558e-01 2.441e-01 2.760e-05 7.691e-06 6.909e-05 -1.000 1.637e-04 0.515 1.369 1.417 0.755 0.307 -0.123 -0.691 -1.149 -1.224
0.00015547 -2.00000 10.13033 0.7721670866 2.4085857868    0.767  1.747  3.7130  2.380    3  0.000  0.533     0.00     0.00 -1 -5.12e-11      0.00 7.558e-01 2.441e-01 2.760e-05 7.692e-06 6.909e-05 -1.000 1.636e-04 0.403 1.276 1.314 0.646 0.195 -0.238 -0.811 -1.273 -1.348
0.00015547 -2.00000 10.13033 0.7722556591 2.4086194038    0.767  1.792  3.7114  2.329    3  0.000  0.533     0.00     0.00 -1 -6.02e-11      0.00 7.558e-01 2.441e-01 2.760e-05 7.692e-06 6.910e-05 -1.000 1.637e-04 0.290 1.183 1.212 0.537 0.083 -0.353 -0.930 -1.396 -1.472
0.00015547 -2.00000 10.13033 0.7723342776 2.4086492062    0.767  1.835  3.7098  2.279    3  0.000  0.533     0.00     0.00 -1 -7.29e-15      0.00 7.558e-01 2.441e-01 2.760e-05 7.693e-06 6.910e-05 -1.000 1.636e-04 0.182 1.095 1.115 0.433 -0.025 -0.464 -1.045 -1.515 -1.592
0.00015547 -2.00000 10.13033 0.7724069953 2.4086768627    0.767  1.879  3.7082  2.229    3  0.000  0.533     0.00     0.00 -1 -3.83e-17      0.00 7.558e-01 2.441e-01 2.760e-05 7.693e-06 6.910e-05 -1.000 1.636e-04 0.073 1.008 1.018 0.329 -0.133 -0.574 -1.161 -1.634 -1.712
0.00015547 -2.00000 10.13033 0.7724768519 2.4087033272    0.767  1.924  3.7065  2.177    3  0.000  0.533     0.00     0.00 -1 -1.28e-17      0.00 7.557e-01 2.441e-01 2.760e-05 7.693e-06 6.910e-05 -1.000 1.636e-04 -0.039 0.918 0.917 0.221 -0.244 -0.688 -1.280 -1.758 -1.836
0.00015547 -2.00000 10.13033 0.7725366354 2.4087259769    0.766  1.965  3.7049  2.129    3  0.000  0.533     0.00     0.00 -1 -1.46e-17      0.00 7.557e-01 2.441e-01 2.760e-05 7.694e-06 6.910e-05 -1.000 1.636e-04 -0.144 0.836 0.825 0.121 -0.348 -0.795 -1.392 -1.874 -1.953
0.00015547 -2.00000 10.13033 0.7725918889 2.4087469578    0.766  2.007  3.7033  2.080    3  0.000  0.533     0.00     0.00 -1 -1.67e-17      0.00 7.557e-01 2.441e-01 2.760e-05 7.694e-06 6.910e-05 -1.000 1.636e-04 -0.248 0.753 0.733 0.022 -0.451 -0.901 -1.503 -1.989 -2.069
0.00015547 -2.00000 10.13033 0.7726446986 2.4087669849    0.766  2.050  3.7016  2.031    3  0.000  0.533     0.00     0.00 -1 -1.91e-17      0.00 7.557e-01 2.441e-01 2.760e-05 7.694e-06 6.910e-05 -1.000 1.636e-04 -0.355 0.668 0.638 -0.081 -0.557 -1.010 -1.617 -2.107 -2.188
0.00015547 -2.00000 10.13033 0.7726908326 2.4087843895    0.766  2.090  3.6999  1.984    3  0.000  0.533     0.00     0.00 -1 -2.15e-17      0.00 7.557e-01 2.441e-01 2.760e-05 7.694e-06 6.910e-05 -1.000 1.637e-04 -0.454 0.592 0.552 -0.176 -0.655 -1.112 -1.723 -2.218 -2.300
0.00015547 -2.00000 10.13033 0.7727340460 2.4088008404    0.765  2.129  3.6983  1.938    3  0.000  0.533     0.00     0.00 -1 -2.43e-17      0.00 7.557e-01 2.441e-01 2.760e-05 7.694e-06 6.910e-05 -1.000 1.636e-04 -0.552 0.521 0.467 -0.269 -0.752 -1.211 -1.828 -2.327 -2.409
0.00015547 -2.00000 10.13033 0.7727789879 2.4088177681    0.765  2.167  3.6969  1.894    3  0.000  0.533     0.00     0.00 -1 -2.73e-17      0.00 7.557e-01 2.441e-01 2.760e-05 7.695e-06 6.910e-05 -1.000 1.636e-04 -0.648 0.450 0.384 -0.360 -0.847 -1.309 -1.930 -2.432 -2.515
0.00015547 -2.00000 10.13033 0.7728287578 2.4088366032    0.765  2.197  3.6957  1.860    3  0.000  0.533     0.00     0.00 -1 -3.03e-17      0.00 7.557e-01 2.441e-01 2.760e-05 7.695e-06 6.910e-05 -1.000 1.636e-04 -0.722 0.396 0.320 -0.429 -0.919 -1.384 -2.009 -2.514 -2.597
0.00015547 -2.00000 10.13033 0.7728511691 2.4088451862    0.764  2.191  3.6962  1.867    3  0.000  0.533     0.00     0.00 -1 -3.04e-17      0.00 7.557e-01 2.441e-01 2.760e-05 7.695e-06 6.910e-05 -1.000 1.637e-04 -0.708 0.403 0.330 -0.417 -0.906 -1.370 -1.993 -2.498 -2.581
0.00015547 -2.00000 10.13033 0.7728570104 2.4088473320    0.764  2.198  3.6959  1.859    3  0.000  0.533     0.00     0.00 -1  -3.1e-17      0.00 7.557e-01 2.441e-01 2.760e-05 7.695e-06 6.910e-05 -1.000 1.636e-04 -0.724 0.392 0.317 -0.432 -0.922 -1.386 -2.010 -2.515 -2.598
0.00015547 -2.00000 10.13033 0.7728892565 2.4088594913    0.764  2.239  3.6940  1.810    3  0.000  0.533     0.00     0.00 -1 -3.47e-17      0.00 7.557e-01 2.441e-01 2.760e-05 7.695e-06 6.911e-05 -1.000 1.636e-04 -0.827 0.319 0.229 -0.530 -1.024 -1.491 -2.121 -2.631 -2.715
0.00015547 -2.00000 10.13033 0.7729218602 2.4088718891    0.764  2.283  3.6923  1.759    3  0.000  0.533     0.00     0.00 -1 -3.93e-17      0.00 7.557e-01 2.441e-01 2.760e-05 7.695e-06 6.911e-05 -1.000 1.636e-04 -0.937 0.239 0.135 -0.634 -1.132 -1.603 -2.239 -2.753 -2.838
0.00015547 -2.00000 10.13033 0.7729495764 2.4088823795    0.763  2.323  3.6904  1.711    3  0.000  0.533     0.00     0.00 -1  -4.4e-17      0.00 7.557e-01 2.441e-01 2.760e-05 7.696e-06 6.911e-05 -1.000 1.636e-04 -1.037 0.170 0.051 -0.727 -1.230 -1.705 -2.347 -2.865 -2.951
0.00015547 -2.00000 10.13033 0.7729767561 2.4088926315    0.763  2.365  3.6885  1.662    3  0.000  0.533     0.00     0.00 -1 -4.94e-17      0.00 7.557e-01 2.441e-01 2.760e-05 7.696e-06 6.911e-05 -1.000 1.636e-04 -1.142 0.100 -0.035 -0.825 -1.333 -1.812 -2.459 -2.983 -3.070
0.00015547 -2.00000 10.13033 0.7730022073 2.4089024067    0.762  2.407  3.6867  1.612    3  0.000  0.533     0.00     0.00 -1 -5.55e-17      0.00 7.557e-01 2.441e-01 2.760e-05 7.696e-06 6.911e-05 -1.000 1.636e-04 -1.247 0.028 -0.123 -0.923 -1.436 -1.918 -2.572 -3.101 -3.188
0.00015547 -2.00000 10.13033 0.7730244398 2.4089107513    0.762  2.446  3.6848  1.565    3  0.000  0.533     0.00     0.00 -1  -6.2e-17      0.00 7.557e-01 2.441e-01 2.760e-05 7.696e-06 6.911e-05 -1.000 1.637e-04 -1.346 0.012 -0.189 -1.017 -1.537 -2.023 -2.682 -3.216 -3.302
0.00015547 -2.00000 10.13033 0.7730464339 2.4089190960    0.761  2.489  3.6829  1.515    3  0.000  0.533     0.00     0.00 -1 -6.95e-17      0.00 7.557e-01 2.441e-01 2.760e-05 7.696e-06 6.911e-05 -1.000 1.637e-04 -1.451 -0.014 -0.262 -1.117 -1.644 -2.133 -2.798 -3.338 -3.421
0.00015547 -2.00000 10.13033 0.7730660439 2.4089264870    0.760  2.529  3.6810  1.467    3  0.000  0.533     0.00     0.00 -1 -7.74e-17      0.00 7.557e-01 2.441e-01 2.760e-05 7.696e-06 6.911e-05 -1.000 1.636e-04 -1.552 -0.115 -0.352 -1.206 -1.737 -2.231 -2.903 -3.448 -3.535
0.00015547 -2.00000 10.13033 0.7730842829 2.4089334011    0.760  2.569  3.6791  1.418    3  0.000  0.533     0.00     0.00 -1 -8.62e-17      0.00 7.557e-01 2.441e-01 2.760e-05 7.696e-06 6.911e-05 -1.000 1.636e-04 -1.652 -0.147 -0.422 -1.298 -1.836 -2.335 -3.013 -3.562 -3.649
0.00015547 -2.00000 10.13033 0.7731016278 2.4089398384    0.759  2.609  3.6772  1.370    3  0.000  0.533     0.00     0.00 -1 -9.61e-17      0.00 7.557e-01 2.441e-01 2.760e-05 7.696e-06 6.911e-05 -1.000 1.637e-04 -1.753 -0.176 -0.490 -1.390 -1.937 -2.440 -3.124 -3.679 -3.765
0.00015547 -2.00000 10.13033 0.7731203437 2.4089469910    0.758  2.657  3.6748  1.312    3  0.000  0.533     0.00     0.00 -1 -1.09e-16      0.00 7.557e-01 2.441e-01 2.760e-05 7.696e-06 6.911e-05 -1.000 1.636e-04 -1.871 -0.198 -0.564 -1.495 -2.053 -2.562 -3.254 -3.815 -3.900
0.00015547 -2.00000 10.13033 0.7731354237 2.4089527130    0.757  2.698  3.6728  1.263    3  0.000  0.533     0.00     0.00 -1 -1.21e-16      0.00 7.557e-01 2.441e-01 2.760e-05 7.696e-06 6.911e-05 -1.000 1.636e-04 -1.974 -0.215 -0.627 -1.586 -2.153 -2.668 -3.367 -3.933 -4.018
0.00015547 -2.00000 10.13033 0.7731509209 2.4089586735    0.756  2.743  3.6704  1.207    3  0.000  0.533     0.00     0.00 -1 -1.37e-16      0.00 7.557e-01 2.442e-01 2.760e-05 7.696e-06 6.911e-05 -1.000 1.637e-04 -2.088 -0.219 -0.689 -1.685 -2.265 -2.786 -3.493 -4.065 -4.150
0.00015547 -2.00000 10.13033 0.7731637359 2.4089634418    0.755  2.784  3.6684  1.158    3  0.000  0.533     0.00     0.00 -1 -1.52e-16      0.00 7.557e-01 2.442e-01 2.760e-05 7.697e-06 6.911e-05 -1.000 1.637e-04 -2.189 -0.225 -0.747 -1.773 -2.363 -2.890 -3.604 -4.181 -4.265
0.00015547 -2.00000 10.13033 0.7731767297 2.4089682102    0.754  2.828  3.6659  1.103    3  0.000  0.533     0.00     0.00 -1 -1.71e-16      0.00 7.557e-01 2.442e-01 2.760e-05 7.697e-06 6.911e-05 -1.000 1.637e-04 -2.299 -0.205 -0.796 -1.864 -2.469 -3.004 -3.727 -4.311 -4.394
0.00015547 -2.00000 10.13033 0.7731875777 2.4089725018    0.753  2.867  3.6640  1.055    3  0.000  0.533     0.00     0.00 -1 -1.89e-16      0.00 7.557e-01 2.442e-01 2.760e-05 7.697e-06 6.911e-05 -1.000 1.637e-04 -2.397 -0.197 -0.845 -1.947 -2.564 -3.105 -3.835 -4.424 -4.507
0.00015547 -2.00000 10.13033 0.7731989622 2.4089767933    0.751  2.911  3.6614  1.000    3  0.000  0.533     0.00     0.00 -1 -2.12e-16      0.00 7.557e-01 2.442e-01 2.760e-05 7.697e-06 6.911e-05 -1.000 1.636e-04 -2.508 -0.156 -0.883 -2.035 -2.669 -3.220 -3.960 -4.555 -4.637
0.00015547 -2.00000 10.13033 0.7732104659 2.4089810848    0.749  2.960  3.6589  0.941    3  0.000  0.533     0.00     0.00 -1  -2.4e-16      0.00 7.557e-01 2.442e-01 2.760e-05 7.697e-06 6.911e-05 -1.000 1.636e-04 -2.629 -0.107 -0.921 -2.129 -2.783 -3.344 -4.094 -4.696 -4.777
0.00015547 -2.00000 10.13033 0.7732198238 2.4089846611    0.747  3.002  3.6564  0.887    3  0.000  0.533     0.00     0.00 -1 -2.67e-16      0.00 7.557e-01 2.442e-01 2.760e-05 7.697e-06 6.911e-05 -1.000 1.637e-04 -2.734 -0.076 -0.955 -2.207 -2.879 -3.450 -4.211 -4.820 -4.901
0.00015547 -2.00000 10.13033 0.7732278705 2.4089877605    0.746  3.040  3.6543  0.840    3  0.000  0.533     0.00     0.00 -1 -2.95e-16      0.00 7.557e-01 2.442e-01 2.760e-05 7.697e-06 6.911e-05 -1.000 1.636e-04 -2.830 -0.073 -0.998 -2.281 -2.966 -3.546 -4.316 -4.930 -5.012
0.00015547 -2.00000 10.13033 0.7732361555 2.4089908600    0.744  3.082  3.6517  0.786    3  0.000  0.533     0.00     0.00 -1 -3.29e-16      0.00 7.557e-01 2.442e-01 2.760e-05 7.697e-06 6.911e-05 -1.000 1.637e-04 -2.936 -0.060 -1.039 -2.360 -3.061 -3.651 -4.433 -5.053 -5.136
0.00015547 -2.00000 10.13033 0.7732446194 2.4089939594    0.741  3.129  3.6491  0.728    3  0.000  0.533     0.00     0.00 -1 -3.69e-16      0.00 7.557e-01 2.442e-01 2.760e-05 7.697e-06 6.911e-05 -1.000 1.636e-04 -3.051 -0.051 -1.087 -2.446 -3.165 -3.766 -4.558 -5.186 -5.271
0.00015547 -2.00000 10.13033 0.7732517719 2.4089968204    0.739  3.170  3.6466  0.675    3  0.000  0.533     0.00     0.00 -1 -4.11e-16      0.00 7.557e-01 2.442e-01 2.760e-05 7.697e-06 6.911e-05 -1.000 1.636e-04 -3.155 -0.037 -1.127 -2.522 -3.257 -3.867 -4.671 -5.307 -5.392
0.00015547 -2.00000 10.13033 0.7732589245 2.4089994431    0.736  3.214  3.6440  0.619    3  0.000  0.533     0.00     0.00 -1 -4.59e-16      0.00 7.557e-01 2.442e-01 2.760e-05 7.697e-06 6.911e-05 -1.000 1.636e-04 -3.265 -0.022 -1.168 -2.601 -3.353 -3.975 -4.791 -5.434 -5.520
0.00015547 -2.00000 10.13033 0.7732656002 2.4090018272    0.733  3.255  3.6416  0.566    3  0.000  0.533     0.00     0.00 -1  -5.1e-16      0.00 7.557e-01 2.442e-01 2.760e-05 7.697e-06 6.911e-05 -1.000 1.636e-04 -3.368 -0.003 -1.203 -2.674 -3.444 -4.076 -4.903 -5.553 -5.641
0.00015547 -2.00000 10.13033 0.7732674479 2.4090025425    0.732  3.266  3.6410  0.553    3  0.000  0.533     0.00     0.00 -1 -5.26e-16      0.00 7.557e-01 2.442e-01 2.760e-05 7.697e-06 6.911e-05 -1.000 1.636e-04 -3.394 0.001 -1.213 -2.693 -3.467 -4.102 -4.932 -5.584 -5.671
0.00015547 -2.00000 10.13033 0.7732674479 2.4090025425    0.711  1.642  3.9497  3.399    4  0.000  0.532     0.00     0.00 -1    -1e-30      0.00 7.549e-01 2.450e-01 2.759e-05 7.739e-06 6.924e-05 -1.000 1.636e-04 0.666 0.810 0.769 0.759 0.742 0.717 0.677 0.659 0.655
0.00015547 -2.00000 10.13033 0.7732687593 2.4090030193    0.711  1.653  3.9436  3.364    4  0.000  0.532     0.00     0.00 -1    -1e-30      0.00 7.549e-01 2.450e-01 2.759e-05 7.739e-06 6.924e-05 -1.000 1.637e-04 0.638 0.784 0.731 0.713 0.690 0.659 0.610 0.588 0.582
0.00015547 -2.00000 10.13033 0.7733155489 2.4090209007    0.711  1.666  3.9374  3.326    4  0.000  0.532     0.00     0.00 -1    -1e-30      0.00 7.549e-01 2.450e-01 2.759e-05 7.739e-06 6.924e-05 -1.000 1.637e-04 0.606 0.753 0.688 0.662 0.634 0.596 0.537 0.510 0.504
0.00015547 -2.00000 10.13033 0.7733634710 2.4090390205    0.711  1.666  3.9376  3.326    4  0.000  0.532     0.00     0.00 -1    -1e-30      0.00 7.549e-01 2.450e-01 2.759e-05 7.739e-06 6.924e-05 -1.000 1.636e-04 0.605 0.752 0.687 0.661 0.634 0.596 0.537 0.511 0.504
0.00015547 -2.00000 10.13033 0.7734129429 2.4090576172    0.711  1.666  3.9380  3.328    4  0.000  0.532     0.00     0.00 -1    -1e-30      0.00 7.549e-01 2.450e-01 2.759e-05 7.739e-06 6.924e-05 -1.000 1.636e-04 0.605 0.752 0.688 0.663 0.636 0.598 0.541 0.514 0.507
0.00015547 -2.00000 10.13033 0.7734625936 2.4090764523    0.711  1.666  3.9382  3.329    4  0.000  0.532     0.00     0.00 -1    -1e-30      0.00 7.549e-01 2.450e-01 2.759e-05 7.739e-06 6.924e-05 -1.000 1.637e-04 0.606 0.753 0.689 0.664 0.637 0.600 0.543 0.516 0.510
0.00015547 -2.00000 10.13033 0.7735123634 2.4090952873    0.711  1.666  3.9382  3.329    4  0.000  0.532     0.00     0.00 -1    -1e-30      0.00 7.549e-01 2.450e-01 2.759e-05 7.739e-06 6.924e-05 -1.000 1.637e-04 0.606 0.753 0.689 0.664 0.637 0.600 0.543 0.516 0.510
0.00015547 -2.00000 10.13033 0.7735626698 2.4091141224    0.712  1.666  3.9379  3.328    4  0.000  0.532     0.00     0.00 -1    -1e-30      0.00 7.549e-01 2.450e-01 2.759e-05 7.739e-06 6.924e-05 -1.000 1.637e-04 0.606 0.753 0.688 0.663 0.636 0.598 0.541 0.514 0.507
0.00015547 -2.00000 10.13033 0.7736137509 2.4091334343    0.712  1.666  3.9373  3.325    4  0.000  0.532     0.00     0.00 -1    -1e-30      0.00 7.549e-01 2.450e-01 2.759e-05 7.739e-06 6.924e-05 -1.000 1.637e-04 0.605 0.752 0.687 0.661 0.633 0.594 0.535 0.508 0.502
0.00015547 -2.00000 10.13033 0.7736647129 2.4091527462    0.712  1.667  3.9363  3.321    4  0.000  0.532     0.00     0.00 -1    -1e-30      0.00 7.549e-01 2.450e-01 2.759e-05 7.739e-06 6.924e-05 -1.000 1.637e-04 0.603 0.751 0.684 0.657 0.628 0.588 0.528 0.500 0.493
0.00015547 -2.00000 10.13033 0.7737130523 2.4091711044    0.712  1.668  3.9350  3.315    4  0.000  0.532     0.00     0.00 -1    -1e-30      0.00 7.549e-01 2.450e-01 2.759e-05 7.739e-06 6.924e-05 -1.000 1.636e-04 0.601 0.750 0.681 0.651 0.621 0.580 0.517 0.488 0.481
0.00015547 -2.00000 10.13033 0.7737619877 2.4091894627    0.712  1.669  3.9332  3.306    4  0.000  0.532     0.00     0.00 -1    -1e-30      0.00 7.549e-01 2.450e-01 2.759e-05 7.739e-06 6.924e-05 -1.000 1.636e-04 0.598 0.748 0.675 0.643 0.611 0.568 0.503 0.472 0.465
0.00015547 -2.00000 10.13033 0.7738097906 2.4092075825    0.712  1.670  3.9310  3.296    4  0.000  0.532     0.00     0.00 -1    -1e-30      0.00 7.549e-01 2.450e-01 2.759e-05 7.739e-06 6.924e-05 -1.000 1.636e-04 0.594 0.745 0.669 0.633 0.599 0.554 0.485 0.452 0.444
0.00015547 -2.00000 10.13033 0.7738580108 2.4092257023    0.712  1.672  3.9283  3.283    4  0.000  0.532     0.00     0.00 -1    -1e-30      0.00 7.549e-01 2.450e-01 2.759e-05 7.739e-06 6.924e-05 -1.000 1.637e-04 0.590 0.743 0.663 0.623 0.585 0.537 0.463 0.428 0.419
0.00015547 -2.00000 10.13033 0.7739046812 2.4092433453    0.712  1.674  3.9252  3.269    4  0.000  0.532     0.00     0.00 -1    -1e-30      0.00 7.549e-01 2.450e-01 2.759e-05 7.739e-06 6.924e-05 -1.000 1.637e-04 0.584 0.739 0.656 0.611 0.570 0.517 0.438 0.400 0.391
0.00015547 -2.00000 10.13033 0.7739518881 2.4092612267    0.712  1.677  3.9215  3.252    4  0.000  0.532     0.00     0.00 -1    -1e-30      0.00 7.549e-01 2.450e-01 2.759e-05 7.739e-06 6.924e-05 -1.000 1.637e-04 0.578 0.735 0.648 0.597 0.551 0.494 0.409 0.367 0.357
0.00015547 -2.00000 10.13033 0.7739984989 2.4092788696    0.712  1.680  3.9173  3.232    4  0.000  0.532     0.00     0.00 -1    -1e-30      0.00 7.549e-01 2.450e-01 2.759e-05 7.739e-06 6.924e-05 -1.000 1.637e-04 0.570 0.731 0.641 0.582 0.531 0.468 0.376 0.329 0.318
0.00015547 -2.00000 10.13033 0.7740493417 2.4092979431    0.712  1.684  3.9123  3.208    4  0.000  0.532     0.00     0.00 -1    -1e-30      0.00 7.549e-01 2.450e-01 2.759e-05 7.739e-06 6.924e-05 -1.000 1.637e-04 0.561 0.726 0.633 0.565 0.507 0.436 0.335 0.282 0.271
0.00015547 -2.00000 10.13033 0.7740964293 2.4093158245    0.712  1.687  3.9071  3.184    4  0.000  0.532     0.00     0.00 -1    -1e-30      0.00 7.549e-01 2.450e-01 2.759e-05 7.739e-06 6.924e-05 -1.000 1.636e-04 0.552 0.722 0.627 0.549 0.483 0.405 0.294 0.235 0.223
0.00015547 -2.00000 10.13033 0.7741445899 2.4093339443    0.712  1.692  3.9011  3.155    4  0.000  0.532     0.00     0.00 -1    -1e-30      0.00 7.549e-01 2.450e-01 2.759e-05 7.739e-06 6.924e-05 -1.000 1.637e-04 0.541 0.717 0.622 0.531 0.456 0.369 0.247 0.180 0.167
0.00015547 -2.00000 10.13033 0.7741916180 2.4093515873    0.712  1.696  3.8948  3.126    4  0.000  0.532     0.00     0.00 -1    -1e-30      0.00 7.549e-01 2.450e-01 2.759e-05 7.739e-06 6.924e-05 -1.000 1.637e-04 0.530 0.713 0.621 0.514 0.429 0.331 0.198 0.121 0.108
0.00015547 -2.00000 10.13033 0.7742384076 2.4093692303    0.712  1.701  3.8880  3.094    4  0.000  0.532     0.00     0.00 -1    -1e-30      0.00 7.549e-01 2.450e-01 2.759e-05 7.739e-06 6.924e-05 -1.000 1.637e-04 0.518 0.710 0.623 0.498 0.401 0.292 0.145 0.059 0.044
0.00015547 -2.00000 10.13033 0.7742474675 2.4093728065    0.712  1.702  3.8866  3.087    4  0.000  0.532     0.00     0.00 -1    -1e-30      0.00 7.549e-01 2.450e-01 2.759e-05 7.739e-06 6.924e-05 -1.000 1.637e-04 0.515 0.709 0.624 0.496 0.396 0.284 0.135 0.046 0.032
0.00015547 -2.00000 10.13033 0.7742707133 2.4093813896    0.712  1.704  3.8832  3.071    4  0.000  0.532     0.00     0.00 -1    -1e-30      0.00 7.549e-01 2.450e-01 2.759e-05 7.739e-06 6.924e-05 -1.000 1.636e-04 0.509 0.707 0.627 0.489 0.383 0.265 0.109 0.015 -0.000
0.00015547 -2.00000 10.13033 0.7743189931 2.4093997478    0.712  1.710  3.8760  3.037    4  0.000  0.532     0.00     0.00 -1    -1e-30      0.00 7.549e-01 2.450e-01 2.759e-05 7.739e-06 6.924e-05 -1.000 1.636e-04 0.496 0.705 0.635 0.476 0.356 0.226 0.054 -0.052 -0.068
0.00015547 -2.00000 10.13033 0.7743650675 2.4094169140    0.712  1.715  3.8686  3.002    4  0.000  0.532     0.00     0.00 -1    -1e-30      0.00 7.549e-01 2.450e-01 2.759e-05 7.739e-06 6.924e-05 -1.000 1.637e-04 0.483 0.702 0.644 0.465 0.330 0.186 -0.000 -0.120 -0.137
0.00015547 -2.00000 10.13033 0.7744122148 2.4094347954    0.712  1.721  3.8605  2.964    4  0.000  0.532     0.00     0.00 -1    -1e-30      0.00 7.549e-01 2.450e-01 2.759e-05 7.739e-06 6.924e-05 -1.000 1.637e-04 0.468 0.699 0.655 0.455 0.304 0.145 -0.060 -0.195 -0.212
0.00015547 -2.00000 10.13033 0.7744580507 2.4094519615    0.713  1.727  3.8523  2.925    4  0.000  0.532     0.00     0.00 -1    -1e-30      0.00 7.549e-01 2.450e-01 2.759e-05 7.739e-06 6.924e-05 -1.000 1.637e-04 0.453 0.697 0.668 0.447 0.280 0.105 -0.118 -0.271 -0.289
0.00015547 -2.00000 10.13033 0.7745038867 2.4094693661    0.713  1.733  3.8442  2.887    4  0.000  0.532     0.00     0.00 -1    -1e-30      0.00 7.549e-01 2.450e-01 2.759e-05 7.739e-06 6.924e-05 -1.000 1.637e-04 0.438 0.695 0.681 0.440 0.257 0.066 -0.175 -0.345 -0.364
0.00015547 -2.00000 10.13033 0.7745505571 2.4094870090    0.713  1.739  3.8357  2.847    4  0.000  0.532     0.00     0.00 -1    -1e-30      0.00 7.549e-01 2.450e-01 2.759e-05 7.739e-06 6.924e-05 -1.000 1.637e-04 0.422 0.695 0.696 0.434 0.233 0.026 -0.235 -0.423 -0.443
0.00015547 -2.00000 10.13033 0.7745972872 2.4095044136    0.713  1.745  3.8275  2.807    4  0.000  0.532     0.00     0.00 -1    -1e-30      0.00 7.549e-01 2.450e-01 2.759e-05 7.739e-06 6.924e-05 -1.000 1.636e-04 0.406 0.696 0.711 0.428 0.210 -0.013 -0.293 -0.498 -0.520
0.00015547 -2.00000 10.13033 0.7746433020 2.4095218182    0.713  1.752  3.8195  2.769    4  0.000  0.532     0.00     0.00 -1    -1e-30      0.00 7.549e-01 2.450e-01 2.759e-05 7.739e-06 6.924e-05 -1.000 1.636e-04 0.390 0.698 0.727 0.422 0.188 -0.050 -0.349 -0.573 -0.596
0.00015547 -2.00000 10.13033 0.7746898532 2.4095394611    0.713  1.759  3.8115  2.730    4  0.000  0.532     0.00     0.00 -1    -1e-30      0.00 7.549e-01 2.450e-01 2.759e-05 7.739e-06 6.924e-05 -1.000 1.637e-04 0.372 0.700 0.741 0.415 0.165 -0.087 -0.406 -0.648 -0.672
0.00015547 -2.00000 10.13033 0.7747389674 2.4095578194    0.713  1.769  3.8022  2.683    4  0.000  0.532     0.00     0.00 -1    -1e-30      0.00 7.549e-01 2.450e-01 2.759e-05 7.739e-06 6.924e-05 -1.000 1.637e-04 0.349 0.702 0.761 0.406 0.138 -0.132 -0.474 -0.737 -0.765
0.00015547 -2.00000 10.13033 0.7747849226 2.4095752239    0.713  1.779  3.7933  2.637    4  0.000  0.532     0.00     0.00 -1    -1e-30      0.00 7.549e-01 2.450e-01 2.759e-05 7.739e-06 6.924e-05 -1.000 1.637e-04 0.322 0.703 0.777 0.395 0.108 -0.179 -0.543 -0.826 -0.857
0.00015547 -2.00000 10.13033 0.7748236656 2.4095897675    0.713  1.792  3.7844  2.588    4  0.000  0.532     0.00     0.00 -1    -1e-30      0.00 7.549e-01 2.450e-01 2.759e-05 7.739e-06 6.924e-05 -1.000 1.637e-04 0.290 0.701 0.788 0.379 0.073 -0.230 -0.616 -0.921 -0.955
0.00015547 -2.00000 10.13033 0.7748482823 2.4095990658    0.713  1.807  3.7765  2.542    4  0.000  0.532     0.00     0.00 -1    -1e-30      0.00 7.549e-01 2.450e-01 2.759e-05 7.739e-06 6.924e-05 -1.000 1.637e-04 0.252 0.695 0.789 0.355 0.034 -0.284 -0.690 -1.014 -1.051
0.00015547 -2.00000 10.13033 0.7748656869 2.4096055031    0.713  1.820  3.7701  2.503    4  0.000  0.532     0.00     0.00 -1    -1e-30      0.00 7.549e-01 2.450e-01 2.759e-05 7.739e-06 6.924e-05 -1.000 1.637e-04 0.219 0.692 0.788 0.334 0.000 -0.329 -0.753 -1.092 -1.131
0.00015547 -2.00000 10.13033 0.7748760581 2.4096095562    0.713  1.835  3.7642  2.464    4  0.000  0.532     0.00     0.00 -1    -1e-30      0.00 7.549e-01 2.450e-01 2.759e-05 7.739e-06 6.924e-05 -1.000 1.636e-04 0.181 0.683 0.781 0.308 -0.038 -0.378 -0.817 -1.170 -1.212
0.00015547 -2.00000 10.13033 0.7748838067 2.4096124172    0.713  1.847  3.7593  2.433    4  0.000  0.532     0.00     0.00 -1    -1e-30      0.00 7.549e-01 2.450e-01 2.759e-05 7.739e-06 6.924e-05 -1.000 1.637e-04 0.151 0.677 0.777 0.287 -0.068 -0.417 -0.869 -1.233 -1.278
0.00015547 -2.00000 10.13033 0.7748893499 2.4096145630    0.713  1.863  3.7542  2.397    4  0.000  0.532     0.00     0.00 -1    -1e-30      0.00 7.549e-01 2.450e-01 2.759e-05 7.739e-06 6.924e-05 -1.000 1.637e-04 0.113 0.668 0.767 0.259 -0.107 -0.464 -0.929 -1.305 -1.353
0.00015547 -2.00000 10.13033 0.7748939991 2.4096162319    0.713  1.879  3.7490  2.360    4  0.000  0.532     0.00     0.00 -1    -1e-30      0.00 7.549e-01 2.450e-01 2.759e-05 7.739e-06 6.924e-05 -1.000 1.637e-04 0.071 0.656 0.753 0.228 -0.148 -0.514 -0.993 -1.380 -1.431
0.00015547 -2.00000 10.13033 0.7748976946 2.4096176624    0.713  1.904  3.7429  2.311    4  0.000  0.532     0.00     0.00 -1    -1e-30      0.00 7.549e-01 2.450e-01 2.759e-05 7.739e-06 6.924e-05 -1.000 1.637e-04 0.011 0.634 0.726 0.180 -0.208 -0.585 -1.079 -1.479 -1.534
0.00015547 -2.00000 10.13033 0.7749001384 2.4096186161    0.713  1.929  3.7375  2.264    4  0.000  0.532     0.00     0.00 -1    -1e-30      0.00 7.549e-01 2.450e-01 2.759e-05 7.739e-06 6.924e-05 -1.000 1.637e-04 -0.052 0.611 0.694 0.129 -0.270 -0.657 -1.165 -1.577 -1.635
0.00015547 -2.00000 10.13033 0.7749017477 2.4096190929    0.713  1.958  3.7323  2.215    4  0.000  0.532     0.00     0.00 -1    -1e-30      0.00 7.549e-01 2.450e-01 2.759e-05 7.739e-06 6.924e-05 -1.000 1.636e-04 -0.124 0.582 0.653 0.068 -0.342 -0.738 -1.260 -1.683 -1.744
0.00015547 -2.00000 10.13033 0.7749025822 2.4096195698    0.713  1.980  3.7290  2.179    7  0.000  0.532     0.00     0.00 -1    -1e-30      0.00 7.549e-01 2.450e-01 2.759e-05 7.739e-06 6.924e-05 -1.000 1.636e-04 -0.181 0.555 0.617 0.019 -0.398 -0.800 -1.331 -1.761 -1.824
0.00015547 -2.00000 10.13033 0.7749032974 2.4096198082    0.713  2.010  3.7256  2.135    7  0.000  0.532     0.00     0.00 -1    -1e-30      0.00 7.549e-01 2.450e-01 2.759e-05 7.739e-06 6.924e-05 -1.000 1.637e-04 -0.255 0.513 0.563 -0.048 -0.471 -0.880 -1.420 -1.857 -1.922
0.00015547 -2.00000 10.13033 0.7749041319 2.4096200466    0.713  2.048  3.7217  2.082    7  0.000  0.532     0.00     0.00 -1    -1e-30      0.00 7.549e-01 2.450e-01 2.759e-05 7.739e-06 6.924e-05 -1.000 1.637e-04 -0.350 0.455 0.492 -0.134 -0.565 -0.980 -1.531 -1.977 -2.044
0.00015547 -2.00000 10.13033 0.7749049664 2.4096202850    0.713  2.088  3.7182  2.028    7  0.000  0.532     0.00     0.00 -1    -1e-30      0.00 7.549e-01 2.450e-01 2.759e-05 7.739e-06 6.924e-05 -1.000 1.636e-04 -0.450 0.392 0.416 -0.226 -0.664 -1.085 -1.646 -2.100 -2.169
0.00015547 -2.00000 10.13033 0.7749058008 2.4096207619    0.713  2.126  3.7152  1.978    7  0.000  0.532     0.00     0.00 -1    -1e-30      0.00 7.549e-01 2.450e-01 2.759e-05 7.739e-06 6.924e-05 -1.000 1.637e-04 -0.545 0.332 0.342 -0.313 -0.758 -1.185 -1.754 -2.215 -2.285
0.00015547 -2.00000 10.13033 0.7749069929 2.4096212387    0.713  2.164  3.7124  1.929    7  0.000  0.532     0.00     0.00 -1    -1e-30      0.00 7.549e-01 2.450e-01 2.759e-05 7.739e-06 6.924e-05 -1.000 1.637e-04 -0.640 0.271 0.267 -0.401 -0.852 -1.284 -1.861 -2.328 -2.400
0.00015547 -2.00000 10.13033 0.7749092579 2.4096219540    0.713  2.161  3.7129  1.934    7  0.000  0.532     0.00     0.00 -1    -1e-30      0.00 7.549e-01 2.450e-01 2.759e-05 7.739e-06 6.924e-05 -1.000 1.637e-04 -0.632 0.274 0.272 -0.394 -0.844 -1.275 -1.850 -2.316 -2.388
0.00015547 -2.00000 10.13033 0.7749128938 2.4096233845    0.713  2.139  3.7145  1.962    7  0.000  0.532     0.00     0.00 -1    -1e-30      0.00 7.549e-01 2.450e-01 2.759e-05 7.739e-06 6.924e-05 -1.000 1.637e-04 -0.577 0.309 0.315 -0.343 -0.789 -1.218 -1.788 -2.251 -2.322
0.00015547 -2.00000 10.13033 0.7749355435 2.4096319675    0.713  2.147  3.7132  1.949    7  0.000  0.532     0.00     0.00 -1    -1e-30      0.00 7.549e-01 2.450e-01 2.759e-05 7.739e-06 6.924e-05 -1.000 1.636e-04 -0.598 0.302 0.303 -0.361 -0.811 -1.241 -1.815 -2.281 -2.352
0.00015547 -2.00000 10.13033 0.7749500871 2.4096374512    0.713  2.183  3.7105  1.902    7  0.000  0.532     0.00     0.00 -1    -1e-30      0.00 7.549e-01 2.450e-01 2.759e-05 7.739e-06 6.924e-05 -1.000 1.636e-04 -0.688 0.247 0.234 -0.443 -0.899 -1.335 -1.917 -2.389 -2.462
0.00015547 -2.00000 10.13033 0.7749714851 2.4096453190    0.713  2.234  3.7069  1.837    7  0.000  0.532     0.00     0.00 -1    -1e-30      0.00 7.549e-01 2.450e-01 2.759e-05 7.739e-06 6.924e-05 -1.000 1.637e-04 -0.814 0.170 0.135 -0.560 -1.023 -1.466 -2.058 -2.538 -2.614
0.00015547 -2.00000 10.13033 0.7749890089 2.4096519947    0.713  2.275  3.7042  1.785    7  0.000  0.532     0.00     0.00 -1    -1e-30      0.00 7.549e-01 2.450e-01 2.759e-05 7.739e-06 6.924e-05 -1.000 1.637e-04 -0.918 0.104 0.053 -0.656 -1.126 -1.574 -2.174 -2.661 -2.737
0.00015547 -2.00000 10.13033 0.7750046849 2.4096579552    0.713  2.317  3.7016  1.733    7  0.000  0.532     0.00     0.00 -1    -1e-30      0.00 7.549e-01 2.450e-01 2.759e-05 7.739e-06 6.924e-05 -1.000 1.637e-04 -1.022 0.038 -0.030 -0.751 -1.228 -1.681 -2.289 -2.782 -2.860
0.00015547 -2.00000 10.13033 0.7750185132 2.4096632004    0.713  2.358  3.6990  1.681    7  0.000  0.532     0.00     0.00 -1    -1e-30      0.00 7.549e-01 2.450e-01 2.759e-05 7.740e-06 6.924e-05 -1.000 1.636e-04 -1.125 -0.027 -0.112 -0.847 -1.329 -1.787 -2.403 -2.902 -2.981
0.00015547 -2.00000 10.13033 0.7750308514 2.4096677303    0.713  2.400  3.6966  1.630    7  0.000  0.531     0.00     0.00 -1    -1e-30      0.00 7.549e-01 2.449e-01 2.755e-05 7.749e-06 6.924e-05 -1.000 1.636e-04 -1.229 -0.091 -0.194 -0.942 -1.431 -1.893 -2.517 -3.022 -3.103
0.00015547 -2.00000 10.13033 0.7750416398 2.4096717834    0.713  2.441  3.6941  1.579    7  0.000  0.528     0.00     0.00 -1    -1e-30      0.00 7.549e-01 2.449e-01 2.743e-05 7.811e-06 6.924e-05 -1.000 1.637e-04 -1.332 -0.155 -0.275 -1.037 -1.531 -1.999 -2.630 -3.141 -3.223
0.00015547 -2.00000 10.13033 0.7750511765 2.4096753597    0.713  2.482  3.6917  1.528    7  0.000  0.520     0.00     0.00 -1    -1e-30      0.00 7.549e-01 2.449e-01 2.706e-05 8.108e-06 6.924e-05 -1.000 1.637e-04 -1.434 -0.219 -0.355 -1.130 -1.631 -2.103 -2.742 -3.259 -3.343
0.00015547 -2.00000 10.13033 0.7750599384 2.4096786976    0.713  2.523  3.6893  1.478    7  0.000  0.506     0.00     0.00 -1    -1e-30      0.00 7.548e-01 2.450e-01 2.637e-05 8.838e-06 6.924e-05 -1.000 1.636e-04 -1.537 -0.281 -0.435 -1.224 -1.731 -2.208 -2.854 -3.378 -3.462
0.00015547 -2.00000 10.13033 0.7750679851 2.4096817970    0.713  2.563  3.6869  1.428    7  0.000  0.490     0.00     0.00 -1    -1e-30      0.00 7.548e-01 2.450e-01 2.553e-05 9.841e-06 6.924e-05 -1.000 1.636e-04 -1.639 -0.338 -0.512 -1.316 -1.830 -2.312 -2.966 -3.496 -3.581
0.00015547 -2.00000 10.13033 0.7750754952 2.4096844196    0.713  2.604  3.6846  1.377    7  0.000  0.475     0.00     0.00 -1    -1e-30      0.00 7.547e-01 2.452e-01 2.476e-05 1.079e-05 6.925e-05 -1.000 1.527e-04 -1.740 -0.381 -0.585 -1.408 -1.929 -2.416 -3.078 -3.614 -3.700
0.00015547 -2.00000 10.13033 0.7750824690 2.4096870422    0.713  2.645  3.6822  1.327    7  0.000  0.462     0.00     0.00 -1    -1e-30      0.00 7.545e-01 2.453e-01 2.409e-05 1.162e-05 6.925e-05 -1.000 1.429e-04 -1.842 -0.405 -0.651 -1.501 -2.030 -2.523 -3.192 -3.734 -3.819
0.00015547 -2.00000 10.13033 0.7750891447 2.4096896648    0.713  2.685  3.6798  1.277    7  0.000  0.451     0.00     0.00 -1    -1e-30      0.00 7.544e-01 2.455e-01 2.350e-05 1.233e-05 6.925e-05 -1.000 1.592e-04 -1.944 -0.424 -0.714 -1.592 -2.131 -2.629 -3.305 -3.853 -3.939
0.00015547 -2.00000 10.13033 0.7750955820 2.4096920490    0.713  2.726  3.6774  1.227    7  0.000  0.441     0.00     0.00 -1    -1e-30      0.00 7.542e-01 2.457e-01 2.300e-05 1.296e-05 6.925e-05 -1.000 1.637e-04 -2.045 -0.433 -0.772 -1.681 -2.230 -2.734 -3.418 -3.972 -4.057
0.00015547 -2.00000 10.13033 0.7751016021 2.4096944332    0.713  2.767  3.6749  1.176    7  0.000  0.432     0.00     0.00 -1    -1e-30      0.00 7.540e-01 2.459e-01 2.256e-05 1.350e-05 6.923e-05 -1.000 1.637e-04 -2.148 -0.434 -0.828 -1.770 -2.331 -2.841 -3.534 -4.094 -4.178
0.00015547 -2.00000 10.13033 0.7751070261 2.4096963406    0.713  2.809  3.6724  1.124    7  0.000  0.425     0.00     0.00 -1    -1e-30      0.00 7.537e-01 2.461e-01 2.215e-05 1.400e-05 6.920e-05 -1.000 1.636e-04 -2.252 -0.428 -0.881 -1.860 -2.433 -2.951 -3.651 -4.217 -4.302
0.00015547 -2.00000 10.13033 0.7751114368 2.4096980095    0.713  2.850  3.6698  1.073    7  0.000  0.419     0.00     0.00 -1    -1e-30      0.00 7.535e-01 2.463e-01 2.183e-05 1.441e-05 6.914e-05 -1.000 1.637e-04 -2.355 -0.411 -0.927 -1.946 -2.533 -3.058 -3.767 -4.340 -4.423
0.00015547 -2.00000 10.13033 0.7751151919 2.4096994400    0.713  2.891  3.6673  1.021    7  0.000  0.414     0.00     0.00 -1    -1e-30      0.00 7.533e-01 2.465e-01 2.154e-05 1.478e-05 6.905e-05 -1.000 1.549e-04 -2.458 -0.384 -0.969 -2.029 -2.631 -3.164 -3.883 -4.462 -4.545
0.00015547 -2.00000 10.13033 0.7751184106 2.4097006321    0.713  2.930  3.6648  0.973    7  0.000  0.410     0.00     0.00 -1    -1e-30      0.00 7.531e-01 2.468e-01 2.131e-05 1.510e-05 6.893e-05 -1.000 1.373e-04 -2.555 -0.343 -1.000 -2.106 -2.723 -3.265 -3.992 -4.577 -4.660
0.00015547 -2.00000 10.13033 0.7751216888 2.4097018242    0.713  2.971  3.6622  0.922    7  0.000  0.408     0.00     0.00 -1    -1e-30      0.00 7.529e-01 2.470e-01 2.112e-05 1.540e-05 6.879e-05 -1.000 1.581e-04 -2.656 -0.285 -1.024 -2.183 -2.819 -3.371 -4.108 -4.699 -4.781
0.00015547 -2.00000 10.13033 0.7751244307 2.4097030163    0.713  3.010  3.6597  0.873    7  0.000  0.406     0.00     0.00 -1    -1e-30      0.00 7.527e-01 2.472e-01 2.098e-05 1.566e-05 6.865e-05 -1.000 1.636e-04 -2.754 -0.217 -1.040 -2.253 -2.910 -3.473 -4.220 -4.817 -4.898
0.00015547 -2.00000 10.13033 0.7751274109 2.4097039700    0.713  3.049  3.6572  0.823    7  0.000  0.404     0.00     0.00 -1    -1e-30      0.00 7.525e-01 2.473e-01 2.086e-05 1.590e-05 6.850e-05 -1.000 1.636e-04 -2.853 -0.161 -1.061 -2.324 -3.000 -3.573 -4.332 -4.936 -5.017
0.00015547 -2.00000 10.13033 0.7751275897 2.4097042084    0.713  3.040  3.6579  0.834    7  0.000  0.404     0.00     0.00 -1    -1e-30      0.00 7.525e-01 2.473e-01 2.085e-05 1.593e-05 6.848e-05 -1.000 1.637e-04 -2.830 -0.167 -1.054 -2.308 -2.980 -3.551 -4.306 -4.908 -4.989
0.00015547 -2.00000 10.13033 0.7751278281 2.4097042084    0.713  3.051  3.6571  0.821    7  0.000  0.404     0.00     0.00 -1    -1e-30      0.00 7.525e-01 2.474e-01 2.084e-05 1.594e-05 6.847e-05 -1.000 1.637e-04 -2.857 -0.163 -1.064 -2.327 -3.003 -3.577 -4.335 -4.939 -5.020
0.00015547 -2.00000 10.13033 0.7751279473 2.4097042084    0.713  3.069  3.6559  0.798    7  0.000  0.404     0.00     0.00 -1    -1e-30      0.00 7.523e-01 2.475e-01 2.080e-05 1.607e-05 6.838e-05 -1.000 1.637e-04 -2.902 -0.154 -1.079 -2.360 -3.044 -3.622 -4.385 -4.993 -5.074
0.00015547 -2.00000 10.13033 0.7751281857 2.4097044468    0.713  3.098  3.6539  0.761    7  0.000  0.403     0.00     0.00 -1    -1e-30      0.00 7.521e-01 2.477e-01 2.066e-05 1.643e-05 6.814e-05 -1.000 1.636e-04 -2.974 -0.138 -1.103 -2.412 -3.107 -3.693 -4.465 -5.078 -5.160
0.00015547 -2.00000 10.13033 0.7751284242 2.4097044468    0.713  3.136  3.6512  0.713    7  0.000  0.402     0.00     0.00 -1    -1e-30      0.00 7.519e-01 2.480e-01 2.051e-05 1.687e-05 6.782e-05 -1.000 1.636e-04 -3.069 -0.115 -1.134 -2.479 -3.191 -3.787 -4.571 -5.192 -5.275
0.00015547 -2.00000 10.13033 0.7751289010 2.4097046852    0.713  3.184  3.6478  0.651    7  0.000  0.400     0.00     0.00 -1    -1e-30      0.00 7.515e-01 2.484e-01 2.030e-05 1.753e-05 6.735e-05 -1.000 1.594e-04 -3.189 -0.083 -1.170 -2.563 -3.296 -3.905 -4.704 -5.335 -5.419
0.00015547 -2.00000 10.13033 0.7751291990 2.4097046852    0.713  3.196  3.6469  0.635    7  0.549  0.400     0.00     0.00 -1    -1e-30      0.00 7.513e-01 2.485e-01 2.022e-05 1.776e-05 6.718e-05 -1.000 1.636e-04 -3.220 -0.076 -1.180 -2.584 -3.323 -3.935 -4.738 -5.371 -5.456
0.00015547 -2.00000 10.13033 0.7751292586 2.4097046852    0.713  3.414  3.6091  0.265    8  0.549  0.390    96.77    44.93  1 -1.47e-06      0.00 7.290e-01 2.706e-01 6.375e-05 5.931e-05 2.177e-04 -1.000 3.690e-04 -3.766 0.904 -0.792 -2.633 -3.613 -4.382 -5.383 -6.152 -6.263
0.00015547 -2.00000 10.13033 0.7751293182 2.4097046852    0.713  3.285  3.6162  0.423    8  0.549  0.390    68.85    33.47  1 -8.17e-07      0.00 7.290e-01 2.706e-01 6.375e-05 5.931e-05 2.177e-04 -1.000 3.690e-04 -3.443 0.833 -0.724 -2.448 -3.357 -4.082 -5.038 -5.783 -5.887
0.00015547 -2.00000 10.13033 0.7751293778 2.4097046852    0.713  3.138  3.6297  0.624    8  0.549  0.390    44.60    23.00  1 -4.08e-07      0.00 7.290e-01 2.706e-01 6.375e-05 5.931e-05 2.177e-04 -1.000 3.690e-04 -3.074 0.584 -0.730 -2.277 -3.087 -3.751 -4.632 -5.329 -5.424
0.00015547 -2.00000 10.13033 0.7751294971 2.4097049236    0.713  2.927  3.6489  0.912    8  0.549  0.390    24.01    13.46  1 -1.45e-07      0.00 7.290e-01 2.706e-01 6.375e-05 5.931e-05 2.177e-04 -1.000 3.690e-04 -2.548 0.292 -0.661 -1.966 -2.663 -3.253 -4.045 -4.678 -4.764
0.00015547 -2.00000 10.13033 0.7751297355 2.4097049236    0.713  2.932  3.6484  0.905    8  0.549  0.390    24.37    13.63  1 -1.49e-07      0.00 7.290e-01 2.706e-01 6.375e-05 5.931e-05 2.177e-04 -1.000 3.691e-04 -2.560 0.298 -0.663 -1.974 -2.673 -3.265 -4.059 -4.694 -4.780
0.00015547 -2.00000 10.13033 0.7751299739 2.4097049236    0.713  3.011  3.6412  0.797    8  0.550  0.390    30.77    16.67  1 -2.21e-07      0.00 7.290e-01 2.706e-01 6.375e-05 5.931e-05 2.177e-04 -1.000 3.690e-04 -2.758 0.396 -0.698 -2.098 -2.837 -3.455 -4.281 -4.939 -5.028
0.00015547 -2.00000 10.13033 0.7751302719 2.4097051620    0.713  3.166  3.6271  0.586    8  0.550  0.390    48.51    24.70  1 -4.67e-07      0.00 7.290e-01 2.706e-01 6.375e-05 5.931e-05 2.177e-04 -1.000 3.690e-04 -3.144 0.631 -0.731 -2.312 -3.140 -3.814 -4.710 -5.416 -5.512
0.00015547 -2.00000 10.13033 0.7751305699 2.4097051620    0.713  3.303  3.6146  0.398    8  0.550  0.390    72.72    35.03  1  -8.9e-07      0.00 7.290e-01 2.706e-01 6.375e-05 5.931e-05 2.177e-04 -1.000 3.690e-04 -3.488 0.866 -0.718 -2.466 -3.388 -4.121 -5.087 -5.838 -5.944
0.00015547 -2.00000 10.13033 0.7751309872 2.4097054005    0.713  3.394  3.6062  0.273    8  0.551  0.390    95.23    44.20  1 -1.35e-06      0.00 7.290e-01 2.706e-01 6.375e-05 5.931e-05 2.177e-04 -1.000 3.690e-04 -3.716 1.032 -0.691 -2.549 -3.542 -4.319 -5.335 -6.118 -6.231
0.00015547 -2.00000 10.13033 0.7751314640 2.4097056389    0.713  3.445  3.6016  0.204    8  0.551  0.390   110.53    50.25  1 -1.71e-06      0.00 7.290e-01 2.706e-01 6.375e-05 5.931e-05 2.177e-04 -1.000 3.690e-04 -3.842 1.129 -0.669 -2.589 -3.622 -4.426 -5.472 -6.271 -6.390
0.00015547 -2.00000 10.13033 0.7751319408 2.4097056389    0.713  3.471  3.5993  0.169    8  0.552  0.390   119.33    53.65  0 -1.92e-06      0.00 7.290e-01 2.706e-01 6.375e-05 5.931e-05 2.177e-04 -1.000 3.690e-04 -3.907 1.179 -0.656 -2.608 -3.662 -4.480 -5.541 -6.350 -6.471
0.00015547 -2.00000 10.13033 0.7751324773 2.4097058773    0.712  3.487  3.5984  0.149    8  0.552  0.390   124.68    55.67  0 -2.07e-06      0.00 7.290e-01 2.706e-01 6.375e-05 5.931e-05 2.177e-04 -1.000 3.690e-04 -3.948 1.189 -0.663 -2.630 -3.693 -4.518 -5.584 -6.397 -6.519
0.00015547 -2.00000 10.13033 0.7751345634 2.4097068310    0.554 -9.999  4.0000  1.705    9  0.554  0.000     0.00     0.00 -1    -1e-30      0.00 7.290e-01 2.706e-01 6.375e-05 5.931e-05 2.177e-04 -1.000 3.690e-04 29.767 29.804 30.050 30.100 30.093 30.084 30.127 30.123 30.138
#isochrone terminated
