# File generated by CMD 3.3 (http://stev.oapd.inaf.it/cmd) on Fri Nov 20 18:15:20 CET 2020
# isochrones based on PARSEC release v1.2S +  COLIBRI S_35
# Basic references: Bressan et al. (2012), MNRAS, 427, 127 + Chen et al. (2014, 2015), MNRAS, 444, 2525 + MNRAS, 452, 1068 + Tang et al. (2014), MNRAS, 445, 4287 + Marigo et al. (2017), ApJ, 835, 77 + Pastorelli al. (2019), MNRAS in press
# Thermal pulse cycles included 
# On RGB, assumed Reimers mass loss with efficiency eta=0.2
# Photometric system: JWST NIRCam wide+verywide+medium filters, Vegamags
# Using OBC version of bolometric corrections as detailed in Marigo et al. (2008, A&A 482, 883) and Girardi et al. (2008, PASP 120, 583
# O-rich circumstellar dpmod60alox40 dust from Groenewegen (2006)
# C-rich circumstellar AMCSIC15 dust from Groenewegen (2006)
# IMF: Kroupa (2001, 2002) + Kroupa et al. (2013) canonical two-part-power law IMF corrected for unresolved binaries 
# Kind of output: isochrone tables
# Zini     MH   logAge Mini        int_IMF         Mass   logL    logTe  logg  label   McoreTP C_O  period0 period1 pmode  Mloss  tau1m   X   Y   Xc  Xn  Xo  Cexcess  Z 	 mbolmag  F070Wmag  F090Wmag  F115Wmag  F150Wmag  F200Wmag  F277Wmag  F356Wmag  F444Wmag  F150W2mag  F322W2mag  F140Mmag  F162Mmag  F182Mmag  F210Mmag  F250Mmag  F300Mmag  F335Mmag  F360Mmag  F410Mmag  F430Mmag  F460Mmag  F480Mmag  F150WS60mag
0.00024632 -1.80000 10.07918 0.0900000036 1.0816895962    0.090 -3.197  3.4849  5.480    1  0.000  0.545     0.00     0.00 -1 -4.85e-17      0.00 7.483e-01 2.514e-01 4.823e-05 1.301e-05 1.180e-04 -1.000 2.682e-04 12.762 12.998 11.759 11.032 10.497 10.413 10.204 9.803 9.750 10.650 10.014 10.599 10.369 10.433 10.376 10.315 10.084 9.848 9.766 9.715 9.734 9.794 9.738 10.446
0.00024632 -1.80000 10.07918 0.0963150710 1.1395661831    0.096 -2.964  3.5190  5.414    1  0.000  0.545     0.00     0.00 -1 -8.65e-17      0.00 7.467e-01 2.530e-01 4.823e-05 1.301e-05 1.180e-04 -1.000 2.682e-04 12.180 12.228 11.216 10.556 9.978 9.777 9.606 9.305 9.246 10.102 9.467 10.102 9.815 9.810 9.732 9.679 9.533 9.350 9.272 9.216 9.230 9.287 9.237 9.909
0.00024632 -1.80000 10.07918 0.1000000015 1.1711064577    0.100 -2.835  3.5378  5.377    1  0.000  0.545     0.00     0.00 -1 -1.19e-16      0.00 7.458e-01 2.540e-01 4.823e-05 1.301e-05 1.180e-04 -1.000 2.681e-04 11.858 11.809 10.906 10.285 9.700 9.459 9.299 9.047 8.985 9.811 9.184 9.829 9.529 9.495 9.414 9.360 9.243 9.090 9.016 8.959 8.970 9.022 8.977 9.628
0.00024632 -1.80000 10.07918 0.1199999973 1.3193154335    0.120 -2.543  3.5687  5.286    1  0.000  0.545     0.00     0.00 -1 -2.37e-16      0.00 7.427e-01 2.571e-01 4.823e-05 1.301e-05 1.180e-04 -1.000 2.683e-04 11.126 10.941 10.187 9.631 9.058 8.772 8.628 8.443 8.385 9.150 8.544 9.188 8.882 8.810 8.731 8.677 8.588 8.481 8.417 8.363 8.371 8.416 8.378 8.982
0.00024632 -1.80000 10.07918 0.1400000006 1.4384527206    0.140 -2.359  3.5835  5.229    1  0.000  0.545     0.00     0.00 -1 -3.57e-16      0.00 7.405e-01 2.592e-01 4.823e-05 1.301e-05 1.180e-04 -1.000 2.682e-04 10.667 10.423 9.712 9.177 8.617 8.346 8.244 8.029 7.967 8.710 8.146 8.752 8.435 8.382 8.305 8.284 8.214 8.076 7.996 7.939 7.951 8.002 7.977 8.540
0.00024632 -1.80000 10.07918 0.1599999964 1.5372931957    0.160 -2.215  3.5932  5.182    1  0.000  0.545     0.00     0.00 -1 -4.91e-16      0.00 7.391e-01 2.606e-01 4.823e-05 1.301e-05 1.180e-04 -1.000 2.682e-04 10.307 10.014 9.345 8.838 8.284 8.017 7.946 7.733 7.675 8.377 7.849 8.423 8.099 8.051 7.979 7.975 7.927 7.779 7.700 7.646 7.658 7.709 7.694 8.207
0.00024632 -1.80000 10.07918 0.2000000179 1.6938792467    0.200 -1.994  3.6056  5.107    1  0.000  0.545     0.00     0.00 -1 -7.96e-16      0.00 7.382e-01 2.615e-01 4.823e-05 1.301e-05 1.180e-04 -1.000 2.682e-04 9.755 9.424 8.795 8.315 7.768 7.499 7.430 7.249 7.199 7.860 7.348 7.906 7.585 7.531 7.464 7.455 7.416 7.287 7.220 7.174 7.183 7.229 7.218 7.692
0.00024632 -1.80000 10.07918 0.2500000298 1.8403259516    0.250 -1.792  3.6166  5.047    1  0.000  0.545     0.00     0.00 -1 -9.84e-16      0.00 7.384e-01 2.613e-01 4.822e-05 1.301e-05 1.180e-04 -1.000 2.682e-04 9.251 8.901 8.300 7.838 7.296 7.022 6.934 6.796 6.756 7.386 6.872 7.430 7.118 7.052 6.990 6.961 6.919 6.824 6.774 6.735 6.742 6.781 6.768 7.221
0.00024632 -1.80000 10.07918 0.3000000417 1.9529141188    0.300 -1.638  3.6256  5.007    1  0.000  0.545     0.00     0.00 -1 -1.66e-15      0.00 7.385e-01 2.612e-01 4.821e-05 1.301e-05 1.180e-04 -1.000 2.682e-04 8.864 8.499 7.920 7.474 6.936 6.661 6.556 6.451 6.420 7.025 6.510 7.068 6.762 6.689 6.631 6.585 6.537 6.472 6.437 6.404 6.409 6.441 6.426 6.862
0.00024632 -1.80000 10.07918 0.3500000238 2.0434176922    0.350 -1.511  3.6337  4.980    1  0.000  0.544     0.00     0.00 -1 -2.12e-15      0.00 7.383e-01 2.614e-01 4.819e-05 1.301e-05 1.180e-04 -1.000 2.681e-04 8.548 8.170 7.611 7.177 6.646 6.377 6.271 6.182 6.155 6.736 6.232 6.775 6.476 6.404 6.349 6.300 6.253 6.200 6.170 6.140 6.145 6.174 6.161 6.574
0.00024632 -1.80000 10.07918 0.4000000358 2.1185026169    0.400 -1.380  3.6434  4.946    1  0.000  0.545     0.00     0.00 -1 -2.79e-15      0.00 7.503e-01 2.494e-01 4.823e-05 1.301e-05 1.180e-04 -1.000 2.682e-04 8.220 7.827 7.292 6.874 6.350 6.091 5.986 5.913 5.891 6.442 5.954 6.477 6.185 6.115 6.065 6.014 5.968 5.927 5.903 5.877 5.882 5.909 5.896 6.280
0.00024632 -1.80000 10.07918 0.4500000477 2.1822810173    0.450 -1.219  3.6597  4.901    1  0.000  0.545     0.00     0.00 -1 -4.01e-15      0.00 7.506e-01 2.491e-01 4.823e-05 1.301e-05 1.180e-04 -1.000 2.682e-04 7.818 7.402 6.906 6.513 6.007 5.766 5.668 5.614 5.599 6.102 5.645 6.128 5.850 5.786 5.744 5.693 5.651 5.624 5.607 5.587 5.591 5.615 5.604 5.940
0.00024632 -1.80000 10.07918 0.5000000000 2.2374541759    0.500 -1.039  3.6799  4.848    1  0.000  0.545     0.00     0.00 -1 -6.12e-15      0.00 7.506e-01 2.491e-01 4.823e-05 1.301e-05 1.180e-04 -1.000 2.682e-04 7.367 6.933 6.484 6.122 5.643 5.426 5.341 5.301 5.291 5.739 5.323 5.755 5.498 5.443 5.408 5.362 5.327 5.309 5.296 5.281 5.285 5.303 5.296 5.581
0.00024632 -1.80000 10.07918 0.5500000715 2.2836585045    0.550 -0.831  3.7016  4.767    1  0.000  0.544     0.00     0.00 -1 -1.03e-14      0.00 7.848e-01 2.151e-01 4.204e-05 1.135e-05 1.030e-04 -1.000 1.689e-04 6.847 6.406 6.000 5.672 5.226 5.036 4.963 4.934 4.925 5.322 4.950 5.328 5.094 5.049 5.021 4.980 4.952 4.940 4.931 4.918 4.921 4.931 4.927 5.169
0.00024632 -1.80000 10.07918 0.6000000238 2.3211214542    0.600 -0.621  3.7277  4.700    1  0.000  0.544     0.00     0.00 -1 -1.73e-14      0.00 7.968e-01 2.030e-01 3.998e-05 1.080e-05 9.805e-05 -1.000 2.031e-04 6.322 5.895 5.538 5.247 4.838 4.677 4.621 4.602 4.593 4.933 4.613 4.930 4.720 4.686 4.666 4.633 4.614 4.606 4.600 4.591 4.591 4.591 4.592 4.787
0.00024632 -1.80000 10.07918 0.6089506149 2.3270854950    0.609 -0.582  3.7331  4.688    1  0.000  0.543     0.00     0.00 -1 -1.91e-14      0.00 7.994e-01 2.004e-01 3.954e-05 1.068e-05 9.700e-05 -1.000 2.179e-04 6.224 5.803 5.455 5.170 4.768 4.613 4.561 4.544 4.535 4.864 4.553 4.859 4.654 4.622 4.603 4.572 4.555 4.547 4.542 4.534 4.533 4.532 4.534 4.719
0.00024632 -1.80000 10.07918 0.6199615002 2.3341512680    0.620 -0.533  3.7397  4.673    1  0.000  0.543     0.00     0.00 -1 -2.15e-14      0.00 8.028e-01 1.970e-01 3.898e-05 1.053e-05 9.565e-05 -1.000 2.314e-04 6.102 5.689 5.352 5.076 4.682 4.534 4.486 4.471 4.462 4.778 4.480 4.770 4.571 4.542 4.525 4.496 4.481 4.475 4.470 4.462 4.462 4.459 4.462 4.635
0.00024632 -1.80000 10.07918 0.6306082010 2.3407144547    0.630 -0.485  3.7460  4.659    1  0.000  0.543     0.00     0.00 -1 -2.42e-14      0.00 8.062e-01 1.936e-01 3.841e-05 1.038e-05 9.429e-05 -1.000 2.400e-04 5.983 5.579 5.253 4.985 4.599 4.457 4.413 4.401 4.392 4.694 4.407 4.684 4.490 4.464 4.449 4.422 4.409 4.404 4.399 4.392 4.392 4.389 4.392 4.552
0.00024632 -1.80000 10.07918 0.6404981613 2.3465867043    0.640 -0.440  3.7517  4.644    1  0.000  0.543     0.00     0.00 -1 -1.31e-16      0.00 8.095e-01 1.902e-01 3.786e-05 1.023e-05 9.296e-05 -1.000 2.311e-04 5.871 5.476 5.160 4.899 4.520 4.384 4.343 4.333 4.325 4.615 4.339 4.603 4.414 4.391 4.377 4.352 4.341 4.336 4.332 4.326 4.325 4.322 4.325 4.475
0.00024632 -1.80000 10.07918 0.6496865749 2.3518586159    0.649 -0.399  3.7570  4.629    1  0.000  0.543     0.00     0.00 -1  -2.4e-14      0.00 8.128e-01 1.870e-01 3.732e-05 1.009e-05 9.170e-05 -1.000 2.029e-04 5.766 5.380 5.072 4.818 4.446 4.316 4.278 4.269 4.262 4.540 4.274 4.527 4.342 4.321 4.309 4.286 4.276 4.272 4.268 4.262 4.262 4.258 4.261 4.401
0.00024632 -1.80000 10.07918 0.6499999762 2.3520355225    0.650 -0.397  3.7572  4.628    1  0.000  0.543     0.00     0.00 -1 -3.02e-14      0.00 8.129e-01 1.869e-01 3.731e-05 1.009e-05 9.165e-05 -1.000 2.301e-04 5.762 5.377 5.069 4.815 4.443 4.313 4.275 4.267 4.259 4.537 4.271 4.524 4.339 4.318 4.306 4.283 4.273 4.269 4.266 4.260 4.259 4.255 4.259 4.398
0.00024632 -1.80000 10.07918 0.6562289596 2.3555090427    0.656 -0.368  3.7606  4.617    1  0.000  0.543     0.00     0.00 -1 -3.25e-14      0.00 8.156e-01 1.841e-01 3.685e-05 9.967e-06 9.057e-05 -1.000 2.455e-04 5.691 5.311 5.008 4.758 4.391 4.264 4.228 4.221 4.214 4.485 4.225 4.471 4.289 4.269 4.258 4.236 4.227 4.224 4.220 4.215 4.214 4.210 4.214 4.347
0.00024632 -1.80000 10.07918 0.6682724953 2.3620145321    0.668 -0.312  3.7670  4.595    1  0.000  0.542     0.00     0.00 -1 -3.77e-14      0.00 8.213e-01 1.785e-01 3.593e-05 9.720e-06 8.836e-05 -1.000 2.367e-04 5.550 5.180 4.888 4.646 4.287 4.167 4.135 4.130 4.123 4.381 4.133 4.365 4.188 4.171 4.161 4.141 4.134 4.132 4.129 4.124 4.123 4.118 4.123 4.244
0.00024632 -1.80000 10.07918 0.6793373227 2.3677580357    0.679 -0.259  3.7728  4.572    1  0.000  0.542     0.00     0.00 -1 -3.35e-14      0.00 8.268e-01 1.730e-01 3.502e-05 9.478e-06 8.618e-05 -1.000 2.106e-04 5.417 5.058 4.775 4.539 4.188 4.074 4.046 4.041 4.035 4.281 4.043 4.264 4.093 4.078 4.069 4.051 4.045 4.043 4.040 4.036 4.035 4.031 4.035 4.147
0.00024632 -1.80000 10.07918 0.6898880601 2.3730380535    0.690 -0.206  3.7782  4.548    1  0.000  0.541     0.00     0.00 -1 -1.31e-14      0.00 8.325e-01 1.673e-01 3.409e-05 9.231e-06 8.397e-05 -1.000 1.623e-04 5.286 4.937 4.663 4.433 4.089 3.981 3.956 3.952 3.946 4.182 3.954 4.163 3.997 3.984 3.977 3.960 3.956 3.954 3.951 3.947 3.946 3.942 3.946 4.049
0.00024632 -1.80000 10.07918 0.6997186542 2.3777930737    0.699 -0.156  3.7832  4.523    1  0.000  0.541     0.00     0.00 -1 -4.69e-14      0.00 8.381e-01 1.617e-01 3.317e-05 8.987e-06 8.178e-05 -1.000 2.166e-04 5.160 4.819 4.553 4.330 3.993 3.890 3.866 3.864 3.858 4.085 3.865 4.065 3.903 3.892 3.885 3.870 3.867 3.866 3.863 3.859 3.858 3.854 3.858 3.954
0.00024632 -1.80000 10.07918 0.6999999881 2.3779268265    0.700 -0.154  3.7833  4.522    1  0.000  0.541     0.00     0.00 -1 -5.75e-14      0.00 8.382e-01 1.616e-01 3.315e-05 8.979e-06 8.171e-05 -1.000 2.189e-04 5.156 4.816 4.550 4.327 3.990 3.887 3.864 3.861 3.856 4.082 3.862 4.062 3.901 3.890 3.883 3.868 3.864 3.863 3.861 3.856 3.856 3.852 3.856 3.951
0.00024632 -1.80000 10.07918 0.7005032897 2.3781659603    0.700 -0.152  3.7835  4.521    1  0.000  0.541     0.00     0.00 -1 -5.79e-14      0.00 8.385e-01 1.613e-01 3.309e-05 8.966e-06 8.160e-05 -1.000 2.220e-04 5.150 4.810 4.544 4.321 3.985 3.882 3.859 3.857 3.851 4.077 3.858 4.057 3.896 3.885 3.878 3.863 3.860 3.859 3.856 3.852 3.851 3.847 3.851 3.946
0.00024632 -1.80000 10.07918 0.7101447582 2.3826711178    0.710 -0.100  3.7881  4.493    1  0.000  0.538     0.00     0.00 -1 -6.69e-14      0.00 8.441e-01 1.557e-01 3.210e-05 8.724e-06 7.946e-05 -1.000 2.066e-04 5.019 4.687 4.429 4.211 3.882 3.784 3.763 3.761 3.756 3.974 3.762 3.952 3.796 3.787 3.780 3.766 3.764 3.763 3.760 3.756 3.756 3.752 3.756 3.845
0.00024632 -1.80000 10.07918 0.7186080813 2.3865113258    0.718 -0.051  3.7921  4.466    1  0.000  0.537     0.00     0.00 -1 -7.67e-14      0.00 8.488e-01 1.510e-01 3.129e-05 8.528e-06 7.771e-05 -1.000 1.933e-04 4.898 4.573 4.321 4.108 3.785 3.692 3.672 3.670 3.665 3.877 3.671 3.854 3.702 3.694 3.688 3.675 3.673 3.672 3.670 3.666 3.665 3.661 3.665 3.749
0.00024632 -1.80000 10.07918 0.7269652486 2.3902025223    0.727 -0.001  3.7959  4.436    1  0.000  0.535     0.00     0.00 -1 -8.86e-14      0.00 8.531e-01 1.467e-01 3.056e-05 8.351e-06 7.617e-05 -1.000 1.544e-04 4.773 4.453 4.208 4.000 3.683 3.594 3.575 3.574 3.569 3.774 3.574 3.750 3.602 3.595 3.590 3.578 3.577 3.576 3.573 3.569 3.569 3.565 3.569 3.648
0.00024632 -1.80000 10.07918 0.7341433167 2.3932960033    0.734  0.045  3.7991  4.407    1  0.000  0.533     0.00     0.00 -1 -1.01e-13      0.00 8.564e-01 1.434e-01 3.001e-05 8.220e-06 7.502e-05 -1.000 1.525e-04 4.659 4.344 4.104 3.900 3.590 3.502 3.485 3.484 3.479 3.679 3.484 3.654 3.510 3.504 3.499 3.487 3.486 3.485 3.483 3.479 3.479 3.475 3.479 3.555
0.00024632 -1.80000 10.07918 0.7410976291 2.3962275982    0.741  0.091  3.8020  4.376    1  0.000  0.532     0.00     0.00 -1 -4.79e-14      0.00 8.593e-01 1.405e-01 2.953e-05 8.107e-06 7.404e-05 -1.000 1.851e-04 4.542 4.232 3.997 3.796 3.491 3.407 3.390 3.389 3.384 3.580 3.390 3.554 3.414 3.409 3.404 3.392 3.392 3.391 3.389 3.385 3.384 3.380 3.384 3.458
0.00024632 -1.80000 10.07918 0.7480527759 2.3990967274    0.747  0.141  3.8049  4.342    1  0.000  0.530     0.00     0.00 -1 -3.08e-14      0.00 8.619e-01 1.378e-01 2.911e-05 8.007e-06 7.317e-05 -1.000 2.202e-04 4.417 4.111 3.881 3.684 3.384 3.302 3.286 3.286 3.281 3.472 3.286 3.445 3.309 3.304 3.299 3.289 3.288 3.287 3.285 3.281 3.281 3.277 3.281 3.351
0.00024632 -1.80000 10.07918 0.7500000000 2.3998889923    0.749  0.156  3.8056  4.331    1  0.000  0.530     0.00     0.00 -1 -1.41e-13      0.00 8.626e-01 1.371e-01 2.900e-05 7.982e-06 7.295e-05 -1.000 2.227e-04 4.380 4.075 3.846 3.650 3.352 3.271 3.255 3.255 3.250 3.439 3.255 3.413 3.277 3.273 3.268 3.258 3.257 3.256 3.254 3.250 3.249 3.246 3.250 3.319
0.00024632 -1.80000 10.07918 0.7528932691 2.4010574818    0.752  0.178  3.8069  4.316    1  0.000  0.530     0.00     0.00 -1 -1.51e-13      0.00 8.630e-01 1.368e-01 2.898e-05 7.979e-06 7.294e-05 -1.000 2.181e-04 4.326 4.023 3.796 3.601 3.306 3.225 3.210 3.209 3.204 3.392 3.210 3.365 3.231 3.227 3.222 3.212 3.212 3.211 3.208 3.205 3.204 3.200 3.204 3.273
0.00024632 -1.80000 10.07918 0.7594544888 2.4036698341    0.759  0.231  3.8095  4.277    1  0.000  0.529     0.00     0.00 -1 -1.77e-13      0.00 8.638e-01 1.361e-01 2.896e-05 7.975e-06 7.294e-05 -1.000 1.454e-04 4.192 3.892 3.670 3.479 3.188 3.110 3.096 3.095 3.090 3.274 3.095 3.247 3.116 3.112 3.108 3.098 3.097 3.097 3.094 3.091 3.090 3.086 3.090 3.157
0.00024632 -1.80000 10.07918 0.7654583454 2.4060149193    0.765  0.284  3.8115  4.235    1  0.000  0.529     0.00     0.00 -1 -2.09e-13      0.00 8.644e-01 1.354e-01 2.895e-05 7.975e-06 7.297e-05 -1.000 1.493e-04 4.060 3.762 3.543 3.355 3.069 2.993 2.978 2.978 2.973 3.154 2.978 3.126 2.998 2.994 2.990 2.980 2.980 2.979 2.977 2.973 2.973 2.969 2.973 3.038
0.00024632 -1.80000 10.07918 0.7710510492 2.4081616402    0.770  0.337  3.8130  4.192    1  0.000  0.529     0.00     0.00 -1 -2.47e-13      0.00 8.637e-01 1.362e-01 2.914e-05 8.031e-06 7.348e-05 -1.000 1.539e-04 3.928 3.632 3.416 3.230 2.947 2.872 2.858 2.857 2.853 3.031 2.858 3.003 2.877 2.874 2.870 2.860 2.860 2.859 2.856 2.853 2.852 2.849 2.853 2.917
0.00024632 -1.80000 10.07918 0.7748826742 2.4096119404    0.774  0.375  3.8135  4.158    1  0.000  0.529     0.00     0.00 -1 -2.81e-13      0.00 8.629e-01 1.370e-01 2.933e-05 8.082e-06 7.395e-05 -1.000 1.570e-04 3.832 3.537 3.322 3.136 2.855 2.780 2.766 2.765 2.761 2.938 2.766 2.910 2.785 2.782 2.778 2.768 2.768 2.767 2.764 2.761 2.760 2.757 2.761 2.824
0.00024632 -1.80000 10.07918 0.7761428952 2.4100854397    0.775  0.389  3.8134  4.144    1  0.000  0.529     0.00     0.00 -1 -2.95e-13      0.00 8.626e-01 1.373e-01 2.939e-05 8.099e-06 7.411e-05 -1.000 1.575e-04 3.797 3.501 3.286 3.100 2.819 2.744 2.730 2.729 2.725 2.902 2.730 2.875 2.750 2.746 2.742 2.732 2.732 2.731 2.728 2.725 2.724 2.721 2.725 2.788
0.00024632 -1.80000 10.07918 0.7810258865 2.4119031429    0.780  0.447  3.8119  4.083    1  0.000  0.529     0.00     0.00 -1 -3.58e-13      0.00 8.615e-01 1.383e-01 2.963e-05 8.166e-06 7.472e-05 -1.000 1.597e-04 3.653 3.354 3.137 2.949 2.665 2.589 2.576 2.574 2.569 2.749 2.575 2.722 2.595 2.591 2.587 2.578 2.577 2.576 2.573 2.570 2.569 2.565 2.569 2.635
0.00024632 -1.80000 10.07918 0.7847223878 2.4132618904    0.783  0.497  3.8089  4.023    1  0.000  0.529     0.00     0.00 -1 -4.31e-13      0.00 8.607e-01 1.392e-01 2.981e-05 8.216e-06 7.518e-05 -1.000 1.614e-04 3.528 3.223 3.001 2.809 2.521 2.442 2.428 2.426 2.421 2.606 2.427 2.578 2.449 2.444 2.440 2.430 2.429 2.428 2.425 2.422 2.421 2.417 2.421 2.489
0.00024632 -1.80000 10.07918 0.7853511572 2.4134914875    0.784  0.506  3.8082  4.011    1  0.000  0.529     0.00     0.00 -1 -4.47e-13      0.00 8.605e-01 1.393e-01 2.985e-05 8.225e-06 7.526e-05 -1.000 1.617e-04 3.505 3.199 2.976 2.783 2.493 2.413 2.399 2.397 2.392 2.578 2.398 2.551 2.420 2.415 2.411 2.401 2.400 2.399 2.396 2.393 2.392 2.388 2.392 2.461
0.00024632 -1.80000 10.07918 0.7859976888 2.4137270451    0.785  0.517  3.8071  3.996    2  0.000  0.529     0.00     0.00 -1 -4.67e-13      0.00 8.604e-01 1.394e-01 2.988e-05 8.234e-06 7.534e-05 -1.000 1.619e-04 3.478 3.171 2.946 2.752 2.460 2.379 2.365 2.363 2.358 2.545 2.364 2.518 2.387 2.381 2.377 2.367 2.366 2.365 2.362 2.359 2.358 2.354 2.358 2.428
0.00024632 -1.80000 10.07918 0.7881716490 2.4145164490    0.787  0.555  3.8021  3.939    2  0.000  0.529     0.00     0.00 -1 -5.41e-13      0.00 8.599e-01 1.399e-01 2.998e-05 8.263e-06 7.561e-05 -1.000 1.630e-04 3.383 3.067 2.834 2.634 2.333 2.248 2.232 2.230 2.225 2.419 2.231 2.393 2.256 2.250 2.245 2.235 2.233 2.232 2.229 2.226 2.225 2.221 2.225 2.299
0.00024632 -1.80000 10.07918 0.7898350954 2.4151170254    0.788  0.589  3.7959  3.881    2  0.000  0.529     0.00     0.00 -1 -6.25e-13      0.00 8.594e-01 1.404e-01 3.011e-05 8.298e-06 7.594e-05 -1.000 1.637e-04 3.297 2.972 2.729 2.521 2.208 2.118 2.101 2.098 2.093 2.297 2.100 2.272 2.127 2.119 2.115 2.104 2.102 2.100 2.097 2.094 2.093 2.088 2.092 2.173
0.00024632 -1.80000 10.07918 0.7911378741 2.4155852795    0.790  0.620  3.7885  3.821    2  0.000  0.529     0.00     0.00 -1 -7.19e-13      0.00 8.584e-01 1.414e-01 3.039e-05 8.373e-06 7.662e-05 -1.000 1.715e-04 3.219 2.883 2.628 2.410 2.084 1.987 1.968 1.966 1.959 2.175 1.967 2.152 1.999 1.989 1.984 1.972 1.969 1.968 1.965 1.960 1.959 1.955 1.959 2.047
0.00024632 -1.80000 10.07918 0.7921881676 2.4159615040    0.791  0.648  3.7804  3.762    2  0.000  0.529     0.00     0.00 -1  -8.2e-13      0.00 8.519e-01 1.479e-01 3.196e-05 8.803e-06 8.050e-05 -1.000 1.766e-04 3.150 2.803 2.535 2.306 1.964 1.860 1.839 1.836 1.829 2.058 1.838 2.036 1.873 1.861 1.856 1.843 1.840 1.838 1.835 1.830 1.829 1.824 1.828 1.924
0.00024632 -1.80000 10.07918 0.7930693030 2.4162764549    0.791  0.674  3.7723  3.704    2  0.000  0.531     0.00     0.00 -1 -9.29e-13      0.00 8.345e-01 1.653e-01 3.500e-05 9.624e-06 8.788e-05 -1.000 1.847e-04 3.086 2.729 2.447 2.207 1.850 1.738 1.715 1.711 1.704 1.946 1.713 1.927 1.754 1.740 1.734 1.720 1.715 1.714 1.710 1.705 1.704 1.700 1.703 1.809
0.00024632 -1.80000 10.07918 0.7938466072 2.4165534973    0.792  0.699  3.7647  3.648    2  0.000  0.533     0.00     0.00 -1 -5.24e-13      0.00 8.081e-01 1.916e-01 3.881e-05 1.064e-05 9.700e-05 -1.000 2.159e-04 3.022 2.655 2.360 2.110 1.739 1.619 1.594 1.590 1.582 1.837 1.592 1.820 1.638 1.622 1.615 1.599 1.594 1.592 1.588 1.583 1.582 1.578 1.582 1.696
0.00024632 -1.80000 10.07918 0.7945361733 2.4167985916    0.793  0.728  3.7578  3.592    2  0.000  0.535     0.00     0.00 -1 -4.42e-13      0.00 7.906e-01 2.092e-01 4.136e-05 1.133e-05 1.031e-04 -1.000 1.992e-04 2.951 2.576 2.270 2.009 1.626 1.499 1.472 1.466 1.459 1.725 1.470 1.711 1.520 1.502 1.494 1.477 1.472 1.469 1.465 1.459 1.459 1.454 1.458 1.580
0.00024632 -1.80000 10.07918 0.7952190042 2.4170410633    0.793  0.765  3.7514  3.530    2  0.000  0.536     0.00     0.00 -1 -5.82e-13      0.00 7.800e-01 2.198e-01 4.294e-05 1.175e-05 1.069e-04 -1.000 2.443e-04 2.858 2.476 2.159 1.890 1.495 1.361 1.332 1.326 1.318 1.596 1.330 1.583 1.385 1.365 1.356 1.338 1.332 1.329 1.325 1.319 1.318 1.314 1.318 1.448
0.00024632 -1.80000 10.07918 0.7957579494 2.4172317982    0.794  0.802  3.7472  3.477    2  0.000  0.536     0.00     0.00 -1 -7.43e-13      0.00 7.747e-01 2.251e-01 4.373e-05 1.196e-05 1.087e-04 -1.000 2.554e-04 2.765 2.379 2.055 1.780 1.376 1.239 1.208 1.201 1.194 1.478 1.206 1.467 1.263 1.242 1.233 1.215 1.208 1.204 1.200 1.194 1.193 1.189 1.193 1.328
0.00024632 -1.80000 10.07918 0.7961263657 2.4173622131    0.794  0.831  3.7446  3.438    2  0.000  0.536     0.00     0.00 -1 -8.88e-13      0.00 7.719e-01 2.279e-01 4.414e-05 1.207e-05 1.097e-04 -1.000 2.455e-04 2.694 2.305 1.976 1.697 1.289 1.149 1.118 1.110 1.102 1.391 1.115 1.381 1.174 1.152 1.143 1.124 1.117 1.113 1.109 1.103 1.102 1.098 1.102 1.240
0.00024632 -1.80000 10.07918 0.7962946892 2.4174218178    0.794  0.845  3.7436  3.419    3  0.000  0.536     0.00     0.00 -1  -9.7e-13      0.00 7.709e-01 2.289e-01 4.428e-05 1.211e-05 1.101e-04 -1.000 1.814e-04 2.657 2.267 1.936 1.656 1.247 1.105 1.074 1.066 1.058 1.349 1.070 1.339 1.131 1.109 1.099 1.080 1.072 1.069 1.065 1.059 1.058 1.054 1.057 1.197
0.00024632 -1.80000 10.07918 0.7967463732 2.4175813198    0.795  0.887  3.7413  3.368    3  0.000  0.537     0.00     0.00 -1 -1.22e-12      0.00 7.684e-01 2.313e-01 4.462e-05 1.220e-05 1.109e-04 -1.000 2.662e-04 2.552 2.160 1.825 1.542 1.128 0.984 0.952 0.944 0.936 1.231 0.948 1.221 1.011 0.988 0.978 0.959 0.951 0.947 0.943 0.937 0.936 0.932 0.935 1.078
0.00024632 -1.80000 10.07918 0.7972405553 2.4177556038    0.795  0.937  3.7390  3.310    3  0.000  0.537     0.00     0.00 -1  -1.6e-12      0.00 7.661e-01 2.337e-01 4.491e-05 1.227e-05 1.116e-04 -1.000 2.567e-04 2.428 2.033 1.694 1.408 0.989 0.843 0.811 0.802 0.795 1.093 0.807 1.084 0.871 0.847 0.837 0.818 0.809 0.805 0.801 0.795 0.794 0.790 0.794 0.938
0.00024632 -1.80000 10.07918 0.7976602316 2.4179034233    0.796  0.982  3.7373  3.258    3  0.000  0.537     0.00     0.00 -1 -2.03e-12      0.00 7.642e-01 2.355e-01 4.510e-05 1.233e-05 1.120e-04 -1.000 2.563e-04 2.315 1.919 1.577 1.288 0.866 0.718 0.685 0.677 0.669 0.970 0.681 0.962 0.746 0.722 0.712 0.692 0.684 0.679 0.675 0.669 0.668 0.665 0.668 0.814
0.00024632 -1.80000 10.07918 0.7980613708 2.4180445671    0.796  1.028  3.7356  3.205    3  0.000  0.537     0.00     0.00 -1 -2.58e-12      0.00 7.627e-01 2.371e-01 4.527e-05 1.237e-05 1.124e-04 -1.000 2.681e-04 2.200 1.802 1.458 1.166 0.741 0.591 0.558 0.549 0.541 0.845 0.554 0.838 0.620 0.595 0.585 0.565 0.556 0.552 0.548 0.541 0.541 0.538 0.540 0.689
0.00024632 -1.80000 10.07918 0.7984689474 2.4181878567    0.796  1.078  3.7340  3.149    3  0.000  0.537     0.00     0.00 -1 -3.34e-12      0.00 7.609e-01 2.388e-01 4.541e-05 1.242e-05 1.128e-04 -1.000 2.681e-04 2.074 1.675 1.328 1.034 0.605 0.453 0.420 0.411 0.403 0.710 0.416 0.703 0.483 0.457 0.447 0.428 0.418 0.414 0.410 0.403 0.403 0.400 0.403 0.553
0.00024632 -1.80000 10.07918 0.7988436222 2.4183194637    0.797  1.128  3.7325  3.093    3  0.000  0.537     0.00     0.00 -1 -4.28e-12      0.00 7.594e-01 2.403e-01 4.551e-05 1.245e-05 1.131e-04 -1.000 2.664e-04 1.950 1.550 1.200 0.903 0.471 0.318 0.284 0.275 0.268 0.577 0.280 0.570 0.347 0.322 0.311 0.292 0.283 0.278 0.274 0.267 0.267 0.264 0.267 0.418
0.00024632 -1.80000 10.07918 0.7991800308 2.4184374809    0.797  1.177  3.7310  3.038    3  0.000  0.536     0.00     0.00 -1 -5.42e-12      0.00 7.581e-01 2.417e-01 4.557e-05 1.248e-05 1.133e-04 -1.000 2.587e-04 1.828 1.427 1.075 0.776 0.341 0.185 0.152 0.143 0.135 0.446 0.148 0.440 0.216 0.190 0.179 0.160 0.150 0.146 0.142 0.135 0.134 0.132 0.134 0.287
0.00024632 -1.80000 10.07918 0.7994741797 2.4185404778    0.797  1.223  3.7295  2.987    3  0.000  0.536     0.00     0.00 -1 -6.76e-12      0.00 7.569e-01 2.428e-01 4.559e-05 1.251e-05 1.135e-04 -1.000 2.539e-04 1.713 1.311 0.956 0.655 0.217 0.060 0.026 0.017 0.009 0.323 0.022 0.317 0.090 0.064 0.053 0.034 0.024 0.020 0.016 0.009 0.008 0.006 0.008 0.162
0.00024632 -1.80000 10.07918 0.7997608781 2.4186408520    0.797  1.272  3.7280  2.932    3  0.000  0.535     0.00     0.00 -1 -8.51e-12      0.00 7.557e-01 2.440e-01 4.557e-05 1.255e-05 1.136e-04 -1.000 2.676e-04 1.591 1.187 0.829 0.526 0.085 -0.073 -0.107 -0.116 -0.124 0.192 -0.112 0.187 -0.042 -0.069 -0.080 -0.099 -0.109 -0.113 -0.118 -0.125 -0.125 -0.127 -0.125 0.030
0.00024632 -1.80000 10.07918 0.8000000119 2.4187245369    0.797  1.316  3.7267  2.882    3  0.000  0.534     0.00     0.00 -1 -1.04e-11      0.00 7.549e-01 2.448e-01 4.552e-05 1.260e-05 1.137e-04 -1.000 2.606e-04 1.479 1.074 0.714 0.409 -0.035 -0.194 -0.229 -0.238 -0.246 0.072 -0.233 0.068 -0.163 -0.190 -0.201 -0.220 -0.231 -0.235 -0.240 -0.247 -0.247 -0.249 -0.246 -0.090
0.00024632 -1.80000 10.07918 0.8000360131 2.4187371731    0.797  1.323  3.7265  2.875    3  0.000  0.534     0.00     0.00 -1 -1.07e-11      0.00 7.548e-01 2.449e-01 4.551e-05 1.261e-05 1.138e-04 -1.000 2.595e-04 1.462 1.058 0.697 0.391 -0.053 -0.213 -0.247 -0.256 -0.264 0.054 -0.251 0.050 -0.181 -0.208 -0.219 -0.239 -0.249 -0.253 -0.258 -0.265 -0.265 -0.267 -0.265 -0.108
0.00024632 -1.80000 10.07918 0.8002675176 2.4188179970    0.797  1.370  3.7250  2.822    3  0.000  0.533     0.00     0.00 -1 -1.27e-11      0.00 7.540e-01 2.458e-01 4.543e-05 1.268e-05 1.138e-04 -1.000 2.524e-04 1.345 0.939 0.575 0.267 -0.179 -0.341 -0.376 -0.385 -0.393 -0.072 -0.380 -0.076 -0.309 -0.337 -0.347 -0.367 -0.378 -0.382 -0.387 -0.394 -0.394 -0.396 -0.393 -0.235
0.00024632 -1.80000 10.07918 0.8004786372 2.4188919067    0.797  1.417  3.7235  2.769    3  0.000  0.531     0.00     0.00 -1  -1.5e-11      0.00 7.533e-01 2.464e-01 4.534e-05 1.275e-05 1.139e-04 -1.000 2.682e-04 1.229 0.821 0.455 0.145 -0.305 -0.469 -0.503 -0.513 -0.521 -0.198 -0.508 -0.201 -0.436 -0.464 -0.475 -0.495 -0.506 -0.510 -0.515 -0.522 -0.522 -0.523 -0.521 -0.361
0.00024632 -1.80000 10.07918 0.8006771803 2.4189610481    0.797  1.465  3.7220  2.715    3  0.000  0.530     0.00     0.00 -1 -1.78e-11      0.00 7.528e-01 2.469e-01 4.524e-05 1.284e-05 1.140e-04 -1.000 2.681e-04 1.109 0.701 0.331 0.019 -0.434 -0.599 -0.634 -0.644 -0.652 -0.327 -0.639 -0.329 -0.566 -0.595 -0.606 -0.626 -0.637 -0.641 -0.646 -0.653 -0.653 -0.654 -0.652 -0.491
0.00024632 -1.80000 10.07918 0.8008527160 2.4190223217    0.797  1.511  3.7203  2.662    3  0.000  0.529     0.00     0.00 -1 -2.11e-11      0.00 7.524e-01 2.473e-01 4.516e-05 1.292e-05 1.140e-04 -1.000 2.680e-04 0.993 0.584 0.211 -0.104 -0.560 -0.727 -0.762 -0.773 -0.780 -0.452 -0.767 -0.454 -0.693 -0.722 -0.733 -0.754 -0.765 -0.770 -0.774 -0.782 -0.781 -0.782 -0.780 -0.617
0.00024632 -1.80000 10.07918 0.8010196090 2.4190804958    0.797  1.559  3.7187  2.607    3  0.000  0.528     0.00     0.00 -1 -2.51e-11      0.00 7.521e-01 2.476e-01 4.509e-05 1.298e-05 1.140e-04 -1.000 2.681e-04 0.872 0.462 0.086 -0.231 -0.691 -0.860 -0.895 -0.906 -0.913 -0.583 -0.900 -0.584 -0.826 -0.855 -0.867 -0.887 -0.898 -0.903 -0.908 -0.915 -0.915 -0.914 -0.913 -0.749
0.00024632 -1.80000 10.07918 0.8011667132 2.4191319942    0.797  1.606  3.7171  2.554    3  0.000  0.528     0.00     0.00 -1 -2.97e-11      0.00 7.520e-01 2.478e-01 4.506e-05 1.302e-05 1.141e-04 -1.000 2.682e-04 0.755 0.345 -0.034 -0.354 -0.818 -0.988 -1.024 -1.035 -1.042 -0.709 -1.029 -0.709 -0.954 -0.983 -0.995 -1.015 -1.027 -1.032 -1.037 -1.044 -1.043 -1.042 -1.041 -0.876
0.00024632 -1.80000 10.07918 0.8012976646 2.4191775322    0.797  1.651  3.7154  2.502    3  0.000  0.527     0.00     0.00 -1  -3.5e-11      0.00 7.519e-01 2.479e-01 4.503e-05 1.304e-05 1.141e-04 -1.000 2.681e-04 0.642 0.231 -0.151 -0.473 -0.940 -1.113 -1.149 -1.160 -1.167 -0.831 -1.154 -0.831 -1.078 -1.108 -1.120 -1.140 -1.152 -1.157 -1.162 -1.169 -1.168 -1.167 -1.166 -1.000
0.00024632 -1.80000 10.07918 0.8014224172 2.4192209244    0.797  1.698  3.7137  2.448    3  0.000  0.527     0.00     0.00 -1 -4.15e-11      0.00 7.519e-01 2.479e-01 4.502e-05 1.306e-05 1.141e-04 -1.000 2.682e-04 0.525 0.113 -0.273 -0.598 -1.068 -1.243 -1.279 -1.290 -1.297 -0.959 -1.284 -0.958 -1.207 -1.238 -1.250 -1.270 -1.282 -1.287 -1.292 -1.300 -1.299 -1.297 -1.296 -1.128
0.00024632 -1.80000 10.07918 0.8015353084 2.4192602634    0.797  1.744  3.7120  2.395    3  0.000  0.527     0.00     0.00 -1 -4.91e-11      0.00 7.518e-01 2.479e-01 4.502e-05 1.306e-05 1.141e-04 -1.000 2.682e-04 0.409 -0.004 -0.393 -0.721 -1.195 -1.371 -1.407 -1.419 -1.425 -1.085 -1.413 -1.083 -1.335 -1.366 -1.378 -1.399 -1.411 -1.416 -1.421 -1.429 -1.427 -1.425 -1.424 -1.255
0.00024632 -1.80000 10.07918 0.8016347289 2.4192948341    0.797  1.789  3.7103  2.344    3  0.000  0.527     0.00     0.00 -1 -5.77e-11      0.00 7.518e-01 2.479e-01 4.502e-05 1.306e-05 1.141e-04 -1.000 2.682e-04 0.298 -0.117 -0.509 -0.839 -1.316 -1.495 -1.532 -1.544 -1.550 -1.207 -1.537 -1.204 -1.458 -1.490 -1.502 -1.522 -1.535 -1.540 -1.545 -1.553 -1.552 -1.548 -1.548 -1.377
0.00024632 -1.80000 10.07918 0.8017261028 2.4193267822    0.797  1.833  3.7086  2.292    3  0.000  0.527     0.00     0.00 -1 -6.78e-11      0.00 7.518e-01 2.479e-01 4.501e-05 1.307e-05 1.141e-04 -1.000 2.682e-04 0.187 -0.228 -0.623 -0.957 -1.438 -1.618 -1.655 -1.667 -1.673 -1.327 -1.661 -1.324 -1.580 -1.613 -1.625 -1.646 -1.659 -1.664 -1.669 -1.677 -1.675 -1.671 -1.671 -1.499
0.00024632 -1.80000 10.07918 0.8018144369 2.4193575382    0.796  1.880  3.7068  2.239    3  0.000  0.527     0.00     0.00 -1 -8.02e-11      0.00 7.518e-01 2.479e-01 4.501e-05 1.307e-05 1.141e-04 -1.000 2.681e-04 0.071 -0.344 -0.743 -1.080 -1.564 -1.747 -1.784 -1.797 -1.802 -1.454 -1.790 -1.449 -1.708 -1.741 -1.753 -1.774 -1.788 -1.793 -1.799 -1.807 -1.805 -1.799 -1.800 -1.626
0.00024632 -1.80000 10.07918 0.8018918037 2.4193844795    0.796  1.924  3.7050  2.187    3  0.000  0.527     0.00     0.00 -1 -9.43e-11      0.00 7.518e-01 2.479e-01 4.501e-05 1.307e-05 1.141e-04 -1.000 2.681e-04 -0.039 -0.455 -0.858 -1.197 -1.685 -1.870 -1.908 -1.921 -1.926 -1.574 -1.914 -1.569 -1.831 -1.865 -1.877 -1.898 -1.912 -1.917 -1.923 -1.931 -1.928 -1.922 -1.923 -1.748
0.00024632 -1.80000 10.07918 0.8019629717 2.4194090366    0.796  1.967  3.7032  2.136    3  0.000  0.527     0.00     0.00 -1 -1.11e-10      0.00 7.518e-01 2.479e-01 4.501e-05 1.307e-05 1.141e-04 -1.000 2.682e-04 -0.149 -0.565 -0.971 -1.313 -1.806 -1.992 -2.031 -2.044 -2.048 -1.695 -2.037 -1.689 -1.953 -1.987 -1.999 -2.020 -2.035 -2.041 -2.046 -2.054 -2.051 -2.045 -2.045 -1.869
0.00024632 -1.80000 10.07918 0.8020303249 2.4194326401    0.795  2.012  3.7014  2.084    3  0.000  0.527     0.00     0.00 -1  -1.3e-10      0.00 7.518e-01 2.479e-01 4.501e-05 1.308e-05 1.141e-04 -1.000 2.682e-04 -0.261 -0.677 -1.087 -1.432 -1.929 -2.117 -2.156 -2.169 -2.173 -1.817 -2.162 -1.810 -2.077 -2.112 -2.124 -2.145 -2.160 -2.166 -2.171 -2.179 -2.177 -2.169 -2.170 -1.992
0.00024632 -1.80000 10.07918 0.8020896316 2.4194531441    0.795  2.054  3.6996  2.035    3  0.000  0.527     0.00     0.00 -1 -1.52e-10      0.00 7.518e-01 2.479e-01 4.501e-05 1.308e-05 1.141e-04 -1.000 2.681e-04 -0.365 -0.781 -1.196 -1.544 -2.045 -2.235 -2.274 -2.288 -2.291 -1.932 -2.280 -1.924 -2.195 -2.230 -2.243 -2.263 -2.279 -2.284 -2.290 -2.298 -2.295 -2.287 -2.288 -2.109
0.00024632 -1.80000 10.07918 0.8021467328 2.4194729328    0.795  2.096  3.6978  1.985    3  0.000  0.527     0.00     0.00 -1 -1.77e-10      0.00 7.518e-01 2.479e-01 4.500e-05 1.308e-05 1.141e-04 -1.000 2.682e-04 -0.470 -0.887 -1.305 -1.656 -2.161 -2.353 -2.393 -2.407 -2.410 -2.048 -2.399 -2.039 -2.312 -2.348 -2.361 -2.381 -2.397 -2.403 -2.409 -2.417 -2.413 -2.404 -2.406 -2.225
0.00024632 -1.80000 10.07918 0.8022059798 2.4194936752    0.794  2.138  3.6960  1.936    3  0.000  0.527     0.00     0.00 -1 -2.07e-10      0.00 7.518e-01 2.479e-01 4.500e-05 1.308e-05 1.141e-04 -1.000 2.681e-04 -0.576 -0.993 -1.415 -1.769 -2.277 -2.472 -2.511 -2.526 -2.528 -2.164 -2.518 -2.154 -2.430 -2.466 -2.479 -2.500 -2.516 -2.522 -2.528 -2.536 -2.532 -2.522 -2.524 -2.342
0.00024632 -1.80000 10.07918 0.8022589684 2.4195120335    0.794  2.162  3.6950  1.908    3  0.000  0.527     0.00     0.00 -1 -2.27e-10      0.00 7.518e-01 2.479e-01 4.500e-05 1.308e-05 1.141e-04 -1.000 2.681e-04 -0.635 -1.052 -1.476 -1.832 -2.342 -2.538 -2.578 -2.593 -2.595 -2.229 -2.584 -2.219 -2.496 -2.532 -2.546 -2.566 -2.583 -2.589 -2.595 -2.603 -2.599 -2.588 -2.590 -2.408
0.00024632 -1.80000 10.07918 0.8022911549 2.4195232391    0.793  2.152  3.6957  1.920    3  0.000  0.527     0.00     0.00 -1  -2.2e-10      0.00 7.518e-01 2.480e-01 4.500e-05 1.308e-05 1.141e-04 -1.000 2.682e-04 -0.611 -1.029 -1.451 -1.805 -2.314 -2.509 -2.549 -2.563 -2.566 -2.201 -2.555 -2.191 -2.467 -2.503 -2.517 -2.537 -2.553 -2.559 -2.565 -2.573 -2.570 -2.559 -2.561 -2.379
0.00024632 -1.80000 10.07918 0.8022954464 2.4195246696    0.793  2.151  3.6958  1.922    3  0.000  0.527     0.00     0.00 -1 -2.19e-10      0.00 7.518e-01 2.480e-01 4.500e-05 1.309e-05 1.141e-04 -1.000 2.682e-04 -0.608 -1.025 -1.447 -1.802 -2.310 -2.505 -2.545 -2.559 -2.562 -2.198 -2.551 -2.188 -2.463 -2.499 -2.513 -2.533 -2.549 -2.555 -2.561 -2.569 -2.566 -2.556 -2.558 -2.376
0.00024632 -1.80000 10.07918 0.8023213148 2.4195337296    0.793  2.177  3.6946  1.890    3  0.000  0.527     0.00     0.00 -1  -2.4e-10      0.00 7.518e-01 2.480e-01 4.500e-05 1.309e-05 1.141e-04 -1.000 2.681e-04 -0.673 -1.091 -1.515 -1.872 -2.383 -2.579 -2.619 -2.634 -2.636 -2.270 -2.626 -2.260 -2.537 -2.574 -2.587 -2.607 -2.624 -2.630 -2.636 -2.644 -2.640 -2.629 -2.631 -2.449
0.00024632 -1.80000 10.07918 0.8023605943 2.4195473194    0.792  2.219  3.6927  1.841    3  0.000  0.527     0.00     0.00 -1 -2.78e-10      0.00 7.518e-01 2.480e-01 4.500e-05 1.309e-05 1.141e-04 -1.000 2.681e-04 -0.777 -1.195 -1.623 -1.983 -2.498 -2.697 -2.737 -2.753 -2.754 -2.385 -2.744 -2.374 -2.654 -2.691 -2.705 -2.725 -2.743 -2.749 -2.755 -2.763 -2.759 -2.745 -2.748 -2.565
0.00024632 -1.80000 10.07918 0.8023971319 2.4195599556    0.792  2.260  3.6908  1.792    3  0.000  0.527     0.00     0.00 -1 -3.24e-10      0.00 7.518e-01 2.480e-01 4.500e-05 1.309e-05 1.141e-04 -1.000 2.681e-04 -0.880 -1.297 -1.730 -2.093 -2.612 -2.813 -2.854 -2.870 -2.870 -2.499 -2.861 -2.487 -2.770 -2.807 -2.821 -2.841 -2.859 -2.866 -2.872 -2.880 -2.875 -2.860 -2.864 -2.679
0.00024632 -1.80000 10.07918 0.8024308681 2.4195716381    0.791  2.301  3.6889  1.743    3  0.000  0.527     0.00     0.00 -1 -3.76e-10      0.00 7.518e-01 2.480e-01 4.500e-05 1.309e-05 1.141e-04 -1.000 2.681e-04 -0.982 -1.398 -1.835 -2.202 -2.726 -2.929 -2.970 -2.986 -2.986 -2.612 -2.977 -2.598 -2.884 -2.923 -2.937 -2.957 -2.976 -2.982 -2.988 -2.997 -2.991 -2.974 -2.978 -2.793
0.00024632 -1.80000 10.07918 0.8024605513 2.4195821285    0.791  2.339  3.6870  1.697    3  0.000  0.527     0.00     0.00 -1 -4.33e-10      0.00 7.518e-01 2.480e-01 4.500e-05 1.309e-05 1.141e-04 -1.000 2.682e-04 -1.077 -1.493 -1.934 -2.304 -2.832 -3.037 -3.079 -3.095 -3.094 -2.718 -3.086 -2.703 -2.992 -3.031 -3.045 -3.065 -3.085 -3.091 -3.097 -3.106 -3.100 -3.081 -3.086 -2.900
0.00024632 -1.80000 10.07918 0.8024893403 2.4195921421    0.790  2.378  3.6852  1.650    3  0.000  0.527     0.00     0.00 -1 -5.01e-10      0.00 7.518e-01 2.480e-01 4.500e-05 1.309e-05 1.141e-04 -1.000 2.682e-04 -1.176 -1.592 -2.037 -2.410 -2.942 -3.150 -3.191 -3.208 -3.207 -2.828 -3.199 -2.812 -3.104 -3.144 -3.158 -3.177 -3.198 -3.204 -3.211 -3.219 -3.213 -3.192 -3.197 -3.011
0.00024632 -1.80000 10.07918 0.8025147319 2.4196007252    0.789  2.416  3.6832  1.604    3  0.000  0.527     0.00     0.00 -1 -5.76e-10      0.00 7.518e-01 2.480e-01 4.500e-05 1.309e-05 1.141e-04 -1.000 2.682e-04 -1.269 -1.684 -2.134 -2.510 -3.047 -3.257 -3.299 -3.316 -3.314 -2.932 -3.307 -2.916 -3.210 -3.251 -3.265 -3.284 -3.305 -3.312 -3.319 -3.328 -3.321 -3.298 -3.304 -3.117
0.00024632 -1.80000 10.07918 0.8025394082 2.4196093082    0.789  2.454  3.6814  1.558    3  0.000  0.527     0.00     0.00 -1 -6.64e-10      0.00 7.518e-01 2.480e-01 4.500e-05 1.309e-05 1.141e-04 -1.000 2.682e-04 -1.366 -1.780 -2.234 -2.613 -3.154 -3.367 -3.408 -3.427 -3.424 -3.039 -3.417 -3.022 -3.319 -3.360 -3.375 -3.394 -3.416 -3.423 -3.429 -3.438 -3.431 -3.406 -3.412 -3.225
0.00024632 -1.80000 10.07918 0.8025612235 2.4196169376    0.788  2.491  3.6795  1.513    3  0.000  0.527     0.00     0.00 -1 -7.61e-10      0.00 7.518e-01 2.480e-01 4.499e-05 1.309e-05 1.141e-04 -1.000 2.682e-04 -1.458 -1.870 -2.328 -2.711 -3.257 -3.472 -3.514 -3.533 -3.529 -3.142 -3.523 -3.123 -3.424 -3.466 -3.480 -3.498 -3.522 -3.529 -3.535 -3.544 -3.536 -3.509 -3.516 -3.328
0.00024632 -1.80000 10.07918 0.8025867343 2.4196257591    0.787  2.537  3.6771  1.457    3  0.000  0.527     0.00     0.00 -1 -9.02e-10      0.00 7.518e-01 2.480e-01 4.499e-05 1.309e-05 1.141e-04 -1.000 2.681e-04 -1.572 -1.983 -2.447 -2.834 -3.386 -3.603 -3.645 -3.665 -3.660 -3.270 -3.654 -3.250 -3.554 -3.597 -3.612 -3.629 -3.654 -3.661 -3.668 -3.677 -3.669 -3.638 -3.646 -3.458
0.00024632 -1.80000 10.07918 0.8026093245 2.4196336269    0.786  2.581  3.6748  1.404    3  0.000  0.527     0.00     0.00 -1 -1.06e-09      0.00 7.518e-01 2.480e-01 4.499e-05 1.310e-05 1.141e-04 -1.000 2.682e-04 -1.682 -2.091 -2.560 -2.952 -3.509 -3.729 -3.772 -3.792 -3.786 -3.392 -3.781 -3.372 -3.679 -3.722 -3.738 -3.754 -3.781 -3.788 -3.795 -3.804 -3.795 -3.762 -3.770 -3.581
0.00024632 -1.80000 10.07918 0.8026270866 2.4196398258    0.785  2.618  3.6728  1.358    3  0.000  0.527     0.00     0.00 -1 -1.22e-09      0.00 7.518e-01 2.480e-01 4.499e-05 1.310e-05 1.141e-04 -1.000 2.681e-04 -1.775 -2.182 -2.656 -3.052 -3.614 -3.837 -3.879 -3.901 -3.893 -3.497 -3.889 -3.475 -3.786 -3.830 -3.846 -3.861 -3.889 -3.897 -3.903 -3.913 -3.903 -3.867 -3.876 -3.687
0.00024632 -1.80000 10.07918 0.8026460409 2.4196465015    0.783  2.660  3.6705  1.306    3  0.000  0.527     0.00     0.00 -1 -1.43e-09      0.00 7.518e-01 2.480e-01 4.499e-05 1.310e-05 1.141e-04 -1.000 2.682e-04 -1.879 -2.285 -2.765 -3.165 -3.732 -3.958 -4.001 -4.023 -4.014 -3.614 -4.010 -3.592 -3.906 -3.950 -3.967 -3.981 -4.011 -4.018 -4.025 -4.035 -4.025 -3.986 -3.995 -3.806
0.00024632 -1.80000 10.07918 0.8026611209 2.4196517467    0.782  2.696  3.6685  1.261    3  0.000  0.527     0.00     0.00 -1 -1.63e-09      0.00 7.518e-01 2.480e-01 4.499e-05 1.310e-05 1.141e-04 -1.000 2.682e-04 -1.970 -2.373 -2.859 -3.263 -3.834 -4.062 -4.106 -4.129 -4.118 -3.716 -4.116 -3.693 -4.009 -4.055 -4.072 -4.085 -4.117 -4.124 -4.131 -4.141 -4.130 -4.088 -4.098 -3.909
0.00024632 -1.80000 10.07918 0.8026770949 2.4196572304    0.781  2.736  3.6662  1.211    3  0.000  0.527     0.00     0.00 -1  -1.9e-09      0.00 7.518e-01 2.480e-01 4.499e-05 1.310e-05 1.141e-04 -1.000 2.682e-04 -2.070 -2.471 -2.963 -3.372 -3.948 -4.180 -4.223 -4.247 -4.235 -3.830 -4.233 -3.805 -4.126 -4.172 -4.189 -4.201 -4.235 -4.242 -4.249 -4.259 -4.248 -4.202 -4.214 -4.024
0.00024632 -1.80000 10.07918 0.8026923537 2.4196624756    0.779  2.778  3.6638  1.159    3  0.000  0.527     0.00     0.00 -1 -2.22e-09      0.00 7.517e-01 2.480e-01 4.499e-05 1.310e-05 1.141e-04 -1.000 2.682e-04 -2.174 -2.572 -3.070 -3.484 -4.066 -4.300 -4.344 -4.369 -4.356 -3.948 -4.354 -3.922 -4.245 -4.293 -4.310 -4.320 -4.357 -4.364 -4.371 -4.381 -4.369 -4.320 -4.332 -4.143
0.00024632 -1.80000 10.07918 0.8027066588 2.4196674824    0.777  2.819  3.6613  1.107    3  0.000  0.527     0.00     0.00 -1  -2.6e-09      0.00 7.517e-01 2.480e-01 4.499e-05 1.310e-05 1.141e-04 -1.000 2.681e-04 -2.278 -2.672 -3.177 -3.596 -4.184 -4.422 -4.465 -4.491 -4.476 -4.065 -4.476 -4.038 -4.365 -4.414 -4.431 -4.439 -4.479 -4.486 -4.494 -4.504 -4.491 -4.437 -4.451 -4.262
0.00024632 -1.80000 10.07918 0.8027190566 2.4196717739    0.776  2.857  3.6591  1.059    3  0.000  0.527     0.00     0.00 -1 -3.01e-09      0.00 7.517e-01 2.480e-01 4.499e-05 1.310e-05 1.141e-04 -1.000 2.682e-04 -2.374 -2.765 -3.276 -3.699 -4.293 -4.534 -4.576 -4.604 -4.588 -4.174 -4.588 -4.146 -4.476 -4.525 -4.543 -4.550 -4.592 -4.599 -4.607 -4.617 -4.604 -4.546 -4.560 -4.372
0.00024632 -1.80000 10.07918 0.8027311563 2.4196760654    0.774  2.897  3.6566  1.008    3  0.000  0.527     0.00     0.00 -1  -3.5e-09      0.00 7.517e-01 2.480e-01 4.499e-05 1.310e-05 1.141e-04 -1.000 2.682e-04 -2.474 -2.862 -3.380 -3.808 -4.408 -4.652 -4.694 -4.723 -4.705 -4.289 -4.707 -4.259 -4.593 -4.643 -4.661 -4.665 -4.711 -4.718 -4.726 -4.737 -4.722 -4.659 -4.675 -4.488
0.00024632 -1.80000 10.07918 0.8027417064 2.4196796417    0.772  2.935  3.6545  0.960    3  0.000  0.527     0.00     0.00 -1 -4.03e-09      0.00 7.517e-01 2.480e-01 4.499e-05 1.310e-05 1.141e-04 -1.000 2.682e-04 -2.567 -2.952 -3.477 -3.910 -4.515 -4.761 -4.803 -4.834 -4.814 -4.395 -4.816 -4.364 -4.701 -4.752 -4.771 -4.773 -4.821 -4.829 -4.836 -4.847 -4.832 -4.765 -4.782 -4.595
0.00024632 -1.80000 10.07918 0.8027518988 2.4196832180    0.769  2.973  3.6520  0.911    3  0.000  0.527     0.00     0.00 -1 -4.67e-09      0.00 7.517e-01 2.480e-01 4.499e-05 1.310e-05 1.141e-04 -1.000 2.681e-04 -2.663 -3.042 -3.575 -4.013 -4.625 -4.874 -4.916 -4.948 -4.927 -4.504 -4.930 -4.472 -4.812 -4.865 -4.884 -4.884 -4.935 -4.943 -4.951 -4.962 -4.946 -4.875 -4.893 -4.705
0.00024632 -1.80000 10.07918 0.8027614355 2.4196865559    0.767  3.011  3.6497  0.862    3  0.000  0.527     0.00     0.00 -1  -5.4e-09      0.00 7.517e-01 2.480e-01 4.499e-05 1.310e-05 1.141e-04 -1.000 2.681e-04 -2.758 -3.130 -3.671 -4.115 -4.733 -4.985 -5.027 -5.061 -5.039 -4.612 -5.042 -4.579 -4.922 -4.976 -4.996 -4.993 -5.048 -5.056 -5.064 -5.076 -5.059 -4.983 -5.003 -4.815
0.00024632 -1.80000 10.07918 0.8027697802 2.4196894169    0.764  3.046  3.6475  0.817    3  0.000  0.527     0.00     0.00 -1 -6.18e-09      0.00 7.517e-01 2.480e-01 4.499e-05 1.310e-05 1.141e-04 -1.000 2.681e-04 -2.846 -3.212 -3.760 -4.210 -4.833 -5.089 -5.131 -5.166 -5.143 -4.712 -5.146 -4.678 -5.025 -5.080 -5.100 -5.094 -5.152 -5.161 -5.169 -5.181 -5.164 -5.084 -5.104 -4.916
0.00024632 -1.80000 10.07918 0.8027778864 2.4196922779    0.762  3.082  3.6451  0.770    3  0.000  0.527     0.00     0.00 -1 -7.09e-09      0.00 7.517e-01 2.480e-01 4.499e-05 1.310e-05 1.141e-04 -1.000 2.681e-04 -2.935 -3.295 -3.851 -4.307 -4.937 -5.195 -5.237 -5.275 -5.249 -4.815 -5.253 -4.779 -5.130 -5.186 -5.207 -5.198 -5.260 -5.269 -5.277 -5.290 -5.272 -5.187 -5.209 -5.020
0.00024632 -1.80000 10.07918 0.8027854562 2.4196949005    0.759  3.118  3.6429  0.724    3  0.000  0.527     0.00     0.00 -1 -8.13e-09      0.00 7.517e-01 2.480e-01 4.499e-05 1.310e-05 1.141e-04 -1.000 2.682e-04 -3.024 -3.377 -3.942 -4.403 -5.039 -5.300 -5.341 -5.381 -5.354 -4.917 -5.358 -4.880 -5.233 -5.291 -5.312 -5.300 -5.366 -5.375 -5.383 -5.396 -5.379 -5.289 -5.311 -5.123
0.00024632 -1.80000 10.07918 0.8027923703 2.4196972847    0.756  3.152  3.6406  0.679    3  0.000  0.527     0.00     0.00 -1 -9.29e-09      0.00 7.517e-01 2.480e-01 4.499e-05 1.310e-05 1.141e-04 -1.000 2.682e-04 -3.109 -3.456 -4.028 -4.495 -5.137 -5.402 -5.442 -5.484 -5.455 -5.015 -5.460 -4.976 -5.334 -5.392 -5.414 -5.399 -5.469 -5.477 -5.486 -5.499 -5.481 -5.387 -5.410 -5.222
0.00024632 -1.80000 10.07918 0.8027992249 2.4196996689    0.752  3.187  3.6383  0.632    3  0.000  0.527     0.00     0.00 -1 -1.07e-08      0.00 7.517e-01 2.480e-01 4.499e-05 1.310e-05 1.141e-04 -1.000 2.682e-04 -3.198 -3.536 -4.117 -4.591 -5.239 -5.508 -5.547 -5.591 -5.561 -5.117 -5.566 -5.077 -5.438 -5.497 -5.520 -5.502 -5.576 -5.584 -5.593 -5.607 -5.588 -5.490 -5.514 -5.325
0.00024632 -1.80000 10.07918 0.8028053641 2.4197018147    0.748  3.220  3.6362  0.588    3  0.000  0.527     0.00     0.00 -1 -1.21e-08      0.00 7.517e-01 2.480e-01 4.499e-05 1.310e-05 1.141e-04 -1.000 2.682e-04 -3.281 -3.611 -4.200 -4.679 -5.334 -5.606 -5.645 -5.691 -5.660 -5.211 -5.665 -5.170 -5.534 -5.595 -5.618 -5.597 -5.675 -5.684 -5.693 -5.707 -5.688 -5.585 -5.610 -5.421
0.00024632 -1.80000 10.07918 0.8028112650 2.4197037220    0.744  3.253  3.6340  0.544    3  0.000  0.527     0.00     0.00 -1 -1.38e-08      0.00 7.517e-01 2.480e-01 4.499e-05 1.310e-05 1.141e-04 -1.000 2.682e-04 -3.364 -3.685 -4.282 -4.768 -5.429 -5.704 -5.743 -5.791 -5.758 -5.306 -5.763 -5.264 -5.631 -5.693 -5.717 -5.692 -5.774 -5.783 -5.793 -5.807 -5.787 -5.681 -5.706 -5.517
0.00024632 -1.80000 10.07918 0.8028162122 2.4197053909    0.741  3.279  3.6323  0.509    3  0.000  0.527     0.00     0.00 -1 -1.54e-08      0.00 7.517e-01 2.480e-01 4.499e-05 1.310e-05 1.141e-04 -1.000 2.682e-04 -3.429 -3.743 -4.347 -4.837 -5.503 -5.781 -5.819 -5.869 -5.835 -5.380 -5.841 -5.337 -5.707 -5.770 -5.795 -5.767 -5.852 -5.861 -5.871 -5.885 -5.865 -5.755 -5.782 -5.592
0.00024632 -1.80000 10.07918 0.8028162122 2.4197053909    0.741  1.691  3.8505  2.971    4  0.000  0.529     0.00     0.00 -1    -1e-30      0.00 7.513e-01 2.484e-01 4.560e-05 1.308e-05 1.151e-04 -1.000 2.681e-04 0.543 0.270 0.117 -0.012 -0.181 -0.234 -0.247 -0.250 -0.257 -0.130 -0.249 -0.151 -0.223 -0.233 -0.236 -0.243 -0.248 -0.249 -0.251 -0.256 -0.257 -0.260 -0.259 -0.200
0.00024632 -1.80000 10.07918 0.8028194904 2.4197065830    0.741  1.697  3.8480  2.955    4  0.000  0.529     0.00     0.00 -1    -1e-30      0.00 7.513e-01 2.484e-01 4.560e-05 1.308e-05 1.151e-04 -1.000 2.681e-04 0.529 0.252 0.095 -0.037 -0.212 -0.267 -0.280 -0.283 -0.290 -0.160 -0.282 -0.181 -0.256 -0.266 -0.269 -0.276 -0.281 -0.282 -0.284 -0.289 -0.289 -0.294 -0.291 -0.232
0.00024632 -1.80000 10.07918 0.8028743267 2.4197256565    0.741  1.713  3.8409  2.911    4  0.000  0.529     0.00     0.00 -1    -1e-30      0.00 7.513e-01 2.484e-01 4.560e-05 1.308e-05 1.151e-04 -1.000 2.681e-04 0.488 0.199 0.032 -0.110 -0.301 -0.360 -0.373 -0.377 -0.384 -0.244 -0.375 -0.265 -0.348 -0.358 -0.361 -0.369 -0.374 -0.375 -0.377 -0.383 -0.383 -0.387 -0.385 -0.321
0.00024632 -1.80000 10.07918 0.8029298186 2.4197449684    0.741  1.714  3.8416  2.912    4  0.000  0.529     0.00     0.00 -1    -1e-30      0.00 7.513e-01 2.484e-01 4.560e-05 1.308e-05 1.151e-04 -1.000 2.681e-04 0.486 0.198 0.031 -0.109 -0.298 -0.357 -0.370 -0.374 -0.381 -0.242 -0.372 -0.263 -0.345 -0.355 -0.358 -0.366 -0.372 -0.373 -0.375 -0.380 -0.380 -0.385 -0.382 -0.319
0.00024632 -1.80000 10.07918 0.8029865026 2.4197645187    0.741  1.714  3.8427  2.916    4  0.000  0.529     0.00     0.00 -1    -1e-30      0.00 7.513e-01 2.484e-01 4.560e-05 1.308e-05 1.151e-04 -1.000 2.681e-04 0.485 0.199 0.034 -0.105 -0.291 -0.349 -0.363 -0.366 -0.374 -0.236 -0.365 -0.257 -0.338 -0.348 -0.351 -0.358 -0.364 -0.365 -0.367 -0.372 -0.373 -0.377 -0.375 -0.312
0.00024632 -1.80000 10.07918 0.8030426502 2.4197840691    0.741  1.714  3.8439  2.921    4  0.000  0.529     0.00     0.00 -1    -1e-30      0.00 7.513e-01 2.484e-01 4.560e-05 1.308e-05 1.151e-04 -1.000 2.682e-04 0.485 0.201 0.038 -0.099 -0.283 -0.340 -0.354 -0.357 -0.364 -0.229 -0.356 -0.249 -0.329 -0.339 -0.342 -0.349 -0.355 -0.356 -0.358 -0.363 -0.363 -0.368 -0.365 -0.303
0.00024632 -1.80000 10.07918 0.8030955195 2.4198024273    0.741  1.714  3.8451  2.927    4  0.000  0.529     0.00     0.00 -1    -1e-30      0.00 7.513e-01 2.484e-01 4.560e-05 1.308e-05 1.151e-04 -1.000 2.681e-04 0.486 0.204 0.043 -0.093 -0.274 -0.331 -0.344 -0.347 -0.355 -0.220 -0.346 -0.241 -0.319 -0.329 -0.332 -0.340 -0.345 -0.346 -0.348 -0.353 -0.354 -0.358 -0.356 -0.294
0.00024632 -1.80000 10.07918 0.8031474352 2.4198203087    0.741  1.713  3.8464  2.932    4  0.000  0.529     0.00     0.00 -1    -1e-30      0.00 7.513e-01 2.484e-01 4.560e-05 1.308e-05 1.151e-04 -1.000 2.683e-04 0.487 0.207 0.048 -0.087 -0.265 -0.321 -0.334 -0.337 -0.344 -0.212 -0.336 -0.232 -0.309 -0.319 -0.322 -0.329 -0.335 -0.336 -0.338 -0.343 -0.344 -0.348 -0.345 -0.284
0.00024632 -1.80000 10.07918 0.8031999469 2.4198384285    0.741  1.713  3.8476  2.937    4  0.000  0.529     0.00     0.00 -1    -1e-30      0.00 7.513e-01 2.484e-01 4.560e-05 1.308e-05 1.151e-04 -1.000 2.682e-04 0.488 0.210 0.053 -0.080 -0.256 -0.310 -0.324 -0.327 -0.334 -0.203 -0.326 -0.224 -0.299 -0.309 -0.312 -0.319 -0.325 -0.326 -0.328 -0.333 -0.333 -0.337 -0.335 -0.275
0.00024632 -1.80000 10.07918 0.8032549024 2.4198575020    0.741  1.713  3.8488  2.942    4  0.000  0.529     0.00     0.00 -1    -1e-30      0.00 7.513e-01 2.484e-01 4.560e-05 1.308e-05 1.151e-04 -1.000 2.681e-04 0.489 0.213 0.057 -0.074 -0.247 -0.301 -0.314 -0.317 -0.324 -0.195 -0.316 -0.215 -0.289 -0.300 -0.302 -0.309 -0.315 -0.316 -0.318 -0.323 -0.323 -0.327 -0.325 -0.266
0.00024632 -1.80000 10.07918 0.8033090830 2.4198763371    0.741  1.712  3.8497  2.946    4  0.000  0.529     0.00     0.00 -1    -1e-30      0.00 7.513e-01 2.484e-01 4.560e-05 1.308e-05 1.151e-04 -1.000 2.681e-04 0.489 0.215 0.061 -0.070 -0.240 -0.294 -0.307 -0.310 -0.317 -0.189 -0.309 -0.209 -0.282 -0.293 -0.296 -0.302 -0.308 -0.309 -0.311 -0.316 -0.316 -0.320 -0.318 -0.259
0.00024632 -1.80000 10.07918 0.8033648729 2.4198956490    0.741  1.712  3.8503  2.949    4  0.000  0.529     0.00     0.00 -1    -1e-30      0.00 7.513e-01 2.484e-01 4.560e-05 1.308e-05 1.151e-04 -1.000 2.683e-04 0.489 0.216 0.062 -0.067 -0.236 -0.289 -0.303 -0.306 -0.313 -0.185 -0.304 -0.205 -0.278 -0.288 -0.291 -0.298 -0.304 -0.305 -0.306 -0.312 -0.312 -0.316 -0.314 -0.255
0.00024632 -1.80000 10.07918 0.8034201264 2.4199147224    0.741  1.713  3.8505  2.949    4  0.000  0.529     0.00     0.00 -1    -1e-30      0.00 7.513e-01 2.484e-01 4.560e-05 1.308e-05 1.151e-04 -1.000 2.682e-04 0.488 0.216 0.063 -0.066 -0.235 -0.288 -0.301 -0.305 -0.312 -0.185 -0.303 -0.205 -0.277 -0.287 -0.290 -0.297 -0.303 -0.304 -0.305 -0.310 -0.311 -0.315 -0.313 -0.254
0.00024632 -1.80000 10.07918 0.8034747839 2.4199337959    0.741  1.713  3.8502  2.948    4  0.000  0.529     0.00     0.00 -1    -1e-30      0.00 7.513e-01 2.484e-01 4.560e-05 1.308e-05 1.151e-04 -1.000 2.681e-04 0.487 0.214 0.061 -0.069 -0.238 -0.291 -0.304 -0.308 -0.315 -0.187 -0.306 -0.207 -0.280 -0.290 -0.293 -0.300 -0.306 -0.307 -0.308 -0.314 -0.314 -0.318 -0.316 -0.257
0.00024632 -1.80000 10.07918 0.8035277128 2.4199521542    0.741  1.714  3.8495  2.944    4  0.000  0.529     0.00     0.00 -1    -1e-30      0.00 7.513e-01 2.484e-01 4.560e-05 1.308e-05 1.151e-04 -1.000 2.681e-04 0.486 0.211 0.056 -0.074 -0.245 -0.298 -0.312 -0.315 -0.322 -0.194 -0.314 -0.214 -0.287 -0.297 -0.300 -0.307 -0.313 -0.314 -0.316 -0.321 -0.321 -0.325 -0.323 -0.264
0.00024632 -1.80000 10.07918 0.8035508394 2.4199600220    0.741  1.714  3.8491  2.942    4  0.000  0.529     0.00     0.00 -1    -1e-30      0.00 7.513e-01 2.484e-01 4.560e-05 1.308e-05 1.151e-04 -1.000 2.681e-04 0.485 0.209 0.054 -0.077 -0.248 -0.302 -0.316 -0.319 -0.326 -0.197 -0.318 -0.217 -0.291 -0.301 -0.304 -0.311 -0.317 -0.318 -0.320 -0.325 -0.325 -0.329 -0.327 -0.267
0.00024632 -1.80000 10.07918 0.8035629988 2.4199643135    0.741  1.714  3.8487  2.941    4  0.000  0.529     0.00     0.00 -1    -1e-30      0.00 7.513e-01 2.484e-01 4.560e-05 1.308e-05 1.151e-04 -1.000 2.681e-04 0.484 0.208 0.052 -0.079 -0.252 -0.306 -0.319 -0.322 -0.329 -0.200 -0.321 -0.220 -0.294 -0.305 -0.307 -0.315 -0.320 -0.321 -0.323 -0.328 -0.328 -0.332 -0.330 -0.270
0.00024632 -1.80000 10.07918 0.8036161065 2.4199826717    0.741  1.716  3.8470  2.932    4  0.000  0.529     0.00     0.00 -1    -1e-30      0.00 7.513e-01 2.484e-01 4.560e-05 1.308e-05 1.151e-04 -1.000 2.681e-04 0.481 0.202 0.044 -0.090 -0.266 -0.322 -0.335 -0.338 -0.345 -0.214 -0.337 -0.234 -0.310 -0.320 -0.323 -0.330 -0.336 -0.337 -0.339 -0.344 -0.344 -0.349 -0.346 -0.286
0.00024632 -1.80000 10.07918 0.8036699295 2.4200012684    0.741  1.717  3.8446  2.921    4  0.000  0.529     0.00     0.00 -1    -1e-30      0.00 7.513e-01 2.484e-01 4.560e-05 1.308e-05 1.151e-04 -1.000 2.681e-04 0.476 0.194 0.032 -0.105 -0.287 -0.344 -0.357 -0.360 -0.368 -0.233 -0.359 -0.253 -0.332 -0.342 -0.345 -0.353 -0.358 -0.359 -0.361 -0.366 -0.367 -0.371 -0.369 -0.307
0.00024632 -1.80000 10.07918 0.8037227988 2.4200196266    0.742  1.719  3.8417  2.907    4  0.000  0.529     0.00     0.00 -1    -1e-30      0.00 7.513e-01 2.484e-01 4.560e-05 1.308e-05 1.151e-04 -1.000 2.681e-04 0.471 0.183 0.017 -0.123 -0.312 -0.371 -0.384 -0.388 -0.395 -0.256 -0.386 -0.277 -0.359 -0.369 -0.372 -0.380 -0.385 -0.386 -0.388 -0.394 -0.394 -0.398 -0.396 -0.332
0.00024632 -1.80000 10.07918 0.8037748933 2.4200375080    0.742  1.722  3.8382  2.891    4  0.000  0.529     0.00     0.00 -1    -1e-30      0.00 7.513e-01 2.484e-01 4.560e-05 1.308e-05 1.151e-04 -1.000 2.681e-04 0.465 0.171 -0.000 -0.145 -0.341 -0.402 -0.416 -0.420 -0.427 -0.284 -0.418 -0.305 -0.390 -0.401 -0.404 -0.411 -0.417 -0.418 -0.420 -0.426 -0.426 -0.430 -0.428 -0.363
0.00024632 -1.80000 10.07918 0.8038267493 2.4200556278    0.742  1.725  3.8341  2.872    4  0.000  0.529     0.00     0.00 -1    -1e-30      0.00 7.513e-01 2.484e-01 4.560e-05 1.308e-05 1.151e-04 -1.000 2.682e-04 0.458 0.157 -0.020 -0.171 -0.377 -0.440 -0.454 -0.458 -0.465 -0.316 -0.456 -0.338 -0.428 -0.439 -0.441 -0.450 -0.455 -0.456 -0.459 -0.464 -0.464 -0.469 -0.466 -0.399
0.00024632 -1.80000 10.07918 0.8038783073 2.4200732708    0.742  1.728  3.8294  2.850    4  0.000  0.529     0.00     0.00 -1    -1e-30      0.00 7.513e-01 2.484e-01 4.560e-05 1.308e-05 1.151e-04 -1.000 2.681e-04 0.450 0.142 -0.043 -0.200 -0.416 -0.483 -0.497 -0.501 -0.508 -0.353 -0.499 -0.375 -0.470 -0.481 -0.484 -0.492 -0.498 -0.499 -0.502 -0.507 -0.507 -0.512 -0.509 -0.440
0.00024632 -1.80000 10.07918 0.8039299250 2.4200911522    0.742  1.731  3.8242  2.826    4  0.000  0.529     0.00     0.00 -1    -1e-30      0.00 7.513e-01 2.484e-01 4.560e-05 1.308e-05 1.151e-04 -1.000 2.682e-04 0.441 0.125 -0.067 -0.232 -0.460 -0.530 -0.545 -0.549 -0.556 -0.393 -0.547 -0.416 -0.517 -0.529 -0.532 -0.540 -0.546 -0.547 -0.550 -0.555 -0.555 -0.560 -0.557 -0.485
0.00024632 -1.80000 10.07918 0.8039348125 2.4200928211    0.742  1.732  3.8237  2.823    4  0.000  0.529     0.00     0.00 -1    -1e-30      0.00 7.513e-01 2.484e-01 4.560e-05 1.308e-05 1.151e-04 -1.000 2.681e-04 0.441 0.123 -0.070 -0.235 -0.464 -0.534 -0.549 -0.554 -0.560 -0.397 -0.551 -0.420 -0.522 -0.533 -0.536 -0.545 -0.551 -0.552 -0.555 -0.559 -0.560 -0.564 -0.562 -0.489
0.00024632 -1.80000 10.07918 0.8039438725 2.4200959206    0.742  1.732  3.8227  2.819    4  0.000  0.529     0.00     0.00 -1    -1e-30      0.00 7.513e-01 2.484e-01 4.560e-05 1.308e-05 1.151e-04 -1.000 2.682e-04 0.439 0.120 -0.075 -0.241 -0.472 -0.544 -0.559 -0.563 -0.569 -0.405 -0.561 -0.428 -0.531 -0.542 -0.546 -0.554 -0.560 -0.561 -0.564 -0.568 -0.569 -0.574 -0.571 -0.498
0.00024632 -1.80000 10.07918 0.8039975762 2.4201145172    0.742  1.737  3.8167  2.790    4  0.000  0.529     0.00     0.00 -1    -1e-30      0.00 7.513e-01 2.484e-01 4.560e-05 1.308e-05 1.151e-04 -1.000 2.681e-04 0.428 0.101 -0.103 -0.278 -0.523 -0.598 -0.614 -0.618 -0.625 -0.452 -0.616 -0.476 -0.585 -0.597 -0.600 -0.609 -0.615 -0.616 -0.619 -0.624 -0.625 -0.630 -0.626 -0.550
0.00024632 -1.80000 10.07918 0.8040499687 2.4201326370    0.742  1.741  3.8108  2.762    4  0.000  0.529     0.00     0.00 -1    -1e-30      0.00 7.513e-01 2.484e-01 4.560e-05 1.308e-05 1.151e-04 -1.000 2.682e-04 0.418 0.082 -0.132 -0.315 -0.573 -0.652 -0.669 -0.673 -0.680 -0.499 -0.671 -0.522 -0.638 -0.651 -0.655 -0.664 -0.670 -0.671 -0.674 -0.679 -0.680 -0.685 -0.681 -0.601
0.00024632 -1.80000 10.07918 0.8041059375 2.4201519489    0.742  1.746  3.8040  2.730    4  0.000  0.529     0.00     0.00 -1    -1e-30      0.00 7.513e-01 2.484e-01 4.560e-05 1.308e-05 1.151e-04 -1.000 2.682e-04 0.405 0.060 -0.164 -0.356 -0.630 -0.714 -0.732 -0.736 -0.743 -0.553 -0.734 -0.576 -0.700 -0.713 -0.717 -0.727 -0.733 -0.734 -0.737 -0.742 -0.743 -0.748 -0.745 -0.660
0.00024632 -1.80000 10.07918 0.8041592240 2.4201705456    0.742  1.752  3.7975  2.699    4  0.000  0.529     0.00     0.00 -1    -1e-30      0.00 7.513e-01 2.484e-01 4.560e-05 1.308e-05 1.151e-04 -1.000 2.682e-04 0.391 0.038 -0.197 -0.398 -0.686 -0.776 -0.794 -0.799 -0.806 -0.606 -0.797 -0.629 -0.761 -0.775 -0.779 -0.789 -0.795 -0.797 -0.800 -0.805 -0.806 -0.811 -0.807 -0.719
0.00024632 -1.80000 10.07918 0.8042103052 2.4201881886    0.742  1.757  3.7919  2.671    4  0.000  0.529     0.00     0.00 -1    -1e-30      0.00 7.513e-01 2.484e-01 4.560e-05 1.308e-05 1.151e-04 -1.000 2.682e-04 0.378 0.018 -0.226 -0.435 -0.736 -0.830 -0.849 -0.854 -0.861 -0.652 -0.851 -0.675 -0.814 -0.829 -0.833 -0.844 -0.850 -0.852 -0.855 -0.860 -0.861 -0.866 -0.862 -0.770
0.00024632 -1.80000 10.07918 0.8042629957 2.4202063084    0.742  1.763  3.7861  2.642    4  0.000  0.529     0.00     0.00 -1    -1e-30      0.00 7.513e-01 2.484e-01 4.560e-05 1.308e-05 1.151e-04 -1.000 2.682e-04 0.362 -0.003 -0.257 -0.475 -0.788 -0.887 -0.907 -0.913 -0.920 -0.702 -0.910 -0.724 -0.871 -0.886 -0.890 -0.902 -0.908 -0.910 -0.914 -0.919 -0.919 -0.925 -0.921 -0.824
0.00024632 -1.80000 10.07918 0.8043147326 2.4202241898    0.742  1.769  3.7812  2.617    4  0.000  0.529     0.00     0.00 -1    -1e-30      0.00 7.513e-01 2.484e-01 4.560e-05 1.308e-05 1.151e-04 -1.000 2.681e-04 0.348 -0.023 -0.285 -0.509 -0.834 -0.937 -0.958 -0.964 -0.971 -0.746 -0.961 -0.767 -0.920 -0.936 -0.940 -0.952 -0.959 -0.962 -0.965 -0.970 -0.971 -0.976 -0.972 -0.871
0.00024632 -1.80000 10.07918 0.8043670654 2.4202423096    0.742  1.775  3.7767  2.592    4  0.000  0.529     0.00     0.00 -1    -1e-30      0.00 7.513e-01 2.484e-01 4.560e-05 1.308e-05 1.151e-04 -1.000 2.681e-04 0.332 -0.043 -0.313 -0.544 -0.878 -0.986 -1.007 -1.013 -1.020 -0.788 -1.010 -0.809 -0.968 -0.985 -0.989 -1.001 -1.008 -1.011 -1.014 -1.019 -1.020 -1.026 -1.022 -0.917
0.00024632 -1.80000 10.07918 0.8044193983 2.4202604294    0.742  1.782  3.7724  2.568    4  0.000  0.529     0.00     0.00 -1    -1e-30      0.00 7.513e-01 2.484e-01 4.560e-05 1.308e-05 1.151e-04 -1.000 2.682e-04 0.315 -0.064 -0.342 -0.579 -0.923 -1.034 -1.056 -1.062 -1.070 -0.831 -1.059 -0.850 -1.015 -1.033 -1.037 -1.050 -1.057 -1.060 -1.063 -1.069 -1.070 -1.076 -1.072 -0.963
0.00024632 -1.80000 10.07918 0.8044721484 2.4202785492    0.742  1.791  3.7677  2.540    4  0.000  0.529     0.00     0.00 -1    -1e-30      0.00 7.513e-01 2.484e-01 4.560e-05 1.308e-05 1.151e-04 -1.000 2.681e-04 0.293 -0.091 -0.377 -0.621 -0.975 -1.091 -1.113 -1.120 -1.128 -0.881 -1.116 -0.899 -1.071 -1.089 -1.094 -1.107 -1.115 -1.118 -1.121 -1.127 -1.128 -1.133 -1.130 -1.016
0.00024632 -1.80000 10.07918 0.8044826388 2.4202821255    0.742  1.783  3.7705  2.559    4  0.000  0.529     0.00     0.00 -1    -1e-30      0.00 7.513e-01 2.484e-01 4.560e-05 1.308e-05 1.151e-04 -1.000 2.681e-04 0.311 -0.070 -0.351 -0.590 -0.938 -1.051 -1.073 -1.080 -1.087 -0.845 -1.076 -0.864 -1.032 -1.050 -1.055 -1.067 -1.075 -1.078 -1.081 -1.086 -1.087 -1.093 -1.089 -0.979
0.00024632 -1.80000 10.07918 0.8045367002 2.4203009605    0.742  1.797  3.7642  2.520    4  0.000  0.529     0.00     0.00 -1    -1e-30      0.00 7.513e-01 2.484e-01 4.560e-05 1.308e-05 1.151e-04 -1.000 2.682e-04 0.276 -0.111 -0.403 -0.651 -1.013 -1.132 -1.156 -1.162 -1.171 -0.918 -1.159 -0.936 -1.112 -1.131 -1.136 -1.150 -1.157 -1.160 -1.164 -1.170 -1.171 -1.176 -1.173 -1.056
0.00024632 -1.80000 10.07918 0.8045899272 2.4203193188    0.743  1.815  3.7582  2.478    4  0.000  0.529     0.00     0.00 -1    -1e-30      0.00 7.513e-01 2.484e-01 4.560e-05 1.308e-05 1.151e-04 -1.000 2.682e-04 0.232 -0.160 -0.463 -0.720 -1.094 -1.220 -1.244 -1.251 -1.260 -0.998 -1.247 -1.013 -1.198 -1.218 -1.223 -1.238 -1.246 -1.249 -1.253 -1.259 -1.260 -1.265 -1.262 -1.139
0.00024632 -1.80000 10.07918 0.8046347499 2.4203345776    0.743  1.844  3.7507  2.419    4  0.000  0.529     0.00     0.00 -1    -1e-30      0.00 7.513e-01 2.484e-01 4.560e-05 1.308e-05 1.151e-04 -1.000 2.682e-04 0.159 -0.240 -0.555 -0.824 -1.214 -1.347 -1.373 -1.380 -1.389 -1.115 -1.376 -1.128 -1.323 -1.344 -1.351 -1.366 -1.374 -1.378 -1.382 -1.388 -1.389 -1.395 -1.391 -1.261
0.00024632 -1.80000 10.07918 0.8046590686 2.4203431606    0.743  1.879  3.7431  2.354    4  0.000  0.529     0.00     0.00 -1    -1e-30      0.00 7.513e-01 2.484e-01 4.560e-05 1.308e-05 1.151e-04 -1.000 2.681e-04 0.072 -0.333 -0.662 -0.942 -1.348 -1.488 -1.516 -1.525 -1.533 -1.246 -1.520 -1.258 -1.463 -1.486 -1.493 -1.509 -1.518 -1.522 -1.526 -1.533 -1.534 -1.539 -1.535 -1.397
0.00024632 -1.80000 10.07918 0.8046700358 2.4203469753    0.743  1.916  3.7363  2.290    4  0.000  0.529     0.00     0.00 -1    -1e-30      0.00 7.513e-01 2.484e-01 4.560e-05 1.308e-05 1.151e-04 -1.000 2.682e-04 -0.020 -0.430 -0.771 -1.061 -1.482 -1.629 -1.659 -1.668 -1.677 -1.378 -1.663 -1.387 -1.602 -1.626 -1.634 -1.652 -1.661 -1.665 -1.669 -1.676 -1.677 -1.682 -1.679 -1.534
0.00024632 -1.80000 10.07918 0.8046749234 2.4203486443    0.743  1.954  3.7302  2.228    4  0.000  0.529     0.00     0.00 -1    -1e-30      0.00 7.513e-01 2.484e-01 4.560e-05 1.308e-05 1.151e-04 -1.000 2.682e-04 -0.115 -0.528 -0.881 -1.180 -1.613 -1.767 -1.798 -1.808 -1.817 -1.508 -1.803 -1.514 -1.738 -1.764 -1.772 -1.791 -1.801 -1.805 -1.810 -1.817 -1.817 -1.821 -1.818 -1.667
0.00024632 -1.80000 10.07918 0.8046772480 2.4203493595    0.743  1.991  3.7253  2.171    4  0.000  0.529     0.00     0.00 -1    -1e-30      0.00 7.513e-01 2.484e-01 4.560e-05 1.308e-05 1.151e-04 -1.000 2.681e-04 -0.208 -0.624 -0.987 -1.293 -1.737 -1.897 -1.928 -1.939 -1.948 -1.630 -1.933 -1.635 -1.866 -1.893 -1.902 -1.921 -1.931 -1.936 -1.940 -1.948 -1.948 -1.951 -1.949 -1.792
0.00024632 -1.80000 10.07918 0.8046782017 2.4203495979    0.743  2.016  3.7225  2.134    7  0.000  0.529     0.00     0.00 -1    -1e-30      0.00 7.513e-01 2.484e-01 4.560e-05 1.308e-05 1.151e-04 -1.000 2.682e-04 -0.271 -0.688 -1.056 -1.367 -1.816 -1.979 -2.012 -2.022 -2.031 -1.709 -2.017 -1.712 -1.947 -1.976 -1.984 -2.004 -2.015 -2.019 -2.024 -2.031 -2.032 -2.034 -2.032 -1.873
0.00024632 -1.80000 10.07918 0.8046792150 2.4203500748    0.743  2.055  3.7188  2.081    7  0.000  0.529     0.00     0.00 -1    -1e-30      0.00 7.513e-01 2.484e-01 4.560e-05 1.308e-05 1.151e-04 -1.000 2.681e-04 -0.368 -0.787 -1.162 -1.478 -1.936 -2.103 -2.136 -2.148 -2.156 -1.828 -2.142 -1.829 -2.070 -2.099 -2.108 -2.128 -2.140 -2.145 -2.149 -2.157 -2.157 -2.158 -2.156 -1.994
0.00024632 -1.80000 10.07918 0.8046801686 2.4203503132    0.743  2.092  3.7157  2.031    7  0.000  0.529     0.00     0.00 -1    -1e-30      0.00 7.513e-01 2.484e-01 4.560e-05 1.308e-05 1.151e-04 -1.000 2.681e-04 -0.461 -0.880 -1.262 -1.583 -2.047 -2.218 -2.252 -2.264 -2.271 -1.938 -2.258 -1.939 -2.184 -2.214 -2.224 -2.244 -2.256 -2.261 -2.265 -2.273 -2.273 -2.272 -2.271 -2.106
0.00024632 -1.80000 10.07918 0.8046810627 2.4203507900    0.743  2.123  3.7133  1.991    7  0.000  0.529     0.00     0.00 -1    -1e-30      0.00 7.513e-01 2.484e-01 4.560e-05 1.308e-05 1.151e-04 -1.000 2.682e-04 -0.538 -0.958 -1.344 -1.669 -2.138 -2.312 -2.346 -2.358 -2.366 -2.029 -2.352 -2.028 -2.277 -2.308 -2.317 -2.338 -2.350 -2.355 -2.360 -2.368 -2.367 -2.366 -2.365 -2.198
0.00024632 -1.80000 10.07918 0.8046820164 2.4203510284    0.743  2.144  3.7118  1.964    7  0.000  0.529     0.00     0.00 -1    -1e-30      0.00 7.513e-01 2.484e-01 4.560e-05 1.308e-05 1.151e-04 -1.000 2.682e-04 -0.591 -1.011 -1.401 -1.728 -2.201 -2.376 -2.411 -2.423 -2.430 -2.091 -2.417 -2.090 -2.340 -2.372 -2.382 -2.402 -2.415 -2.420 -2.425 -2.433 -2.432 -2.430 -2.429 -2.261
0.00024632 -1.80000 10.07918 0.8046833873 2.4203515053    0.743  2.165  3.7104  1.937    7  0.000  0.529     0.00     0.00 -1    -1e-30      0.00 7.513e-01 2.484e-01 4.560e-05 1.308e-05 1.151e-04 -1.000 2.682e-04 -0.643 -1.064 -1.456 -1.786 -2.261 -2.438 -2.474 -2.486 -2.493 -2.152 -2.480 -2.150 -2.402 -2.434 -2.444 -2.464 -2.478 -2.483 -2.488 -2.496 -2.495 -2.492 -2.492 -2.322
0.00024632 -1.80000 10.07918 0.8046859503 2.4203524590    0.743  2.150  3.7116  1.957    7  0.000  0.529     0.00     0.00 -1    -1e-30      0.00 7.513e-01 2.484e-01 4.560e-05 1.308e-05 1.151e-04 -1.000 2.682e-04 -0.605 -1.026 -1.415 -1.743 -2.216 -2.391 -2.426 -2.438 -2.446 -2.106 -2.432 -2.105 -2.356 -2.387 -2.397 -2.417 -2.430 -2.435 -2.440 -2.448 -2.447 -2.445 -2.445 -2.276
0.00024632 -1.80000 10.07918 0.8046903014 2.4203538895    0.743  2.126  3.7133  1.988    7  0.000  0.529     0.00     0.00 -1    -1e-30      0.00 7.513e-01 2.484e-01 4.560e-05 1.308e-05 1.151e-04 -1.000 2.681e-04 -0.544 -0.964 -1.350 -1.676 -2.145 -2.318 -2.353 -2.365 -2.372 -2.035 -2.359 -2.035 -2.283 -2.314 -2.324 -2.344 -2.357 -2.362 -2.366 -2.374 -2.374 -2.372 -2.371 -2.204
0.00024632 -1.80000 10.07918 0.8047161698 2.4203627110    0.743  2.149  3.7113  1.957    7  0.000  0.529     0.00     0.00 -1    -1e-30      0.00 7.513e-01 2.484e-01 4.560e-05 1.308e-05 1.151e-04 -1.000 2.681e-04 -0.602 -1.023 -1.413 -1.742 -2.215 -2.391 -2.426 -2.438 -2.446 -2.106 -2.432 -2.104 -2.355 -2.387 -2.397 -2.417 -2.430 -2.435 -2.440 -2.448 -2.447 -2.445 -2.445 -2.275
0.00024632 -1.80000 10.07918 0.8047320247 2.4203681946    0.743  2.178  3.7090  1.919    7  0.000  0.529     0.00     0.00 -1    -1e-30      0.00 7.513e-01 2.484e-01 4.560e-05 1.308e-05 1.151e-04 -1.000 2.682e-04 -0.674 -1.095 -1.490 -1.822 -2.301 -2.479 -2.515 -2.527 -2.534 -2.190 -2.521 -2.188 -2.443 -2.475 -2.485 -2.505 -2.519 -2.524 -2.529 -2.537 -2.536 -2.533 -2.533 -2.361
0.00024632 -1.80000 10.07918 0.8047511578 2.4203748703    0.743  2.220  3.7059  1.864    7  0.000  0.529     0.00     0.00 -1    -1e-30      0.00 7.513e-01 2.484e-01 4.560e-05 1.308e-05 1.151e-04 -1.000 2.681e-04 -0.781 -1.203 -1.604 -1.941 -2.426 -2.608 -2.645 -2.658 -2.663 -2.315 -2.651 -2.311 -2.570 -2.603 -2.614 -2.635 -2.649 -2.654 -2.660 -2.667 -2.666 -2.661 -2.662 -2.488
0.00024632 -1.80000 10.07918 0.8047706485 2.4203815460    0.743  2.273  3.7023  1.797    7  0.000  0.529     0.00     0.00 -1    -1e-30      0.00 7.513e-01 2.484e-01 4.560e-05 1.308e-05 1.151e-04 -1.000 2.682e-04 -0.912 -1.334 -1.743 -2.086 -2.578 -2.764 -2.802 -2.816 -2.820 -2.467 -2.808 -2.461 -2.726 -2.760 -2.771 -2.792 -2.806 -2.812 -2.818 -2.826 -2.823 -2.817 -2.818 -2.641
0.00024632 -1.80000 10.07918 0.8047882318 2.4203877449    0.743  2.319  3.6992  1.739    7  0.000  0.529     0.00     0.00 -1    -1e-30      0.00 7.513e-01 2.484e-01 4.560e-05 1.308e-05 1.151e-04 -1.000 2.682e-04 -1.028 -1.451 -1.866 -2.214 -2.714 -2.903 -2.942 -2.956 -2.960 -2.602 -2.948 -2.594 -2.863 -2.898 -2.910 -2.931 -2.946 -2.952 -2.958 -2.966 -2.963 -2.955 -2.957 -2.777
0.00024632 -1.80000 10.07918 0.8048037291 2.4203929901    0.743  2.363  3.6964  1.684    7  0.000  0.529     0.00     0.00 -1    -1e-30      0.00 7.514e-01 2.484e-01 4.559e-05 1.308e-05 1.151e-04 -1.000 2.503e-04 -1.137 -1.560 -1.981 -2.334 -2.839 -3.032 -3.071 -3.085 -3.089 -2.727 -3.077 -2.718 -2.991 -3.027 -3.039 -3.060 -3.076 -3.082 -3.087 -3.095 -3.093 -3.083 -3.085 -2.904
0.00024632 -1.80000 10.07918 0.8048174977 2.4203977585    0.743  2.406  3.6937  1.630    7  0.000  0.529     0.00     0.00 -1    -1e-30      0.00 7.514e-01 2.483e-01 4.557e-05 1.309e-05 1.151e-04 -1.000 2.447e-04 -1.244 -1.666 -2.093 -2.451 -2.962 -3.159 -3.198 -3.213 -3.216 -2.850 -3.205 -2.839 -3.117 -3.153 -3.166 -3.186 -3.203 -3.210 -3.215 -3.224 -3.220 -3.208 -3.211 -3.028
0.00024632 -1.80000 10.07918 0.8048294783 2.4204018116    0.743  2.447  3.6911  1.578    7  0.000  0.527     0.00     0.00 -1    -1e-30      0.00 7.514e-01 2.483e-01 4.547e-05 1.313e-05 1.151e-04 -1.000 2.448e-04 -1.348 -1.770 -2.202 -2.565 -3.082 -3.282 -3.322 -3.337 -3.339 -2.969 -3.329 -2.957 -3.239 -3.276 -3.289 -3.309 -3.327 -3.334 -3.340 -3.348 -3.344 -3.329 -3.332 -3.149
0.00024632 -1.80000 10.07918 0.8048402071 2.4204056263    0.743  2.489  3.6885  1.526    7  0.000  0.523     0.00     0.00 -1    -1e-30      0.00 7.514e-01 2.484e-01 4.513e-05 1.337e-05 1.151e-04 -1.000 2.466e-04 -1.451 -1.872 -2.310 -2.677 -3.201 -3.404 -3.444 -3.460 -3.461 -3.087 -3.451 -3.074 -3.359 -3.398 -3.411 -3.431 -3.450 -3.456 -3.463 -3.471 -3.466 -3.449 -3.453 -3.269
0.00024632 -1.80000 10.07918 0.8048499227 2.4204089642    0.743  2.530  3.6859  1.474    7  0.000  0.513     0.00     0.00 -1    -1e-30      0.00 7.513e-01 2.484e-01 4.443e-05 1.407e-05 1.151e-04 -1.000 2.681e-04 -1.555 -1.975 -2.419 -2.790 -3.320 -3.526 -3.567 -3.584 -3.583 -3.206 -3.574 -3.191 -3.481 -3.520 -3.534 -3.553 -3.573 -3.580 -3.586 -3.595 -3.589 -3.569 -3.574 -3.389
0.00024632 -1.80000 10.07918 0.8048588037 2.4204120636    0.743  2.571  3.6832  1.422    7  0.000  0.499     0.00     0.00 -1    -1e-30      0.00 7.513e-01 2.485e-01 4.342e-05 1.521e-05 1.151e-04 -1.000 2.682e-04 -1.658 -2.078 -2.528 -2.904 -3.439 -3.648 -3.689 -3.707 -3.705 -3.324 -3.697 -3.309 -3.602 -3.642 -3.656 -3.675 -3.696 -3.703 -3.710 -3.718 -3.712 -3.689 -3.695 -3.509
0.00024632 -1.80000 10.07918 0.8048670888 2.4204149246    0.743  2.613  3.6806  1.370    7  0.000  0.486     0.00     0.00 -1    -1e-30      0.00 7.512e-01 2.485e-01 4.231e-05 1.654e-05 1.151e-04 -1.000 2.681e-04 -1.763 -2.180 -2.637 -3.018 -3.559 -3.771 -3.813 -3.832 -3.828 -3.444 -3.821 -3.427 -3.724 -3.765 -3.779 -3.798 -3.820 -3.828 -3.834 -3.843 -3.836 -3.810 -3.817 -3.629
0.00024632 -1.80000 10.07918 0.8048747778 2.4204175472    0.743  2.654  3.6779  1.318    7  0.000  0.474     0.00     0.00 -1    -1e-30      0.00 7.511e-01 2.487e-01 4.128e-05 1.781e-05 1.151e-04 -1.000 2.363e-04 -1.866 -2.281 -2.745 -3.131 -3.678 -3.894 -3.936 -3.956 -3.951 -3.562 -3.945 -3.544 -3.845 -3.887 -3.902 -3.920 -3.944 -3.952 -3.958 -3.967 -3.959 -3.930 -3.937 -3.750
0.00024632 -1.80000 10.07918 0.8048821688 2.4204201698    0.743  2.696  3.6752  1.266    7  0.000  0.464     0.00     0.00 -1    -1e-30      0.00 7.509e-01 2.488e-01 4.035e-05 1.894e-05 1.151e-04 -1.000 2.682e-04 -1.970 -2.383 -2.853 -3.244 -3.798 -4.017 -4.059 -4.080 -4.074 -3.681 -4.069 -3.662 -3.967 -4.010 -4.026 -4.042 -4.068 -4.076 -4.082 -4.092 -4.083 -4.050 -4.058 -3.870
0.00024632 -1.80000 10.07918 0.8048892021 2.4204225540    0.743  2.737  3.6725  1.214    7  0.000  0.455     0.00     0.00 -1    -1e-30      0.00 7.508e-01 2.490e-01 3.956e-05 1.992e-05 1.151e-04 -1.000 2.681e-04 -2.072 -2.482 -2.959 -3.356 -3.916 -4.138 -4.181 -4.203 -4.195 -3.799 -4.191 -3.778 -4.087 -4.131 -4.147 -4.162 -4.191 -4.198 -4.205 -4.214 -4.205 -4.169 -4.178 -3.989
0.00024632 -1.80000 10.07918 0.8048959374 2.4204246998    0.743  2.778  3.6697  1.162    7  0.000  0.447     0.00     0.00 -1    -1e-30      0.00 7.506e-01 2.491e-01 3.889e-05 2.074e-05 1.151e-04 -1.000 2.682e-04 -2.176 -2.583 -3.067 -3.469 -4.035 -4.261 -4.304 -4.327 -4.317 -3.918 -4.314 -3.895 -4.209 -4.254 -4.270 -4.284 -4.315 -4.322 -4.329 -4.339 -4.329 -4.289 -4.298 -4.110
0.00024632 -1.80000 10.07918 0.8049020171 2.4204268456    0.743  2.820  3.6670  1.109    7  0.000  0.440     0.00     0.00 -1    -1e-30      0.00 7.505e-01 2.493e-01 3.829e-05 2.148e-05 1.151e-04 -1.000 2.682e-04 -2.280 -2.685 -3.176 -3.583 -4.156 -4.386 -4.429 -4.453 -4.442 -4.038 -4.439 -4.014 -4.332 -4.378 -4.395 -4.408 -4.441 -4.448 -4.455 -4.465 -4.454 -4.409 -4.420 -4.232
0.00024632 -1.80000 10.07918 0.8049070835 2.4204287529    0.743  2.861  3.6642  1.057    7  0.000  0.435     0.00     0.00 -1    -1e-30      0.00 7.503e-01 2.494e-01 3.781e-05 2.208e-05 1.150e-04 -1.000 2.682e-04 -2.382 -2.783 -3.282 -3.694 -4.274 -4.507 -4.551 -4.576 -4.563 -4.156 -4.561 -4.131 -4.453 -4.500 -4.517 -4.527 -4.563 -4.571 -4.578 -4.588 -4.576 -4.527 -4.539 -4.351
0.00024632 -1.80000 10.07918 0.8049113750 2.4204301834    0.743  2.901  3.6614  1.005    7  0.000  0.431     0.00     0.00 -1    -1e-30      0.00 7.501e-01 2.496e-01 3.739e-05 2.261e-05 1.149e-04 -1.000 2.682e-04 -2.483 -2.880 -3.387 -3.805 -4.392 -4.628 -4.671 -4.698 -4.683 -4.273 -4.683 -4.246 -4.572 -4.621 -4.638 -4.646 -4.686 -4.693 -4.701 -4.711 -4.698 -4.644 -4.657 -4.469
0.00024632 -1.80000 10.07918 0.8049150109 2.4204313755    0.743  2.942  3.6586  0.954    7  0.000  0.427     0.00     0.00 -1    -1e-30      0.00 7.499e-01 2.498e-01 3.702e-05 2.309e-05 1.148e-04 -1.000 2.364e-04 -2.584 -2.977 -3.491 -3.915 -4.509 -4.749 -4.792 -4.820 -4.804 -4.390 -4.804 -4.362 -4.692 -4.741 -4.759 -4.765 -4.808 -4.816 -4.823 -4.834 -4.820 -4.760 -4.775 -4.588
0.00024632 -1.80000 10.07918 0.8049184680 2.4204325676    0.743  2.983  3.6557  0.901    7  0.000  0.424     0.00     0.00 -1    -1e-30      0.00 7.498e-01 2.500e-01 3.670e-05 2.354e-05 1.147e-04 -1.000 2.682e-04 -2.686 -3.075 -3.598 -4.028 -4.629 -4.873 -4.916 -4.946 -4.927 -4.510 -4.929 -4.480 -4.814 -4.864 -4.883 -4.886 -4.933 -4.941 -4.948 -4.959 -4.945 -4.879 -4.896 -4.709
0.00024632 -1.80000 10.07918 0.8049219251 2.4204337597    0.743  3.026  3.6525  0.845    7  0.000  0.422     0.00     0.00 -1    -1e-30      0.00 7.496e-01 2.501e-01 3.645e-05 2.394e-05 1.145e-04 -1.000 2.682e-04 -2.796 -3.178 -3.711 -4.148 -4.757 -5.004 -5.047 -5.079 -5.058 -4.636 -5.061 -4.605 -4.943 -4.995 -5.015 -5.015 -5.066 -5.074 -5.082 -5.093 -5.077 -5.006 -5.025 -4.837
0.00024632 -1.80000 10.07918 0.8049250245 2.4204347134    0.743  3.072  3.6492  0.786    7  0.000  0.420     0.00     0.00 -1    -1e-30      0.00 7.494e-01 2.503e-01 3.622e-05 2.436e-05 1.143e-04 -1.000 2.681e-04 -2.909 -3.282 -3.826 -4.271 -4.889 -5.141 -5.183 -5.218 -5.195 -4.768 -5.198 -4.735 -5.078 -5.132 -5.152 -5.149 -5.204 -5.212 -5.221 -5.233 -5.216 -5.139 -5.159 -4.971
0.00024632 -1.80000 10.07918 0.8049260974 2.4204351902    0.743  3.093  3.6476  0.758    7  0.000  0.420     0.00     0.00 -1    -1e-30      0.00 7.494e-01 2.504e-01 3.612e-05 2.456e-05 1.141e-04 -1.000 2.682e-04 -2.963 -3.330 -3.880 -4.330 -4.952 -5.206 -5.248 -5.284 -5.260 -4.830 -5.264 -4.797 -5.142 -5.197 -5.217 -5.212 -5.270 -5.278 -5.287 -5.299 -5.282 -5.202 -5.222 -5.034
0.00024632 -1.80000 10.07918 0.8049263358 2.4204351902    0.743  3.119  3.6457  0.725    7  0.000  0.419     0.00     0.00 -1    -1e-30      0.00 7.492e-01 2.505e-01 3.603e-05 2.481e-05 1.140e-04 -1.000 2.682e-04 -3.028 -3.390 -3.946 -4.401 -5.028 -5.285 -5.327 -5.364 -5.339 -4.906 -5.343 -4.871 -5.220 -5.276 -5.296 -5.288 -5.350 -5.358 -5.367 -5.379 -5.362 -5.278 -5.299 -5.111
0.00024632 -1.80000 10.07918 0.8049266338 2.4204354286    0.743  3.159  3.6427  0.673    7  0.000  0.418     0.00     0.00 -1    -1e-30      0.00 7.490e-01 2.508e-01 3.582e-05 2.539e-05 1.136e-04 -1.000 2.682e-04 -3.127 -3.481 -4.047 -4.509 -5.144 -5.406 -5.447 -5.487 -5.460 -5.022 -5.464 -4.986 -5.339 -5.396 -5.417 -5.405 -5.472 -5.480 -5.489 -5.502 -5.484 -5.394 -5.416 -5.229
0.00024632 -1.80000 10.07918 0.8049270511 2.4204354286    0.743  3.194  3.6400  0.627    7  0.000  0.417     0.00     0.00 -1    -1e-30      0.00 7.487e-01 2.510e-01 3.561e-05 2.598e-05 1.132e-04 -1.000 2.682e-04 -3.215 -3.560 -4.136 -4.605 -5.247 -5.513 -5.553 -5.596 -5.566 -5.125 -5.571 -5.087 -5.444 -5.503 -5.525 -5.509 -5.580 -5.589 -5.598 -5.611 -5.593 -5.497 -5.520 -5.333
0.00024632 -1.80000 10.07918 0.8049272895 2.4204356670    0.743  3.203  3.6393  0.615    7  0.549  0.416     0.00     0.00 -1    -1e-30      0.00 7.487e-01 2.511e-01 3.548e-05 2.627e-05 1.130e-04 -1.000 2.682e-04 -3.238 -3.580 -4.159 -4.630 -5.274 -5.540 -5.581 -5.624 -5.594 -5.152 -5.599 -5.113 -5.472 -5.530 -5.553 -5.536 -5.608 -5.617 -5.626 -5.640 -5.621 -5.524 -5.547 -5.360
0.00024632 -1.80000 10.07918 0.8049273491 2.4204356670    0.743  3.414  3.6091  0.283    8  0.549  0.390    92.84    44.33  1  -1.3e-06      0.00 7.290e-01 2.706e-01 6.375e-05 5.931e-05 2.177e-04 -1.000 3.690e-04 -3.766 -3.952 -4.654 -5.215 -5.956 -6.279 -6.309 -6.380 -6.342 -5.832 -6.342 -5.767 -6.182 -6.266 -6.297 -6.237 -6.360 -6.372 -6.384 -6.403 -6.380 -6.241 -6.272 -6.055
0.00024632 -1.80000 10.07918 0.8049274087 2.4204356670    0.743  3.278  3.6175  0.453    8  0.549  0.390    64.41    32.31  1 -6.98e-07      0.00 7.290e-01 2.706e-01 6.375e-05 5.931e-05 2.177e-04 -1.000 3.690e-04 -3.426 -3.667 -4.324 -4.856 -5.572 -5.879 -5.911 -5.972 -5.934 -5.448 -5.938 -5.391 -5.791 -5.866 -5.894 -5.847 -5.955 -5.964 -5.975 -5.992 -5.969 -5.840 -5.870 -5.667
0.00024632 -1.80000 10.07918 0.8049274683 2.4204356670    0.742  3.134  3.6307  0.649    8  0.549  0.390    42.14    22.38  1 -3.53e-07      0.00 7.290e-01 2.706e-01 6.375e-05 5.931e-05 2.177e-04 -1.000 3.690e-04 -3.065 -3.371 -3.975 -4.468 -5.142 -5.425 -5.462 -5.511 -5.478 -5.019 -5.484 -4.973 -5.349 -5.414 -5.438 -5.410 -5.495 -5.504 -5.514 -5.528 -5.508 -5.398 -5.425 -5.232
0.00024632 -1.80000 10.07918 0.8049276471 2.4204356670    0.741  2.929  3.6493  0.928    8  0.549  0.390    23.08    13.29  1  -1.3e-07      0.00 7.290e-01 2.706e-01 6.375e-05 5.931e-05 2.177e-04 -1.000 3.691e-04 -2.552 -2.923 -3.462 -3.907 -4.527 -4.781 -4.823 -4.857 -4.834 -4.406 -4.838 -4.372 -4.718 -4.772 -4.792 -4.788 -4.843 -4.851 -4.860 -4.871 -4.855 -4.779 -4.798 -4.609
0.00024632 -1.80000 10.07918 0.8049278259 2.4204359055    0.740  2.934  3.6488  0.920    8  0.549  0.390    23.48    13.47  1 -1.34e-07      0.00 7.290e-01 2.706e-01 6.375e-05 5.931e-05 2.177e-04 -1.000 3.690e-04 -2.565 -2.934 -3.475 -3.921 -4.543 -4.797 -4.839 -4.873 -4.850 -4.421 -4.854 -4.387 -4.734 -4.788 -4.808 -4.804 -4.860 -4.868 -4.876 -4.888 -4.871 -4.794 -4.814 -4.625
0.00024632 -1.80000 10.07918 0.8049281240 2.4204359055    0.738  3.020  3.6409  0.802    8  0.550  0.390    30.33    16.79  1 -2.07e-07      0.00 7.290e-01 2.706e-01 6.375e-05 5.931e-05 2.177e-04 -1.000 3.690e-04 -2.780 -3.126 -3.693 -4.159 -4.802 -5.068 -5.108 -5.149 -5.121 -4.679 -5.126 -4.641 -4.999 -5.058 -5.079 -5.066 -5.134 -5.142 -5.151 -5.164 -5.146 -5.054 -5.077 -4.887
0.00024632 -1.80000 10.07918 0.8049284816 2.4204359055    0.736  3.173  3.6269  0.592    8  0.550  0.390    47.76    24.81  1 -4.37e-07      0.00 7.290e-01 2.706e-01 6.375e-05 5.931e-05 2.177e-04 -1.000 3.691e-04 -3.163 -3.454 -4.071 -4.575 -5.261 -5.549 -5.585 -5.638 -5.603 -5.136 -5.608 -5.088 -5.470 -5.538 -5.563 -5.529 -5.622 -5.631 -5.640 -5.656 -5.635 -5.518 -5.546 -5.352
0.00024632 -1.80000 10.07918 0.8049288392 2.4204361439    0.734  3.307  3.6146  0.407    8  0.550  0.390    71.21    34.98  1 -8.29e-07      0.00 7.290e-01 2.706e-01 6.375e-05 5.931e-05 2.177e-04 -1.000 3.690e-04 -3.499 -3.723 -4.394 -4.936 -5.660 -5.972 -6.004 -6.068 -6.029 -5.536 -6.033 -5.476 -5.881 -5.959 -5.988 -5.937 -6.050 -6.060 -6.070 -6.088 -6.065 -5.933 -5.963 -5.757
0.00024632 -1.80000 10.07918 0.8049293160 2.4204363823    0.731  3.397  3.6064  0.283    8  0.551  0.390    92.99    43.94  1 -1.26e-06      0.00 7.290e-01 2.706e-01 6.375e-05 5.931e-05 2.177e-04 -1.000 3.690e-04 -3.721 -3.891 -4.603 -5.172 -5.922 -6.252 -6.281 -6.354 -6.316 -5.799 -6.314 -5.730 -6.152 -6.238 -6.270 -6.208 -6.333 -6.345 -6.357 -6.376 -6.353 -6.213 -6.244 -6.023
0.00024632 -1.80000 10.07918 0.8049297929 2.4204363823    0.728  3.446  3.6019  0.214    8  0.551  0.390   108.00    49.88  1  -1.6e-06      0.00 7.290e-01 2.706e-01 6.375e-05 5.931e-05 2.177e-04 -1.000 3.690e-04 -3.844 -3.980 -4.716 -5.301 -6.066 -6.407 -6.434 -6.512 -6.474 -5.944 -6.470 -5.869 -6.301 -6.392 -6.425 -6.357 -6.490 -6.503 -6.516 -6.536 -6.513 -6.369 -6.400 -6.169
0.00024632 -1.80000 10.07918 0.8049303889 2.4204366207    0.725  3.471  3.5995  0.178    8  0.552  0.390   116.98    53.28  1 -1.82e-06      0.00 7.290e-01 2.706e-01 6.375e-05 5.931e-05 2.177e-04 -1.000 3.690e-04 -3.907 -4.025 -4.774 -5.367 -6.140 -6.487 -6.513 -6.593 -6.556 -6.019 -6.550 -5.941 -6.378 -6.472 -6.505 -6.434 -6.571 -6.584 -6.598 -6.618 -6.595 -6.450 -6.481 -6.244
0.00024632 -1.80000 10.07918 0.8049309850 2.4204368591    0.721  3.487  3.5984  0.155    8  0.552  0.390   123.04    55.46  0 -1.99e-06      0.00 7.290e-01 2.706e-01 6.375e-05 5.931e-05 2.177e-04 -1.000 3.690e-04 -3.948 -4.057 -4.812 -5.409 -6.186 -6.536 -6.562 -6.643 -6.606 -6.065 -6.599 -5.986 -6.426 -6.520 -6.554 -6.482 -6.620 -6.634 -6.648 -6.668 -6.646 -6.500 -6.532 -6.291
0.00024632 -1.80000 10.07918 0.8049333692 2.4204378128    0.554 -9.999  4.0000  1.705    9  0.554  0.000     0.00     0.00 -1    -1e-30      0.00 7.290e-01 2.706e-01 6.375e-05 5.931e-05 2.177e-04 -1.000 3.690e-04 29.767 30.066 30.053 30.101 30.105 30.107 30.107 30.112 30.108 30.102 30.109 30.112 30.092 30.100 30.112 30.113 30.108 30.113 30.113 30.107 30.108 30.106 30.110 30.102
#isochrone terminated
