# File generated by CMD 3.3 (http://stev.oapd.inaf.it/cmd) on Mon Apr  6 22:08:57 CEST 2020
# isochrones based on PARSEC release v1.2S +  COLIBRI S_35
# Basic references: Bressan et al. (2012), MNRAS, 427, 127 + Chen et al. (2014, 2015), MNRAS, 444, 2525 + MNRAS, 452, 1068 + Tang et al. (2014), MNRAS, 445, 4287 + Marigo et al. (2017), ApJ, 835, 77 + Pastorelli al. (2019), MNRAS in press
# Thermal pulse cycles included 
# On RGB, assumed Reimers mass loss with efficiency eta=0.2
# Photometric system: <i>UBVRIJHK</i> (cf. Maiz-Apellaniz 2006 + Bessell 1990)
# Using YBC version of bolometric corrections as in Chen et al. (2019)
# O-rich circumstellar dpmod60alox40 dust from Groenewegen (2006)
# C-rich circumstellar AMCSIC15 dust from Groenewegen (2006)
# IMF: Kroupa (2001, 2002) + Kroupa et al. (2013) canonical two-part-power law IMF corrected for unresolved binaries 
# Kind of output: isochrone tables
# Zini     MH   logAge Mini        int_IMF         Mass   logL    logTe  logg  label   McoreTP C_O  period0 period1 pmode  Mloss  tau1m   X   Y   Xc  Xn  Xo  Cexcess  Z 	 mbolmag  Umag    Bmag    Vmag    Rmag    Imag    Jmag    Hmag    Kmag
4.4857e-05 -2.19174 10.13672 0.1000000015 1.1711064577    0.100 -2.779  3.5590  5.405    1  0.000  0.545     0.00     0.00 -1 -2.57e-17      0.00 7.445e-01 2.554e-01 1.798e-05 4.851e-06 4.400e-05 -1.000 1.000e-04 11.717 15.881 14.386 12.841 11.772 10.924 9.968 9.671 9.571
4.4857e-05 -2.19174 10.13672 0.1098214313 1.2482755184    0.109 -2.630  3.5743  5.356    1  0.000  0.545     0.00     0.00 -1  -7.2e-17      0.00 7.425e-01 2.574e-01 1.798e-05 4.851e-06 4.400e-05 -1.000 1.000e-04 11.344 14.979 13.751 12.341 11.353 10.581 9.653 9.284 9.164
4.4857e-05 -2.19174 10.13672 0.1294642836 1.3786746264    0.129 -2.387  3.5968  5.275    1  0.000  0.545     0.00     0.00 -1 -3.31e-16      0.00 7.391e-01 2.608e-01 1.798e-05 4.851e-06 4.400e-05 -1.000 1.000e-04 10.737 13.698 12.799 11.561 10.698 9.999 9.128 8.676 8.540
4.4857e-05 -2.19174 10.13672 0.1491071582 1.4855960608    0.149 -2.223  3.6081  5.217    1  0.000  0.545     0.00     0.00 -1 -3.38e-17      0.00 7.371e-01 2.628e-01 1.798e-05 4.851e-06 4.400e-05 -1.000 9.996e-05 10.327 13.013 12.244 11.073 10.265 9.594 8.755 8.278 8.133
4.4857e-05 -2.19174 10.13672 0.1687500030 1.5756140947    0.168 -2.096  3.6154  5.173    1  0.000  0.545     0.00     0.00 -1 -6.38e-16      0.00 7.363e-01 2.636e-01 1.798e-05 4.851e-06 4.400e-05 -1.000 9.993e-05 10.010 12.536 11.842 10.710 9.933 9.279 8.462 7.974 7.823
4.4857e-05 -2.19174 10.13672 0.1784816682 1.6153104305    0.178 -2.041  3.6183  5.154    1  0.000  0.545     0.00     0.00 -1 -7.18e-16      0.00 7.362e-01 2.637e-01 1.798e-05 4.851e-06 4.400e-05 -1.000 9.999e-05 9.874 12.337 11.672 10.555 9.791 9.144 8.335 7.845 7.691
4.4857e-05 -2.19174 10.13672 0.2080357224 1.7204496861    0.207 -1.893  3.6263  5.104    1  0.000  0.545     0.00     0.00 -1 -4.67e-16      0.00 7.361e-01 2.638e-01 1.798e-05 4.851e-06 4.400e-05 -1.000 9.993e-05 9.502 11.802 11.214 10.135 9.403 8.774 7.989 7.495 7.336
4.4857e-05 -2.19174 10.13672 0.2571428716 1.8581268787    0.257 -1.706  3.6363  5.051    1  0.000  0.545     0.00     0.00 -1 -3.83e-16      0.00 7.364e-01 2.635e-01 1.798e-05 4.852e-06 4.400e-05 -1.000 1.001e-04 9.036 11.140 10.644 9.608 8.914 8.307 7.552 7.061 6.900
4.4857e-05 -2.19174 10.13672 0.3062500358 1.9652637243    0.306 -1.562  3.6448  5.016    1  0.000  0.545     0.00     0.00 -1 -1.52e-16      0.00 7.362e-01 2.637e-01 1.797e-05 4.852e-06 4.400e-05 -1.000 1.000e-04 8.674 10.624 10.201 9.200 8.535 7.945 7.216 6.731 6.571
4.4857e-05 -2.19174 10.13672 0.3553571701 2.0521113873    0.355 -1.439  3.6527  4.990    1  0.000  0.544     0.00     0.00 -1 -1.07e-15      0.00 7.372e-01 2.627e-01 1.796e-05 4.853e-06 4.400e-05 -1.000 1.001e-04 8.367 10.179 9.820 8.851 8.211 7.638 6.932 6.456 6.299
4.4857e-05 -2.19174 10.13672 0.3970034719 2.1143536568    0.397 -1.333  3.6600  4.961    1  0.000  0.545     0.00     0.00 -1 -5.06e-16      0.00 7.482e-01 2.517e-01 1.798e-05 4.851e-06 4.400e-05 -1.000 9.996e-05 8.103 9.790 9.490 8.550 7.932 7.374 6.689 6.221 6.068
4.4857e-05 -2.19174 10.13672 0.4044643044 2.1246092319    0.404 -1.315  3.6612  4.957    1  0.000  0.545     0.00     0.00 -1 -5.26e-16      0.00 7.500e-01 2.499e-01 1.798e-05 4.851e-06 4.400e-05 -1.000 1.000e-04 8.058 9.725 9.435 8.500 7.886 7.330 6.649 6.181 6.030
4.4857e-05 -2.19174 10.13672 0.4535714388 2.1864814758    0.453 -1.167  3.6748  4.912    1  0.000  0.545     0.00     0.00 -1 -4.45e-15      0.00 7.507e-01 2.492e-01 1.798e-05 4.851e-06 4.400e-05 -1.000 9.999e-05 7.686 9.133 8.946 8.069 7.493 6.964 6.320 5.867 5.728
4.4857e-05 -2.19174 10.13672 0.5026785731 2.2401986122    0.503 -0.999  3.6898  4.849    1  0.000  0.545     0.00     0.00 -1 -6.69e-15      0.00 7.529e-01 2.470e-01 1.784e-05 4.814e-06 4.366e-05 -1.000 1.000e-04 7.267 8.484 8.403 7.591 7.055 6.558 5.953 5.515 5.392
4.4857e-05 -2.19174 10.13672 0.5517857671 2.2851314545    0.551 -0.789  3.7098  4.760    1  0.000  0.544     0.00     0.00 -1 -1.05e-14      0.00 7.899e-01 2.100e-01 1.533e-05 4.140e-06 3.757e-05 -1.000 9.996e-05 6.744 7.685 7.729 7.005 6.519 6.062 5.507 5.093 4.989
4.4857e-05 -2.19174 10.13672 0.6008928418 2.3217256069    0.600 -0.573  3.7358  4.684    1  0.000  0.543     0.00     0.00 -1 -1.97e-14      0.00 8.046e-01 1.953e-01 1.438e-05 3.886e-06 3.529e-05 -1.000 9.915e-05 6.202 6.859 7.027 6.404 5.976 5.568 5.076 4.696 4.616
4.4857e-05 -2.19174 10.13672 0.6047467589 2.3243095875    0.604 -0.555  3.7382  4.679    1  0.000  0.543     0.00     0.00 -1 -2.06e-14      0.00 8.060e-01 1.939e-01 1.428e-05 3.861e-06 3.506e-05 -1.000 9.251e-05 6.156 6.791 6.968 6.355 5.931 5.527 5.041 4.665 4.586
4.4857e-05 -2.19174 10.13672 0.6139940619 2.3303580284    0.614 -0.511  3.7438  4.664    1  0.000  0.543     0.00     0.00 -1  -2.3e-14      0.00 8.096e-01 1.903e-01 1.406e-05 3.800e-06 3.452e-05 -1.000 7.115e-05 6.046 6.631 6.829 6.236 5.824 5.430 4.957 4.588 4.515
4.4857e-05 -2.19174 10.13672 0.6248905659 2.3372218609    0.625 -0.458  3.7504  4.645    1  0.000  0.543     0.00     0.00 -1 -2.35e-22      0.00 8.140e-01 1.859e-01 1.378e-05 3.724e-06 3.383e-05 -1.000 7.868e-05 5.915 6.443 6.665 6.095 5.698 5.316 4.858 4.496 4.429
4.4857e-05 -2.19174 10.13672 0.6345528364 2.3430819511    0.634 -0.411  3.7562  4.628    1  0.000  0.543     0.00     0.00 -1 -3.56e-19      0.00 8.182e-01 1.818e-01 1.351e-05 3.653e-06 3.319e-05 -1.000 3.293e-05 5.797 6.279 6.519 5.971 5.586 5.214 4.768 4.413 4.351
4.4857e-05 -2.19174 10.13672 0.6438410282 2.3485248089    0.644 -0.365  3.7616  4.610    1  0.000  0.542     0.00     0.00 -1 -3.74e-16      0.00 8.223e-01 1.777e-01 1.324e-05 3.582e-06 3.255e-05 -1.000 1.191e-05 5.681 6.123 6.379 5.850 5.476 5.114 4.679 4.330 4.274
4.4857e-05 -2.19174 10.13672 0.6499999762 2.3520355225    0.650 -0.333  3.7652  4.597    1  0.000  0.542     0.00     0.00 -1 -3.63e-14      0.00 8.251e-01 1.748e-01 1.305e-05 3.532e-06 3.211e-05 -1.000 1.000e-04 5.604 6.023 6.287 5.770 5.403 5.047 4.619 4.274 4.221
4.4857e-05 -2.19174 10.13672 0.6533880830 2.3539342880    0.653 -0.316  3.7671  4.589    1  0.000  0.542     0.00     0.00 -1  -3.8e-14      0.00 8.271e-01 1.728e-01 1.292e-05 3.498e-06 3.180e-05 -1.000 1.000e-04 5.560 5.967 6.236 5.725 5.362 5.009 4.585 4.243 4.191
4.4857e-05 -2.19174 10.13672 0.6623376012 2.3588426113    0.662 -0.269  3.7721  4.568    1  0.000  0.541     0.00     0.00 -1 -4.31e-14      0.00 8.326e-01 1.673e-01 1.258e-05 3.404e-06 3.096e-05 -1.000 9.999e-05 5.442 5.820 6.099 5.604 5.251 4.906 4.492 4.155 4.108
4.4857e-05 -2.19174 10.13672 0.6702795625 2.3630726337    0.670 -0.225  3.7765  4.548    1  0.000  0.541     0.00     0.00 -1 -8.96e-24      0.00 8.378e-01 1.622e-01 1.224e-05 3.316e-06 3.017e-05 -1.000 7.141e-05 5.334 5.689 5.974 5.494 5.148 4.810 4.404 4.072 4.029
4.4857e-05 -2.19174 10.13672 0.6779742837 2.3670620918    0.678 -0.182  3.7808  4.526    1  0.000  0.540     0.00     0.00 -1 -3.57e-21      0.00 8.430e-01 1.570e-01 1.190e-05 3.227e-06 2.936e-05 -1.000 4.655e-05 5.225 5.558 5.850 5.383 5.045 4.714 4.316 3.989 3.950
4.4857e-05 -2.19174 10.13672 0.6870818138 2.3716518879    0.687 -0.128  3.7858  4.497    1  0.000  0.540     0.00     0.00 -1 -4.04e-18      0.00 8.493e-01 1.506e-01 1.150e-05 3.118e-06 2.839e-05 -1.000 6.649e-05 5.089 5.400 5.695 5.244 4.917 4.594 4.207 3.887 3.852
4.4857e-05 -2.19174 10.13672 0.6954674125 2.3757555485    0.695 -0.074  3.7904  4.468    1  0.000  0.539     0.00     0.00 -1 -2.52e-15      0.00 8.551e-01 1.448e-01 1.114e-05 3.022e-06 2.754e-05 -1.000 9.042e-05 4.956 5.248 5.544 5.109 4.790 4.475 4.098 3.785 3.753
4.4857e-05 -2.19174 10.13672 0.6999999881 2.3779268265    0.700 -0.044  3.7928  4.450    1  0.000  0.539     0.00     0.00 -1 -8.04e-14      0.00 8.582e-01 1.417e-01 1.095e-05 2.973e-06 2.709e-05 -1.000 7.476e-05 4.881 5.165 5.460 5.032 4.718 4.408 4.036 3.726 3.697
4.4857e-05 -2.19174 10.13672 0.7065886855 2.3810257912    0.706  0.001  3.7962  4.422    1  0.000  0.537     0.00     0.00 -1 -9.17e-14      0.00 8.612e-01 1.388e-01 1.079e-05 2.936e-06 2.678e-05 -1.000 1.168e-05 4.766 5.040 5.333 4.915 4.608 4.304 3.939 3.635 3.608
4.4857e-05 -2.19174 10.13672 0.7133089900 2.3841190338    0.713  0.052  3.7995  4.389    1  0.000  0.536     0.00     0.00 -1 -3.13e-14      0.00 8.638e-01 1.361e-01 1.065e-05 2.904e-06 2.651e-05 -1.000 9.988e-05 4.641 4.904 5.194 4.787 4.486 4.188 3.830 3.532 3.507
4.4857e-05 -2.19174 10.13672 0.7200276852 2.3871452808    0.719  0.106  3.8026  4.351    1  0.000  0.534     0.00     0.00 -1 -1.31e-22      0.00 8.663e-01 1.336e-01 1.052e-05 2.877e-06 2.627e-05 -1.000 1.000e-04 4.505 4.761 5.045 4.648 4.353 4.060 3.710 3.418 3.395
4.4857e-05 -2.19174 10.13672 0.7277885079 2.3905608654    0.727  0.175  3.8060  4.300    1  0.000  0.533     0.00     0.00 -1 -5.36e-21      0.00 8.687e-01 1.313e-01 1.041e-05 2.853e-06 2.607e-05 -1.000 7.305e-05 4.332 4.582 4.858 4.471 4.183 3.897 3.554 3.268 3.247
4.4857e-05 -2.19174 10.13672 0.7350400686 2.3936777115    0.734  0.248  3.8088  4.243    1  0.000  0.531     0.00     0.00 -1 -1.84e-18      0.00 8.702e-01 1.297e-01 1.034e-05 2.839e-06 2.595e-05 -1.000 7.464e-05 4.150 4.397 4.663 4.286 4.004 3.723 3.386 3.106 3.087
4.4857e-05 -2.19174 10.13672 0.7401401401 2.3958277702    0.739  0.304  3.8102  4.196    1  0.000  0.530     0.00     0.00 -1 -1.13e-16      0.00 8.711e-01 1.288e-01 1.030e-05 2.832e-06 2.591e-05 -1.000 9.999e-05 4.010 4.256 4.515 4.142 3.864 3.586 3.252 2.976 2.957
4.4857e-05 -2.19174 10.13672 0.7445665598 2.3976662159    0.744  0.357  3.8107  4.147    1  0.000  0.529     0.00     0.00 -1 -4.12e-15      0.00 8.714e-01 1.285e-01 1.030e-05 2.834e-06 2.594e-05 -1.000 1.000e-04 3.877 4.124 4.377 4.007 3.731 3.454 3.122 2.847 2.828
4.4857e-05 -2.19174 10.13672 0.7455971241 2.3980906010    0.745  0.370  3.8108  4.135    1  0.000  0.529     0.00     0.00 -1 -9.55e-15      0.00 8.714e-01 1.285e-01 1.030e-05 2.835e-06 2.595e-05 -1.000 1.000e-04 3.845 4.093 4.344 3.975 3.699 3.422 3.090 2.815 2.796
4.4857e-05 -2.19174 10.13672 0.7469251156 2.3986356258    0.746  0.389  3.8103  4.115    1  0.000  0.529     0.00     0.00 -1 -2.85e-14      0.00 8.715e-01 1.284e-01 1.030e-05 2.836e-06 2.596e-05 -1.000 1.001e-04 3.798 4.048 4.298 3.928 3.651 3.373 3.041 2.765 2.746
4.4857e-05 -2.19174 10.13672 0.7500000000 2.3998889923    0.749  0.435  3.8084  4.063    1  0.000  0.528     0.00     0.00 -1 -3.64e-13      0.00 8.716e-01 1.283e-01 1.030e-05 2.839e-06 2.599e-05 -1.000 1.000e-04 3.683 3.940 4.187 3.813 3.533 3.253 2.916 2.637 2.617
4.4857e-05 -2.19174 10.13672 0.7505398393 2.4001078606    0.749  0.443  3.8081  4.055    1  0.000  0.528     0.00     0.00 -1 -3.74e-13      0.00 8.714e-01 1.285e-01 1.031e-05 2.843e-06 2.603e-05 -1.000 1.001e-04 3.663 3.921 4.167 3.793 3.513 3.232 2.894 2.615 2.595
4.4857e-05 -2.19174 10.13672 0.7531178594 2.4011478424    0.752  0.486  3.8055  4.002    1  0.000  0.528     0.00     0.00 -1  -4.4e-13      0.00 8.706e-01 1.293e-01 1.038e-05 2.861e-06 2.619e-05 -1.000 1.001e-04 3.556 3.823 4.067 3.686 3.402 3.117 2.773 2.489 2.468
4.4857e-05 -2.19174 10.13672 0.7536677122 2.4013686180    0.752  0.495  3.8048  3.991    1  0.000  0.528     0.00     0.00 -1 -4.56e-13      0.00 8.705e-01 1.294e-01 1.039e-05 2.865e-06 2.623e-05 -1.000 1.000e-04 3.532 3.801 4.045 3.663 3.377 3.092 2.746 2.461 2.439
4.4857e-05 -2.19174 10.13672 0.7542143464 2.4015877247    0.753  0.506  3.8037  3.976    2  0.000  0.528     0.00     0.00 -1 -4.76e-13      0.00 8.703e-01 1.296e-01 1.041e-05 2.869e-06 2.626e-05 -1.000 1.000e-04 3.505 3.777 4.021 3.636 3.349 3.061 2.713 2.426 2.404
4.4857e-05 -2.19174 10.13672 0.7560532093 2.4023220539    0.755  0.547  3.7985  3.915    2  0.000  0.528     0.00     0.00 -1 -5.57e-13      0.00 8.697e-01 1.302e-01 1.045e-05 2.882e-06 2.638e-05 -1.000 9.996e-05 3.403 3.692 3.935 3.538 3.241 2.946 2.585 2.289 2.264
4.4857e-05 -2.19174 10.13672 0.7574608922 2.4028816223    0.756  0.583  3.7921  3.853    2  0.000  0.528     0.00     0.00 -1  -6.5e-13      0.00 8.693e-01 1.306e-01 1.049e-05 2.892e-06 2.647e-05 -1.000 1.000e-04 3.312 3.622 3.865 3.451 3.143 2.836 2.462 2.153 2.124
4.4857e-05 -2.19174 10.13672 0.7585637569 2.4033181667    0.757  0.617  3.7845  3.790    2  0.000  0.528     0.00     0.00 -1 -7.56e-13      0.00 8.689e-01 1.310e-01 1.052e-05 2.899e-06 2.654e-05 -1.000 9.970e-05 3.227 3.565 3.807 3.372 3.051 2.732 2.339 2.017 1.984
4.4857e-05 -2.19174 10.13672 0.7594531775 2.4036691189    0.758  0.648  3.7764  3.727    2  0.000  0.529     0.00     0.00 -1 -8.72e-13      0.00 8.596e-01 1.404e-01 1.117e-05 3.077e-06 2.815e-05 -1.000 2.676e-05 3.149 3.521 3.760 3.302 2.966 2.634 2.223 1.886 1.848
4.4857e-05 -2.19174 10.13672 0.7601995468 2.4039630890    0.759  0.678  3.7689  3.667    2  0.000  0.531     0.00     0.00 -1    -1e-12      0.00 8.334e-01 1.666e-01 1.281e-05 3.522e-06 3.216e-05 -1.000 6.327e-05 3.074 3.481 3.714 3.234 2.885 2.541 2.114 1.764 1.721
4.4857e-05 -2.19174 10.13672 0.7608580589 2.4042217731    0.759  0.710  3.7617  3.608    2  0.000  0.533     0.00     0.00 -1 -1.15e-12      0.00 8.086e-01 1.913e-01 1.429e-05 3.919e-06 3.572e-05 -1.000 8.717e-05 2.995 3.438 3.664 3.163 2.801 2.446 2.002 1.640 1.592
4.4857e-05 -2.19174 10.13672 0.7614423633 2.4044508934    0.760  0.745  3.7555  3.548    2  0.000  0.535     0.00     0.00 -1 -1.34e-12      0.00 7.926e-01 2.073e-01 1.523e-05 4.171e-06 3.796e-05 -1.000 9.713e-05 2.909 3.389 3.605 3.085 2.710 2.345 1.886 1.515 1.462
4.4857e-05 -2.19174 10.13672 0.7620210648 2.4046773911    0.760  0.788  3.7500  3.483    2  0.000  0.536     0.00     0.00 -1 -1.59e-12      0.00 7.829e-01 2.170e-01 1.580e-05 4.324e-06 3.933e-05 -1.000 9.997e-05 2.800 3.314 3.521 2.983 2.599 2.224 1.753 1.373 1.315
4.4857e-05 -2.19174 10.13672 0.7624779344 2.4048559666    0.761  0.829  3.7464  3.428    2  0.000  0.536     0.00     0.00 -1 -1.86e-12      0.00 7.779e-01 2.220e-01 1.610e-05 4.402e-06 4.003e-05 -1.000 1.000e-04 2.699 3.238 3.436 2.887 2.496 2.115 1.635 1.249 1.189
4.4857e-05 -2.19174 10.13672 0.7627902031 2.4049780369    0.761  0.859  3.7443  3.390    2  0.000  0.536     0.00     0.00 -1 -2.09e-12      0.00 7.752e-01 2.247e-01 1.625e-05 4.442e-06 4.040e-05 -1.000 9.999e-05 2.623 3.177 3.370 2.814 2.419 2.034 1.549 1.160 1.098
4.4857e-05 -2.19174 10.13672 0.7630706429 2.4050872326    0.761  0.889  3.7428  3.354    3  0.000  0.536     0.00     0.00 -1 -2.33e-12      0.00 7.734e-01 2.265e-01 1.635e-05 4.469e-06 4.063e-05 -1.000 1.000e-04 2.548 3.114 3.303 2.742 2.344 1.957 1.468 1.075 1.012
4.4857e-05 -2.19174 10.13672 0.7634383440 2.4052305222    0.762  0.930  3.7408  3.305    3  0.000  0.537     0.00     0.00 -1  -2.7e-12      0.00 7.714e-01 2.285e-01 1.646e-05 4.498e-06 4.089e-05 -1.000 8.765e-05 2.446 3.026 3.210 2.643 2.241 1.851 1.357 0.961 0.896
4.4857e-05 -2.19174 10.13672 0.7638087273 2.4053747654    0.762  0.973  3.7390  3.255    3  0.000  0.537     0.00     0.00 -1 -3.16e-12      0.00 7.695e-01 2.305e-01 1.655e-05 4.524e-06 4.112e-05 -1.000 1.153e-05 2.337 2.930 3.109 2.537 2.132 1.739 1.240 0.840 0.775
4.4857e-05 -2.19174 10.13672 0.7641634941 2.4055128098    0.762  1.017  3.7375  3.205    3  0.000  0.537     0.00     0.00 -1 -3.71e-12      0.00 7.677e-01 2.322e-01 1.663e-05 4.544e-06 4.130e-05 -1.000 9.884e-05 2.226 2.832 3.005 2.430 2.022 1.626 1.123 0.719 0.653
4.4857e-05 -2.19174 10.13672 0.7645405531 2.4056591988    0.762  1.068  3.7358  3.148    3  0.000  0.537     0.00     0.00 -1 -4.44e-12      0.00 7.661e-01 2.338e-01 1.669e-05 4.562e-06 4.147e-05 -1.000 1.000e-04 2.101 2.720 2.888 2.308 1.897 1.498 0.991 0.583 0.516
4.4857e-05 -2.19174 10.13672 0.7648569345 2.4057819843    0.763  1.113  3.7344  3.097    3  0.000  0.537     0.00     0.00 -1 -5.22e-12      0.00 7.648e-01 2.351e-01 1.675e-05 4.576e-06 4.159e-05 -1.000 9.999e-05 1.988 2.619 2.782 2.198 1.785 1.384 0.872 0.460 0.393
4.4857e-05 -2.19174 10.13672 0.7651770115 2.4059059620    0.763  1.162  3.7329  3.042    3  0.000  0.537     0.00     0.00 -1 -6.23e-12      0.00 7.635e-01 2.364e-01 1.679e-05 4.588e-06 4.169e-05 -1.000 8.415e-05 1.865 2.507 2.665 2.078 1.662 1.259 0.742 0.327 0.259
4.4857e-05 -2.19174 10.13672 0.7654910684 2.4060275555    0.763  1.215  3.7313  2.983    3  0.000  0.537     0.00     0.00 -1 -7.52e-12      0.00 7.623e-01 2.376e-01 1.682e-05 4.599e-06 4.180e-05 -1.000 8.780e-05 1.733 2.387 2.541 1.949 1.531 1.125 0.604 0.185 0.116
4.4857e-05 -2.19174 10.13672 0.7657445073 2.4061255455    0.763  1.261  3.7299  2.931    3  0.000  0.536     0.00     0.00 -1  -8.9e-12      0.00 7.614e-01 2.385e-01 1.684e-05 4.608e-06 4.186e-05 -1.000 9.817e-05 1.617 2.282 2.431 1.835 1.415 1.006 0.481 0.059 -0.011
4.4857e-05 -2.19174 10.13672 0.7659889460 2.4062201977    0.763  1.310  3.7284  2.876    3  0.000  0.536     0.00     0.00 -1 -1.06e-11      0.00 7.606e-01 2.393e-01 1.687e-05 4.615e-06 4.192e-05 -1.000 1.000e-04 1.495 2.174 2.315 1.715 1.292 0.882 0.352 -0.073 -0.143
4.4857e-05 -2.19174 10.13672 0.7662085891 2.4063050747    0.763  1.358  3.7270  2.822    3  0.000  0.536     0.00     0.00 -1 -1.26e-11      0.00 7.597e-01 2.402e-01 1.687e-05 4.623e-06 4.197e-05 -1.000 1.000e-04 1.374 2.066 2.202 1.598 1.172 0.759 0.226 -0.203 -0.274
4.4857e-05 -2.19174 10.13672 0.7664076090 2.4063818455    0.763  1.406  3.7255  2.769    3  0.000  0.536     0.00     0.00 -1  -1.5e-11      0.00 7.591e-01 2.408e-01 1.688e-05 4.630e-06 4.201e-05 -1.000 1.000e-04 1.255 1.960 2.090 1.481 1.054 0.638 0.100 -0.332 -0.404
4.4857e-05 -2.19174 10.13672 0.7665856481 2.4064505100    0.763  1.453  3.7240  2.716    3  0.000  0.535     0.00     0.00 -1 -1.77e-11      0.00 7.586e-01 2.413e-01 1.688e-05 4.636e-06 4.203e-05 -1.000 9.999e-05 1.138 1.856 1.980 1.367 0.937 0.519 -0.023 -0.459 -0.531
4.4857e-05 -2.19174 10.13672 0.7667541504 2.4065155983    0.763  1.502  3.7225  2.661    3  0.000  0.535     0.00     0.00 -1 -2.11e-11      0.00 7.582e-01 2.417e-01 1.688e-05 4.643e-06 4.206e-05 -1.000 1.000e-04 1.016 1.747 1.866 1.249 0.816 0.395 -0.151 -0.591 -0.664
4.4857e-05 -2.19174 10.13672 0.7669037580 2.4065732956    0.763  1.549  3.7210  2.607    3  0.000  0.535     0.00     0.00 -1 -2.51e-11      0.00 7.578e-01 2.421e-01 1.688e-05 4.648e-06 4.207e-05 -1.000 1.000e-04 0.897 1.642 1.755 1.133 0.697 0.275 -0.277 -0.720 -0.793
4.4857e-05 -2.19174 10.13672 0.7670367360 2.4066243172    0.763  1.595  3.7194  2.555    3  0.000  0.535     0.00     0.00 -1 -2.96e-11      0.00 7.576e-01 2.423e-01 1.687e-05 4.653e-06 4.209e-05 -1.000 9.999e-05 0.781 1.540 1.647 1.021 0.583 0.157 -0.398 -0.846 -0.920
4.4857e-05 -2.19174 10.13672 0.7671571970 2.4066708088    0.763  1.641  3.7179  2.503    3  0.000  0.534     0.00     0.00 -1 -3.49e-11      0.00 7.575e-01 2.425e-01 1.687e-05 4.655e-06 4.209e-05 -1.000 3.506e-05 0.667 1.440 1.542 0.911 0.469 0.041 -0.519 -0.970 -1.044
4.4857e-05 -2.19174 10.13672 0.7672700882 2.4067142010    0.763  1.688  3.7163  2.450    3  0.000  0.534     0.00     0.00 -1 -4.14e-11      0.00 7.573e-01 2.426e-01 1.687e-05 4.657e-06 4.210e-05 -1.000 1.000e-04 0.550 1.341 1.434 0.797 0.353 -0.078 -0.642 -1.097 -1.172
4.4857e-05 -2.19174 10.13672 0.7673698664 2.4067525864    0.763  1.733  3.7147  2.398    3  0.000  0.534     0.00     0.00 -1 -4.87e-11      0.00 7.573e-01 2.426e-01 1.687e-05 4.658e-06 4.210e-05 -1.000 9.999e-05 0.438 1.248 1.331 0.688 0.240 -0.193 -0.763 -1.221 -1.297
4.4857e-05 -2.19174 10.13672 0.7674619555 2.4067881107    0.762  1.778  3.7131  2.346    3  0.000  0.534     0.00     0.00 -1 -5.74e-11      0.00 7.573e-01 2.426e-01 1.687e-05 4.658e-06 4.210e-05 -1.000 1.000e-04 0.324 1.152 1.227 0.578 0.127 -0.309 -0.883 -1.345 -1.422
4.4857e-05 -2.19174 10.13672 0.7675465345 2.4068207741    0.762  1.824  3.7116  2.294    3  0.000  0.534     0.00     0.00 -1 -6.77e-11      0.00 7.573e-01 2.426e-01 1.687e-05 4.658e-06 4.210e-05 -1.000 1.000e-04 0.210 1.056 1.122 0.468 0.014 -0.425 -1.004 -1.469 -1.547
4.4857e-05 -2.19174 10.13672 0.7676216960 2.4068496227    0.762  1.868  3.7099  2.244    3  0.000  0.534     0.00     0.00 -1 -7.94e-11      0.00 7.573e-01 2.426e-01 1.687e-05 4.658e-06 4.210e-05 -1.000 1.000e-04 0.100 0.965 1.023 0.362 -0.095 -0.537 -1.121 -1.590 -1.669
4.4857e-05 -2.19174 10.13672 0.7676911354 2.4068763256    0.762  1.912  3.7083  2.193    3  0.000  0.534     0.00     0.00 -1 -9.31e-11      0.00 7.573e-01 2.426e-01 1.687e-05 4.658e-06 4.210e-05 -1.000 1.000e-04 -0.009 0.875 0.924 0.257 -0.204 -0.649 -1.237 -1.710 -1.790
4.4857e-05 -2.19174 10.13672 0.7677578330 2.4069018364    0.761  1.957  3.7067  2.141    3  0.000  0.534     0.00     0.00 -1  -1.1e-10      0.00 7.573e-01 2.426e-01 1.687e-05 4.658e-06 4.210e-05 -1.000 9.999e-05 -0.124 0.781 0.821 0.147 -0.318 -0.765 -1.358 -1.836 -1.916
4.4857e-05 -2.19174 10.13672 0.7678149939 2.4069240093    0.761  2.000  3.7050  2.091    3  0.000  0.534     0.00     0.00 -1 -1.28e-10      0.00 7.573e-01 2.426e-01 1.687e-05 4.658e-06 4.210e-05 -1.000 9.996e-05 -0.230 0.696 0.726 0.045 -0.423 -0.874 -1.472 -1.953 -2.034
4.4857e-05 -2.19174 10.13672 0.7678677440 2.4069442749    0.761  2.043  3.7034  2.042    3  0.000  0.534     0.00     0.00 -1  -1.5e-10      0.00 7.573e-01 2.426e-01 1.687e-05 4.659e-06 4.210e-05 -1.000 1.001e-04 -0.337 0.609 0.630 -0.058 -0.529 -0.983 -1.585 -2.071 -2.153
4.4857e-05 -2.19174 10.13672 0.7679182291 2.4069635868    0.760  2.087  3.7018  1.991    3  0.000  0.534     0.00     0.00 -1 -1.76e-10      0.00 7.573e-01 2.426e-01 1.687e-05 4.659e-06 4.210e-05 -1.000 9.999e-05 -0.447 0.519 0.531 -0.164 -0.638 -1.095 -1.703 -2.192 -2.275
4.4857e-05 -2.19174 10.13672 0.7679622769 2.4069805145    0.760  2.129  3.7001  1.943    3  0.000  0.534     0.00     0.00 -1 -2.05e-10      0.00 7.573e-01 2.426e-01 1.687e-05 4.659e-06 4.211e-05 -1.000 1.000e-04 -0.551 0.439 0.440 -0.263 -0.741 -1.201 -1.814 -2.307 -2.391
4.4857e-05 -2.19174 10.13672 0.7680035233 2.4069962502    0.759  2.170  3.6984  1.894    3  0.000  0.534     0.00     0.00 -1 -2.39e-10      0.00 7.573e-01 2.426e-01 1.687e-05 4.659e-06 4.211e-05 -1.000 9.999e-05 -0.656 0.361 0.348 -0.363 -0.845 -1.308 -1.926 -2.423 -2.507
4.4857e-05 -2.19174 10.13672 0.7680464387 2.4070129395    0.758  2.213  3.6969  1.845    3  0.000  0.534     0.00     0.00 -1 -2.79e-10      0.00 7.573e-01 2.426e-01 1.687e-05 4.659e-06 4.211e-05 -1.000 1.001e-04 -0.762 0.279 0.255 -0.464 -0.950 -1.416 -2.038 -2.539 -2.624
4.4857e-05 -2.19174 10.13672 0.7680940628 2.4070310593    0.758  2.243  3.6957  1.810    3  0.000  0.534     0.00     0.00 -1 -3.13e-10      0.00 7.573e-01 2.426e-01 1.687e-05 4.659e-06 4.211e-05 -1.000 9.999e-05 -0.837 0.222 0.189 -0.535 -1.024 -1.493 -2.119 -2.622 -2.708
4.4857e-05 -2.19174 10.13672 0.7681108713 2.4070374966    0.757  2.239  3.6960  1.814    3  0.000  0.534     0.00     0.00 -1 -3.11e-10      0.00 7.573e-01 2.426e-01 1.687e-05 4.659e-06 4.211e-05 -1.000 1.001e-04 -0.828 0.227 0.195 -0.527 -1.016 -1.484 -2.108 -2.611 -2.697
4.4857e-05 -2.19174 10.13672 0.7681161165 2.4070396423    0.757  2.246  3.6958  1.806    3  0.000  0.534     0.00     0.00 -1 -3.18e-10      0.00 7.573e-01 2.426e-01 1.687e-05 4.659e-06 4.211e-05 -1.000 1.001e-04 -0.845 0.215 0.181 -0.543 -1.032 -1.501 -2.126 -2.630 -2.715
4.4857e-05 -2.19174 10.13672 0.7681449652 2.4070506096    0.757  2.286  3.6941  1.759    3  0.000  0.534     0.00     0.00 -1 -3.65e-10      0.00 7.573e-01 2.426e-01 1.687e-05 4.659e-06 4.211e-05 -1.000 1.000e-04 -0.945 0.141 0.095 -0.638 -1.131 -1.603 -2.234 -2.741 -2.828
4.4857e-05 -2.19174 10.13672 0.7681740522 2.4070618153    0.756  2.329  3.6924  1.709    3  0.000  0.534     0.00     0.00 -1 -4.27e-10      0.00 7.573e-01 2.426e-01 1.687e-05 4.659e-06 4.211e-05 -1.000 9.993e-05 -1.053 0.059 0.001 -0.740 -1.237 -1.713 -2.348 -2.860 -2.947
4.4857e-05 -2.19174 10.13672 0.7681988478 2.4070713520    0.755  2.368  3.6907  1.663    3  0.000  0.534     0.00     0.00 -1 -4.93e-10      0.00 7.573e-01 2.426e-01 1.687e-05 4.659e-06 4.211e-05 -1.000 1.000e-04 -1.150 -0.011 -0.082 -0.832 -1.333 -1.812 -2.452 -2.968 -3.056
4.4857e-05 -2.19174 10.13672 0.7682231665 2.4070806503    0.755  2.409  3.6889  1.615    3  0.000  0.534     0.00     0.00 -1 -5.73e-10      0.00 7.573e-01 2.426e-01 1.687e-05 4.659e-06 4.211e-05 -1.000 1.000e-04 -1.252 -0.083 -0.168 -0.927 -1.433 -1.916 -2.562 -3.082 -3.171
4.4857e-05 -2.19174 10.13672 0.7682458758 2.4070894718    0.754  2.450  3.6873  1.567    3  0.000  0.534     0.00     0.00 -1 -6.65e-10      0.00 7.573e-01 2.426e-01 1.687e-05 4.659e-06 4.211e-05 -1.000 9.999e-05 -1.354 -0.157 -0.255 -1.024 -1.534 -2.019 -2.671 -3.195 -3.285
4.4857e-05 -2.19174 10.13672 0.7682657838 2.4070971012    0.753  2.488  3.6856  1.521    3  0.000  0.534     0.00     0.00 -1 -7.66e-10      0.00 7.573e-01 2.426e-01 1.687e-05 4.659e-06 4.211e-05 -1.000 1.000e-04 -1.450 -0.197 -0.327 -1.114 -1.630 -2.119 -2.775 -3.304 -3.393
4.4857e-05 -2.19174 10.13672 0.7682854533 2.4071044922    0.752  2.529  3.6837  1.472    3  0.000  0.534     0.00     0.00 -1 -8.91e-10      0.00 7.573e-01 2.426e-01 1.687e-05 4.659e-06 4.211e-05 -1.000 1.001e-04 -1.552 -0.265 -0.410 -1.208 -1.729 -2.223 -2.885 -3.417 -3.508
4.4857e-05 -2.19174 10.13672 0.7683029771 2.4071114063    0.751  2.567  3.6821  1.427    3  0.000  0.534     0.00     0.00 -1 -1.03e-09      0.00 7.573e-01 2.426e-01 1.687e-05 4.659e-06 4.211e-05 -1.000 1.000e-04 -1.648 -0.307 -0.482 -1.298 -1.826 -2.323 -2.990 -3.526 -3.617
4.4857e-05 -2.19174 10.13672 0.7683192492 2.4071176052    0.750  2.606  3.6803  1.381    3  0.000  0.534     0.00     0.00 -1 -1.18e-09      0.00 7.573e-01 2.426e-01 1.687e-05 4.660e-06 4.211e-05 -1.000 9.997e-05 -1.744 -0.339 -0.549 -1.386 -1.921 -2.423 -3.095 -3.636 -3.727
4.4857e-05 -2.19174 10.13672 0.7683348060 2.4071235657    0.749  2.645  3.6785  1.334    3  0.000  0.534     0.00     0.00 -1 -1.37e-09      0.00 7.573e-01 2.426e-01 1.687e-05 4.660e-06 4.211e-05 -1.000 1.001e-04 -1.842 -0.365 -0.613 -1.474 -2.018 -2.524 -3.202 -3.747 -3.838
4.4857e-05 -2.19174 10.13672 0.7683514953 2.4071300030    0.747  2.690  3.6766  1.280    3  0.000  0.534     0.00     0.00 -1 -1.62e-09      0.00 7.573e-01 2.426e-01 1.687e-05 4.660e-06 4.211e-05 -1.000 1.000e-04 -1.955 -0.394 -0.687 -1.576 -2.129 -2.642 -3.325 -3.875 -3.966
4.4857e-05 -2.19174 10.13672 0.7683649659 2.4071350098    0.746  2.729  3.6746  1.232    3  0.000  0.534     0.00     0.00 -1 -1.87e-09      0.00 7.573e-01 2.426e-01 1.687e-05 4.660e-06 4.211e-05 -1.000 1.000e-04 -2.052 -0.404 -0.744 -1.662 -2.225 -2.744 -3.434 -3.988 -4.078
4.4857e-05 -2.19174 10.13672 0.7683788538 2.4071404934    0.744  2.772  3.6727  1.180    3  0.000  0.534     0.00     0.00 -1 -2.19e-09      0.00 7.572e-01 2.427e-01 1.687e-05 4.660e-06 4.211e-05 -1.000 1.001e-04 -2.160 -0.415 -0.807 -1.757 -2.331 -2.856 -3.552 -4.112 -4.202
4.4857e-05 -2.19174 10.13672 0.7683902979 2.4071447849    0.742  2.810  3.6709  1.134    3  0.000  0.534     0.00     0.00 -1 -2.53e-09      0.00 7.572e-01 2.427e-01 1.687e-05 4.660e-06 4.211e-05 -1.000 1.000e-04 -2.256 -0.418 -0.859 -1.840 -2.425 -2.956 -3.658 -4.222 -4.312
4.4857e-05 -2.19174 10.13672 0.7684019208 2.4071493149    0.740  2.852  3.6687  1.082    3  0.000  0.534     0.00     0.00 -1 -2.96e-09      0.00 7.572e-01 2.427e-01 1.687e-05 4.660e-06 4.211e-05 -1.000 1.000e-04 -2.359 -0.401 -0.905 -1.927 -2.526 -3.064 -3.774 -4.343 -4.432
4.4857e-05 -2.19174 10.13672 0.7684116364 2.4071531296    0.738  2.888  3.6671  1.038    3  0.000  0.534     0.00     0.00 -1 -3.39e-09      0.00 7.572e-01 2.427e-01 1.687e-05 4.660e-06 4.211e-05 -1.000 1.001e-04 -2.451 -0.395 -0.951 -2.005 -2.615 -3.160 -3.875 -4.448 -4.537
4.4857e-05 -2.19174 10.13672 0.7684217691 2.4071569443    0.736  2.930  3.6649  0.987    3  0.000  0.534     0.00     0.00 -1 -3.96e-09      0.00 7.572e-01 2.427e-01 1.687e-05 4.660e-06 4.211e-05 -1.000 1.000e-04 -2.554 -0.355 -0.984 -2.086 -2.713 -3.267 -3.991 -4.569 -4.658
4.4857e-05 -2.19174 10.13672 0.7684320807 2.4071607590    0.733  2.974  3.6627  0.932    3  0.000  0.534     0.00     0.00 -1 -4.69e-09      0.00 7.572e-01 2.427e-01 1.687e-05 4.660e-06 4.211e-05 -1.000 1.000e-04 -2.666 -0.310 -1.018 -2.173 -2.820 -3.385 -4.116 -4.699 -4.787
4.4857e-05 -2.19174 10.13672 0.7684404850 2.4071640968    0.731  3.013  3.6606  0.883    3  0.000  0.534     0.00     0.00 -1 -5.43e-09      0.00 7.572e-01 2.427e-01 1.687e-05 4.660e-06 4.211e-05 -1.000 1.000e-04 -2.763 -0.252 -1.036 -2.244 -2.911 -3.486 -4.226 -4.814 -4.901
4.4857e-05 -2.19174 10.13672 0.7684476376 2.4071669579    0.728  3.048  3.6588  0.839    3  0.000  0.534     0.00     0.00 -1  -6.2e-09      0.00 7.572e-01 2.427e-01 1.687e-05 4.660e-06 4.211e-05 -1.000 1.000e-04 -2.851 -0.191 -1.048 -2.307 -2.992 -3.579 -4.326 -4.918 -5.005
4.4857e-05 -2.19174 10.13672 0.7684550285 2.4071695805    0.725  3.087  3.6568  0.791    3  0.000  0.534     0.00     0.00 -1 -7.18e-09      0.00 7.572e-01 2.427e-01 1.687e-05 4.660e-06 4.211e-05 -1.000 1.000e-04 -2.947 -0.157 -1.074 -2.376 -3.080 -3.677 -4.433 -5.030 -5.116
4.4857e-05 -2.19174 10.13672 0.7684625983 2.4071726799    0.721  3.129  3.6546  0.738    3  0.000  0.534     0.00     0.00 -1 -8.42e-09      0.00 7.572e-01 2.427e-01 1.687e-05 4.660e-06 4.211e-05 -1.000 1.000e-04 -3.052 -0.142 -1.111 -2.453 -3.174 -3.781 -4.547 -5.150 -5.237
4.4857e-05 -2.19174 10.13672 0.7684689760 2.4071750641    0.718  3.166  3.6526  0.690    3  0.000  0.534     0.00     0.00 -1 -9.71e-09      0.00 7.572e-01 2.427e-01 1.687e-05 4.660e-06 4.211e-05 -1.000 9.999e-05 -3.145 -0.128 -1.143 -2.521 -3.258 -3.875 -4.649 -5.257 -5.344
4.4857e-05 -2.19174 10.13672 0.7684754133 2.4071774483    0.714  3.205  3.6505  0.640    3  0.000  0.534     0.00     0.00 -1 -1.13e-08      0.00 7.572e-01 2.427e-01 1.687e-05 4.660e-06 4.211e-05 -1.000 1.000e-04 -3.242 -0.111 -1.175 -2.592 -3.346 -3.973 -4.757 -5.370 -5.457
4.4857e-05 -2.19174 10.13672 0.7684813738 2.4071798325    0.709  3.241  3.6485  0.594    3  0.000  0.534     0.00     0.00 -1  -1.3e-08      0.00 7.572e-01 2.427e-01 1.687e-05 4.660e-06 4.211e-05 -1.000 1.000e-04 -3.332 -0.100 -1.207 -2.657 -3.427 -4.063 -4.855 -5.474 -5.561
4.4857e-05 -2.19174 10.13672 0.7684830427 2.4071803093    0.708  3.250  3.6481  0.582    3  0.000  0.534     0.00     0.00 -1 -1.35e-08      0.00 7.572e-01 2.427e-01 1.687e-05 4.660e-06 4.211e-05 -1.000 9.999e-05 -3.356 -0.099 -1.216 -2.674 -3.448 -4.086 -4.880 -5.500 -5.588
4.4857e-05 -2.19174 10.13672 0.7684830427 2.4071803093    0.708  1.621  3.9955  3.601    4  0.000  0.533     0.00     0.00 -1    -1e-30      0.00 7.562e-01 2.437e-01 1.688e-05 4.684e-06 4.222e-05 -1.000 9.999e-05 0.717 0.889 0.969 1.005 1.014 1.021 1.041 1.047 1.054
4.4857e-05 -2.19174 10.13672 0.7684841752 2.4071807861    0.708  1.630  3.9900  3.570    4  0.000  0.533     0.00     0.00 -1    -1e-30      0.00 7.562e-01 2.437e-01 1.688e-05 4.684e-06 4.222e-05 -1.000 1.000e-04 0.694 0.859 0.923 0.956 0.963 0.966 0.980 0.984 0.989
4.4857e-05 -2.19174 10.13672 0.7685233355 2.4071958065    0.708  1.648  3.9812  3.517    4  0.000  0.533     0.00     0.00 -1    -1e-30      0.00 7.562e-01 2.437e-01 1.688e-05 4.684e-06 4.222e-05 -1.000 1.000e-04 0.650 0.807 0.846 0.872 0.875 0.873 0.875 0.875 0.878
4.4857e-05 -2.19174 10.13672 0.7685635090 2.4072113037    0.708  1.649  3.9805  3.513    4  0.000  0.533     0.00     0.00 -1    -1e-30      0.00 7.562e-01 2.437e-01 1.688e-05 4.684e-06 4.222e-05 -1.000 9.985e-05 0.647 0.804 0.841 0.866 0.869 0.866 0.868 0.867 0.870
4.4857e-05 -2.19174 10.13672 0.7686049342 2.4072272778    0.708  1.649  3.9801  3.511    4  0.000  0.533     0.00     0.00 -1    -1e-30      0.00 7.562e-01 2.437e-01 1.688e-05 4.684e-06 4.222e-05 -1.000 9.993e-05 0.647 0.803 0.839 0.864 0.866 0.864 0.865 0.864 0.867
4.4857e-05 -2.19174 10.13672 0.7686465979 2.4072432518    0.708  1.649  3.9794  3.508    4  0.000  0.533     0.00     0.00 -1    -1e-30      0.00 7.562e-01 2.437e-01 1.688e-05 4.684e-06 4.222e-05 -1.000 1.000e-04 0.647 0.803 0.837 0.861 0.863 0.860 0.860 0.859 0.861
4.4857e-05 -2.19174 10.13672 0.7686882615 2.4072592258    0.708  1.650  3.9783  3.504    4  0.000  0.533     0.00     0.00 -1    -1e-30      0.00 7.562e-01 2.437e-01 1.688e-05 4.684e-06 4.222e-05 -1.000 1.000e-04 0.646 0.801 0.832 0.855 0.856 0.853 0.851 0.850 0.852
4.4857e-05 -2.19174 10.13672 0.7687304020 2.4072751999    0.708  1.650  3.9769  3.497    4  0.000  0.533     0.00     0.00 -1    -1e-30      0.00 7.562e-01 2.437e-01 1.688e-05 4.684e-06 4.222e-05 -1.000 1.000e-04 0.644 0.799 0.826 0.847 0.848 0.843 0.840 0.838 0.840
4.4857e-05 -2.19174 10.13672 0.7687731981 2.4072916508    0.708  1.651  3.9750  3.489    4  0.000  0.533     0.00     0.00 -1    -1e-30      0.00 7.562e-01 2.437e-01 1.688e-05 4.684e-06 4.222e-05 -1.000 1.000e-04 0.641 0.795 0.817 0.837 0.836 0.830 0.825 0.822 0.823
4.4857e-05 -2.19174 10.13672 0.7688158751 2.4073081017    0.708  1.653  3.9729  3.479    4  0.000  0.533     0.00     0.00 -1    -1e-30      0.00 7.562e-01 2.437e-01 1.688e-05 4.684e-06 4.222e-05 -1.000 9.999e-05 0.638 0.791 0.807 0.824 0.823 0.816 0.807 0.803 0.804
4.4857e-05 -2.19174 10.13672 0.7688564062 2.4073235989    0.708  1.654  3.9705  3.468    4  0.000  0.533     0.00     0.00 -1    -1e-30      0.00 7.562e-01 2.437e-01 1.688e-05 4.684e-06 4.222e-05 -1.000 1.000e-04 0.634 0.785 0.795 0.810 0.807 0.798 0.787 0.781 0.782
4.4857e-05 -2.19174 10.13672 0.7688974142 2.4073393345    0.708  1.656  3.9677  3.455    4  0.000  0.533     0.00     0.00 -1    -1e-30      0.00 7.562e-01 2.437e-01 1.688e-05 4.684e-06 4.222e-05 -1.000 1.000e-04 0.629 0.780 0.782 0.794 0.789 0.779 0.763 0.756 0.756
4.4857e-05 -2.19174 10.13672 0.7689374685 2.4073545933    0.708  1.659  3.9645  3.439    4  0.000  0.533     0.00     0.00 -1    -1e-30      0.00 7.562e-01 2.437e-01 1.688e-05 4.684e-06 4.222e-05 -1.000 1.000e-04 0.623 0.773 0.767 0.775 0.769 0.755 0.735 0.727 0.726
4.4857e-05 -2.19174 10.13672 0.7689778209 2.4073700905    0.708  1.661  3.9608  3.422    4  0.000  0.533     0.00     0.00 -1    -1e-30      0.00 7.562e-01 2.437e-01 1.688e-05 4.684e-06 4.222e-05 -1.000 1.000e-04 0.616 0.765 0.750 0.754 0.745 0.729 0.704 0.693 0.691
4.4857e-05 -2.19174 10.13672 0.7690169215 2.4073851109    0.708  1.664  3.9569  3.403    4  0.000  0.533     0.00     0.00 -1    -1e-30      0.00 7.562e-01 2.437e-01 1.688e-05 4.684e-06 4.222e-05 -1.000 1.000e-04 0.609 0.757 0.733 0.733 0.721 0.701 0.670 0.657 0.654
4.4857e-05 -2.19174 10.13672 0.7690573931 2.4074006081    0.708  1.668  3.9524  3.382    4  0.000  0.533     0.00     0.00 -1    -1e-30      0.00 7.562e-01 2.437e-01 1.688e-05 4.684e-06 4.222e-05 -1.000 1.001e-04 0.600 0.748 0.714 0.708 0.693 0.669 0.632 0.616 0.612
4.4857e-05 -2.19174 10.13672 0.7690973878 2.4074158669    0.709  1.672  3.9474  3.358    4  0.000  0.533     0.00     0.00 -1    -1e-30      0.00 7.562e-01 2.437e-01 1.688e-05 4.684e-06 4.222e-05 -1.000 1.001e-04 0.591 0.739 0.694 0.682 0.663 0.634 0.590 0.570 0.566
4.4857e-05 -2.19174 10.13672 0.7691409588 2.4074325562    0.709  1.676  3.9417  3.331    4  0.000  0.533     0.00     0.00 -1    -1e-30      0.00 7.562e-01 2.437e-01 1.688e-05 4.684e-06 4.222e-05 -1.000 1.000e-04 0.580 0.729 0.673 0.653 0.629 0.595 0.542 0.518 0.512
4.4857e-05 -2.19174 10.13672 0.7691813707 2.4074480534    0.709  1.681  3.9359  3.303    4  0.000  0.533     0.00     0.00 -1    -1e-30      0.00 7.562e-01 2.437e-01 1.688e-05 4.684e-06 4.222e-05 -1.000 9.999e-05 0.568 0.720 0.653 0.626 0.596 0.555 0.493 0.465 0.457
4.4857e-05 -2.19174 10.13672 0.7692227364 2.4074637890    0.709  1.686  3.9295  3.273    4  0.000  0.533     0.00     0.00 -1    -1e-30      0.00 7.562e-01 2.437e-01 1.688e-05 4.684e-06 4.222e-05 -1.000 1.000e-04 0.556 0.711 0.633 0.597 0.560 0.512 0.440 0.406 0.397
4.4857e-05 -2.19174 10.13672 0.7692630291 2.4074792862    0.709  1.691  3.9229  3.241    4  0.000  0.533     0.00     0.00 -1    -1e-30      0.00 7.562e-01 2.437e-01 1.688e-05 4.684e-06 4.222e-05 -1.000 9.999e-05 0.543 0.702 0.618 0.570 0.526 0.469 0.386 0.344 0.334
4.4857e-05 -2.19174 10.13672 0.7693032026 2.4074945450    0.709  1.696  3.9159  3.208    4  0.000  0.533     0.00     0.00 -1    -1e-30      0.00 7.562e-01 2.437e-01 1.688e-05 4.684e-06 4.222e-05 -1.000 1.000e-04 0.530 0.693 0.604 0.544 0.491 0.425 0.329 0.279 0.268
4.4857e-05 -2.19174 10.13672 0.7693109512 2.4074976444    0.709  1.697  3.9145  3.201    4  0.000  0.533     0.00     0.00 -1    -1e-30      0.00 7.562e-01 2.437e-01 1.688e-05 4.684e-06 4.222e-05 -1.000 9.999e-05 0.527 0.692 0.602 0.539 0.484 0.416 0.318 0.267 0.256
4.4857e-05 -2.19174 10.13672 0.7693309188 2.4075052738    0.709  1.700  3.9112  3.185    4  0.000  0.533     0.00     0.00 -1    -1e-30      0.00 7.562e-01 2.437e-01 1.688e-05 4.684e-06 4.222e-05 -1.000 9.993e-05 0.520 0.688 0.596 0.528 0.468 0.395 0.291 0.236 0.224
4.4857e-05 -2.19174 10.13672 0.7693724036 2.4075210094    0.709  1.706  3.9040  3.151    4  0.000  0.533     0.00     0.00 -1    -1e-30      0.00 7.562e-01 2.437e-01 1.688e-05 4.684e-06 4.222e-05 -1.000 1.000e-04 0.506 0.680 0.588 0.505 0.434 0.350 0.233 0.168 0.156
4.4857e-05 -2.19174 10.13672 0.7694119811 2.4075362682    0.709  1.711  3.8967  3.116    4  0.000  0.533     0.00     0.00 -1    -1e-30      0.00 7.562e-01 2.437e-01 1.688e-05 4.684e-06 4.222e-05 -1.000 1.000e-04 0.492 0.674 0.583 0.483 0.401 0.306 0.174 0.100 0.087
4.4857e-05 -2.19174 10.13672 0.7694524527 2.4075517654    0.709  1.717  3.8887  3.078    4  0.000  0.533     0.00     0.00 -1    -1e-30      0.00 7.562e-01 2.437e-01 1.688e-05 4.684e-06 4.222e-05 -1.000 1.000e-04 0.476 0.668 0.583 0.463 0.367 0.258 0.111 0.025 0.010
4.4857e-05 -2.19174 10.13672 0.7694918513 2.4075667858    0.709  1.724  3.8805  3.039    4  0.000  0.533     0.00     0.00 -1    -1e-30      0.00 7.562e-01 2.437e-01 1.688e-05 4.684e-06 4.222e-05 -1.000 1.000e-04 0.460 0.662 0.589 0.446 0.334 0.211 0.048 -0.052 -0.067
4.4857e-05 -2.19174 10.13672 0.7695311904 2.4075818062    0.709  1.730  3.8729  3.002    4  0.000  0.533     0.00     0.00 -1    -1e-30      0.00 7.562e-01 2.437e-01 1.688e-05 4.684e-06 4.222e-05 -1.000 1.000e-04 0.445 0.657 0.596 0.432 0.306 0.169 -0.011 -0.124 -0.140
4.4857e-05 -2.19174 10.13672 0.7695712447 2.4075970650    0.709  1.736  3.8649  2.964    4  0.000  0.533     0.00     0.00 -1    -1e-30      0.00 7.562e-01 2.437e-01 1.688e-05 4.684e-06 4.222e-05 -1.000 1.000e-04 0.429 0.652 0.605 0.420 0.278 0.126 -0.071 -0.199 -0.216
4.4857e-05 -2.19174 10.13672 0.7696113586 2.4076125622    0.709  1.743  3.8574  2.928    4  0.000  0.533     0.00     0.00 -1    -1e-30      0.00 7.562e-01 2.437e-01 1.688e-05 4.684e-06 4.222e-05 -1.000 1.000e-04 0.413 0.646 0.614 0.410 0.253 0.086 -0.127 -0.270 -0.288
4.4857e-05 -2.19174 10.13672 0.7696508169 2.4076275826    0.709  1.749  3.8497  2.890    4  0.000  0.533     0.00     0.00 -1    -1e-30      0.00 7.562e-01 2.437e-01 1.688e-05 4.684e-06 4.222e-05 -1.000 9.999e-05 0.397 0.641 0.624 0.401 0.229 0.047 -0.183 -0.343 -0.361
4.4857e-05 -2.19174 10.13672 0.7696907520 2.4076428413    0.709  1.756  3.8423  2.854    4  0.000  0.533     0.00     0.00 -1    -1e-30      0.00 7.562e-01 2.437e-01 1.688e-05 4.684e-06 4.222e-05 -1.000 1.000e-04 0.380 0.636 0.634 0.392 0.205 0.009 -0.238 -0.414 -0.433
4.4857e-05 -2.19174 10.13672 0.7697328925 2.4076590538    0.709  1.765  3.8326  2.806    4  0.000  0.533     0.00     0.00 -1    -1e-30      0.00 7.562e-01 2.437e-01 1.688e-05 4.684e-06 4.222e-05 -1.000 1.000e-04 0.357 0.630 0.646 0.381 0.174 -0.040 -0.311 -0.507 -0.528
4.4857e-05 -2.19174 10.13672 0.7697722912 2.4076740742    0.709  1.775  3.8226  2.756    4  0.000  0.533     0.00     0.00 -1    -1e-30      0.00 7.562e-01 2.437e-01 1.688e-05 4.684e-06 4.222e-05 -1.000 1.000e-04 0.332 0.626 0.660 0.369 0.142 -0.091 -0.386 -0.605 -0.627
4.4857e-05 -2.19174 10.13672 0.7698055506 2.4076867104    0.709  1.786  3.8122  2.703    4  0.000  0.533     0.00     0.00 -1    -1e-30      0.00 7.562e-01 2.437e-01 1.688e-05 4.684e-06 4.222e-05 -1.000 9.993e-05 0.304 0.621 0.674 0.355 0.108 -0.145 -0.465 -0.708 -0.732
4.4857e-05 -2.19174 10.13672 0.7698266506 2.4076948166    0.709  1.800  3.8024  2.651    4  0.000  0.533     0.00     0.00 -1    -1e-30      0.00 7.562e-01 2.437e-01 1.688e-05 4.684e-06 4.222e-05 -1.000 9.997e-05 0.271 0.613 0.686 0.338 0.070 -0.202 -0.546 -0.811 -0.839
4.4857e-05 -2.19174 10.13672 0.7698415518 2.4077005386    0.709  1.812  3.7931  2.601    4  0.000  0.533     0.00     0.00 -1    -1e-30      0.00 7.562e-01 2.437e-01 1.688e-05 4.684e-06 4.222e-05 -1.000 1.000e-04 0.239 0.608 0.698 0.322 0.035 -0.254 -0.621 -0.907 -0.939
4.4857e-05 -2.19174 10.13672 0.7698504925 2.4077038765    0.709  1.825  3.7845  2.554    4  0.000  0.533     0.00     0.00 -1    -1e-30      0.00 7.562e-01 2.437e-01 1.688e-05 4.684e-06 4.222e-05 -1.000 9.999e-05 0.208 0.605 0.709 0.306 0.002 -0.303 -0.692 -0.998 -1.033
4.4857e-05 -2.19174 10.13672 0.7698571086 2.4077064991    0.709  1.837  3.7758  2.507    4  0.000  0.533     0.00     0.00 -1    -1e-30      0.00 7.562e-01 2.437e-01 1.688e-05 4.684e-06 4.222e-05 -1.000 1.000e-04 0.178 0.608 0.721 0.292 -0.029 -0.350 -0.762 -1.090 -1.127
4.4857e-05 -2.19174 10.13672 0.7698618174 2.4077081680    0.709  1.850  3.7681  2.464    4  0.000  0.533     0.00     0.00 -1    -1e-30      0.00 7.562e-01 2.437e-01 1.688e-05 4.684e-06 4.222e-05 -1.000 1.000e-04 0.146 0.609 0.727 0.275 -0.061 -0.396 -0.828 -1.175 -1.215
4.4857e-05 -2.19174 10.13672 0.7698658705 2.4077098370    0.709  1.866  3.7599  2.415    4  0.000  0.533     0.00     0.00 -1    -1e-30      0.00 7.562e-01 2.437e-01 1.688e-05 4.684e-06 4.222e-05 -1.000 9.999e-05 0.105 0.605 0.729 0.250 -0.103 -0.452 -0.905 -1.271 -1.316
4.4857e-05 -2.19174 10.13672 0.7698690295 2.4077110291    0.709  1.888  3.7519  2.361    4  0.000  0.533     0.00     0.00 -1    -1e-30      0.00 7.562e-01 2.437e-01 1.688e-05 4.684e-06 4.222e-05 -1.000 1.000e-04 0.051 0.594 0.717 0.212 -0.157 -0.521 -0.995 -1.378 -1.428
4.4857e-05 -2.19174 10.13672 0.7698711157 2.4077117443    0.709  1.912  3.7446  2.308    4  0.000  0.533     0.00     0.00 -1    -1e-30      0.00 7.562e-01 2.437e-01 1.688e-05 4.684e-06 4.222e-05 -1.000 9.993e-05 -0.009 0.576 0.697 0.168 -0.215 -0.593 -1.086 -1.485 -1.539
4.4857e-05 -2.19174 10.13672 0.7698724866 2.4077122211    0.709  1.938  3.7381  2.255    4  0.000  0.533     0.00     0.00 -1    -1e-30      0.00 7.562e-01 2.437e-01 1.688e-05 4.684e-06 4.222e-05 -1.000 9.999e-05 -0.076 0.551 0.665 0.115 -0.282 -0.670 -1.180 -1.593 -1.651
4.4857e-05 -2.19174 10.13672 0.7698732018 2.4077124596    0.709  1.961  3.7339  2.215    7  0.000  0.533     0.00     0.00 -1    -1e-30      0.00 7.562e-01 2.437e-01 1.688e-05 4.684e-06 4.222e-05 -1.000 1.000e-04 -0.133 0.527 0.632 0.067 -0.338 -0.734 -1.255 -1.678 -1.738
4.4857e-05 -2.19174 10.13672 0.7698737979 2.4077126980    0.709  1.990  3.7300  2.171    7  0.000  0.533     0.00     0.00 -1    -1e-30      0.00 7.562e-01 2.437e-01 1.688e-05 4.684e-06 4.222e-05 -1.000 9.997e-05 -0.205 0.485 0.582 0.004 -0.409 -0.813 -1.344 -1.775 -1.838
4.4857e-05 -2.19174 10.13672 0.7698745131 2.4077131748    0.709  2.026  3.7258  2.118    7  0.000  0.533     0.00     0.00 -1    -1e-30      0.00 7.562e-01 2.437e-01 1.688e-05 4.684e-06 4.222e-05 -1.000 9.999e-05 -0.295 0.432 0.517 -0.078 -0.499 -0.910 -1.453 -1.893 -1.958
4.4857e-05 -2.19174 10.13672 0.7698752284 2.4077134132    0.709  2.064  3.7220  2.065    7  0.000  0.533     0.00     0.00 -1    -1e-30      0.00 7.562e-01 2.437e-01 1.688e-05 4.684e-06 4.222e-05 -1.000 1.000e-04 -0.391 0.370 0.444 -0.164 -0.593 -1.011 -1.564 -2.013 -2.080
4.4857e-05 -2.19174 10.13672 0.7698759437 2.4077136517    0.709  2.102  3.7187  2.014    7  0.000  0.533     0.00     0.00 -1    -1e-30      0.00 7.562e-01 2.437e-01 1.688e-05 4.684e-06 4.222e-05 -1.000 1.000e-04 -0.485 0.308 0.371 -0.250 -0.686 -1.110 -1.672 -2.128 -2.198
4.4857e-05 -2.19174 10.13672 0.7698769569 2.4077138901    0.709  2.134  3.7162  1.972    7  0.000  0.533     0.00     0.00 -1    -1e-30      0.00 7.562e-01 2.437e-01 1.688e-05 4.684e-06 4.222e-05 -1.000 9.999e-05 -0.565 0.255 0.307 -0.324 -0.765 -1.194 -1.763 -2.224 -2.295
4.4857e-05 -2.19174 10.13672 0.7698789239 2.4077148438    0.709  2.142  3.7158  1.962    7  0.000  0.533     0.00     0.00 -1    -1e-30      0.00 7.562e-01 2.437e-01 1.688e-05 4.684e-06 4.222e-05 -1.000 9.997e-05 -0.586 0.239 0.289 -0.344 -0.786 -1.216 -1.786 -2.248 -2.319
4.4857e-05 -2.19174 10.13672 0.7698819637 2.4077160358    0.709  2.125  3.7171  1.984    7  0.000  0.533     0.00     0.00 -1    -1e-30      0.00 7.562e-01 2.437e-01 1.688e-05 4.684e-06 4.222e-05 -1.000 9.999e-05 -0.544 0.267 0.322 -0.305 -0.744 -1.171 -1.738 -2.197 -2.268
4.4857e-05 -2.19174 10.13672 0.7699012756 2.4077231884    0.709  2.143  3.7150  1.958    7  0.000  0.533     0.00     0.00 -1    -1e-30      0.00 7.562e-01 2.437e-01 1.688e-05 4.684e-06 4.222e-05 -1.000 1.000e-04 -0.587 0.246 0.294 -0.343 -0.787 -1.218 -1.790 -2.254 -2.326
4.4857e-05 -2.19174 10.13672 0.7699136734 2.4077279568    0.709  2.183  3.7118  1.905    7  0.000  0.533     0.00     0.00 -1    -1e-30      0.00 7.562e-01 2.437e-01 1.688e-05 4.684e-06 4.222e-05 -1.000 9.999e-05 -0.688 0.181 0.213 -0.436 -0.888 -1.324 -1.905 -2.376 -2.450
4.4857e-05 -2.19174 10.13672 0.7699319124 2.4077351093    0.709  2.235  3.7083  1.839    7  0.000  0.533     0.00     0.00 -1    -1e-30      0.00 7.562e-01 2.437e-01 1.688e-05 4.684e-06 4.222e-05 -1.000 1.000e-04 -0.817 0.095 0.110 -0.555 -1.015 -1.458 -2.049 -2.527 -2.603
4.4857e-05 -2.19174 10.13672 0.7699468136 2.4077405930    0.709  2.277  3.7056  1.787    7  0.000  0.533     0.00     0.00 -1    -1e-30      0.00 7.562e-01 2.437e-01 1.688e-05 4.684e-06 4.222e-05 -1.000 9.997e-05 -0.922 0.025 0.025 -0.653 -1.118 -1.567 -2.165 -2.649 -2.727
4.4857e-05 -2.19174 10.13672 0.7699601650 2.4077458382    0.709  2.318  3.7031  1.735    7  0.000  0.533     0.00     0.00 -1    -1e-30      0.00 7.562e-01 2.437e-01 1.688e-05 4.684e-06 4.222e-05 -1.000 9.999e-05 -1.026 -0.045 -0.060 -0.750 -1.221 -1.675 -2.280 -2.770 -2.849
4.4857e-05 -2.19174 10.13672 0.7699719667 2.4077503681    0.709  2.360  3.7006  1.684    7  0.000  0.533     0.00     0.00 -1    -1e-30      0.00 7.562e-01 2.437e-01 1.688e-05 4.686e-06 4.222e-05 -1.000 1.000e-04 -1.129 -0.116 -0.145 -0.846 -1.323 -1.782 -2.394 -2.889 -2.970
4.4857e-05 -2.19174 10.13672 0.7699823976 2.4077541828    0.709  2.401  3.6982  1.633    7  0.000  0.532     0.00     0.00 -1    -1e-30      0.00 7.562e-01 2.437e-01 1.684e-05 4.694e-06 4.222e-05 -1.000 9.999e-05 -1.233 -0.186 -0.229 -0.942 -1.425 -1.888 -2.508 -3.008 -3.090
4.4857e-05 -2.19174 10.13672 0.7699916363 2.4077577591    0.710  2.442  3.6959  1.582    7  0.000  0.528     0.00     0.00 -1    -1e-30      0.00 7.562e-01 2.437e-01 1.672e-05 4.766e-06 4.222e-05 -1.000 1.001e-04 -1.336 -0.254 -0.313 -1.037 -1.526 -1.994 -2.620 -3.126 -3.210
4.4857e-05 -2.19174 10.13672 0.7699997425 2.4077608585    0.710  2.483  3.6936  1.532    7  0.000  0.518     0.00     0.00 -1    -1e-30      0.00 7.562e-01 2.437e-01 1.639e-05 5.065e-06 4.222e-05 -1.000 1.001e-04 -1.438 -0.322 -0.396 -1.132 -1.626 -2.098 -2.732 -3.243 -3.328
4.4857e-05 -2.19174 10.13672 0.7700072527 2.4077637196    0.710  2.524  3.6914  1.482    7  0.000  0.501     0.00     0.00 -1    -1e-30      0.00 7.562e-01 2.437e-01 1.586e-05 5.664e-06 4.222e-05 -1.000 9.999e-05 -1.540 -0.389 -0.479 -1.226 -1.726 -2.203 -2.843 -3.360 -3.446
4.4857e-05 -2.19174 10.13672 0.7700140476 2.4077663422    0.710  2.565  3.6891  1.433    7  0.000  0.483     0.00     0.00 -1    -1e-30      0.00 7.560e-01 2.439e-01 1.529e-05 6.354e-06 4.222e-05 -1.000 1.001e-04 -1.642 -0.453 -0.559 -1.320 -1.825 -2.307 -2.954 -3.476 -3.563
4.4857e-05 -2.19174 10.13672 0.7700204253 2.4077687263    0.710  2.605  3.6869  1.383    7  0.000  0.467     0.00     0.00 -1    -1e-30      0.00 7.558e-01 2.441e-01 1.478e-05 6.977e-06 4.223e-05 -1.000 1.000e-04 -1.743 -0.514 -0.638 -1.412 -1.924 -2.411 -3.064 -3.591 -3.679
4.4857e-05 -2.19174 10.13672 0.7700263858 2.4077711105    0.710  2.646  3.6847  1.334    7  0.000  0.453     0.00     0.00 -1    -1e-30      0.00 7.556e-01 2.443e-01 1.435e-05 7.515e-06 4.224e-05 -1.000 1.000e-04 -1.844 -0.560 -0.712 -1.504 -2.024 -2.516 -3.176 -3.707 -3.797
4.4857e-05 -2.19174 10.13672 0.7700321078 2.4077732563    0.710  2.686  3.6825  1.285    7  0.000  0.441     0.00     0.00 -1    -1e-30      0.00 7.553e-01 2.446e-01 1.398e-05 7.979e-06 4.225e-05 -1.000 9.993e-05 -1.945 -0.586 -0.778 -1.596 -2.124 -2.622 -3.288 -3.825 -3.914
4.4857e-05 -2.19174 10.13672 0.7700375319 2.4077754021    0.710  2.726  3.6803  1.236    7  0.000  0.431     0.00     0.00 -1    -1e-30      0.00 7.551e-01 2.448e-01 1.365e-05 8.382e-06 4.225e-05 -1.000 1.000e-04 -2.046 -0.606 -0.841 -1.687 -2.224 -2.728 -3.401 -3.942 -4.032
4.4857e-05 -2.19174 10.13672 0.7700427175 2.4077773094    0.710  2.767  3.6780  1.186    7  0.000  0.422     0.00     0.00 -1    -1e-30      0.00 7.548e-01 2.451e-01 1.337e-05 8.734e-06 4.223e-05 -1.000 1.000e-04 -2.148 -0.615 -0.900 -1.777 -2.325 -2.835 -3.515 -4.062 -4.151
4.4857e-05 -2.19174 10.13672 0.7700473070 2.4077789783    0.710  2.808  3.6757  1.135    7  0.000  0.415     0.00     0.00 -1    -1e-30      0.00 7.546e-01 2.453e-01 1.312e-05 9.041e-06 4.220e-05 -1.000 1.000e-04 -2.251 -0.615 -0.955 -1.866 -2.426 -2.943 -3.630 -4.182 -4.271
4.4857e-05 -2.19174 10.13672 0.7700510621 2.4077804089    0.710  2.849  3.6735  1.086    7  0.000  0.409     0.00     0.00 -1    -1e-30      0.00 7.543e-01 2.456e-01 1.292e-05 9.305e-06 4.214e-05 -1.000 1.000e-04 -2.352 -0.608 -1.004 -1.952 -2.525 -3.049 -3.743 -4.300 -4.390
4.4857e-05 -2.19174 10.13672 0.7700542808 2.4077818394    0.710  2.888  3.6712  1.038    7  0.000  0.404     0.00     0.00 -1    -1e-30      0.00 7.540e-01 2.459e-01 1.274e-05 9.547e-06 4.205e-05 -1.000 9.999e-05 -2.451 -0.591 -1.049 -2.035 -2.622 -3.153 -3.855 -4.417 -4.506
4.4857e-05 -2.19174 10.13672 0.7700570226 2.4077827930    0.710  2.926  3.6691  0.992    7  0.000  0.401     0.00     0.00 -1    -1e-30      0.00 7.538e-01 2.461e-01 1.260e-05 9.768e-06 4.195e-05 -1.000 9.668e-05 -2.544 -0.564 -1.084 -2.111 -2.712 -3.251 -3.960 -4.527 -4.616
4.4857e-05 -2.19174 10.13672 0.7700598240 2.4077837467    0.710  2.965  3.6668  0.943    7  0.000  0.398     0.00     0.00 -1    -1e-30      0.00 7.535e-01 2.464e-01 1.248e-05 9.993e-06 4.182e-05 -1.000 9.917e-05 -2.644 -0.518 -1.112 -2.188 -2.807 -3.356 -4.073 -4.646 -4.734
4.4857e-05 -2.19174 10.13672 0.7700621486 2.4077847004    0.710  3.001  3.6647  0.898    7  0.000  0.396     0.00     0.00 -1    -1e-30      0.00 7.533e-01 2.466e-01 1.239e-05 1.018e-05 4.170e-05 -1.000 9.999e-05 -2.733 -0.466 -1.131 -2.255 -2.891 -3.450 -4.175 -4.752 -4.840
4.4857e-05 -2.19174 10.13672 0.7700646520 2.4077856541    0.710  3.042  3.6623  0.848    7  0.000  0.395     0.00     0.00 -1    -1e-30      0.00 7.531e-01 2.468e-01 1.231e-05 1.039e-05 4.155e-05 -1.000 9.990e-05 -2.835 -0.395 -1.146 -2.329 -2.987 -3.558 -4.291 -4.874 -4.962
4.4857e-05 -2.19174 10.13672 0.7700648308 2.4077856541    0.710  3.047  3.6620  0.842    7  0.000  0.395     0.00     0.00 -1    -1e-30      0.00 7.531e-01 2.468e-01 1.231e-05 1.040e-05 4.154e-05 -1.000 1.000e-04 -2.848 -0.384 -1.146 -2.338 -2.999 -3.571 -4.306 -4.890 -4.977
4.4857e-05 -2.19174 10.13672 0.7700650096 2.4077858925    0.710  3.057  3.6613  0.829    7  0.000  0.395     0.00     0.00 -1    -1e-30      0.00 7.531e-01 2.468e-01 1.230e-05 1.042e-05 4.153e-05 -1.000 9.997e-05 -2.873 -0.361 -1.147 -2.355 -3.022 -3.598 -4.335 -4.920 -5.007
4.4857e-05 -2.19174 10.13672 0.7700651288 2.4077858925    0.710  3.070  3.6605  0.813    7  0.000  0.394     0.00     0.00 -1    -1e-30      0.00 7.529e-01 2.470e-01 1.225e-05 1.060e-05 4.140e-05 -1.000 9.996e-05 -2.904 -0.333 -1.148 -2.376 -3.051 -3.631 -4.371 -4.958 -5.045
4.4857e-05 -2.19174 10.13672 0.7700653076 2.4077858925    0.710  3.086  3.6595  0.793    7  0.000  0.394     0.00     0.00 -1    -1e-30      0.00 7.527e-01 2.472e-01 1.219e-05 1.081e-05 4.124e-05 -1.000 9.996e-05 -2.946 -0.292 -1.147 -2.403 -3.089 -3.675 -4.419 -5.009 -5.095
4.4857e-05 -2.19174 10.13672 0.7700655460 2.4077861309    0.710  3.114  3.6577  0.757    7  0.000  0.394     0.00     0.00 -1    -1e-30      0.00 7.525e-01 2.474e-01 1.212e-05 1.106e-05 4.106e-05 -1.000 1.000e-04 -3.016 -0.227 -1.146 -2.449 -3.152 -3.748 -4.500 -5.094 -5.180
4.4857e-05 -2.19174 10.13672 0.7700659037 2.4077861309    0.710  3.152  3.6553  0.711    7  0.000  0.393     0.00     0.00 -1    -1e-30      0.00 7.522e-01 2.478e-01 1.202e-05 1.139e-05 4.082e-05 -1.000 7.911e-05 -3.109 -0.201 -1.172 -2.514 -3.235 -3.841 -4.604 -5.204 -5.290
4.4857e-05 -2.19174 10.13672 0.7700662613 2.4077863693    0.710  3.414  3.6091  0.263    8  0.549  0.390    97.30    45.00  1  -1.5e-06      0.00 7.290e-01 2.706e-01 6.375e-05 5.931e-05 2.177e-04 -1.000 3.690e-04 -3.766 1.076 -0.576 -2.529 -3.582 -4.400 -5.401 -6.160 -6.268
4.4857e-05 -2.19174 10.13672 0.7700663209 2.4077863693    0.710  3.292  3.6156  0.411    8  0.549  0.390    70.65    34.12  1 -8.57e-07      0.00 7.290e-01 2.706e-01 6.375e-05 5.931e-05 2.177e-04 -1.000 3.690e-04 -3.459 1.022 -0.528 -2.365 -3.343 -4.114 -5.073 -5.809 -5.914
4.4857e-05 -2.19174 10.13672 0.7700663805 2.4077863693    0.710  3.144  3.6291  0.614    8  0.549  0.390    45.69    23.41  1 -4.27e-07      0.00 7.290e-01 2.706e-01 6.375e-05 5.931e-05 2.177e-04 -1.000 3.691e-04 -3.089 0.743 -0.590 -2.222 -3.083 -3.782 -4.662 -5.349 -5.447
4.4857e-05 -2.19174 10.13672 0.7700664997 2.4077863693    0.710  2.925  3.6490  0.912    8  0.549  0.390    24.02    13.42  1 -1.47e-07      0.00 7.290e-01 2.706e-01 6.375e-05 5.931e-05 2.177e-04 -1.000 3.690e-04 -2.543 0.381 -0.582 -1.925 -2.648 -3.260 -4.046 -4.670 -4.761
4.4857e-05 -2.19174 10.13672 0.7700666189 2.4077863693    0.709  2.930  3.6485  0.905    8  0.549  0.390    24.39    13.60  1  -1.5e-07      0.00 7.290e-01 2.706e-01 6.375e-05 5.931e-05 2.177e-04 -1.000 3.690e-04 -2.556 0.389 -0.582 -1.933 -2.658 -3.272 -4.061 -4.686 -4.776
4.4857e-05 -2.19174 10.13672 0.7700668573 2.4077866077    0.709  3.001  3.6421  0.808    8  0.550  0.390    30.03    16.27  1 -2.14e-07      0.00 7.290e-01 2.706e-01 6.375e-05 5.931e-05 2.177e-04 -1.000 3.690e-04 -2.732 0.488 -0.601 -2.039 -2.805 -3.444 -4.261 -4.905 -4.998
4.4857e-05 -2.19174 10.13672 0.7700670958 2.4077866077    0.709  3.156  3.6279  0.596    8  0.550  0.390    47.48    24.17  1 -4.54e-07      0.00 7.290e-01 2.706e-01 6.375e-05 5.931e-05 2.177e-04 -1.000 3.691e-04 -3.121 0.769 -0.585 -2.235 -3.106 -3.810 -4.697 -5.389 -5.487
4.4857e-05 -2.19174 10.13672 0.7700673938 2.4077868462    0.709  3.297  3.6150  0.403    8  0.550  0.390    71.95    34.60  1 -8.81e-07      0.00 7.290e-01 2.706e-01 6.375e-05 5.931e-05 2.177e-04 -1.000 3.690e-04 -3.473 1.034 -0.524 -2.369 -3.352 -4.126 -5.088 -5.827 -5.931
4.4857e-05 -2.19174 10.13672 0.7700677514 2.4077868462    0.709  3.392  3.6064  0.275    8  0.551  0.390    95.05    43.99  1 -1.36e-06      0.00 7.290e-01 2.706e-01 6.375e-05 5.931e-05 2.177e-04 -1.000 3.690e-04 -3.709 1.207 -0.468 -2.438 -3.504 -4.330 -5.347 -6.118 -6.229
4.4857e-05 -2.19174 10.13672 0.7700681090 2.4077870846    0.709  3.444  3.6016  0.203    8  0.551  0.390   110.90    50.23  1 -1.73e-06      0.00 7.290e-01 2.706e-01 6.375e-05 5.931e-05 2.177e-04 -1.000 3.690e-04 -3.840 1.311 -0.425 -2.464 -3.580 -4.438 -5.488 -6.279 -6.393
4.4857e-05 -2.19174 10.13672 0.7700685263 2.4077870846    0.709  3.470  3.5992  0.167    8  0.552  0.390   120.00    53.73  0 -1.95e-06      0.00 7.290e-01 2.706e-01 6.375e-05 5.931e-05 2.177e-04 -1.000 3.690e-04 -3.906 1.365 -0.403 -2.477 -3.619 -4.492 -5.560 -6.361 -6.477
4.4857e-05 -2.19174 10.13672 0.7700690031 2.4077873230    0.709  3.487  3.5984  0.147    8  0.552  0.390   125.39    55.76  0  -2.1e-06      0.00 7.290e-01 2.706e-01 6.375e-05 5.931e-05 2.177e-04 -1.000 3.690e-04 -3.948 1.372 -0.409 -2.498 -3.650 -4.530 -5.605 -6.408 -6.525
4.4857e-05 -2.19174 10.13672 0.7700707912 2.4077880383    0.554 -9.999  4.0000  1.705    9  0.554  0.000     0.00     0.00 -1    -1e-30      0.00 7.290e-01 2.706e-01 6.375e-05 5.931e-05 2.177e-04 -1.000 3.690e-04 29.767 29.817 30.060 30.109 30.101 30.091 30.132 30.127 30.142
#isochrone terminated
