# File generated by CMD 3.3 (http://stev.oapd.inaf.it/cmd) on Mon Apr  6 22:07:36 CEST 2020
# isochrones based on PARSEC release v1.2S +  COLIBRI S_35
# Basic references: Bressan et al. (2012), MNRAS, 427, 127 + Chen et al. (2014, 2015), MNRAS, 444, 2525 + MNRAS, 452, 1068 + Tang et al. (2014), MNRAS, 445, 4287 + Marigo et al. (2017), ApJ, 835, 77 + Pastorelli al. (2019), MNRAS in press
# Thermal pulse cycles included 
# On RGB, assumed Reimers mass loss with efficiency eta=0.2
# Photometric system: <i>UBVRIJHK</i> (cf. Maiz-Apellaniz 2006 + Bessell 1990)
# Using YBC version of bolometric corrections as in Chen et al. (2019)
# O-rich circumstellar dpmod60alox40 dust from Groenewegen (2006)
# C-rich circumstellar AMCSIC15 dust from Groenewegen (2006)
# IMF: Kroupa (2001, 2002) + Kroupa et al. (2013) canonical two-part-power law IMF corrected for unresolved binaries 
# Kind of output: isochrone tables
# Zini     MH   logAge Mini        int_IMF         Mass   logL    logTe  logg  label   McoreTP C_O  period0 period1 pmode  Mloss  tau1m   X   Y   Xc  Xn  Xo  Cexcess  Z 	 mbolmag  Umag    Bmag    Vmag    Rmag    Imag    Jmag    Hmag    Kmag
0.00057673 -1.43000 9.80618 0.0900000036 1.0816895962    0.090 -3.193  3.4702  5.418    1  0.000  0.545     0.00     0.00 -1 -5.25e-17      0.00 7.489e-01 2.505e-01 1.084e-04 2.925e-05 2.653e-04 -1.000 6.030e-04 12.752 20.339 17.561 15.559 13.801 12.107 10.753 10.434 10.327
0.00057673 -1.43000 9.80618 0.0947582871 1.1257661581    0.095 -3.055  3.4899  5.381    1  0.000  0.545     0.00     0.00 -1 -7.33e-17      0.00 7.485e-01 2.509e-01 1.084e-04 2.925e-05 2.653e-04 -1.000 6.030e-04 12.408 19.066 16.688 14.727 13.218 11.743 10.477 10.076 9.949
0.00057673 -1.43000 9.80618 0.1000000015 1.1711064577    0.100 -2.911  3.5105  5.343    1  0.000  0.545     0.00     0.00 -1 -1.04e-16      0.00 7.480e-01 2.514e-01 1.084e-04 2.925e-05 2.653e-04 -1.000 6.030e-04 12.048 17.847 15.833 13.961 12.640 11.371 10.186 9.723 9.577
0.00057673 -1.43000 9.80618 0.1086188927 1.2393183708    0.109 -2.782  3.5248  5.307    1  0.000  0.545     0.00     0.00 -1  -1.4e-16      0.00 7.474e-01 2.520e-01 1.084e-04 2.925e-05 2.653e-04 -1.000 6.030e-04 11.725 16.971 15.187 13.402 12.179 11.040 9.910 9.413 9.255
0.00057673 -1.43000 9.80618 0.1199999973 1.3193154335    0.120 -2.626  3.5420  5.263    1  0.000  0.545     0.00     0.00 -1 -2.01e-16      0.00 7.466e-01 2.528e-01 1.084e-04 2.925e-05 2.653e-04 -1.000 6.030e-04 11.335 15.997 14.444 12.779 11.648 10.643 9.575 9.049 8.880
0.00057673 -1.43000 9.80618 0.1400000006 1.4384527206    0.140 -2.446  3.5575  5.212    1  0.000  0.545     0.00     0.00 -1 -2.98e-16      0.00 7.456e-01 2.538e-01 1.084e-04 2.925e-05 2.653e-04 -1.000 6.029e-04 10.886 15.075 13.703 12.151 11.089 10.188 9.175 8.630 8.451
0.00057673 -1.43000 9.80618 0.1599999964 1.5372931957    0.160 -2.309  3.5677  5.174    1  0.000  0.545     0.00     0.00 -1    -4e-16      0.00 7.447e-01 2.547e-01 1.084e-04 2.925e-05 2.653e-04 -1.000 6.030e-04 10.542 14.439 13.180 11.700 10.682 9.842 8.863 8.309 8.123
0.00057673 -1.43000 9.80618 0.2000000179 1.6938792467    0.200 -2.094  3.5813  5.111    1  0.000  0.545     0.00     0.00 -1 -6.29e-16      0.00 7.436e-01 2.558e-01 1.084e-04 2.925e-05 2.653e-04 -1.000 6.030e-04 10.006 13.551 12.423 11.038 10.077 9.302 8.368 7.804 7.612
0.00057673 -1.43000 9.80618 0.2500000298 1.8403259516    0.250 -1.890  3.5926  5.048    1  0.000  0.545     0.00     0.00 -1 -9.67e-16      0.00 7.432e-01 2.562e-01 1.084e-04 2.925e-05 2.653e-04 -1.000 6.030e-04 9.495 12.764 11.742 10.431 9.520 8.789 7.890 7.321 7.127
0.00057673 -1.43000 9.80618 0.3000000417 1.9529141188    0.300 -1.731  3.6011  5.002    1  0.000  0.545     0.00     0.00 -1 -1.34e-15      0.00 7.432e-01 2.562e-01 1.084e-04 2.925e-05 2.653e-04 -1.000 6.030e-04 9.096 12.175 11.223 9.965 9.090 8.388 7.515 6.944 6.753
0.00057673 -1.43000 9.80618 0.3500000238 2.0434176922    0.350 -1.600  3.6082  4.967    1  0.000  0.545     0.00     0.00 -1 -1.75e-15      0.00 7.445e-01 2.549e-01 1.084e-04 2.925e-05 2.653e-04 -1.000 6.030e-04 8.771 11.701 10.802 9.587 8.741 8.061 7.209 6.636 6.450
0.00057673 -1.43000 9.80618 0.3765511215 2.0849058628    0.377 -1.524  3.6141  4.946    1  0.000  0.545     0.00     0.00 -1 -2.06e-15      0.00 7.474e-01 2.520e-01 1.084e-04 2.925e-05 2.653e-04 -1.000 6.030e-04 8.579 11.393 10.535 9.353 8.531 7.867 7.032 6.459 6.279
0.00057673 -1.43000 9.80618 0.4000000358 2.1185026169    0.400 -1.460  3.6189  4.928    1  0.000  0.545     0.00     0.00 -1 -2.37e-15      0.00 7.501e-01 2.493e-01 1.084e-04 2.925e-05 2.653e-04 -1.000 6.030e-04 8.421 11.140 10.315 9.160 8.357 7.708 6.887 6.312 6.138
0.00057673 -1.43000 9.80618 0.4500000179 2.1822810173    0.450 -1.293  3.6362  4.880    1  0.000  0.545     0.00     0.00 -1 -3.47e-15      0.00 7.501e-01 2.493e-01 1.084e-04 2.925e-05 2.653e-04 -1.000 6.030e-04 8.002 10.399 9.688 8.624 7.889 7.289 6.513 5.941 5.789
0.00057673 -1.43000 9.80618 0.5000000000 2.2374541759    0.500 -1.106  3.6608  4.838    1  0.000  0.545     0.00     0.00 -1 -5.32e-15      0.00 7.501e-01 2.493e-01 1.084e-04 2.925e-05 2.653e-04 -1.000 6.030e-04 7.534 9.484 8.946 8.004 7.360 6.823 6.115 5.568 5.444
0.00057673 -1.43000 9.80618 0.5500000715 2.2836585045    0.550 -0.911  3.6860  4.785    1  0.000  0.545     0.00     0.00 -1 -8.42e-15      0.00 7.688e-01 2.307e-01 1.008e-04 2.722e-05 2.469e-04 -1.000 5.101e-04 7.047 8.536 8.215 7.381 6.825 6.345 5.712 5.216 5.113
0.00057673 -1.43000 9.80618 0.6000000238 2.3211214542    0.600 -0.726  3.7107  4.737    1  0.000  0.544     0.00     0.00 -1  -1.3e-14      0.00 7.745e-01 2.250e-01 9.866e-05 2.663e-05 2.417e-04 -1.000 5.030e-04 6.584 7.679 7.562 6.820 6.334 5.898 5.341 4.903 4.816
0.00057673 -1.43000 9.80618 0.6137447357 2.3301978111    0.613 -0.674  3.7183  4.725    1  0.000  0.544     0.00     0.00 -1 -1.47e-14      0.00 7.763e-01 2.231e-01 9.796e-05 2.644e-05 2.400e-04 -1.000 5.130e-04 6.455 7.446 7.383 6.669 6.201 5.778 5.243 4.821 4.739
0.00057673 -1.43000 9.80618 0.6357413530 2.3437886238    0.636 -0.593  3.7303  4.707    1  0.000  0.544     0.00     0.00 -1 -1.78e-14      0.00 7.795e-01 2.200e-01 9.677e-05 2.613e-05 2.371e-04 -1.000 5.602e-04 6.252 7.090 7.105 6.435 5.995 5.591 5.089 4.692 4.617
0.00057673 -1.43000 9.80618 0.6499999762 2.3520355225    0.650 -0.541  3.7380  4.695    1  0.000  0.544     0.00     0.00 -1 -2.01e-14      0.00 7.816e-01 2.179e-01 9.595e-05 2.591e-05 2.351e-04 -1.000 5.072e-04 6.122 6.875 6.932 6.290 5.865 5.473 4.990 4.608 4.538
0.00057673 -1.43000 9.80618 0.6749601960 2.3655118942    0.675 -0.450  3.7506  4.671    1  0.000  0.544     0.00     0.00 -1  -2.5e-14      0.00 7.863e-01 2.132e-01 9.421e-05 2.545e-05 2.311e-04 -1.000 5.783e-04 5.894 6.519 6.640 6.042 5.643 5.271 4.819 4.457 4.396
0.00057673 -1.43000 9.80618 0.6991231441 2.3775093555    0.699 -0.363  3.7623  4.646    1  0.000  0.543     0.00     0.00 -1 -3.09e-14      0.00 7.914e-01 2.081e-01 9.233e-05 2.495e-05 2.266e-04 -1.000 5.134e-04 5.677 6.195 6.364 5.810 5.435 5.083 4.658 4.313 4.262
0.00057673 -1.43000 9.80618 0.6999999881 2.3779268265    0.700 -0.359  3.7627  4.645    1  0.000  0.543     0.00     0.00 -1 -3.12e-14      0.00 7.916e-01 2.079e-01 9.226e-05 2.493e-05 2.264e-04 -1.000 5.103e-04 5.669 6.183 6.355 5.801 5.428 5.076 4.652 4.308 4.257
0.00057673 -1.43000 9.80618 0.7035083771 2.3795852661    0.703 -0.347  3.7643  4.641    1  0.000  0.543     0.00     0.00 -1 -3.21e-14      0.00 7.925e-01 2.070e-01 9.182e-05 2.483e-05 2.255e-04 -1.000 4.964e-04 5.637 6.139 6.316 5.769 5.398 5.049 4.628 4.287 4.237
0.00057673 -1.43000 9.80618 0.7206145525 2.3874065876    0.721 -0.285  3.7721  4.621    1  0.000  0.540     0.00     0.00 -1 -3.74e-14      0.00 7.974e-01 2.020e-01 8.960e-05 2.434e-05 2.212e-04 -1.000 5.371e-04 5.484 5.927 6.129 5.609 5.254 4.917 4.513 4.182 4.138
0.00057673 -1.43000 9.80618 0.7362277508 2.3941814899    0.736 -0.229  3.7789  4.602    1  0.000  0.537     0.00     0.00 -1 -4.31e-14      0.00 8.024e-01 1.971e-01 8.741e-05 2.384e-05 2.168e-04 -1.000 4.917e-04 5.343 5.739 5.959 5.464 5.122 4.796 4.407 4.086 4.047
0.00057673 -1.43000 9.80618 0.7500000000 2.3998889923    0.750 -0.179  3.7847  4.583    1  0.000  0.535     0.00     0.00 -1 -4.89e-14      0.00 8.072e-01 1.923e-01 8.535e-05 2.337e-05 2.126e-04 -1.000 4.830e-04 5.218 5.581 5.812 5.337 5.006 4.689 4.312 3.999 3.965
0.00057673 -1.43000 9.80618 0.7509502769 2.4002740383    0.751 -0.176  3.7851  4.582    1  0.000  0.535     0.00     0.00 -1 -4.94e-14      0.00 8.076e-01 1.919e-01 8.522e-05 2.333e-05 2.123e-04 -1.000 4.825e-04 5.210 5.571 5.802 5.328 4.998 4.682 4.305 3.993 3.959
0.00057673 -1.43000 9.80618 0.7675612569 2.4068262577    0.767 -0.115  3.7911  4.555    1  0.000  0.534     0.00     0.00 -1 -5.79e-14      0.00 8.143e-01 1.852e-01 8.288e-05 2.271e-05 2.068e-04 -1.000 4.315e-04 5.058 5.388 5.627 5.174 4.855 4.549 4.184 3.881 3.851
0.00057673 -1.43000 9.80618 0.7825205326 2.4124541283    0.782 -0.060  3.7964  4.529    1  0.000  0.534     0.00     0.00 -1 -6.71e-14      0.00 8.201e-01 1.795e-01 8.093e-05 2.219e-05 2.022e-04 -1.000 4.484e-04 4.920 5.227 5.469 5.033 4.725 4.427 4.074 3.779 3.753
0.00057673 -1.43000 9.80618 0.7969247103 2.4176442623    0.796 -0.006  3.8014  4.503    1  0.000  0.533     0.00     0.00 -1 -7.75e-14      0.00 8.252e-01 1.744e-01 7.926e-05 2.174e-05 1.982e-04 -1.000 4.376e-04 4.786 5.072 5.316 4.896 4.597 4.308 3.965 3.679 3.655
0.00057673 -1.43000 9.80618 0.8000000119 2.4187245369    0.799  0.005  3.8025  4.497    1  0.000  0.533     0.00     0.00 -1    -8e-14      0.00 8.262e-01 1.734e-01 7.893e-05 2.166e-05 1.975e-04 -1.000 4.429e-04 4.757 5.040 5.283 4.867 4.569 4.282 3.941 3.657 3.634
0.00057673 -1.43000 9.80618 0.8058115840 2.4207401276    0.805  0.027  3.8045  4.487    1  0.000  0.533     0.00     0.00 -1 -8.48e-14      0.00 8.264e-01 1.732e-01 7.903e-05 2.169e-05 1.978e-04 -1.000 4.616e-04 4.702 4.979 5.221 4.811 4.518 4.234 3.897 3.617 3.595
0.00057673 -1.43000 9.80618 0.8220424056 2.4261960983    0.821  0.089  3.8102  4.456    1  0.000  0.532     0.00     0.00 -1    -1e-13      0.00 8.267e-01 1.729e-01 7.939e-05 2.180e-05 1.989e-04 -1.000 4.365e-04 4.546 4.806 5.044 4.651 4.369 4.094 3.770 3.500 3.482
0.00057673 -1.43000 9.80618 0.8369324207 2.4309880733    0.836  0.149  3.8154  4.425    1  0.000  0.532     0.00     0.00 -1 -1.18e-13      0.00 8.267e-01 1.728e-01 7.978e-05 2.192e-05 2.001e-04 -1.000 4.686e-04 4.399 4.648 4.877 4.499 4.227 3.961 3.649 3.389 3.372
0.00057673 -1.43000 9.80618 0.8495861888 2.4349088669    0.849  0.201  3.8197  4.397    1  0.000  0.531     0.00     0.00 -1 -1.37e-13      0.00 8.267e-01 1.728e-01 8.016e-05 2.204e-05 2.012e-04 -1.000 4.556e-04 4.268 4.508 4.731 4.364 4.100 3.841 3.539 3.289 3.273
0.00057673 -1.43000 9.80618 0.8500000238 2.4350347519    0.849  0.203  3.8199  4.396    1  0.000  0.531     0.00     0.00 -1 -1.37e-13      0.00 8.267e-01 1.728e-01 8.018e-05 2.204e-05 2.012e-04 -1.000 4.548e-04 4.264 4.503 4.726 4.360 4.096 3.837 3.536 3.286 3.270
0.00057673 -1.43000 9.80618 0.8543085456 2.4363379478    0.853  0.220  3.8214  4.386    1  0.000  0.531     0.00     0.00 -1 -1.44e-13      0.00 8.268e-01 1.728e-01 8.019e-05 2.205e-05 2.013e-04 -1.000 4.507e-04 4.219 4.456 4.675 4.313 4.052 3.796 3.499 3.252 3.237
0.00057673 -1.43000 9.80618 0.8662962914 2.4398851395    0.865  0.273  3.8259  4.358    1  0.000  0.531     0.00     0.00 -1 -1.67e-13      0.00 8.268e-01 1.728e-01 8.027e-05 2.207e-05 2.016e-04 -1.000 4.577e-04 4.088 4.317 4.528 4.178 3.925 3.677 3.389 3.152 3.138
0.00057673 -1.43000 9.80618 0.8768203855 2.4429075718    0.876  0.321  3.8298  4.331    1  0.000  0.531     0.00     0.00 -1 -1.91e-13      0.00 8.266e-01 1.729e-01 8.041e-05 2.210e-05 2.019e-04 -1.000 4.724e-04 3.968 4.191 4.393 4.053 3.808 3.566 3.288 3.060 3.046
0.00057673 -1.43000 9.80618 0.8868535757 2.4457123280    0.886  0.369  3.8335  4.302    1  0.000  0.531     0.00     0.00 -1 -2.19e-13      0.00 8.263e-01 1.732e-01 8.057e-05 2.215e-05 2.023e-04 -1.000 4.798e-04 3.848 4.067 4.259 3.929 3.690 3.456 3.186 2.966 2.953
0.00057673 -1.43000 9.80618 0.8967257738 2.4484016895    0.895  0.418  3.8369  4.272    1  0.000  0.531     0.00     0.00 -1 -2.52e-13      0.00 8.260e-01 1.735e-01 8.075e-05 2.220e-05 2.028e-04 -1.000 4.170e-04 3.726 3.942 4.123 3.802 3.571 3.343 3.081 2.869 2.856
0.00057673 -1.43000 9.80618 0.8999999762 2.4492788315    0.899  0.434  3.8379  4.261    1  0.000  0.531     0.00     0.00 -1 -2.65e-13      0.00 8.259e-01 1.737e-01 8.081e-05 2.222e-05 2.029e-04 -1.000 4.220e-04 3.684 3.900 4.077 3.759 3.530 3.303 3.045 2.834 2.822
0.00057673 -1.43000 9.80618 0.9058460593 2.4508264065    0.904  0.464  3.8400  4.243    1  0.000  0.531     0.00     0.00 -1 -2.89e-13      0.00 8.258e-01 1.738e-01 8.083e-05 2.223e-05 2.030e-04 -1.000 4.384e-04 3.610 3.825 3.995 3.683 3.457 3.235 2.981 2.776 2.764
0.00057673 -1.43000 9.80618 0.9173918366 2.4538166523    0.916  0.526  3.8437  4.201    1  0.000  0.531     0.00     0.00 -1 -3.47e-13      0.00 8.248e-01 1.747e-01 8.115e-05 2.232e-05 2.038e-04 -1.000 4.823e-04 3.455 3.668 3.825 3.522 3.305 3.090 2.844 2.648 2.636
0.00057673 -1.43000 9.80618 0.9262881279 2.4560623169    0.925  0.578  3.8460  4.161    1  0.000  0.531     0.00     0.00 -1 -4.09e-13      0.00 8.230e-01 1.765e-01 8.179e-05 2.249e-05 2.053e-04 -1.000 4.824e-04 3.324 3.537 3.683 3.387 3.174 2.964 2.724 2.533 2.521
0.00057673 -1.43000 9.80618 0.9274384975 2.4563491344    0.926  0.585  3.8462  4.156    1  0.000  0.531     0.00     0.00 -1 -4.18e-13      0.00 8.227e-01 1.768e-01 8.188e-05 2.251e-05 2.055e-04 -1.000 4.824e-04 3.307 3.519 3.664 3.369 3.157 2.947 2.708 2.517 2.505
0.00057673 -1.43000 9.80618 0.9313439727 2.4573166370    0.930  0.612  3.8463  4.132    1  0.000  0.531     0.00     0.00 -1 -4.56e-13      0.00 8.218e-01 1.777e-01 8.219e-05 2.259e-05 2.062e-04 -1.000 4.824e-04 3.241 3.455 3.595 3.301 3.090 2.881 2.642 2.452 2.440
0.00057673 -1.43000 9.80618 0.9382503629 2.4590048790    0.937  0.662  3.8452  4.081    1  0.000  0.532     0.00     0.00 -1 -5.38e-13      0.00 8.203e-01 1.792e-01 8.273e-05 2.274e-05 2.075e-04 -1.000 4.824e-04 3.116 3.335 3.470 3.175 2.963 2.753 2.512 2.321 2.308
0.00057673 -1.43000 9.80618 0.9440144300 2.4603922367    0.942  0.707  3.8425  4.027    1  0.000  0.532     0.00     0.00 -1 -6.34e-13      0.00 8.190e-01 1.805e-01 8.317e-05 2.285e-05 2.086e-04 -1.000 4.824e-04 3.003 3.227 3.361 3.061 2.845 2.631 2.384 2.188 2.175
0.00057673 -1.43000 9.80618 0.9452376366 2.4606840611    0.943  0.717  3.8418  4.015    1  0.000  0.532     0.00     0.00 -1 -6.59e-13      0.00 8.187e-01 1.808e-01 8.327e-05 2.288e-05 2.088e-04 -1.000 4.824e-04 2.978 3.204 3.337 3.036 2.819 2.604 2.355 2.158 2.145
0.00057673 -1.43000 9.80618 0.9463536143 2.4609496593    0.945  0.727  3.8402  3.999    2  0.000  0.532     0.00     0.00 -1 -6.88e-13      0.00 8.185e-01 1.810e-01 8.335e-05 2.290e-05 2.090e-04 -1.000 4.824e-04 2.952 3.180 3.315 3.011 2.791 2.573 2.321 2.121 2.107
0.00057673 -1.43000 9.80618 0.9499999285 2.4618122578    0.948  0.763  3.8336  3.938    2  0.000  0.532     0.00     0.00 -1 -7.97e-13      0.00 8.177e-01 1.818e-01 8.364e-05 2.298e-05 2.097e-04 -1.000 4.824e-04 2.862 3.103 3.243 2.925 2.694 2.465 2.198 1.985 1.970
0.00057673 -1.43000 9.80618 0.9509851336 2.4620440006    0.949  0.773  3.8317  3.921    2  0.000  0.532     0.00     0.00 -1  -8.3e-13      0.00 8.175e-01 1.820e-01 8.370e-05 2.299e-05 2.098e-04 -1.000 4.824e-04 2.838 3.082 3.223 2.901 2.667 2.435 2.163 1.947 1.931
0.00057673 -1.43000 9.80618 0.9536691904 2.4626727104    0.952  0.803  3.8234  3.859    2  0.000  0.532     0.00     0.00 -1 -9.54e-13      0.00 8.170e-01 1.825e-01 8.387e-05 2.304e-05 2.102e-04 -1.000 4.825e-04 2.763 3.026 3.173 2.832 2.583 2.338 2.046 1.813 1.796
0.00057673 -1.43000 9.80618 0.9552527666 2.4630417824    0.953  0.822  3.8165  3.813    2  0.000  0.532     0.00     0.00 -1 -1.05e-12      0.00 8.167e-01 1.828e-01 8.397e-05 2.307e-05 2.105e-04 -1.000 4.824e-04 2.714 2.994 3.146 2.789 2.528 2.271 1.964 1.716 1.697
0.00057673 -1.43000 9.80618 0.9565488696 2.4633426666    0.955  0.840  3.8089  3.766    2  0.000  0.532     0.00     0.00 -1 -1.16e-12      0.00 8.165e-01 1.830e-01 8.405e-05 2.309e-05 2.107e-04 -1.000 4.824e-04 2.671 2.972 3.129 2.752 2.477 2.208 1.882 1.619 1.598
0.00057673 -1.43000 9.80618 0.9576218724 2.4635910988    0.956  0.854  3.8010  3.720    2  0.000  0.532     0.00     0.00 -1 -1.26e-12      0.00 8.163e-01 1.832e-01 8.411e-05 2.311e-05 2.108e-04 -1.000 4.823e-04 2.634 2.959 3.122 2.723 2.433 2.151 1.807 1.528 1.504
0.00057673 -1.43000 9.80618 0.9585285783 2.4638006687    0.957  0.867  3.7932  3.677    2  0.000  0.532     0.00     0.00 -1 -1.36e-12      0.00 8.160e-01 1.835e-01 8.430e-05 2.315e-05 2.113e-04 -1.000 4.824e-04 2.604 2.957 3.122 2.700 2.396 2.101 1.739 1.445 1.417
0.00057673 -1.43000 9.80618 0.9595567584 2.4640376568    0.958  0.879  3.7830  3.624    2  0.000  0.532     0.00     0.00 -1 -1.49e-12      0.00 8.126e-01 1.869e-01 8.604e-05 2.362e-05 2.154e-04 -1.000 4.926e-04 2.573 2.968 3.134 2.681 2.357 2.045 1.659 1.345 1.312
0.00057673 -1.43000 9.80618 0.9604737163 2.4642484188    0.959  0.887  3.7731  3.577    2  0.000  0.533     0.00     0.00 -1  -1.6e-12      0.00 8.020e-01 1.975e-01 8.989e-05 2.465e-05 2.246e-04 -1.000 5.021e-04 2.552 2.998 3.157 2.672 2.330 2.001 1.592 1.258 1.219
0.00057673 -1.43000 9.80618 0.9613451362 2.4644482136    0.959  0.893  3.7642  3.535    2  0.000  0.535     0.00     0.00 -1 -1.71e-12      0.00 7.836e-01 2.159e-01 9.584e-05 2.624e-05 2.388e-04 -1.000 5.187e-04 2.537 3.034 3.184 2.668 2.309 1.965 1.535 1.184 1.140
0.00057673 -1.43000 9.80618 0.9623908401 2.4646875858    0.960  0.909  3.7545  3.481    2  0.000  0.536     0.00     0.00 -1 -1.88e-12      0.00 7.695e-01 2.299e-01 1.003e-04 2.743e-05 2.494e-04 -1.000 5.530e-04 2.497 3.058 3.191 2.641 2.264 1.905 1.451 1.083 1.032
0.00057673 -1.43000 9.80618 0.9633934498 2.4649167061    0.961  0.941  3.7472  3.421    2  0.000  0.537     0.00     0.00 -1 -2.16e-12      0.00 7.633e-01 2.361e-01 1.023e-04 2.796e-05 2.541e-04 -1.000 5.981e-04 2.417 3.032 3.148 2.573 2.182 1.811 1.340 0.958 0.902
0.00057673 -1.43000 9.80618 0.9639541507 2.4650444984    0.962  0.965  3.7439  3.383    2  0.000  0.537     0.00     0.00 -1 -2.39e-12      0.00 7.611e-01 2.383e-01 1.030e-04 2.814e-05 2.557e-04 -1.000 5.971e-04 2.356 2.998 3.105 2.518 2.121 1.744 1.264 0.876 0.818
0.00057673 -1.43000 9.80618 0.9643266201 2.4651291370    0.962  0.986  3.7423  3.356    3  0.000  0.537     0.00     0.00 -1 -2.59e-12      0.00 7.599e-01 2.395e-01 1.032e-04 2.822e-05 2.564e-04 -1.000 6.007e-04 2.304 2.958 3.061 2.469 2.068 1.689 1.205 0.813 0.754
0.00057673 -1.43000 9.80618 0.9650715590 2.4652986526    0.963  1.031  3.7393  3.299    3  0.000  0.537     0.00     0.00 -1 -3.05e-12      0.00 7.577e-01 2.417e-01 1.037e-04 2.835e-05 2.576e-04 -1.000 5.950e-04 2.192 2.870 2.964 2.362 1.956 1.572 1.080 0.682 0.621
0.00057673 -1.43000 9.80618 0.9656918049 2.4654393196    0.964  1.073  3.7371  3.250    3  0.000  0.537     0.00     0.00 -1 -3.56e-12      0.00 7.560e-01 2.434e-01 1.040e-04 2.844e-05 2.584e-04 -1.000 5.962e-04 2.088 2.786 2.872 2.263 1.854 1.466 0.967 0.564 0.502
0.00057673 -1.43000 9.80618 0.9663537741 2.4655895233    0.964  1.120  3.7351  3.194    3  0.000  0.536     0.00     0.00 -1 -4.23e-12      0.00 7.540e-01 2.454e-01 1.042e-04 2.855e-05 2.590e-04 -1.000 5.948e-04 1.969 2.686 2.764 2.148 1.735 1.344 0.839 0.430 0.367
0.00057673 -1.43000 9.80618 0.9669083953 2.4657149315    0.965  1.163  3.7334  3.145    3  0.000  0.534     0.00     0.00 -1 -4.94e-12      0.00 7.521e-01 2.473e-01 1.039e-04 2.877e-05 2.595e-04 -1.000 5.968e-04 1.862 2.594 2.666 2.044 1.628 1.234 0.724 0.311 0.248
0.00057673 -1.43000 9.80618 0.9674853683 2.4658453465    0.965  1.211  3.7317  3.090    3  0.000  0.528     0.00     0.00 -1 -5.87e-12      0.00 7.500e-01 2.494e-01 1.029e-04 2.955e-05 2.600e-04 -1.000 6.030e-04 1.742 2.490 2.555 1.928 1.510 1.113 0.597 0.180 0.116
0.00057673 -1.43000 9.80618 0.9680125713 2.4659643173    0.966  1.258  3.7300  3.037    3  0.000  0.518     0.00     0.00 -1 -6.95e-12      0.00 7.480e-01 2.514e-01 1.009e-04 3.145e-05 2.603e-04 -1.000 5.739e-04 1.625 2.387 2.447 1.815 1.393 0.994 0.473 0.051 -0.014
0.00057673 -1.43000 9.80618 0.9684970379 2.4660735130    0.966  1.304  3.7284  2.984    3  0.000  0.505     0.00     0.00 -1 -8.21e-12      0.00 7.461e-01 2.533e-01 9.849e-05 3.423e-05 2.606e-04 -1.000 5.806e-04 1.509 2.287 2.340 1.703 1.278 0.877 0.351 -0.076 -0.141
0.00057673 -1.43000 9.80618 0.9689346552 2.4661722183    0.966  1.349  3.7269  2.934    3  0.000  0.493     0.00     0.00 -1 -9.66e-12      0.00 7.444e-01 2.550e-01 9.618e-05 3.705e-05 2.608e-04 -1.000 6.030e-04 1.397 2.190 2.236 1.594 1.166 0.762 0.232 -0.199 -0.264
0.00057673 -1.43000 9.80618 0.9693413973 2.4662637711    0.967  1.394  3.7254  2.883    3  0.000  0.482     0.00     0.00 -1 -1.14e-11      0.00 7.430e-01 2.564e-01 9.426e-05 3.946e-05 2.610e-04 -1.000 6.030e-04 1.284 2.094 2.133 1.485 1.055 0.648 0.113 -0.321 -0.388
0.00057673 -1.43000 9.80618 0.9697426558 2.4663538933    0.967  1.442  3.7236  2.828    3  0.000  0.474     0.00     0.00 -1 -1.35e-11      0.00 7.416e-01 2.578e-01 9.260e-05 4.155e-05 2.611e-04 -1.000 5.984e-04 1.165 1.993 2.023 1.369 0.936 0.526 -0.014 -0.453 -0.520
0.00057673 -1.43000 9.80618 0.9700996280 2.4664340019    0.967  1.489  3.7220  2.775    3  0.000  0.468     0.00     0.00 -1  -1.6e-11      0.00 7.406e-01 2.588e-01 9.147e-05 4.300e-05 2.612e-04 -1.000 5.963e-04 1.049 1.893 1.917 1.257 0.821 0.408 -0.137 -0.580 -0.648
0.00057673 -1.43000 9.80618 0.9704139829 2.4665045738    0.967  1.533  3.7203  2.724    3  0.000  0.463     0.00     0.00 -1 -1.87e-11      0.00 7.399e-01 2.596e-01 9.067e-05 4.404e-05 2.613e-04 -1.000 5.802e-04 0.938 1.800 1.816 1.150 0.711 0.296 -0.255 -0.702 -0.770
0.00057673 -1.43000 9.80618 0.9707092047 2.4665708542    0.968  1.578  3.7185  2.672    3  0.000  0.460     0.00     0.00 -1 -2.21e-11      0.00 7.392e-01 2.602e-01 9.003e-05 4.486e-05 2.613e-04 -1.000 5.763e-04 0.826 1.707 1.715 1.043 0.600 0.182 -0.374 -0.826 -0.895
0.00057673 -1.43000 9.80618 0.9709904790 2.4666337967    0.968  1.624  3.7168  2.619    3  0.000  0.457     0.00     0.00 -1 -2.61e-11      0.00 7.387e-01 2.607e-01 8.960e-05 4.541e-05 2.614e-04 -1.000 6.030e-04 0.711 1.611 1.611 0.932 0.487 0.065 -0.496 -0.953 -1.023
0.00057673 -1.43000 9.80618 0.9712428451 2.4666903019    0.968  1.669  3.7150  2.567    3  0.000  0.456     0.00     0.00 -1 -3.07e-11      0.00 7.384e-01 2.610e-01 8.934e-05 4.575e-05 2.614e-04 -1.000 5.688e-04 0.599 1.519 1.511 0.825 0.376 -0.048 -0.616 -1.078 -1.148
0.00057673 -1.43000 9.80618 0.9714771509 2.4667427540    0.968  1.713  3.7131  2.515    3  0.000  0.455     0.00     0.00 -1 -3.62e-11      0.00 7.383e-01 2.611e-01 8.920e-05 4.592e-05 2.614e-04 -1.000 6.031e-04 0.486 1.427 1.411 0.718 0.266 -0.162 -0.735 -1.203 -1.274
0.00057673 -1.43000 9.80618 0.9716971517 2.4667918682    0.968  1.759  3.7112  2.461    3  0.000  0.455     0.00     0.00 -1 -4.27e-11      0.00 7.382e-01 2.612e-01 8.912e-05 4.602e-05 2.614e-04 -1.000 6.030e-04 0.372 1.336 1.310 0.608 0.152 -0.279 -0.858 -1.329 -1.401
0.00057673 -1.43000 9.80618 0.9718922377 2.4668354988    0.968  1.803  3.7092  2.410    3  0.000  0.455     0.00     0.00 -1 -5.01e-11      0.00 7.382e-01 2.612e-01 8.909e-05 4.606e-05 2.614e-04 -1.000 6.029e-04 0.263 1.253 1.214 0.504 0.044 -0.391 -0.975 -1.452 -1.524
0.00057673 -1.43000 9.80618 0.9720776677 2.4668769836    0.968  1.848  3.7073  2.357    3  0.000  0.455     0.00     0.00 -1 -5.91e-11      0.00 7.382e-01 2.612e-01 8.908e-05 4.607e-05 2.614e-04 -1.000 6.030e-04 0.150 1.169 1.116 0.397 -0.067 -0.505 -1.096 -1.577 -1.650
0.00057673 -1.43000 9.80618 0.9722499847 2.4669153690    0.968  1.893  3.7052  2.304    3  0.000  0.455     0.00     0.00 -1 -6.97e-11      0.00 7.382e-01 2.612e-01 8.907e-05 4.609e-05 2.614e-04 -1.000 6.030e-04 0.038 1.085 1.019 0.290 -0.179 -0.620 -1.216 -1.703 -1.777
0.00057673 -1.43000 9.80618 0.9724023938 2.4669494629    0.968  1.936  3.7032  2.253    3  0.000  0.455     0.00     0.00 -1 -8.16e-11      0.00 7.382e-01 2.612e-01 8.906e-05 4.610e-05 2.614e-04 -1.000 6.030e-04 -0.070 1.006 0.927 0.189 -0.285 -0.730 -1.332 -1.823 -1.898
0.00057673 -1.43000 9.80618 0.9725495577 2.4669823647    0.967  1.981  3.7012  2.200    3  0.000  0.455     0.00     0.00 -1 -9.62e-11      0.00 7.382e-01 2.612e-01 8.905e-05 4.612e-05 2.615e-04 -1.000 6.029e-04 -0.182 0.923 0.831 0.083 -0.395 -0.844 -1.452 -1.949 -2.024
0.00057673 -1.43000 9.80618 0.9726819396 2.4670119286    0.967  2.024  3.6990  2.148    3  0.000  0.454     0.00     0.00 -1 -1.13e-10      0.00 7.382e-01 2.612e-01 8.904e-05 4.613e-05 2.615e-04 -1.000 6.030e-04 -0.289 0.847 0.740 -0.018 -0.501 -0.953 -1.568 -2.070 -2.147
0.00057673 -1.43000 9.80618 0.9728091955 2.4670403004    0.967  2.068  3.6968  2.095    3  0.000  0.454     0.00     0.00 -1 -1.33e-10      0.00 7.381e-01 2.613e-01 8.903e-05 4.614e-05 2.615e-04 -1.000 6.030e-04 -0.399 0.770 0.648 -0.120 -0.608 -1.065 -1.687 -2.195 -2.272
0.00057673 -1.43000 9.80618 0.9729266167 2.4670665264    0.967  2.110  3.6947  2.044    3  0.000  0.454     0.00     0.00 -1 -1.55e-10      0.00 7.381e-01 2.613e-01 8.902e-05 4.615e-05 2.615e-04 -1.000 6.030e-04 -0.505 0.697 0.561 -0.218 -0.711 -1.172 -1.800 -2.314 -2.392
0.00057673 -1.43000 9.80618 0.9730530381 2.4670946598    0.966  2.151  3.6926  1.995    3  0.000  0.454     0.00     0.00 -1  -1.8e-10      0.00 7.381e-01 2.613e-01 8.901e-05 4.616e-05 2.615e-04 -1.000 6.030e-04 -0.606 0.627 0.477 -0.313 -0.810 -1.275 -1.910 -2.429 -2.508
0.00057673 -1.43000 9.80618 0.9731357098 2.4671130180    0.966  2.167  3.6919  1.975    3  0.000  0.454     0.00     0.00 -1 -1.93e-10      0.00 7.381e-01 2.613e-01 8.901e-05 4.617e-05 2.615e-04 -1.000 6.030e-04 -0.649 0.599 0.442 -0.352 -0.852 -1.318 -1.955 -2.477 -2.556
0.00057673 -1.43000 9.80618 0.9732124209 2.4671301842    0.966  2.142  3.6935  2.007    3  0.000  0.454     0.00     0.00 -1 -1.77e-10      0.00 7.381e-01 2.613e-01 8.900e-05 4.617e-05 2.615e-04 -1.000 6.029e-04 -0.584 0.636 0.492 -0.294 -0.789 -1.252 -1.885 -2.402 -2.480
0.00057673 -1.43000 9.80618 0.9732578397 2.4671401978    0.966  2.124  3.6946  2.030    3  0.000  0.454     0.00     0.00 -1 -1.65e-10      0.00 7.381e-01 2.613e-01 8.900e-05 4.618e-05 2.615e-04 -1.000 6.029e-04 -0.539 0.664 0.527 -0.253 -0.746 -1.206 -1.835 -2.349 -2.427
0.00057673 -1.43000 9.80618 0.9732992053 2.4671494961    0.966  2.144  3.6936  2.006    3  0.000  0.454     0.00     0.00 -1 -1.77e-10      0.00 7.381e-01 2.613e-01 8.900e-05 4.618e-05 2.615e-04 -1.000 6.030e-04 -0.589 0.631 0.486 -0.299 -0.794 -1.257 -1.889 -2.406 -2.484
0.00057673 -1.43000 9.80618 0.9733862281 2.4671688080    0.965  2.186  3.6914  1.954    3  0.000  0.454     0.00     0.00 -1 -2.05e-10      0.00 7.381e-01 2.613e-01 8.899e-05 4.619e-05 2.615e-04 -1.000 6.030e-04 -0.694 0.564 0.401 -0.396 -0.897 -1.364 -2.003 -2.526 -2.605
0.00057673 -1.43000 9.80618 0.9734671116 2.4671869278    0.965  2.226  3.6892  1.905    3  0.000  0.454     0.00     0.00 -1 -2.38e-10      0.00 7.381e-01 2.613e-01 8.899e-05 4.620e-05 2.615e-04 -1.000 6.030e-04 -0.795 0.502 0.320 -0.489 -0.995 -1.466 -2.113 -2.643 -2.722
0.00057673 -1.43000 9.80618 0.9735423326 2.4672036171    0.965  2.266  3.6870  1.856    3  0.000  0.454     0.00     0.00 -1 -2.76e-10      0.00 7.381e-01 2.613e-01 8.898e-05 4.620e-05 2.615e-04 -1.000 6.030e-04 -0.895 0.445 0.242 -0.579 -1.091 -1.566 -2.221 -2.758 -2.838
0.00057673 -1.43000 9.80618 0.9736133218 2.4672193527    0.964  2.306  3.6847  1.808    3  0.000  0.454     0.00     0.00 -1  -3.2e-10      0.00 7.381e-01 2.613e-01 8.898e-05 4.621e-05 2.615e-04 -1.000 6.030e-04 -0.994 0.408 0.170 -0.672 -1.190 -1.669 -2.332 -2.875 -2.954
0.00057673 -1.43000 9.80618 0.9736788869 2.4672341347    0.964  2.345  3.6825  1.759    3  0.000  0.454     0.00     0.00 -1  -3.7e-10      0.00 7.381e-01 2.613e-01 8.897e-05 4.621e-05 2.615e-04 -1.000 6.030e-04 -1.092 0.375 0.102 -0.764 -1.289 -1.771 -2.440 -2.990 -3.068
0.00057673 -1.43000 9.80618 0.9737402797 2.4672477245    0.963  2.384  3.6803  1.711    3  0.000  0.454     0.00     0.00 -1 -4.28e-10      0.00 7.381e-01 2.613e-01 8.897e-05 4.622e-05 2.615e-04 -1.000 6.030e-04 -1.190 0.343 0.034 -0.854 -1.386 -1.872 -2.549 -3.105 -3.182
0.00057673 -1.43000 9.80618 0.9737967253 2.4672603607    0.963  2.422  3.6780  1.663    3  0.000  0.454     0.00     0.00 -1 -4.95e-10      0.00 7.381e-01 2.613e-01 8.897e-05 4.622e-05 2.615e-04 -1.000 6.030e-04 -1.286 0.316 -0.030 -0.941 -1.481 -1.970 -2.655 -3.217 -3.294
0.00057673 -1.43000 9.80618 0.9738494754 2.4672720432    0.962  2.461  3.6757  1.615    3  0.000  0.454     0.00     0.00 -1 -5.71e-10      0.00 7.381e-01 2.613e-01 8.896e-05 4.623e-05 2.615e-04 -1.000 6.030e-04 -1.382 0.292 -0.093 -1.027 -1.575 -2.069 -2.761 -3.329 -3.406
0.00057673 -1.43000 9.80618 0.9738981128 2.4672827721    0.962  2.498  3.6734  1.568    3  0.000  0.454     0.00     0.00 -1 -6.58e-10      0.00 7.381e-01 2.613e-01 8.896e-05 4.623e-05 2.615e-04 -1.000 6.030e-04 -1.476 0.272 -0.152 -1.111 -1.667 -2.165 -2.865 -3.440 -3.516
0.00057673 -1.43000 9.80618 0.9739436507 2.4672930241    0.961  2.536  3.6711  1.521    3  0.000  0.454     0.00     0.00 -1 -7.57e-10      0.00 7.381e-01 2.613e-01 8.896e-05 4.624e-05 2.615e-04 -1.000 6.029e-04 -1.570 0.256 -0.209 -1.195 -1.758 -2.262 -2.970 -3.551 -3.626
0.00057673 -1.43000 9.80618 0.9739959240 2.4673044682    0.960  2.582  3.6682  1.463    3  0.000  0.454     0.00     0.00 -1 -9.01e-10      0.00 7.381e-01 2.613e-01 8.895e-05 4.624e-05 2.615e-04 -1.000 6.029e-04 -1.686 0.200 -0.290 -1.291 -1.864 -2.375 -3.094 -3.685 -3.762
0.00057673 -1.43000 9.80618 0.9740424752 2.4673149586    0.959  2.627  3.6654  1.407    3  0.000  0.454     0.00     0.00 -1 -1.06e-09      0.00 7.381e-01 2.613e-01 8.895e-05 4.624e-05 2.615e-04 -1.000 6.030e-04 -1.796 0.197 -0.350 -1.386 -1.970 -2.488 -3.217 -3.815 -3.892
0.00057673 -1.43000 9.80618 0.9740785956 2.4673230648    0.958  2.664  3.6629  1.359    3  0.000  0.454     0.00     0.00 -1 -1.23e-09      0.00 7.381e-01 2.613e-01 8.895e-05 4.625e-05 2.615e-04 -1.000 6.030e-04 -1.889 0.201 -0.397 -1.464 -2.059 -2.582 -3.320 -3.925 -4.002
0.00057673 -1.43000 9.80618 0.9741190076 2.4673318863    0.957  2.708  3.6600  1.303    3  0.000  0.454     0.00     0.00 -1 -1.45e-09      0.00 7.381e-01 2.613e-01 8.895e-05 4.625e-05 2.615e-04 -1.000 6.030e-04 -1.999 0.213 -0.449 -1.555 -2.164 -2.694 -3.443 -4.055 -4.132
0.00057673 -1.43000 9.80618 0.9741557240 2.4673402309    0.956  2.751  3.6570  1.247    3  0.000  0.454     0.00     0.00 -1 -1.71e-09      0.00 7.381e-01 2.613e-01 8.894e-05 4.625e-05 2.615e-04 -1.000 6.030e-04 -2.108 0.227 -0.499 -1.642 -2.264 -2.801 -3.563 -4.183 -4.261
0.00057673 -1.43000 9.80618 0.9741845727 2.4673464298    0.955  2.787  3.6546  1.201    3  0.000  0.454     0.00     0.00 -1 -1.96e-09      0.00 7.381e-01 2.613e-01 8.894e-05 4.626e-05 2.615e-04 -1.000 6.030e-04 -2.199 0.221 -0.546 -1.714 -2.345 -2.890 -3.662 -4.290 -4.369
0.00057673 -1.43000 9.80618 0.9742156267 2.4673533440    0.953  2.829  3.6517  1.147    3  0.000  0.454     0.00     0.00 -1 -2.29e-09      0.00 7.381e-01 2.613e-01 8.894e-05 4.626e-05 2.615e-04 -1.000 6.030e-04 -2.302 0.217 -0.599 -1.795 -2.438 -2.991 -3.775 -4.412 -4.492
0.00057673 -1.43000 9.80618 0.9742451310 2.4673600197    0.951  2.871  3.6488  1.093    3  0.000  0.454     0.00     0.00 -1 -2.69e-09      0.00 7.381e-01 2.613e-01 8.894e-05 4.626e-05 2.615e-04 -1.000 6.030e-04 -2.407 0.214 -0.653 -1.877 -2.532 -3.093 -3.889 -4.537 -4.618
0.00057673 -1.43000 9.80618 0.9742727280 2.4673662186    0.950  2.913  3.6457  1.037    3  0.000  0.454     0.00     0.00 -1 -3.17e-09      0.00 7.381e-01 2.613e-01 8.894e-05 4.626e-05 2.615e-04 -1.000 6.029e-04 -2.513 0.219 -0.702 -1.956 -2.625 -3.195 -4.004 -4.662 -4.745
0.00057673 -1.43000 9.80618 0.9742972851 2.4673717022    0.948  2.954  3.6428  0.984    3  0.000  0.454     0.00     0.00 -1 -3.69e-09      0.00 7.381e-01 2.613e-01 8.893e-05 4.627e-05 2.615e-04 -1.000 6.030e-04 -2.614 0.227 -0.748 -2.031 -2.713 -3.292 -4.114 -4.781 -4.866
0.00057673 -1.43000 9.80618 0.9743204713 2.4673767090    0.946  2.994  3.6399  0.931    3  0.000  0.454     0.00     0.00 -1 -4.32e-09      0.00 7.381e-01 2.613e-01 8.893e-05 4.627e-05 2.615e-04 -1.000 6.030e-04 -2.715 0.246 -0.787 -2.104 -2.801 -3.389 -4.225 -4.901 -4.988
0.00057673 -1.43000 9.80618 0.9743420482 2.4673814774    0.943  3.034  3.6369  0.878    3  0.000  0.454     0.00     0.00 -1 -5.04e-09      0.00 7.381e-01 2.613e-01 8.893e-05 4.627e-05 2.615e-04 -1.000 6.030e-04 -2.816 0.274 -0.821 -2.172 -2.885 -3.484 -4.334 -5.020 -5.109
0.00057673 -1.43000 9.80618 0.9743621349 2.4673860073    0.941  3.074  3.6339  0.825    3  0.000  0.454     0.00     0.00 -1 -5.87e-09      0.00 7.381e-01 2.613e-01 8.893e-05 4.627e-05 2.615e-04 -1.000 6.030e-04 -2.914 0.301 -0.855 -2.239 -2.968 -3.576 -4.441 -5.138 -5.229
0.00057673 -1.43000 9.80618 0.9743803144 2.4673900604    0.938  3.112  3.6311  0.775    3  0.000  0.454     0.00     0.00 -1 -6.79e-09      0.00 7.381e-01 2.613e-01 8.893e-05 4.627e-05 2.615e-04 -1.000 6.029e-04 -3.009 0.328 -0.887 -2.304 -3.047 -3.666 -4.544 -5.250 -5.343
0.00057673 -1.43000 9.80618 0.9743978381 2.4673938751    0.936  3.150  3.6282  0.724    3  0.000  0.454     0.00     0.00 -1 -7.89e-09      0.00 7.381e-01 2.613e-01 8.893e-05 4.628e-05 2.615e-04 -1.000 6.030e-04 -3.106 0.358 -0.918 -2.367 -3.127 -3.756 -4.648 -5.364 -5.460
0.00057673 -1.43000 9.80618 0.9744143486 2.4673976898    0.932  3.189  3.6252  0.671    3  0.000  0.454     0.00     0.00 -1 -9.18e-09      0.00 7.381e-01 2.613e-01 8.893e-05 4.628e-05 2.615e-04 -1.000 6.029e-04 -3.202 0.390 -0.947 -2.430 -3.206 -3.845 -4.753 -5.479 -5.577
0.00057673 -1.43000 9.80618 0.9744295478 2.4674010277    0.929  3.226  3.6224  0.621    3  0.000  0.454     0.00     0.00 -1 -1.06e-08      0.00 7.381e-01 2.613e-01 8.893e-05 4.628e-05 2.615e-04 -1.000 6.029e-04 -3.295 0.423 -0.974 -2.490 -3.281 -3.932 -4.853 -5.590 -5.690
0.00057673 -1.43000 9.80618 0.9744440317 2.4674041271    0.925  3.263  3.6196  0.572    3  0.000  0.454     0.00     0.00 -1 -1.22e-08      0.00 7.381e-01 2.613e-01 8.893e-05 4.628e-05 2.615e-04 -1.000 6.030e-04 -3.386 0.458 -0.999 -2.547 -3.354 -4.015 -4.951 -5.697 -5.800
0.00057673 -1.43000 9.80618 0.9744570255 2.4674069881    0.922  3.294  3.6171  0.529    3  0.000  0.454     0.00     0.00 -1 -1.39e-08      0.00 7.381e-01 2.613e-01 8.892e-05 4.628e-05 2.615e-04 -1.000 6.029e-04 -3.465 0.492 -1.018 -2.594 -3.416 -4.087 -5.036 -5.791 -5.896
0.00057673 -1.43000 9.80618 0.9744570255 2.4674069881    0.921  1.819  3.7397  2.494    4  0.000  0.476     0.00     0.00 -1    -1e-30      0.00 7.349e-01 2.645e-01 9.509e-05 4.136e-05 2.654e-04 -1.000 6.030e-04 0.221 0.908 0.969 0.386 -0.011 -0.392 -0.891 -1.296 -1.352
0.00057673 -1.43000 9.80618 0.9745658636 2.4674313068    0.921  1.835  3.7383  2.473    4  0.000  0.476     0.00     0.00 -1    -1e-30      0.00 7.349e-01 2.645e-01 9.508e-05 4.137e-05 2.654e-04 -1.000 6.030e-04 0.184 0.884 0.939 0.351 -0.049 -0.432 -0.935 -1.343 -1.400
0.00057673 -1.43000 9.80618 0.9746745229 2.4674553871    0.921  1.838  3.7380  2.468    4  0.000  0.476     0.00     0.00 -1    -1e-30      0.00 7.349e-01 2.645e-01 9.507e-05 4.138e-05 2.654e-04 -1.000 6.030e-04 0.174 0.877 0.931 0.342 -0.059 -0.442 -0.946 -1.355 -1.412
0.00057673 -1.43000 9.80618 0.9747822285 2.4674792290    0.921  1.841  3.7380  2.465    4  0.000  0.476     0.00     0.00 -1    -1e-30      0.00 7.349e-01 2.645e-01 9.507e-05 4.139e-05 2.654e-04 -1.000 6.030e-04 0.167 0.871 0.925 0.335 -0.066 -0.449 -0.953 -1.362 -1.419
0.00057673 -1.43000 9.80618 0.9748942256 2.4675042629    0.922  1.843  3.7382  2.464    4  0.000  0.476     0.00     0.00 -1    -1e-30      0.00 7.349e-01 2.645e-01 9.506e-05 4.140e-05 2.654e-04 -1.000 6.030e-04 0.163 0.865 0.919 0.330 -0.071 -0.454 -0.957 -1.366 -1.422
0.00057673 -1.43000 9.80618 0.9750065207 2.4675290585    0.922  1.844  3.7385  2.465    4  0.000  0.476     0.00     0.00 -1    -1e-30      0.00 7.349e-01 2.645e-01 9.505e-05 4.141e-05 2.654e-04 -1.000 6.030e-04 0.159 0.858 0.913 0.326 -0.074 -0.456 -0.959 -1.366 -1.423
0.00057673 -1.43000 9.80618 0.9751183391 2.4675538540    0.922  1.845  3.7391  2.466    4  0.000  0.476     0.00     0.00 -1    -1e-30      0.00 7.349e-01 2.645e-01 9.504e-05 4.142e-05 2.654e-04 -1.000 6.030e-04 0.157 0.852 0.908 0.323 -0.076 -0.458 -0.959 -1.365 -1.421
0.00057673 -1.43000 9.80618 0.9752284288 2.4675784111    0.922  1.846  3.7397  2.468    4  0.000  0.476     0.00     0.00 -1    -1e-30      0.00 7.349e-01 2.645e-01 9.503e-05 4.143e-05 2.654e-04 -1.000 6.030e-04 0.156 0.845 0.903 0.320 -0.078 -0.458 -0.958 -1.362 -1.419
0.00057673 -1.43000 9.80618 0.9753390551 2.4676027298    0.922  1.846  3.7403  2.470    4  0.000  0.476     0.00     0.00 -1    -1e-30      0.00 7.349e-01 2.645e-01 9.502e-05 4.144e-05 2.654e-04 -1.000 6.030e-04 0.155 0.839 0.898 0.318 -0.079 -0.458 -0.956 -1.359 -1.415
0.00057673 -1.43000 9.80618 0.9754554033 2.4676287174    0.922  1.847  3.7410  2.472    4  0.000  0.476     0.00     0.00 -1    -1e-30      0.00 7.349e-01 2.645e-01 9.501e-05 4.145e-05 2.654e-04 -1.000 6.030e-04 0.154 0.833 0.893 0.315 -0.080 -0.458 -0.954 -1.356 -1.412
0.00057673 -1.43000 9.80618 0.9755674601 2.4676535130    0.922  1.847  3.7416  2.474    4  0.000  0.476     0.00     0.00 -1    -1e-30      0.00 7.349e-01 2.645e-01 9.500e-05 4.147e-05 2.654e-04 -1.000 6.030e-04 0.152 0.828 0.888 0.312 -0.082 -0.459 -0.953 -1.354 -1.409
0.00057673 -1.43000 9.80618 0.9756714702 2.4676764011    0.922  1.848  3.7421  2.476    4  0.000  0.476     0.00     0.00 -1    -1e-30      0.00 7.349e-01 2.645e-01 9.499e-05 4.148e-05 2.654e-04 -1.000 6.030e-04 0.151 0.823 0.883 0.310 -0.083 -0.459 -0.952 -1.351 -1.406
0.00057673 -1.43000 9.80618 0.9757757187 2.4676995277    0.923  1.848  3.7426  2.477    4  0.000  0.476     0.00     0.00 -1    -1e-30      0.00 7.349e-01 2.645e-01 9.498e-05 4.149e-05 2.654e-04 -1.000 6.030e-04 0.150 0.819 0.879 0.307 -0.084 -0.460 -0.951 -1.349 -1.404
0.00057673 -1.43000 9.80618 0.9758877158 2.4677243233    0.923  1.849  3.7432  2.479    4  0.000  0.476     0.00     0.00 -1    -1e-30      0.00 7.349e-01 2.645e-01 9.498e-05 4.150e-05 2.654e-04 -1.000 6.030e-04 0.148 0.813 0.874 0.305 -0.086 -0.460 -0.951 -1.348 -1.402
0.00057673 -1.43000 9.80618 0.9759992957 2.4677491188    0.923  1.849  3.7436  2.480    4  0.000  0.476     0.00     0.00 -1    -1e-30      0.00 7.348e-01 2.645e-01 9.497e-05 4.151e-05 2.654e-04 -1.000 6.030e-04 0.146 0.809 0.870 0.302 -0.088 -0.462 -0.950 -1.346 -1.400
0.00057673 -1.43000 9.80618 0.9760245085 2.4677546024    0.923  1.850  3.7437  2.481    4  0.000  0.476     0.00     0.00 -1    -1e-30      0.00 7.348e-01 2.645e-01 9.496e-05 4.151e-05 2.654e-04 -1.000 6.030e-04 0.146 0.807 0.869 0.301 -0.088 -0.462 -0.950 -1.346 -1.400
0.00057673 -1.43000 9.80618 0.9760364294 2.4677572250    0.923  1.850  3.7438  2.481    4  0.000  0.476     0.00     0.00 -1    -1e-30      0.00 7.348e-01 2.645e-01 9.496e-05 4.151e-05 2.654e-04 -1.000 6.030e-04 0.146 0.807 0.868 0.301 -0.089 -0.462 -0.950 -1.346 -1.400
0.00057673 -1.43000 9.80618 0.9761508107 2.4677827358    0.923  1.851  3.7442  2.481    4  0.000  0.476     0.00     0.00 -1    -1e-30      0.00 7.348e-01 2.646e-01 9.495e-05 4.152e-05 2.654e-04 -1.000 6.030e-04 0.144 0.802 0.864 0.298 -0.091 -0.463 -0.951 -1.346 -1.399
0.00057673 -1.43000 9.80618 0.9762606621 2.4678068161    0.923  1.851  3.7445  2.482    4  0.000  0.476     0.00     0.00 -1    -1e-30      0.00 7.348e-01 2.646e-01 9.495e-05 4.153e-05 2.654e-04 -1.000 6.030e-04 0.141 0.798 0.859 0.295 -0.093 -0.465 -0.952 -1.346 -1.399
0.00057673 -1.43000 9.80618 0.9763697982 2.4678311348    0.923  1.852  3.7448  2.482    4  0.000  0.476     0.00     0.00 -1    -1e-30      0.00 7.348e-01 2.646e-01 9.494e-05 4.155e-05 2.654e-04 -1.000 6.030e-04 0.139 0.794 0.855 0.292 -0.096 -0.468 -0.953 -1.347 -1.400
0.00057673 -1.43000 9.80618 0.9764761329 2.4678544998    0.923  1.854  3.7449  2.481    4  0.000  0.476     0.00     0.00 -1    -1e-30      0.00 7.348e-01 2.646e-01 9.493e-05 4.156e-05 2.654e-04 -1.000 6.030e-04 0.136 0.790 0.851 0.288 -0.099 -0.470 -0.956 -1.349 -1.402
0.00057673 -1.43000 9.80618 0.9765809774 2.4678778648    0.923  1.855  3.7450  2.480    4  0.000  0.476     0.00     0.00 -1    -1e-30      0.00 7.348e-01 2.646e-01 9.492e-05 4.157e-05 2.654e-04 -1.000 6.030e-04 0.132 0.786 0.847 0.284 -0.103 -0.474 -0.959 -1.352 -1.405
0.00057673 -1.43000 9.80618 0.9766876698 2.4679014683    0.924  1.857  3.7449  2.478    4  0.000  0.475     0.00     0.00 -1    -1e-30      0.00 7.348e-01 2.646e-01 9.491e-05 4.158e-05 2.654e-04 -1.000 6.030e-04 0.128 0.782 0.843 0.280 -0.107 -0.478 -0.963 -1.356 -1.409
0.00057673 -1.43000 9.80618 0.9767953157 2.4679250717    0.924  1.859  3.7448  2.476    4  0.000  0.475     0.00     0.00 -1    -1e-30      0.00 7.348e-01 2.646e-01 9.490e-05 4.159e-05 2.654e-04 -1.000 6.030e-04 0.124 0.779 0.840 0.276 -0.111 -0.483 -0.968 -1.362 -1.415
0.00057673 -1.43000 9.80618 0.9768032432 2.4679269791    0.924  1.859  3.7448  2.476    4  0.000  0.475     0.00     0.00 -1    -1e-30      0.00 7.348e-01 2.646e-01 9.490e-05 4.159e-05 2.654e-04 -1.000 6.030e-04 0.123 0.778 0.839 0.276 -0.112 -0.483 -0.969 -1.362 -1.415
0.00057673 -1.43000 9.80618 0.9769123197 2.4679510593    0.924  1.861  3.7445  2.473    4  0.000  0.475     0.00     0.00 -1    -1e-30      0.00 7.348e-01 2.646e-01 9.489e-05 4.160e-05 2.654e-04 -1.000 6.030e-04 0.118 0.775 0.835 0.271 -0.117 -0.489 -0.976 -1.370 -1.423
0.00057673 -1.43000 9.80618 0.9770143628 2.4679734707    0.924  1.863  3.7442  2.469    4  0.000  0.475     0.00     0.00 -1    -1e-30      0.00 7.348e-01 2.646e-01 9.488e-05 4.161e-05 2.654e-04 -1.000 6.030e-04 0.112 0.771 0.831 0.265 -0.123 -0.496 -0.983 -1.378 -1.431
0.00057673 -1.43000 9.80618 0.9771198630 2.4679968357    0.924  1.866  3.7438  2.465    4  0.000  0.475     0.00     0.00 -1    -1e-30      0.00 7.348e-01 2.646e-01 9.488e-05 4.162e-05 2.654e-04 -1.000 6.029e-04 0.105 0.767 0.827 0.259 -0.130 -0.503 -0.991 -1.387 -1.441
0.00057673 -1.43000 9.80618 0.9772211313 2.4680192471    0.924  1.869  3.7432  2.460    4  0.000  0.475     0.00     0.00 -1    -1e-30      0.00 7.348e-01 2.646e-01 9.487e-05 4.163e-05 2.654e-04 -1.000 6.030e-04 0.097 0.764 0.822 0.253 -0.138 -0.512 -1.001 -1.398 -1.452
0.00057673 -1.43000 9.80618 0.9773212671 2.4680411816    0.924  1.873  3.7424  2.453    4  0.000  0.475     0.00     0.00 -1    -1e-30      0.00 7.348e-01 2.646e-01 9.486e-05 4.164e-05 2.654e-04 -1.000 6.030e-04 0.088 0.760 0.817 0.245 -0.147 -0.523 -1.014 -1.413 -1.467
0.00057673 -1.43000 9.80618 0.9774228930 2.4680635929    0.924  1.877  3.7415  2.444    4  0.000  0.475     0.00     0.00 -1    -1e-30      0.00 7.348e-01 2.646e-01 9.485e-05 4.165e-05 2.654e-04 -1.000 6.030e-04 0.076 0.755 0.811 0.236 -0.158 -0.535 -1.030 -1.430 -1.485
0.00057673 -1.43000 9.80618 0.9775238633 2.4680860043    0.924  1.882  3.7405  2.436    4  0.000  0.475     0.00     0.00 -1    -1e-30      0.00 7.348e-01 2.646e-01 9.484e-05 4.166e-05 2.654e-04 -1.000 6.030e-04 0.064 0.750 0.804 0.225 -0.171 -0.549 -1.046 -1.449 -1.504
0.00057673 -1.43000 9.80618 0.9776237607 2.4681079388    0.925  1.888  3.7395  2.426    4  0.000  0.475     0.00     0.00 -1    -1e-30      0.00 7.348e-01 2.646e-01 9.484e-05 4.167e-05 2.654e-04 -1.000 6.030e-04 0.050 0.745 0.797 0.213 -0.184 -0.565 -1.065 -1.469 -1.526
0.00057673 -1.43000 9.80618 0.9777264595 2.4681305885    0.925  1.893  3.7385  2.417    4  0.000  0.475     0.00     0.00 -1    -1e-30      0.00 7.348e-01 2.646e-01 9.483e-05 4.168e-05 2.654e-04 -1.000 6.030e-04 0.037 0.740 0.789 0.202 -0.198 -0.580 -1.082 -1.489 -1.545
0.00057673 -1.43000 9.80618 0.9778279066 2.4681529999    0.925  1.898  3.7378  2.409    4  0.000  0.475     0.00     0.00 -1    -1e-30      0.00 7.348e-01 2.646e-01 9.482e-05 4.169e-05 2.654e-04 -1.000 6.030e-04 0.026 0.737 0.783 0.193 -0.208 -0.592 -1.096 -1.505 -1.562
0.00057673 -1.43000 9.80618 0.9779338837 2.4681763649    0.925  1.911  3.7352  2.386    4  0.000  0.475     0.00     0.00 -1    -1e-30      0.00 7.348e-01 2.646e-01 9.481e-05 4.170e-05 2.654e-04 -1.000 6.030e-04 -0.008 0.726 0.764 0.164 -0.242 -0.630 -1.141 -1.556 -1.614
0.00057673 -1.43000 9.80618 0.9780358672 2.4681987762    0.925  1.938  3.7310  2.342    4  0.000  0.475     0.00     0.00 -1    -1e-30      0.00 7.348e-01 2.646e-01 9.480e-05 4.171e-05 2.654e-04 -1.000 6.031e-04 -0.074 0.699 0.724 0.107 -0.308 -0.703 -1.225 -1.649 -1.710
0.00057673 -1.43000 9.80618 0.9781005979 2.4682130814    0.925  1.971  3.7263  2.290    4  0.000  0.475     0.00     0.00 -1    -1e-30      0.00 7.348e-01 2.646e-01 9.480e-05 4.172e-05 2.654e-04 -1.000 6.030e-04 -0.158 0.664 0.671 0.034 -0.390 -0.794 -1.329 -1.764 -1.827
0.00057673 -1.43000 9.80618 0.9781298041 2.4682195187    0.925  2.006  3.7219  2.238    4  0.000  0.475     0.00     0.00 -1    -1e-30      0.00 7.348e-01 2.646e-01 9.479e-05 4.172e-05 2.654e-04 -1.000 6.030e-04 -0.245 0.623 0.613 -0.042 -0.476 -0.887 -1.434 -1.879 -1.944
0.00057673 -1.43000 9.80618 0.9781415462 2.4682221413    0.925  2.038  3.7183  2.191    4  0.000  0.475     0.00     0.00 -1    -1e-30      0.00 7.348e-01 2.646e-01 9.479e-05 4.172e-05 2.654e-04 -1.000 6.030e-04 -0.325 0.584 0.558 -0.113 -0.554 -0.971 -1.529 -1.983 -2.049
0.00057673 -1.43000 9.80618 0.9781468511 2.4682233334    0.925  2.068  3.7151  2.149    4  0.000  0.475     0.00     0.00 -1    -1e-30      0.00 7.348e-01 2.646e-01 9.479e-05 4.172e-05 2.654e-04 -1.000 6.030e-04 -0.400 0.546 0.505 -0.181 -0.628 -1.051 -1.618 -2.079 -2.146
0.00057673 -1.43000 9.80618 0.9781496525 2.4682238102    0.925  2.098  3.7123  2.108    4  0.000  0.475     0.00     0.00 -1    -1e-30      0.00 7.348e-01 2.646e-01 9.479e-05 4.172e-05 2.654e-04 -1.000 6.030e-04 -0.474 0.506 0.452 -0.247 -0.700 -1.128 -1.703 -2.171 -2.240
0.00057673 -1.43000 9.80618 0.9781499505 2.4682240486    0.925  2.102  3.7119  2.102    7  0.000  0.475     0.00     0.00 -1 -6.47e-10      0.00 7.348e-01 2.635e-01 9.479e-05 4.172e-05 2.654e-04 -1.000 1.718e-03 -0.484 0.500 0.444 -0.256 -0.710 -1.139 -1.714 -2.183 -2.253
0.00057673 -1.43000 9.80618 0.9781519175 2.4682242870    0.925  2.139  3.7088  2.052    7  0.000  0.475     0.00     0.00 -1 -8.15e-10      0.00 7.348e-01 2.635e-01 9.479e-05 4.172e-05 2.654e-04 -1.000 1.717e-03 -0.578 0.446 0.374 -0.341 -0.802 -1.236 -1.821 -2.298 -2.368
0.00057673 -1.43000 9.80618 0.9781538844 2.4682247639    0.925  2.178  3.7058  2.001    7  0.000  0.475     0.00     0.00 -1 -1.02e-09      0.00 7.348e-01 2.635e-01 9.479e-05 4.172e-05 2.654e-04 -1.000 1.717e-03 -0.675 0.390 0.300 -0.429 -0.896 -1.336 -1.930 -2.414 -2.486
0.00057673 -1.43000 9.80618 0.9781568050 2.4682254791    0.925  2.227  3.7021  1.937    7  0.000  0.475     0.00     0.00 -1 -1.37e-09      0.00 7.348e-01 2.635e-01 9.479e-05 4.172e-05 2.654e-04 -1.000 1.717e-03 -0.798 0.322 0.208 -0.540 -1.016 -1.463 -2.068 -2.562 -2.636
0.00057673 -1.43000 9.80618 0.9781625271 2.4682266712    0.925  2.241  3.7013  1.920    7  0.000  0.475     0.00     0.00 -1 -1.48e-09      0.00 7.348e-01 2.635e-01 9.479e-05 4.172e-05 2.654e-04 -1.000 1.717e-03 -0.832 0.301 0.181 -0.571 -1.050 -1.498 -2.106 -2.602 -2.676
0.00057673 -1.43000 9.80618 0.9782075882 2.4682366848    0.923  2.213  3.7032  1.955    7  0.000  0.475     0.00     0.00 -1 -1.27e-09      0.00 7.348e-01 2.635e-01 9.479e-05 4.173e-05 2.654e-04 -1.000 1.717e-03 -0.763 0.341 0.234 -0.508 -0.982 -1.426 -2.028 -2.519 -2.592
0.00057673 -1.43000 9.80618 0.9782538414 2.4682469368    0.922  2.248  3.7005  1.909    7  0.000  0.475     0.00     0.00 -1 -1.56e-09      0.00 7.348e-01 2.635e-01 9.478e-05 4.173e-05 2.654e-04 -1.000 1.717e-03 -0.850 0.295 0.170 -0.586 -1.067 -1.516 -2.127 -2.625 -2.699
0.00057673 -1.43000 9.80618 0.9782858491 2.4682538509    0.921  2.288  3.6974  1.855    7  0.000  0.475     0.00     0.00 -1 -1.98e-09      0.00 7.348e-01 2.635e-01 9.478e-05 4.173e-05 2.654e-04 -1.000 1.717e-03 -0.951 0.244 0.096 -0.677 -1.165 -1.620 -2.241 -2.748 -2.823
0.00057673 -1.43000 9.80618 0.9783082008 2.4682588577    0.920  2.320  3.6951  1.814    7  0.000  0.475     0.00     0.00 -1 -2.38e-09      0.00 7.348e-01 2.635e-01 9.478e-05 4.174e-05 2.654e-04 -1.000 1.717e-03 -1.029 0.205 0.039 -0.746 -1.240 -1.700 -2.328 -2.841 -2.918
0.00057673 -1.43000 9.80618 0.9783349037 2.4682645798    0.918  2.357  3.6923  1.765    7  0.000  0.475     0.00     0.00 -1 -2.97e-09      0.00 7.348e-01 2.635e-01 9.478e-05 4.174e-05 2.654e-04 -1.000 1.717e-03 -1.123 0.157 -0.030 -0.830 -1.330 -1.795 -2.433 -2.954 -3.031
0.00057673 -1.43000 9.80618 0.9783619046 2.4682705402    0.917  2.397  3.6895  1.713    7  0.000  0.475     0.00     0.00 -1 -3.74e-09      0.00 7.348e-01 2.635e-01 9.478e-05 4.174e-05 2.654e-04 -1.000 1.717e-03 -1.223 0.107 -0.103 -0.919 -1.426 -1.897 -2.544 -3.074 -3.152
0.00057673 -1.43000 9.80618 0.9783863425 2.4682760239    0.914  2.437  3.6866  1.660    7  0.000  0.475     0.00     0.00 -1 -4.73e-09      0.00 7.348e-01 2.635e-01 9.477e-05 4.175e-05 2.654e-04 -1.000 1.716e-03 -1.323 0.060 -0.174 -1.006 -1.521 -1.998 -2.655 -3.194 -3.273
0.00057673 -1.43000 9.80618 0.9784086347 2.4682810307    0.912  2.478  3.6836  1.606    7  0.000  0.475     0.00     0.00 -1 -5.97e-09      0.00 7.348e-01 2.635e-01 9.476e-05 4.175e-05 2.654e-04 -1.000 1.715e-03 -1.425 0.062 -0.232 -1.102 -1.626 -2.107 -2.773 -3.319 -3.396
0.00057673 -1.43000 9.80618 0.9784290195 2.4682853222    0.909  2.520  3.6806  1.551    7  0.000  0.474     0.00     0.00 -1 -7.67e-09      0.00 7.348e-01 2.636e-01 9.470e-05 4.177e-05 2.654e-04 -1.000 1.697e-03 -1.529 0.054 -0.292 -1.195 -1.730 -2.216 -2.892 -3.446 -3.522
0.00057673 -1.43000 9.80618 0.9784473181 2.4682893753    0.905  2.561  3.6769  1.493    7  0.000  0.473     0.00     0.00 -1 -9.77e-09      0.00 7.348e-01 2.636e-01 9.443e-05 4.192e-05 2.654e-04 -1.000 1.682e-03 -1.633 0.008 -0.361 -1.280 -1.824 -2.318 -3.008 -3.574 -3.652
0.00057673 -1.43000 9.80618 0.9784638882 2.4682931900    0.901  2.603  3.6706  1.425    7  0.000  0.469     0.00     0.00 -1 -1.27e-08      0.00 7.347e-01 2.636e-01 9.375e-05 4.252e-05 2.654e-04 -1.000 1.623e-03 -1.737 0.095 -0.372 -1.354 -1.921 -2.427 -3.138 -3.721 -3.798
0.00057673 -1.43000 9.80618 0.9784751534 2.4682955742    0.898  2.634  3.6671  1.378    7  0.000  0.465     0.00     0.00 -1 -1.52e-08      0.00 7.347e-01 2.636e-01 9.294e-05 4.340e-05 2.654e-04 -1.000 1.616e-03 -1.814 0.140 -0.390 -1.412 -1.992 -2.506 -3.229 -3.821 -3.898
0.00057673 -1.43000 9.80618 0.9784889817 2.4682986736    0.893  2.674  3.6640  1.323    7  0.000  0.458     0.00     0.00 -1 -1.92e-08      0.00 7.347e-01 2.637e-01 9.157e-05 4.502e-05 2.654e-04 -1.000 1.655e-03 -1.915 0.160 -0.433 -1.495 -2.088 -2.609 -3.344 -3.944 -4.021
0.00057673 -1.43000 9.80618 0.9785020351 2.4683015347    0.887  2.715  3.6611  1.267    7  0.000  0.451     0.00     0.00 -1 -2.45e-08      0.00 7.347e-01 2.637e-01 9.028e-05 4.661e-05 2.654e-04 -1.000 1.592e-03 -2.016 0.181 -0.476 -1.577 -2.183 -2.712 -3.458 -4.066 -4.142
0.00057673 -1.43000 9.80618 0.9785144925 2.4683041573    0.879  2.755  3.6578  1.210    7  0.000  0.445     0.00     0.00 -1 -3.11e-08      0.00 7.346e-01 2.638e-01 8.913e-05 4.801e-05 2.654e-04 -1.000 1.628e-03 -2.118 0.222 -0.510 -1.656 -2.277 -2.814 -3.572 -4.190 -4.266
0.00057673 -1.43000 9.80618 0.9785265326 2.4683067799    0.870  2.796  3.6544  1.151    7  0.000  0.440     0.00     0.00 -1 -4.01e-08      0.00 7.346e-01 2.639e-01 8.812e-05 4.926e-05 2.654e-04 -1.000 1.576e-03 -2.221 0.234 -0.554 -1.732 -2.368 -2.914 -3.686 -4.315 -4.393
0.00057673 -1.43000 9.80618 0.9785379171 2.4683094025    0.859  2.838  3.6508  1.089    7  0.000  0.436     0.00     0.00 -1 -5.17e-08      0.00 7.345e-01 2.639e-01 8.720e-05 5.039e-05 2.654e-04 -1.000 1.570e-03 -2.325 0.250 -0.597 -1.809 -2.459 -3.015 -3.802 -4.442 -4.522
0.00057673 -1.43000 9.80618 0.9785485268 2.4683117867    0.845  2.878  3.6474  1.029    7  0.000  0.432     0.00     0.00 -1 -6.63e-08      0.00 7.345e-01 2.640e-01 8.641e-05 5.137e-05 2.653e-04 -1.000 1.568e-03 -2.425 0.270 -0.636 -1.881 -2.545 -3.111 -3.913 -4.564 -4.645
0.00057673 -1.43000 9.80618 0.9785593152 2.4683141708    0.828  2.920  3.6436  0.963    7  0.000  0.428     0.00     0.00 -1 -8.81e-08      0.00 7.344e-01 2.641e-01 8.570e-05 5.224e-05 2.653e-04 -1.000 1.557e-03 -2.529 0.311 -0.666 -1.950 -2.632 -3.209 -4.028 -4.692 -4.776
0.00057673 -1.43000 9.80618 0.9785695076 2.4683163166    0.805  2.963  3.6395  0.891    7  0.000  0.425     0.00     0.00 -1 -1.19e-07      0.00 7.343e-01 2.641e-01 8.508e-05 5.301e-05 2.651e-04 -1.000 1.535e-03 -2.638 0.372 -0.687 -2.018 -2.721 -3.312 -4.150 -4.827 -4.914
0.00057673 -1.43000 9.80618 0.9785776734 2.4683182240    0.781  3.007  3.6353  0.816    7  0.000  0.423     0.00     0.00 -1 -1.63e-07      0.00 7.343e-01 2.642e-01 8.456e-05 5.372e-05 2.650e-04 -1.000 1.508e-03 -2.748 0.440 -0.705 -2.084 -2.809 -3.415 -4.273 -4.964 -5.054
0.00057673 -1.43000 9.80618 0.9785835743 2.4683194160    0.757  3.046  3.6315  0.749    7  0.000  0.421     0.00     0.00 -1 -2.18e-07      0.00 7.342e-01 2.643e-01 8.416e-05 5.431e-05 2.648e-04 -1.000 1.535e-03 -2.846 0.504 -0.719 -2.141 -2.886 -3.505 -4.381 -5.085 -5.177
0.00057673 -1.43000 9.80618 0.9785888791 2.4683206081    0.728  3.085  3.6278  0.678    7  0.000  0.420     0.00     0.00 -1 -2.98e-07      0.00 7.341e-01 2.644e-01 8.382e-05 5.485e-05 2.645e-04 -1.000 1.512e-03 -2.943 0.574 -0.730 -2.195 -2.961 -3.594 -4.489 -5.205 -5.301
0.00057673 -1.43000 9.80618 0.9785939455 2.4683218002    0.690  3.126  3.6242  0.599    7  0.000  0.419     0.00     0.00 -1  -4.3e-07      0.00 7.341e-01 2.644e-01 8.355e-05 5.536e-05 2.643e-04 -1.000 1.528e-03 -3.046 0.645 -0.743 -2.254 -3.042 -3.688 -4.602 -5.330 -5.429
0.00057673 -1.43000 9.80618 0.9785985947 2.4683227539    0.638  3.180  3.6210  0.499    7  0.000  0.418     0.00     0.00 -1 -7.06e-07      0.00 7.340e-01 2.645e-01 8.329e-05 5.585e-05 2.640e-04 -1.000 1.515e-03 -3.179 0.704 -0.778 -2.341 -3.153 -3.814 -4.746 -5.484 -5.586
0.00057673 -1.43000 9.80618 0.9786018729 2.4683234692    0.567  3.160  3.6343  0.521    7  0.000  0.417     0.00     0.00 -1 -9.05e-07      0.00 7.334e-01 2.651e-01 8.224e-05 5.957e-05 2.612e-04 -1.000 1.550e-03 -3.129 0.366 -0.946 -2.420 -3.181 -3.804 -4.672 -5.358 -5.449
0.00057673 -1.43000 9.80618 0.9786029458 2.4683237076    0.547  3.164  3.6499  0.563    7  0.000  0.417     0.00     0.00 -1 -9.79e-07      0.00 7.334e-01 2.651e-01 8.221e-05 5.961e-05 2.612e-04 -1.000 1.536e-03 -3.141 -0.102 -1.211 -2.568 -3.270 -3.851 -4.648 -5.277 -5.358
0.00057673 -1.43000 9.80618 0.9786031842 2.4683237076    0.537  3.193  3.6623  0.576    7  0.000  0.417     0.00     0.00 -1  -1.1e-06      0.00 7.334e-01 2.651e-01 8.212e-05 5.978e-05 2.611e-04 -1.000 1.528e-03 -3.212 -0.600 -1.509 -2.737 -3.386 -3.934 -4.678 -5.268 -5.343
0.00057673 -1.43000 9.80618 0.9786033034 2.4683237076    0.533  3.203  3.6667  0.581    7  0.000  0.417     0.00     0.00 -1 -1.14e-06      0.00 7.334e-01 2.651e-01 8.208e-05 5.985e-05 2.611e-04 -1.000 1.526e-03 -3.236 -0.834 -1.638 -2.797 -3.421 -3.957 -4.684 -5.261 -5.337
0.00057673 -1.43000 9.80618 1.1258075237 2.4959049225    0.552 -3.608  3.8036  7.954    9  0.552  0.000     0.00     0.00 -1    -1e-30      0.00 7.287e-01 2.708e-01 7.838e-05 6.899e-05 2.633e-04 -1.000 4.879e-04 13.790 13.964 14.336 13.878 13.566 13.260 12.953 12.688 12.629
#isochrone terminated
