# File generated by CMD 3.3 (http://stev.oapd.inaf.it/cmd) on Fri Nov 20 18:06:06 CET 2020
# isochrones based on PARSEC release v1.2S +  COLIBRI S_35
# Basic references: Bressan et al. (2012), MNRAS, 427, 127 + Chen et al. (2014, 2015), MNRAS, 444, 2525 + MNRAS, 452, 1068 + Tang et al. (2014), MNRAS, 445, 4287 + Marigo et al. (2017), ApJ, 835, 77 + Pastorelli al. (2019), MNRAS in press
# Thermal pulse cycles included 
# On RGB, assumed Reimers mass loss with efficiency eta=0.2
# Photometric system: JWST NIRCam wide+verywide+medium filters, Vegamags
# Using OBC version of bolometric corrections as detailed in Marigo et al. (2008, A&A 482, 883) and Girardi et al. (2008, PASP 120, 583
# O-rich circumstellar dpmod60alox40 dust from Groenewegen (2006)
# C-rich circumstellar AMCSIC15 dust from Groenewegen (2006)
# IMF: Kroupa (2001, 2002) + Kroupa et al. (2013) canonical two-part-power law IMF corrected for unresolved binaries 
# Kind of output: isochrone tables
# Zini     MH   logAge Mini        int_IMF         Mass   logL    logTe  logg  label   McoreTP C_O  period0 period1 pmode  Mloss  tau1m   X   Y   Xc  Xn  Xo  Cexcess  Z 	 mbolmag  F070Wmag  F090Wmag  F115Wmag  F150Wmag  F200Wmag  F277Wmag  F356Wmag  F444Wmag  F150W2mag  F322W2mag  F140Mmag  F162Mmag  F182Mmag  F210Mmag  F250Mmag  F300Mmag  F335Mmag  F360Mmag  F410Mmag  F430Mmag  F460Mmag  F480Mmag  F150WS60mag
0.00057673 -1.43000 9.80618 0.0900000036 1.0816895962    0.090 -3.193  3.4702  5.418    1  0.000  0.545     0.00     0.00 -1 -5.25e-17      0.00 7.489e-01 2.505e-01 1.084e-04 2.925e-05 2.653e-04 -1.000 6.030e-04 12.752 13.086 11.735 10.979 10.469 10.432 10.208 9.755 9.703 10.629 9.991 10.563 10.352 10.449 10.395 10.335 10.066 9.803 9.715 9.665 9.686 9.748 9.691 10.423
0.00057673 -1.43000 9.80618 0.0947582871 1.1257661581    0.095 -3.055  3.4899  5.381    1  0.000  0.545     0.00     0.00 -1 -7.33e-17      0.00 7.485e-01 2.509e-01 1.084e-04 2.925e-05 2.653e-04 -1.000 6.030e-04 12.408 12.621 11.421 10.702 10.152 10.032 9.839 9.449 9.394 10.296 9.655 10.265 10.008 10.058 9.989 9.939 9.731 9.497 9.411 9.358 9.377 9.440 9.385 10.094
0.00057673 -1.43000 9.80618 0.1000000015 1.1711064577    0.100 -2.911  3.5105  5.343    1  0.000  0.545     0.00     0.00 -1 -1.04e-16      0.00 7.480e-01 2.514e-01 1.084e-04 2.925e-05 2.653e-04 -1.000 6.030e-04 12.048 12.145 11.084 10.405 9.829 9.641 9.471 9.142 9.083 9.956 9.318 9.954 9.666 9.675 9.595 9.548 9.391 9.189 9.106 9.050 9.065 9.127 9.075 9.761
0.00057673 -1.43000 9.80618 0.1086188927 1.2393183708    0.109 -2.782  3.5248  5.307    1  0.000  0.545     0.00     0.00 -1  -1.4e-16      0.00 7.474e-01 2.520e-01 1.084e-04 2.925e-05 2.653e-04 -1.000 6.030e-04 11.725 11.745 10.771 10.122 9.537 9.312 9.153 8.862 8.801 9.653 9.019 9.667 9.364 9.349 9.265 9.219 9.088 8.909 8.828 8.771 8.784 8.842 8.795 9.464
0.00057673 -1.43000 9.80618 0.1199999973 1.3193154335    0.120 -2.626  3.5420  5.263    1  0.000  0.545     0.00     0.00 -1 -2.01e-16      0.00 7.466e-01 2.528e-01 1.084e-04 2.925e-05 2.653e-04 -1.000 6.030e-04 11.335 11.266 10.389 9.776 9.190 8.932 8.783 8.535 8.472 9.295 8.669 9.322 9.012 8.970 8.886 8.839 8.732 8.579 8.503 8.445 8.456 8.510 8.466 9.114
0.00057673 -1.43000 9.80618 0.1400000006 1.4384527206    0.140 -2.446  3.5575  5.212    1  0.000  0.545     0.00     0.00 -1 -2.98e-16      0.00 7.456e-01 2.538e-01 1.084e-04 2.925e-05 2.653e-04 -1.000 6.029e-04 10.886 10.745 9.945 9.366 8.785 8.504 8.363 8.149 8.088 8.881 8.266 8.917 8.605 8.544 8.461 8.413 8.321 8.192 8.120 8.064 8.073 8.124 8.083 8.708
0.00057673 -1.43000 9.80618 0.1599999964 1.5372931957    0.160 -2.309  3.5677  5.174    1  0.000  0.545     0.00     0.00 -1    -4e-16      0.00 7.447e-01 2.547e-01 1.084e-04 2.925e-05 2.653e-04 -1.000 6.030e-04 10.542 10.361 9.605 9.046 8.472 8.180 8.042 7.851 7.792 8.562 7.956 8.603 8.293 8.219 8.138 8.090 8.003 7.891 7.824 7.770 7.778 7.826 7.788 8.395
0.00057673 -1.43000 9.80618 0.2000000179 1.6938792467    0.200 -2.094  3.5813  5.111    1  0.000  0.545     0.00     0.00 -1 -6.29e-16      0.00 7.436e-01 2.558e-01 1.084e-04 2.925e-05 2.653e-04 -1.000 6.030e-04 10.006 9.773 9.056 8.518 7.955 7.672 7.579 7.362 7.299 8.044 7.480 8.094 7.766 7.711 7.627 7.617 7.551 7.412 7.328 7.269 7.282 7.338 7.311 7.876
0.00057673 -1.43000 9.80618 0.2500000298 1.8403259516    0.250 -1.890  3.5926  5.048    1  0.000  0.545     0.00     0.00 -1 -9.67e-16      0.00 7.432e-01 2.562e-01 1.084e-04 2.925e-05 2.653e-04 -1.000 6.030e-04 9.495 9.206 8.534 8.024 7.469 7.194 7.144 6.922 6.861 7.558 7.043 7.613 7.275 7.231 7.152 7.169 7.132 6.974 6.885 6.827 6.843 6.902 6.887 7.389
0.00057673 -1.43000 9.80618 0.3000000417 1.9529141188    0.300 -1.731  3.6011  5.002    1  0.000  0.545     0.00     0.00 -1 -1.34e-15      0.00 7.432e-01 2.562e-01 1.084e-04 2.925e-05 2.653e-04 -1.000 6.030e-04 9.096 8.773 8.132 7.643 7.092 6.819 6.784 6.576 6.521 7.182 6.690 7.237 6.898 6.854 6.781 6.803 6.779 6.624 6.540 6.488 6.503 6.561 6.552 7.012
0.00057673 -1.43000 9.80618 0.3500000238 2.0434176922    0.350 -1.600  3.6082  4.967    1  0.000  0.545     0.00     0.00 -1 -1.75e-15      0.00 7.445e-01 2.549e-01 1.084e-04 2.925e-05 2.653e-04 -1.000 6.030e-04 8.771 8.438 7.814 7.336 6.784 6.508 6.459 6.281 6.235 6.874 6.379 6.927 6.593 6.540 6.472 6.479 6.452 6.321 6.251 6.205 6.218 6.272 6.261 6.705
0.00057673 -1.43000 9.80618 0.3765511215 2.0849058628    0.377 -1.524  3.6141  4.946    1  0.000  0.545     0.00     0.00 -1 -2.06e-15      0.00 7.474e-01 2.520e-01 1.084e-04 2.925e-05 2.653e-04 -1.000 6.030e-04 8.579 8.237 7.628 7.160 6.606 6.328 6.267 6.114 6.076 6.696 6.199 6.748 6.418 6.358 6.294 6.289 6.258 6.148 6.089 6.048 6.060 6.111 6.098 6.527
0.00057673 -1.43000 9.80618 0.4000000358 2.1185026169    0.400 -1.460  3.6189  4.928    1  0.000  0.545     0.00     0.00 -1 -2.37e-15      0.00 7.501e-01 2.493e-01 1.084e-04 2.925e-05 2.653e-04 -1.000 6.030e-04 8.421 8.072 7.476 7.014 6.459 6.180 6.110 5.977 5.945 6.550 6.051 6.600 6.272 6.208 6.149 6.133 6.098 6.006 5.956 5.919 5.930 5.978 5.964 6.381
0.00057673 -1.43000 9.80618 0.4500000179 2.1822810173    0.450 -1.293  3.6362  4.880    1  0.000  0.545     0.00     0.00 -1 -3.47e-15      0.00 7.501e-01 2.493e-01 1.084e-04 2.925e-05 2.653e-04 -1.000 6.030e-04 8.002 7.628 7.076 6.639 6.085 5.815 5.730 5.648 5.633 6.181 5.694 6.223 5.905 5.837 5.790 5.755 5.714 5.665 5.637 5.610 5.620 5.661 5.646 6.009
0.00057673 -1.43000 9.80618 0.5000000000 2.2374541759    0.500 -1.106  3.6608  4.838    1  0.000  0.545     0.00     0.00 -1 -5.32e-15      0.00 7.501e-01 2.493e-01 1.084e-04 2.925e-05 2.653e-04 -1.000 6.030e-04 7.534 7.124 6.635 6.234 5.700 5.458 5.380 5.334 5.332 5.802 5.360 5.830 5.533 5.474 5.439 5.402 5.366 5.343 5.328 5.311 5.321 5.358 5.345 5.629
0.00057673 -1.43000 9.80618 0.5500000715 2.2836585045    0.550 -0.911  3.6860  4.785    1  0.000  0.545     0.00     0.00 -1 -8.42e-15      0.00 7.688e-01 2.307e-01 1.008e-04 2.722e-05 2.469e-04 -1.000 5.101e-04 7.047 6.612 6.179 5.819 5.327 5.117 5.049 5.020 5.022 5.429 5.036 5.443 5.178 5.129 5.102 5.068 5.038 5.025 5.017 5.005 5.014 5.043 5.034 5.264
0.00057673 -1.43000 9.80618 0.6000000238 2.3211214542    0.600 -0.726  3.7107  4.737    1  0.000  0.544     0.00     0.00 -1  -1.3e-14      0.00 7.745e-01 2.250e-01 9.866e-05 2.663e-05 2.417e-04 -1.000 5.030e-04 6.584 6.140 5.756 5.437 4.993 4.814 4.756 4.735 4.735 5.093 4.747 5.095 4.862 4.824 4.802 4.771 4.748 4.740 4.733 4.724 4.729 4.746 4.741 4.937
0.00057673 -1.43000 9.80618 0.6137447357 2.3301978111    0.613 -0.674  3.7183  4.725    1  0.000  0.544     0.00     0.00 -1 -1.47e-14      0.00 7.763e-01 2.231e-01 9.796e-05 2.644e-05 2.400e-04 -1.000 5.130e-04 6.455 6.013 5.643 5.336 4.905 4.735 4.681 4.662 4.661 5.004 4.673 5.003 4.780 4.744 4.724 4.694 4.674 4.666 4.660 4.652 4.656 4.669 4.666 4.852
0.00057673 -1.43000 9.80618 0.6357413530 2.3437886238    0.636 -0.593  3.7303  4.707    1  0.000  0.544     0.00     0.00 -1 -1.78e-14      0.00 7.795e-01 2.200e-01 9.677e-05 2.613e-05 2.371e-04 -1.000 5.602e-04 6.252 5.817 5.468 5.179 4.768 4.612 4.563 4.548 4.544 4.866 4.557 4.861 4.651 4.620 4.602 4.574 4.558 4.551 4.546 4.539 4.541 4.548 4.547 4.718
0.00057673 -1.43000 9.80618 0.6499999762 2.3520355225    0.650 -0.541  3.7380  4.695    1  0.000  0.544     0.00     0.00 -1 -2.01e-14      0.00 7.816e-01 2.179e-01 9.595e-05 2.591e-05 2.351e-04 -1.000 5.072e-04 6.122 5.693 5.357 5.079 4.681 4.533 4.488 4.475 4.470 4.777 4.483 4.770 4.568 4.540 4.525 4.498 4.484 4.478 4.474 4.467 4.468 4.471 4.472 4.633
0.00057673 -1.43000 9.80618 0.6749601960 2.3655118942    0.675 -0.450  3.7506  4.671    1  0.000  0.544     0.00     0.00 -1  -2.5e-14      0.00 7.863e-01 2.132e-01 9.421e-05 2.545e-05 2.311e-04 -1.000 5.783e-04 5.894 5.482 5.168 4.906 4.526 4.392 4.353 4.344 4.338 4.622 4.349 4.610 4.420 4.398 4.385 4.361 4.351 4.346 4.343 4.336 4.337 4.336 4.339 4.481
0.00057673 -1.43000 9.80618 0.6991231441 2.3775093555    0.699 -0.363  3.7623  4.646    1  0.000  0.543     0.00     0.00 -1 -3.09e-14      0.00 7.914e-01 2.081e-01 9.233e-05 2.495e-05 2.266e-04 -1.000 5.134e-04 5.677 5.283 4.987 4.741 4.377 4.255 4.222 4.216 4.210 4.472 4.219 4.457 4.277 4.259 4.249 4.228 4.221 4.218 4.215 4.209 4.209 4.206 4.210 4.334
0.00057673 -1.43000 9.80618 0.6999999881 2.3779268265    0.700 -0.359  3.7627  4.645    1  0.000  0.543     0.00     0.00 -1 -3.12e-14      0.00 7.916e-01 2.079e-01 9.226e-05 2.493e-05 2.264e-04 -1.000 5.103e-04 5.669 5.275 4.981 4.735 4.372 4.250 4.217 4.211 4.205 4.466 4.214 4.451 4.272 4.254 4.244 4.223 4.216 4.213 4.210 4.205 4.204 4.201 4.205 4.329
0.00057673 -1.43000 9.80618 0.7035083771 2.3795852661    0.703 -0.347  3.7643  4.641    1  0.000  0.543     0.00     0.00 -1 -3.21e-14      0.00 7.925e-01 2.070e-01 9.182e-05 2.483e-05 2.255e-04 -1.000 4.964e-04 5.637 5.247 4.955 4.711 4.350 4.230 4.198 4.192 4.186 4.444 4.195 4.429 4.251 4.234 4.224 4.204 4.197 4.194 4.191 4.186 4.185 4.182 4.186 4.308
0.00057673 -1.43000 9.80618 0.7206145525 2.3874065876    0.721 -0.285  3.7721  4.621    1  0.000  0.540     0.00     0.00 -1 -3.74e-14      0.00 7.974e-01 2.020e-01 8.960e-05 2.434e-05 2.212e-04 -1.000 5.371e-04 5.484 5.106 4.826 4.592 4.242 4.130 4.102 4.098 4.092 4.336 4.100 4.318 4.148 4.134 4.125 4.107 4.102 4.100 4.097 4.092 4.091 4.088 4.092 4.202
0.00057673 -1.43000 9.80618 0.7362277508 2.3941814899    0.736 -0.229  3.7789  4.602    1  0.000  0.537     0.00     0.00 -1 -4.31e-14      0.00 8.024e-01 1.971e-01 8.741e-05 2.384e-05 2.168e-04 -1.000 4.917e-04 5.343 4.978 4.708 4.483 4.143 4.038 4.012 4.010 4.004 4.236 4.011 4.215 4.053 4.040 4.033 4.017 4.013 4.012 4.009 4.004 4.004 4.000 4.004 4.104
0.00057673 -1.43000 9.80618 0.7500000000 2.3998889923    0.750 -0.179  3.7847  4.583    1  0.000  0.535     0.00     0.00 -1 -4.89e-14      0.00 8.072e-01 1.923e-01 8.535e-05 2.337e-05 2.126e-04 -1.000 4.830e-04 5.218 4.864 4.604 4.385 4.054 3.954 3.931 3.930 3.924 4.146 3.930 4.124 3.967 3.957 3.950 3.935 3.933 3.932 3.929 3.924 3.924 3.920 3.924 4.016
0.00057673 -1.43000 9.80618 0.7509502769 2.4002740383    0.751 -0.176  3.7851  4.582    1  0.000  0.535     0.00     0.00 -1 -4.94e-14      0.00 8.076e-01 1.919e-01 8.522e-05 2.333e-05 2.123e-04 -1.000 4.825e-04 5.210 4.856 4.596 4.378 4.048 3.948 3.925 3.924 3.918 4.139 3.924 4.117 3.961 3.951 3.944 3.929 3.927 3.926 3.923 3.918 3.918 3.914 3.918 4.010
0.00057673 -1.43000 9.80618 0.7675612569 2.4068262577    0.767 -0.115  3.7911  4.555    1  0.000  0.534     0.00     0.00 -1 -5.79e-14      0.00 8.143e-01 1.852e-01 8.288e-05 2.271e-05 2.068e-04 -1.000 4.315e-04 5.058 4.716 4.466 4.254 3.933 3.840 3.820 3.818 3.813 4.024 3.819 4.000 3.850 3.842 3.836 3.823 3.821 3.820 3.817 3.813 3.813 3.809 3.813 3.897
0.00057673 -1.43000 9.80618 0.7825205326 2.4124541283    0.782 -0.060  3.7964  4.529    1  0.000  0.534     0.00     0.00 -1 -6.71e-14      0.00 8.201e-01 1.795e-01 8.093e-05 2.219e-05 2.022e-04 -1.000 4.484e-04 4.920 4.587 4.346 4.141 3.828 3.740 3.721 3.721 3.716 3.918 3.721 3.893 3.748 3.742 3.736 3.724 3.723 3.723 3.720 3.716 3.716 3.712 3.716 3.794
0.00057673 -1.43000 9.80618 0.7969247103 2.4176442623    0.796 -0.006  3.8014  4.503    1  0.000  0.533     0.00     0.00 -1 -7.75e-14      0.00 8.252e-01 1.744e-01 7.926e-05 2.174e-05 1.982e-04 -1.000 4.376e-04 4.786 4.461 4.228 4.029 3.725 3.641 3.624 3.623 3.619 3.813 3.623 3.787 3.648 3.643 3.638 3.626 3.626 3.625 3.623 3.619 3.618 3.615 3.619 3.692
0.00057673 -1.43000 9.80618 0.8000000119 2.4187245369    0.799  0.005  3.8025  4.497    1  0.000  0.533     0.00     0.00 -1    -8e-14      0.00 8.262e-01 1.734e-01 7.893e-05 2.166e-05 1.975e-04 -1.000 4.429e-04 4.757 4.434 4.202 4.005 3.702 3.620 3.603 3.602 3.598 3.791 3.602 3.765 3.627 3.621 3.617 3.605 3.605 3.604 3.602 3.598 3.597 3.594 3.598 3.670
0.00057673 -1.43000 9.80618 0.8058115840 2.4207401276    0.805  0.027  3.8045  4.487    1  0.000  0.533     0.00     0.00 -1 -8.48e-14      0.00 8.264e-01 1.732e-01 7.903e-05 2.169e-05 1.978e-04 -1.000 4.616e-04 4.702 4.383 4.154 3.960 3.661 3.580 3.564 3.563 3.559 3.749 3.564 3.722 3.586 3.582 3.577 3.566 3.566 3.565 3.563 3.559 3.558 3.555 3.559 3.629
0.00057673 -1.43000 9.80618 0.8220424056 2.4261960983    0.821  0.089  3.8102  4.456    1  0.000  0.532     0.00     0.00 -1    -1e-13      0.00 8.267e-01 1.729e-01 7.939e-05 2.180e-05 1.989e-04 -1.000 4.365e-04 4.546 4.236 4.017 3.829 3.541 3.466 3.450 3.450 3.446 3.627 3.450 3.599 3.470 3.467 3.463 3.452 3.452 3.452 3.450 3.446 3.445 3.442 3.446 3.510
0.00057673 -1.43000 9.80618 0.8369324207 2.4309880733    0.836  0.149  3.8154  4.425    1  0.000  0.532     0.00     0.00 -1 -1.18e-13      0.00 8.267e-01 1.728e-01 7.978e-05 2.192e-05 2.001e-04 -1.000 4.686e-04 4.399 4.097 3.886 3.704 3.426 3.355 3.341 3.341 3.337 3.510 3.341 3.482 3.359 3.357 3.352 3.343 3.343 3.343 3.340 3.337 3.336 3.333 3.337 3.397
0.00057673 -1.43000 9.80618 0.8495861888 2.4349088669    0.849  0.201  3.8197  4.397    1  0.000  0.531     0.00     0.00 -1 -1.37e-13      0.00 8.267e-01 1.728e-01 8.016e-05 2.204e-05 2.012e-04 -1.000 4.556e-04 4.268 3.973 3.770 3.593 3.324 3.256 3.243 3.243 3.239 3.405 3.243 3.377 3.259 3.258 3.253 3.245 3.245 3.244 3.242 3.239 3.238 3.235 3.239 3.296
0.00057673 -1.43000 9.80618 0.8500000238 2.4350347519    0.849  0.203  3.8199  4.396    1  0.000  0.531     0.00     0.00 -1 -1.37e-13      0.00 8.267e-01 1.728e-01 8.018e-05 2.204e-05 2.012e-04 -1.000 4.548e-04 4.264 3.969 3.766 3.589 3.320 3.253 3.239 3.240 3.236 3.402 3.239 3.373 3.256 3.254 3.250 3.241 3.242 3.241 3.239 3.236 3.235 3.232 3.236 3.292
0.00057673 -1.43000 9.80618 0.8543085456 2.4363379478    0.853  0.220  3.8214  4.386    1  0.000  0.531     0.00     0.00 -1 -1.44e-13      0.00 8.268e-01 1.728e-01 8.019e-05 2.205e-05 2.013e-04 -1.000 4.507e-04 4.219 3.926 3.726 3.551 3.286 3.219 3.206 3.207 3.203 3.367 3.206 3.338 3.222 3.221 3.216 3.208 3.209 3.208 3.206 3.203 3.202 3.199 3.202 3.258
0.00057673 -1.43000 9.80618 0.8662962914 2.4398851395    0.865  0.273  3.8259  4.358    1  0.000  0.531     0.00     0.00 -1 -1.67e-13      0.00 8.268e-01 1.728e-01 8.027e-05 2.207e-05 2.016e-04 -1.000 4.577e-04 4.088 3.802 3.609 3.440 3.183 3.120 3.108 3.109 3.105 3.262 3.108 3.233 3.123 3.122 3.118 3.110 3.111 3.110 3.108 3.105 3.104 3.101 3.104 3.157
0.00057673 -1.43000 9.80618 0.8768203855 2.4429075718    0.876  0.321  3.8298  4.331    1  0.000  0.531     0.00     0.00 -1 -1.91e-13      0.00 8.266e-01 1.729e-01 8.041e-05 2.210e-05 2.019e-04 -1.000 4.724e-04 3.968 3.688 3.501 3.337 3.089 3.028 3.017 3.017 3.013 3.166 3.017 3.136 3.031 3.030 3.026 3.018 3.019 3.019 3.016 3.013 3.013 3.010 3.013 3.063
0.00057673 -1.43000 9.80618 0.8868535757 2.4457123280    0.886  0.369  3.8335  4.302    1  0.000  0.531     0.00     0.00 -1 -2.19e-13      0.00 8.263e-01 1.732e-01 8.057e-05 2.215e-05 2.023e-04 -1.000 4.798e-04 3.848 3.573 3.392 3.233 2.993 2.935 2.924 2.924 2.920 3.068 2.924 3.038 2.937 2.937 2.933 2.925 2.926 2.926 2.923 2.920 2.920 2.917 2.920 2.968
0.00057673 -1.43000 9.80618 0.8967257738 2.4484016895    0.895  0.418  3.8369  4.272    1  0.000  0.531     0.00     0.00 -1 -2.52e-13      0.00 8.260e-01 1.735e-01 8.075e-05 2.220e-05 2.028e-04 -1.000 4.170e-04 3.726 3.456 3.281 3.126 2.893 2.838 2.827 2.828 2.824 2.966 2.827 2.936 2.840 2.840 2.836 2.828 2.829 2.829 2.827 2.824 2.824 2.821 2.824 2.870
0.00057673 -1.43000 9.80618 0.8999999762 2.4492788315    0.899  0.434  3.8379  4.261    1  0.000  0.531     0.00     0.00 -1 -2.65e-13      0.00 8.259e-01 1.737e-01 8.081e-05 2.222e-05 2.029e-04 -1.000 4.220e-04 3.684 3.415 3.242 3.089 2.858 2.804 2.793 2.794 2.790 2.931 2.793 2.901 2.806 2.806 2.802 2.794 2.795 2.795 2.793 2.790 2.790 2.787 2.789 2.835
0.00057673 -1.43000 9.80618 0.9058460593 2.4508264065    0.904  0.464  3.8400  4.243    1  0.000  0.531     0.00     0.00 -1 -2.89e-13      0.00 8.258e-01 1.738e-01 8.083e-05 2.223e-05 2.030e-04 -1.000 4.384e-04 3.610 3.345 3.175 3.025 2.798 2.745 2.735 2.736 2.732 2.870 2.735 2.840 2.748 2.748 2.743 2.736 2.737 2.737 2.735 2.732 2.732 2.729 2.731 2.776
0.00057673 -1.43000 9.80618 0.9173918366 2.4538166523    0.916  0.526  3.8437  4.201    1  0.000  0.531     0.00     0.00 -1 -3.47e-13      0.00 8.248e-01 1.747e-01 8.115e-05 2.232e-05 2.038e-04 -1.000 4.823e-04 3.455 3.195 3.032 2.886 2.668 2.617 2.607 2.608 2.604 2.737 2.608 2.708 2.620 2.620 2.615 2.608 2.609 2.610 2.607 2.604 2.604 2.601 2.603 2.646
0.00057673 -1.43000 9.80618 0.9262881279 2.4560623169    0.925  0.578  3.8460  4.161    1  0.000  0.531     0.00     0.00 -1 -4.09e-13      0.00 8.230e-01 1.765e-01 8.179e-05 2.249e-05 2.053e-04 -1.000 4.824e-04 3.324 3.066 2.907 2.764 2.551 2.502 2.493 2.494 2.489 2.619 2.493 2.590 2.506 2.505 2.500 2.494 2.495 2.495 2.493 2.490 2.489 2.487 2.489 2.531
0.00057673 -1.43000 9.80618 0.9274384975 2.4563491344    0.926  0.585  3.8462  4.156    1  0.000  0.531     0.00     0.00 -1 -4.18e-13      0.00 8.227e-01 1.768e-01 8.188e-05 2.251e-05 2.055e-04 -1.000 4.824e-04 3.307 3.049 2.890 2.748 2.536 2.487 2.477 2.478 2.474 2.603 2.478 2.574 2.490 2.489 2.485 2.478 2.479 2.480 2.477 2.474 2.474 2.471 2.473 2.515
0.00057673 -1.43000 9.80618 0.9313439727 2.4573166370    0.930  0.612  3.8463  4.132    1  0.000  0.531     0.00     0.00 -1 -4.56e-13      0.00 8.218e-01 1.777e-01 8.219e-05 2.259e-05 2.062e-04 -1.000 4.824e-04 3.241 2.983 2.824 2.682 2.470 2.421 2.412 2.412 2.408 2.538 2.412 2.509 2.425 2.424 2.419 2.413 2.414 2.414 2.412 2.408 2.408 2.405 2.408 2.450
0.00057673 -1.43000 9.80618 0.9382503629 2.4590048790    0.937  0.662  3.8452  4.081    1  0.000  0.532     0.00     0.00 -1 -5.38e-13      0.00 8.203e-01 1.792e-01 8.273e-05 2.274e-05 2.075e-04 -1.000 4.824e-04 3.116 2.855 2.695 2.551 2.339 2.289 2.280 2.280 2.276 2.407 2.280 2.378 2.293 2.292 2.287 2.281 2.281 2.282 2.280 2.276 2.276 2.273 2.275 2.319
0.00057673 -1.43000 9.80618 0.9440144300 2.4603922367    0.942  0.707  3.8425  4.027    1  0.000  0.532     0.00     0.00 -1 -6.34e-13      0.00 8.190e-01 1.805e-01 8.317e-05 2.285e-05 2.086e-04 -1.000 4.824e-04 3.003 2.736 2.572 2.425 2.209 2.156 2.146 2.146 2.142 2.277 2.146 2.248 2.161 2.159 2.154 2.148 2.148 2.148 2.146 2.142 2.142 2.139 2.141 2.187
0.00057673 -1.43000 9.80618 0.9452376366 2.4606840611    0.943  0.717  3.8418  4.015    1  0.000  0.532     0.00     0.00 -1 -6.59e-13      0.00 8.187e-01 1.808e-01 8.327e-05 2.288e-05 2.088e-04 -1.000 4.824e-04 2.978 2.709 2.544 2.396 2.179 2.126 2.116 2.116 2.112 2.247 2.116 2.219 2.131 2.128 2.124 2.117 2.118 2.118 2.115 2.112 2.112 2.108 2.111 2.157
0.00057673 -1.43000 9.80618 0.9463536143 2.4609496593    0.945  0.727  3.8402  3.999    2  0.000  0.532     0.00     0.00 -1 -6.88e-13      0.00 8.185e-01 1.810e-01 8.335e-05 2.290e-05 2.090e-04 -1.000 4.824e-04 2.952 2.680 2.513 2.363 2.143 2.089 2.078 2.078 2.074 2.211 2.078 2.183 2.094 2.091 2.087 2.080 2.080 2.080 2.077 2.074 2.074 2.070 2.073 2.121
0.00057673 -1.43000 9.80618 0.9499999285 2.4618122578    0.948  0.763  3.8336  3.938    2  0.000  0.532     0.00     0.00 -1 -7.97e-13      0.00 8.177e-01 1.818e-01 8.364e-05 2.298e-05 2.097e-04 -1.000 4.824e-04 2.862 2.579 2.401 2.243 2.010 1.951 1.940 1.939 1.935 2.082 1.940 2.053 1.957 1.953 1.949 1.942 1.942 1.941 1.939 1.935 1.935 1.931 1.934 1.986
0.00057673 -1.43000 9.80618 0.9509851336 2.4620440006    0.949  0.773  3.8317  3.921    2  0.000  0.532     0.00     0.00 -1  -8.3e-13      0.00 8.175e-01 1.820e-01 8.370e-05 2.299e-05 2.098e-04 -1.000 4.824e-04 2.838 2.551 2.370 2.210 1.973 1.913 1.902 1.901 1.897 2.046 1.901 2.017 1.919 1.915 1.911 1.904 1.903 1.903 1.900 1.897 1.897 1.893 1.896 1.949
0.00057673 -1.43000 9.80618 0.9536691904 2.4626727104    0.952  0.803  3.8234  3.859    2  0.000  0.532     0.00     0.00 -1 -9.54e-13      0.00 8.170e-01 1.825e-01 8.387e-05 2.304e-05 2.102e-04 -1.000 4.825e-04 2.763 2.461 2.267 2.097 1.844 1.778 1.765 1.764 1.759 1.920 1.765 1.892 1.784 1.779 1.775 1.767 1.766 1.766 1.763 1.760 1.759 1.755 1.758 1.817
0.00057673 -1.43000 9.80618 0.9552527666 2.4630417824    0.953  0.822  3.8165  3.813    2  0.000  0.532     0.00     0.00 -1 -1.05e-12      0.00 8.167e-01 1.828e-01 8.397e-05 2.307e-05 2.105e-04 -1.000 4.824e-04 2.714 2.402 2.196 2.017 1.751 1.679 1.666 1.664 1.660 1.831 1.665 1.803 1.687 1.681 1.677 1.668 1.667 1.666 1.663 1.660 1.660 1.655 1.659 1.723
0.00057673 -1.43000 9.80618 0.9565488696 2.4633426666    0.955  0.840  3.8089  3.766    2  0.000  0.532     0.00     0.00 -1 -1.16e-12      0.00 8.165e-01 1.830e-01 8.405e-05 2.309e-05 2.107e-04 -1.000 4.824e-04 2.671 2.346 2.129 1.940 1.658 1.581 1.566 1.564 1.559 1.741 1.565 1.714 1.589 1.582 1.578 1.569 1.567 1.566 1.563 1.559 1.559 1.554 1.558 1.628
0.00057673 -1.43000 9.80618 0.9576218724 2.4635910988    0.956  0.854  3.8010  3.720    2  0.000  0.532     0.00     0.00 -1 -1.26e-12      0.00 8.163e-01 1.832e-01 8.411e-05 2.311e-05 2.108e-04 -1.000 4.823e-04 2.634 2.298 2.068 1.868 1.571 1.487 1.471 1.469 1.463 1.657 1.470 1.631 1.497 1.489 1.484 1.474 1.472 1.471 1.468 1.464 1.463 1.459 1.463 1.539
0.00057673 -1.43000 9.80618 0.9585285783 2.4638006687    0.957  0.867  3.7932  3.677    2  0.000  0.532     0.00     0.00 -1 -1.36e-12      0.00 8.160e-01 1.835e-01 8.430e-05 2.315e-05 2.113e-04 -1.000 4.824e-04 2.604 2.257 2.013 1.804 1.492 1.400 1.383 1.381 1.375 1.580 1.382 1.555 1.412 1.402 1.397 1.387 1.384 1.383 1.380 1.376 1.375 1.371 1.374 1.457
0.00057673 -1.43000 9.80618 0.9595567584 2.4640376568    0.958  0.879  3.7830  3.624    2  0.000  0.532     0.00     0.00 -1 -1.49e-12      0.00 8.126e-01 1.869e-01 8.604e-05 2.362e-05 2.154e-04 -1.000 4.926e-04 2.573 2.213 1.952 1.729 1.396 1.296 1.277 1.274 1.267 1.489 1.275 1.466 1.310 1.298 1.293 1.281 1.277 1.276 1.273 1.268 1.267 1.263 1.266 1.359
0.00057673 -1.43000 9.80618 0.9604737163 2.4642484188    0.959  0.887  3.7731  3.577    2  0.000  0.533     0.00     0.00 -1  -1.6e-12      0.00 8.020e-01 1.975e-01 8.989e-05 2.465e-05 2.246e-04 -1.000 5.021e-04 2.552 2.180 1.903 1.666 1.315 1.205 1.183 1.179 1.172 1.410 1.181 1.390 1.221 1.207 1.201 1.188 1.183 1.181 1.178 1.173 1.172 1.168 1.171 1.274
0.00057673 -1.43000 9.80618 0.9613451362 2.4644482136    0.959  0.893  3.7642  3.535    2  0.000  0.535     0.00     0.00 -1 -1.71e-12      0.00 7.836e-01 2.159e-01 9.584e-05 2.624e-05 2.388e-04 -1.000 5.187e-04 2.537 2.154 1.861 1.613 1.244 1.125 1.101 1.096 1.089 1.341 1.099 1.324 1.144 1.128 1.121 1.106 1.101 1.099 1.095 1.090 1.089 1.085 1.088 1.201
0.00057673 -1.43000 9.80618 0.9623908401 2.4646875858    0.960  0.909  3.7545  3.481    2  0.000  0.536     0.00     0.00 -1 -1.88e-12      0.00 7.695e-01 2.299e-01 1.003e-04 2.743e-05 2.494e-04 -1.000 5.530e-04 2.497 2.102 1.794 1.532 1.145 1.017 0.990 0.984 0.977 1.245 0.988 1.230 1.038 1.020 1.012 0.996 0.990 0.987 0.983 0.977 0.977 0.974 0.977 1.099
0.00057673 -1.43000 9.80618 0.9633934498 2.4649167061    0.961  0.941  3.7472  3.421    2  0.000  0.537     0.00     0.00 -1 -2.16e-12      0.00 7.633e-01 2.361e-01 1.023e-04 2.796e-05 2.541e-04 -1.000 5.981e-04 2.417 2.015 1.695 1.422 1.022 0.885 0.857 0.850 0.843 1.123 0.854 1.110 0.910 0.889 0.880 0.863 0.856 0.852 0.848 0.842 0.843 0.840 0.843 0.973
0.00057673 -1.43000 9.80618 0.9639541507 2.4650444984    0.962  0.965  3.7439  3.383    2  0.000  0.537     0.00     0.00 -1 -2.39e-12      0.00 7.611e-01 2.383e-01 1.030e-04 2.814e-05 2.557e-04 -1.000 5.971e-04 2.356 1.951 1.624 1.347 0.941 0.801 0.771 0.764 0.757 1.042 0.768 1.031 0.826 0.804 0.795 0.778 0.770 0.766 0.762 0.756 0.757 0.755 0.758 0.891
0.00057673 -1.43000 9.80618 0.9643266201 2.4651291370    0.962  0.986  3.7423  3.356    3  0.000  0.537     0.00     0.00 -1 -2.59e-12      0.00 7.599e-01 2.395e-01 1.032e-04 2.822e-05 2.564e-04 -1.000 6.007e-04 2.304 1.897 1.568 1.288 0.878 0.737 0.707 0.699 0.693 0.981 0.704 0.970 0.763 0.741 0.731 0.713 0.706 0.702 0.698 0.692 0.692 0.691 0.693 0.829
0.00057673 -1.43000 9.80618 0.9650715590 2.4652986526    0.963  1.031  3.7393  3.299    3  0.000  0.537     0.00     0.00 -1 -3.05e-12      0.00 7.577e-01 2.417e-01 1.037e-04 2.835e-05 2.576e-04 -1.000 5.950e-04 2.192 1.782 1.447 1.163 0.748 0.603 0.573 0.565 0.559 0.851 0.569 0.841 0.630 0.607 0.598 0.579 0.571 0.567 0.563 0.557 0.558 0.557 0.559 0.697
0.00057673 -1.43000 9.80618 0.9656918049 2.4654393196    0.964  1.073  3.7371  3.250    3  0.000  0.537     0.00     0.00 -1 -3.56e-12      0.00 7.560e-01 2.434e-01 1.040e-04 2.844e-05 2.584e-04 -1.000 5.962e-04 2.088 1.677 1.338 1.051 0.631 0.484 0.453 0.445 0.439 0.735 0.450 0.726 0.512 0.488 0.479 0.461 0.452 0.448 0.444 0.438 0.438 0.438 0.440 0.580
0.00057673 -1.43000 9.80618 0.9663537741 2.4655895233    0.964  1.120  3.7351  3.194    3  0.000  0.536     0.00     0.00 -1 -4.23e-12      0.00 7.540e-01 2.454e-01 1.042e-04 2.855e-05 2.590e-04 -1.000 5.948e-04 1.969 1.556 1.214 0.923 0.499 0.350 0.319 0.310 0.305 0.603 0.315 0.595 0.378 0.354 0.344 0.326 0.317 0.313 0.309 0.303 0.303 0.304 0.306 0.447
0.00057673 -1.43000 9.80618 0.9669083953 2.4657149315    0.965  1.163  3.7334  3.145    3  0.000  0.534     0.00     0.00 -1 -4.94e-12      0.00 7.521e-01 2.473e-01 1.039e-04 2.877e-05 2.595e-04 -1.000 5.968e-04 1.862 1.447 1.103 0.809 0.382 0.231 0.199 0.190 0.185 0.486 0.195 0.479 0.260 0.235 0.225 0.207 0.197 0.193 0.189 0.183 0.184 0.185 0.186 0.329
0.00057673 -1.43000 9.80618 0.9674853683 2.4658453465    0.965  1.211  3.7317  3.090    3  0.000  0.528     0.00     0.00 -1 -5.87e-12      0.00 7.500e-01 2.494e-01 1.029e-04 2.955e-05 2.600e-04 -1.000 6.030e-04 1.742 1.327 0.979 0.683 0.252 0.099 0.067 0.058 0.053 0.357 0.063 0.350 0.128 0.103 0.093 0.075 0.065 0.061 0.057 0.050 0.052 0.054 0.055 0.199
0.00057673 -1.43000 9.80618 0.9680125713 2.4659643173    0.966  1.258  3.7300  3.037    3  0.000  0.518     0.00     0.00 -1 -6.95e-12      0.00 7.480e-01 2.514e-01 1.009e-04 3.145e-05 2.603e-04 -1.000 5.739e-04 1.625 1.209 0.858 0.559 0.125 -0.030 -0.062 -0.071 -0.076 0.230 -0.066 0.224 -0.000 -0.026 -0.036 -0.054 -0.064 -0.068 -0.072 -0.079 -0.077 -0.075 -0.074 0.071
0.00057673 -1.43000 9.80618 0.9684970379 2.4660735130    0.966  1.304  3.7284  2.984    3  0.000  0.505     0.00     0.00 -1 -8.21e-12      0.00 7.461e-01 2.533e-01 9.849e-05 3.423e-05 2.606e-04 -1.000 5.806e-04 1.509 1.092 0.738 0.437 -0.001 -0.158 -0.190 -0.199 -0.204 0.105 -0.194 0.099 -0.127 -0.154 -0.163 -0.182 -0.192 -0.196 -0.200 -0.207 -0.205 -0.202 -0.202 -0.055
0.00057673 -1.43000 9.80618 0.9689346552 2.4661722183    0.966  1.349  3.7269  2.934    3  0.000  0.493     0.00     0.00 -1 -9.66e-12      0.00 7.444e-01 2.550e-01 9.618e-05 3.705e-05 2.608e-04 -1.000 6.030e-04 1.397 0.978 0.621 0.318 -0.123 -0.281 -0.314 -0.323 -0.327 -0.017 -0.317 -0.022 -0.250 -0.277 -0.287 -0.305 -0.315 -0.320 -0.324 -0.331 -0.329 -0.326 -0.325 -0.177
0.00057673 -1.43000 9.80618 0.9693413973 2.4662637711    0.967  1.394  3.7254  2.883    3  0.000  0.482     0.00     0.00 -1 -1.14e-11      0.00 7.430e-01 2.564e-01 9.426e-05 3.946e-05 2.610e-04 -1.000 6.030e-04 1.284 0.865 0.505 0.199 -0.245 -0.404 -0.438 -0.447 -0.451 -0.138 -0.441 -0.143 -0.373 -0.400 -0.410 -0.429 -0.439 -0.444 -0.448 -0.455 -0.453 -0.449 -0.449 -0.300
0.00057673 -1.43000 9.80618 0.9697426558 2.4663538933    0.967  1.442  3.7236  2.828    3  0.000  0.474     0.00     0.00 -1 -1.35e-11      0.00 7.416e-01 2.578e-01 9.260e-05 4.155e-05 2.611e-04 -1.000 5.984e-04 1.165 0.744 0.381 0.072 -0.375 -0.537 -0.570 -0.580 -0.584 -0.268 -0.574 -0.272 -0.505 -0.533 -0.543 -0.561 -0.572 -0.577 -0.581 -0.588 -0.586 -0.581 -0.581 -0.431
0.00057673 -1.43000 9.80618 0.9700996280 2.4664340019    0.967  1.489  3.7220  2.775    3  0.000  0.468     0.00     0.00 -1  -1.6e-11      0.00 7.406e-01 2.588e-01 9.147e-05 4.300e-05 2.612e-04 -1.000 5.963e-04 1.049 0.627 0.261 -0.050 -0.501 -0.665 -0.698 -0.708 -0.712 -0.394 -0.703 -0.397 -0.632 -0.661 -0.671 -0.689 -0.701 -0.706 -0.710 -0.717 -0.714 -0.708 -0.709 -0.557
0.00057673 -1.43000 9.80618 0.9704139829 2.4665045738    0.967  1.533  3.7203  2.724    3  0.000  0.463     0.00     0.00 -1 -1.87e-11      0.00 7.399e-01 2.596e-01 9.067e-05 4.404e-05 2.613e-04 -1.000 5.802e-04 0.938 0.516 0.147 -0.167 -0.622 -0.787 -0.821 -0.831 -0.834 -0.514 -0.826 -0.517 -0.754 -0.783 -0.793 -0.812 -0.824 -0.829 -0.833 -0.840 -0.837 -0.830 -0.831 -0.679
0.00057673 -1.43000 9.80618 0.9707092047 2.4665708542    0.968  1.578  3.7185  2.672    3  0.000  0.460     0.00     0.00 -1 -2.21e-11      0.00 7.392e-01 2.602e-01 9.003e-05 4.486e-05 2.613e-04 -1.000 5.763e-04 0.826 0.403 0.031 -0.286 -0.744 -0.912 -0.946 -0.956 -0.959 -0.636 -0.951 -0.638 -0.878 -0.908 -0.918 -0.936 -0.949 -0.954 -0.958 -0.965 -0.962 -0.954 -0.955 -0.802
0.00057673 -1.43000 9.80618 0.9709904790 2.4666337967    0.968  1.624  3.7168  2.619    3  0.000  0.457     0.00     0.00 -1 -2.61e-11      0.00 7.387e-01 2.607e-01 8.960e-05 4.541e-05 2.614e-04 -1.000 6.030e-04 0.711 0.287 -0.088 -0.408 -0.870 -1.040 -1.074 -1.085 -1.087 -0.762 -1.079 -0.763 -1.006 -1.036 -1.046 -1.065 -1.077 -1.082 -1.087 -1.094 -1.090 -1.081 -1.083 -0.928
0.00057673 -1.43000 9.80618 0.9712428451 2.4666903019    0.968  1.669  3.7150  2.567    3  0.000  0.456     0.00     0.00 -1 -3.07e-11      0.00 7.384e-01 2.610e-01 8.934e-05 4.575e-05 2.614e-04 -1.000 5.688e-04 0.599 0.175 -0.204 -0.527 -0.993 -1.165 -1.199 -1.210 -1.212 -0.884 -1.204 -0.884 -1.130 -1.161 -1.171 -1.189 -1.202 -1.207 -1.212 -1.219 -1.215 -1.205 -1.207 -1.052
0.00057673 -1.43000 9.80618 0.9714771509 2.4667427540    0.968  1.713  3.7131  2.515    3  0.000  0.455     0.00     0.00 -1 -3.62e-11      0.00 7.383e-01 2.611e-01 8.920e-05 4.592e-05 2.614e-04 -1.000 6.031e-04 0.486 0.062 -0.320 -0.646 -1.116 -1.291 -1.325 -1.337 -1.338 -1.008 -1.331 -1.007 -1.256 -1.287 -1.297 -1.315 -1.329 -1.334 -1.339 -1.346 -1.341 -1.330 -1.332 -1.176
0.00057673 -1.43000 9.80618 0.9716971517 2.4667918682    0.968  1.759  3.7112  2.461    3  0.000  0.455     0.00     0.00 -1 -4.27e-11      0.00 7.382e-01 2.612e-01 8.912e-05 4.602e-05 2.614e-04 -1.000 6.030e-04 0.372 -0.053 -0.439 -0.768 -1.242 -1.419 -1.453 -1.465 -1.466 -1.133 -1.459 -1.131 -1.383 -1.415 -1.425 -1.443 -1.457 -1.462 -1.467 -1.474 -1.470 -1.457 -1.460 -1.303
0.00057673 -1.43000 9.80618 0.9718922377 2.4668354988    0.968  1.803  3.7092  2.410    3  0.000  0.455     0.00     0.00 -1 -5.01e-11      0.00 7.382e-01 2.612e-01 8.909e-05 4.606e-05 2.614e-04 -1.000 6.029e-04 0.263 -0.163 -0.553 -0.885 -1.363 -1.542 -1.577 -1.589 -1.589 -1.254 -1.583 -1.251 -1.506 -1.538 -1.549 -1.567 -1.581 -1.586 -1.591 -1.599 -1.594 -1.580 -1.582 -1.424
0.00057673 -1.43000 9.80618 0.9720776677 2.4668769836    0.968  1.848  3.7073  2.357    3  0.000  0.455     0.00     0.00 -1 -5.91e-11      0.00 7.382e-01 2.612e-01 8.908e-05 4.607e-05 2.614e-04 -1.000 6.030e-04 0.150 -0.275 -0.669 -1.005 -1.488 -1.669 -1.704 -1.717 -1.716 -1.378 -1.710 -1.373 -1.631 -1.664 -1.676 -1.693 -1.708 -1.714 -1.719 -1.726 -1.720 -1.705 -1.708 -1.549
0.00057673 -1.43000 9.80618 0.9722499847 2.4669153690    0.968  1.893  3.7052  2.304    3  0.000  0.455     0.00     0.00 -1 -6.97e-11      0.00 7.382e-01 2.612e-01 8.907e-05 4.609e-05 2.614e-04 -1.000 6.030e-04 0.038 -0.388 -0.786 -1.125 -1.612 -1.796 -1.831 -1.845 -1.843 -1.502 -1.838 -1.497 -1.758 -1.791 -1.803 -1.820 -1.836 -1.841 -1.846 -1.854 -1.848 -1.831 -1.834 -1.675
0.00057673 -1.43000 9.80618 0.9724023938 2.4669494629    0.968  1.936  3.7032  2.253    3  0.000  0.455     0.00     0.00 -1 -8.16e-11      0.00 7.382e-01 2.612e-01 8.906e-05 4.610e-05 2.614e-04 -1.000 6.030e-04 -0.070 -0.495 -0.898 -1.240 -1.732 -1.918 -1.954 -1.967 -1.965 -1.621 -1.960 -1.615 -1.879 -1.913 -1.925 -1.942 -1.959 -1.964 -1.969 -1.977 -1.970 -1.952 -1.955 -1.795
0.00057673 -1.43000 9.80618 0.9725495577 2.4669823647    0.967  1.981  3.7012  2.200    3  0.000  0.455     0.00     0.00 -1 -9.62e-11      0.00 7.382e-01 2.612e-01 8.905e-05 4.612e-05 2.615e-04 -1.000 6.029e-04 -0.182 -0.607 -1.014 -1.359 -1.856 -2.045 -2.081 -2.095 -2.091 -1.745 -2.087 -1.737 -2.005 -2.040 -2.052 -2.068 -2.086 -2.092 -2.097 -2.104 -2.097 -2.077 -2.081 -1.920
0.00057673 -1.43000 9.80618 0.9726819396 2.4670119286    0.967  2.024  3.6990  2.148    3  0.000  0.454     0.00     0.00 -1 -1.13e-10      0.00 7.382e-01 2.612e-01 8.904e-05 4.613e-05 2.615e-04 -1.000 6.030e-04 -0.289 -0.715 -1.126 -1.475 -1.977 -2.168 -2.204 -2.218 -2.214 -1.865 -2.210 -1.856 -2.127 -2.163 -2.175 -2.191 -2.209 -2.215 -2.220 -2.228 -2.221 -2.199 -2.203 -2.041
0.00057673 -1.43000 9.80618 0.9728091955 2.4670403004    0.967  2.068  3.6968  2.095    3  0.000  0.454     0.00     0.00 -1 -1.33e-10      0.00 7.381e-01 2.613e-01 8.903e-05 4.614e-05 2.615e-04 -1.000 6.030e-04 -0.399 -0.825 -1.240 -1.593 -2.100 -2.293 -2.330 -2.345 -2.339 -1.987 -2.337 -1.978 -2.252 -2.288 -2.301 -2.316 -2.336 -2.342 -2.347 -2.354 -2.347 -2.323 -2.328 -2.165
0.00057673 -1.43000 9.80618 0.9729266167 2.4670665264    0.967  2.110  3.6947  2.044    3  0.000  0.454     0.00     0.00 -1 -1.55e-10      0.00 7.381e-01 2.613e-01 8.902e-05 4.615e-05 2.615e-04 -1.000 6.030e-04 -0.505 -0.929 -1.349 -1.706 -2.218 -2.414 -2.451 -2.466 -2.460 -2.105 -2.458 -2.094 -2.372 -2.409 -2.421 -2.436 -2.457 -2.463 -2.468 -2.476 -2.468 -2.442 -2.447 -2.284
0.00057673 -1.43000 9.80618 0.9730530381 2.4670946598    0.966  2.151  3.6926  1.995    3  0.000  0.454     0.00     0.00 -1  -1.8e-10      0.00 7.381e-01 2.613e-01 8.901e-05 4.616e-05 2.615e-04 -1.000 6.030e-04 -0.606 -1.030 -1.454 -1.814 -2.332 -2.531 -2.567 -2.583 -2.576 -2.218 -2.574 -2.206 -2.488 -2.525 -2.538 -2.551 -2.574 -2.580 -2.585 -2.593 -2.584 -2.556 -2.562 -2.398
0.00057673 -1.43000 9.80618 0.9731357098 2.4671130180    0.966  2.167  3.6919  1.975    3  0.000  0.454     0.00     0.00 -1 -1.93e-10      0.00 7.381e-01 2.613e-01 8.901e-05 4.617e-05 2.615e-04 -1.000 6.030e-04 -0.649 -1.072 -1.497 -1.859 -2.378 -2.578 -2.614 -2.631 -2.623 -2.264 -2.622 -2.252 -2.535 -2.573 -2.585 -2.599 -2.621 -2.628 -2.633 -2.641 -2.632 -2.603 -2.609 -2.445
0.00057673 -1.43000 9.80618 0.9732124209 2.4671301842    0.966  2.142  3.6935  2.007    3  0.000  0.454     0.00     0.00 -1 -1.77e-10      0.00 7.381e-01 2.613e-01 8.900e-05 4.617e-05 2.615e-04 -1.000 6.029e-04 -0.584 -1.008 -1.430 -1.789 -2.305 -2.502 -2.538 -2.554 -2.547 -2.191 -2.546 -2.180 -2.460 -2.497 -2.509 -2.524 -2.545 -2.551 -2.556 -2.564 -2.556 -2.528 -2.534 -2.371
0.00057673 -1.43000 9.80618 0.9732578397 2.4671401978    0.966  2.124  3.6946  2.030    3  0.000  0.454     0.00     0.00 -1 -1.65e-10      0.00 7.381e-01 2.613e-01 8.900e-05 4.618e-05 2.615e-04 -1.000 6.029e-04 -0.539 -0.964 -1.384 -1.741 -2.253 -2.449 -2.486 -2.501 -2.495 -2.140 -2.493 -2.129 -2.408 -2.444 -2.457 -2.471 -2.492 -2.498 -2.503 -2.511 -2.503 -2.477 -2.482 -2.319
0.00057673 -1.43000 9.80618 0.9732992053 2.4671494961    0.966  2.144  3.6936  2.006    3  0.000  0.454     0.00     0.00 -1 -1.77e-10      0.00 7.381e-01 2.613e-01 8.900e-05 4.618e-05 2.615e-04 -1.000 6.030e-04 -0.589 -1.013 -1.435 -1.794 -2.309 -2.506 -2.543 -2.558 -2.552 -2.195 -2.550 -2.184 -2.464 -2.501 -2.514 -2.528 -2.549 -2.555 -2.560 -2.568 -2.560 -2.533 -2.538 -2.375
0.00057673 -1.43000 9.80618 0.9733862281 2.4671688080    0.965  2.186  3.6914  1.954    3  0.000  0.454     0.00     0.00 -1 -2.05e-10      0.00 7.381e-01 2.613e-01 8.899e-05 4.619e-05 2.615e-04 -1.000 6.030e-04 -0.694 -1.117 -1.544 -1.906 -2.427 -2.627 -2.664 -2.680 -2.672 -2.313 -2.671 -2.301 -2.584 -2.622 -2.635 -2.648 -2.671 -2.677 -2.682 -2.690 -2.681 -2.651 -2.657 -2.494
0.00057673 -1.43000 9.80618 0.9734671116 2.4671869278    0.965  2.226  3.6892  1.905    3  0.000  0.454     0.00     0.00 -1 -2.38e-10      0.00 7.381e-01 2.613e-01 8.899e-05 4.620e-05 2.615e-04 -1.000 6.030e-04 -0.795 -1.217 -1.649 -2.015 -2.541 -2.744 -2.780 -2.798 -2.789 -2.426 -2.788 -2.413 -2.700 -2.738 -2.751 -2.764 -2.788 -2.795 -2.800 -2.808 -2.798 -2.765 -2.772 -2.609
0.00057673 -1.43000 9.80618 0.9735423326 2.4672036171    0.965  2.266  3.6870  1.856    3  0.000  0.454     0.00     0.00 -1 -2.76e-10      0.00 7.381e-01 2.613e-01 8.898e-05 4.620e-05 2.615e-04 -1.000 6.030e-04 -0.895 -1.316 -1.751 -2.122 -2.653 -2.859 -2.895 -2.914 -2.903 -2.538 -2.903 -2.523 -2.814 -2.853 -2.867 -2.878 -2.904 -2.910 -2.916 -2.924 -2.914 -2.878 -2.885 -2.721
0.00057673 -1.43000 9.80618 0.9736133218 2.4672193527    0.964  2.306  3.6847  1.808    3  0.000  0.454     0.00     0.00 -1  -3.2e-10      0.00 7.381e-01 2.613e-01 8.898e-05 4.621e-05 2.615e-04 -1.000 6.030e-04 -0.994 -1.414 -1.855 -2.229 -2.765 -2.974 -3.011 -3.030 -3.019 -2.650 -3.019 -2.634 -2.928 -2.969 -2.982 -2.992 -3.020 -3.027 -3.032 -3.040 -3.029 -2.991 -2.999 -2.835
0.00057673 -1.43000 9.80618 0.9736788869 2.4672341347    0.964  2.345  3.6825  1.759    3  0.000  0.454     0.00     0.00 -1  -3.7e-10      0.00 7.381e-01 2.613e-01 8.897e-05 4.621e-05 2.615e-04 -1.000 6.030e-04 -1.092 -1.511 -1.956 -2.335 -2.876 -3.088 -3.124 -3.145 -3.132 -2.760 -3.133 -2.744 -3.041 -3.082 -3.096 -3.105 -3.134 -3.141 -3.147 -3.155 -3.143 -3.102 -3.111 -2.947
0.00057673 -1.43000 9.80618 0.9737402797 2.4672477245    0.963  2.384  3.6803  1.711    3  0.000  0.454     0.00     0.00 -1 -4.28e-10      0.00 7.381e-01 2.613e-01 8.897e-05 4.622e-05 2.615e-04 -1.000 6.030e-04 -1.190 -1.607 -2.057 -2.440 -2.987 -3.202 -3.238 -3.259 -3.245 -2.871 -3.247 -2.853 -3.154 -3.196 -3.210 -3.217 -3.249 -3.256 -3.261 -3.270 -3.258 -3.213 -3.223 -3.058
0.00057673 -1.43000 9.80618 0.9737967253 2.4672603607    0.963  2.422  3.6780  1.663    3  0.000  0.454     0.00     0.00 -1 -4.95e-10      0.00 7.381e-01 2.613e-01 8.897e-05 4.622e-05 2.615e-04 -1.000 6.030e-04 -1.286 -1.700 -2.155 -2.543 -3.096 -3.314 -3.350 -3.372 -3.357 -2.979 -3.360 -2.960 -3.265 -3.308 -3.322 -3.328 -3.362 -3.368 -3.374 -3.383 -3.370 -3.322 -3.333 -3.168
0.00057673 -1.43000 9.80618 0.9738494754 2.4672720432    0.962  2.461  3.6757  1.615    3  0.000  0.454     0.00     0.00 -1 -5.71e-10      0.00 7.381e-01 2.613e-01 8.896e-05 4.623e-05 2.615e-04 -1.000 6.030e-04 -1.382 -1.793 -2.254 -2.645 -3.205 -3.426 -3.461 -3.485 -3.468 -3.087 -3.472 -3.067 -3.376 -3.419 -3.434 -3.438 -3.474 -3.481 -3.487 -3.495 -3.482 -3.431 -3.443 -3.277
0.00057673 -1.43000 9.80618 0.9738981128 2.4672827721    0.962  2.498  3.6734  1.568    3  0.000  0.454     0.00     0.00 -1 -6.58e-10      0.00 7.381e-01 2.613e-01 8.896e-05 4.623e-05 2.615e-04 -1.000 6.030e-04 -1.476 -1.885 -2.350 -2.746 -3.312 -3.536 -3.571 -3.596 -3.578 -3.194 -3.582 -3.172 -3.485 -3.529 -3.545 -3.546 -3.585 -3.592 -3.598 -3.607 -3.593 -3.538 -3.551 -3.385
0.00057673 -1.43000 9.80618 0.9739436507 2.4672930241    0.961  2.536  3.6711  1.521    3  0.000  0.454     0.00     0.00 -1 -7.57e-10      0.00 7.381e-01 2.613e-01 8.896e-05 4.624e-05 2.615e-04 -1.000 6.029e-04 -1.570 -1.976 -2.447 -2.848 -3.419 -3.646 -3.681 -3.707 -3.688 -3.301 -3.693 -3.278 -3.594 -3.640 -3.655 -3.655 -3.697 -3.703 -3.710 -3.718 -3.704 -3.646 -3.659 -3.494
0.00057673 -1.43000 9.80618 0.9739959240 2.4673044682    0.960  2.582  3.6682  1.463    3  0.000  0.454     0.00     0.00 -1 -9.01e-10      0.00 7.381e-01 2.613e-01 8.895e-05 4.624e-05 2.615e-04 -1.000 6.029e-04 -1.686 -2.089 -2.566 -2.973 -3.551 -3.783 -3.817 -3.845 -3.823 -3.432 -3.829 -3.408 -3.729 -3.776 -3.792 -3.789 -3.834 -3.841 -3.847 -3.856 -3.840 -3.778 -3.792 -3.627
0.00057673 -1.43000 9.80618 0.9740424752 2.4673149586    0.959  2.627  3.6654  1.407    3  0.000  0.454     0.00     0.00 -1 -1.06e-09      0.00 7.381e-01 2.613e-01 8.895e-05 4.624e-05 2.615e-04 -1.000 6.030e-04 -1.796 -2.195 -2.679 -3.092 -3.678 -3.913 -3.947 -3.977 -3.954 -3.559 -3.960 -3.532 -3.858 -3.906 -3.922 -3.916 -3.966 -3.973 -3.979 -3.988 -3.972 -3.905 -3.920 -3.755
0.00057673 -1.43000 9.80618 0.9740785956 2.4673230648    0.958  2.664  3.6629  1.359    3  0.000  0.454     0.00     0.00 -1 -1.23e-09      0.00 7.381e-01 2.613e-01 8.895e-05 4.625e-05 2.615e-04 -1.000 6.030e-04 -1.889 -2.284 -2.774 -3.192 -3.784 -4.023 -4.057 -4.088 -4.063 -3.665 -4.070 -3.637 -3.967 -4.016 -4.033 -4.024 -4.077 -4.084 -4.090 -4.100 -4.083 -4.011 -4.027 -3.863
0.00057673 -1.43000 9.80618 0.9741190076 2.4673318863    0.957  2.708  3.6600  1.303    3  0.000  0.454     0.00     0.00 -1 -1.45e-09      0.00 7.381e-01 2.613e-01 8.895e-05 4.625e-05 2.615e-04 -1.000 6.030e-04 -1.999 -2.389 -2.887 -3.311 -3.911 -4.154 -4.187 -4.220 -4.193 -3.791 -4.201 -3.762 -4.096 -4.146 -4.164 -4.151 -4.208 -4.215 -4.222 -4.232 -4.214 -4.137 -4.155 -3.990
0.00057673 -1.43000 9.80618 0.9741557240 2.4673402309    0.956  2.751  3.6570  1.247    3  0.000  0.454     0.00     0.00 -1 -1.71e-09      0.00 7.381e-01 2.613e-01 8.894e-05 4.625e-05 2.615e-04 -1.000 6.030e-04 -2.108 -2.493 -2.998 -3.429 -4.036 -4.283 -4.315 -4.351 -4.322 -3.915 -4.330 -3.885 -4.223 -4.275 -4.293 -4.277 -4.339 -4.346 -4.353 -4.363 -4.344 -4.262 -4.280 -4.117
0.00057673 -1.43000 9.80618 0.9741845727 2.4673464298    0.955  2.787  3.6546  1.201    3  0.000  0.454     0.00     0.00 -1 -1.96e-09      0.00 7.381e-01 2.613e-01 8.894e-05 4.626e-05 2.615e-04 -1.000 6.030e-04 -2.199 -2.580 -3.090 -3.527 -4.141 -4.391 -4.423 -4.460 -4.430 -4.020 -4.439 -3.987 -4.330 -4.383 -4.401 -4.382 -4.448 -4.455 -4.462 -4.472 -4.453 -4.366 -4.386 -4.222
0.00057673 -1.43000 9.80618 0.9742156267 2.4673533440    0.953  2.829  3.6517  1.147    3  0.000  0.454     0.00     0.00 -1 -2.29e-09      0.00 7.381e-01 2.613e-01 8.894e-05 4.626e-05 2.615e-04 -1.000 6.030e-04 -2.302 -2.676 -3.194 -3.638 -4.260 -4.515 -4.545 -4.585 -4.553 -4.138 -4.562 -4.104 -4.452 -4.507 -4.525 -4.502 -4.572 -4.580 -4.587 -4.598 -4.578 -4.485 -4.506 -4.342
0.00057673 -1.43000 9.80618 0.9742451310 2.4673600197    0.951  2.871  3.6488  1.093    3  0.000  0.454     0.00     0.00 -1 -2.69e-09      0.00 7.381e-01 2.613e-01 8.894e-05 4.626e-05 2.615e-04 -1.000 6.030e-04 -2.407 -2.773 -3.300 -3.750 -4.381 -4.640 -4.670 -4.712 -4.678 -4.259 -4.688 -4.223 -4.576 -4.632 -4.651 -4.624 -4.699 -4.707 -4.714 -4.725 -4.705 -4.607 -4.628 -4.464
0.00057673 -1.43000 9.80618 0.9742727280 2.4673662186    0.950  2.913  3.6457  1.037    3  0.000  0.454     0.00     0.00 -1 -3.17e-09      0.00 7.381e-01 2.613e-01 8.894e-05 4.626e-05 2.615e-04 -1.000 6.029e-04 -2.513 -2.870 -3.405 -3.863 -4.503 -4.768 -4.796 -4.840 -4.805 -4.381 -4.816 -4.343 -4.701 -4.759 -4.779 -4.748 -4.828 -4.835 -4.843 -4.855 -4.833 -4.730 -4.752 -4.588
0.00057673 -1.43000 9.80618 0.9742972851 2.4673717022    0.948  2.954  3.6428  0.984    3  0.000  0.454     0.00     0.00 -1 -3.69e-09      0.00 7.381e-01 2.613e-01 8.893e-05 4.627e-05 2.615e-04 -1.000 6.030e-04 -2.614 -2.963 -3.506 -3.971 -4.620 -4.889 -4.916 -4.963 -4.926 -4.497 -4.937 -4.457 -4.820 -4.880 -4.900 -4.865 -4.950 -4.958 -4.966 -4.977 -4.955 -4.846 -4.870 -4.705
0.00057673 -1.43000 9.80618 0.9743204713 2.4673767090    0.946  2.994  3.6399  0.931    3  0.000  0.454     0.00     0.00 -1 -4.32e-09      0.00 7.381e-01 2.613e-01 8.893e-05 4.627e-05 2.615e-04 -1.000 6.030e-04 -2.715 -3.056 -3.608 -4.081 -4.737 -5.011 -5.037 -5.087 -5.048 -4.614 -5.059 -4.572 -4.939 -5.001 -5.023 -4.983 -5.073 -5.081 -5.090 -5.102 -5.079 -4.964 -4.988 -4.824
0.00057673 -1.43000 9.80618 0.9743420482 2.4673814774    0.943  3.034  3.6369  0.878    3  0.000  0.454     0.00     0.00 -1 -5.04e-09      0.00 7.381e-01 2.613e-01 8.893e-05 4.627e-05 2.615e-04 -1.000 6.030e-04 -2.816 -3.146 -3.707 -4.188 -4.853 -5.132 -5.157 -5.210 -5.169 -4.730 -5.181 -4.685 -5.058 -5.122 -5.144 -5.100 -5.196 -5.204 -5.213 -5.225 -5.202 -5.082 -5.107 -4.941
0.00057673 -1.43000 9.80618 0.9743621349 2.4673860073    0.941  3.074  3.6339  0.825    3  0.000  0.454     0.00     0.00 -1 -5.87e-09      0.00 7.381e-01 2.613e-01 8.893e-05 4.627e-05 2.615e-04 -1.000 6.030e-04 -2.914 -3.233 -3.804 -4.293 -4.967 -5.251 -5.276 -5.331 -5.289 -4.844 -5.300 -4.797 -5.175 -5.241 -5.264 -5.216 -5.316 -5.325 -5.334 -5.346 -5.323 -5.198 -5.224 -5.057
0.00057673 -1.43000 9.80618 0.9743803144 2.4673900604    0.938  3.112  3.6311  0.775    3  0.000  0.454     0.00     0.00 -1 -6.79e-09      0.00 7.381e-01 2.613e-01 8.893e-05 4.627e-05 2.615e-04 -1.000 6.029e-04 -3.009 -3.317 -3.897 -4.394 -5.076 -5.366 -5.389 -5.447 -5.403 -4.953 -5.415 -4.904 -5.286 -5.355 -5.379 -5.326 -5.432 -5.441 -5.450 -5.463 -5.439 -5.309 -5.336 -5.167
0.00057673 -1.43000 9.80618 0.9743978381 2.4673938751    0.936  3.150  3.6282  0.724    3  0.000  0.454     0.00     0.00 -1 -7.89e-09      0.00 7.381e-01 2.613e-01 8.893e-05 4.628e-05 2.615e-04 -1.000 6.030e-04 -3.106 -3.403 -3.993 -4.498 -5.188 -5.483 -5.505 -5.566 -5.521 -5.066 -5.532 -5.014 -5.401 -5.472 -5.497 -5.439 -5.550 -5.559 -5.569 -5.582 -5.558 -5.423 -5.451 -5.281
0.00057673 -1.43000 9.80618 0.9744143486 2.4673976898    0.932  3.189  3.6252  0.671    3  0.000  0.454     0.00     0.00 -1 -9.18e-09      0.00 7.381e-01 2.613e-01 8.893e-05 4.628e-05 2.615e-04 -1.000 6.029e-04 -3.202 -3.487 -4.087 -4.601 -5.300 -5.601 -5.622 -5.685 -5.639 -5.178 -5.650 -5.124 -5.516 -5.589 -5.615 -5.553 -5.669 -5.679 -5.688 -5.702 -5.677 -5.537 -5.566 -5.394
0.00057673 -1.43000 9.80618 0.9744295478 2.4674010277    0.929  3.226  3.6224  0.621    3  0.000  0.454     0.00     0.00 -1 -1.06e-08      0.00 7.381e-01 2.613e-01 8.893e-05 4.628e-05 2.615e-04 -1.000 6.029e-04 -3.295 -3.566 -4.177 -4.699 -5.407 -5.714 -5.733 -5.800 -5.753 -5.285 -5.763 -5.228 -5.625 -5.702 -5.728 -5.662 -5.783 -5.793 -5.803 -5.817 -5.792 -5.648 -5.677 -5.502
0.00057673 -1.43000 9.80618 0.9744440317 2.4674041271    0.925  3.263  3.6196  0.572    3  0.000  0.454     0.00     0.00 -1 -1.22e-08      0.00 7.381e-01 2.613e-01 8.893e-05 4.628e-05 2.615e-04 -1.000 6.030e-04 -3.386 -3.643 -4.264 -4.795 -5.512 -5.824 -5.842 -5.911 -5.863 -5.390 -5.873 -5.330 -5.733 -5.812 -5.838 -5.768 -5.894 -5.904 -5.914 -5.929 -5.903 -5.756 -5.786 -5.608
0.00057673 -1.43000 9.80618 0.9744570255 2.4674069881    0.922  3.294  3.6171  0.529    3  0.000  0.454     0.00     0.00 -1 -1.39e-08      0.00 7.381e-01 2.613e-01 8.892e-05 4.628e-05 2.615e-04 -1.000 6.029e-04 -3.465 -3.710 -4.340 -4.878 -5.603 -5.920 -5.937 -6.009 -5.960 -5.481 -5.969 -5.418 -5.826 -5.908 -5.935 -5.861 -5.991 -6.002 -6.012 -6.027 -6.001 -5.850 -5.881 -5.700
0.00057673 -1.43000 9.80618 0.9744570255 2.4674069881    0.921  1.819  3.7397  2.494    4  0.000  0.476     0.00     0.00 -1    -1e-30      0.00 7.349e-01 2.645e-01 9.509e-05 4.136e-05 2.654e-04 -1.000 6.030e-04 0.221 -0.196 -0.529 -0.812 -1.225 -1.367 -1.395 -1.403 -1.411 -1.121 -1.399 -1.132 -1.340 -1.364 -1.372 -1.388 -1.397 -1.400 -1.404 -1.411 -1.411 -1.414 -1.412 -1.274
0.00057673 -1.43000 9.80618 0.9745658636 2.4674313068    0.921  1.835  3.7383  2.473    4  0.000  0.476     0.00     0.00 -1    -1e-30      0.00 7.349e-01 2.645e-01 9.508e-05 4.137e-05 2.654e-04 -1.000 6.030e-04 0.184 -0.235 -0.570 -0.856 -1.271 -1.415 -1.444 -1.452 -1.459 -1.167 -1.447 -1.177 -1.388 -1.412 -1.420 -1.437 -1.445 -1.449 -1.453 -1.460 -1.460 -1.462 -1.460 -1.321
0.00057673 -1.43000 9.80618 0.9746745229 2.4674553871    0.921  1.838  3.7380  2.468    4  0.000  0.476     0.00     0.00 -1    -1e-30      0.00 7.349e-01 2.645e-01 9.507e-05 4.138e-05 2.654e-04 -1.000 6.030e-04 0.174 -0.245 -0.581 -0.867 -1.283 -1.427 -1.456 -1.464 -1.471 -1.179 -1.459 -1.189 -1.400 -1.424 -1.432 -1.449 -1.457 -1.461 -1.465 -1.472 -1.472 -1.474 -1.472 -1.333
0.00057673 -1.43000 9.80618 0.9747822285 2.4674792290    0.921  1.841  3.7380  2.465    4  0.000  0.476     0.00     0.00 -1    -1e-30      0.00 7.349e-01 2.645e-01 9.507e-05 4.139e-05 2.654e-04 -1.000 6.030e-04 0.167 -0.252 -0.588 -0.874 -1.290 -1.434 -1.463 -1.471 -1.478 -1.186 -1.466 -1.196 -1.407 -1.431 -1.439 -1.456 -1.464 -1.468 -1.472 -1.479 -1.479 -1.481 -1.479 -1.340
0.00057673 -1.43000 9.80618 0.9748942256 2.4675042629    0.922  1.843  3.7382  2.464    4  0.000  0.476     0.00     0.00 -1    -1e-30      0.00 7.349e-01 2.645e-01 9.506e-05 4.140e-05 2.654e-04 -1.000 6.030e-04 0.163 -0.256 -0.592 -0.878 -1.293 -1.437 -1.466 -1.474 -1.481 -1.189 -1.469 -1.200 -1.410 -1.434 -1.442 -1.459 -1.467 -1.471 -1.475 -1.482 -1.482 -1.485 -1.482 -1.343
0.00057673 -1.43000 9.80618 0.9750065207 2.4675290585    0.922  1.844  3.7385  2.465    4  0.000  0.476     0.00     0.00 -1    -1e-30      0.00 7.349e-01 2.645e-01 9.505e-05 4.141e-05 2.654e-04 -1.000 6.030e-04 0.159 -0.259 -0.594 -0.880 -1.294 -1.438 -1.466 -1.475 -1.482 -1.190 -1.470 -1.201 -1.411 -1.435 -1.443 -1.459 -1.468 -1.472 -1.476 -1.483 -1.483 -1.485 -1.483 -1.344
0.00057673 -1.43000 9.80618 0.9751183391 2.4675538540    0.922  1.845  3.7391  2.466    4  0.000  0.476     0.00     0.00 -1    -1e-30      0.00 7.349e-01 2.645e-01 9.504e-05 4.142e-05 2.654e-04 -1.000 6.030e-04 0.157 -0.261 -0.595 -0.880 -1.293 -1.436 -1.465 -1.473 -1.480 -1.190 -1.468 -1.200 -1.409 -1.433 -1.441 -1.458 -1.466 -1.470 -1.474 -1.481 -1.481 -1.483 -1.481 -1.343
0.00057673 -1.43000 9.80618 0.9752284288 2.4675784111    0.922  1.846  3.7397  2.468    4  0.000  0.476     0.00     0.00 -1    -1e-30      0.00 7.349e-01 2.645e-01 9.503e-05 4.143e-05 2.654e-04 -1.000 6.030e-04 0.156 -0.262 -0.595 -0.879 -1.291 -1.433 -1.462 -1.470 -1.477 -1.187 -1.465 -1.198 -1.407 -1.430 -1.438 -1.455 -1.463 -1.467 -1.471 -1.478 -1.478 -1.480 -1.478 -1.340
0.00057673 -1.43000 9.80618 0.9753390551 2.4676027298    0.922  1.846  3.7403  2.470    4  0.000  0.476     0.00     0.00 -1    -1e-30      0.00 7.349e-01 2.645e-01 9.502e-05 4.144e-05 2.654e-04 -1.000 6.030e-04 0.155 -0.263 -0.595 -0.877 -1.288 -1.430 -1.458 -1.466 -1.473 -1.185 -1.461 -1.196 -1.403 -1.427 -1.434 -1.451 -1.459 -1.463 -1.467 -1.474 -1.474 -1.477 -1.474 -1.337
0.00057673 -1.43000 9.80618 0.9754554033 2.4676287174    0.922  1.847  3.7410  2.472    4  0.000  0.476     0.00     0.00 -1    -1e-30      0.00 7.349e-01 2.645e-01 9.501e-05 4.145e-05 2.654e-04 -1.000 6.030e-04 0.154 -0.263 -0.594 -0.876 -1.285 -1.426 -1.454 -1.462 -1.470 -1.182 -1.458 -1.193 -1.400 -1.423 -1.431 -1.447 -1.456 -1.459 -1.463 -1.470 -1.470 -1.473 -1.471 -1.334
0.00057673 -1.43000 9.80618 0.9755674601 2.4676535130    0.922  1.847  3.7416  2.474    4  0.000  0.476     0.00     0.00 -1    -1e-30      0.00 7.349e-01 2.645e-01 9.500e-05 4.147e-05 2.654e-04 -1.000 6.030e-04 0.152 -0.264 -0.594 -0.875 -1.283 -1.423 -1.451 -1.459 -1.466 -1.180 -1.454 -1.191 -1.397 -1.420 -1.428 -1.444 -1.452 -1.456 -1.460 -1.467 -1.467 -1.470 -1.467 -1.332
0.00057673 -1.43000 9.80618 0.9756714702 2.4676764011    0.922  1.848  3.7421  2.476    4  0.000  0.476     0.00     0.00 -1    -1e-30      0.00 7.349e-01 2.645e-01 9.499e-05 4.148e-05 2.654e-04 -1.000 6.030e-04 0.151 -0.265 -0.594 -0.874 -1.280 -1.420 -1.448 -1.456 -1.464 -1.178 -1.451 -1.189 -1.394 -1.417 -1.425 -1.441 -1.449 -1.453 -1.457 -1.464 -1.464 -1.467 -1.465 -1.329
0.00057673 -1.43000 9.80618 0.9757757187 2.4676995277    0.923  1.848  3.7426  2.477    4  0.000  0.476     0.00     0.00 -1    -1e-30      0.00 7.349e-01 2.645e-01 9.498e-05 4.149e-05 2.654e-04 -1.000 6.030e-04 0.150 -0.266 -0.594 -0.873 -1.278 -1.418 -1.446 -1.454 -1.461 -1.176 -1.449 -1.188 -1.392 -1.415 -1.423 -1.439 -1.447 -1.451 -1.455 -1.461 -1.462 -1.464 -1.462 -1.327
0.00057673 -1.43000 9.80618 0.9758877158 2.4677243233    0.923  1.849  3.7432  2.479    4  0.000  0.476     0.00     0.00 -1    -1e-30      0.00 7.349e-01 2.645e-01 9.498e-05 4.150e-05 2.654e-04 -1.000 6.030e-04 0.148 -0.267 -0.594 -0.872 -1.277 -1.416 -1.443 -1.451 -1.459 -1.175 -1.447 -1.187 -1.390 -1.413 -1.420 -1.437 -1.445 -1.448 -1.452 -1.459 -1.459 -1.462 -1.460 -1.325
0.00057673 -1.43000 9.80618 0.9759992957 2.4677491188    0.923  1.849  3.7436  2.480    4  0.000  0.476     0.00     0.00 -1    -1e-30      0.00 7.348e-01 2.645e-01 9.497e-05 4.151e-05 2.654e-04 -1.000 6.030e-04 0.146 -0.269 -0.595 -0.872 -1.276 -1.414 -1.442 -1.450 -1.457 -1.174 -1.445 -1.186 -1.389 -1.411 -1.419 -1.435 -1.443 -1.447 -1.451 -1.457 -1.458 -1.461 -1.458 -1.324
0.00057673 -1.43000 9.80618 0.9760245085 2.4677546024    0.923  1.850  3.7437  2.481    4  0.000  0.476     0.00     0.00 -1    -1e-30      0.00 7.348e-01 2.645e-01 9.496e-05 4.151e-05 2.654e-04 -1.000 6.030e-04 0.146 -0.269 -0.595 -0.872 -1.275 -1.414 -1.441 -1.449 -1.457 -1.174 -1.445 -1.186 -1.388 -1.411 -1.418 -1.435 -1.443 -1.446 -1.450 -1.457 -1.457 -1.460 -1.458 -1.324
0.00057673 -1.43000 9.80618 0.9760364294 2.4677572250    0.923  1.850  3.7438  2.481    4  0.000  0.476     0.00     0.00 -1    -1e-30      0.00 7.348e-01 2.645e-01 9.496e-05 4.151e-05 2.654e-04 -1.000 6.030e-04 0.146 -0.269 -0.595 -0.872 -1.275 -1.414 -1.441 -1.449 -1.457 -1.174 -1.444 -1.186 -1.388 -1.411 -1.418 -1.434 -1.443 -1.446 -1.450 -1.457 -1.457 -1.460 -1.458 -1.324
0.00057673 -1.43000 9.80618 0.9761508107 2.4677827358    0.923  1.851  3.7442  2.481    4  0.000  0.476     0.00     0.00 -1    -1e-30      0.00 7.348e-01 2.646e-01 9.495e-05 4.152e-05 2.654e-04 -1.000 6.030e-04 0.144 -0.271 -0.596 -0.873 -1.275 -1.413 -1.440 -1.448 -1.456 -1.173 -1.444 -1.185 -1.388 -1.410 -1.417 -1.434 -1.442 -1.445 -1.449 -1.456 -1.456 -1.459 -1.457 -1.323
0.00057673 -1.43000 9.80618 0.9762606621 2.4678068161    0.923  1.851  3.7445  2.482    4  0.000  0.476     0.00     0.00 -1    -1e-30      0.00 7.348e-01 2.646e-01 9.495e-05 4.153e-05 2.654e-04 -1.000 6.030e-04 0.141 -0.273 -0.598 -0.874 -1.275 -1.413 -1.440 -1.448 -1.456 -1.174 -1.444 -1.186 -1.388 -1.410 -1.417 -1.433 -1.442 -1.445 -1.449 -1.456 -1.456 -1.459 -1.457 -1.324
0.00057673 -1.43000 9.80618 0.9763697982 2.4678311348    0.923  1.852  3.7448  2.482    4  0.000  0.476     0.00     0.00 -1    -1e-30      0.00 7.348e-01 2.646e-01 9.494e-05 4.155e-05 2.654e-04 -1.000 6.030e-04 0.139 -0.276 -0.600 -0.876 -1.276 -1.414 -1.441 -1.449 -1.456 -1.175 -1.444 -1.187 -1.389 -1.411 -1.418 -1.434 -1.442 -1.446 -1.450 -1.456 -1.457 -1.460 -1.458 -1.325
0.00057673 -1.43000 9.80618 0.9764761329 2.4678544998    0.923  1.854  3.7449  2.481    4  0.000  0.476     0.00     0.00 -1    -1e-30      0.00 7.348e-01 2.646e-01 9.493e-05 4.156e-05 2.654e-04 -1.000 6.030e-04 0.136 -0.279 -0.602 -0.878 -1.279 -1.416 -1.443 -1.451 -1.458 -1.177 -1.446 -1.190 -1.391 -1.413 -1.420 -1.436 -1.444 -1.448 -1.452 -1.458 -1.459 -1.462 -1.460 -1.327
0.00057673 -1.43000 9.80618 0.9765809774 2.4678778648    0.923  1.855  3.7450  2.480    4  0.000  0.476     0.00     0.00 -1    -1e-30      0.00 7.348e-01 2.646e-01 9.492e-05 4.157e-05 2.654e-04 -1.000 6.030e-04 0.132 -0.282 -0.606 -0.881 -1.282 -1.419 -1.446 -1.454 -1.462 -1.180 -1.449 -1.193 -1.394 -1.416 -1.423 -1.439 -1.447 -1.451 -1.455 -1.462 -1.462 -1.465 -1.463 -1.330
0.00057673 -1.43000 9.80618 0.9766876698 2.4679014683    0.924  1.857  3.7449  2.478    4  0.000  0.475     0.00     0.00 -1    -1e-30      0.00 7.348e-01 2.646e-01 9.491e-05 4.158e-05 2.654e-04 -1.000 6.030e-04 0.128 -0.286 -0.610 -0.885 -1.286 -1.423 -1.450 -1.458 -1.466 -1.185 -1.454 -1.197 -1.398 -1.420 -1.428 -1.444 -1.452 -1.455 -1.459 -1.466 -1.466 -1.469 -1.467 -1.334
0.00057673 -1.43000 9.80618 0.9767953157 2.4679250717    0.924  1.859  3.7448  2.476    4  0.000  0.475     0.00     0.00 -1    -1e-30      0.00 7.348e-01 2.646e-01 9.490e-05 4.159e-05 2.654e-04 -1.000 6.030e-04 0.124 -0.291 -0.615 -0.891 -1.291 -1.429 -1.456 -1.464 -1.471 -1.190 -1.459 -1.202 -1.404 -1.426 -1.433 -1.449 -1.457 -1.461 -1.465 -1.471 -1.472 -1.475 -1.472 -1.339
0.00057673 -1.43000 9.80618 0.9768032432 2.4679269791    0.924  1.859  3.7448  2.476    4  0.000  0.475     0.00     0.00 -1    -1e-30      0.00 7.348e-01 2.646e-01 9.490e-05 4.159e-05 2.654e-04 -1.000 6.030e-04 0.123 -0.291 -0.615 -0.891 -1.292 -1.429 -1.456 -1.464 -1.472 -1.191 -1.460 -1.203 -1.404 -1.426 -1.434 -1.450 -1.458 -1.462 -1.466 -1.472 -1.473 -1.476 -1.473 -1.340
0.00057673 -1.43000 9.80618 0.9769123197 2.4679510593    0.924  1.861  3.7445  2.473    4  0.000  0.475     0.00     0.00 -1    -1e-30      0.00 7.348e-01 2.646e-01 9.489e-05 4.160e-05 2.654e-04 -1.000 6.030e-04 0.118 -0.297 -0.621 -0.898 -1.299 -1.437 -1.464 -1.472 -1.479 -1.197 -1.467 -1.210 -1.411 -1.434 -1.441 -1.457 -1.465 -1.469 -1.473 -1.479 -1.480 -1.483 -1.480 -1.347
0.00057673 -1.43000 9.80618 0.9770143628 2.4679734707    0.924  1.863  3.7442  2.469    4  0.000  0.475     0.00     0.00 -1    -1e-30      0.00 7.348e-01 2.646e-01 9.488e-05 4.161e-05 2.654e-04 -1.000 6.030e-04 0.112 -0.303 -0.628 -0.905 -1.307 -1.445 -1.472 -1.480 -1.488 -1.206 -1.476 -1.218 -1.420 -1.442 -1.450 -1.466 -1.474 -1.478 -1.482 -1.488 -1.489 -1.492 -1.489 -1.356
0.00057673 -1.43000 9.80618 0.9771198630 2.4679968357    0.924  1.866  3.7438  2.465    4  0.000  0.475     0.00     0.00 -1    -1e-30      0.00 7.348e-01 2.646e-01 9.488e-05 4.162e-05 2.654e-04 -1.000 6.029e-04 0.105 -0.310 -0.636 -0.913 -1.316 -1.455 -1.482 -1.490 -1.498 -1.215 -1.485 -1.227 -1.429 -1.452 -1.459 -1.475 -1.483 -1.487 -1.491 -1.498 -1.498 -1.501 -1.499 -1.365
0.00057673 -1.43000 9.80618 0.9772211313 2.4680192471    0.924  1.869  3.7432  2.460    4  0.000  0.475     0.00     0.00 -1    -1e-30      0.00 7.348e-01 2.646e-01 9.487e-05 4.163e-05 2.654e-04 -1.000 6.030e-04 0.097 -0.319 -0.645 -0.923 -1.327 -1.466 -1.494 -1.502 -1.509 -1.225 -1.497 -1.237 -1.441 -1.463 -1.471 -1.487 -1.495 -1.499 -1.503 -1.509 -1.510 -1.513 -1.510 -1.376
0.00057673 -1.43000 9.80618 0.9773212671 2.4680411816    0.924  1.873  3.7424  2.453    4  0.000  0.475     0.00     0.00 -1    -1e-30      0.00 7.348e-01 2.646e-01 9.486e-05 4.164e-05 2.654e-04 -1.000 6.030e-04 0.088 -0.329 -0.657 -0.936 -1.342 -1.482 -1.509 -1.517 -1.525 -1.240 -1.513 -1.251 -1.456 -1.479 -1.486 -1.503 -1.511 -1.514 -1.518 -1.525 -1.526 -1.528 -1.526 -1.391
0.00057673 -1.43000 9.80618 0.9774228930 2.4680635929    0.924  1.877  3.7415  2.444    4  0.000  0.475     0.00     0.00 -1    -1e-30      0.00 7.348e-01 2.646e-01 9.485e-05 4.165e-05 2.654e-04 -1.000 6.030e-04 0.076 -0.341 -0.671 -0.951 -1.359 -1.499 -1.527 -1.536 -1.543 -1.256 -1.531 -1.268 -1.473 -1.496 -1.504 -1.521 -1.529 -1.533 -1.537 -1.543 -1.544 -1.546 -1.544 -1.408
0.00057673 -1.43000 9.80618 0.9775238633 2.4680860043    0.924  1.882  3.7405  2.436    4  0.000  0.475     0.00     0.00 -1    -1e-30      0.00 7.348e-01 2.646e-01 9.484e-05 4.166e-05 2.654e-04 -1.000 6.030e-04 0.064 -0.354 -0.685 -0.968 -1.377 -1.519 -1.547 -1.555 -1.563 -1.274 -1.550 -1.285 -1.492 -1.516 -1.524 -1.540 -1.548 -1.552 -1.556 -1.563 -1.563 -1.566 -1.564 -1.427
0.00057673 -1.43000 9.80618 0.9776237607 2.4681079388    0.925  1.888  3.7395  2.426    4  0.000  0.475     0.00     0.00 -1    -1e-30      0.00 7.348e-01 2.646e-01 9.484e-05 4.167e-05 2.654e-04 -1.000 6.030e-04 0.050 -0.369 -0.702 -0.986 -1.398 -1.540 -1.569 -1.577 -1.584 -1.295 -1.572 -1.305 -1.514 -1.537 -1.545 -1.562 -1.570 -1.574 -1.578 -1.585 -1.585 -1.588 -1.586 -1.448
0.00057673 -1.43000 9.80618 0.9777264595 2.4681305885    0.925  1.893  3.7385  2.417    4  0.000  0.475     0.00     0.00 -1    -1e-30      0.00 7.348e-01 2.646e-01 9.483e-05 4.168e-05 2.654e-04 -1.000 6.030e-04 0.037 -0.383 -0.718 -1.003 -1.417 -1.560 -1.589 -1.597 -1.605 -1.313 -1.592 -1.324 -1.533 -1.557 -1.565 -1.582 -1.590 -1.594 -1.598 -1.605 -1.605 -1.608 -1.606 -1.467
0.00057673 -1.43000 9.80618 0.9778279066 2.4681529999    0.925  1.898  3.7378  2.409    4  0.000  0.475     0.00     0.00 -1    -1e-30      0.00 7.348e-01 2.646e-01 9.482e-05 4.169e-05 2.654e-04 -1.000 6.030e-04 0.026 -0.394 -0.731 -1.017 -1.432 -1.577 -1.606 -1.614 -1.621 -1.329 -1.609 -1.339 -1.550 -1.574 -1.582 -1.599 -1.607 -1.611 -1.615 -1.622 -1.622 -1.624 -1.622 -1.483
0.00057673 -1.43000 9.80618 0.9779338837 2.4681763649    0.925  1.911  3.7352  2.386    4  0.000  0.475     0.00     0.00 -1    -1e-30      0.00 7.348e-01 2.646e-01 9.481e-05 4.170e-05 2.654e-04 -1.000 6.030e-04 -0.008 -0.430 -0.771 -1.061 -1.482 -1.629 -1.659 -1.667 -1.674 -1.378 -1.662 -1.387 -1.602 -1.626 -1.634 -1.651 -1.660 -1.665 -1.669 -1.676 -1.676 -1.677 -1.675 -1.533
0.00057673 -1.43000 9.80618 0.9780358672 2.4681987762    0.925  1.938  3.7310  2.342    4  0.000  0.475     0.00     0.00 -1    -1e-30      0.00 7.348e-01 2.646e-01 9.480e-05 4.171e-05 2.654e-04 -1.000 6.031e-04 -0.074 -0.498 -0.847 -1.144 -1.573 -1.725 -1.756 -1.765 -1.771 -1.468 -1.760 -1.476 -1.696 -1.722 -1.731 -1.748 -1.758 -1.762 -1.766 -1.773 -1.773 -1.772 -1.771 -1.626
0.00057673 -1.43000 9.80618 0.9781005979 2.4682130814    0.925  1.971  3.7263  2.290    4  0.000  0.475     0.00     0.00 -1    -1e-30      0.00 7.348e-01 2.646e-01 9.480e-05 4.172e-05 2.654e-04 -1.000 6.030e-04 -0.158 -0.585 -0.943 -1.246 -1.686 -1.843 -1.875 -1.884 -1.890 -1.579 -1.879 -1.585 -1.813 -1.840 -1.848 -1.866 -1.877 -1.882 -1.886 -1.893 -1.892 -1.890 -1.889 -1.741
0.00057673 -1.43000 9.80618 0.9781298041 2.4682195187    0.925  2.006  3.7219  2.238    4  0.000  0.475     0.00     0.00 -1    -1e-30      0.00 7.348e-01 2.646e-01 9.479e-05 4.172e-05 2.654e-04 -1.000 6.030e-04 -0.245 -0.673 -1.039 -1.350 -1.798 -1.961 -1.993 -2.004 -2.008 -1.691 -1.998 -1.695 -1.930 -1.957 -1.967 -1.985 -1.996 -2.001 -2.005 -2.012 -2.010 -2.006 -2.006 -1.855
0.00057673 -1.43000 9.80618 0.9781415462 2.4682221413    0.925  2.038  3.7183  2.191    4  0.000  0.475     0.00     0.00 -1    -1e-30      0.00 7.348e-01 2.646e-01 9.479e-05 4.172e-05 2.654e-04 -1.000 6.030e-04 -0.325 -0.754 -1.127 -1.443 -1.900 -2.067 -2.100 -2.111 -2.114 -1.792 -2.105 -1.794 -2.034 -2.063 -2.073 -2.091 -2.103 -2.108 -2.112 -2.120 -2.117 -2.110 -2.111 -1.958
0.00057673 -1.43000 9.80618 0.9781468511 2.4682233334    0.925  2.068  3.7151  2.149    4  0.000  0.475     0.00     0.00 -1    -1e-30      0.00 7.348e-01 2.646e-01 9.479e-05 4.172e-05 2.654e-04 -1.000 6.030e-04 -0.400 -0.830 -1.209 -1.531 -1.994 -2.165 -2.198 -2.210 -2.212 -1.886 -2.204 -1.886 -2.131 -2.161 -2.171 -2.189 -2.202 -2.207 -2.212 -2.219 -2.216 -2.207 -2.208 -2.053
0.00057673 -1.43000 9.80618 0.9781496525 2.4682238102    0.925  2.098  3.7123  2.108    4  0.000  0.475     0.00     0.00 -1    -1e-30      0.00 7.348e-01 2.646e-01 9.479e-05 4.172e-05 2.654e-04 -1.000 6.030e-04 -0.474 -0.904 -1.289 -1.615 -2.085 -2.259 -2.293 -2.305 -2.306 -1.976 -2.298 -1.975 -2.224 -2.255 -2.265 -2.283 -2.296 -2.301 -2.306 -2.314 -2.310 -2.299 -2.301 -2.145
0.00057673 -1.43000 9.80618 0.9781499505 2.4682240486    0.925  2.102  3.7119  2.102    7  0.000  0.475     0.00     0.00 -1 -6.47e-10      0.00 7.348e-01 2.635e-01 9.479e-05 4.172e-05 2.654e-04 -1.000 1.718e-03 -0.484 -0.914 -1.300 -1.627 -2.098 -2.272 -2.306 -2.318 -2.319 -1.988 -2.311 -1.987 -2.236 -2.268 -2.278 -2.296 -2.309 -2.314 -2.319 -2.327 -2.323 -2.312 -2.314 -2.157
0.00057673 -1.43000 9.80618 0.9781519175 2.4682242870    0.925  2.139  3.7088  2.052    7  0.000  0.475     0.00     0.00 -1 -8.15e-10      0.00 7.348e-01 2.635e-01 9.479e-05 4.172e-05 2.654e-04 -1.000 1.717e-03 -0.578 -1.009 -1.400 -1.732 -2.210 -2.388 -2.422 -2.436 -2.435 -2.100 -2.429 -2.097 -2.352 -2.384 -2.394 -2.412 -2.427 -2.432 -2.437 -2.445 -2.440 -2.427 -2.429 -2.271
0.00057673 -1.43000 9.80618 0.9781538844 2.4682247639    0.925  2.178  3.7058  2.001    7  0.000  0.475     0.00     0.00 -1 -1.02e-09      0.00 7.348e-01 2.635e-01 9.479e-05 4.172e-05 2.654e-04 -1.000 1.717e-03 -0.675 -1.105 -1.503 -1.840 -2.325 -2.507 -2.542 -2.555 -2.554 -2.215 -2.548 -2.210 -2.469 -2.503 -2.513 -2.531 -2.546 -2.552 -2.557 -2.565 -2.559 -2.543 -2.546 -2.387
0.00057673 -1.43000 9.80618 0.9781568050 2.4682254791    0.925  2.227  3.7021  1.937    7  0.000  0.475     0.00     0.00 -1 -1.37e-09      0.00 7.348e-01 2.635e-01 9.479e-05 4.172e-05 2.654e-04 -1.000 1.717e-03 -0.798 -1.228 -1.633 -1.976 -2.470 -2.656 -2.691 -2.705 -2.703 -2.358 -2.698 -2.352 -2.617 -2.651 -2.663 -2.679 -2.696 -2.702 -2.707 -2.715 -2.709 -2.690 -2.694 -2.533
0.00057673 -1.43000 9.80618 0.9781625271 2.4682266712    0.925  2.241  3.7013  1.920    7  0.000  0.475     0.00     0.00 -1 -1.48e-09      0.00 7.348e-01 2.635e-01 9.479e-05 4.172e-05 2.654e-04 -1.000 1.717e-03 -0.832 -1.262 -1.669 -2.014 -2.509 -2.696 -2.731 -2.746 -2.742 -2.397 -2.738 -2.391 -2.657 -2.691 -2.703 -2.719 -2.737 -2.742 -2.747 -2.755 -2.749 -2.729 -2.733 -2.572
0.00057673 -1.43000 9.80618 0.9782075882 2.4682366848    0.923  2.213  3.7032  1.955    7  0.000  0.475     0.00     0.00 -1 -1.27e-09      0.00 7.348e-01 2.635e-01 9.479e-05 4.173e-05 2.654e-04 -1.000 1.717e-03 -0.763 -1.193 -1.596 -1.937 -2.428 -2.613 -2.648 -2.662 -2.659 -2.317 -2.654 -2.311 -2.574 -2.608 -2.619 -2.636 -2.653 -2.658 -2.663 -2.671 -2.665 -2.647 -2.651 -2.490
0.00057673 -1.43000 9.80618 0.9782538414 2.4682469368    0.922  2.248  3.7005  1.909    7  0.000  0.475     0.00     0.00 -1 -1.56e-09      0.00 7.348e-01 2.635e-01 9.478e-05 4.173e-05 2.654e-04 -1.000 1.717e-03 -0.850 -1.280 -1.688 -2.034 -2.531 -2.719 -2.755 -2.769 -2.766 -2.420 -2.761 -2.412 -2.680 -2.715 -2.726 -2.742 -2.760 -2.766 -2.771 -2.779 -2.772 -2.752 -2.756 -2.595
0.00057673 -1.43000 9.80618 0.9782858491 2.4682538509    0.921  2.288  3.6974  1.855    7  0.000  0.475     0.00     0.00 -1 -1.98e-09      0.00 7.348e-01 2.635e-01 9.478e-05 4.173e-05 2.654e-04 -1.000 1.717e-03 -0.951 -1.381 -1.796 -2.147 -2.651 -2.843 -2.879 -2.894 -2.889 -2.539 -2.886 -2.530 -2.803 -2.838 -2.850 -2.866 -2.885 -2.891 -2.896 -2.904 -2.896 -2.874 -2.878 -2.716
0.00057673 -1.43000 9.80618 0.9783082008 2.4682588577    0.920  2.320  3.6951  1.814    7  0.000  0.475     0.00     0.00 -1 -2.38e-09      0.00 7.348e-01 2.635e-01 9.478e-05 4.174e-05 2.654e-04 -1.000 1.717e-03 -1.029 -1.458 -1.878 -2.233 -2.743 -2.937 -2.974 -2.989 -2.984 -2.630 -2.981 -2.620 -2.896 -2.932 -2.945 -2.960 -2.980 -2.986 -2.991 -2.999 -2.991 -2.966 -2.971 -2.808
0.00057673 -1.43000 9.80618 0.9783349037 2.4682645798    0.918  2.357  3.6923  1.765    7  0.000  0.475     0.00     0.00 -1 -2.97e-09      0.00 7.348e-01 2.635e-01 9.478e-05 4.174e-05 2.654e-04 -1.000 1.717e-03 -1.123 -1.551 -1.976 -2.336 -2.852 -3.051 -3.087 -3.104 -3.096 -2.739 -3.094 -2.728 -3.008 -3.045 -3.058 -3.072 -3.094 -3.100 -3.106 -3.114 -3.105 -3.076 -3.082 -2.919
0.00057673 -1.43000 9.80618 0.9783619046 2.4682705402    0.917  2.397  3.6895  1.713    7  0.000  0.475     0.00     0.00 -1 -3.74e-09      0.00 7.348e-01 2.635e-01 9.478e-05 4.174e-05 2.654e-04 -1.000 1.717e-03 -1.223 -1.649 -2.080 -2.446 -2.969 -3.171 -3.207 -3.225 -3.216 -2.855 -3.215 -2.842 -3.128 -3.166 -3.179 -3.191 -3.215 -3.222 -3.227 -3.235 -3.226 -3.193 -3.200 -3.037
0.00057673 -1.43000 9.80618 0.9783863425 2.4682760239    0.914  2.437  3.6866  1.660    7  0.000  0.475     0.00     0.00 -1 -4.73e-09      0.00 7.348e-01 2.635e-01 9.477e-05 4.175e-05 2.654e-04 -1.000 1.716e-03 -1.323 -1.748 -2.185 -2.556 -3.086 -3.292 -3.328 -3.347 -3.336 -2.971 -3.336 -2.957 -3.247 -3.286 -3.299 -3.310 -3.337 -3.343 -3.349 -3.357 -3.347 -3.310 -3.318 -3.155
0.00057673 -1.43000 9.80618 0.9784086347 2.4682810307    0.912  2.478  3.6836  1.606    7  0.000  0.475     0.00     0.00 -1 -5.97e-09      0.00 7.348e-01 2.635e-01 9.476e-05 4.175e-05 2.654e-04 -1.000 1.715e-03 -1.425 -1.848 -2.291 -2.668 -3.205 -3.414 -3.451 -3.471 -3.458 -3.090 -3.459 -3.074 -3.369 -3.409 -3.422 -3.432 -3.460 -3.467 -3.473 -3.481 -3.470 -3.429 -3.438 -3.275
0.00057673 -1.43000 9.80618 0.9784290195 2.4682853222    0.909  2.520  3.6806  1.551    7  0.000  0.474     0.00     0.00 -1 -7.67e-09      0.00 7.348e-01 2.636e-01 9.470e-05 4.177e-05 2.654e-04 -1.000 1.697e-03 -1.529 -1.949 -2.399 -2.781 -3.326 -3.540 -3.576 -3.597 -3.583 -3.210 -3.585 -3.193 -3.493 -3.534 -3.548 -3.555 -3.587 -3.594 -3.599 -3.608 -3.596 -3.551 -3.561 -3.397
0.00057673 -1.43000 9.80618 0.9784473181 2.4682893753    0.905  2.561  3.6769  1.493    7  0.000  0.473     0.00     0.00 -1 -9.77e-09      0.00 7.348e-01 2.636e-01 9.443e-05 4.192e-05 2.654e-04 -1.000 1.682e-03 -1.633 -2.049 -2.507 -2.896 -3.451 -3.670 -3.706 -3.729 -3.713 -3.334 -3.716 -3.315 -3.621 -3.664 -3.678 -3.683 -3.718 -3.725 -3.731 -3.739 -3.726 -3.676 -3.687 -3.524
0.00057673 -1.43000 9.80618 0.9784638882 2.4682931900    0.901  2.603  3.6706  1.425    7  0.000  0.469     0.00     0.00 -1 -1.27e-08      0.00 7.347e-01 2.636e-01 9.375e-05 4.252e-05 2.654e-04 -1.000 1.623e-03 -1.737 -2.145 -2.618 -3.019 -3.590 -3.818 -3.853 -3.879 -3.859 -3.472 -3.864 -3.449 -3.765 -3.811 -3.827 -3.826 -3.868 -3.875 -3.881 -3.890 -3.875 -3.816 -3.829 -3.665
0.00057673 -1.43000 9.80618 0.9784751534 2.4682955742    0.898  2.634  3.6671  1.378    7  0.000  0.465     0.00     0.00 -1 -1.52e-08      0.00 7.347e-01 2.636e-01 9.294e-05 4.340e-05 2.654e-04 -1.000 1.616e-03 -1.814 -2.217 -2.697 -3.106 -3.686 -3.919 -3.953 -3.982 -3.959 -3.567 -3.965 -3.542 -3.865 -3.912 -3.928 -3.924 -3.971 -3.978 -3.984 -3.993 -3.977 -3.913 -3.927 -3.763
0.00057673 -1.43000 9.80618 0.9784889817 2.4682986736    0.893  2.674  3.6640  1.323    7  0.000  0.458     0.00     0.00 -1 -1.92e-08      0.00 7.347e-01 2.637e-01 9.157e-05 4.502e-05 2.654e-04 -1.000 1.655e-03 -1.915 -2.313 -2.801 -3.217 -3.805 -4.042 -4.076 -4.107 -4.082 -3.686 -4.089 -3.659 -3.986 -4.035 -4.052 -4.044 -4.095 -4.102 -4.109 -4.118 -4.101 -4.031 -4.047 -3.883
0.00057673 -1.43000 9.80618 0.9785020351 2.4683015347    0.887  2.715  3.6611  1.267    7  0.000  0.451     0.00     0.00 -1 -2.45e-08      0.00 7.347e-01 2.637e-01 9.028e-05 4.661e-05 2.654e-04 -1.000 1.592e-03 -2.016 -2.410 -2.905 -3.327 -3.923 -4.164 -4.197 -4.230 -4.204 -3.803 -4.211 -3.775 -4.107 -4.157 -4.174 -4.162 -4.218 -4.225 -4.232 -4.242 -4.224 -4.149 -4.166 -4.002
0.00057673 -1.43000 9.80618 0.9785144925 2.4683041573    0.879  2.755  3.6578  1.210    7  0.000  0.445     0.00     0.00 -1 -3.11e-08      0.00 7.346e-01 2.638e-01 8.913e-05 4.801e-05 2.654e-04 -1.000 1.628e-03 -2.118 -2.506 -3.009 -3.438 -4.043 -4.288 -4.321 -4.356 -4.327 -3.922 -4.336 -3.892 -4.229 -4.281 -4.298 -4.283 -4.344 -4.351 -4.358 -4.368 -4.350 -4.268 -4.286 -4.123
0.00057673 -1.43000 9.80618 0.9785265326 2.4683067799    0.870  2.796  3.6544  1.151    7  0.000  0.440     0.00     0.00 -1 -4.01e-08      0.00 7.346e-01 2.639e-01 8.812e-05 4.926e-05 2.654e-04 -1.000 1.576e-03 -2.221 -2.603 -3.114 -3.551 -4.165 -4.416 -4.447 -4.484 -4.454 -4.044 -4.463 -4.012 -4.355 -4.408 -4.426 -4.406 -4.472 -4.479 -4.486 -4.497 -4.478 -4.389 -4.409 -4.247
0.00057673 -1.43000 9.80618 0.9785379171 2.4683094025    0.859  2.838  3.6508  1.089    7  0.000  0.436     0.00     0.00 -1 -5.17e-08      0.00 7.345e-01 2.639e-01 8.720e-05 5.039e-05 2.654e-04 -1.000 1.570e-03 -2.325 -2.698 -3.219 -3.664 -4.289 -4.545 -4.575 -4.615 -4.582 -4.167 -4.592 -4.132 -4.481 -4.536 -4.555 -4.530 -4.603 -4.610 -4.617 -4.628 -4.608 -4.513 -4.534 -4.371
0.00057673 -1.43000 9.80618 0.9785485268 2.4683117867    0.845  2.878  3.6474  1.029    7  0.000  0.432     0.00     0.00 -1 -6.63e-08      0.00 7.345e-01 2.640e-01 8.641e-05 5.137e-05 2.653e-04 -1.000 1.568e-03 -2.425 -2.788 -3.319 -3.772 -4.407 -4.668 -4.697 -4.740 -4.705 -4.285 -4.716 -4.247 -4.602 -4.659 -4.679 -4.649 -4.727 -4.735 -4.742 -4.754 -4.733 -4.632 -4.654 -4.491
0.00057673 -1.43000 9.80618 0.9785593152 2.4683141708    0.828  2.920  3.6436  0.963    7  0.000  0.428     0.00     0.00 -1 -8.81e-08      0.00 7.344e-01 2.641e-01 8.570e-05 5.224e-05 2.653e-04 -1.000 1.557e-03 -2.529 -2.881 -3.423 -3.886 -4.531 -4.798 -4.826 -4.872 -4.835 -4.409 -4.847 -4.369 -4.730 -4.789 -4.810 -4.775 -4.859 -4.867 -4.875 -4.887 -4.865 -4.757 -4.780 -4.616
0.00057673 -1.43000 9.80618 0.9785695076 2.4683163166    0.805  2.963  3.6395  0.891    7  0.000  0.425     0.00     0.00 -1 -1.19e-07      0.00 7.343e-01 2.641e-01 8.508e-05 5.301e-05 2.651e-04 -1.000 1.535e-03 -2.638 -2.978 -3.532 -4.006 -4.663 -4.937 -4.963 -5.013 -4.974 -4.540 -4.985 -4.497 -4.865 -4.927 -4.949 -4.908 -5.000 -5.008 -5.016 -5.028 -5.005 -4.889 -4.914 -4.750
0.00057673 -1.43000 9.80618 0.9785776734 2.4683182240    0.781  3.007  3.6353  0.816    7  0.000  0.423     0.00     0.00 -1 -1.63e-07      0.00 7.343e-01 2.642e-01 8.456e-05 5.372e-05 2.650e-04 -1.000 1.508e-03 -2.748 -3.073 -3.641 -4.126 -4.795 -5.077 -5.101 -5.156 -5.114 -4.672 -5.125 -4.626 -5.001 -5.066 -5.089 -5.042 -5.141 -5.150 -5.158 -5.171 -5.148 -5.024 -5.050 -4.884
0.00057673 -1.43000 9.80618 0.9785835743 2.4683194160    0.757  3.046  3.6315  0.749    7  0.000  0.421     0.00     0.00 -1 -2.18e-07      0.00 7.342e-01 2.643e-01 8.416e-05 5.431e-05 2.648e-04 -1.000 1.535e-03 -2.846 -3.156 -3.736 -4.232 -4.912 -5.200 -5.224 -5.282 -5.238 -4.789 -5.249 -4.740 -5.121 -5.190 -5.213 -5.161 -5.266 -5.275 -5.284 -5.297 -5.273 -5.143 -5.171 -5.003
0.00057673 -1.43000 9.80618 0.9785888791 2.4683206081    0.728  3.085  3.6278  0.678    7  0.000  0.420     0.00     0.00 -1 -2.98e-07      0.00 7.341e-01 2.644e-01 8.382e-05 5.485e-05 2.645e-04 -1.000 1.512e-03 -2.943 -3.239 -3.831 -4.338 -5.029 -5.324 -5.346 -5.407 -5.362 -4.906 -5.373 -4.855 -5.241 -5.313 -5.337 -5.279 -5.391 -5.401 -5.410 -5.424 -5.399 -5.262 -5.291 -5.121
0.00057673 -1.43000 9.80618 0.9785939455 2.4683218002    0.690  3.126  3.6242  0.599    7  0.000  0.419     0.00     0.00 -1  -4.3e-07      0.00 7.341e-01 2.644e-01 8.355e-05 5.536e-05 2.643e-04 -1.000 1.528e-03 -3.046 -3.326 -3.932 -4.450 -5.151 -5.453 -5.473 -5.538 -5.492 -5.028 -5.502 -4.974 -5.366 -5.441 -5.467 -5.402 -5.522 -5.532 -5.541 -5.556 -5.530 -5.388 -5.418 -5.245
0.00057673 -1.43000 9.80618 0.9785985947 2.4683227539    0.638  3.180  3.6210  0.499    7  0.000  0.418     0.00     0.00 -1 -7.06e-07      0.00 7.340e-01 2.645e-01 8.329e-05 5.585e-05 2.640e-04 -1.000 1.515e-03 -3.179 -3.443 -4.063 -4.591 -5.300 -5.610 -5.628 -5.699 -5.652 -5.178 -5.660 -5.120 -5.519 -5.597 -5.625 -5.554 -5.681 -5.692 -5.702 -5.718 -5.691 -5.543 -5.574 -5.396
0.00057673 -1.43000 9.80618 0.9786018729 2.4683234692    0.567  3.160  3.6343  0.521    7  0.000  0.417     0.00     0.00 -1 -9.05e-07      0.00 7.334e-01 2.651e-01 8.224e-05 5.957e-05 2.612e-04 -1.000 1.550e-03 -3.129 -3.453 -4.034 -4.523 -5.188 -5.471 -5.495 -5.556 -5.515 -5.066 -5.523 -5.022 -5.393 -5.460 -5.484 -5.431 -5.539 -5.549 -5.560 -5.573 -5.550 -5.419 -5.446 -5.277
0.00057673 -1.43000 9.80618 0.9786029458 2.4683237076    0.547  3.164  3.6499  0.563    7  0.000  0.417     0.00     0.00 -1 -9.79e-07      0.00 7.334e-01 2.651e-01 8.221e-05 5.961e-05 2.612e-04 -1.000 1.536e-03 -3.141 -3.520 -4.059 -4.506 -5.122 -5.377 -5.407 -5.455 -5.422 -5.002 -5.430 -4.970 -5.311 -5.368 -5.388 -5.358 -5.440 -5.449 -5.459 -5.470 -5.449 -5.345 -5.369 -5.204
0.00057673 -1.43000 9.80618 0.9786031842 2.4683237076    0.537  3.193  3.6623  0.576    7  0.000  0.417     0.00     0.00 -1  -1.1e-06      0.00 7.334e-01 2.651e-01 8.212e-05 5.978e-05 2.611e-04 -1.000 1.528e-03 -3.212 -3.622 -4.129 -4.547 -5.126 -5.361 -5.396 -5.434 -5.411 -5.008 -5.415 -4.984 -5.303 -5.353 -5.371 -5.361 -5.420 -5.429 -5.437 -5.448 -5.431 -5.352 -5.371 -5.202
0.00057673 -1.43000 9.80618 0.9786033034 2.4683237076    0.533  3.203  3.6667  0.581    7  0.000  0.417     0.00     0.00 -1 -1.14e-06      0.00 7.334e-01 2.651e-01 8.208e-05 5.985e-05 2.611e-04 -1.000 1.526e-03 -3.236 -3.656 -4.152 -4.560 -5.126 -5.355 -5.392 -5.426 -5.406 -5.009 -5.409 -4.988 -5.300 -5.348 -5.365 -5.361 -5.412 -5.421 -5.429 -5.440 -5.424 -5.354 -5.371 -5.201
0.00057673 -1.43000 9.80618 1.1258075237 2.4959049225    0.552 -3.608  3.8036  7.954    9  0.552  0.000     0.00     0.00 -1    -1e-30      0.00 7.287e-01 2.708e-01 7.838e-05 6.899e-05 2.633e-04 -1.000 4.879e-04 13.790 13.468 13.237 13.043 12.743 12.660 12.641 12.641 12.637 12.830 12.641 12.804 12.666 12.662 12.656 12.643 12.643 12.643 12.640 12.637 12.636 12.633 12.637 12.710
#isochrone terminated
