# File generated by CMD 3.3 (http://stev.oapd.inaf.it/cmd) on Fri Nov 20 18:06:17 CET 2020
# isochrones based on PARSEC release v1.2S +  COLIBRI S_35
# Basic references: Bressan et al. (2012), MNRAS, 427, 127 + Chen et al. (2014, 2015), MNRAS, 444, 2525 + MNRAS, 452, 1068 + Tang et al. (2014), MNRAS, 445, 4287 + Marigo et al. (2017), ApJ, 835, 77 + Pastorelli al. (2019), MNRAS in press
# Thermal pulse cycles included 
# On RGB, assumed Reimers mass loss with efficiency eta=0.2
# Photometric system: JWST NIRCam wide+verywide+medium filters, Vegamags
# Using OBC version of bolometric corrections as detailed in Marigo et al. (2008, A&A 482, 883) and Girardi et al. (2008, PASP 120, 583
# O-rich circumstellar dpmod60alox40 dust from Groenewegen (2006)
# C-rich circumstellar AMCSIC15 dust from Groenewegen (2006)
# IMF: Kroupa (2001, 2002) + Kroupa et al. (2013) canonical two-part-power law IMF corrected for unresolved binaries 
# Kind of output: isochrone tables
# Zini     MH   logAge Mini        int_IMF         Mass   logL    logTe  logg  label   McoreTP C_O  period0 period1 pmode  Mloss  tau1m   X   Y   Xc  Xn  Xo  Cexcess  Z 	 mbolmag  F070Wmag  F090Wmag  F115Wmag  F150Wmag  F200Wmag  F277Wmag  F356Wmag  F444Wmag  F150W2mag  F322W2mag  F140Mmag  F162Mmag  F182Mmag  F210Mmag  F250Mmag  F300Mmag  F335Mmag  F360Mmag  F410Mmag  F430Mmag  F460Mmag  F480Mmag  F150WS60mag
0.00037265 -1.62000 9.94448 0.0900000036 1.0816895962    0.090 -3.192  3.4783  5.450    1  0.000  0.545     0.00     0.00 -1 -5.08e-17      0.00 7.488e-01 2.508e-01 7.260e-05 1.959e-05 1.776e-04 -1.000 4.037e-04 12.750 13.030 11.741 11.001 10.477 10.414 10.198 9.774 9.722 10.633 9.997 10.575 10.354 10.433 10.377 10.317 10.068 9.821 9.736 9.685 9.705 9.766 9.710 10.428
0.00037265 -1.62000 9.94448 0.0901687145 1.0833038092    0.090 -3.186  3.4791  5.448    1  0.000  0.545     0.00     0.00 -1 -5.15e-17      0.00 7.488e-01 2.508e-01 7.260e-05 1.959e-05 1.776e-04 -1.000 4.038e-04 12.736 13.010 11.728 10.990 10.464 10.397 10.183 9.761 9.709 10.619 9.983 10.563 10.340 10.416 10.360 10.300 10.055 9.808 9.723 9.673 9.692 9.753 9.697 10.415
0.00037265 -1.62000 9.94448 0.0991230235 1.1637387276    0.099 -2.899  3.5206  5.368    1  0.000  0.545     0.00     0.00 -1 -1.04e-16      0.00 7.474e-01 2.522e-01 7.260e-05 1.959e-05 1.776e-04 -1.000 4.037e-04 12.018 12.059 11.059 10.401 9.820 9.611 9.445 9.146 9.086 9.942 9.307 9.947 9.653 9.645 9.565 9.515 9.374 9.191 9.112 9.055 9.069 9.127 9.078 9.750
0.00037265 -1.62000 9.94448 0.1000000089 1.1711064577    0.100 -2.873  3.5245  5.360    1  0.000  0.545     0.00     0.00 -1 -1.11e-16      0.00 7.472e-01 2.524e-01 7.260e-05 1.959e-05 1.776e-04 -1.000 4.037e-04 11.951 11.972 10.994 10.345 9.762 9.543 9.380 9.091 9.030 9.881 9.247 9.890 9.593 9.579 9.497 9.447 9.313 9.137 9.058 9.001 9.014 9.071 9.023 9.691
0.00037265 -1.62000 9.94448 0.1110309884 1.2571573257    0.111 -2.707  3.5423  5.312    1  0.000  0.545     0.00     0.00 -1 -1.64e-16      0.00 7.461e-01 2.535e-01 7.260e-05 1.959e-05 1.776e-04 -1.000 4.038e-04 11.538 11.466 10.589 9.978 9.392 9.138 8.985 8.740 8.678 9.498 8.873 9.523 9.216 9.175 9.093 9.042 8.933 8.783 8.709 8.652 8.662 8.715 8.670 9.317
0.00037265 -1.62000 9.94448 0.1199999973 1.3193154335    0.120 -2.584  3.5556  5.275    1  0.000  0.545     0.00     0.00 -1 -2.18e-16      0.00 7.452e-01 2.544e-01 7.260e-05 1.959e-05 1.777e-04 -1.000 4.037e-04 11.230 11.097 10.287 9.704 9.122 8.848 8.702 8.487 8.425 9.220 8.605 9.253 8.944 8.887 8.805 8.754 8.658 8.529 8.458 8.402 8.410 8.460 8.419 9.046
0.00037265 -1.62000 9.94448 0.1272447258 1.3652714491    0.127 -2.515  3.5613  5.255    1  0.000  0.545     0.00     0.00 -1 -2.54e-16      0.00 7.446e-01 2.550e-01 7.260e-05 1.959e-05 1.777e-04 -1.000 4.038e-04 11.058 10.902 10.117 9.546 8.968 8.687 8.543 8.340 8.280 9.063 8.452 9.099 8.790 8.726 8.644 8.593 8.502 8.381 8.312 8.257 8.266 8.314 8.275 8.892
0.00037265 -1.62000 9.94448 0.1400000006 1.4384527206    0.140 -2.403  3.5707  5.222    1  0.000  0.545     0.00     0.00 -1 -3.25e-16      0.00 7.437e-01 2.559e-01 7.260e-05 1.959e-05 1.777e-04 -1.000 4.038e-04 10.778 10.585 9.840 9.287 8.715 8.425 8.286 8.101 8.043 8.806 8.203 8.846 8.537 8.464 8.384 8.334 8.249 8.140 8.074 8.021 8.029 8.075 8.039 8.639
0.00037265 -1.62000 9.94448 0.1599999964 1.5372931957    0.160 -2.263  3.5807  5.180    1  0.000  0.545     0.00     0.00 -1 -4.41e-16      0.00 7.425e-01 2.571e-01 7.260e-05 1.959e-05 1.777e-04 -1.000 4.037e-04 10.428 10.196 9.477 8.938 8.375 8.096 7.993 7.782 7.719 8.466 7.897 8.511 8.191 8.134 8.054 8.033 7.963 7.829 7.749 7.691 7.703 7.756 7.728 8.297
0.00037265 -1.62000 9.94448 0.2000000179 1.6938792467    0.200 -2.044  3.5937  5.110    1  0.000  0.545     0.00     0.00 -1 -7.07e-16      0.00 7.413e-01 2.583e-01 7.260e-05 1.959e-05 1.777e-04 -1.000 4.037e-04 9.881 9.586 8.918 8.412 7.859 7.588 7.530 7.313 7.253 7.949 7.431 8.000 7.669 7.623 7.548 7.556 7.515 7.361 7.277 7.222 7.236 7.291 7.277 7.779
0.00037265 -1.62000 9.94448 0.2500000298 1.8403259516    0.250 -1.839  3.6048  5.047    1  0.000  0.545     0.00     0.00 -1 -1.09e-15      0.00 7.412e-01 2.584e-01 7.259e-05 1.959e-05 1.777e-04 -1.000 4.037e-04 9.368 9.039 8.407 7.925 7.376 7.105 7.049 6.861 6.811 7.467 6.965 7.517 7.189 7.138 7.069 7.072 7.040 6.902 6.830 6.782 6.794 6.845 6.834 7.298
0.00037265 -1.62000 9.94448 0.3000000417 1.9529141188    0.300 -1.682  3.6135  5.003    1  0.000  0.545     0.00     0.00 -1  -1.5e-15      0.00 7.413e-01 2.583e-01 7.258e-05 1.959e-05 1.777e-04 -1.000 4.038e-04 8.975 8.631 8.021 7.553 7.006 6.731 6.660 6.506 6.465 7.096 6.591 7.145 6.823 6.762 6.698 6.684 6.648 6.539 6.481 6.440 6.450 6.496 6.483 6.930
0.00037265 -1.62000 9.94448 0.3109982610 1.9744290113    0.311 -1.652  3.6152  4.996    1  0.000  0.545     0.00     0.00 -1 -1.59e-15      0.00 7.413e-01 2.583e-01 7.258e-05 1.959e-05 1.777e-04 -1.000 4.037e-04 8.900 8.554 7.949 7.484 6.937 6.662 6.587 6.440 6.401 7.027 6.521 7.075 6.754 6.692 6.628 6.611 6.574 6.471 6.416 6.376 6.386 6.430 6.418 6.860
0.00037265 -1.62000 9.94448 0.3500000238 2.0434176922    0.350 -1.554  3.6210  4.972    1  0.000  0.545     0.00     0.00 -1 -1.94e-15      0.00 7.414e-01 2.582e-01 7.256e-05 1.959e-05 1.777e-04 -1.000 4.036e-04 8.655 8.300 7.710 7.254 6.707 6.431 6.344 6.221 6.188 6.797 6.290 6.844 6.527 6.459 6.400 6.370 6.329 6.247 6.202 6.166 6.175 6.215 6.202 6.631
0.00037265 -1.62000 9.94448 0.4000000358 2.1185026169    0.400 -1.420  3.6313  4.938    1  0.000  0.545     0.00     0.00 -1 -2.57e-15      0.00 7.503e-01 2.493e-01 7.260e-05 1.959e-05 1.776e-04 -1.000 4.037e-04 8.320 7.950 7.385 6.945 6.401 6.129 6.033 5.940 5.917 6.493 5.992 6.536 6.225 6.154 6.101 6.060 6.016 5.959 5.927 5.897 5.905 5.941 5.926 6.327
0.00037265 -1.62000 9.94448 0.4323165715 2.1608254910    0.432 -1.312  3.6426  4.908    1  0.000  0.545     0.00     0.00 -1 -3.28e-15      0.00 7.504e-01 2.492e-01 7.260e-05 1.959e-05 1.776e-04 -1.000 4.038e-04 8.049 7.662 7.125 6.702 6.165 5.903 5.808 5.736 5.719 6.259 5.776 6.296 5.994 5.925 5.878 5.834 5.791 5.750 5.726 5.701 5.708 5.742 5.728 6.093
0.00037265 -1.62000 9.94448 0.4500000477 2.1822810173    0.450 -1.256  3.6484  4.892    1  0.000  0.545     0.00     0.00 -1 -3.72e-15      0.00 7.505e-01 2.491e-01 7.260e-05 1.959e-05 1.776e-04 -1.000 4.037e-04 7.909 7.513 6.991 6.576 6.044 5.788 5.695 5.631 5.618 6.140 5.667 6.173 5.875 5.809 5.765 5.720 5.678 5.644 5.623 5.600 5.608 5.640 5.627 5.972
0.00037265 -1.62000 9.94448 0.5000000000 2.2374541759    0.500 -1.073  3.6711  4.846    1  0.000  0.545     0.00     0.00 -1 -5.68e-15      0.00 7.505e-01 2.491e-01 7.260e-05 1.959e-05 1.776e-04 -1.000 4.039e-04 7.451 7.027 6.560 6.180 5.676 5.447 5.365 5.323 5.318 5.774 5.347 5.796 5.521 5.464 5.429 5.387 5.351 5.331 5.318 5.302 5.309 5.336 5.326 5.610
0.00037265 -1.62000 9.94448 0.5500000715 2.2836585045    0.550 -0.874  3.6939  4.780    1  0.000  0.544     0.00     0.00 -1 -9.21e-15      0.00 7.758e-01 2.239e-01 6.569e-05 1.773e-05 1.609e-04 -1.000 3.425e-04 6.956 6.515 6.097 5.754 5.287 5.087 5.016 4.987 4.983 5.386 5.003 5.395 5.147 5.100 5.072 5.034 5.005 4.992 4.983 4.971 4.977 4.996 4.990 5.227
0.00037265 -1.62000 9.94448 0.6000000238 2.3211214542    0.600 -0.680  3.7190  4.724    1  0.000  0.544     0.00     0.00 -1 -1.47e-14      0.00 7.842e-01 2.154e-01 6.352e-05 1.715e-05 1.557e-04 -1.000 3.827e-04 6.471 6.033 5.662 5.357 4.932 4.762 4.704 4.684 4.678 5.029 4.695 5.029 4.809 4.772 4.751 4.718 4.697 4.688 4.682 4.673 4.675 4.682 4.681 4.879
0.00037265 -1.62000 9.94448 0.6110092402 2.3284287453    0.611 -0.636  3.7252  4.713    1  0.000  0.544     0.00     0.00 -1 -1.63e-14      0.00 7.864e-01 2.132e-01 6.297e-05 1.701e-05 1.543e-04 -1.000 3.358e-04 6.361 5.926 5.566 5.271 4.856 4.693 4.638 4.620 4.614 4.953 4.630 4.950 4.736 4.702 4.682 4.651 4.632 4.624 4.618 4.610 4.611 4.616 4.616 4.804
0.00037265 -1.62000 9.94448 0.6253926158 2.3375313282    0.625 -0.579  3.7333  4.698    1  0.000  0.544     0.00     0.00 -1 -1.87e-14      0.00 7.894e-01 2.102e-01 6.221e-05 1.680e-05 1.525e-04 -1.000 3.686e-04 6.218 5.791 5.445 5.161 4.757 4.603 4.553 4.538 4.531 4.854 4.547 4.848 4.642 4.611 4.594 4.564 4.548 4.541 4.536 4.528 4.529 4.531 4.532 4.708
0.00037265 -1.62000 9.94448 0.6385832429 2.3454661369    0.638 -0.527  3.7406  4.684    1  0.000  0.544     0.00     0.00 -1 -2.12e-14      0.00 7.924e-01 2.073e-01 6.147e-05 1.661e-05 1.508e-04 -1.000 3.418e-04 6.087 5.668 5.335 5.061 4.667 4.521 4.475 4.462 4.455 4.763 4.470 4.755 4.556 4.529 4.513 4.485 4.471 4.465 4.461 4.454 4.454 4.454 4.456 4.620
0.00037265 -1.62000 9.94448 0.6499999762 2.3520355225    0.650 -0.481  3.7470  4.672    1  0.000  0.543     0.00     0.00 -1 -2.37e-14      0.00 7.950e-01 2.046e-01 6.081e-05 1.643e-05 1.492e-04 -1.000 3.833e-04 5.973 5.564 5.241 4.975 4.590 4.451 4.408 4.397 4.390 4.685 4.403 4.675 4.482 4.457 4.443 4.417 4.405 4.400 4.396 4.389 4.389 4.388 4.390 4.544
0.00037265 -1.62000 9.94448 0.6556109786 2.3551678658    0.655 -0.459  3.7499  4.665    1  0.000  0.543     0.00     0.00 -1  -2.5e-14      0.00 7.966e-01 2.030e-01 6.041e-05 1.632e-05 1.482e-04 -1.000 4.034e-04 5.917 5.512 5.194 4.932 4.551 4.415 4.374 4.364 4.356 4.646 4.369 4.635 4.444 4.421 4.407 4.382 4.371 4.366 4.362 4.356 4.356 4.354 4.356 4.505
0.00037265 -1.62000 9.94448 0.6731348634 2.3645651340    0.673 -0.389  3.7589  4.642    1  0.000  0.543     0.00     0.00 -1 -2.98e-14      0.00 8.019e-01 1.977e-01 5.910e-05 1.597e-05 1.451e-04 -1.000 3.226e-04 5.742 5.351 5.048 4.796 4.427 4.300 4.264 4.257 4.250 4.522 4.261 4.508 4.325 4.305 4.294 4.272 4.263 4.259 4.256 4.250 4.250 4.246 4.250 4.383
0.00037265 -1.62000 9.94448 0.6892449260 2.3727214336    0.689 -0.324  3.7669  4.620    1  0.000  0.543     0.00     0.00 -1 -3.51e-14      0.00 8.073e-01 1.924e-01 5.778e-05 1.562e-05 1.419e-04 -1.000 3.081e-04 5.580 5.202 4.912 4.670 4.312 4.193 4.162 4.156 4.150 4.406 4.159 4.390 4.214 4.197 4.187 4.167 4.161 4.158 4.155 4.150 4.149 4.145 4.150 4.270
0.00037265 -1.62000 9.94448 0.6999999881 2.3779268265    0.700 -0.280  3.7721  4.604    1  0.000  0.542     0.00     0.00 -1 -3.92e-14      0.00 8.111e-01 1.886e-01 5.683e-05 1.537e-05 1.397e-04 -1.000 3.061e-04 5.471 5.102 4.820 4.585 4.234 4.120 4.092 4.087 4.081 4.327 4.090 4.310 4.139 4.124 4.115 4.097 4.091 4.089 4.086 4.082 4.081 4.077 4.081 4.193
0.00037265 -1.62000 9.94448 0.7141827941 2.3845162392    0.714 -0.222  3.7786  4.580    1  0.000  0.540     0.00     0.00 -1 -4.57e-14      0.00 8.177e-01 1.820e-01 5.498e-05 1.493e-05 1.358e-04 -1.000 3.324e-04 5.324 4.967 4.695 4.468 4.126 4.019 3.994 3.991 3.985 4.219 3.992 4.199 4.035 4.022 4.015 3.998 3.994 3.993 3.990 3.985 3.985 3.981 3.985 4.087
0.00037265 -1.62000 9.94448 0.7283150554 2.3907897472    0.728 -0.162  3.7848  4.554    1  0.000  0.537     0.00     0.00 -1 -5.35e-14      0.00 8.247e-01 1.749e-01 5.302e-05 1.445e-05 1.316e-04 -1.000 3.131e-04 5.175 4.830 4.568 4.348 4.015 3.915 3.892 3.890 3.884 4.107 3.891 4.086 3.928 3.917 3.910 3.896 3.893 3.892 3.889 3.885 3.884 3.880 3.884 3.977
0.00037265 -1.62000 9.94448 0.7413255572 2.3963224888    0.741 -0.106  3.7904  4.527    1  0.000  0.535     0.00     0.00 -1 -6.21e-14      0.00 8.316e-01 1.682e-01 5.112e-05 1.399e-05 1.274e-04 -1.000 2.550e-04 5.035 4.699 4.446 4.233 3.909 3.814 3.793 3.792 3.787 4.000 3.793 3.977 3.825 3.816 3.810 3.797 3.795 3.794 3.791 3.787 3.787 3.783 3.787 3.872
0.00037265 -1.62000 9.94448 0.7500000000 2.3998889923    0.750 -0.068  3.7939  4.508    1  0.000  0.533     0.00     0.00 -1 -6.89e-14      0.00 8.362e-01 1.636e-01 4.984e-05 1.368e-05 1.247e-04 -1.000 2.359e-04 4.940 4.610 4.363 4.154 3.835 3.744 3.724 3.723 3.718 3.926 3.724 3.902 3.753 3.746 3.740 3.727 3.726 3.725 3.723 3.719 3.718 3.714 3.718 3.799
0.00037265 -1.62000 9.94448 0.7517231107 2.4005861282    0.751 -0.060  3.7946  4.505    1  0.000  0.533     0.00     0.00 -1 -7.04e-14      0.00 8.367e-01 1.631e-01 4.974e-05 1.365e-05 1.244e-04 -1.000 2.380e-04 4.921 4.592 4.346 4.138 3.820 3.730 3.711 3.710 3.705 3.911 3.710 3.887 3.739 3.732 3.726 3.713 3.713 3.712 3.709 3.705 3.705 3.701 3.705 3.785
0.00037265 -1.62000 9.94448 0.7651221156 2.4058847427    0.765  0.001  3.7999  4.472    1  0.000  0.532     0.00     0.00 -1 -8.33e-14      0.00 8.403e-01 1.595e-01 4.909e-05 1.348e-05 1.230e-04 -1.000 2.665e-04 4.768 4.448 4.211 4.009 3.701 3.615 3.598 3.597 3.592 3.790 3.597 3.765 3.623 3.617 3.612 3.600 3.599 3.599 3.596 3.592 3.592 3.588 3.592 3.667
0.00037265 -1.62000 9.94448 0.7770529389 2.4104261398    0.776  0.057  3.8045  4.441    1  0.000  0.531     0.00     0.00 -1 -9.76e-14      0.00 8.430e-01 1.568e-01 4.868e-05 1.338e-05 1.221e-04 -1.000 2.859e-04 4.626 4.314 4.084 3.888 3.588 3.507 3.491 3.490 3.485 3.676 3.490 3.650 3.513 3.508 3.504 3.493 3.492 3.492 3.490 3.486 3.485 3.481 3.485 3.556
0.00037265 -1.62000 9.94448 0.7878504992 2.4144001007    0.787  0.111  3.8087  4.410    1  0.000  0.531     0.00     0.00 -1 -1.14e-13      0.00 8.451e-01 1.546e-01 4.840e-05 1.331e-05 1.216e-04 -1.000 2.638e-04 4.492 4.186 3.963 3.772 3.480 3.402 3.387 3.387 3.382 3.566 3.387 3.539 3.407 3.404 3.399 3.389 3.389 3.388 3.386 3.382 3.382 3.378 3.382 3.448
0.00037265 -1.62000 9.94448 0.7978835106 2.4179821014    0.797  0.164  3.8125  4.377    1  0.000  0.530     0.00     0.00 -1 -1.32e-13      0.00 8.469e-01 1.529e-01 4.820e-05 1.326e-05 1.212e-04 -1.000 2.361e-04 4.360 4.059 3.843 3.657 3.372 3.298 3.283 3.283 3.279 3.457 3.283 3.429 3.302 3.299 3.295 3.285 3.285 3.285 3.283 3.279 3.278 3.275 3.279 3.342
0.00037265 -1.62000 9.94448 0.8000000715 2.4187245369    0.799  0.176  3.8133  4.370    1  0.000  0.530     0.00     0.00 -1 -1.37e-13      0.00 8.472e-01 1.526e-01 4.817e-05 1.326e-05 1.212e-04 -1.000 2.433e-04 4.330 4.031 3.816 3.631 3.348 3.274 3.260 3.260 3.255 3.432 3.259 3.404 3.278 3.276 3.271 3.262 3.262 3.261 3.259 3.255 3.255 3.251 3.255 3.318
0.00037265 -1.62000 9.94448 0.8070552349 2.4211671352    0.806  0.216  3.8162  4.346    1  0.000  0.530     0.00     0.00 -1 -1.54e-13      0.00 8.471e-01 1.527e-01 4.833e-05 1.330e-05 1.216e-04 -1.000 2.771e-04 4.231 3.936 3.726 3.544 3.267 3.196 3.182 3.182 3.177 3.350 3.182 3.322 3.200 3.197 3.193 3.184 3.184 3.183 3.181 3.178 3.177 3.173 3.177 3.238
0.00037265 -1.62000 9.94448 0.8158194423 2.4241337776    0.815  0.268  3.8197  4.312    1  0.000  0.530     0.00     0.00 -1 -1.79e-13      0.00 8.468e-01 1.529e-01 4.855e-05 1.337e-05 1.222e-04 -1.000 2.559e-04 4.100 3.810 3.606 3.429 3.159 3.091 3.077 3.077 3.073 3.241 3.077 3.212 3.094 3.092 3.088 3.079 3.080 3.079 3.076 3.073 3.073 3.069 3.073 3.131
0.00037265 -1.62000 9.94448 0.8237896562 2.4267687798    0.823  0.318  3.8227  4.278    1  0.000  0.530     0.00     0.00 -1 -2.08e-13      0.00 8.465e-01 1.532e-01 4.878e-05 1.343e-05 1.228e-04 -1.000 2.504e-04 3.975 3.689 3.490 3.316 3.053 2.987 2.974 2.975 2.970 3.133 2.974 3.104 2.990 2.989 2.984 2.976 2.977 2.976 2.974 2.971 2.970 2.966 2.970 3.026
0.00037265 -1.62000 9.94448 0.8311936259 2.4291646481    0.830  0.367  3.8253  4.243    1  0.000  0.529     0.00     0.00 -1 -2.41e-13      0.00 8.461e-01 1.536e-01 4.900e-05 1.349e-05 1.234e-04 -1.000 2.887e-04 3.852 3.569 3.374 3.204 2.946 2.882 2.870 2.870 2.866 3.025 2.869 2.996 2.885 2.884 2.879 2.871 2.872 2.871 2.869 2.866 2.865 2.862 2.865 2.919
0.00037265 -1.62000 9.94448 0.8380889297 2.4313521385    0.837  0.416  3.8272  4.206    1  0.000  0.529     0.00     0.00 -1  -2.8e-13      0.00 8.451e-01 1.545e-01 4.934e-05 1.359e-05 1.243e-04 -1.000 3.231e-04 3.731 3.450 3.259 3.091 2.838 2.775 2.763 2.763 2.759 2.916 2.763 2.887 2.779 2.777 2.773 2.765 2.765 2.765 2.762 2.759 2.759 2.755 2.759 2.812
0.00037265 -1.62000 9.94448 0.8457285166 2.4337277412    0.844  0.474  3.8286  4.157    1  0.000  0.529     0.00     0.00 -1 -3.37e-13      0.00 8.431e-01 1.566e-01 4.995e-05 1.376e-05 1.258e-04 -1.000 3.332e-04 3.585 3.306 3.117 2.951 2.702 2.640 2.628 2.628 2.624 2.779 2.628 2.749 2.644 2.642 2.638 2.630 2.630 2.630 2.627 2.624 2.624 2.620 2.624 2.676
0.00037265 -1.62000 9.94448 0.8468509316 2.4340727329    0.845  0.483  3.8288  4.150    1  0.000  0.529     0.00     0.00 -1 -3.47e-13      0.00 8.427e-01 1.569e-01 5.005e-05 1.379e-05 1.261e-04 -1.000 3.339e-04 3.564 3.284 3.096 2.930 2.681 2.619 2.608 2.608 2.604 2.758 2.608 2.729 2.623 2.621 2.617 2.609 2.610 2.609 2.607 2.604 2.603 2.600 2.603 2.656
0.00037265 -1.62000 9.94448 0.8489452004 2.4347133636    0.847  0.501  3.8286  4.132    1  0.000  0.529     0.00     0.00 -1 -3.69e-13      0.00 8.421e-01 1.576e-01 5.024e-05 1.384e-05 1.265e-04 -1.000 3.352e-04 3.518 3.238 3.050 2.884 2.635 2.573 2.561 2.561 2.557 2.711 2.561 2.682 2.577 2.575 2.571 2.563 2.563 2.563 2.560 2.557 2.557 2.553 2.557 2.609
0.00037265 -1.62000 9.94448 0.8500000238 2.4350347519    0.849  0.510  3.8285  4.123    1  0.000  0.529     0.00     0.00 -1 -3.81e-13      0.00 8.418e-01 1.579e-01 5.034e-05 1.386e-05 1.268e-04 -1.000 3.358e-04 3.495 3.215 3.026 2.860 2.611 2.549 2.538 2.537 2.533 2.688 2.537 2.659 2.553 2.551 2.547 2.539 2.539 2.539 2.536 2.533 2.533 2.529 2.533 2.586
0.00037265 -1.62000 9.94448 0.8552117944 2.4366090298    0.854  0.558  3.8274  4.072    1  0.000  0.530     0.00     0.00 -1 -4.48e-13      0.00 8.404e-01 1.593e-01 5.067e-05 1.395e-05 1.276e-04 -1.000 3.324e-04 3.374 3.091 2.901 2.733 2.483 2.420 2.408 2.408 2.403 2.560 2.408 2.531 2.424 2.422 2.417 2.410 2.410 2.409 2.407 2.404 2.403 2.400 2.403 2.457
0.00037265 -1.62000 9.94448 0.8596293926 2.4379262924    0.858  0.605  3.8243  4.015    1  0.000  0.530     0.00     0.00 -1 -5.32e-13      0.00 8.392e-01 1.604e-01 5.095e-05 1.403e-05 1.282e-04 -1.000 3.295e-04 3.257 2.968 2.773 2.602 2.346 2.281 2.268 2.267 2.263 2.424 2.268 2.395 2.285 2.282 2.278 2.270 2.270 2.269 2.267 2.263 2.263 2.259 2.263 2.319
0.00037265 -1.62000 9.94448 0.8605635166 2.4382028580    0.859  0.616  3.8233  4.001    1  0.000  0.530     0.00     0.00 -1 -5.58e-13      0.00 8.390e-01 1.607e-01 5.101e-05 1.405e-05 1.284e-04 -1.000 3.289e-04 3.230 2.939 2.742 2.570 2.312 2.247 2.234 2.233 2.229 2.391 2.234 2.362 2.252 2.248 2.244 2.236 2.236 2.235 2.232 2.229 2.229 2.225 2.228 2.285
0.00037265 -1.62000 9.94448 0.8613688350 2.4384407997    0.860  0.626  3.8220  3.986    1  0.000  0.530     0.00     0.00 -1 -5.81e-13      0.00 8.388e-01 1.609e-01 5.106e-05 1.406e-05 1.285e-04 -1.000 3.283e-04 3.204 2.911 2.712 2.539 2.278 2.212 2.199 2.198 2.194 2.357 2.199 2.329 2.217 2.213 2.209 2.201 2.201 2.200 2.197 2.194 2.194 2.190 2.193 2.251
0.00037265 -1.62000 9.94448 0.8640776277 2.4392371178    0.862  0.663  3.8163  3.928    2  0.000  0.530     0.00     0.00 -1 -6.71e-13      0.00 8.381e-01 1.616e-01 5.123e-05 1.411e-05 1.289e-04 -1.000 3.266e-04 3.113 2.810 2.602 2.421 2.150 2.078 2.065 2.063 2.058 2.231 2.064 2.203 2.084 2.080 2.075 2.067 2.066 2.065 2.062 2.059 2.058 2.054 2.058 2.121
0.00037265 -1.62000 9.94448 0.8661405444 2.4398398399    0.864  0.694  3.8093  3.869    2  0.000  0.530     0.00     0.00 -1  -7.7e-13      0.00 8.375e-01 1.621e-01 5.136e-05 1.414e-05 1.292e-04 -1.000 3.253e-04 3.034 2.720 2.501 2.311 2.027 1.949 1.935 1.933 1.928 2.111 1.934 2.083 1.957 1.951 1.946 1.937 1.936 1.935 1.932 1.929 1.928 1.924 1.927 1.996
0.00037265 -1.62000 9.94448 0.8677459359 2.4403064251    0.866  0.722  3.8010  3.810    2  0.000  0.530     0.00     0.00 -1 -8.79e-13      0.00 8.371e-01 1.626e-01 5.146e-05 1.417e-05 1.295e-04 -1.000 3.242e-04 2.965 2.639 2.406 2.206 1.906 1.821 1.805 1.803 1.797 1.992 1.804 1.966 1.830 1.823 1.818 1.808 1.806 1.805 1.802 1.798 1.797 1.793 1.797 1.873
0.00037265 -1.62000 9.94448 0.8690288663 2.4406781197    0.867  0.746  3.7921  3.751    2  0.000  0.530     0.00     0.00 -1 -9.93e-13      0.00 8.354e-01 1.643e-01 5.193e-05 1.429e-05 1.306e-04 -1.000 3.158e-04 2.906 2.566 2.319 2.107 1.790 1.697 1.679 1.677 1.671 1.879 1.678 1.855 1.708 1.699 1.694 1.683 1.680 1.679 1.676 1.672 1.671 1.666 1.670 1.754
0.00037265 -1.62000 9.94448 0.8698386550 2.4409117699    0.868  0.762  3.7850  3.707    2  0.000  0.530     0.00     0.00 -1 -1.08e-12      0.00 8.325e-01 1.672e-01 5.276e-05 1.451e-05 1.326e-04 -1.000 3.041e-04 2.866 2.517 2.258 2.036 1.706 1.606 1.587 1.584 1.578 1.798 1.586 1.775 1.619 1.608 1.603 1.591 1.588 1.586 1.583 1.579 1.578 1.573 1.577 1.668
0.00037265 -1.62000 9.94448 0.8705508709 2.4411170483    0.868  0.776  3.7780  3.665    2  0.000  0.531     0.00     0.00 -1 -1.17e-12      0.00 8.248e-01 1.749e-01 5.460e-05 1.501e-05 1.370e-04 -1.000 2.856e-04 2.831 2.473 2.202 1.971 1.627 1.521 1.501 1.497 1.490 1.721 1.499 1.700 1.536 1.523 1.518 1.505 1.501 1.499 1.496 1.491 1.490 1.486 1.489 1.587
0.00037265 -1.62000 9.94448 0.8713952303 2.4413599968    0.869  0.792  3.7692  3.614    2  0.000  0.533     0.00     0.00 -1 -1.29e-12      0.00 8.063e-01 1.934e-01 5.904e-05 1.619e-05 1.476e-04 -1.000 3.422e-04 2.790 2.420 2.135 1.892 1.531 1.416 1.394 1.389 1.382 1.628 1.392 1.609 1.434 1.419 1.413 1.398 1.394 1.392 1.388 1.383 1.382 1.378 1.381 1.489
0.00037265 -1.62000 9.94448 0.8721866012 2.4415872097    0.870  0.811  3.7610  3.563    2  0.000  0.535     0.00     0.00 -1 -1.43e-12      0.00 7.873e-01 2.124e-01 6.310e-05 1.728e-05 1.573e-04 -1.000 3.658e-04 2.743 2.365 2.065 1.811 1.435 1.312 1.286 1.281 1.274 1.533 1.284 1.517 1.332 1.315 1.308 1.292 1.286 1.284 1.280 1.275 1.274 1.270 1.273 1.390
0.00037265 -1.62000 9.94448 0.8729896545 2.4418170452    0.871  0.837  3.7534  3.506    2  0.000  0.536     0.00     0.00 -1 -1.62e-12      0.00 7.749e-01 2.248e-01 6.586e-05 1.801e-05 1.638e-04 -1.000 3.891e-04 2.677 2.290 1.978 1.713 1.322 1.192 1.164 1.158 1.151 1.422 1.162 1.409 1.214 1.195 1.187 1.170 1.164 1.161 1.157 1.151 1.151 1.147 1.150 1.276
0.00037265 -1.62000 9.94448 0.8737523556 2.4420351982    0.872  0.875  3.7475  3.445    2  0.000  0.536     0.00     0.00 -1 -1.89e-12      0.00 7.687e-01 2.309e-01 6.724e-05 1.838e-05 1.671e-04 -1.000 3.665e-04 2.583 2.189 1.867 1.594 1.193 1.056 1.026 1.019 1.012 1.294 1.024 1.282 1.080 1.059 1.051 1.033 1.026 1.022 1.018 1.012 1.012 1.009 1.012 1.144
0.00037265 -1.62000 9.94448 0.8741726279 2.4421551228    0.872  0.899  3.7446  3.410    2  0.000  0.537     0.00     0.00 -1 -2.09e-12      0.00 7.662e-01 2.335e-01 6.780e-05 1.853e-05 1.684e-04 -1.000 3.358e-04 2.523 2.126 1.799 1.521 1.115 0.975 0.945 0.937 0.930 1.217 0.942 1.206 1.000 0.979 0.970 0.951 0.944 0.940 0.936 0.930 0.930 0.927 0.930 1.066
0.00037265 -1.62000 9.94448 0.8744605184 2.4422371387    0.872  0.920  3.7432  3.383    3  0.000  0.537     0.00     0.00 -1 -2.26e-12      0.00 7.650e-01 2.347e-01 6.804e-05 1.860e-05 1.690e-04 -1.000 3.454e-04 2.470 2.072 1.742 1.463 1.054 0.912 0.882 0.874 0.867 1.156 0.878 1.145 0.938 0.916 0.907 0.888 0.880 0.877 0.873 0.867 0.867 0.864 0.867 1.004
0.00037265 -1.62000 9.94448 0.8750416636 2.4424026012    0.873  0.965  3.7404  3.328    3  0.000  0.537     0.00     0.00 -1 -2.66e-12      0.00 7.627e-01 2.370e-01 6.846e-05 1.871e-05 1.700e-04 -1.000 3.720e-04 2.358 1.958 1.623 1.340 0.925 0.781 0.750 0.742 0.735 1.028 0.746 1.019 0.808 0.785 0.775 0.757 0.749 0.745 0.741 0.735 0.734 0.732 0.735 0.875
0.00037265 -1.62000 9.94448 0.8755284548 2.4425411224    0.873  1.005  3.7384  3.280    3  0.000  0.537     0.00     0.00 -1 -3.09e-12      0.00 7.608e-01 2.388e-01 6.875e-05 1.879e-05 1.707e-04 -1.000 3.890e-04 2.257 1.855 1.517 1.230 0.812 0.665 0.634 0.626 0.619 0.915 0.630 0.906 0.693 0.669 0.660 0.641 0.632 0.628 0.624 0.618 0.618 0.616 0.618 0.761
0.00037265 -1.62000 9.94448 0.8760067821 2.4426767826    0.874  1.048  3.7366  3.230    3  0.000  0.537     0.00     0.00 -1 -3.61e-12      0.00 7.591e-01 2.405e-01 6.897e-05 1.885e-05 1.713e-04 -1.000 3.936e-04 2.150 1.746 1.405 1.116 0.694 0.545 0.514 0.505 0.498 0.798 0.510 0.789 0.574 0.549 0.540 0.521 0.512 0.508 0.504 0.498 0.498 0.496 0.498 0.642
0.00037265 -1.62000 9.94448 0.8765097260 2.4428195953    0.874  1.096  3.7348  3.175    3  0.000  0.537     0.00     0.00 -1 -4.29e-12      0.00 7.573e-01 2.423e-01 6.914e-05 1.892e-05 1.718e-04 -1.000 3.944e-04 2.030 1.624 1.280 0.988 0.562 0.412 0.380 0.371 0.364 0.667 0.376 0.659 0.441 0.416 0.406 0.387 0.378 0.374 0.370 0.363 0.364 0.362 0.364 0.510
0.00037265 -1.62000 9.94448 0.8769325614 2.4429392815    0.874  1.139  3.7333  3.126    3  0.000  0.536     0.00     0.00 -1 -5.01e-12      0.00 7.557e-01 2.439e-01 6.920e-05 1.898e-05 1.722e-04 -1.000 3.771e-04 1.922 1.515 1.168 0.874 0.445 0.293 0.261 0.252 0.245 0.550 0.257 0.543 0.322 0.297 0.287 0.268 0.259 0.255 0.251 0.244 0.244 0.243 0.245 0.392
0.00037265 -1.62000 9.94448 0.8773686290 2.4430627823    0.875  1.187  3.7317  3.072    3  0.000  0.534     0.00     0.00 -1 -5.95e-12      0.00 7.539e-01 2.457e-01 6.910e-05 1.911e-05 1.725e-04 -1.000 3.742e-04 1.803 1.395 1.045 0.748 0.316 0.162 0.130 0.121 0.114 0.421 0.126 0.415 0.192 0.166 0.156 0.138 0.128 0.124 0.120 0.113 0.113 0.113 0.115 0.263
0.00037265 -1.62000 9.94448 0.8777670264 2.4431753159    0.875  1.234  3.7302  3.019    3  0.000  0.531     0.00     0.00 -1 -7.05e-12      0.00 7.523e-01 2.473e-01 6.878e-05 1.938e-05 1.728e-04 -1.000 3.838e-04 1.685 1.276 0.924 0.625 0.189 0.034 0.001 -0.008 -0.014 0.295 -0.003 0.289 0.064 0.038 0.028 0.009 -0.001 -0.005 -0.009 -0.016 -0.016 -0.016 -0.014 0.135
0.00037265 -1.62000 9.94448 0.8781268001 2.4432768822    0.875  1.280  3.7287  2.967    3  0.000  0.527     0.00     0.00 -1 -8.31e-12      0.00 7.509e-01 2.487e-01 6.828e-05 1.983e-05 1.730e-04 -1.000 3.990e-04 1.571 1.161 0.806 0.504 0.065 -0.091 -0.125 -0.134 -0.140 0.172 -0.128 0.166 -0.061 -0.087 -0.097 -0.116 -0.126 -0.131 -0.135 -0.142 -0.141 -0.141 -0.139 0.011
0.00037265 -1.62000 9.94448 0.8784619570 2.4433715343    0.875  1.326  3.7272  2.915    3  0.000  0.521     0.00     0.00 -1 -9.81e-12      0.00 7.496e-01 2.501e-01 6.761e-05 2.050e-05 1.732e-04 -1.000 3.826e-04 1.455 1.044 0.686 0.382 -0.059 -0.217 -0.251 -0.260 -0.266 0.047 -0.255 0.042 -0.186 -0.213 -0.223 -0.243 -0.253 -0.257 -0.262 -0.269 -0.268 -0.267 -0.266 -0.114
0.00037265 -1.62000 9.94448 0.8787703514 2.4434585571    0.876  1.372  3.7257  2.863    3  0.000  0.516     0.00     0.00 -1 -1.16e-11      0.00 7.484e-01 2.512e-01 6.688e-05 2.132e-05 1.733e-04 -1.000 3.716e-04 1.341 0.928 0.567 0.261 -0.183 -0.343 -0.377 -0.386 -0.392 -0.076 -0.381 -0.081 -0.312 -0.339 -0.349 -0.368 -0.379 -0.384 -0.388 -0.395 -0.394 -0.393 -0.392 -0.238
0.00037265 -1.62000 9.94448 0.8790618181 2.4435405731    0.876  1.419  3.7241  2.810    3  0.000  0.510     0.00     0.00 -1 -1.37e-11      0.00 7.474e-01 2.522e-01 6.617e-05 2.215e-05 1.734e-04 -1.000 3.841e-04 1.223 0.809 0.446 0.137 -0.310 -0.472 -0.506 -0.516 -0.522 -0.203 -0.510 -0.207 -0.440 -0.468 -0.478 -0.498 -0.508 -0.513 -0.517 -0.524 -0.523 -0.522 -0.521 -0.366
0.00037265 -1.62000 9.94448 0.8793173432 2.4436125755    0.876  1.463  3.7226  2.759    3  0.000  0.505     0.00     0.00 -1 -1.61e-11      0.00 7.466e-01 2.530e-01 6.560e-05 2.283e-05 1.735e-04 -1.000 3.995e-04 1.112 0.697 0.330 0.020 -0.431 -0.595 -0.629 -0.639 -0.645 -0.324 -0.633 -0.327 -0.562 -0.590 -0.601 -0.620 -0.631 -0.636 -0.641 -0.648 -0.646 -0.644 -0.643 -0.487
0.00037265 -1.62000 9.94448 0.8795588613 2.4436802864    0.876  1.509  3.7210  2.707    3  0.000  0.502     0.00     0.00 -1  -1.9e-11      0.00 7.460e-01 2.536e-01 6.512e-05 2.343e-05 1.735e-04 -1.000 3.999e-04 0.997 0.582 0.212 -0.101 -0.555 -0.720 -0.755 -0.765 -0.771 -0.447 -0.759 -0.450 -0.687 -0.716 -0.727 -0.746 -0.757 -0.762 -0.767 -0.774 -0.772 -0.769 -0.769 -0.612
0.00037265 -1.62000 9.94448 0.8797853589 2.4437441826    0.876  1.556  3.7193  2.654    3  0.000  0.499     0.00     0.00 -1 -2.25e-11      0.00 7.455e-01 2.541e-01 6.474e-05 2.390e-05 1.736e-04 -1.000 3.916e-04 0.881 0.465 0.092 -0.224 -0.681 -0.849 -0.884 -0.894 -0.899 -0.573 -0.888 -0.575 -0.815 -0.844 -0.855 -0.875 -0.886 -0.891 -0.896 -0.903 -0.901 -0.898 -0.897 -0.739
0.00037265 -1.62000 9.94448 0.8799873590 2.4438009262    0.876  1.601  3.7176  2.602    3  0.000  0.496     0.00     0.00 -1 -2.65e-11      0.00 7.452e-01 2.544e-01 6.449e-05 2.422e-05 1.736e-04 -1.000 3.928e-04 0.768 0.352 -0.024 -0.343 -0.804 -0.974 -1.008 -1.019 -1.024 -0.696 -1.013 -0.697 -0.939 -0.969 -0.980 -0.999 -1.011 -1.016 -1.021 -1.028 -1.026 -1.022 -1.021 -0.862
0.00037265 -1.62000 9.94448 0.8801764846 2.4438538551    0.876  1.646  3.7159  2.550    3  0.000  0.495     0.00     0.00 -1 -3.12e-11      0.00 7.449e-01 2.547e-01 6.431e-05 2.446e-05 1.737e-04 -1.000 4.038e-04 0.654 0.237 -0.142 -0.464 -0.929 -1.100 -1.135 -1.146 -1.151 -0.820 -1.140 -0.820 -1.065 -1.096 -1.107 -1.126 -1.138 -1.143 -1.148 -1.155 -1.153 -1.148 -1.148 -0.987
0.00037265 -1.62000 9.94448 0.8803498745 2.4439024925    0.876  1.692  3.7142  2.497    3  0.000  0.494     0.00     0.00 -1 -3.69e-11      0.00 7.448e-01 2.548e-01 6.421e-05 2.458e-05 1.737e-04 -1.000 4.037e-04 0.540 0.122 -0.260 -0.585 -1.053 -1.227 -1.262 -1.273 -1.278 -0.945 -1.267 -0.944 -1.192 -1.222 -1.234 -1.253 -1.265 -1.271 -1.275 -1.283 -1.280 -1.274 -1.274 -1.113
0.00037265 -1.62000 9.94448 0.8805063367 2.4439466000    0.876  1.737  3.7124  2.445    3  0.000  0.494     0.00     0.00 -1 -4.34e-11      0.00 7.448e-01 2.548e-01 6.418e-05 2.462e-05 1.737e-04 -1.000 4.038e-04 0.428 0.009 -0.377 -0.704 -1.176 -1.351 -1.387 -1.399 -1.402 -1.067 -1.392 -1.065 -1.316 -1.347 -1.358 -1.378 -1.390 -1.396 -1.400 -1.408 -1.405 -1.398 -1.399 -1.236
0.00037265 -1.62000 9.94448 0.8806499839 2.4439868927    0.876  1.781  3.7106  2.394    3  0.000  0.494     0.00     0.00 -1 -5.11e-11      0.00 7.448e-01 2.548e-01 6.417e-05 2.463e-05 1.737e-04 -1.000 4.038e-04 0.317 -0.103 -0.492 -0.822 -1.298 -1.476 -1.512 -1.524 -1.527 -1.189 -1.517 -1.186 -1.439 -1.471 -1.483 -1.502 -1.515 -1.521 -1.526 -1.533 -1.530 -1.522 -1.523 -1.359
0.00037265 -1.62000 9.94448 0.8807819486 2.4440238476    0.876  1.826  3.7088  2.342    3  0.000  0.494     0.00     0.00 -1    -6e-11      0.00 7.447e-01 2.548e-01 6.417e-05 2.464e-05 1.737e-04 -1.000 4.038e-04 0.206 -0.214 -0.608 -0.940 -1.420 -1.600 -1.636 -1.649 -1.651 -1.311 -1.642 -1.307 -1.563 -1.595 -1.607 -1.626 -1.640 -1.645 -1.650 -1.658 -1.655 -1.646 -1.647 -1.482
0.00037265 -1.62000 9.94448 0.8809041977 2.4440579414    0.876  1.870  3.7069  2.290    3  0.000  0.494     0.00     0.00 -1 -7.06e-11      0.00 7.447e-01 2.549e-01 6.416e-05 2.465e-05 1.737e-04 -1.000 4.038e-04 0.094 -0.326 -0.723 -1.059 -1.543 -1.725 -1.761 -1.774 -1.776 -1.433 -1.767 -1.428 -1.687 -1.720 -1.732 -1.751 -1.765 -1.771 -1.776 -1.783 -1.780 -1.770 -1.771 -1.605
0.00037265 -1.62000 9.94448 0.8810179830 2.4440898895    0.875  1.915  3.7050  2.237    3  0.000  0.494     0.00     0.00 -1 -8.32e-11      0.00 7.447e-01 2.549e-01 6.415e-05 2.465e-05 1.737e-04 -1.000 4.037e-04 -0.018 -0.438 -0.839 -1.178 -1.666 -1.850 -1.887 -1.900 -1.902 -1.555 -1.893 -1.550 -1.812 -1.845 -1.857 -1.876 -1.891 -1.897 -1.902 -1.910 -1.906 -1.894 -1.896 -1.728
0.00037265 -1.62000 9.94448 0.8811213970 2.4441189766    0.875  1.959  3.7031  2.186    3  0.000  0.494     0.00     0.00 -1 -9.77e-11      0.00 7.447e-01 2.549e-01 6.415e-05 2.466e-05 1.737e-04 -1.000 4.038e-04 -0.127 -0.548 -0.953 -1.295 -1.787 -1.974 -2.011 -2.024 -2.025 -1.676 -2.017 -1.670 -1.934 -1.969 -1.981 -2.000 -2.015 -2.021 -2.026 -2.034 -2.029 -2.017 -2.019 -1.850
0.00037265 -1.62000 9.94448 0.8812192678 2.4441463947    0.875  2.004  3.7011  2.133    3  0.000  0.494     0.00     0.00 -1 -1.15e-10      0.00 7.447e-01 2.549e-01 6.415e-05 2.467e-05 1.737e-04 -1.000 4.038e-04 -0.239 -0.660 -1.069 -1.414 -1.911 -2.100 -2.137 -2.151 -2.151 -1.799 -2.143 -1.792 -2.060 -2.095 -2.107 -2.125 -2.142 -2.147 -2.153 -2.161 -2.156 -2.142 -2.145 -1.975
0.00037265 -1.62000 9.94448 0.8813055158 2.4441704750    0.875  2.046  3.6992  2.083    3  0.000  0.494     0.00     0.00 -1 -1.34e-10      0.00 7.447e-01 2.549e-01 6.414e-05 2.467e-05 1.737e-04 -1.000 4.037e-04 -0.344 -0.765 -1.178 -1.526 -2.028 -2.219 -2.256 -2.270 -2.270 -1.916 -2.263 -1.907 -2.178 -2.213 -2.226 -2.244 -2.261 -2.267 -2.272 -2.280 -2.275 -2.260 -2.263 -2.092
0.00037265 -1.62000 9.94448 0.8813862205 2.4441931248    0.874  2.087  3.6973  2.034    3  0.000  0.494     0.00     0.00 -1 -1.56e-10      0.00 7.447e-01 2.549e-01 6.414e-05 2.468e-05 1.737e-04 -1.000 4.038e-04 -0.448 -0.869 -1.285 -1.637 -2.143 -2.336 -2.374 -2.389 -2.388 -2.031 -2.381 -2.021 -2.295 -2.331 -2.344 -2.362 -2.379 -2.385 -2.391 -2.399 -2.393 -2.377 -2.380 -2.208
0.00037265 -1.62000 9.94448 0.8814669847 2.4442155361    0.874  2.127  3.6955  1.987    3  0.000  0.493     0.00     0.00 -1 -1.81e-10      0.00 7.447e-01 2.549e-01 6.413e-05 2.468e-05 1.737e-04 -1.000 4.038e-04 -0.547 -0.968 -1.388 -1.743 -2.253 -2.449 -2.487 -2.501 -2.500 -2.140 -2.493 -2.130 -2.407 -2.443 -2.456 -2.474 -2.492 -2.498 -2.503 -2.511 -2.506 -2.488 -2.492 -2.319
0.00037265 -1.62000 9.94448 0.8815729022 2.4442453384    0.873  2.167  3.6937  1.939    3  0.000  0.493     0.00     0.00 -1  -2.1e-10      0.00 7.447e-01 2.549e-01 6.413e-05 2.469e-05 1.737e-04 -1.000 4.038e-04 -0.646 -1.067 -1.491 -1.849 -2.363 -2.561 -2.599 -2.615 -2.612 -2.250 -2.606 -2.239 -2.518 -2.555 -2.568 -2.586 -2.605 -2.611 -2.617 -2.625 -2.619 -2.599 -2.603 -2.429
0.00037265 -1.62000 9.94448 0.8816066980 2.4442546368    0.873  2.154  3.6945  1.955    3  0.000  0.493     0.00     0.00 -1 -2.02e-10      0.00 7.447e-01 2.549e-01 6.413e-05 2.469e-05 1.737e-04 -1.000 4.038e-04 -0.616 -1.037 -1.460 -1.816 -2.329 -2.525 -2.563 -2.578 -2.576 -2.216 -2.570 -2.205 -2.483 -2.520 -2.533 -2.550 -2.569 -2.575 -2.580 -2.589 -2.583 -2.564 -2.568 -2.394
0.00037265 -1.62000 9.94448 0.8816430569 2.4442648888    0.873  2.141  3.6953  1.971    3  0.000  0.493     0.00     0.00 -1 -1.93e-10      0.00 7.447e-01 2.549e-01 6.412e-05 2.470e-05 1.737e-04 -1.000 4.037e-04 -0.582 -1.003 -1.424 -1.780 -2.290 -2.485 -2.524 -2.538 -2.537 -2.177 -2.530 -2.167 -2.444 -2.480 -2.493 -2.511 -2.529 -2.535 -2.540 -2.548 -2.543 -2.525 -2.528 -2.355
0.00037265 -1.62000 9.94448 0.8816993833 2.4442806244    0.873  2.181  3.6934  1.924    3  0.000  0.493     0.00     0.00 -1 -2.21e-10      0.00 7.447e-01 2.549e-01 6.412e-05 2.470e-05 1.737e-04 -1.000 4.038e-04 -0.681 -1.102 -1.527 -1.886 -2.400 -2.598 -2.637 -2.652 -2.649 -2.287 -2.643 -2.276 -2.556 -2.593 -2.606 -2.623 -2.642 -2.649 -2.654 -2.662 -2.656 -2.636 -2.640 -2.467
0.00037265 -1.62000 9.94448 0.8817552328 2.4442963600    0.872  2.222  3.6913  1.874    3  0.000  0.493     0.00     0.00 -1 -2.57e-10      0.00 7.447e-01 2.549e-01 6.412e-05 2.470e-05 1.737e-04 -1.000 4.037e-04 -0.784 -1.204 -1.633 -1.996 -2.515 -2.715 -2.754 -2.770 -2.767 -2.401 -2.761 -2.389 -2.672 -2.710 -2.723 -2.740 -2.760 -2.767 -2.772 -2.780 -2.774 -2.751 -2.756 -2.582
0.00037265 -1.62000 9.94448 0.8818079829 2.4443109035    0.872  2.263  3.6893  1.825    3  0.000  0.493     0.00     0.00 -1 -2.99e-10      0.00 7.447e-01 2.549e-01 6.412e-05 2.471e-05 1.737e-04 -1.000 4.038e-04 -0.887 -1.306 -1.740 -2.106 -2.630 -2.833 -2.872 -2.889 -2.884 -2.516 -2.879 -2.503 -2.789 -2.827 -2.841 -2.857 -2.879 -2.885 -2.891 -2.899 -2.892 -2.867 -2.872 -2.698
0.00037265 -1.62000 9.94448 0.8818563819 2.4443244934    0.871  2.303  3.6872  1.776    3  0.000  0.493     0.00     0.00 -1 -3.47e-10      0.00 7.447e-01 2.549e-01 6.411e-05 2.471e-05 1.737e-04 -1.000 4.037e-04 -0.987 -1.406 -1.844 -2.214 -2.743 -2.948 -2.987 -3.005 -2.999 -2.628 -2.995 -2.614 -2.903 -2.942 -2.956 -2.972 -2.995 -3.001 -3.007 -3.015 -3.007 -2.980 -2.986 -2.811
0.00037265 -1.62000 9.94448 0.8819006681 2.4443368912    0.871  2.342  3.6851  1.728    3  0.000  0.493     0.00     0.00 -1 -4.01e-10      0.00 7.447e-01 2.549e-01 6.411e-05 2.471e-05 1.737e-04 -1.000 4.037e-04 -1.086 -1.504 -1.946 -2.320 -2.853 -3.061 -3.101 -3.119 -3.112 -2.738 -3.109 -2.723 -3.016 -3.055 -3.069 -3.084 -3.108 -3.115 -3.121 -3.129 -3.121 -3.091 -3.098 -2.923
0.00037265 -1.62000 9.94448 0.8819428086 2.4443488121    0.870  2.382  3.6830  1.679    3  0.000  0.493     0.00     0.00 -1 -4.65e-10      0.00 7.447e-01 2.549e-01 6.411e-05 2.472e-05 1.737e-04 -1.000 4.037e-04 -1.185 -1.602 -2.050 -2.427 -2.965 -3.176 -3.215 -3.234 -3.227 -2.850 -3.224 -2.834 -3.129 -3.170 -3.184 -3.199 -3.224 -3.230 -3.237 -3.245 -3.236 -3.204 -3.211 -3.035
0.00037265 -1.62000 9.94448 0.8819807768 2.4443593025    0.870  2.420  3.6808  1.632    3  0.000  0.493     0.00     0.00 -1 -5.37e-10      0.00 7.447e-01 2.549e-01 6.411e-05 2.472e-05 1.737e-04 -1.000 4.038e-04 -1.281 -1.697 -2.149 -2.530 -3.074 -3.287 -3.326 -3.346 -3.338 -2.958 -3.335 -2.940 -3.240 -3.281 -3.295 -3.309 -3.335 -3.342 -3.348 -3.357 -3.347 -3.313 -3.321 -3.144
0.00037265 -1.62000 9.94448 0.8820174336 2.4443695545    0.869  2.460  3.6788  1.584    3  0.000  0.493     0.00     0.00 -1 -6.22e-10      0.00 7.447e-01 2.549e-01 6.411e-05 2.472e-05 1.737e-04 -1.000 4.038e-04 -1.380 -1.794 -2.250 -2.636 -3.185 -3.401 -3.440 -3.461 -3.451 -3.069 -3.449 -3.050 -3.353 -3.395 -3.410 -3.421 -3.450 -3.457 -3.463 -3.472 -3.462 -3.424 -3.433 -3.256
0.00037265 -1.62000 9.94448 0.8820566535 2.4443805218    0.868  2.506  3.6761  1.527    3  0.000  0.493     0.00     0.00 -1 -7.37e-10      0.00 7.447e-01 2.549e-01 6.410e-05 2.472e-05 1.737e-04 -1.000 4.038e-04 -1.495 -1.905 -2.368 -2.758 -3.314 -3.534 -3.573 -3.595 -3.584 -3.197 -3.583 -3.177 -3.484 -3.527 -3.543 -3.553 -3.584 -3.591 -3.597 -3.606 -3.595 -3.554 -3.564 -3.387
0.00037265 -1.62000 9.94448 0.8820877671 2.4443891048    0.867  2.545  3.6739  1.479    3  0.000  0.493     0.00     0.00 -1 -8.52e-10      0.00 7.447e-01 2.549e-01 6.410e-05 2.473e-05 1.737e-04 -1.000 4.038e-04 -1.591 -2.000 -2.468 -2.862 -3.424 -3.646 -3.685 -3.708 -3.695 -3.306 -3.695 -3.285 -3.595 -3.639 -3.655 -3.664 -3.697 -3.704 -3.710 -3.719 -3.708 -3.664 -3.674 -3.497
0.00037265 -1.62000 9.94448 0.8821212649 2.4443986416    0.866  2.590  3.6713  1.423    3  0.000  0.493     0.00     0.00 -1 -1.01e-09      0.00 7.447e-01 2.549e-01 6.410e-05 2.473e-05 1.737e-04 -1.000 4.038e-04 -1.704 -2.110 -2.584 -2.984 -3.551 -3.777 -3.817 -3.841 -3.826 -3.434 -3.827 -3.411 -3.725 -3.770 -3.786 -3.794 -3.829 -3.836 -3.843 -3.852 -3.840 -3.792 -3.803 -3.626
0.00037265 -1.62000 9.94448 0.8821475506 2.4444057941    0.865  2.627  3.6691  1.376    3  0.000  0.493     0.00     0.00 -1 -1.16e-09      0.00 7.447e-01 2.549e-01 6.410e-05 2.473e-05 1.737e-04 -1.000 4.038e-04 -1.798 -2.202 -2.682 -3.086 -3.659 -3.888 -3.927 -3.952 -3.936 -3.541 -3.938 -3.517 -3.834 -3.880 -3.897 -3.903 -3.940 -3.947 -3.954 -3.963 -3.950 -3.899 -3.911 -3.734
0.00037265 -1.62000 9.94448 0.8821765184 2.4444139004    0.864  2.672  3.6664  1.320    3  0.000  0.493     0.00     0.00 -1 -1.37e-09      0.00 7.447e-01 2.549e-01 6.410e-05 2.473e-05 1.737e-04 -1.000 4.038e-04 -1.909 -2.310 -2.797 -3.206 -3.785 -4.018 -4.057 -4.083 -4.066 -3.667 -4.068 -3.642 -3.963 -4.010 -4.027 -4.031 -4.072 -4.079 -4.085 -4.095 -4.081 -4.026 -4.039 -3.862
0.00037265 -1.62000 9.94448 0.8822032213 2.4444215298    0.863  2.716  3.6637  1.264    3  0.000  0.493     0.00     0.00 -1 -1.62e-09      0.00 7.447e-01 2.549e-01 6.410e-05 2.473e-05 1.737e-04 -1.000 4.038e-04 -2.020 -2.417 -2.911 -3.326 -3.912 -4.148 -4.187 -4.215 -4.196 -3.793 -4.199 -3.766 -4.092 -4.140 -4.158 -4.159 -4.203 -4.210 -4.217 -4.227 -4.213 -4.152 -4.166 -3.989
0.00037265 -1.62000 9.94448 0.8822280765 2.4444284439    0.861  2.761  3.6609  1.208    3  0.000  0.493     0.00     0.00 -1 -1.92e-09      0.00 7.447e-01 2.549e-01 6.410e-05 2.474e-05 1.737e-04 -1.000 4.037e-04 -2.131 -2.524 -3.025 -3.446 -4.039 -4.279 -4.317 -4.347 -4.326 -3.920 -4.330 -3.892 -4.222 -4.271 -4.289 -4.287 -4.335 -4.342 -4.349 -4.359 -4.344 -4.279 -4.294 -4.117
0.00037265 -1.62000 9.94448 0.8822497129 2.4444344044    0.860  2.802  3.6582  1.155    3  0.000  0.493     0.00     0.00 -1 -2.25e-09      0.00 7.447e-01 2.549e-01 6.410e-05 2.474e-05 1.737e-04 -1.000 4.038e-04 -2.235 -2.624 -3.132 -3.558 -4.158 -4.402 -4.440 -4.471 -4.449 -4.039 -4.453 -4.009 -4.343 -4.394 -4.412 -4.407 -4.459 -4.466 -4.474 -4.484 -4.468 -4.398 -4.414 -4.238
0.00037265 -1.62000 9.94448 0.8822706938 2.4444403648    0.858  2.845  3.6554  1.100    3  0.000  0.493     0.00     0.00 -1 -2.65e-09      0.00 7.447e-01 2.549e-01 6.409e-05 2.474e-05 1.737e-04 -1.000 4.038e-04 -2.343 -2.728 -3.243 -3.676 -4.283 -4.530 -4.567 -4.600 -4.576 -4.163 -4.582 -4.131 -4.470 -4.522 -4.540 -4.532 -4.588 -4.595 -4.603 -4.614 -4.597 -4.521 -4.539 -4.363
0.00037265 -1.62000 9.94448 0.8822895885 2.4444456100    0.856  2.887  3.6527  1.046    3  0.000  0.493     0.00     0.00 -1 -3.11e-09      0.00 7.447e-01 2.549e-01 6.409e-05 2.474e-05 1.737e-04 -1.000 4.038e-04 -2.448 -2.827 -3.349 -3.788 -4.403 -4.654 -4.690 -4.725 -4.699 -4.282 -4.705 -4.249 -4.592 -4.645 -4.664 -4.653 -4.713 -4.720 -4.728 -4.739 -4.721 -4.640 -4.660 -4.484
0.00037265 -1.62000 9.94448 0.8823068738 2.4444503784    0.854  2.928  3.6500  0.994    3  0.000  0.493     0.00     0.00 -1 -3.63e-09      0.00 7.447e-01 2.549e-01 6.409e-05 2.474e-05 1.737e-04 -1.000 4.037e-04 -2.549 -2.921 -3.451 -3.897 -4.519 -4.774 -4.810 -4.847 -4.820 -4.398 -4.826 -4.364 -4.711 -4.766 -4.785 -4.771 -4.835 -4.842 -4.850 -4.861 -4.843 -4.757 -4.777 -4.602
0.00037265 -1.62000 9.94448 0.8823234439 2.4444549084    0.852  2.970  3.6471  0.939    3  0.000  0.493     0.00     0.00 -1 -4.26e-09      0.00 7.447e-01 2.549e-01 6.409e-05 2.474e-05 1.737e-04 -1.000 4.038e-04 -2.654 -3.018 -3.557 -4.009 -4.640 -4.899 -4.934 -4.973 -4.944 -4.518 -4.951 -4.482 -4.833 -4.890 -4.910 -4.892 -4.960 -4.968 -4.976 -4.988 -4.969 -4.878 -4.899 -4.723
0.00037265 -1.62000 9.94448 0.8823378682 2.4444589615    0.850  3.008  3.6444  0.888    3  0.000  0.493     0.00     0.00 -1 -4.95e-09      0.00 7.447e-01 2.549e-01 6.409e-05 2.474e-05 1.737e-04 -1.000 4.038e-04 -2.751 -3.107 -3.655 -4.114 -4.752 -5.015 -5.050 -5.092 -5.061 -4.630 -5.068 -4.592 -4.948 -5.006 -5.026 -5.005 -5.078 -5.086 -5.094 -5.106 -5.087 -4.990 -5.013 -4.836
0.00037265 -1.62000 9.94448 0.8823515773 2.4444627762    0.847  3.047  3.6418  0.838    3  0.000  0.493     0.00     0.00 -1 -5.74e-09      0.00 7.447e-01 2.549e-01 6.409e-05 2.474e-05 1.737e-04 -1.000 4.038e-04 -2.848 -3.197 -3.754 -4.219 -4.864 -5.131 -5.165 -5.210 -5.177 -4.742 -5.185 -4.703 -5.062 -5.122 -5.143 -5.118 -5.196 -5.204 -5.212 -5.225 -5.205 -5.103 -5.126 -4.950
0.00037265 -1.62000 9.94448 0.8823648691 2.4444665909    0.844  3.088  3.6389  0.785    3  0.000  0.493     0.00     0.00 -1 -6.71e-09      0.00 7.446e-01 2.549e-01 6.409e-05 2.474e-05 1.737e-04 -1.000 4.038e-04 -2.949 -3.288 -3.854 -4.328 -4.981 -5.252 -5.285 -5.332 -5.298 -4.858 -5.306 -4.817 -5.181 -5.242 -5.264 -5.235 -5.318 -5.326 -5.335 -5.348 -5.327 -5.220 -5.244 -5.067
0.00037265 -1.62000 9.94448 0.8823763728 2.4444696903    0.842  3.125  3.6362  0.735    3  0.000  0.493     0.00     0.00 -1 -7.74e-09      0.00 7.446e-01 2.549e-01 6.409e-05 2.475e-05 1.737e-04 -1.000 4.038e-04 -3.041 -3.370 -3.946 -4.427 -5.087 -5.364 -5.396 -5.445 -5.409 -4.965 -5.417 -4.921 -5.290 -5.353 -5.376 -5.343 -5.430 -5.439 -5.448 -5.461 -5.440 -5.328 -5.353 -5.175
0.00037265 -1.62000 9.94448 0.8823878169 2.4444730282    0.838  3.163  3.6335  0.684    3  0.000  0.493     0.00     0.00 -1    -9e-09      0.00 7.446e-01 2.549e-01 6.409e-05 2.475e-05 1.737e-04 -1.000 4.038e-04 -3.139 -3.457 -4.042 -4.531 -5.199 -5.480 -5.511 -5.563 -5.526 -5.076 -5.534 -5.031 -5.404 -5.469 -5.493 -5.456 -5.548 -5.556 -5.566 -5.579 -5.558 -5.441 -5.467 -5.288
0.00037265 -1.62000 9.94448 0.8823984861 2.4444758892    0.835  3.202  3.6308  0.633    3  0.000  0.493     0.00     0.00 -1 -1.04e-08      0.00 7.446e-01 2.549e-01 6.409e-05 2.475e-05 1.737e-04 -1.000 4.038e-04 -3.234 -3.542 -4.137 -4.633 -5.310 -5.595 -5.626 -5.680 -5.641 -5.187 -5.649 -5.140 -5.517 -5.584 -5.608 -5.567 -5.664 -5.673 -5.683 -5.697 -5.674 -5.553 -5.580 -5.400
0.00037265 -1.62000 9.94448 0.8824083805 2.4444787502    0.831  3.239  3.6281  0.583    3  0.000  0.493     0.00     0.00 -1 -1.21e-08      0.00 7.446e-01 2.549e-01 6.409e-05 2.475e-05 1.737e-04 -1.000 4.038e-04 -3.327 -3.624 -4.229 -4.733 -5.417 -5.708 -5.737 -5.794 -5.754 -5.294 -5.762 -5.245 -5.627 -5.696 -5.721 -5.675 -5.777 -5.787 -5.796 -5.811 -5.788 -5.661 -5.689 -5.509
0.00037265 -1.62000 9.94448 0.8824179769 2.4444813728    0.827  3.274  3.6256  0.535    3  0.000  0.493     0.00     0.00 -1 -1.39e-08      0.00 7.446e-01 2.550e-01 6.409e-05 2.475e-05 1.737e-04 -1.000 4.038e-04 -3.416 -3.703 -4.317 -4.828 -5.520 -5.815 -5.843 -5.903 -5.861 -5.397 -5.869 -5.346 -5.732 -5.803 -5.829 -5.779 -5.886 -5.895 -5.905 -5.920 -5.897 -5.765 -5.794 -5.613
0.00037265 -1.62000 9.94448 0.8824214935 2.4444823265    0.825  3.287  3.6247  0.518    3  0.000  0.493     0.00     0.00 -1 -1.47e-08      0.00 7.446e-01 2.550e-01 6.409e-05 2.475e-05 1.737e-04 -1.000 4.037e-04 -3.447 -3.729 -4.347 -4.861 -5.555 -5.852 -5.880 -5.940 -5.898 -5.432 -5.906 -5.381 -5.768 -5.840 -5.866 -5.815 -5.923 -5.933 -5.943 -5.958 -5.934 -5.802 -5.831 -5.648
0.00037265 -1.62000 9.94448 0.8824214935 2.4444823265    0.825  1.769  3.7586  2.572    4  0.000  0.517     0.00     0.00 -1    -1e-30      0.00 7.436e-01 2.560e-01 6.822e-05 2.159e-05 1.762e-04 -1.000 4.038e-04 0.347 -0.049 -0.350 -0.606 -0.979 -1.103 -1.128 -1.135 -1.143 -0.882 -1.131 -0.898 -1.082 -1.101 -1.107 -1.122 -1.129 -1.132 -1.136 -1.142 -1.143 -1.148 -1.144 -1.023
0.00037265 -1.62000 9.94448 0.8824911714 2.4445018768    0.825  1.788  3.7555  2.540    4  0.000  0.517     0.00     0.00 -1    -1e-30      0.00 7.436e-01 2.560e-01 6.822e-05 2.159e-05 1.762e-04 -1.000 4.038e-04 0.299 -0.100 -0.406 -0.667 -1.046 -1.174 -1.198 -1.206 -1.214 -0.948 -1.202 -0.964 -1.151 -1.171 -1.177 -1.192 -1.200 -1.203 -1.207 -1.213 -1.214 -1.219 -1.215 -1.091
0.00037265 -1.62000 9.94448 0.8825606704 2.4445211887    0.825  1.791  3.7554  2.537    4  0.000  0.517     0.00     0.00 -1    -1e-30      0.00 7.436e-01 2.560e-01 6.821e-05 2.159e-05 1.762e-04 -1.000 4.038e-04 0.293 -0.106 -0.412 -0.674 -1.053 -1.181 -1.206 -1.213 -1.221 -0.955 -1.209 -0.971 -1.158 -1.178 -1.185 -1.199 -1.207 -1.210 -1.214 -1.220 -1.221 -1.226 -1.223 -1.099
0.00037265 -1.62000 9.94448 0.8826295733 2.4445405006    0.825  1.792  3.7555  2.536    4  0.000  0.517     0.00     0.00 -1    -1e-30      0.00 7.436e-01 2.560e-01 6.821e-05 2.160e-05 1.762e-04 -1.000 4.038e-04 0.289 -0.110 -0.416 -0.677 -1.057 -1.184 -1.209 -1.216 -1.224 -0.959 -1.212 -0.974 -1.162 -1.182 -1.188 -1.203 -1.210 -1.214 -1.218 -1.223 -1.224 -1.229 -1.226 -1.102
0.00037265 -1.62000 9.94448 0.8827012777 2.4445605278    0.825  1.793  3.7559  2.536    4  0.000  0.517     0.00     0.00 -1    -1e-30      0.00 7.435e-01 2.560e-01 6.821e-05 2.160e-05 1.762e-04 -1.000 4.038e-04 0.286 -0.113 -0.418 -0.679 -1.057 -1.184 -1.209 -1.216 -1.225 -0.960 -1.212 -0.975 -1.162 -1.182 -1.188 -1.203 -1.211 -1.214 -1.218 -1.224 -1.225 -1.230 -1.226 -1.102
0.00037265 -1.62000 9.94448 0.8827731013 2.4445805550    0.825  1.794  3.7564  2.538    4  0.000  0.517     0.00     0.00 -1    -1e-30      0.00 7.435e-01 2.561e-01 6.820e-05 2.161e-05 1.762e-04 -1.000 4.038e-04 0.285 -0.114 -0.418 -0.678 -1.055 -1.182 -1.206 -1.213 -1.222 -0.958 -1.210 -0.973 -1.159 -1.179 -1.185 -1.200 -1.208 -1.211 -1.215 -1.221 -1.222 -1.227 -1.223 -1.100
0.00037265 -1.62000 9.94448 0.8828446269 2.4446003437    0.825  1.794  3.7572  2.541    4  0.000  0.517     0.00     0.00 -1    -1e-30      0.00 7.435e-01 2.561e-01 6.820e-05 2.161e-05 1.762e-04 -1.000 4.038e-04 0.284 -0.114 -0.417 -0.675 -1.051 -1.176 -1.201 -1.208 -1.216 -0.953 -1.204 -0.969 -1.154 -1.174 -1.180 -1.195 -1.202 -1.206 -1.209 -1.215 -1.216 -1.221 -1.218 -1.095
0.00037265 -1.62000 9.94448 0.8829150796 2.4446201324    0.825  1.794  3.7582  2.545    4  0.000  0.517     0.00     0.00 -1    -1e-30      0.00 7.435e-01 2.561e-01 6.820e-05 2.161e-05 1.762e-04 -1.000 4.038e-04 0.285 -0.112 -0.414 -0.671 -1.045 -1.169 -1.194 -1.201 -1.209 -0.948 -1.197 -0.964 -1.147 -1.167 -1.173 -1.188 -1.195 -1.198 -1.202 -1.208 -1.209 -1.214 -1.210 -1.089
0.00037265 -1.62000 9.94448 0.8829858303 2.4446396828    0.825  1.794  3.7592  2.550    4  0.000  0.517     0.00     0.00 -1    -1e-30      0.00 7.435e-01 2.561e-01 6.819e-05 2.162e-05 1.762e-04 -1.000 4.037e-04 0.286 -0.111 -0.411 -0.666 -1.037 -1.161 -1.185 -1.192 -1.200 -0.941 -1.188 -0.957 -1.139 -1.159 -1.165 -1.179 -1.186 -1.190 -1.193 -1.199 -1.200 -1.205 -1.202 -1.081
0.00037265 -1.62000 9.94448 0.8830602765 2.4446604252    0.825  1.793  3.7603  2.555    4  0.000  0.517     0.00     0.00 -1    -1e-30      0.00 7.435e-01 2.561e-01 6.819e-05 2.162e-05 1.762e-04 -1.000 4.038e-04 0.286 -0.109 -0.407 -0.660 -1.029 -1.152 -1.176 -1.183 -1.191 -0.933 -1.179 -0.950 -1.131 -1.150 -1.156 -1.170 -1.177 -1.181 -1.184 -1.190 -1.191 -1.196 -1.193 -1.073
0.00037265 -1.62000 9.94448 0.8831319213 2.4446804523    0.826  1.793  3.7614  2.559    4  0.000  0.517     0.00     0.00 -1    -1e-30      0.00 7.435e-01 2.561e-01 6.819e-05 2.163e-05 1.762e-04 -1.000 4.037e-04 0.287 -0.107 -0.403 -0.655 -1.022 -1.143 -1.167 -1.174 -1.182 -0.926 -1.170 -0.943 -1.122 -1.141 -1.147 -1.161 -1.169 -1.172 -1.175 -1.181 -1.182 -1.187 -1.184 -1.065
0.00037265 -1.62000 9.94448 0.8831984401 2.4446990490    0.826  1.793  3.7623  2.563    4  0.000  0.517     0.00     0.00 -1    -1e-30      0.00 7.435e-01 2.561e-01 6.818e-05 2.163e-05 1.762e-04 -1.000 4.037e-04 0.288 -0.106 -0.400 -0.651 -1.015 -1.136 -1.160 -1.166 -1.174 -0.920 -1.163 -0.937 -1.115 -1.134 -1.140 -1.154 -1.161 -1.164 -1.168 -1.173 -1.174 -1.179 -1.176 -1.059
0.00037265 -1.62000 9.94448 0.8832650185 2.4447176456    0.826  1.793  3.7632  2.567    4  0.000  0.517     0.00     0.00 -1    -1e-30      0.00 7.435e-01 2.561e-01 6.818e-05 2.163e-05 1.762e-04 -1.000 4.038e-04 0.288 -0.105 -0.397 -0.647 -1.009 -1.129 -1.153 -1.159 -1.167 -0.914 -1.156 -0.932 -1.108 -1.127 -1.133 -1.147 -1.154 -1.157 -1.161 -1.166 -1.167 -1.173 -1.169 -1.052
0.00037265 -1.62000 9.94448 0.8833366632 2.4447374344    0.826  1.793  3.7640  2.570    4  0.000  0.517     0.00     0.00 -1    -1e-30      0.00 7.435e-01 2.561e-01 6.818e-05 2.164e-05 1.762e-04 -1.000 4.037e-04 0.289 -0.104 -0.395 -0.643 -1.004 -1.123 -1.146 -1.153 -1.161 -0.909 -1.149 -0.927 -1.102 -1.121 -1.127 -1.141 -1.148 -1.151 -1.154 -1.160 -1.161 -1.166 -1.163 -1.047
0.00037265 -1.62000 9.94448 0.8834080100 2.4447574615    0.826  1.793  3.7647  2.573    4  0.000  0.517     0.00     0.00 -1    -1e-30      0.00 7.435e-01 2.561e-01 6.818e-05 2.164e-05 1.762e-04 -1.000 4.037e-04 0.289 -0.103 -0.394 -0.641 -1.000 -1.119 -1.142 -1.148 -1.156 -0.906 -1.145 -0.923 -1.098 -1.117 -1.122 -1.136 -1.143 -1.146 -1.150 -1.155 -1.156 -1.161 -1.158 -1.043
0.00037265 -1.62000 9.94448 0.8834241033 2.4447617531    0.826  1.793  3.7648  2.573    4  0.000  0.517     0.00     0.00 -1    -1e-30      0.00 7.435e-01 2.561e-01 6.817e-05 2.164e-05 1.762e-04 -1.000 4.037e-04 0.288 -0.103 -0.393 -0.640 -0.999 -1.118 -1.141 -1.147 -1.155 -0.905 -1.144 -0.923 -1.097 -1.116 -1.121 -1.135 -1.142 -1.145 -1.149 -1.154 -1.155 -1.161 -1.157 -1.042
0.00037265 -1.62000 9.94448 0.8834800124 2.4447774887    0.826  1.793  3.7651  2.574    4  0.000  0.517     0.00     0.00 -1    -1e-30      0.00 7.435e-01 2.561e-01 6.817e-05 2.164e-05 1.762e-04 -1.000 4.038e-04 0.288 -0.104 -0.393 -0.640 -0.998 -1.116 -1.139 -1.146 -1.154 -0.904 -1.142 -0.922 -1.096 -1.115 -1.120 -1.134 -1.141 -1.144 -1.147 -1.153 -1.154 -1.159 -1.156 -1.041
0.00037265 -1.62000 9.94448 0.8835488558 2.4447965622    0.826  1.793  3.7653  2.575    4  0.000  0.517     0.00     0.00 -1    -1e-30      0.00 7.435e-01 2.561e-01 6.817e-05 2.165e-05 1.762e-04 -1.000 4.038e-04 0.287 -0.105 -0.394 -0.640 -0.998 -1.116 -1.139 -1.145 -1.153 -0.904 -1.142 -0.922 -1.095 -1.114 -1.119 -1.133 -1.140 -1.143 -1.147 -1.152 -1.153 -1.159 -1.155 -1.040
0.00037265 -1.62000 9.94448 0.8836205006 2.4448165894    0.826  1.794  3.7653  2.574    4  0.000  0.517     0.00     0.00 -1    -1e-30      0.00 7.435e-01 2.561e-01 6.817e-05 2.165e-05 1.762e-04 -1.000 4.038e-04 0.285 -0.107 -0.396 -0.642 -1.000 -1.118 -1.141 -1.147 -1.155 -0.906 -1.144 -0.923 -1.097 -1.116 -1.121 -1.135 -1.142 -1.145 -1.149 -1.154 -1.155 -1.160 -1.157 -1.042
0.00037265 -1.62000 9.94448 0.8836940527 2.4448370934    0.826  1.795  3.7650  2.572    4  0.000  0.517     0.00     0.00 -1    -1e-30      0.00 7.435e-01 2.561e-01 6.816e-05 2.166e-05 1.762e-04 -1.000 4.038e-04 0.282 -0.110 -0.399 -0.646 -1.005 -1.123 -1.146 -1.152 -1.160 -0.910 -1.149 -0.928 -1.102 -1.121 -1.126 -1.140 -1.147 -1.150 -1.154 -1.159 -1.160 -1.166 -1.162 -1.047
0.00037265 -1.62000 9.94448 0.8837670684 2.4448573589    0.826  1.797  3.7645  2.568    4  0.000  0.517     0.00     0.00 -1    -1e-30      0.00 7.435e-01 2.561e-01 6.816e-05 2.166e-05 1.762e-04 -1.000 4.038e-04 0.278 -0.114 -0.404 -0.652 -1.011 -1.130 -1.153 -1.160 -1.168 -0.917 -1.156 -0.934 -1.109 -1.128 -1.133 -1.147 -1.154 -1.157 -1.161 -1.167 -1.168 -1.173 -1.169 -1.054
0.00037265 -1.62000 9.94448 0.8838344216 2.4448759556    0.826  1.798  3.7637  2.564    4  0.000  0.517     0.00     0.00 -1    -1e-30      0.00 7.435e-01 2.561e-01 6.816e-05 2.166e-05 1.762e-04 -1.000 4.038e-04 0.274 -0.118 -0.410 -0.659 -1.020 -1.139 -1.163 -1.169 -1.177 -0.925 -1.166 -0.943 -1.119 -1.138 -1.143 -1.157 -1.164 -1.167 -1.171 -1.176 -1.177 -1.183 -1.179 -1.063
0.00037265 -1.62000 9.94448 0.8839029670 2.4448950291    0.826  1.800  3.7628  2.558    4  0.000  0.516     0.00     0.00 -1    -1e-30      0.00 7.435e-01 2.561e-01 6.815e-05 2.167e-05 1.762e-04 -1.000 4.038e-04 0.269 -0.125 -0.418 -0.668 -1.031 -1.152 -1.175 -1.182 -1.190 -0.936 -1.178 -0.953 -1.131 -1.150 -1.155 -1.169 -1.176 -1.180 -1.183 -1.189 -1.190 -1.195 -1.192 -1.074
0.00037265 -1.62000 9.94448 0.8839318752 2.4449031353    0.826  1.801  3.7624  2.555    4  0.000  0.516     0.00     0.00 -1    -1e-30      0.00 7.435e-01 2.561e-01 6.815e-05 2.167e-05 1.762e-04 -1.000 4.037e-04 0.267 -0.127 -0.421 -0.672 -1.036 -1.157 -1.180 -1.187 -1.195 -0.941 -1.183 -0.958 -1.136 -1.155 -1.160 -1.174 -1.182 -1.185 -1.189 -1.194 -1.195 -1.200 -1.197 -1.079
0.00037265 -1.62000 9.94448 0.8839743137 2.4449148178    0.826  1.803  3.7616  2.551    4  0.000  0.516     0.00     0.00 -1    -1e-30      0.00 7.435e-01 2.561e-01 6.815e-05 2.167e-05 1.762e-04 -1.000 4.037e-04 0.263 -0.132 -0.427 -0.679 -1.045 -1.166 -1.190 -1.197 -1.205 -0.949 -1.193 -0.966 -1.145 -1.164 -1.170 -1.184 -1.191 -1.194 -1.198 -1.204 -1.205 -1.210 -1.206 -1.088
0.00037265 -1.62000 9.94448 0.8840435743 2.4449341297    0.827  1.806  3.7603  2.543    4  0.000  0.516     0.00     0.00 -1    -1e-30      0.00 7.435e-01 2.561e-01 6.815e-05 2.168e-05 1.762e-04 -1.000 4.038e-04 0.256 -0.140 -0.438 -0.691 -1.060 -1.183 -1.207 -1.213 -1.222 -0.964 -1.210 -0.981 -1.161 -1.181 -1.186 -1.201 -1.208 -1.211 -1.215 -1.221 -1.222 -1.227 -1.223 -1.104
0.00037265 -1.62000 9.94448 0.8841140866 2.4449536800    0.827  1.809  3.7590  2.534    4  0.000  0.516     0.00     0.00 -1    -1e-30      0.00 7.435e-01 2.561e-01 6.814e-05 2.168e-05 1.762e-04 -1.000 4.038e-04 0.247 -0.149 -0.449 -0.705 -1.077 -1.201 -1.225 -1.232 -1.240 -0.980 -1.228 -0.996 -1.179 -1.198 -1.204 -1.219 -1.226 -1.229 -1.233 -1.239 -1.240 -1.245 -1.242 -1.121
0.00037265 -1.62000 9.94448 0.8841864467 2.4449739456    0.827  1.813  3.7576  2.525    4  0.000  0.516     0.00     0.00 -1    -1e-30      0.00 7.434e-01 2.561e-01 6.814e-05 2.168e-05 1.762e-04 -1.000 4.038e-04 0.239 -0.159 -0.462 -0.719 -1.094 -1.219 -1.244 -1.251 -1.259 -0.997 -1.247 -1.013 -1.197 -1.217 -1.223 -1.237 -1.245 -1.248 -1.252 -1.258 -1.259 -1.264 -1.261 -1.139
0.00037265 -1.62000 9.94448 0.8842537403 2.4449925423    0.827  1.817  3.7560  2.514    4  0.000  0.516     0.00     0.00 -1    -1e-30      0.00 7.434e-01 2.562e-01 6.814e-05 2.169e-05 1.762e-04 -1.000 4.038e-04 0.226 -0.173 -0.478 -0.738 -1.116 -1.243 -1.268 -1.275 -1.283 -1.019 -1.271 -1.034 -1.221 -1.241 -1.247 -1.262 -1.269 -1.273 -1.277 -1.282 -1.283 -1.288 -1.285 -1.161
0.00037265 -1.62000 9.94448 0.8843209743 2.4450111389    0.827  1.822  3.7543  2.502    4  0.000  0.516     0.00     0.00 -1    -1e-30      0.00 7.434e-01 2.562e-01 6.813e-05 2.169e-05 1.762e-04 -1.000 4.038e-04 0.214 -0.187 -0.495 -0.758 -1.140 -1.268 -1.293 -1.301 -1.309 -1.041 -1.297 -1.057 -1.246 -1.266 -1.272 -1.287 -1.295 -1.298 -1.302 -1.308 -1.309 -1.314 -1.310 -1.185
0.00037265 -1.62000 9.94448 0.8843884468 2.4450299740    0.827  1.830  3.7520  2.486    4  0.000  0.516     0.00     0.00 -1    -1e-30      0.00 7.434e-01 2.562e-01 6.813e-05 2.169e-05 1.762e-04 -1.000 4.038e-04 0.196 -0.207 -0.520 -0.786 -1.172 -1.303 -1.329 -1.336 -1.345 -1.073 -1.332 -1.088 -1.280 -1.301 -1.307 -1.322 -1.330 -1.334 -1.338 -1.344 -1.345 -1.350 -1.346 -1.219
0.00037265 -1.62000 9.94448 0.8844565153 2.4450488091    0.827  1.838  3.7497  2.469    4  0.000  0.516     0.00     0.00 -1    -1e-30      0.00 7.434e-01 2.562e-01 6.813e-05 2.170e-05 1.762e-04 -1.000 4.037e-04 0.175 -0.229 -0.546 -0.815 -1.206 -1.339 -1.366 -1.373 -1.382 -1.107 -1.369 -1.120 -1.316 -1.337 -1.344 -1.359 -1.367 -1.371 -1.375 -1.381 -1.382 -1.386 -1.383 -1.253
0.00037265 -1.62000 9.94448 0.8845243454 2.4450676441    0.827  1.848  3.7473  2.449    4  0.000  0.516     0.00     0.00 -1    -1e-30      0.00 7.434e-01 2.562e-01 6.813e-05 2.170e-05 1.762e-04 -1.000 4.037e-04 0.151 -0.256 -0.577 -0.849 -1.246 -1.381 -1.408 -1.416 -1.424 -1.145 -1.412 -1.158 -1.357 -1.379 -1.386 -1.401 -1.410 -1.413 -1.417 -1.424 -1.424 -1.429 -1.426 -1.294
0.00037265 -1.62000 9.94448 0.8845939040 2.4450869560    0.827  1.860  3.7445  2.425    4  0.000  0.516     0.00     0.00 -1    -1e-30      0.00 7.434e-01 2.562e-01 6.812e-05 2.171e-05 1.762e-04 -1.000 4.038e-04 0.119 -0.290 -0.615 -0.892 -1.295 -1.433 -1.460 -1.468 -1.477 -1.193 -1.464 -1.205 -1.408 -1.430 -1.437 -1.453 -1.462 -1.466 -1.470 -1.476 -1.477 -1.481 -1.478 -1.343
0.00037265 -1.62000 9.94448 0.8846638799 2.4451065063    0.827  1.885  3.7399  2.383    4  0.000  0.516     0.00     0.00 -1    -1e-30      0.00 7.434e-01 2.562e-01 6.812e-05 2.171e-05 1.762e-04 -1.000 4.038e-04 0.059 -0.354 -0.688 -0.972 -1.384 -1.527 -1.555 -1.564 -1.572 -1.281 -1.559 -1.291 -1.500 -1.524 -1.532 -1.548 -1.557 -1.561 -1.565 -1.572 -1.572 -1.576 -1.573 -1.434
0.00037265 -1.62000 9.94448 0.8847125769 2.4451198578    0.827  1.918  3.7343  2.327    4  0.000  0.516     0.00     0.00 -1    -1e-30      0.00 7.434e-01 2.562e-01 6.812e-05 2.171e-05 1.762e-04 -1.000 4.037e-04 -0.024 -0.441 -0.785 -1.077 -1.501 -1.650 -1.680 -1.689 -1.696 -1.396 -1.684 -1.405 -1.622 -1.647 -1.655 -1.672 -1.682 -1.686 -1.690 -1.697 -1.697 -1.700 -1.698 -1.553
0.00037265 -1.62000 9.94448 0.8847351074 2.4451262951    0.827  1.952  3.7292  2.272    4  0.000  0.516     0.00     0.00 -1    -1e-30      0.00 7.434e-01 2.562e-01 6.812e-05 2.171e-05 1.762e-04 -1.000 4.038e-04 -0.111 -0.530 -0.884 -1.184 -1.618 -1.773 -1.804 -1.813 -1.821 -1.512 -1.808 -1.519 -1.743 -1.769 -1.778 -1.796 -1.806 -1.811 -1.815 -1.822 -1.822 -1.823 -1.821 -1.672
0.00037265 -1.62000 9.94448 0.8847441673 2.4451286793    0.827  1.985  3.7249  2.222    4  0.000  0.516     0.00     0.00 -1    -1e-30      0.00 7.434e-01 2.562e-01 6.812e-05 2.171e-05 1.762e-04 -1.000 4.038e-04 -0.192 -0.614 -0.976 -1.282 -1.725 -1.885 -1.917 -1.927 -1.934 -1.619 -1.922 -1.624 -1.854 -1.882 -1.890 -1.909 -1.920 -1.924 -1.929 -1.936 -1.935 -1.936 -1.934 -1.781
0.00037265 -1.62000 9.94448 0.8847482204 2.4451298714    0.827  2.019  3.7210  2.172    4  0.000  0.516     0.00     0.00 -1    -1e-30      0.00 7.434e-01 2.562e-01 6.812e-05 2.171e-05 1.762e-04 -1.000 4.037e-04 -0.278 -0.701 -1.070 -1.383 -1.835 -1.999 -2.032 -2.042 -2.049 -1.727 -2.037 -1.730 -1.967 -1.995 -2.004 -2.023 -2.035 -2.040 -2.044 -2.051 -2.050 -2.049 -2.048 -1.892
0.00037265 -1.62000 9.94448 0.8847503066 2.4451303482    0.827  2.052  3.7175  2.125    4  0.000  0.516     0.00     0.00 -1    -1e-30      0.00 7.434e-01 2.562e-01 6.812e-05 2.171e-05 1.762e-04 -1.000 4.039e-04 -0.361 -0.785 -1.161 -1.479 -1.938 -2.107 -2.140 -2.151 -2.157 -1.830 -2.145 -1.831 -2.073 -2.103 -2.112 -2.131 -2.143 -2.148 -2.153 -2.160 -2.159 -2.156 -2.155 -1.996
0.00037265 -1.62000 9.94448 0.8847505450 2.4451305866    0.827  2.058  3.7170  2.118    7  0.000  0.516     0.00     0.00 -1    -1e-30      0.00 7.434e-01 2.562e-01 6.812e-05 2.171e-05 1.762e-04 -1.000 4.037e-04 -0.374 -0.798 -1.175 -1.494 -1.955 -2.124 -2.157 -2.169 -2.174 -1.846 -2.162 -1.848 -2.090 -2.120 -2.129 -2.148 -2.160 -2.165 -2.170 -2.178 -2.176 -2.172 -2.172 -2.013
0.00037265 -1.62000 9.94448 0.8847512603 2.4451305866    0.827  2.076  3.7154  2.093    7  0.000  0.516     0.00     0.00 -1    -1e-30      0.00 7.434e-01 2.562e-01 6.812e-05 2.171e-05 1.762e-04 -1.000 4.038e-04 -0.421 -0.845 -1.225 -1.547 -2.011 -2.181 -2.215 -2.227 -2.232 -1.902 -2.221 -1.902 -2.147 -2.177 -2.187 -2.206 -2.219 -2.224 -2.228 -2.236 -2.234 -2.230 -2.230 -2.069
0.00037265 -1.62000 9.94448 0.8847525716 2.4451310635    0.827  2.117  3.7121  2.039    7  0.000  0.516     0.00     0.00 -1    -1e-30      0.00 7.434e-01 2.562e-01 6.812e-05 2.171e-05 1.762e-04 -1.000 4.037e-04 -0.522 -0.947 -1.334 -1.661 -2.132 -2.306 -2.341 -2.353 -2.357 -2.023 -2.347 -2.021 -2.271 -2.302 -2.312 -2.332 -2.345 -2.350 -2.355 -2.362 -2.360 -2.354 -2.354 -2.192
0.00037265 -1.62000 9.94448 0.8847538233 2.4451313019    0.827  2.157  3.7090  1.986    7  0.000  0.516     0.00     0.00 -1    -1e-30      0.00 7.434e-01 2.562e-01 6.812e-05 2.171e-05 1.762e-04 -1.000 4.038e-04 -0.623 -1.049 -1.442 -1.774 -2.252 -2.430 -2.465 -2.478 -2.481 -2.142 -2.471 -2.139 -2.393 -2.426 -2.436 -2.455 -2.469 -2.474 -2.479 -2.487 -2.484 -2.476 -2.477 -2.313
0.00037265 -1.62000 9.94448 0.8847550750 2.4451317787    0.827  2.197  3.7061  1.935    7  0.000  0.516     0.00     0.00 -1    -1e-30      0.00 7.434e-01 2.562e-01 6.812e-05 2.171e-05 1.762e-04 -1.000 4.038e-04 -0.723 -1.148 -1.547 -1.884 -2.368 -2.550 -2.586 -2.599 -2.601 -2.258 -2.592 -2.254 -2.512 -2.545 -2.556 -2.575 -2.590 -2.595 -2.600 -2.608 -2.605 -2.595 -2.597 -2.430
0.00037265 -1.62000 9.94448 0.8847568035 2.4451322556    0.827  2.239  3.7032  1.882    7  0.000  0.516     0.00     0.00 -1    -1e-30      0.00 7.434e-01 2.562e-01 6.812e-05 2.172e-05 1.762e-04 -1.000 4.038e-04 -0.827 -1.253 -1.658 -1.999 -2.490 -2.675 -2.712 -2.725 -2.727 -2.379 -2.718 -2.373 -2.637 -2.670 -2.682 -2.700 -2.716 -2.722 -2.727 -2.735 -2.731 -2.719 -2.721 -2.553
0.00037265 -1.62000 9.94448 0.8847602010 2.4451332092    0.827  2.229  3.7041  1.896    7  0.000  0.516     0.00     0.00 -1    -1e-30      0.00 7.434e-01 2.562e-01 6.812e-05 2.172e-05 1.762e-04 -1.000 4.038e-04 -0.802 -1.227 -1.631 -1.971 -2.459 -2.643 -2.679 -2.693 -2.695 -2.348 -2.685 -2.343 -2.605 -2.638 -2.650 -2.668 -2.684 -2.689 -2.694 -2.702 -2.699 -2.688 -2.689 -2.521
0.00037265 -1.62000 9.94448 0.8847637773 2.4451341629    0.827  2.195  3.7065  1.939    7  0.000  0.516     0.00     0.00 -1    -1e-30      0.00 7.434e-01 2.562e-01 6.812e-05 2.172e-05 1.762e-04 -1.000 4.038e-04 -0.718 -1.144 -1.542 -1.878 -2.361 -2.542 -2.578 -2.591 -2.594 -2.251 -2.584 -2.247 -2.505 -2.538 -2.549 -2.568 -2.582 -2.588 -2.593 -2.601 -2.597 -2.588 -2.589 -2.423
0.00037265 -1.62000 9.94448 0.8847872019 2.4451406002    0.827  2.179  3.7075  1.959    7  0.000  0.516     0.00     0.00 -1    -1e-30      0.00 7.434e-01 2.562e-01 6.811e-05 2.172e-05 1.762e-04 -1.000 4.038e-04 -0.677 -1.103 -1.499 -1.834 -2.315 -2.495 -2.530 -2.543 -2.546 -2.204 -2.536 -2.201 -2.458 -2.490 -2.501 -2.520 -2.534 -2.540 -2.545 -2.553 -2.549 -2.541 -2.542 -2.376
0.00037265 -1.62000 9.94448 0.8848130107 2.4451477528    0.827  2.211  3.7050  1.917    7  0.000  0.516     0.00     0.00 -1    -1e-30      0.00 7.434e-01 2.562e-01 6.811e-05 2.172e-05 1.762e-04 -1.000 4.038e-04 -0.756 -1.182 -1.584 -1.922 -2.409 -2.592 -2.628 -2.641 -2.643 -2.298 -2.634 -2.294 -2.554 -2.587 -2.598 -2.617 -2.633 -2.638 -2.643 -2.651 -2.647 -2.637 -2.639 -2.471
0.00037265 -1.62000 9.94448 0.8848350644 2.4451539516    0.827  2.250  3.7021  1.866    7  0.000  0.516     0.00     0.00 -1    -1e-30      0.00 7.434e-01 2.562e-01 6.811e-05 2.172e-05 1.762e-04 -1.000 4.038e-04 -0.855 -1.281 -1.688 -2.032 -2.525 -2.711 -2.748 -2.762 -2.763 -2.413 -2.754 -2.407 -2.672 -2.706 -2.718 -2.736 -2.753 -2.758 -2.763 -2.771 -2.767 -2.755 -2.757 -2.588
0.00037265 -1.62000 9.94448 0.8848595023 2.4451606274    0.827  2.291  3.6991  1.813    7  0.000  0.516     0.00     0.00 -1    -1e-30      0.00 7.434e-01 2.562e-01 6.811e-05 2.172e-05 1.762e-04 -1.000 4.038e-04 -0.959 -1.385 -1.798 -2.147 -2.646 -2.836 -2.873 -2.888 -2.888 -2.534 -2.880 -2.527 -2.796 -2.831 -2.843 -2.862 -2.879 -2.884 -2.890 -2.898 -2.893 -2.878 -2.881 -2.710
0.00037265 -1.62000 9.94448 0.8848820329 2.4451670647    0.827  2.332  3.6963  1.761    7  0.000  0.516     0.00     0.00 -1    -1e-30      0.00 7.434e-01 2.562e-01 6.811e-05 2.172e-05 1.762e-04 -1.000 4.037e-04 -1.061 -1.487 -1.906 -2.260 -2.766 -2.959 -2.996 -3.011 -3.010 -2.653 -3.003 -2.644 -2.918 -2.953 -2.966 -2.984 -3.002 -3.008 -3.013 -3.021 -3.016 -3.000 -3.003 -2.830
0.00037265 -1.62000 9.94448 0.8849021196 2.4451725483    0.827  2.373  3.6935  1.708    7  0.000  0.516     0.00     0.00 -1    -1e-30      0.00 7.434e-01 2.562e-01 6.811e-05 2.172e-05 1.762e-04 -1.000 4.038e-04 -1.163 -1.589 -2.014 -2.372 -2.884 -3.081 -3.119 -3.135 -3.133 -2.771 -3.126 -2.761 -3.039 -3.076 -3.088 -3.106 -3.125 -3.131 -3.137 -3.145 -3.139 -3.119 -3.123 -2.950
0.00037265 -1.62000 9.94448 0.8849197626 2.4451773167    0.827  2.414  3.6907  1.657    7  0.000  0.516     0.00     0.00 -1    -1e-30      0.00 7.434e-01 2.562e-01 6.810e-05 2.172e-05 1.762e-04 -1.000 4.038e-04 -1.265 -1.689 -2.120 -2.483 -3.002 -3.202 -3.241 -3.257 -3.254 -2.889 -3.248 -2.877 -3.159 -3.197 -3.210 -3.227 -3.247 -3.254 -3.260 -3.268 -3.261 -3.238 -3.243 -3.069
0.00037265 -1.62000 9.94448 0.8849352598 2.4451816082    0.828  2.454  3.6880  1.605    7  0.000  0.516     0.00     0.00 -1    -1e-30      0.00 7.434e-01 2.562e-01 6.806e-05 2.173e-05 1.762e-04 -1.000 4.038e-04 -1.366 -1.789 -2.226 -2.594 -3.119 -3.323 -3.361 -3.379 -3.374 -3.005 -3.369 -2.992 -3.279 -3.317 -3.330 -3.346 -3.368 -3.375 -3.381 -3.389 -3.382 -3.356 -3.361 -3.187
0.00037265 -1.62000 9.94448 0.8849490881 2.4451856613    0.828  2.495  3.6853  1.554    7  0.000  0.514     0.00     0.00 -1    -1e-30      0.00 7.434e-01 2.562e-01 6.790e-05 2.181e-05 1.762e-04 -1.000 4.038e-04 -1.467 -1.888 -2.331 -2.704 -3.236 -3.443 -3.482 -3.500 -3.494 -3.121 -3.490 -3.107 -3.398 -3.437 -3.451 -3.466 -3.489 -3.496 -3.502 -3.511 -3.502 -3.473 -3.480 -3.305
0.00037265 -1.62000 9.94448 0.8849615455 2.4451889992    0.828  2.535  3.6826  1.503    7  0.000  0.510     0.00     0.00 -1    -1e-30      0.00 7.433e-01 2.563e-01 6.745e-05 2.214e-05 1.763e-04 -1.000 4.038e-04 -1.567 -1.987 -2.436 -2.813 -3.352 -3.562 -3.601 -3.620 -3.613 -3.237 -3.610 -3.221 -3.516 -3.556 -3.570 -3.584 -3.609 -3.616 -3.623 -3.631 -3.622 -3.589 -3.597 -3.422
0.00037265 -1.62000 9.94448 0.8849728703 2.4451920986    0.828  2.575  3.6798  1.452    7  0.000  0.502     0.00     0.00 -1    -1e-30      0.00 7.433e-01 2.563e-01 6.650e-05 2.313e-05 1.763e-04 -1.000 4.038e-04 -1.667 -2.084 -2.540 -2.922 -3.468 -3.681 -3.721 -3.741 -3.732 -3.352 -3.729 -3.334 -3.634 -3.675 -3.690 -3.702 -3.730 -3.737 -3.743 -3.752 -3.742 -3.706 -3.714 -3.538
0.00037265 -1.62000 9.94448 0.8849831223 2.4451949596    0.828  2.614  3.6771  1.402    7  0.000  0.492     0.00     0.00 -1    -1e-30      0.00 7.432e-01 2.564e-01 6.521e-05 2.466e-05 1.763e-04 -1.000 4.037e-04 -1.765 -2.180 -2.642 -3.030 -3.582 -3.799 -3.838 -3.860 -3.849 -3.465 -3.848 -3.446 -3.750 -3.793 -3.808 -3.819 -3.849 -3.856 -3.862 -3.871 -3.860 -3.821 -3.830 -3.654
0.00037265 -1.62000 9.94448 0.8849927187 2.4451975822    0.828  2.654  3.6743  1.351    7  0.000  0.483     0.00     0.00 -1    -1e-30      0.00 7.431e-01 2.565e-01 6.397e-05 2.619e-05 1.763e-04 -1.000 4.038e-04 -1.864 -2.276 -2.745 -3.138 -3.697 -3.918 -3.957 -3.980 -3.968 -3.580 -3.967 -3.559 -3.868 -3.911 -3.927 -3.936 -3.969 -3.976 -3.982 -3.991 -3.980 -3.936 -3.946 -3.770
0.00037265 -1.62000 9.94448 0.8850017190 2.4452002048    0.828  2.693  3.6716  1.301    7  0.000  0.474     0.00     0.00 -1    -1e-30      0.00 7.430e-01 2.566e-01 6.287e-05 2.753e-05 1.763e-04 -1.000 4.038e-04 -1.963 -2.372 -2.847 -3.246 -3.811 -4.036 -4.075 -4.100 -4.085 -3.694 -4.086 -3.672 -3.985 -4.029 -4.045 -4.053 -4.088 -4.095 -4.102 -4.111 -4.099 -4.051 -4.062 -3.885
0.00037265 -1.62000 9.94448 0.8850104213 2.4452025890    0.828  2.733  3.6687  1.250    7  0.000  0.467     0.00     0.00 -1    -1e-30      0.00 7.429e-01 2.567e-01 6.186e-05 2.878e-05 1.763e-04 -1.000 4.037e-04 -2.062 -2.468 -2.951 -3.355 -3.927 -4.156 -4.195 -4.220 -4.204 -3.809 -4.206 -3.785 -4.103 -4.148 -4.165 -4.170 -4.208 -4.216 -4.222 -4.232 -4.219 -4.167 -4.179 -4.002
0.00037265 -1.62000 9.94448 0.8850187659 2.4452049732    0.828  2.772  3.6659  1.199    7  0.000  0.460     0.00     0.00 -1    -1e-30      0.00 7.428e-01 2.568e-01 6.103e-05 2.980e-05 1.763e-04 -1.000 3.978e-04 -2.160 -2.563 -3.052 -3.462 -4.041 -4.274 -4.313 -4.340 -4.322 -3.923 -4.324 -3.898 -4.219 -4.266 -4.283 -4.286 -4.328 -4.335 -4.342 -4.352 -4.338 -4.281 -4.294 -4.118
0.00037265 -1.62000 9.94448 0.8850265741 2.4452071190    0.828  2.811  3.6630  1.148    7  0.000  0.455     0.00     0.00 -1    -1e-30      0.00 7.427e-01 2.569e-01 6.030e-05 3.070e-05 1.763e-04 -1.000 3.845e-04 -2.258 -2.657 -3.153 -3.569 -4.156 -4.392 -4.431 -4.460 -4.440 -4.037 -4.443 -4.011 -4.336 -4.385 -4.402 -4.402 -4.447 -4.455 -4.462 -4.472 -4.457 -4.395 -4.409 -4.233
0.00037265 -1.62000 9.94448 0.8850339055 2.4452090263    0.828  2.851  3.6601  1.097    7  0.000  0.450     0.00     0.00 -1    -1e-30      0.00 7.426e-01 2.570e-01 5.964e-05 3.152e-05 1.763e-04 -1.000 3.954e-04 -2.357 -2.751 -3.255 -3.678 -4.272 -4.512 -4.550 -4.580 -4.559 -4.152 -4.563 -4.124 -4.454 -4.504 -4.521 -4.519 -4.568 -4.575 -4.583 -4.593 -4.577 -4.510 -4.526 -4.350
0.00037265 -1.62000 9.94448 0.8850409389 2.4452109337    0.828  2.892  3.6570  1.044    7  0.000  0.445     0.00     0.00 -1    -1e-30      0.00 7.425e-01 2.571e-01 5.905e-05 3.226e-05 1.762e-04 -1.000 4.035e-04 -2.460 -2.849 -3.361 -3.790 -4.392 -4.636 -4.674 -4.706 -4.683 -4.272 -4.688 -4.242 -4.577 -4.628 -4.646 -4.640 -4.694 -4.701 -4.709 -4.719 -4.703 -4.629 -4.647 -4.472
0.00037265 -1.62000 9.94448 0.8850469589 2.4452126026    0.828  2.934  3.6539  0.990    7  0.000  0.442     0.00     0.00 -1    -1e-30      0.00 7.423e-01 2.573e-01 5.854e-05 3.290e-05 1.761e-04 -1.000 4.038e-04 -2.564 -2.948 -3.468 -3.904 -4.514 -4.763 -4.799 -4.834 -4.808 -4.394 -4.814 -4.362 -4.702 -4.754 -4.773 -4.763 -4.821 -4.829 -4.836 -4.847 -4.830 -4.750 -4.769 -4.595
0.00037265 -1.62000 9.94448 0.8850516677 2.4452140331    0.828  2.974  3.6508  0.937    7  0.000  0.439     0.00     0.00 -1    -1e-30      0.00 7.422e-01 2.574e-01 5.812e-05 3.347e-05 1.759e-04 -1.000 4.038e-04 -2.665 -3.040 -3.570 -4.013 -4.632 -4.885 -4.921 -4.958 -4.931 -4.511 -4.937 -4.478 -4.822 -4.877 -4.896 -4.882 -4.945 -4.953 -4.961 -4.972 -4.954 -4.869 -4.889 -4.714
0.00037265 -1.62000 9.94448 0.8850555420 2.4452149868    0.828  3.012  3.6479  0.888    7  0.000  0.437     0.00     0.00 -1    -1e-30      0.00 7.421e-01 2.575e-01 5.778e-05 3.397e-05 1.757e-04 -1.000 4.038e-04 -2.759 -3.126 -3.665 -4.116 -4.743 -5.000 -5.035 -5.075 -5.046 -4.621 -5.053 -4.586 -4.935 -4.991 -5.011 -4.994 -5.062 -5.070 -5.077 -5.089 -5.070 -4.980 -5.001 -4.826
0.00037265 -1.62000 9.94448 0.8850595355 2.4452161789    0.828  3.051  3.6448  0.836    7  0.000  0.435     0.00     0.00 -1    -1e-30      0.00 7.420e-01 2.576e-01 5.751e-05 3.441e-05 1.755e-04 -1.000 4.038e-04 -2.858 -3.216 -3.764 -4.223 -4.858 -5.120 -5.155 -5.197 -5.166 -4.736 -5.173 -4.699 -5.053 -5.111 -5.131 -5.110 -5.183 -5.191 -5.199 -5.211 -5.192 -5.096 -5.118 -4.942
0.00037265 -1.62000 9.94448 0.8850626349 2.4452171326    0.828  3.086  3.6420  0.789    7  0.000  0.434     0.00     0.00 -1    -1e-30      0.00 7.419e-01 2.577e-01 5.730e-05 3.481e-05 1.753e-04 -1.000 4.037e-04 -2.946 -3.296 -3.853 -4.319 -4.962 -5.228 -5.262 -5.307 -5.274 -4.840 -5.282 -4.801 -5.160 -5.219 -5.240 -5.215 -5.293 -5.301 -5.309 -5.322 -5.302 -5.200 -5.223 -5.047
0.00037265 -1.62000 9.94448 0.8850660324 2.4452178478    0.828  3.148  3.6371  0.708    7  0.000  0.434     0.00     0.00 -1    -1e-30      0.00 7.418e-01 2.578e-01 5.712e-05 3.518e-05 1.751e-04 -1.000 4.022e-04 -3.099 -3.432 -4.006 -4.485 -5.142 -5.417 -5.449 -5.498 -5.463 -5.020 -5.471 -4.978 -5.344 -5.406 -5.429 -5.397 -5.483 -5.492 -5.501 -5.514 -5.493 -5.382 -5.407 -5.230
0.00037265 -1.62000 9.94448 0.8850668073 2.4452180862    0.828  3.136  3.6383  0.725    7  0.000  0.433     0.00     0.00 -1    -1e-30      0.00 7.416e-01 2.580e-01 5.691e-05 3.578e-05 1.747e-04 -1.000 3.963e-04 -3.070 -3.408 -3.978 -4.453 -5.106 -5.378 -5.412 -5.459 -5.424 -4.984 -5.432 -4.943 -5.307 -5.368 -5.391 -5.360 -5.444 -5.453 -5.462 -5.475 -5.454 -5.345 -5.370 -5.193
0.00037265 -1.62000 9.94448 0.8850668669 2.4452180862    0.828  3.136  3.6383  0.725    7  0.000  0.433     0.00     0.00 -1    -1e-30      0.00 7.416e-01 2.580e-01 5.690e-05 3.580e-05 1.747e-04 -1.000 3.963e-04 -3.070 -3.408 -3.978 -4.453 -5.107 -5.379 -5.412 -5.460 -5.425 -4.984 -5.433 -4.943 -5.307 -5.369 -5.391 -5.361 -5.445 -5.454 -5.462 -5.475 -5.454 -5.346 -5.370 -5.194
0.00037265 -1.62000 9.94448 0.8850669265 2.4452183247    0.828  3.130  3.6388  0.732    7  0.000  0.433     0.00     0.00 -1    -1e-30      0.00 7.416e-01 2.580e-01 5.690e-05 3.582e-05 1.747e-04 -1.000 3.957e-04 -3.056 -3.396 -3.964 -4.438 -5.090 -5.361 -5.395 -5.442 -5.407 -4.967 -5.415 -4.927 -5.290 -5.351 -5.373 -5.344 -5.427 -5.436 -5.445 -5.457 -5.437 -5.329 -5.353 -5.177
0.00037265 -1.62000 9.94448 0.8850671053 2.4452183247    0.828  3.157  3.6366  0.698    7  0.000  0.433     0.00     0.00 -1    -1e-30      0.00 7.416e-01 2.580e-01 5.688e-05 3.587e-05 1.746e-04 -1.000 3.942e-04 -3.121 -3.452 -4.028 -4.508 -5.167 -5.442 -5.475 -5.524 -5.488 -5.044 -5.496 -5.002 -5.369 -5.432 -5.454 -5.421 -5.509 -5.517 -5.526 -5.540 -5.518 -5.407 -5.432 -5.255
0.00037265 -1.62000 9.94448 0.8850672841 2.4452183247    0.828  3.173  3.6352  0.676    7  0.000  0.433     0.00     0.00 -1    -1e-30      0.00 7.416e-01 2.580e-01 5.687e-05 3.590e-05 1.746e-04 -1.000 3.930e-04 -3.161 -3.487 -4.068 -4.551 -5.214 -5.492 -5.524 -5.574 -5.537 -5.091 -5.546 -5.048 -5.417 -5.481 -5.504 -5.469 -5.559 -5.568 -5.577 -5.590 -5.569 -5.454 -5.480 -5.302
0.00037265 -1.62000 9.94448 0.8850674629 2.4452183247    0.828  3.192  3.6335  0.650    7  0.000  0.433     0.00     0.00 -1    -1e-30      0.00 7.416e-01 2.580e-01 5.686e-05 3.592e-05 1.746e-04 -1.000 3.917e-04 -3.211 -3.530 -4.116 -4.605 -5.273 -5.553 -5.585 -5.637 -5.599 -5.150 -5.607 -5.105 -5.478 -5.543 -5.566 -5.529 -5.621 -5.630 -5.639 -5.653 -5.631 -5.514 -5.540 -5.362
0.00037265 -1.62000 9.94448 0.8850676417 2.4452183247    0.828  3.212  3.6319  0.624    7  0.000  0.433     0.00     0.00 -1    -1e-30      0.00 7.415e-01 2.581e-01 5.680e-05 3.609e-05 1.745e-04 -1.000 3.901e-04 -3.259 -3.571 -4.163 -4.657 -5.329 -5.613 -5.644 -5.697 -5.659 -5.207 -5.667 -5.161 -5.536 -5.602 -5.626 -5.586 -5.681 -5.690 -5.700 -5.714 -5.692 -5.571 -5.598 -5.419
0.00037265 -1.62000 9.94448 0.8850679398 2.4452185631    0.828  3.235  3.6298  0.592    7  0.000  0.432     0.00     0.00 -1    -1e-30      0.00 7.415e-01 2.581e-01 5.665e-05 3.651e-05 1.742e-04 -1.000 3.878e-04 -3.319 -3.623 -4.222 -4.721 -5.400 -5.687 -5.717 -5.773 -5.733 -5.277 -5.742 -5.230 -5.608 -5.676 -5.701 -5.657 -5.757 -5.766 -5.776 -5.790 -5.767 -5.643 -5.671 -5.491
0.00037265 -1.62000 9.94448 0.8850684166 2.4452185631    0.828  3.283  3.6256  0.528    7  0.000  0.431     0.00     0.00 -1    -1e-30      0.00 7.412e-01 2.584e-01 5.615e-05 3.789e-05 1.733e-04 -1.000 3.901e-04 -3.436 -3.724 -4.338 -4.849 -5.540 -5.835 -5.863 -5.922 -5.881 -5.417 -5.889 -5.366 -5.752 -5.823 -5.849 -5.798 -5.906 -5.915 -5.925 -5.940 -5.916 -5.785 -5.814 -5.633
0.00037265 -1.62000 9.94448 0.8850692511 2.4452188015    0.828  3.328  3.6219  0.468    7  0.000  0.431     0.00     0.00 -1    -1e-30      0.00 7.411e-01 2.585e-01 5.593e-05 3.864e-05 1.727e-04 -1.000 4.015e-04 -3.549 -3.816 -4.446 -4.969 -5.672 -5.974 -6.001 -6.064 -6.021 -5.549 -6.028 -5.494 -5.887 -5.961 -5.988 -5.933 -6.046 -6.056 -6.066 -6.082 -6.058 -5.922 -5.952 -5.766
0.00037265 -1.62000 9.94448 0.8850693107 2.4452188015    0.828  3.330  3.6216  0.464    7  0.549  0.431     0.00     0.00 -1    -1e-30      0.00 7.411e-01 2.585e-01 5.592e-05 3.867e-05 1.727e-04 -1.000 4.026e-04 -3.556 -3.822 -4.452 -4.976 -5.680 -5.982 -6.009 -6.072 -6.029 -5.557 -6.037 -5.502 -5.895 -5.970 -5.996 -5.941 -6.055 -6.064 -6.075 -6.090 -6.066 -5.930 -5.960 -5.774
0.00037265 -1.62000 9.94448 0.8850694895 2.4452190399    0.828  3.331  3.6216  0.463    7  0.549  0.431     0.00     0.00 -1    -1e-30      0.00 7.410e-01 2.586e-01 5.591e-05 3.870e-05 1.727e-04 -1.000 4.037e-04 -3.558 -3.824 -4.455 -4.978 -5.682 -5.985 -6.012 -6.075 -6.033 -5.560 -6.040 -5.505 -5.898 -5.973 -6.000 -5.944 -6.058 -6.068 -6.078 -6.094 -6.070 -5.933 -5.963 -5.777
0.00037265 -1.62000 9.94448 0.8850695491 2.4452190399    0.828  3.414  3.6091  0.330    8  0.549  0.390    83.86    42.50  1 -9.27e-07      0.00 7.290e-01 2.706e-01 6.375e-05 5.931e-05 2.177e-04 -1.000 3.691e-04 -3.766 -3.958 -4.642 -5.205 -5.949 -6.278 -6.300 -6.376 -6.333 -5.827 -6.335 -5.759 -6.178 -6.265 -6.295 -6.223 -6.357 -6.368 -6.379 -6.398 -6.373 -6.225 -6.256 -6.049
0.00037265 -1.62000 9.94448 0.8850696087 2.4452190399    0.826  3.272  3.6199  0.514    8  0.549  0.390    56.34    30.11  1 -4.85e-07      0.00 7.290e-01 2.706e-01 6.375e-05 5.931e-05 2.177e-04 -1.000 3.690e-04 -3.410 -3.668 -4.301 -4.828 -5.540 -5.847 -5.873 -5.937 -5.894 -5.417 -5.901 -5.360 -5.758 -5.834 -5.862 -5.804 -5.919 -5.929 -5.939 -5.955 -5.931 -5.794 -5.824 -5.635
0.00037265 -1.62000 9.94448 0.8850697279 2.4452190399    0.824  3.136  3.6322  0.698    8  0.549  0.390    37.86    21.33  1 -2.56e-07      0.00 7.290e-01 2.706e-01 6.375e-05 5.931e-05 2.177e-04 -1.000 3.691e-04 -3.070 -3.384 -3.972 -4.464 -5.137 -5.420 -5.451 -5.504 -5.466 -5.014 -5.474 -4.967 -5.343 -5.409 -5.433 -5.394 -5.488 -5.497 -5.506 -5.520 -5.498 -5.380 -5.406 -5.226
0.00037265 -1.62000 9.94448 0.8850699067 2.4452190399    0.819  2.930  3.6509  0.976    8  0.549  0.390    20.79    12.68  1 -9.47e-08      0.00 7.290e-01 2.706e-01 6.375e-05 5.931e-05 2.177e-04 -1.000 3.691e-04 -2.556 -2.931 -3.459 -3.903 -4.522 -4.775 -4.811 -4.848 -4.821 -4.401 -4.827 -4.367 -4.712 -4.766 -4.786 -4.772 -4.835 -4.843 -4.850 -4.862 -4.844 -4.759 -4.779 -4.604
0.00037265 -1.62000 9.94448 0.8850702047 2.4452190399    0.812  2.935  3.6503  0.965    8  0.549  0.390    21.28    12.89  1 -9.96e-08      0.00 7.290e-01 2.706e-01 6.375e-05 5.931e-05 2.177e-04 -1.000 3.691e-04 -2.568 -2.941 -3.472 -3.917 -4.538 -4.792 -4.828 -4.865 -4.837 -4.416 -4.844 -4.382 -4.729 -4.783 -4.802 -4.788 -4.852 -4.860 -4.867 -4.879 -4.860 -4.775 -4.795 -4.620
0.00037265 -1.62000 9.94448 0.8850705624 2.4452192783    0.804  3.024  3.6420  0.839    8  0.550  0.390    27.92    16.24  1  -1.6e-07      0.00 7.290e-01 2.706e-01 6.375e-05 5.931e-05 2.177e-04 -1.000 3.691e-04 -2.790 -3.139 -3.695 -4.160 -4.804 -5.071 -5.105 -5.149 -5.116 -4.682 -5.124 -4.643 -5.002 -5.061 -5.082 -5.058 -5.135 -5.143 -5.152 -5.164 -5.144 -5.043 -5.066 -4.890
0.00037265 -1.62000 9.94448 0.8850710392 2.4452192783    0.794  3.176  3.6280  0.626    8  0.550  0.390    44.24    24.05  1 -3.48e-07      0.00 7.290e-01 2.706e-01 6.375e-05 5.931e-05 2.177e-04 -1.000 3.691e-04 -3.169 -3.466 -4.069 -4.573 -5.258 -5.549 -5.578 -5.635 -5.595 -5.135 -5.603 -5.086 -5.469 -5.537 -5.563 -5.517 -5.619 -5.628 -5.638 -5.652 -5.629 -5.503 -5.531 -5.350
0.00037265 -1.62000 9.94448 0.8850715756 2.4452195168    0.783  3.309  3.6156  0.437    8  0.550  0.390    66.54    34.01  1 -6.82e-07      0.00 7.290e-01 2.706e-01 6.375e-05 5.931e-05 2.177e-04 -1.000 3.691e-04 -3.502 -3.734 -4.388 -4.929 -5.654 -5.969 -5.993 -6.062 -6.019 -5.531 -6.024 -5.470 -5.876 -5.956 -5.985 -5.921 -6.044 -6.055 -6.064 -6.082 -6.057 -5.915 -5.945 -5.751
0.00037265 -1.62000 9.94448 0.8850721717 2.4452197552    0.769  3.397  3.6072  0.308    8  0.551  0.390    87.95    42.95  1 -1.08e-06      0.00 7.290e-01 2.706e-01 6.375e-05 5.931e-05 2.177e-04 -1.000 3.691e-04 -3.723 -3.903 -4.595 -5.164 -5.914 -6.248 -6.270 -6.348 -6.305 -5.793 -6.305 -5.722 -6.145 -6.234 -6.266 -6.191 -6.327 -6.340 -6.351 -6.370 -6.345 -6.196 -6.226 -6.015
0.00037265 -1.62000 9.94448 0.8850728273 2.4452197552    0.755  3.446  3.6025  0.232    8  0.551  0.390   103.71    49.07  1 -1.43e-06      0.00 7.290e-01 2.706e-01 6.375e-05 5.931e-05 2.177e-04 -1.000 3.690e-04 -3.845 -3.990 -4.707 -5.292 -6.058 -6.404 -6.423 -6.507 -6.465 -5.938 -6.462 -5.861 -6.294 -6.389 -6.421 -6.341 -6.485 -6.498 -6.511 -6.530 -6.506 -6.354 -6.385 -6.161
0.00037265 -1.62000 9.94448 0.8850736022 2.4452199936    0.739  3.471  3.5998  0.187    8  0.552  0.390   114.40    52.82  1 -1.71e-06      0.00 7.290e-01 2.706e-01 6.375e-05 5.931e-05 2.177e-04 -1.000 3.690e-04 -3.907 -4.033 -4.764 -5.358 -6.132 -6.485 -6.504 -6.590 -6.549 -6.013 -6.544 -5.934 -6.372 -6.470 -6.503 -6.419 -6.568 -6.581 -6.594 -6.614 -6.591 -6.437 -6.469 -6.237
0.00037265 -1.62000 9.94448 0.8850744367 2.4452202320    0.722  3.487  3.5984  0.155    8  0.552  0.390   122.91    55.44  0 -1.98e-06      0.00 7.290e-01 2.706e-01 6.375e-05 5.931e-05 2.177e-04 -1.000 3.690e-04 -3.948 -4.062 -4.802 -5.401 -6.180 -6.536 -6.555 -6.644 -6.604 -6.061 -6.597 -5.980 -6.421 -6.521 -6.554 -6.469 -6.621 -6.635 -6.648 -6.669 -6.646 -6.491 -6.523 -6.286
0.00037265 -1.62000 9.94448 0.8850775957 2.4452211857    0.554 -9.999  4.0000  1.705    9  0.554  0.000     0.00     0.00 -1    -1e-30      0.00 7.290e-01 2.706e-01 6.375e-05 5.931e-05 2.177e-04 -1.000 3.691e-04 29.767 30.063 30.050 30.098 30.102 30.105 30.105 30.110 30.106 30.100 30.107 30.109 30.089 30.098 30.110 30.111 30.106 30.111 30.111 30.106 30.106 30.104 30.108 30.100
#isochrone terminated
