# File generated by CMD 3.3 (http://stev.oapd.inaf.it/cmd) on Mon Apr  6 22:07:39 CEST 2020
# isochrones based on PARSEC release v1.2S +  COLIBRI S_35
# Basic references: Bressan et al. (2012), MNRAS, 427, 127 + Chen et al. (2014, 2015), MNRAS, 444, 2525 + MNRAS, 452, 1068 + Tang et al. (2014), MNRAS, 445, 4287 + Marigo et al. (2017), ApJ, 835, 77 + Pastorelli al. (2019), MNRAS in press
# Thermal pulse cycles included 
# On RGB, assumed Reimers mass loss with efficiency eta=0.2
# Photometric system: <i>UBVRIJHK</i> (cf. Maiz-Apellaniz 2006 + Bessell 1990)
# Using YBC version of bolometric corrections as in Chen et al. (2019)
# O-rich circumstellar dpmod60alox40 dust from Groenewegen (2006)
# C-rich circumstellar AMCSIC15 dust from Groenewegen (2006)
# IMF: Kroupa (2001, 2002) + Kroupa et al. (2013) canonical two-part-power law IMF corrected for unresolved binaries 
# Kind of output: luminosity functions
# age     Z  magbinc 	 mbolmag  Umag    Bmag    Vmag    Rmag    Imag    Jmag    Hmag    Kmag
6.4e+09 0.00058 -14.975         0        0        0        0        0        0        0        0        0
6.4e+09 0.00058 -14.925         0        0        0        0        0        0        0        0        0
6.4e+09 0.00058 -14.875         0        0        0        0        0        0        0        0        0
6.4e+09 0.00058 -14.825         0        0        0        0        0        0        0        0        0
6.4e+09 0.00058 -14.775         0        0        0        0        0        0        0        0        0
6.4e+09 0.00058 -14.725         0        0        0        0        0        0        0        0        0
6.4e+09 0.00058 -14.675         0        0        0        0        0        0        0        0        0
6.4e+09 0.00058 -14.625         0        0        0        0        0        0        0        0        0
6.4e+09 0.00058 -14.575         0        0        0        0        0        0        0        0        0
6.4e+09 0.00058 -14.525         0        0        0        0        0        0        0        0        0
6.4e+09 0.00058 -14.475         0        0        0        0        0        0        0        0        0
6.4e+09 0.00058 -14.425         0        0        0        0        0        0        0        0        0
6.4e+09 0.00058 -14.375         0        0        0        0        0        0        0        0        0
6.4e+09 0.00058 -14.325         0        0        0        0        0        0        0        0        0
6.4e+09 0.00058 -14.275         0        0        0        0        0        0        0        0        0
6.4e+09 0.00058 -14.225         0        0        0        0        0        0        0        0        0
6.4e+09 0.00058 -14.175         0        0        0        0        0        0        0        0        0
6.4e+09 0.00058 -14.125         0        0        0        0        0        0        0        0        0
6.4e+09 0.00058 -14.075         0        0        0        0        0        0        0        0        0
6.4e+09 0.00058 -14.025         0        0        0        0        0        0        0        0        0
6.4e+09 0.00058 -13.975         0        0        0        0        0        0        0        0        0
6.4e+09 0.00058 -13.925         0        0        0        0        0        0        0        0        0
6.4e+09 0.00058 -13.875         0        0        0        0        0        0        0        0        0
6.4e+09 0.00058 -13.825         0        0        0        0        0        0        0        0        0
6.4e+09 0.00058 -13.775         0        0        0        0        0        0        0        0        0
6.4e+09 0.00058 -13.725         0        0        0        0        0        0        0        0        0
6.4e+09 0.00058 -13.675         0        0        0        0        0        0        0        0        0
6.4e+09 0.00058 -13.625         0        0        0        0        0        0        0        0        0
6.4e+09 0.00058 -13.575         0        0        0        0        0        0        0        0        0
6.4e+09 0.00058 -13.525         0        0        0        0        0        0        0        0        0
6.4e+09 0.00058 -13.475         0        0        0        0        0        0        0        0        0
6.4e+09 0.00058 -13.425         0        0        0        0        0        0        0        0        0
6.4e+09 0.00058 -13.375         0        0        0        0        0        0        0        0        0
6.4e+09 0.00058 -13.325         0        0        0        0        0        0        0        0        0
6.4e+09 0.00058 -13.275         0        0        0        0        0        0        0        0        0
6.4e+09 0.00058 -13.225         0        0        0        0        0        0        0        0        0
6.4e+09 0.00058 -13.175         0        0        0        0        0        0        0        0        0
6.4e+09 0.00058 -13.125         0        0        0        0        0        0        0        0        0
6.4e+09 0.00058 -13.075         0        0        0        0        0        0        0        0        0
6.4e+09 0.00058 -13.025         0        0        0        0        0        0        0        0        0
6.4e+09 0.00058 -12.975         0        0        0        0        0        0        0        0        0
6.4e+09 0.00058 -12.925         0        0        0        0        0        0        0        0        0
6.4e+09 0.00058 -12.875         0        0        0        0        0        0        0        0        0
6.4e+09 0.00058 -12.825         0        0        0        0        0        0        0        0        0
6.4e+09 0.00058 -12.775         0        0        0        0        0        0        0        0        0
6.4e+09 0.00058 -12.725         0        0        0        0        0        0        0        0        0
6.4e+09 0.00058 -12.675         0        0        0        0        0        0        0        0        0
6.4e+09 0.00058 -12.625         0        0        0        0        0        0        0        0        0
6.4e+09 0.00058 -12.575         0        0        0        0        0        0        0        0        0
6.4e+09 0.00058 -12.525         0        0        0        0        0        0        0        0        0
6.4e+09 0.00058 -12.475         0        0        0        0        0        0        0        0        0
6.4e+09 0.00058 -12.425         0        0        0        0        0        0        0        0        0
6.4e+09 0.00058 -12.375         0        0        0        0        0        0        0        0        0
6.4e+09 0.00058 -12.325         0        0        0        0        0        0        0        0        0
6.4e+09 0.00058 -12.275         0        0        0        0        0        0        0        0        0
6.4e+09 0.00058 -12.225         0        0        0        0        0        0        0        0        0
6.4e+09 0.00058 -12.175         0        0        0        0        0        0        0        0        0
6.4e+09 0.00058 -12.125         0        0        0        0        0        0        0        0        0
6.4e+09 0.00058 -12.075         0        0        0        0        0        0        0        0        0
6.4e+09 0.00058 -12.025         0        0        0        0        0        0        0        0        0
6.4e+09 0.00058 -11.975         0        0        0        0        0        0        0        0        0
6.4e+09 0.00058 -11.925         0        0        0        0        0        0        0        0        0
6.4e+09 0.00058 -11.875         0        0        0        0        0        0        0        0        0
6.4e+09 0.00058 -11.825         0        0        0        0        0        0        0        0        0
6.4e+09 0.00058 -11.775         0        0        0        0        0        0        0        0        0
6.4e+09 0.00058 -11.725         0        0        0        0        0        0        0        0        0
6.4e+09 0.00058 -11.675         0        0        0        0        0        0        0        0        0
6.4e+09 0.00058 -11.625         0        0        0        0        0        0        0        0        0
6.4e+09 0.00058 -11.575         0        0        0        0        0        0        0        0        0
6.4e+09 0.00058 -11.525         0        0        0        0        0        0        0        0        0
6.4e+09 0.00058 -11.475         0        0        0        0        0        0        0        0        0
6.4e+09 0.00058 -11.425         0        0        0        0        0        0        0        0        0
6.4e+09 0.00058 -11.375         0        0        0        0        0        0        0        0        0
6.4e+09 0.00058 -11.325         0        0        0        0        0        0        0        0        0
6.4e+09 0.00058 -11.275         0        0        0        0        0        0        0        0        0
6.4e+09 0.00058 -11.225         0        0        0        0        0        0        0        0        0
6.4e+09 0.00058 -11.175         0        0        0        0        0        0        0        0        0
6.4e+09 0.00058 -11.125         0        0        0        0        0        0        0        0        0
6.4e+09 0.00058 -11.075         0        0        0        0        0        0        0        0        0
6.4e+09 0.00058 -11.025         0        0        0        0        0        0        0        0        0
6.4e+09 0.00058 -10.975         0        0        0        0        0        0        0        0        0
6.4e+09 0.00058 -10.925         0        0        0        0        0        0        0        0        0
6.4e+09 0.00058 -10.875         0        0        0        0        0        0        0        0        0
6.4e+09 0.00058 -10.825         0        0        0        0        0        0        0        0        0
6.4e+09 0.00058 -10.775         0        0        0        0        0        0        0        0        0
6.4e+09 0.00058 -10.725         0        0        0        0        0        0        0        0        0
6.4e+09 0.00058 -10.675         0        0        0        0        0        0        0        0        0
6.4e+09 0.00058 -10.625         0        0        0        0        0        0        0        0        0
6.4e+09 0.00058 -10.575         0        0        0        0        0        0        0        0        0
6.4e+09 0.00058 -10.525         0        0        0        0        0        0        0        0        0
6.4e+09 0.00058 -10.475         0        0        0        0        0        0        0        0        0
6.4e+09 0.00058 -10.425         0        0        0        0        0        0        0        0        0
6.4e+09 0.00058 -10.375         0        0        0        0        0        0        0        0        0
6.4e+09 0.00058 -10.325         0        0        0        0        0        0        0        0        0
6.4e+09 0.00058 -10.275         0        0        0        0        0        0        0        0        0
6.4e+09 0.00058 -10.225         0        0        0        0        0        0        0        0        0
6.4e+09 0.00058 -10.175         0        0        0        0        0        0        0        0        0
6.4e+09 0.00058 -10.125         0        0        0        0        0        0        0        0        0
6.4e+09 0.00058 -10.075         0        0        0        0        0        0        0        0        0
6.4e+09 0.00058 -10.025         0        0        0        0        0        0        0        0        0
6.4e+09 0.00058 -9.975         0        0        0        0        0        0        0        0        0
6.4e+09 0.00058 -9.925         0        0        0        0        0        0        0        0        0
6.4e+09 0.00058 -9.875         0        0        0        0        0        0        0        0        0
6.4e+09 0.00058 -9.825         0        0        0        0        0        0        0        0        0
6.4e+09 0.00058 -9.775         0        0        0        0        0        0        0        0        0
6.4e+09 0.00058 -9.725         0        0        0        0        0        0        0        0        0
6.4e+09 0.00058 -9.675         0        0        0        0        0        0        0        0        0
6.4e+09 0.00058 -9.625         0        0        0        0        0        0        0        0        0
6.4e+09 0.00058 -9.575         0        0        0        0        0        0        0        0        0
6.4e+09 0.00058 -9.525         0        0        0        0        0        0        0        0        0
6.4e+09 0.00058 -9.475         0        0        0        0        0        0        0        0        0
6.4e+09 0.00058 -9.425         0        0        0        0        0        0        0        0        0
6.4e+09 0.00058 -9.375         0        0        0        0        0        0        0        0        0
6.4e+09 0.00058 -9.325         0        0        0        0        0        0        0        0        0
6.4e+09 0.00058 -9.275         0        0        0        0        0        0        0        0        0
6.4e+09 0.00058 -9.225         0        0        0        0        0        0        0        0        0
6.4e+09 0.00058 -9.175         0        0        0        0        0        0        0        0        0
6.4e+09 0.00058 -9.125         0        0        0        0        0        0        0        0        0
6.4e+09 0.00058 -9.075         0        0        0        0        0        0        0        0        0
6.4e+09 0.00058 -9.025         0        0        0        0        0        0        0        0        0
6.4e+09 0.00058 -8.975         0        0        0        0        0        0        0        0        0
6.4e+09 0.00058 -8.925         0        0        0        0        0        0        0        0        0
6.4e+09 0.00058 -8.875         0        0        0        0        0        0        0        0        0
6.4e+09 0.00058 -8.825         0        0        0        0        0        0        0        0        0
6.4e+09 0.00058 -8.775         0        0        0        0        0        0        0        0        0
6.4e+09 0.00058 -8.725         0        0        0        0        0        0        0        0        0
6.4e+09 0.00058 -8.675         0        0        0        0        0        0        0        0        0
6.4e+09 0.00058 -8.625         0        0        0        0        0        0        0        0        0
6.4e+09 0.00058 -8.575         0        0        0        0        0        0        0        0        0
6.4e+09 0.00058 -8.525         0        0        0        0        0        0        0        0        0
6.4e+09 0.00058 -8.475         0        0        0        0        0        0        0        0        0
6.4e+09 0.00058 -8.425         0        0        0        0        0        0        0        0        0
6.4e+09 0.00058 -8.375         0        0        0        0        0        0        0        0        0
6.4e+09 0.00058 -8.325         0        0        0        0        0        0        0        0        0
6.4e+09 0.00058 -8.275         0        0        0        0        0        0        0        0        0
6.4e+09 0.00058 -8.225         0        0        0        0        0        0        0        0        0
6.4e+09 0.00058 -8.175         0        0        0        0        0        0        0        0        0
6.4e+09 0.00058 -8.125         0        0        0        0        0        0        0        0        0
6.4e+09 0.00058 -8.075         0        0        0        0        0        0        0        0        0
6.4e+09 0.00058 -8.025         0        0        0        0        0        0        0        0        0
6.4e+09 0.00058 -7.975         0        0        0        0        0        0        0        0        0
6.4e+09 0.00058 -7.925         0        0        0        0        0        0        0        0        0
6.4e+09 0.00058 -7.875         0        0        0        0        0        0        0        0        0
6.4e+09 0.00058 -7.825         0        0        0        0        0        0        0        0        0
6.4e+09 0.00058 -7.775         0        0        0        0        0        0        0        0        0
6.4e+09 0.00058 -7.725         0        0        0        0        0        0        0        0        0
6.4e+09 0.00058 -7.675         0        0        0        0        0        0        0        0        0
6.4e+09 0.00058 -7.625         0        0        0        0        0        0        0        0        0
6.4e+09 0.00058 -7.575         0        0        0        0        0        0        0        0        0
6.4e+09 0.00058 -7.525         0        0        0        0        0        0        0        0        0
6.4e+09 0.00058 -7.475         0        0        0        0        0        0        0        0        0
6.4e+09 0.00058 -7.425         0        0        0        0        0        0        0        0        0
6.4e+09 0.00058 -7.375         0        0        0        0        0        0        0        0        0
6.4e+09 0.00058 -7.325         0        0        0        0        0        0        0        0        0
6.4e+09 0.00058 -7.275         0        0        0        0        0        0        0        0        0
6.4e+09 0.00058 -7.225         0        0        0        0        0        0        0        0        0
6.4e+09 0.00058 -7.175         0        0        0        0        0        0        0        0        0
6.4e+09 0.00058 -7.125         0        0        0        0        0        0        0        0        0
6.4e+09 0.00058 -7.075         0        0        0        0        0        0        0        0        0
6.4e+09 0.00058 -7.025         0        0        0        0        0        0        0        0        0
6.4e+09 0.00058 -6.975         0        0        0        0        0        0        0        0        0
6.4e+09 0.00058 -6.925         0        0        0        0        0        0        0        0        0
6.4e+09 0.00058 -6.875         0        0        0        0        0        0        0        0        0
6.4e+09 0.00058 -6.825         0        0        0        0        0        0        0        0        0
6.4e+09 0.00058 -6.775         0        0        0        0        0        0        0        0        0
6.4e+09 0.00058 -6.725         0        0        0        0        0        0        0        0        0
6.4e+09 0.00058 -6.675         0        0        0        0        0        0        0        0        0
6.4e+09 0.00058 -6.625         0        0        0        0        0        0        0        0        0
6.4e+09 0.00058 -6.575         0        0        0        0        0        0        0        0        0
6.4e+09 0.00058 -6.525         0        0        0        0        0        0        0        0        0
6.4e+09 0.00058 -6.475         0        0        0        0        0        0        0        0        0
6.4e+09 0.00058 -6.425         0        0        0        0        0        0        0        0        0
6.4e+09 0.00058 -6.375         0        0        0        0        0        0        0        0        0
6.4e+09 0.00058 -6.325         0        0        0        0        0        0        0        0        0
6.4e+09 0.00058 -6.275         0        0        0        0        0        0        0        0        0
6.4e+09 0.00058 -6.225         0        0        0        0        0        0        0        0        0
6.4e+09 0.00058 -6.175         0        0        0        0        0        0        0        0        0
6.4e+09 0.00058 -6.125         0        0        0        0        0        0        0        0        0
6.4e+09 0.00058 -6.075         0        0        0        0        0        0        0        0        0
6.4e+09 0.00058 -6.025         0        0        0        0        0        0        0        0        0
6.4e+09 0.00058 -5.975         0        0        0        0        0        0        0        0        0
6.4e+09 0.00058 -5.925         0        0        0        0        0        0        0        0        0
6.4e+09 0.00058 -5.875         0        0        0        0        0        0        0        0 1.26e-06
6.4e+09 0.00058 -5.825         0        0        0        0        0        0        0        0 1.32e-06
6.4e+09 0.00058 -5.775         0        0        0        0        0        0        0 1.13e-06 1.50e-06
6.4e+09 0.00058 -5.725         0        0        0        0        0        0        0 1.39e-06 1.43e-06
6.4e+09 0.00058 -5.675         0        0        0        0        0        0        0 1.48e-06 1.43e-06
6.4e+09 0.00058 -5.625         0        0        0        0        0        0        0 1.51e-06 1.35e-06
6.4e+09 0.00058 -5.575         0        0        0        0        0        0        0 1.43e-06 1.96e-06
6.4e+09 0.00058 -5.525         0        0        0        0        0        0        0 1.43e-06 2.10e-06
6.4e+09 0.00058 -5.475         0        0        0        0        0        0        0 1.97e-06 2.10e-06
6.4e+09 0.00058 -5.425         0        0        0        0        0        0        0 2.14e-06 2.01e-06
6.4e+09 0.00058 -5.375         0        0        0        0        0        0        0 2.19e-06 2.00e-06
6.4e+09 0.00058 -5.325         0        0        0        0        0        0        0 2.04e-06 6.85e-05
6.4e+09 0.00058 -5.275         0        0        0        0        0        0        0 2.57e-05 9.24e-05
6.4e+09 0.00058 -5.225         0        0        0        0        0        0        0 9.23e-05 9.22e-05
6.4e+09 0.00058 -5.175         0        0        0        0        0        0        0 9.24e-05 9.21e-05
6.4e+09 0.00058 -5.125         0        0        0        0        0        0        0 9.22e-05 9.21e-05
6.4e+09 0.00058 -5.075         0        0        0        0        0        0        0 9.21e-05 9.21e-05
6.4e+09 0.00058 -5.025         0        0        0        0        0        0 1.06e-06 9.22e-05 9.21e-05
6.4e+09 0.00058 -4.975         0        0        0        0        0        0 1.59e-06 9.22e-05 9.21e-05
6.4e+09 0.00058 -4.925         0        0        0        0        0        0 1.59e-06 9.22e-05 9.21e-05
6.4e+09 0.00058 -4.875         0        0        0        0        0        0 1.67e-06 9.21e-05 9.22e-05
6.4e+09 0.00058 -4.825         0        0        0        0        0        0 1.59e-06 9.22e-05 9.25e-05
6.4e+09 0.00058 -4.775         0        0        0        0        0        0 1.60e-06 9.24e-05 9.24e-05
6.4e+09 0.00058 -4.725         0        0        0        0        0        0 2.52e-06 9.25e-05 9.25e-05
6.4e+09 0.00058 -4.675         0        0        0        0        0        0 6.42e-05 9.24e-05 9.24e-05
6.4e+09 0.00058 -4.625         0        0        0        0        0        0 9.69e-05 9.25e-05 9.24e-05
6.4e+09 0.00058 -4.575         0        0        0        0        0        0 9.21e-05 9.25e-05 9.23e-05
6.4e+09 0.00058 -4.525         0        0        0        0        0        0 9.23e-05 9.23e-05 9.23e-05
6.4e+09 0.00058 -4.475         0        0        0        0        0        0 9.70e-05 9.23e-05 9.24e-05
6.4e+09 0.00058 -4.425         0        0        0        0        0        0 9.22e-05 9.24e-05 9.24e-05
6.4e+09 0.00058 -4.375         0        0        0        0        0        0 9.21e-05 9.25e-05 9.24e-05
6.4e+09 0.00058 -4.325         0        0        0        0        0        0 9.68e-05 9.25e-05 9.24e-05
6.4e+09 0.00058 -4.275         0        0        0        0        0        0 9.23e-05 9.24e-05 9.22e-05
6.4e+09 0.00058 -4.225         0        0        0        0        0        0 9.69e-05 9.22e-05 9.25e-05
6.4e+09 0.00058 -4.175         0        0        0        0        0        0 9.21e-05 9.24e-05 9.22e-05
6.4e+09 0.00058 -4.125         0        0        0        0        0        0 9.24e-05 9.24e-05 9.26e-05
6.4e+09 0.00058 -4.075         0        0        0        0        0 1.32e-06 9.74e-05 9.23e-05 9.27e-05
6.4e+09 0.00058 -4.025         0        0        0        0        0 1.88e-06 9.26e-05 9.27e-05 9.26e-05
6.4e+09 0.00058 -3.975         0        0        0        0        0 1.61e-05 9.27e-05 9.27e-05 9.27e-05
6.4e+09 0.00058 -3.925         0        0        0        0        0 9.67e-05 9.73e-05 9.27e-05 9.26e-05
6.4e+09 0.00058 -3.875         0        0        0        0        0 9.66e-05 9.25e-05 9.27e-05 9.31e-05
6.4e+09 0.00058 -3.825         0        0        0        0        0 9.79e-05 9.24e-05 9.26e-05 9.29e-05
6.4e+09 0.00058 -3.775         0        0        0        0        0 9.69e-05 9.73e-05 9.31e-05 9.29e-05
6.4e+09 0.00058 -3.725         0        0        0        0        0 9.21e-05 9.26e-05 9.29e-05 9.32e-05
6.4e+09 0.00058 -3.675         0        0        0        0        0 9.70e-05 9.26e-05 9.31e-05 9.31e-05
6.4e+09 0.00058 -3.625         0        0        0        0        0 9.70e-05 9.72e-05 9.31e-05 9.33e-05
6.4e+09 0.00058 -3.575         0        0        0        0        0 9.71e-05 9.26e-05 9.33e-05 9.32e-05
6.4e+09 0.00058 -3.525         0        0        0        0        0 9.69e-05 9.25e-05 9.33e-05 9.34e-05
6.4e+09 0.00058 -3.475  4.63e-07        0        0        0        0 9.24e-05 9.72e-05 9.33e-05 9.37e-05
6.4e+09 0.00058 -3.425  1.72e-06        0        0        0 4.34e-05 9.70e-05 9.30e-05 9.36e-05 9.39e-05
6.4e+09 0.00058 -3.375  1.73e-06        0        0        0 9.70e-05 9.71e-05 9.28e-05 9.37e-05 9.37e-05
6.4e+09 0.00058 -3.325  1.75e-06        0        0        0 9.69e-05 9.71e-05 9.74e-05 9.38e-05 9.39e-05
6.4e+09 0.00058 -3.275  1.67e-06        0        0        0 9.69e-05 9.76e-05 9.31e-05 9.40e-05 9.45e-05
6.4e+09 0.00058 -3.225  7.29e-05        0        0        0 9.68e-05 9.29e-05 9.30e-05 9.41e-05 9.47e-05
6.4e+09 0.00058 -3.175  9.73e-05        0        0        0 9.77e-05 9.78e-05 9.78e-05 9.47e-05 9.48e-05
6.4e+09 0.00058 -3.125  9.75e-05        0        0        0 9.70e-05 9.77e-05 9.33e-05 9.43e-05 9.48e-05
6.4e+09 0.00058 -3.075  9.69e-05        0        0        0 9.69e-05 9.75e-05 9.36e-05 9.51e-05 9.51e-05
6.4e+09 0.00058 -3.025  9.68e-05        0        0        0 1.02e-04 9.74e-05 9.83e-05 9.46e-05 9.51e-05
6.4e+09 0.00058 -2.975  9.70e-05        0        0        0 9.72e-05 9.31e-05 9.36e-05 9.50e-05 9.55e-05
6.4e+09 0.00058 -2.925  9.71e-05        0        0        0 9.72e-05 9.78e-05 9.36e-05 9.55e-05 9.09e-05
6.4e+09 0.00058 -2.875  9.70e-05        0        0        0 9.73e-05 9.77e-05 9.85e-05 9.53e-05 9.53e-05
6.4e+09 0.00058 -2.825  9.69e-05        0        0        0 9.74e-05 9.75e-05 9.43e-05 9.53e-05 9.62e-05
6.4e+09 0.00058 -2.775  9.70e-05        0        0 9.49e-05 9.73e-05 9.76e-05 9.40e-05 9.54e-05 9.60e-05
6.4e+09 0.00058 -2.725  9.71e-05        0        0 9.48e-05 9.75e-05 9.30e-05 9.90e-05 9.64e-05 9.63e-05
6.4e+09 0.00058 -2.675  9.69e-05        0        0 9.94e-05 9.80e-05 9.79e-05 9.40e-05 9.59e-05 1.02e-04
6.4e+09 0.00058 -2.625  9.72e-05        0        0 9.46e-05 9.81e-05 9.79e-05 9.52e-05 9.81e-05 1.05e-04
6.4e+09 0.00058 -2.575  1.02e-04        0        0 9.69e-05 9.81e-05 9.79e-05 9.97e-05 1.05e-04 9.84e-05
6.4e+09 0.00058 -2.525  9.75e-05        0        0 1.02e-04 9.78e-05 9.80e-05 9.55e-05 1.00e-04 1.23e-04
6.4e+09 0.00058 -2.475  9.76e-05        0        0 9.71e-05 9.78e-05 9.84e-05 9.52e-05 1.10e-04 1.16e-04
6.4e+09 0.00058 -2.425  9.76e-05        0        0 1.02e-04 9.81e-05 9.37e-05 1.00e-04 1.20e-04 1.06e-04
6.4e+09 0.00058 -2.375  9.73e-05        0        0 9.76e-05 1.03e-04 9.88e-05 9.60e-05 1.15e-04 9.66e-05
6.4e+09 0.00058 -2.325  9.74e-05        0        0 1.02e-04 9.81e-05 9.89e-05 9.59e-05 9.79e-05 9.64e-05
6.4e+09 0.00058 -2.275  9.77e-05        0        0 9.77e-05 9.80e-05 9.90e-05 1.00e-04 9.64e-05 9.67e-05
6.4e+09 0.00058 -2.225  9.76e-05        0        0 1.02e-04 9.79e-05 9.89e-05 9.64e-05 9.63e-05 9.67e-05
6.4e+09 0.00058 -2.175  9.75e-05        0        0 9.80e-05 9.80e-05 9.46e-05 9.70e-05 9.66e-05 9.67e-05
6.4e+09 0.00058 -2.125  9.75e-05        0        0 1.03e-04 9.84e-05 9.92e-05 1.04e-04 9.67e-05 9.72e-05
6.4e+09 0.00058 -2.075  9.76e-05        0        0 9.79e-05 9.81e-05 9.91e-05 1.07e-04 9.74e-05 9.76e-05
6.4e+09 0.00058 -2.025  9.75e-05        0        0 9.83e-05 9.85e-05 9.93e-05 9.92e-05 9.72e-05 9.83e-05
6.4e+09 0.00058 -1.975  9.82e-05        0        0 1.04e-04 9.87e-05 1.00e-04 1.03e-04 9.80e-05 9.90e-05
6.4e+09 0.00058 -1.925  9.80e-05        0        0 9.90e-05 9.88e-05 9.57e-05 1.25e-04 9.89e-05 1.00e-04
6.4e+09 0.00058 -1.875  9.81e-05        0        0 1.03e-04 9.91e-05 1.00e-04 1.18e-04 9.98e-05 1.01e-04
6.4e+09 0.00058 -1.825  9.81e-05        0        0 9.85e-05 9.98e-05 1.01e-04 1.08e-04 1.01e-04 1.03e-04
6.4e+09 0.00058 -1.775  9.86e-05        0        0 1.03e-04 9.95e-05 1.01e-04 9.69e-05 1.02e-04 1.05e-04
6.4e+09 0.00058 -1.725  9.86e-05        0        0 9.89e-05 9.95e-05 1.01e-04 9.72e-05 1.05e-04 1.07e-04
6.4e+09 0.00058 -1.675  9.89e-05        0        0 1.03e-04 1.04e-04 9.68e-05 1.02e-04 1.06e-04 1.10e-04
6.4e+09 0.00058 -1.625  9.90e-05        0 7.59e-05 9.87e-05 9.93e-05 1.01e-04 9.74e-05 1.12e-04 1.16e-04
6.4e+09 0.00058 -1.575  9.88e-05        0 1.04e-04 9.90e-05 9.98e-05 1.02e-04 9.81e-05 1.13e-04 1.34e-04
6.4e+09 0.00058 -1.525  9.91e-05        0 9.94e-05 1.04e-04 1.00e-04 1.03e-04 1.03e-04 1.28e-04 1.57e-04
6.4e+09 0.00058 -1.475  9.96e-05        0 9.93e-05 9.90e-05 1.01e-04 1.13e-04 9.90e-05 1.59e-04 1.68e-04
6.4e+09 0.00058 -1.425  9.94e-05        0 1.04e-04 1.04e-04 1.01e-04 1.01e-04 1.01e-04 1.68e-04 6.02e-04
6.4e+09 0.00058 -1.375  9.97e-05        0 9.91e-05 9.99e-05 1.01e-04 9.95e-05 1.06e-04 5.14e-04 2.11e-04
6.4e+09 0.00058 -1.325  9.99e-05        0 9.90e-05 1.05e-04 1.01e-04 1.11e-04 1.04e-04 3.04e-04 1.03e-04
6.4e+09 0.00058 -1.275  1.01e-04        0 1.04e-04 1.00e-04 1.01e-04 1.30e-04 1.06e-04 1.05e-04 1.04e-04
6.4e+09 0.00058 -1.225  1.00e-04        0 9.88e-05 1.05e-04 1.02e-04 1.22e-04 1.15e-04 1.03e-04 1.04e-04
6.4e+09 0.00058 -1.175  1.01e-04        0 1.03e-04 1.00e-04 1.02e-04 9.88e-05 1.13e-04 1.05e-04 1.04e-04
6.4e+09 0.00058 -1.125  1.01e-04        0 9.86e-05 1.05e-04 1.02e-04 1.02e-04 1.23e-04 1.05e-04 1.06e-04
6.4e+09 0.00058 -1.075  1.02e-04        0 9.85e-05 1.00e-04 1.03e-04 1.02e-04 1.70e-04 1.05e-04 1.06e-04
6.4e+09 0.00058 -1.025  1.01e-04        0 1.06e-04 1.01e-04 1.19e-04 1.03e-04 1.77e-04 1.06e-04 1.07e-04
6.4e+09 0.00058 -0.975  1.02e-04        0 1.04e-04 1.06e-04 1.05e-04 1.03e-04 6.49e-04 1.06e-04 1.08e-04
6.4e+09 0.00058 -0.925  1.02e-04        0 1.05e-04 1.02e-04 1.00e-04 1.05e-04 1.64e-04 1.08e-04 1.07e-04
6.4e+09 0.00058 -0.875  1.02e-04        0 1.09e-04 1.06e-04 1.01e-04 1.01e-04 1.07e-04 1.07e-04 1.09e-04
6.4e+09 0.00058 -0.825  1.11e-04 7.59e-05 1.05e-04 1.02e-04 1.34e-04 1.07e-04 1.04e-04 1.09e-04 1.09e-04
6.4e+09 0.00058 -0.775  1.14e-04 1.09e-04 1.05e-04 1.07e-04 1.26e-04 1.11e-04 1.08e-04 1.09e-04 1.10e-04
6.4e+09 0.00058 -0.725  9.97e-05 1.09e-04 1.12e-04 1.03e-04 1.05e-04 1.12e-04 1.05e-04 1.11e-04 1.12e-04
6.4e+09 0.00058 -0.675  9.97e-05 1.09e-04 1.09e-04 1.08e-04 1.03e-04 1.20e-04 1.05e-04 1.11e-04 1.11e-04
6.4e+09 0.00058 -0.625  1.32e-04 1.09e-04 1.07e-04 1.03e-04 1.03e-04 1.24e-04 1.10e-04 1.12e-04 1.14e-04
6.4e+09 0.00058 -0.575  1.25e-04 1.09e-04 1.12e-04 1.10e-04 1.04e-04 1.77e-04 1.08e-04 1.13e-04 1.13e-04
6.4e+09 0.00058 -0.525  1.08e-04 1.08e-04 1.07e-04 1.17e-04 1.05e-04 2.05e-04 1.07e-04 1.13e-04 1.14e-04
6.4e+09 0.00058 -0.475  1.03e-04 1.08e-04 1.09e-04 1.01e-04 1.06e-04 6.10e-04 1.13e-04 1.15e-04 1.17e-04
6.4e+09 0.00058 -0.425  1.02e-04 1.08e-04 1.14e-04 1.05e-04 1.07e-04 1.79e-04 1.09e-04 1.17e-04 1.17e-04
6.4e+09 0.00058 -0.375  1.03e-04 1.08e-04 1.13e-04 1.02e-04 1.11e-04 1.08e-04 1.10e-04 1.17e-04 1.14e-04
6.4e+09 0.00058 -0.325  1.04e-04 1.13e-04 1.08e-04 1.41e-04 1.18e-04 1.08e-04 1.15e-04 1.17e-04 1.19e-04
6.4e+09 0.00058 -0.275  1.04e-04 1.08e-04 1.13e-04 1.26e-04 1.22e-04 1.09e-04 1.11e-04 1.19e-04 1.19e-04
6.4e+09 0.00058 -0.225  1.07e-04 1.08e-04 1.08e-04 1.10e-04 1.48e-04 1.10e-04 1.12e-04 1.20e-04 1.23e-04
6.4e+09 0.00058 -0.175  1.08e-04 1.08e-04 1.09e-04 1.04e-04 1.94e-04 1.10e-04 1.18e-04 1.21e-04 1.21e-04
6.4e+09 0.00058 -0.125  1.12e-04 1.07e-04 1.14e-04 1.09e-04 2.93e-04 1.07e-04 1.15e-04 1.23e-04 1.24e-04
6.4e+09 0.00058 -0.075  1.17e-04 1.07e-04 1.10e-04 1.06e-04 5.34e-04 1.11e-04 1.15e-04 1.23e-04 1.23e-04
6.4e+09 0.00058 -0.025  1.24e-04 1.07e-04 1.15e-04 1.08e-04 1.34e-04 1.13e-04 1.20e-04 1.25e-04 1.26e-04
6.4e+09 0.00058  0.025  1.68e-04 1.13e-04 1.10e-04 1.15e-04 1.07e-04 1.12e-04 1.18e-04 1.23e-04 1.27e-04
6.4e+09 0.00058  0.075  2.03e-04 1.24e-04 1.10e-04 1.14e-04 1.09e-04 1.14e-04 1.17e-04 1.29e-04 1.27e-04
6.4e+09 0.00058  0.125  4.21e-04 1.16e-04 1.16e-04 1.27e-04 1.08e-04 1.11e-04 1.25e-04 1.27e-04 1.30e-04
6.4e+09 0.00058  0.175  3.82e-04 1.34e-04 1.18e-04 1.51e-04 1.10e-04 1.15e-04 1.20e-04 1.29e-04 1.31e-04
6.4e+09 0.00058  0.225  1.22e-04 1.86e-04 1.19e-04 2.20e-04 1.10e-04 1.16e-04 1.23e-04 1.31e-04 1.31e-04
6.4e+09 0.00058  0.275  1.08e-04 1.52e-04 1.12e-04 3.68e-04 1.11e-04 1.17e-04 1.27e-04 1.31e-04 1.33e-04
6.4e+09 0.00058  0.325  1.08e-04 1.60e-04 1.07e-04 4.44e-04 1.16e-04 1.18e-04 1.23e-04 1.32e-04 1.33e-04
6.4e+09 0.00058  0.375  1.09e-04 1.36e-04 1.07e-04 1.35e-04 1.13e-04 1.15e-04 1.27e-04 1.35e-04 1.35e-04
6.4e+09 0.00058  0.425  1.10e-04 1.33e-04 1.18e-04 1.08e-04 1.14e-04 1.21e-04 1.30e-04 1.35e-04 1.36e-04
6.4e+09 0.00058  0.475  1.11e-04 1.26e-04 1.45e-04 1.13e-04 1.14e-04 1.20e-04 1.29e-04 1.36e-04 1.38e-04
6.4e+09 0.00058  0.525  1.12e-04 1.22e-04 1.27e-04 1.10e-04 1.15e-04 1.22e-04 1.29e-04 1.36e-04 1.39e-04
6.4e+09 0.00058  0.575  1.11e-04 1.24e-04 1.17e-04 1.14e-04 1.15e-04 1.24e-04 1.34e-04 1.40e-04 1.39e-04
6.4e+09 0.00058  0.625  1.13e-04 1.74e-04 1.14e-04 1.11e-04 1.17e-04 1.23e-04 1.31e-04 1.42e-04 1.43e-04
6.4e+09 0.00058  0.675  1.13e-04 1.52e-04 1.20e-04 1.16e-04 1.17e-04 1.24e-04 1.33e-04 1.41e-04 1.43e-04
6.4e+09 0.00058  0.725  1.15e-04 2.36e-04 1.36e-04 1.12e-04 1.20e-04 1.26e-04 1.39e-04 1.45e-04 1.45e-04
6.4e+09 0.00058  0.775  1.15e-04 4.14e-04 1.95e-04 1.17e-04 1.19e-04 1.28e-04 1.36e-04 1.45e-04 1.45e-04
6.4e+09 0.00058  0.825  1.16e-04 3.63e-04 3.46e-04 1.14e-04 1.21e-04 1.31e-04 1.38e-04 1.46e-04 1.54e-04
6.4e+09 0.00058  0.875  1.17e-04 2.70e-04 3.88e-04 1.19e-04 1.22e-04 1.29e-04 1.43e-04 1.51e-04 1.57e-04
6.4e+09 0.00058  0.925  1.18e-04 1.33e-04 2.82e-04 1.15e-04 1.23e-04 1.29e-04 1.41e-04 1.60e-04 1.64e-04
6.4e+09 0.00058  0.975  1.19e-04 1.24e-04 1.29e-04 1.16e-04 1.24e-04 1.34e-04 1.41e-04 1.67e-04 1.72e-04
6.4e+09 0.00058  1.025  1.23e-04 1.26e-04 1.18e-04 1.21e-04 1.29e-04 1.36e-04 1.48e-04 1.72e-04 1.73e-04
6.4e+09 0.00058  1.075  1.22e-04 1.26e-04 1.14e-04 1.19e-04 1.28e-04 1.35e-04 1.44e-04 1.79e-04 1.88e-04
6.4e+09 0.00058  1.125  1.22e-04 1.27e-04 1.19e-04 1.23e-04 1.28e-04 1.39e-04 1.48e-04 2.00e-04 1.96e-04
6.4e+09 0.00058  1.175  1.23e-04 1.28e-04 1.15e-04 1.20e-04 1.28e-04 1.34e-04 1.53e-04 2.04e-04 2.10e-04
6.4e+09 0.00058  1.225  1.24e-04 1.28e-04 1.16e-04 1.26e-04 1.31e-04 1.42e-04 1.53e-04 2.10e-04 1.93e-04
6.4e+09 0.00058  1.275  1.26e-04 1.30e-04 1.21e-04 1.22e-04 1.33e-04 1.44e-04 1.62e-04 2.05e-04 1.96e-04
6.4e+09 0.00058  1.325  1.28e-04 1.30e-04 1.18e-04 1.28e-04 1.34e-04 1.43e-04 1.69e-04 2.08e-04 1.94e-04
6.4e+09 0.00058  1.375  1.26e-04 1.32e-04 1.18e-04 1.24e-04 1.34e-04 1.45e-04 1.83e-04 1.98e-04 1.86e-04
6.4e+09 0.00058  1.425  1.31e-04 1.31e-04 1.23e-04 1.26e-04 1.38e-04 1.44e-04 1.83e-04 1.97e-04 2.00e-04
6.4e+09 0.00058  1.475  1.31e-04 1.33e-04 1.20e-04 1.32e-04 1.38e-04 1.50e-04 2.22e-04 2.05e-04 2.05e-04
6.4e+09 0.00058  1.525  1.33e-04 1.34e-04 1.21e-04 1.28e-04 1.39e-04 1.51e-04 2.38e-04 2.02e-04 2.02e-04
6.4e+09 0.00058  1.575  1.33e-04 1.34e-04 1.26e-04 1.34e-04 1.40e-04 1.55e-04 2.51e-04 2.16e-04 2.16e-04
6.4e+09 0.00058  1.625  1.34e-04 1.36e-04 1.24e-04 1.31e-04 1.43e-04 1.56e-04 2.42e-04 2.32e-04 2.30e-04
6.4e+09 0.00058  1.675  1.38e-04 1.36e-04 1.22e-04 1.37e-04 1.49e-04 1.55e-04 2.30e-04 2.30e-04 2.30e-04
6.4e+09 0.00058  1.725  1.36e-04 1.38e-04 1.30e-04 1.35e-04 1.45e-04 1.64e-04 2.30e-04 2.68e-04 2.63e-04
6.4e+09 0.00058  1.775  1.42e-04 1.39e-04 1.26e-04 1.38e-04 1.48e-04 1.81e-04 2.31e-04 2.64e-04 2.79e-04
6.4e+09 0.00058  1.825  1.40e-04 1.40e-04 1.26e-04 1.38e-04 1.51e-04 1.99e-04 2.48e-04 3.07e-04 2.99e-04
6.4e+09 0.00058  1.875  1.43e-04 1.40e-04 1.32e-04 1.42e-04 1.51e-04 2.05e-04 2.52e-04 3.15e-04 3.15e-04
6.4e+09 0.00058  1.925  1.44e-04 1.44e-04 1.29e-04 1.40e-04 1.56e-04 2.65e-04 2.64e-04 3.11e-04 3.40e-04
6.4e+09 0.00058  1.975  1.46e-04 1.48e-04 1.30e-04 1.43e-04 1.59e-04 3.46e-04 2.87e-04 3.85e-04 3.78e-04
6.4e+09 0.00058  2.025  1.48e-04 1.46e-04 1.36e-04 1.49e-04 1.61e-04 3.17e-04 3.17e-04 4.02e-04 4.02e-04
6.4e+09 0.00058  2.075  1.49e-04 1.47e-04 1.33e-04 1.47e-04 1.62e-04 2.98e-04 3.50e-04 3.81e-04 3.81e-04
6.4e+09 0.00058  2.125  1.53e-04 1.49e-04 1.34e-04 1.49e-04 1.78e-04 2.95e-04 3.47e-04 4.29e-04 4.53e-04
6.4e+09 0.00058  2.175  1.55e-04 1.50e-04 1.41e-04 1.51e-04 2.01e-04 3.06e-04 3.90e-04 5.52e-04 5.79e-04
6.4e+09 0.00058  2.225  1.61e-04 1.53e-04 1.37e-04 1.55e-04 2.28e-04 3.13e-04 4.49e-04 6.09e-04 5.82e-04
6.4e+09 0.00058  2.275  1.58e-04 1.54e-04 1.44e-04 1.57e-04 3.16e-04 3.37e-04 4.24e-04 5.88e-04 6.12e-04
6.4e+09 0.00058  2.325  1.68e-04 1.56e-04 1.40e-04 1.60e-04 4.80e-04 3.84e-04 4.56e-04 6.74e-04 6.75e-04
6.4e+09 0.00058  2.375  1.85e-04 1.57e-04 1.42e-04 1.63e-04 3.99e-04 3.98e-04 5.76e-04 7.24e-04 7.25e-04
6.4e+09 0.00058  2.425  2.15e-04 1.59e-04 1.47e-04 1.64e-04 3.71e-04 4.24e-04 6.32e-04 7.28e-04 7.36e-04
6.4e+09 0.00058  2.475  2.34e-04 1.60e-04 1.47e-04 1.71e-04 3.66e-04 4.65e-04 6.12e-04 8.07e-04 8.28e-04
6.4e+09 0.00058  2.525  4.82e-04 1.64e-04 1.45e-04 1.89e-04 3.94e-04 4.93e-04 6.98e-04 9.65e-04 1.02e-03
6.4e+09 0.00058  2.575  5.27e-04 1.64e-04 1.55e-04 2.33e-04 4.50e-04 5.04e-04 7.25e-04 1.05e-03 1.05e-03
6.4e+09 0.00058  2.625  4.29e-04 1.70e-04 1.50e-04 3.00e-04 4.46e-04 6.22e-04 7.41e-04 1.06e-03 1.09e-03
6.4e+09 0.00058  2.675  4.29e-04 1.71e-04 1.52e-04 8.92e-04 5.01e-04 6.37e-04 8.32e-04 1.23e-03 1.27e-03
6.4e+09 0.00058  2.725  4.48e-04 1.76e-04 1.60e-04 5.30e-04 5.36e-04 6.59e-04 9.32e-04 1.24e-03 1.24e-03
6.4e+09 0.00058  2.775  5.13e-04 1.77e-04 1.57e-04 5.07e-04 5.31e-04 7.45e-04 1.01e-03 1.34e-03 1.34e-03
6.4e+09 0.00058  2.825  5.15e-04 1.85e-04 1.61e-04 5.18e-04 6.08e-04 7.31e-04 1.06e-03 1.40e-03 1.40e-03
6.4e+09 0.00058  2.875  5.44e-04 1.92e-04 1.70e-04 5.29e-04 6.60e-04 7.73e-04 1.15e-03 1.40e-03 1.45e-03
6.4e+09 0.00058  2.925  5.81e-04 1.96e-04 1.65e-04 5.84e-04 6.86e-04 8.28e-04 1.16e-03 1.47e-03 1.47e-03
6.4e+09 0.00058  2.975  6.19e-04 1.49e-03 1.76e-04 5.81e-04 7.22e-04 9.54e-04 1.22e-03 1.50e-03 1.56e-03
6.4e+09 0.00058  3.025  7.03e-04 1.30e-03 1.82e-04 6.30e-04 7.63e-04 9.81e-04 1.29e-03 1.58e-03 1.59e-03
6.4e+09 0.00058  3.075  6.86e-04 7.93e-04 1.84e-04 6.91e-04 7.42e-04 9.84e-04 1.31e-03 1.71e-03 1.73e-03
6.4e+09 0.00058  3.125  7.40e-04 6.67e-04 1.41e-03 6.90e-04 8.09e-04 1.12e-03 1.38e-03 1.70e-03 1.75e-03
6.4e+09 0.00058  3.175  7.58e-04 6.58e-04 1.48e-03 7.17e-04 9.00e-04 1.09e-03 1.40e-03 1.82e-03 1.84e-03
6.4e+09 0.00058  3.225  7.70e-04 7.20e-04 6.85e-04 7.62e-04 9.42e-04 1.14e-03 1.43e-03 1.92e-03 1.90e-03
6.4e+09 0.00058  3.275  8.33e-04 7.46e-04 6.93e-04 7.62e-04 9.49e-04 1.24e-03 1.46e-03 1.95e-03 2.08e-03
6.4e+09 0.00058  3.325  8.75e-04 7.59e-04 7.00e-04 7.93e-04 1.05e-03 1.17e-03 1.58e-03 2.03e-03 2.04e-03
6.4e+09 0.00058  3.375  9.42e-04 8.00e-04 7.19e-04 8.47e-04 1.05e-03 1.29e-03 1.59e-03 2.13e-03 2.18e-03
6.4e+09 0.00058  3.425  9.49e-04 8.05e-04 7.19e-04 9.03e-04 1.10e-03 1.25e-03 1.73e-03 2.14e-03 2.23e-03
6.4e+09 0.00058  3.475  1.05e-03 8.36e-04 7.60e-04 9.52e-04 1.12e-03 1.38e-03 1.69e-03 2.26e-03 2.34e-03
6.4e+09 0.00058  3.525  1.02e-03 8.86e-04 7.64e-04 9.41e-04 1.14e-03 1.34e-03 1.83e-03 2.45e-03 2.45e-03
6.4e+09 0.00058  3.575  1.06e-03 9.55e-04 7.64e-04 1.02e-03 1.19e-03 1.41e-03 1.90e-03 2.41e-03 2.56e-03
6.4e+09 0.00058  3.625  1.12e-03 9.63e-04 7.90e-04 1.02e-03 1.20e-03 1.44e-03 1.86e-03 2.57e-03 2.65e-03
6.4e+09 0.00058  3.675  1.13e-03 1.03e-03 8.54e-04 1.04e-03 1.22e-03 1.49e-03 2.05e-03 2.53e-03 2.71e-03
6.4e+09 0.00058  3.725  1.19e-03 1.03e-03 8.76e-04 1.13e-03 1.29e-03 1.55e-03 2.01e-03 2.67e-03 2.78e-03
6.4e+09 0.00058  3.775  1.16e-03 1.07e-03 8.77e-04 1.07e-03 1.30e-03 1.57e-03 2.18e-03 2.76e-03 2.85e-03
6.4e+09 0.00058  3.825  1.21e-03 1.09e-03 9.10e-04 1.15e-03 1.32e-03 1.70e-03 2.25e-03 2.79e-03 3.01e-03
6.4e+09 0.00058  3.875  1.24e-03 1.11e-03 9.84e-04 1.16e-03 1.39e-03 1.70e-03 2.26e-03 2.93e-03 3.08e-03
6.4e+09 0.00058  3.925  1.26e-03 1.15e-03 9.50e-04 1.18e-03 1.39e-03 1.73e-03 2.37e-03 3.01e-03 3.13e-03
6.4e+09 0.00058  3.975  1.31e-03 1.17e-03 9.96e-04 1.20e-03 1.50e-03 1.82e-03 2.40e-03 3.04e-03 3.40e-03
6.4e+09 0.00058  4.025  1.34e-03 1.18e-03 1.02e-03 1.22e-03 1.51e-03 1.91e-03 2.51e-03 3.38e-03 3.55e-03
6.4e+09 0.00058  4.075  1.34e-03 1.20e-03 1.03e-03 1.28e-03 1.57e-03 1.90e-03 2.51e-03 3.37e-03 3.76e-03
6.4e+09 0.00058  4.125  1.43e-03 1.26e-03 1.06e-03 1.30e-03 1.57e-03 2.03e-03 2.60e-03 3.67e-03 3.91e-03
6.4e+09 0.00058  4.175  1.45e-03 1.24e-03 1.07e-03 1.32e-03 1.65e-03 2.00e-03 2.69e-03 3.61e-03 4.05e-03
6.4e+09 0.00058  4.225  1.47e-03 1.25e-03 1.13e-03 1.38e-03 1.65e-03 2.12e-03 2.76e-03 3.77e-03 4.13e-03
6.4e+09 0.00058  4.275  1.57e-03 1.32e-03 1.10e-03 1.39e-03 1.75e-03 2.20e-03 2.81e-03 3.95e-03 4.34e-03
6.4e+09 0.00058  4.325  1.58e-03 1.37e-03 1.12e-03 1.48e-03 1.77e-03 2.20e-03 3.05e-03 4.07e-03 4.50e-03
6.4e+09 0.00058  4.375  1.60e-03 1.33e-03 1.18e-03 1.50e-03 1.89e-03 2.25e-03 3.04e-03 4.25e-03 4.64e-03
6.4e+09 0.00058  4.425  1.66e-03 1.41e-03 1.19e-03 1.58e-03 1.91e-03 2.32e-03 3.23e-03 4.24e-03 4.67e-03
6.4e+09 0.00058  4.475  1.76e-03 1.45e-03 1.20e-03 1.54e-03 1.94e-03 2.32e-03 3.26e-03 4.48e-03 4.95e-03
6.4e+09 0.00058  4.525  1.69e-03 1.45e-03 1.22e-03 1.58e-03 1.98e-03 2.45e-03 3.40e-03 4.50e-03 5.04e-03
6.4e+09 0.00058  4.575  1.83e-03 1.53e-03 1.32e-03 1.68e-03 2.06e-03 2.50e-03 3.50e-03 4.63e-03 5.29e-03
6.4e+09 0.00058  4.625  1.85e-03 1.48e-03 1.28e-03 1.70e-03 2.05e-03 2.55e-03 3.57e-03 4.99e-03 5.46e-03
6.4e+09 0.00058  4.675  1.81e-03 1.59e-03 1.33e-03 1.78e-03 2.17e-03 2.60e-03 3.69e-03 5.04e-03 5.63e-03
6.4e+09 0.00058  4.725  1.98e-03 1.61e-03 1.39e-03 1.78e-03 2.15e-03 2.72e-03 3.77e-03 5.27e-03 5.72e-03
6.4e+09 0.00058  4.775  1.92e-03 1.63e-03 1.45e-03 1.81e-03 2.23e-03 2.78e-03 3.87e-03 5.30e-03 5.96e-03
6.4e+09 0.00058  4.825  1.97e-03 1.68e-03 1.40e-03 1.86e-03 2.26e-03 2.86e-03 3.91e-03 5.59e-03 5.85e-03
6.4e+09 0.00058  4.875  2.08e-03 1.66e-03 1.51e-03 1.91e-03 2.38e-03 2.92e-03 3.92e-03 5.56e-03 6.06e-03
6.4e+09 0.00058  4.925  1.98e-03 1.68e-03 1.51e-03 1.96e-03 2.37e-03 2.94e-03 4.03e-03 5.70e-03 6.26e-03
6.4e+09 0.00058  4.975  2.13e-03 1.72e-03 1.53e-03 1.99e-03 2.43e-03 3.10e-03 4.09e-03 5.74e-03 6.28e-03
6.4e+09 0.00058  5.025  2.17e-03 1.78e-03 1.52e-03 2.05e-03 2.44e-03 3.06e-03 4.30e-03 5.92e-03 6.69e-03
6.4e+09 0.00058  5.075  2.23e-03 1.70e-03 1.63e-03 2.03e-03 2.56e-03 3.08e-03 4.34e-03 6.11e-03 6.92e-03
6.4e+09 0.00058  5.125  2.20e-03 1.81e-03 1.58e-03 2.07e-03 2.57e-03 3.24e-03 4.33e-03 6.31e-03 6.53e-03
6.4e+09 0.00058  5.175  2.24e-03 1.75e-03 1.68e-03 2.17e-03 2.66e-03 3.31e-03 4.58e-03 6.52e-03 6.53e-03
6.4e+09 0.00058  5.225  2.37e-03 1.80e-03 1.69e-03 2.20e-03 2.71e-03 3.26e-03 4.59e-03 6.10e-03 6.74e-03
6.4e+09 0.00058  5.275  2.36e-03 1.86e-03 1.74e-03 2.23e-03 2.71e-03 3.39e-03 4.72e-03 6.07e-03 6.96e-03
6.4e+09 0.00058  5.325  2.44e-03 1.79e-03 1.74e-03 2.28e-03 2.81e-03 3.38e-03 4.59e-03 6.48e-03 7.19e-03
6.4e+09 0.00058  5.375  2.42e-03 1.93e-03 1.72e-03 2.25e-03 2.85e-03 3.32e-03 4.73e-03 6.45e-03 7.69e-03
6.4e+09 0.00058  5.425  2.46e-03 1.87e-03 1.83e-03 2.38e-03 2.88e-03 3.52e-03 4.85e-03 6.89e-03 7.70e-03
6.4e+09 0.00058  5.475  2.57e-03 1.81e-03 1.81e-03 2.31e-03 2.89e-03 3.51e-03 4.98e-03 6.87e-03 7.63e-03
6.4e+09 0.00058  5.525  2.59e-03 1.92e-03 1.86e-03 2.44e-03 2.94e-03 3.64e-03 5.12e-03 7.34e-03 7.78e-03
6.4e+09 0.00058  5.575  2.63e-03 1.97e-03 1.88e-03 2.49e-03 3.00e-03 3.53e-03 5.25e-03 7.04e-03 7.93e-03
6.4e+09 0.00058  5.625  2.74e-03 1.88e-03 1.94e-03 2.46e-03 3.07e-03 3.65e-03 5.39e-03 7.17e-03 8.09e-03
6.4e+09 0.00058  5.675  2.65e-03 1.91e-03 1.95e-03 2.51e-03 2.96e-03 3.73e-03 5.55e-03 7.03e-03 8.25e-03
6.4e+09 0.00058  5.725  2.78e-03 1.87e-03 1.97e-03 2.55e-03 3.14e-03 3.81e-03 5.28e-03 7.43e-03 8.42e-03
6.4e+09 0.00058  5.775  2.83e-03 1.87e-03 2.01e-03 2.58e-03 3.07e-03 3.82e-03 5.42e-03 7.57e-03 8.46e-03
6.4e+09 0.00058  5.825  2.88e-03 1.90e-03 1.96e-03 2.64e-03 3.26e-03 3.68e-03 5.57e-03 7.71e-03 8.74e-03
6.4e+09 0.00058  5.875  2.94e-03 1.92e-03 1.98e-03 2.55e-03 3.22e-03 3.92e-03 5.71e-03 7.85e-03 8.92e-03
6.4e+09 0.00058  5.925  2.95e-03 1.89e-03 2.10e-03 2.72e-03 3.23e-03 4.02e-03 5.87e-03 7.84e-03 8.76e-03
6.4e+09 0.00058  5.975  3.00e-03 1.92e-03 2.02e-03 2.64e-03 3.27e-03 3.93e-03 6.03e-03 8.06e-03 9.31e-03
6.4e+09 0.00058  6.025  3.06e-03 1.95e-03 2.11e-03 2.83e-03 3.25e-03 4.19e-03 5.95e-03 8.22e-03 9.52e-03
6.4e+09 0.00058  6.075  3.12e-03 1.97e-03 2.02e-03 2.69e-03 3.31e-03 4.10e-03 6.37e-03 8.73e-03 9.74e-03
6.4e+09 0.00058  6.125  3.23e-03 1.92e-03 2.21e-03 2.74e-03 3.51e-03 4.19e-03 6.54e-03 8.56e-03 1.01e-02
6.4e+09 0.00058  6.175  3.23e-03 1.95e-03 2.11e-03 2.78e-03 3.44e-03 4.48e-03 6.64e-03 8.73e-03 1.20e-02
6.4e+09 0.00058  6.225  3.29e-03 1.83e-03 2.14e-03 2.83e-03 3.34e-03 4.38e-03 6.75e-03 8.91e-03 1.19e-02
6.4e+09 0.00058  6.275  3.25e-03 1.97e-03 2.17e-03 2.99e-03 3.56e-03 4.69e-03 7.14e-03 9.48e-03 1.19e-02
6.4e+09 0.00058  6.325  3.44e-03 1.88e-03 2.30e-03 2.79e-03 3.57e-03 4.58e-03 6.99e-03 1.05e-02 1.22e-02
6.4e+09 0.00058  6.375  3.37e-03 2.02e-03 2.14e-03 2.98e-03 3.52e-03 4.48e-03 7.11e-03 1.18e-02 1.21e-02
6.4e+09 0.00058  6.425  3.57e-03 1.92e-03 2.19e-03 2.97e-03 3.76e-03 4.58e-03 7.24e-03 1.17e-02 1.24e-02
6.4e+09 0.00058  6.475  3.48e-03 2.07e-03 2.35e-03 2.86e-03 3.66e-03 4.46e-03 7.36e-03 1.12e-02 1.37e-02
6.4e+09 0.00058  6.525  3.71e-03 1.88e-03 2.26e-03 2.90e-03 3.73e-03 4.78e-03 7.76e-03 1.18e-02 1.48e-02
6.4e+09 0.00058  6.575  3.56e-03 1.92e-03 2.29e-03 3.09e-03 3.99e-03 4.89e-03 8.15e-03 1.16e-02 1.46e-02
6.4e+09 0.00058  6.625  3.87e-03 1.94e-03 2.34e-03 3.00e-03 3.88e-03 5.00e-03 8.30e-03 1.27e-02 1.51e-02
6.4e+09 0.00058  6.675  3.95e-03 1.97e-03 2.30e-03 3.13e-03 3.96e-03 5.12e-03 8.82e-03 1.39e-02 1.56e-02
6.4e+09 0.00058  6.725  3.85e-03 1.99e-03 2.33e-03 3.08e-03 4.24e-03 5.24e-03 8.65e-03 1.37e-02 1.62e-02
6.4e+09 0.00058  6.775  4.12e-03 2.01e-03 2.37e-03 2.98e-03 4.13e-03 5.36e-03 8.83e-03 1.47e-02 1.42e-02
6.4e+09 0.00058  6.825  4.02e-03 2.04e-03 2.40e-03 3.17e-03 4.21e-03 5.48e-03 9.02e-03 1.52e-02 1.38e-02
6.4e+09 0.00058  6.875  4.29e-03 2.02e-03 2.43e-03 3.18e-03 3.87e-03 5.83e-03 9.75e-03 1.58e-02 1.42e-02
6.4e+09 0.00058  6.925  4.39e-03 1.99e-03 2.44e-03 3.24e-03 4.16e-03 5.65e-03 1.12e-02 1.54e-02 1.53e-02
6.4e+09 0.00058  6.975  4.28e-03 2.01e-03 2.52e-03 3.29e-03 4.25e-03 6.00e-03 1.19e-02 1.34e-02 1.51e-02
6.4e+09 0.00058  7.025  4.58e-03 2.03e-03 2.43e-03 3.17e-03 4.33e-03 5.81e-03 1.18e-02 1.38e-02 1.56e-02
6.4e+09 0.00058  7.075  4.27e-03 2.04e-03 2.60e-03 3.41e-03 4.19e-03 6.17e-03 1.12e-02 1.49e-02 1.69e-02
6.4e+09 0.00058  7.125  4.57e-03 1.93e-03 2.47e-03 3.47e-03 4.51e-03 5.98e-03 1.20e-02 1.47e-02 1.53e-02
6.4e+09 0.00058  7.175  4.45e-03 1.95e-03 2.35e-03 3.53e-03 4.60e-03 6.07e-03 1.24e-02 1.52e-02 1.31e-02
6.4e+09 0.00058  7.225  4.77e-03 1.97e-03 2.51e-03 3.60e-03 4.45e-03 6.45e-03 1.29e-02 1.57e-02 1.41e-02
6.4e+09 0.00058  7.275  4.65e-03 1.99e-03 2.55e-03 3.66e-03 4.80e-03 6.39e-03 1.41e-02 1.70e-02 1.45e-02
6.4e+09 0.00058  7.325  4.99e-03 2.02e-03 2.59e-03 3.52e-03 4.90e-03 7.39e-03 1.45e-02 1.47e-02 1.42e-02
6.4e+09 0.00058  7.375  4.86e-03 2.04e-03 2.65e-03 3.80e-03 4.99e-03 7.18e-03 1.50e-02 1.31e-02 1.53e-02
6.4e+09 0.00058  7.425  5.22e-03 2.06e-03 2.62e-03 3.44e-03 5.05e-03 7.65e-03 1.55e-02 1.41e-02 1.58e-02
6.4e+09 0.00058  7.475  5.34e-03 2.02e-03 2.66e-03 3.50e-03 4.85e-03 7.44e-03 1.61e-02 1.45e-02 1.63e-02
6.4e+09 0.00058  7.525  5.21e-03 2.04e-03 2.54e-03 3.55e-03 5.18e-03 7.93e-03 1.39e-02 1.49e-02 1.61e-02
6.4e+09 0.00058  7.575  5.81e-03 2.06e-03 2.73e-03 3.62e-03 5.24e-03 7.71e-03 1.43e-02 1.47e-02 1.74e-02
6.4e+09 0.00058  7.625  5.63e-03 2.08e-03 2.67e-03 3.68e-03 5.31e-03 8.23e-03 1.41e-02 1.59e-02 1.46e-02
6.4e+09 0.00058  7.675  5.98e-03 2.01e-03 2.88e-03 3.74e-03 5.38e-03 8.01e-03 1.45e-02 1.64e-02 1.34e-02
6.4e+09 0.00058  7.725  5.79e-03 2.14e-03 2.75e-03 3.80e-03 5.45e-03 1.02e-02 1.57e-02 1.69e-02 1.45e-02
6.4e+09 0.00058  7.775  5.87e-03 2.17e-03 2.79e-03 3.87e-03 5.52e-03 1.05e-02 1.55e-02 1.75e-02 1.42e-02
6.4e+09 0.00058  7.825  6.24e-03 2.01e-03 3.01e-03 3.94e-03 5.59e-03 1.08e-02 1.60e-02 1.35e-02 1.53e-02
6.4e+09 0.00058  7.875  6.05e-03 2.21e-03 2.87e-03 4.01e-03 5.80e-03 1.05e-02 1.65e-02 1.41e-02 1.50e-02
6.4e+09 0.00058  7.925  6.43e-03 2.24e-03 2.92e-03 4.08e-03 6.38e-03 1.07e-02 1.36e-02 1.45e-02 1.61e-02
6.4e+09 0.00058  7.975  6.23e-03 2.08e-03 3.15e-03 4.15e-03 6.48e-03 1.05e-02 1.40e-02 1.49e-02 1.59e-02
6.4e+09 0.00058  8.025  6.99e-03 2.29e-03 3.00e-03 4.22e-03 6.58e-03 1.13e-02 1.44e-02 1.54e-02 1.71e-02
6.4e+09 0.00058  8.075  7.48e-03 2.31e-03 3.05e-03 4.26e-03 7.04e-03 1.23e-02 1.48e-02 1.51e-02 1.68e-02
6.4e+09 0.00058  8.125  7.27e-03 2.15e-03 3.30e-03 4.57e-03 6.80e-03 1.34e-02 1.52e-02 1.62e-02 1.62e-02
6.4e+09 0.00058  8.175  7.75e-03 2.37e-03 3.15e-03 4.35e-03 6.91e-03 1.32e-02 1.57e-02 1.67e-02 1.40e-02
6.4e+09 0.00058  8.225  7.54e-03 2.39e-03 2.99e-03 4.40e-03 7.02e-03 1.36e-02 1.62e-02 1.73e-02 1.51e-02
6.4e+09 0.00058  8.275  8.04e-03 2.23e-03 3.03e-03 4.45e-03 7.51e-03 1.47e-02 1.67e-02 1.78e-02 1.48e-02
6.4e+09 0.00058  8.325  7.82e-03 2.45e-03 2.86e-03 4.49e-03 7.27e-03 1.45e-02 1.73e-02 1.51e-02 1.52e-02
6.4e+09 0.00058  8.375  8.35e-03 2.48e-03 3.11e-03 4.55e-03 8.97e-03 1.46e-02 1.57e-02 1.41e-02 1.63e-02
6.4e+09 0.00058  8.425  9.20e-03 2.30e-03 3.16e-03 4.59e-03 9.64e-03 1.28e-02 1.41e-02 1.52e-02 1.60e-02
6.4e+09 0.00058  8.475  1.09e-02 2.53e-03 2.98e-03 4.93e-03 9.86e-03 1.32e-02 1.44e-02 1.56e-02 1.30e-02
6.4e+09 0.00058  8.525  1.07e-02 2.36e-03 3.25e-03 4.70e-03 1.01e-02 1.36e-02 1.48e-02 1.60e-02 1.31e-02
6.4e+09 0.00058  8.575  1.06e-02 2.38e-03 3.30e-03 4.75e-03 9.65e-03 1.40e-02 1.60e-02 1.57e-02 1.34e-02
6.4e+09 0.00058  8.625  1.07e-02 2.41e-03 3.12e-03 5.07e-03 9.87e-03 1.44e-02 1.57e-02 1.56e-02 1.37e-02
6.4e+09 0.00058  8.675  1.10e-02 2.23e-03 3.40e-03 5.74e-03 1.01e-02 1.48e-02 1.62e-02 1.35e-02 1.40e-02
6.4e+09 0.00058  8.725  1.12e-02 2.46e-03 3.45e-03 5.81e-03 1.05e-02 1.53e-02 1.67e-02 1.32e-02 1.43e-02
6.4e+09 0.00058  8.775  1.20e-02 2.27e-03 3.26e-03 5.89e-03 1.20e-02 1.49e-02 1.80e-02 1.35e-02 1.47e-02
6.4e+09 0.00058  8.825  1.34e-02 2.52e-03 3.55e-03 5.63e-03 1.23e-02 1.24e-02 1.78e-02 1.45e-02 1.50e-02
6.4e+09 0.00058  8.875  1.31e-02 2.32e-03 3.61e-03 6.06e-03 1.27e-02 1.33e-02 1.55e-02 1.42e-02 1.33e-02
6.4e+09 0.00058  8.925  1.42e-02 2.57e-03 3.41e-03 6.15e-03 1.30e-02 1.31e-02 1.55e-02 1.52e-02 1.01e-02
6.4e+09 0.00058  8.975  1.40e-02 2.37e-03 3.70e-03 6.23e-03 1.34e-02 1.41e-02 1.52e-02 1.49e-02 1.07e-02
6.4e+09 0.00058  9.025  1.51e-02 2.63e-03 3.48e-03 6.33e-03 1.38e-02 1.38e-02 1.63e-02 1.60e-02 1.04e-02
6.4e+09 0.00058  9.075  1.48e-02 2.42e-03 3.77e-03 6.04e-03 1.40e-02 1.49e-02 1.61e-02 1.05e-02 1.06e-02
6.4e+09 0.00058  9.125  1.28e-02 2.69e-03 3.54e-03 6.51e-03 1.22e-02 1.46e-02 1.65e-02 1.07e-02 1.13e-02
6.4e+09 0.00058  9.175  1.31e-02 2.72e-03 3.84e-03 8.11e-03 1.18e-02 1.57e-02 1.59e-02 1.08e-02 1.10e-02
6.4e+09 0.00058  9.225  1.35e-02 2.51e-03 3.60e-03 8.77e-03 1.28e-02 1.55e-02 1.36e-02 1.10e-02 1.11e-02
6.4e+09 0.00058  9.275  1.39e-02 2.78e-03 3.91e-03 8.96e-03 1.32e-02 1.67e-02 1.45e-02 1.12e-02 1.05e-02
6.4e+09 0.00058  9.325  1.43e-02 2.57e-03 3.66e-03 8.71e-03 1.28e-02 1.27e-02 1.42e-02 1.14e-02 1.05e-02
6.4e+09 0.00058  9.375  1.48e-02 2.85e-03 3.98e-03 8.94e-03 1.39e-02 1.28e-02 1.52e-02 1.16e-02 1.01e-02
6.4e+09 0.00058  9.425  1.52e-02 2.63e-03 3.73e-03 8.73e-03 1.36e-02 1.38e-02 1.50e-02 1.07e-02 1.08e-02
6.4e+09 0.00058  9.475  1.61e-02 2.91e-03 4.05e-03 8.90e-03 1.47e-02 1.35e-02 1.60e-02 1.09e-02 1.10e-02
6.4e+09 0.00058  9.525  1.24e-02 2.94e-03 3.80e-03 9.08e-03 1.28e-02 1.46e-02 1.57e-02 1.06e-02 1.12e-02
6.4e+09 0.00058  9.575  1.33e-02 2.96e-03 4.13e-03 9.44e-03 1.19e-02 1.42e-02 1.40e-02 1.13e-02 8.68e-03
6.4e+09 0.00058  9.625  1.30e-02 2.98e-03 3.88e-03 1.14e-02 1.22e-02 1.46e-02 1.15e-02 1.15e-02 6.14e-03
6.4e+09 0.00058  9.675  1.40e-02 3.00e-03 4.30e-03 1.11e-02 1.25e-02 1.58e-02 1.17e-02 1.12e-02 5.92e-03
6.4e+09 0.00058  9.725  1.38e-02 3.02e-03 4.71e-03 1.20e-02 1.22e-02 1.55e-02 1.20e-02 8.99e-03 6.25e-03
6.4e+09 0.00058  9.775  1.48e-02 3.05e-03 5.11e-03 1.17e-02 1.31e-02 1.59e-02 1.22e-02 6.15e-03 6.03e-03
6.4e+09 0.00058  9.825  1.46e-02 3.06e-03 4.82e-03 1.26e-02 1.35e-02 1.67e-02 1.24e-02 6.49e-03 6.37e-03
6.4e+09 0.00058  9.875  1.57e-02 2.81e-03 4.88e-03 1.23e-02 1.38e-02 1.32e-02 1.27e-02 6.55e-03 6.14e-03
6.4e+09 0.00058  9.925  1.55e-02 3.11e-03 5.29e-03 1.33e-02 1.35e-02 1.35e-02 1.20e-02 6.33e-03 6.49e-03
6.4e+09 0.00058  9.975  1.67e-02 3.13e-03 5.00e-03 1.13e-02 1.46e-02 1.46e-02 1.19e-02 6.68e-03 5.57e-03
6.4e+09 0.00058 10.025  1.36e-02 3.15e-03 5.06e-03 1.17e-02 1.50e-02 1.42e-02 1.26e-02 6.75e-03 5.93e-03
6.4e+09 0.00058 10.075  1.28e-02 3.18e-03 5.48e-03 1.13e-02 1.34e-02 1.46e-02 1.24e-02 6.33e-03 5.67e-03
6.4e+09 0.00058 10.125  1.38e-02 3.20e-03 5.18e-03 1.16e-02 1.14e-02 1.50e-02 1.26e-02 5.90e-03 6.03e-03
6.4e+09 0.00058 10.175  1.35e-02 3.22e-03 5.24e-03 1.18e-02 1.17e-02 1.47e-02 1.17e-02 6.27e-03 5.77e-03
6.4e+09 0.00058 10.225  1.45e-02 3.25e-03 5.69e-03 1.21e-02 1.19e-02 1.22e-02 7.80e-03 6.33e-03 6.14e-03
6.4e+09 0.00058 10.275  1.42e-02 3.27e-03 5.38e-03 1.25e-02 1.29e-02 1.25e-02 7.61e-03 6.07e-03 6.20e-03
6.4e+09 0.00058 10.325  1.53e-02 3.30e-03 6.86e-03 1.35e-02 1.25e-02 1.28e-02 7.99e-03 6.45e-03 3.32e-03
6.4e+09 0.00058 10.375  1.50e-02 3.32e-03 7.50e-03 1.31e-02 1.28e-02 1.24e-02 7.80e-03 6.18e-03 6.79e-05
6.4e+09 0.00058 10.425  1.62e-02 4.04e-03 7.63e-03 1.22e-02 1.31e-02 1.33e-02 8.18e-03 4.61e-03 6.78e-05
6.4e+09 0.00058 10.475  1.59e-02 4.08e-03 8.19e-03 1.06e-02 1.34e-02 1.36e-02 7.82e-03 6.78e-05 6.78e-05
6.4e+09 0.00058 10.525  1.67e-02 4.12e-03 7.71e-03 1.15e-02 1.37e-02 1.39e-02 8.07e-03 6.78e-05 6.77e-05
6.4e+09 0.00058 10.575  1.32e-02 4.16e-03 7.60e-03 1.11e-02 1.49e-02 1.43e-02 7.86e-03 6.77e-05 6.77e-05
6.4e+09 0.00058 10.625  1.35e-02 4.20e-03 7.73e-03 1.14e-02 1.45e-02 1.33e-02 7.96e-03 6.77e-05 6.76e-05
6.4e+09 0.00058 10.675  1.46e-02 4.59e-03 7.87e-03 1.16e-02 1.38e-02 1.00e-02 8.05e-03 6.76e-05 6.75e-05
6.4e+09 0.00058 10.725  1.42e-02 4.29e-03 8.01e-03 1.19e-02 1.13e-02 9.69e-03 8.47e-03 6.76e-05 6.75e-05
6.4e+09 0.00058 10.775  1.46e-02 4.33e-03 8.16e-03 1.22e-02 1.15e-02 9.84e-03 7.22e-04 6.75e-05 6.74e-05
6.4e+09 0.00058 10.825  1.57e-02 4.38e-03 9.49e-03 1.25e-02 1.17e-02 1.00e-02 6.78e-05 6.74e-05 6.74e-05
6.4e+09 0.00058 10.875  1.45e-02 4.42e-03 1.03e-02 1.28e-02 1.20e-02 1.02e-02 6.77e-05 6.74e-05 6.73e-05
6.4e+09 0.00058 10.925  1.22e-02 4.47e-03 1.06e-02 1.39e-02 1.30e-02 1.03e-02 7.12e-05 6.73e-05 6.73e-05
6.4e+09 0.00058 10.975  1.25e-02 4.51e-03 1.02e-02 1.35e-02 1.25e-02 1.05e-02 6.76e-05 6.73e-05 6.72e-05
6.4e+09 0.00058 11.025  1.28e-02 4.93e-03 1.11e-02 1.26e-02 1.28e-02 1.09e-02 6.76e-05 6.72e-05 6.71e-05
6.4e+09 0.00058 11.075  1.31e-02 4.61e-03 1.14e-02 1.07e-02 1.26e-02 9.88e-03 7.10e-05 6.72e-05 6.71e-05
6.4e+09 0.00058 11.125  1.33e-02 4.70e-03 1.10e-02 1.09e-02 9.77e-03 1.00e-02 6.74e-05 6.71e-05 6.70e-05
6.4e+09 0.00058 11.175  1.36e-02 6.61e-03 1.19e-02 1.05e-02 9.94e-03 1.02e-02 6.74e-05 6.70e-05 6.70e-05
6.4e+09 0.00058 11.225  1.40e-02 6.71e-03 1.08e-02 1.14e-02 1.01e-02 1.04e-02 7.09e-05 6.70e-05 6.69e-05
6.4e+09 0.00058 11.275  1.43e-02 6.81e-03 9.67e-03 1.09e-02 1.03e-02 1.10e-02 6.73e-05 6.69e-05 6.69e-05
6.4e+09 0.00058 11.325  1.33e-02 6.92e-03 1.05e-02 1.19e-02 1.11e-02 1.07e-02 6.72e-05 6.69e-05 6.68e-05
6.4e+09 0.00058 11.375  1.00e-02 6.65e-03 1.01e-02 1.21e-02 1.07e-02 7.98e-03 7.07e-05 6.68e-05 6.67e-05
6.4e+09 0.00058 11.425  1.02e-02 6.57e-03 1.03e-02 1.17e-02 1.08e-02 6.15e-03 6.71e-05 6.68e-05 6.67e-05
6.4e+09 0.00058 11.475  9.88e-03 6.67e-03 1.12e-02 1.27e-02 1.10e-02 5.93e-03 6.70e-05 6.67e-05 6.66e-05
6.4e+09 0.00058 11.525  1.05e-02 6.77e-03 1.08e-02 1.30e-02 1.12e-02 5.98e-03 7.05e-05 6.66e-05 6.66e-05
6.4e+09 0.00058 11.575  1.02e-02 6.87e-03 1.18e-02 1.25e-02 1.15e-02 6.32e-03 6.69e-05 6.66e-05 6.65e-05
6.4e+09 0.00058 11.625  1.09e-02 6.98e-03 1.13e-02 1.36e-02 1.17e-02 6.09e-03 6.69e-05 6.65e-05 6.65e-05
6.4e+09 0.00058 11.675  1.06e-02 7.09e-03 1.16e-02 1.31e-02 7.14e-03 6.44e-03 7.03e-05 6.65e-05 6.64e-05
6.4e+09 0.00058 11.725  1.05e-02 8.90e-03 1.22e-02 1.07e-02 7.23e-03 6.23e-03 6.67e-05 6.64e-05 6.63e-05
6.4e+09 0.00058 11.775  1.04e-02 9.12e-03 9.42e-03 1.00e-02 7.32e-03 5.88e-03 6.67e-05 6.64e-05 6.63e-05
6.4e+09 0.00058 11.825  1.06e-02 9.31e-03 9.60e-03 1.09e-02 7.40e-03 6.25e-03 7.01e-05 6.63e-05 6.62e-05
6.4e+09 0.00058 11.875  1.03e-02 8.87e-03 9.79e-03 1.11e-02 7.49e-03 6.00e-03 6.66e-05 6.62e-05 6.62e-05
6.4e+09 0.00058 11.925  1.09e-02 9.69e-03 1.06e-02 1.06e-02 7.58e-03 6.05e-03 6.65e-05 6.62e-05 6.61e-05
6.4e+09 0.00058 11.975  1.11e-02 9.90e-03 1.02e-02 1.16e-02 7.67e-03 6.10e-03 7.00e-05 6.61e-05 6.61e-05
6.4e+09 0.00058 12.025  1.08e-02 1.01e-02 1.04e-02 1.11e-02 8.28e-03 6.16e-03 6.64e-05 6.61e-05 6.60e-05
6.4e+09 0.00058 12.075  6.12e-03 9.65e-03 1.06e-02 1.20e-02 7.87e-03 6.54e-03 6.63e-05 6.60e-05 6.60e-05
6.4e+09 0.00058 12.125  6.46e-03 1.06e-02 1.08e-02 1.15e-02 7.96e-03 1.05e-03 6.98e-05 6.60e-05 6.59e-05
6.4e+09 0.00058 12.175  6.24e-03 9.54e-03 1.11e-02 9.30e-03 7.63e-03 7.01e-05 6.62e-05 6.59e-05 6.58e-05
6.4e+09 0.00058 12.225  6.30e-03 9.00e-03 1.13e-02 8.65e-03 7.07e-03 7.00e-05 6.62e-05 6.59e-05 6.58e-05
6.4e+09 0.00058 12.275  6.36e-03 8.52e-03 1.23e-02 8.78e-03 7.15e-03 7.00e-05 6.96e-05 6.58e-05 6.57e-05
6.4e+09 0.00058 12.325  6.71e-03 9.34e-03 1.19e-02 9.54e-03 7.23e-03 6.64e-05 6.61e-05 6.57e-05 6.57e-05
6.4e+09 0.00058 12.375  6.48e-03 9.53e-03 1.21e-02 9.05e-03 7.79e-03 6.99e-05 6.60e-05 6.57e-05 6.56e-05
6.4e+09 0.00058 12.425  6.44e-03 9.03e-03 1.05e-02 9.19e-03 7.40e-03 6.98e-05 6.94e-05 6.56e-05 6.56e-05
6.4e+09 0.00058 12.475  6.24e-03 9.91e-03 9.49e-03 1.00e-02 7.49e-03 6.97e-05 6.59e-05 6.56e-05 6.21e-05
6.4e+09 0.00058 12.525  6.30e-03 9.39e-03 9.02e-03 9.49e-03 7.57e-03 6.97e-05 6.58e-05 6.55e-05 6.55e-05
6.4e+09 0.00058 12.575  6.67e-03 1.03e-02 9.83e-03 9.64e-03 7.66e-03 6.61e-05 6.92e-05 6.55e-05 6.54e-05
6.4e+09 0.00058 12.625  6.42e-03 1.05e-02 9.34e-03 9.80e-03 7.27e-03 6.96e-05 6.57e-05 6.54e-05 3.78e-05
6.4e+09 0.00058 12.675  6.48e-03 1.00e-02 1.02e-02 1.07e-02 3.92e-03 6.95e-05 6.57e-05 4.82e-05        0
6.4e+09 0.00058 12.725  6.54e-03 1.10e-02 9.69e-03 1.01e-02 3.94e-03 6.94e-05 6.91e-05        0        0
6.4e+09 0.00058 12.775  7.21e-04 9.05e-03 1.06e-02 8.97e-03 3.96e-03 6.94e-05 6.55e-05        0        0
6.4e+09 0.00058 12.825  7.00e-05 8.32e-03 1.08e-02 6.22e-03 3.99e-03 6.58e-05 6.55e-05        0        0
6.4e+09 0.00058 12.875  6.99e-05 8.46e-03 1.03e-02 6.28e-03 3.73e-03 6.93e-05 6.89e-05        0        0
6.4e+09 0.00058 12.925  6.99e-05 7.99e-03 1.12e-02 5.86e-03 4.03e-03 6.92e-05 6.54e-05        0        0
6.4e+09 0.00058 12.975  6.98e-05 8.75e-03 1.07e-02 6.40e-03 4.06e-03 6.91e-05 3.44e-06        0        0
6.4e+09 0.00058 13.025  6.97e-05 8.90e-03 1.17e-02 6.47e-03 4.08e-03 6.91e-05        0        0        0
6.4e+09 0.00058 13.075  6.97e-05 9.06e-03 1.11e-02 6.54e-03 4.11e-03 6.56e-05        0        0        0
6.4e+09 0.00058 13.125  6.96e-05 9.22e-03 1.21e-02 6.61e-03 4.13e-03 6.90e-05        0        0        0
6.4e+09 0.00058 13.175  6.95e-05 9.39e-03 1.07e-02 6.68e-03 3.87e-03 6.89e-05        0        0        0
6.4e+09 0.00058 13.225  6.95e-05 9.57e-03 8.61e-03 6.23e-03 3.96e-03 6.88e-05        0        0        0
6.4e+09 0.00058 13.275  6.94e-05 9.75e-03 9.41e-03 6.82e-03 3.75e-03 1.03e-05        0        0        0
6.4e+09 0.00058 13.325  6.94e-05 9.93e-03 8.89e-03 6.89e-03 3.77e-03        0        0        0        0
6.4e+09 0.00058 13.375  6.93e-05 1.01e-02 9.03e-03 6.97e-03 3.79e-03        0        0        0        0
6.4e+09 0.00058 13.425  6.92e-05 1.03e-02 9.88e-03 5.70e-03 3.81e-03        0        0        0        0
6.4e+09 0.00058 13.475  6.92e-05 1.05e-02 9.33e-03 6.16e-03 3.83e-03        0        0        0        0
6.4e+09 0.00058 13.525  6.91e-05 1.07e-02 1.02e-02 6.21e-03 3.85e-03        0        0        0        0
6.4e+09 0.00058 13.575  6.91e-05 8.31e-03 9.65e-03 5.79e-03 3.82e-03        0        0        0        0
6.4e+09 0.00058 13.625  6.90e-05 7.64e-03 9.81e-03 6.33e-03 3.83e-03        0        0        0        0
6.4e+09 0.00058 13.675  6.89e-05 7.75e-03 1.08e-02 5.90e-03 3.85e-03        0        0        0        0
6.4e+09 0.00058 13.725  6.89e-05 8.52e-03 7.47e-03 6.45e-03 3.87e-03        0        0        0        0
6.4e+09 0.00058 13.775  5.51e-05 7.99e-03 7.39e-03 6.02e-03 3.89e-03        0        0        0        0
6.4e+09 0.00058 13.825         0 8.79e-03 7.49e-03 6.58e-03 3.26e-04        0        0        0        0
6.4e+09 0.00058 13.875         0 8.24e-03 7.58e-03 6.10e-03        0        0        0        0        0
6.4e+09 0.00058 13.925         0 8.37e-03 7.68e-03 6.64e-03        0        0        0        0        0
6.4e+09 0.00058 13.975         0 9.15e-03 8.43e-03 3.73e-03        0        0        0        0        0
6.4e+09 0.00058 14.025         0 8.57e-03 7.89e-03 2.75e-03        0        0        0        0        0
6.4e+09 0.00058 14.075         0 8.71e-03 7.99e-03 3.04e-03        0        0        0        0        0
6.4e+09 0.00058 14.125         0 9.59e-03 8.10e-03 2.78e-03        0        0        0        0        0
6.4e+09 0.00058 14.175         0 9.01e-03 8.21e-03 2.79e-03        0        0        0        0        0
6.4e+09 0.00058 14.225         0 9.93e-03 8.32e-03 3.08e-03        0        0        0        0        0
6.4e+09 0.00058 14.275         0 9.32e-03 9.14e-03 2.81e-03        0        0        0        0        0
6.4e+09 0.00058 14.325         0 9.48e-03 8.54e-03 3.11e-03        0        0        0        0        0
6.4e+09 0.00058 14.375         0 1.05e-02 8.61e-03 2.84e-03        0        0        0        0        0
6.4e+09 0.00058 14.425         0 9.48e-03 8.47e-03 3.14e-03        0        0        0        0        0
6.4e+09 0.00058 14.475         0 7.19e-03 5.18e-03 2.87e-03        0        0        0        0        0
6.4e+09 0.00058 14.525         0 7.28e-03 4.75e-03 3.17e-03        0        0        0        0        0
6.4e+09 0.00058 14.575         0 7.38e-03 5.27e-03 2.89e-03        0        0        0        0        0
6.4e+09 0.00058 14.625         0 7.47e-03 5.31e-03 2.91e-03        0        0        0        0        0
6.4e+09 0.00058 14.675         0 7.57e-03 5.36e-03 3.21e-03        0        0        0        0        0
6.4e+09 0.00058 14.725         0 7.68e-03 4.91e-03 2.67e-03        0        0        0        0        0
6.4e+09 0.00058 14.775         0 7.78e-03 5.45e-03 2.75e-03        0        0        0        0        0
6.4e+09 0.00058 14.825         0 7.89e-03 5.50e-03 2.45e-03        0        0        0        0        0
6.4e+09 0.00058 14.875         0 8.00e-03 5.55e-03 2.77e-03        0        0        0        0        0
6.4e+09 0.00058 14.925         0 8.11e-03 5.09e-03 2.47e-03        0        0        0        0        0
6.4e+09 0.00058 14.975         0 8.23e-03 5.65e-03 2.48e-03        0        0        0        0        0
6.4e+09 0.00058 15.025         0 8.35e-03 5.70e-03 2.81e-03        0        0        0        0        0
6.4e+09 0.00058 15.075         0 7.01e-03 5.75e-03 2.50e-03        0        0        0        0        0
6.4e+09 0.00058 15.125         0 6.05e-03 5.27e-03 2.83e-03        0        0        0        0        0
6.4e+09 0.00058 15.175         0 6.11e-03 5.71e-03 2.52e-03        0        0        0        0        0
6.4e+09 0.00058 15.225         0 6.18e-03 5.11e-03 2.85e-03        0        0        0        0        0
6.4e+09 0.00058 15.275         0 5.62e-03 5.15e-03 2.54e-03        0        0        0        0        0
6.4e+09 0.00058 15.325         0 6.30e-03 5.19e-03 2.55e-03        0        0        0        0        0
6.4e+09 0.00058 15.375         0 6.37e-03 5.24e-03 2.89e-03        0        0        0        0        0
6.4e+09 0.00058 15.425         0 6.44e-03 4.80e-03 2.58e-03        0        0        0        0        0
6.4e+09 0.00058 15.475         0 5.86e-03 5.32e-03 2.91e-03        0        0        0        0        0
6.4e+09 0.00058 15.525         0 6.58e-03 5.37e-03 2.60e-03        0        0        0        0        0
6.4e+09 0.00058 15.575         0 6.65e-03 5.41e-03 6.51e-04        0        0        0        0        0
6.4e+09 0.00058 15.625         0 6.73e-03 5.46e-03        0        0        0        0        0        0
6.4e+09 0.00058 15.675         0 6.12e-03 5.50e-03        0        0        0        0        0        0
6.4e+09 0.00058 15.725         0 6.87e-03 5.55e-03        0        0        0        0        0        0
6.4e+09 0.00058 15.775         0 6.95e-03 5.09e-03        0        0        0        0        0        0
6.4e+09 0.00058 15.825         0 7.03e-03 4.92e-03        0        0        0        0        0        0
6.4e+09 0.00058 15.875         0 6.40e-03 2.47e-03        0        0        0        0        0        0
6.4e+09 0.00058 15.925         0 7.19e-03 2.48e-03        0        0        0        0        0        0
6.4e+09 0.00058 15.975         0 7.28e-03 2.77e-03        0        0        0        0        0        0
6.4e+09 0.00058 16.025         0 3.76e-03 2.50e-03        0        0        0        0        0        0
6.4e+09 0.00058 16.075         0 3.79e-03 2.51e-03        0        0        0        0        0        0
6.4e+09 0.00058 16.125         0 4.29e-03 2.80e-03        0        0        0        0        0        0
6.4e+09 0.00058 16.175         0 3.84e-03 2.53e-03        0        0        0        0        0        0
6.4e+09 0.00058 16.225         0 3.86e-03 2.82e-03        0        0        0        0        0        0
6.4e+09 0.00058 16.275         0 3.88e-03 2.55e-03        0        0        0        0        0        0
6.4e+09 0.00058 16.325         0 3.91e-03 2.56e-03        0        0        0        0        0        0
6.4e+09 0.00058 16.375         0 4.43e-03 2.86e-03        0        0        0        0        0        0
6.4e+09 0.00058 16.425         0 3.96e-03 2.58e-03        0        0        0        0        0        0
6.4e+09 0.00058 16.475         0 3.99e-03 2.59e-03        0        0        0        0        0        0
6.4e+09 0.00058 16.525         0 4.01e-03 2.89e-03        0        0        0        0        0        0
6.4e+09 0.00058 16.575         0 4.55e-03 2.62e-03        0        0        0        0        0        0
6.4e+09 0.00058 16.625         0 4.07e-03 2.63e-03        0        0        0        0        0        0
6.4e+09 0.00058 16.675         0 4.10e-03 2.65e-03        0        0        0        0        0        0
6.4e+09 0.00058 16.725         0 4.12e-03 2.44e-03        0        0        0        0        0        0
6.4e+09 0.00058 16.775         0 4.15e-03 2.45e-03        0        0        0        0        0        0
6.4e+09 0.00058 16.825         0 4.70e-03 2.46e-03        0        0        0        0        0        0
6.4e+09 0.00058 16.875         0 4.21e-03 2.47e-03        0        0        0        0        0        0
6.4e+09 0.00058 16.925         0 4.24e-03 2.48e-03        0        0        0        0        0        0
6.4e+09 0.00058 16.975         0 3.98e-03 2.80e-03        0        0        0        0        0        0
6.4e+09 0.00058 17.025         0 3.72e-03 2.50e-03        0        0        0        0        0        0
6.4e+09 0.00058 17.075         0 3.74e-03 2.51e-03        0        0        0        0        0        0
6.4e+09 0.00058 17.125         0 3.76e-03 2.52e-03        0        0        0        0        0        0
6.4e+09 0.00058 17.175         0 3.78e-03 2.53e-03        0        0        0        0        0        0
6.4e+09 0.00058 17.225         0 3.81e-03 2.54e-03        0        0        0        0        0        0
6.4e+09 0.00058 17.275         0 3.83e-03 2.55e-03        0        0        0        0        0        0
6.4e+09 0.00058 17.325         0 3.85e-03 2.56e-03        0        0        0        0        0        0
6.4e+09 0.00058 17.375         0 3.88e-03 2.57e-03        0        0        0        0        0        0
6.4e+09 0.00058 17.425         0 3.90e-03 2.58e-03        0        0        0        0        0        0
6.4e+09 0.00058 17.475         0 3.92e-03 2.59e-03        0        0        0        0        0        0
6.4e+09 0.00058 17.525         0 3.95e-03 2.60e-03        0        0        0        0        0        0
6.4e+09 0.00058 17.575         0 3.97e-03 6.51e-04        0        0        0        0        0        0
6.4e+09 0.00058 17.625         0 4.00e-03        0        0        0        0        0        0        0
6.4e+09 0.00058 17.675         0 4.02e-03        0        0        0        0        0        0        0
6.4e+09 0.00058 17.725         0 4.05e-03        0        0        0        0        0        0        0
6.4e+09 0.00058 17.775         0 4.07e-03        0        0        0        0        0        0        0
6.4e+09 0.00058 17.825         0 4.10e-03        0        0        0        0        0        0        0
6.4e+09 0.00058 17.875         0 1.64e-03        0        0        0        0        0        0        0
6.4e+09 0.00058 17.925         0 1.92e-03        0        0        0        0        0        0        0
6.4e+09 0.00058 17.975         0 1.93e-03        0        0        0        0        0        0        0
6.4e+09 0.00058 18.025         0 1.66e-03        0        0        0        0        0        0        0
6.4e+09 0.00058 18.075         0 1.94e-03        0        0        0        0        0        0        0
6.4e+09 0.00058 18.125         0 1.67e-03        0        0        0        0        0        0        0
6.4e+09 0.00058 18.175         0 1.95e-03        0        0        0        0        0        0        0
6.4e+09 0.00058 18.225         0 1.68e-03        0        0        0        0        0        0        0
6.4e+09 0.00058 18.275         0 1.96e-03        0        0        0        0        0        0        0
6.4e+09 0.00058 18.325         0 1.97e-03        0        0        0        0        0        0        0
6.4e+09 0.00058 18.375         0 1.69e-03        0        0        0        0        0        0        0
6.4e+09 0.00058 18.425         0 1.98e-03        0        0        0        0        0        0        0
6.4e+09 0.00058 18.475         0 1.70e-03        0        0        0        0        0        0        0
6.4e+09 0.00058 18.525         0 1.99e-03        0        0        0        0        0        0        0
6.4e+09 0.00058 18.575         0 1.71e-03        0        0        0        0        0        0        0
6.4e+09 0.00058 18.625         0 2.00e-03        0        0        0        0        0        0        0
6.4e+09 0.00058 18.675         0 1.72e-03        0        0        0        0        0        0        0
6.4e+09 0.00058 18.725         0 2.01e-03        0        0        0        0        0        0        0
6.4e+09 0.00058 18.775         0 2.02e-03        0        0        0        0        0        0        0
6.4e+09 0.00058 18.825         0 1.74e-03        0        0        0        0        0        0        0
6.4e+09 0.00058 18.875         0 2.03e-03        0        0        0        0        0        0        0
6.4e+09 0.00058 18.925         0 1.75e-03        0        0        0        0        0        0        0
6.4e+09 0.00058 18.975         0 2.04e-03        0        0        0        0        0        0        0
6.4e+09 0.00058 19.025         0 1.76e-03        0        0        0        0        0        0        0
6.4e+09 0.00058 19.075         0 1.79e-03        0        0        0        0        0        0        0
6.4e+09 0.00058 19.125         0 1.83e-03        0        0        0        0        0        0        0
6.4e+09 0.00058 19.175         0 1.53e-03        0        0        0        0        0        0        0
6.4e+09 0.00058 19.225         0 1.84e-03        0        0        0        0        0        0        0
6.4e+09 0.00058 19.275         0 1.54e-03        0        0        0        0        0        0        0
6.4e+09 0.00058 19.325         0 1.85e-03        0        0        0        0        0        0        0
6.4e+09 0.00058 19.375         0 1.55e-03        0        0        0        0        0        0        0
6.4e+09 0.00058 19.425         0 1.86e-03        0        0        0        0        0        0        0
6.4e+09 0.00058 19.475         0 1.55e-03        0        0        0        0        0        0        0
6.4e+09 0.00058 19.525         0 1.87e-03        0        0        0        0        0        0        0
6.4e+09 0.00058 19.575         0 1.56e-03        0        0        0        0        0        0        0
6.4e+09 0.00058 19.625         0 1.88e-03        0        0        0        0        0        0        0
6.4e+09 0.00058 19.675         0 1.57e-03        0        0        0        0        0        0        0
6.4e+09 0.00058 19.725         0 1.89e-03        0        0        0        0        0        0        0
6.4e+09 0.00058 19.775         0 1.58e-03        0        0        0        0        0        0        0
6.4e+09 0.00058 19.825         0 1.90e-03        0        0        0        0        0        0        0
6.4e+09 0.00058 19.875         0 1.59e-03        0        0        0        0        0        0        0
6.4e+09 0.00058 19.925         0 1.91e-03        0        0        0        0        0        0        0
6.4e+09 0.00058 19.975         0 1.60e-03        0        0        0        0        0        0        0
#isochrone terminated
