# File generated by CMD 3.3 (http://stev.oapd.inaf.it/cmd) on Fri Nov 20 18:06:29 CET 2020
# isochrones based on PARSEC release v1.2S +  COLIBRI S_35
# Basic references: Bressan et al. (2012), MNRAS, 427, 127 + Chen et al. (2014, 2015), MNRAS, 444, 2525 + MNRAS, 452, 1068 + Tang et al. (2014), MNRAS, 445, 4287 + Marigo et al. (2017), ApJ, 835, 77 + Pastorelli al. (2019), MNRAS in press
# Thermal pulse cycles included 
# On RGB, assumed Reimers mass loss with efficiency eta=0.2
# Photometric system: JWST NIRCam wide+verywide+medium filters, Vegamags
# Using OBC version of bolometric corrections as detailed in Marigo et al. (2008, A&A 482, 883) and Girardi et al. (2008, PASP 120, 583
# O-rich circumstellar dpmod60alox40 dust from Groenewegen (2006)
# C-rich circumstellar AMCSIC15 dust from Groenewegen (2006)
# IMF: Kroupa (2001, 2002) + Kroupa et al. (2013) canonical two-part-power law IMF corrected for unresolved binaries 
# Kind of output: isochrone tables
# Zini     MH   logAge Mini        int_IMF         Mass   logL    logTe  logg  label   McoreTP C_O  period0 period1 pmode  Mloss  tau1m   X   Y   Xc  Xn  Xo  Cexcess  Z 	 mbolmag  F070Wmag  F090Wmag  F115Wmag  F150Wmag  F200Wmag  F277Wmag  F356Wmag  F444Wmag  F150W2mag  F322W2mag  F140Mmag  F162Mmag  F182Mmag  F210Mmag  F250Mmag  F300Mmag  F335Mmag  F360Mmag  F410Mmag  F430Mmag  F460Mmag  F480Mmag  F150WS60mag
4.4857e-05 -2.19174 10.13672 0.1000000015 1.1711064577    0.100 -2.779  3.5590  5.405    1  0.000  0.545     0.00     0.00 -1 -2.57e-17      0.00 7.445e-01 2.554e-01 1.798e-05 4.851e-06 4.400e-05 -1.000 1.000e-04 11.717 11.569 10.771 10.195 9.617 9.348 9.195 8.992 8.932 9.717 9.103 9.745 9.444 9.385 9.306 9.247 9.150 9.031 8.966 8.911 8.919 8.963 8.923 9.543
4.4857e-05 -2.19174 10.13672 0.1098214313 1.2482755184    0.109 -2.630  3.5743  5.356    1  0.000  0.545     0.00     0.00 -1  -7.2e-17      0.00 7.425e-01 2.574e-01 1.798e-05 4.851e-06 4.400e-05 -1.000 1.000e-04 11.344 11.133 10.396 9.849 9.286 9.017 8.871 8.684 8.625 9.383 8.786 9.412 9.117 9.052 8.978 8.921 8.830 8.721 8.658 8.605 8.612 8.653 8.619 9.214
4.4857e-05 -2.19174 10.13672 0.1294642836 1.3786746264    0.129 -2.387  3.5968  5.275    1  0.000  0.545     0.00     0.00 -1 -3.31e-16      0.00 7.391e-01 2.608e-01 1.798e-05 4.851e-06 4.400e-05 -1.000 1.000e-04 10.737 10.412 9.762 9.270 8.738 8.516 8.391 8.195 8.135 8.844 8.303 8.858 8.582 8.539 8.488 8.438 8.355 8.230 8.170 8.123 8.123 8.151 8.137 8.671
4.4857e-05 -2.19174 10.13672 0.1491071582 1.4855960608    0.149 -2.223  3.6081  5.217    1  0.000  0.545     0.00     0.00 -1 -3.38e-17      0.00 7.371e-01 2.628e-01 1.798e-05 4.851e-06 4.400e-05 -1.000 9.996e-05 10.327 9.981 9.360 8.888 8.362 8.125 8.000 7.837 7.784 8.462 7.927 8.483 8.204 8.150 8.098 8.043 7.967 7.866 7.817 7.774 7.773 7.795 7.783 8.294
4.4857e-05 -2.19174 10.13672 0.1687500030 1.5756140947    0.168 -2.096  3.6154  5.173    1  0.000  0.545     0.00     0.00 -1 -6.38e-16      0.00 7.363e-01 2.636e-01 1.798e-05 4.851e-06 4.400e-05 -1.000 9.993e-05 10.010 9.654 9.049 8.590 8.068 7.821 7.693 7.553 7.505 8.164 7.631 8.189 7.909 7.848 7.794 7.734 7.663 7.578 7.536 7.497 7.495 7.514 7.502 8.000
4.4857e-05 -2.19174 10.13672 0.1784816682 1.6153104305    0.178 -2.041  3.6183  5.154    1  0.000  0.545     0.00     0.00 -1 -7.18e-16      0.00 7.362e-01 2.637e-01 1.798e-05 4.851e-06 4.400e-05 -1.000 9.999e-05 9.874 9.513 8.916 8.462 7.942 7.692 7.562 7.431 7.384 8.036 7.504 8.063 7.783 7.718 7.664 7.602 7.532 7.454 7.415 7.377 7.376 7.393 7.381 7.874
4.4857e-05 -2.19174 10.13672 0.2080357224 1.7204496861    0.207 -1.893  3.6263  5.104    1  0.000  0.545     0.00     0.00 -1 -4.67e-16      0.00 7.361e-01 2.638e-01 1.798e-05 4.851e-06 4.400e-05 -1.000 9.993e-05 9.502 9.130 8.551 8.112 7.597 7.338 7.205 7.098 7.056 7.687 7.158 7.717 7.439 7.366 7.309 7.241 7.177 7.117 7.086 7.051 7.049 7.062 7.051 7.529
4.4857e-05 -2.19174 10.13672 0.2571428716 1.8581268787    0.257 -1.706  3.6363  5.051    1  0.000  0.545     0.00     0.00 -1 -3.83e-16      0.00 7.364e-01 2.635e-01 1.798e-05 4.852e-06 4.400e-05 -1.000 1.001e-04 9.036 8.646 8.091 7.670 7.169 6.915 6.783 6.692 6.653 7.257 6.743 7.287 7.017 6.942 6.887 6.817 6.757 6.708 6.681 6.650 6.647 6.656 6.646 7.104
4.4857e-05 -2.19174 10.13672 0.3062500358 1.9652637243    0.306 -1.562  3.6448  5.016    1  0.000  0.545     0.00     0.00 -1 -1.52e-16      0.00 7.362e-01 2.637e-01 1.797e-05 4.852e-06 4.400e-05 -1.000 1.000e-04 8.674 8.270 7.736 7.329 6.841 6.592 6.463 6.382 6.346 6.928 6.427 6.955 6.693 6.619 6.564 6.495 6.438 6.396 6.373 6.344 6.341 6.347 6.338 6.778
4.4857e-05 -2.19174 10.13672 0.3553571701 2.0521113873    0.355 -1.439  3.6527  4.990    1  0.000  0.544     0.00     0.00 -1 -1.07e-15      0.00 7.372e-01 2.627e-01 1.796e-05 4.853e-06 4.400e-05 -1.000 1.001e-04 8.367 7.951 7.435 7.042 6.566 6.322 6.196 6.124 6.091 6.651 6.164 6.677 6.421 6.349 6.295 6.226 6.173 6.138 6.116 6.090 6.087 6.090 6.083 6.505
4.4857e-05 -2.19174 10.13672 0.3970034719 2.1143536568    0.397 -1.333  3.6600  4.961    1  0.000  0.545     0.00     0.00 -1 -5.06e-16      0.00 7.482e-01 2.517e-01 1.798e-05 4.851e-06 4.400e-05 -1.000 9.996e-05 8.103 7.679 7.179 6.798 6.331 6.094 5.972 5.908 5.876 6.416 5.944 6.439 6.189 6.119 6.068 6.001 5.951 5.920 5.900 5.876 5.872 5.874 5.868 6.270
4.4857e-05 -2.19174 10.13672 0.4044643044 2.1246092319    0.404 -1.315  3.6612  4.957    1  0.000  0.545     0.00     0.00 -1 -5.26e-16      0.00 7.500e-01 2.499e-01 1.798e-05 4.851e-06 4.400e-05 -1.000 1.000e-04 8.058 7.634 7.136 6.757 6.292 6.056 5.935 5.871 5.840 6.377 5.907 6.399 6.150 6.081 6.031 5.964 5.914 5.883 5.864 5.840 5.836 5.838 5.832 6.231
4.4857e-05 -2.19174 10.13672 0.4535714388 2.1864814758    0.453 -1.167  3.6748  4.912    1  0.000  0.545     0.00     0.00 -1 -4.45e-15      0.00 7.507e-01 2.492e-01 1.798e-05 4.851e-06 4.400e-05 -1.000 9.999e-05 7.686 7.252 6.785 6.426 5.975 5.755 5.645 5.591 5.562 6.062 5.621 6.079 5.839 5.776 5.732 5.671 5.625 5.601 5.585 5.563 5.560 5.559 5.555 5.917
4.4857e-05 -2.19174 10.13672 0.5026785731 2.2401986122    0.503 -0.999  3.6898  4.849    1  0.000  0.545     0.00     0.00 -1 -6.69e-15      0.00 7.529e-01 2.470e-01 1.784e-05 4.814e-06 4.366e-05 -1.000 1.000e-04 7.267 6.829 6.394 6.057 5.620 5.416 5.319 5.275 5.250 5.709 5.300 5.720 5.489 5.435 5.397 5.342 5.304 5.284 5.270 5.252 5.249 5.245 5.244 5.564
4.4857e-05 -2.19174 10.13672 0.5517857671 2.2851314545    0.551 -0.789  3.7098  4.760    1  0.000  0.544     0.00     0.00 -1 -1.05e-14      0.00 7.899e-01 2.100e-01 1.533e-05 4.140e-06 3.757e-05 -1.000 9.996e-05 6.744 6.315 5.919 5.607 5.188 5.006 4.927 4.895 4.875 5.279 4.914 5.283 5.065 5.020 4.991 4.945 4.916 4.902 4.892 4.877 4.875 4.868 4.870 5.135
4.4857e-05 -2.19174 10.13672 0.6008928418 2.3217256069    0.600 -0.573  3.7358  4.684    1  0.000  0.543     0.00     0.00 -1 -1.97e-14      0.00 8.046e-01 1.953e-01 1.438e-05 3.886e-06 3.529e-05 -1.000 9.915e-05 6.202 5.802 5.453 5.172 4.776 4.622 4.566 4.547 4.534 4.870 4.557 4.865 4.664 4.631 4.611 4.578 4.559 4.551 4.545 4.536 4.534 4.527 4.532 4.728
4.4857e-05 -2.19174 10.13672 0.6047467589 2.3243095875    0.604 -0.555  3.7382  4.679    1  0.000  0.543     0.00     0.00 -1 -2.06e-14      0.00 8.060e-01 1.939e-01 1.428e-05 3.861e-06 3.506e-05 -1.000 9.251e-05 6.156 5.760 5.415 5.137 4.743 4.592 4.537 4.520 4.507 4.837 4.529 4.832 4.632 4.600 4.581 4.549 4.531 4.523 4.518 4.509 4.507 4.501 4.505 4.695
4.4857e-05 -2.19174 10.13672 0.6139940619 2.3303580284    0.614 -0.511  3.7438  4.664    1  0.000  0.543     0.00     0.00 -1  -2.3e-14      0.00 8.096e-01 1.903e-01 1.406e-05 3.800e-06 3.452e-05 -1.000 7.115e-05 6.046 5.659 5.324 5.052 4.664 4.518 4.468 4.453 4.442 4.758 4.461 4.751 4.555 4.526 4.509 4.479 4.463 4.456 4.451 4.443 4.442 4.436 4.440 4.617
4.4857e-05 -2.19174 10.13672 0.6248905659 2.3372218609    0.625 -0.458  3.7504  4.645    1  0.000  0.543     0.00     0.00 -1 -2.35e-22      0.00 8.140e-01 1.859e-01 1.378e-05 3.724e-06 3.383e-05 -1.000 7.868e-05 5.915 5.538 5.214 4.950 4.569 4.430 4.384 4.372 4.362 4.663 4.379 4.653 4.462 4.436 4.421 4.394 4.381 4.375 4.371 4.364 4.362 4.357 4.361 4.523
4.4857e-05 -2.19174 10.13672 0.6345528364 2.3430819511    0.634 -0.411  3.7562  4.628    1  0.000  0.543     0.00     0.00 -1 -3.56e-19      0.00 8.182e-01 1.818e-01 1.351e-05 3.653e-06 3.319e-05 -1.000 3.293e-05 5.797 5.429 5.115 4.858 4.483 4.350 4.309 4.299 4.290 4.577 4.304 4.565 4.379 4.356 4.342 4.317 4.306 4.301 4.298 4.291 4.290 4.285 4.289 4.438
4.4857e-05 -2.19174 10.13672 0.6438410282 2.3485248089    0.644 -0.365  3.7616  4.610    1  0.000  0.542     0.00     0.00 -1 -3.74e-16      0.00 8.223e-01 1.777e-01 1.324e-05 3.582e-06 3.255e-05 -1.000 1.191e-05 5.681 5.323 5.018 4.767 4.398 4.270 4.233 4.225 4.217 4.492 4.230 4.479 4.296 4.276 4.263 4.241 4.231 4.228 4.224 4.218 4.217 4.212 4.217 4.354
4.4857e-05 -2.19174 10.13672 0.6499999762 2.3520355225    0.650 -0.333  3.7652  4.597    1  0.000  0.542     0.00     0.00 -1 -3.63e-14      0.00 8.251e-01 1.748e-01 1.305e-05 3.532e-06 3.211e-05 -1.000 1.000e-04 5.604 5.251 4.952 4.705 4.340 4.216 4.182 4.175 4.168 4.434 4.179 4.420 4.240 4.221 4.210 4.189 4.181 4.177 4.174 4.168 4.168 4.163 4.167 4.297
4.4857e-05 -2.19174 10.13672 0.6533880830 2.3539342880    0.653 -0.316  3.7671  4.589    1  0.000  0.542     0.00     0.00 -1  -3.8e-14      0.00 8.271e-01 1.728e-01 1.292e-05 3.498e-06 3.180e-05 -1.000 1.000e-04 5.560 5.211 4.915 4.670 4.307 4.186 4.153 4.146 4.139 4.402 4.150 4.387 4.209 4.190 4.179 4.159 4.152 4.148 4.145 4.139 4.139 4.134 4.138 4.265
4.4857e-05 -2.19174 10.13672 0.6623376012 2.3588426113    0.662 -0.269  3.7721  4.568    1  0.000  0.541     0.00     0.00 -1 -4.31e-14      0.00 8.326e-01 1.673e-01 1.258e-05 3.404e-06 3.096e-05 -1.000 9.999e-05 5.442 5.102 4.814 4.575 4.218 4.102 4.072 4.067 4.060 4.313 4.070 4.296 4.122 4.106 4.097 4.077 4.072 4.069 4.066 4.061 4.060 4.056 4.060 4.177
4.4857e-05 -2.19174 10.13672 0.6702795625 2.3630726337    0.670 -0.225  3.7765  4.548    1  0.000  0.541     0.00     0.00 -1 -8.96e-24      0.00 8.378e-01 1.622e-01 1.224e-05 3.316e-06 3.017e-05 -1.000 7.141e-05 5.334 5.001 4.720 4.487 4.136 4.024 3.996 3.992 3.986 4.230 3.995 4.212 4.041 4.027 4.019 4.001 3.997 3.994 3.991 3.987 3.986 3.982 3.986 4.095
4.4857e-05 -2.19174 10.13672 0.6779742837 2.3670620918    0.678 -0.182  3.7808  4.526    1  0.000  0.540     0.00     0.00 -1 -3.57e-21      0.00 8.430e-01 1.570e-01 1.190e-05 3.227e-06 2.936e-05 -1.000 4.655e-05 5.225 4.899 4.626 4.397 4.051 3.944 3.919 3.916 3.910 4.145 3.918 4.126 3.959 3.947 3.940 3.923 3.920 3.918 3.915 3.911 3.910 3.906 3.910 4.012
4.4857e-05 -2.19174 10.13672 0.6870818138 2.3716518879    0.687 -0.128  3.7858  4.497    1  0.000  0.540     0.00     0.00 -1 -4.04e-18      0.00 8.493e-01 1.506e-01 1.150e-05 3.118e-06 2.839e-05 -1.000 6.649e-05 5.089 4.772 4.506 4.283 3.946 3.844 3.821 3.819 3.813 4.039 3.820 4.019 3.857 3.846 3.840 3.824 3.822 3.821 3.818 3.814 3.813 3.809 3.813 3.908
4.4857e-05 -2.19174 10.13672 0.6954674125 2.3757555485    0.695 -0.074  3.7904  4.468    1  0.000  0.539     0.00     0.00 -1 -2.52e-15      0.00 8.551e-01 1.448e-01 1.114e-05 3.022e-06 2.754e-05 -1.000 9.042e-05 4.956 4.646 4.388 4.171 3.841 3.743 3.722 3.721 3.715 3.933 3.722 3.911 3.754 3.745 3.740 3.725 3.724 3.722 3.720 3.716 3.715 3.711 3.715 3.804
4.4857e-05 -2.19174 10.13672 0.6999999881 2.3779268265    0.700 -0.044  3.7928  4.450    1  0.000  0.539     0.00     0.00 -1 -8.04e-14      0.00 8.582e-01 1.417e-01 1.095e-05 2.973e-06 2.709e-05 -1.000 7.476e-05 4.881 4.575 4.321 4.106 3.781 3.686 3.665 3.665 3.659 3.873 3.665 3.850 3.696 3.688 3.682 3.668 3.667 3.666 3.664 3.660 3.659 3.655 3.659 3.744
4.4857e-05 -2.19174 10.13672 0.7065886855 2.3810257912    0.706  0.001  3.7962  4.422    1  0.000  0.537     0.00     0.00 -1 -9.17e-14      0.00 8.612e-01 1.388e-01 1.079e-05 2.936e-06 2.678e-05 -1.000 1.168e-05 4.766 4.465 4.217 4.007 3.687 3.595 3.576 3.576 3.570 3.778 3.576 3.754 3.604 3.597 3.592 3.579 3.578 3.577 3.575 3.571 3.570 3.566 3.570 3.651
4.4857e-05 -2.19174 10.13672 0.7133089900 2.3841190338    0.713  0.052  3.7995  4.389    1  0.000  0.536     0.00     0.00 -1 -3.13e-14      0.00 8.638e-01 1.361e-01 1.065e-05 2.904e-06 2.651e-05 -1.000 9.988e-05 4.641 4.344 4.102 3.896 3.582 3.493 3.475 3.475 3.469 3.672 3.475 3.647 3.501 3.495 3.490 3.478 3.477 3.476 3.474 3.470 3.469 3.465 3.469 3.547
4.4857e-05 -2.19174 10.13672 0.7200276852 2.3871452808    0.719  0.106  3.8026  4.351    1  0.000  0.534     0.00     0.00 -1 -1.31e-22      0.00 8.663e-01 1.336e-01 1.052e-05 2.877e-06 2.627e-05 -1.000 1.000e-04 4.505 4.213 3.975 3.773 3.465 3.379 3.363 3.362 3.357 3.554 3.363 3.529 3.387 3.381 3.376 3.365 3.365 3.364 3.361 3.357 3.357 3.353 3.357 3.431
4.4857e-05 -2.19174 10.13672 0.7277885079 2.3905608654    0.727  0.175  3.8060  4.300    1  0.000  0.533     0.00     0.00 -1 -5.36e-21      0.00 8.687e-01 1.313e-01 1.041e-05 2.853e-06 2.607e-05 -1.000 7.305e-05 4.332 4.044 3.813 3.615 3.313 3.231 3.215 3.215 3.210 3.401 3.215 3.375 3.237 3.232 3.228 3.218 3.217 3.216 3.214 3.210 3.210 3.205 3.209 3.280
4.4857e-05 -2.19174 10.13672 0.7350400686 2.3936777115    0.734  0.248  3.8088  4.243    1  0.000  0.531     0.00     0.00 -1 -1.84e-18      0.00 8.702e-01 1.297e-01 1.034e-05 2.839e-06 2.595e-05 -1.000 7.464e-05 4.150 3.866 3.639 3.445 3.149 3.069 3.054 3.054 3.049 3.236 3.054 3.209 3.075 3.070 3.066 3.057 3.056 3.055 3.053 3.049 3.049 3.045 3.049 3.116
4.4857e-05 -2.19174 10.13672 0.7401401401 2.3958277702    0.739  0.304  3.8102  4.196    1  0.000  0.530     0.00     0.00 -1 -1.13e-16      0.00 8.711e-01 1.288e-01 1.030e-05 2.832e-06 2.591e-05 -1.000 9.999e-05 4.010 3.727 3.503 3.310 3.017 2.939 2.924 2.924 2.919 3.104 2.924 3.076 2.945 2.940 2.936 2.927 2.926 2.925 2.923 2.919 2.919 2.915 2.919 2.985
4.4857e-05 -2.19174 10.13672 0.7445665598 2.3976662159    0.744  0.357  3.8107  4.147    1  0.000  0.529     0.00     0.00 -1 -4.12e-15      0.00 8.714e-01 1.285e-01 1.030e-05 2.834e-06 2.594e-05 -1.000 1.000e-04 3.877 3.594 3.371 3.179 2.888 2.810 2.795 2.794 2.790 2.974 2.795 2.946 2.816 2.811 2.807 2.798 2.797 2.796 2.794 2.790 2.790 2.786 2.789 2.856
4.4857e-05 -2.19174 10.13672 0.7455971241 2.3980906010    0.745  0.370  3.8108  4.135    1  0.000  0.529     0.00     0.00 -1 -9.55e-15      0.00 8.714e-01 1.285e-01 1.030e-05 2.835e-06 2.595e-05 -1.000 1.000e-04 3.845 3.561 3.339 3.147 2.856 2.778 2.763 2.763 2.758 2.942 2.763 2.915 2.784 2.779 2.775 2.766 2.765 2.764 2.762 2.758 2.758 2.754 2.758 2.824
4.4857e-05 -2.19174 10.13672 0.7469251156 2.3986356258    0.746  0.389  3.8103  4.115    1  0.000  0.529     0.00     0.00 -1 -2.85e-14      0.00 8.715e-01 1.284e-01 1.030e-05 2.836e-06 2.596e-05 -1.000 1.001e-04 3.798 3.514 3.291 3.098 2.806 2.728 2.713 2.713 2.708 2.892 2.713 2.865 2.734 2.729 2.725 2.716 2.715 2.714 2.712 2.708 2.708 2.704 2.708 2.775
4.4857e-05 -2.19174 10.13672 0.7500000000 2.3998889923    0.749  0.435  3.8084  4.063    1  0.000  0.528     0.00     0.00 -1 -3.64e-13      0.00 8.716e-01 1.283e-01 1.030e-05 2.839e-06 2.599e-05 -1.000 1.000e-04 3.683 3.395 3.169 2.974 2.679 2.599 2.584 2.583 2.578 2.766 2.584 2.739 2.606 2.600 2.596 2.587 2.586 2.585 2.582 2.578 2.578 2.574 2.578 2.647
4.4857e-05 -2.19174 10.13672 0.7505398393 2.4001078606    0.749  0.443  3.8081  4.055    1  0.000  0.528     0.00     0.00 -1 -3.74e-13      0.00 8.714e-01 1.285e-01 1.031e-05 2.843e-06 2.603e-05 -1.000 1.001e-04 3.663 3.374 3.148 2.953 2.657 2.577 2.562 2.561 2.556 2.744 2.562 2.717 2.584 2.578 2.574 2.565 2.564 2.563 2.560 2.556 2.556 2.552 2.556 2.625
4.4857e-05 -2.19174 10.13672 0.7531178594 2.4011478424    0.752  0.486  3.8055  4.002    1  0.000  0.528     0.00     0.00 -1  -4.4e-13      0.00 8.706e-01 1.293e-01 1.038e-05 2.861e-06 2.619e-05 -1.000 1.001e-04 3.556 3.263 3.032 2.833 2.533 2.451 2.435 2.434 2.429 2.621 2.435 2.594 2.458 2.452 2.448 2.438 2.437 2.436 2.433 2.429 2.429 2.425 2.429 2.500
4.4857e-05 -2.19174 10.13672 0.7536677122 2.4013686180    0.752  0.495  3.8048  3.991    1  0.000  0.528     0.00     0.00 -1 -4.56e-13      0.00 8.705e-01 1.294e-01 1.039e-05 2.865e-06 2.623e-05 -1.000 1.000e-04 3.532 3.238 3.006 2.806 2.505 2.422 2.407 2.406 2.401 2.593 2.407 2.567 2.430 2.423 2.419 2.410 2.409 2.408 2.405 2.401 2.401 2.396 2.400 2.473
4.4857e-05 -2.19174 10.13672 0.7542143464 2.4015877247    0.753  0.506  3.8037  3.976    2  0.000  0.528     0.00     0.00 -1 -4.76e-13      0.00 8.703e-01 1.296e-01 1.041e-05 2.869e-06 2.626e-05 -1.000 1.000e-04 3.505 3.209 2.975 2.774 2.471 2.387 2.371 2.370 2.365 2.559 2.371 2.533 2.395 2.388 2.384 2.374 2.373 2.372 2.369 2.365 2.365 2.361 2.365 2.438
4.4857e-05 -2.19174 10.13672 0.7560532093 2.4023220539    0.755  0.547  3.7985  3.915    2  0.000  0.528     0.00     0.00 -1 -5.57e-13      0.00 8.697e-01 1.302e-01 1.045e-05 2.882e-06 2.638e-05 -1.000 9.996e-05 3.403 3.099 2.857 2.649 2.337 2.248 2.232 2.230 2.225 2.427 2.231 2.402 2.258 2.249 2.245 2.235 2.233 2.232 2.229 2.225 2.225 2.220 2.224 2.303
4.4857e-05 -2.19174 10.13672 0.7574608922 2.4028816223    0.756  0.583  3.7921  3.853    2  0.000  0.528     0.00     0.00 -1  -6.5e-13      0.00 8.693e-01 1.306e-01 1.049e-05 2.892e-06 2.647e-05 -1.000 1.000e-04 3.312 2.998 2.746 2.529 2.205 2.110 2.092 2.090 2.084 2.296 2.091 2.273 2.121 2.112 2.107 2.096 2.094 2.092 2.089 2.085 2.084 2.079 2.083 2.169
4.4857e-05 -2.19174 10.13672 0.7585637569 2.4033181667    0.757  0.617  3.7845  3.790    2  0.000  0.528     0.00     0.00 -1 -7.56e-13      0.00 8.689e-01 1.310e-01 1.052e-05 2.899e-06 2.654e-05 -1.000 9.970e-05 3.227 2.903 2.638 2.411 2.073 1.971 1.951 1.948 1.942 2.167 1.950 2.145 1.984 1.973 1.968 1.955 1.952 1.950 1.948 1.943 1.942 1.937 1.941 2.035
4.4857e-05 -2.19174 10.13672 0.7594531775 2.4036691189    0.758  0.648  3.7764  3.727    2  0.000  0.529     0.00     0.00 -1 -8.72e-13      0.00 8.596e-01 1.404e-01 1.117e-05 3.077e-06 2.815e-05 -1.000 2.676e-05 3.149 2.815 2.537 2.299 1.946 1.836 1.814 1.811 1.803 2.042 1.812 2.022 1.851 1.838 1.832 1.818 1.814 1.813 1.810 1.804 1.803 1.799 1.803 1.905
4.4857e-05 -2.19174 10.13672 0.7601995468 2.4039630890    0.759  0.678  3.7689  3.667    2  0.000  0.531     0.00     0.00 -1    -1e-12      0.00 8.334e-01 1.666e-01 1.281e-05 3.522e-06 3.216e-05 -1.000 6.327e-05 3.074 2.731 2.440 2.193 1.826 1.708 1.684 1.680 1.672 1.923 1.682 1.906 1.726 1.711 1.704 1.688 1.684 1.682 1.679 1.673 1.672 1.667 1.671 1.782
4.4857e-05 -2.19174 10.13672 0.7608580589 2.4042217731    0.759  0.710  3.7617  3.608    2  0.000  0.533     0.00     0.00 -1 -1.15e-12      0.00 8.086e-01 1.913e-01 1.429e-05 3.919e-06 3.572e-05 -1.000 8.717e-05 2.995 2.645 2.341 2.084 1.704 1.578 1.552 1.547 1.539 1.803 1.549 1.787 1.599 1.581 1.574 1.557 1.551 1.549 1.546 1.540 1.539 1.534 1.538 1.658
4.4857e-05 -2.19174 10.13672 0.7614423633 2.4044508934    0.760  0.745  3.7555  3.548    2  0.000  0.535     0.00     0.00 -1 -1.34e-12      0.00 7.926e-01 2.073e-01 1.523e-05 4.171e-06 3.796e-05 -1.000 9.713e-05 2.909 2.551 2.237 1.971 1.579 1.447 1.419 1.413 1.405 1.680 1.416 1.666 1.470 1.450 1.442 1.425 1.418 1.416 1.412 1.406 1.405 1.400 1.404 1.532
4.4857e-05 -2.19174 10.13672 0.7620210648 2.4046773911    0.760  0.788  3.7500  3.483    2  0.000  0.536     0.00     0.00 -1 -1.59e-12      0.00 7.829e-01 2.170e-01 1.580e-05 4.324e-06 3.933e-05 -1.000 9.997e-05 2.800 2.437 2.113 1.840 1.437 1.300 1.270 1.263 1.255 1.540 1.267 1.527 1.325 1.304 1.295 1.276 1.269 1.266 1.262 1.256 1.255 1.250 1.254 1.389
4.4857e-05 -2.19174 10.13672 0.7624779344 2.4048559666    0.761  0.829  3.7464  3.428    2  0.000  0.536     0.00     0.00 -1 -1.86e-12      0.00 7.779e-01 2.220e-01 1.610e-05 4.402e-06 4.003e-05 -1.000 1.000e-04 2.699 2.331 2.002 1.723 1.315 1.174 1.142 1.135 1.126 1.417 1.139 1.407 1.200 1.177 1.168 1.149 1.141 1.137 1.134 1.127 1.126 1.121 1.125 1.265
4.4857e-05 -2.19174 10.13672 0.7627902031 2.4049780369    0.761  0.859  3.7443  3.390    2  0.000  0.536     0.00     0.00 -1 -2.09e-12      0.00 7.752e-01 2.247e-01 1.625e-05 4.442e-06 4.040e-05 -1.000 9.999e-05 2.623 2.253 1.920 1.638 1.226 1.082 1.050 1.042 1.034 1.329 1.047 1.319 1.109 1.086 1.077 1.057 1.049 1.045 1.041 1.035 1.034 1.029 1.033 1.176
4.4857e-05 -2.19174 10.13672 0.7630706429 2.4050872326    0.761  0.889  3.7428  3.354    3  0.000  0.536     0.00     0.00 -1 -2.33e-12      0.00 7.734e-01 2.265e-01 1.635e-05 4.469e-06 4.063e-05 -1.000 1.000e-04 2.548 2.177 1.841 1.557 1.142 0.997 0.964 0.956 0.948 1.245 0.961 1.236 1.024 1.001 0.991 0.971 0.963 0.959 0.955 0.949 0.948 0.942 0.947 1.091
4.4857e-05 -2.19174 10.13672 0.7634383440 2.4052305222    0.762  0.930  3.7408  3.305    3  0.000  0.537     0.00     0.00 -1  -2.7e-12      0.00 7.714e-01 2.285e-01 1.646e-05 4.498e-06 4.089e-05 -1.000 8.765e-05 2.446 2.073 1.733 1.447 1.028 0.881 0.848 0.840 0.830 1.132 0.844 1.123 0.909 0.885 0.875 0.855 0.846 0.843 0.839 0.832 0.831 0.825 0.829 0.977
4.4857e-05 -2.19174 10.13672 0.7638087273 2.4053747654    0.762  0.973  3.7390  3.255    3  0.000  0.537     0.00     0.00 -1 -3.16e-12      0.00 7.695e-01 2.305e-01 1.655e-05 4.524e-06 4.112e-05 -1.000 1.153e-05 2.337 1.962 1.619 1.330 0.908 0.759 0.726 0.717 0.708 1.012 0.722 1.004 0.787 0.763 0.753 0.733 0.724 0.720 0.716 0.709 0.708 0.703 0.707 0.856
4.4857e-05 -2.19174 10.13672 0.7641634941 2.4055128098    0.762  1.017  3.7375  3.205    3  0.000  0.537     0.00     0.00 -1 -3.71e-12      0.00 7.677e-01 2.322e-01 1.663e-05 4.544e-06 4.130e-05 -1.000 9.884e-05 2.226 1.850 1.505 1.213 0.788 0.637 0.604 0.595 0.586 0.892 0.600 0.885 0.666 0.641 0.631 0.611 0.602 0.598 0.594 0.587 0.586 0.581 0.585 0.735
4.4857e-05 -2.19174 10.13672 0.7645405531 2.4056591988    0.762  1.068  3.7358  3.148    3  0.000  0.537     0.00     0.00 -1 -4.44e-12      0.00 7.661e-01 2.338e-01 1.669e-05 4.562e-06 4.147e-05 -1.000 1.000e-04 2.101 1.723 1.375 1.081 0.652 0.500 0.466 0.457 0.448 0.757 0.462 0.750 0.529 0.504 0.494 0.473 0.465 0.460 0.456 0.449 0.448 0.442 0.446 0.599
4.4857e-05 -2.19174 10.13672 0.7648569345 2.4057819843    0.763  1.113  3.7344  3.097    3  0.000  0.537     0.00     0.00 -1 -5.22e-12      0.00 7.648e-01 2.351e-01 1.675e-05 4.576e-06 4.159e-05 -1.000 9.999e-05 1.988 1.610 1.258 0.963 0.531 0.376 0.343 0.334 0.324 0.636 0.338 0.630 0.407 0.381 0.371 0.350 0.341 0.337 0.333 0.326 0.324 0.319 0.323 0.477
4.4857e-05 -2.19174 10.13672 0.7651770115 2.4059059620    0.763  1.162  3.7329  3.042    3  0.000  0.537     0.00     0.00 -1 -6.23e-12      0.00 7.635e-01 2.364e-01 1.679e-05 4.588e-06 4.169e-05 -1.000 8.415e-05 1.865 1.485 1.132 0.833 0.398 0.242 0.209 0.200 0.190 0.504 0.204 0.498 0.273 0.247 0.237 0.216 0.207 0.203 0.199 0.192 0.190 0.184 0.188 0.344
4.4857e-05 -2.19174 10.13672 0.7654910684 2.4060275555    0.763  1.215  3.7313  2.983    3  0.000  0.537     0.00     0.00 -1 -7.52e-12      0.00 7.623e-01 2.376e-01 1.682e-05 4.599e-06 4.180e-05 -1.000 8.780e-05 1.733 1.352 0.996 0.695 0.257 0.099 0.065 0.056 0.046 0.363 0.061 0.358 0.130 0.104 0.094 0.073 0.063 0.059 0.055 0.048 0.047 0.041 0.045 0.202
4.4857e-05 -2.19174 10.13672 0.7657445073 2.4061255455    0.763  1.261  3.7299  2.931    3  0.000  0.536     0.00     0.00 -1  -8.9e-12      0.00 7.614e-01 2.385e-01 1.684e-05 4.608e-06 4.186e-05 -1.000 9.817e-05 1.617 1.234 0.875 0.572 0.131 -0.028 -0.062 -0.072 -0.082 0.237 -0.066 0.233 0.004 -0.023 -0.033 -0.054 -0.064 -0.069 -0.073 -0.080 -0.081 -0.087 -0.083 0.077
4.4857e-05 -2.19174 10.13672 0.7659889460 2.4062201977    0.763  1.310  3.7284  2.876    3  0.000  0.536     0.00     0.00 -1 -1.06e-11      0.00 7.606e-01 2.393e-01 1.687e-05 4.615e-06 4.192e-05 -1.000 1.000e-04 1.495 1.110 0.748 0.443 -0.000 -0.161 -0.195 -0.205 -0.215 0.106 -0.200 0.102 -0.129 -0.156 -0.166 -0.188 -0.198 -0.202 -0.206 -0.213 -0.215 -0.221 -0.217 -0.055
4.4857e-05 -2.19174 10.13672 0.7662085891 2.4063050747    0.763  1.358  3.7270  2.822    3  0.000  0.536     0.00     0.00 -1 -1.26e-11      0.00 7.597e-01 2.402e-01 1.687e-05 4.623e-06 4.197e-05 -1.000 1.000e-04 1.374 0.988 0.624 0.317 -0.130 -0.292 -0.326 -0.337 -0.347 -0.023 -0.331 -0.026 -0.259 -0.287 -0.297 -0.319 -0.329 -0.334 -0.338 -0.345 -0.346 -0.352 -0.348 -0.185
4.4857e-05 -2.19174 10.13672 0.7664076090 2.4063818455    0.763  1.406  3.7255  2.769    3  0.000  0.536     0.00     0.00 -1  -1.5e-11      0.00 7.591e-01 2.408e-01 1.688e-05 4.630e-06 4.201e-05 -1.000 1.000e-04 1.255 0.868 0.500 0.191 -0.259 -0.422 -0.457 -0.467 -0.477 -0.152 -0.462 -0.154 -0.389 -0.417 -0.428 -0.449 -0.460 -0.464 -0.468 -0.475 -0.477 -0.483 -0.479 -0.314
4.4857e-05 -2.19174 10.13672 0.7665856481 2.4064505100    0.763  1.453  3.7240  2.716    3  0.000  0.535     0.00     0.00 -1 -1.77e-11      0.00 7.586e-01 2.413e-01 1.688e-05 4.636e-06 4.203e-05 -1.000 9.999e-05 1.138 0.749 0.379 0.068 -0.385 -0.550 -0.586 -0.596 -0.606 -0.278 -0.590 -0.280 -0.517 -0.545 -0.556 -0.578 -0.588 -0.593 -0.597 -0.604 -0.606 -0.612 -0.608 -0.441
4.4857e-05 -2.19174 10.13672 0.7667541504 2.4065155983    0.763  1.502  3.7225  2.661    3  0.000  0.535     0.00     0.00 -1 -2.11e-11      0.00 7.582e-01 2.417e-01 1.688e-05 4.643e-06 4.206e-05 -1.000 1.000e-04 1.016 0.626 0.253 -0.060 -0.517 -0.683 -0.719 -0.729 -0.739 -0.409 -0.723 -0.410 -0.649 -0.678 -0.689 -0.711 -0.721 -0.726 -0.730 -0.737 -0.739 -0.745 -0.741 -0.573
4.4857e-05 -2.19174 10.13672 0.7669037580 2.4065732956    0.763  1.549  3.7210  2.607    3  0.000  0.535     0.00     0.00 -1 -2.51e-11      0.00 7.578e-01 2.421e-01 1.688e-05 4.648e-06 4.207e-05 -1.000 1.000e-04 0.897 0.506 0.130 -0.185 -0.645 -0.813 -0.849 -0.860 -0.870 -0.537 -0.854 -0.537 -0.779 -0.808 -0.819 -0.841 -0.852 -0.857 -0.861 -0.868 -0.870 -0.876 -0.872 -0.702
4.4857e-05 -2.19174 10.13672 0.7670367360 2.4066243172    0.763  1.595  3.7194  2.555    3  0.000  0.535     0.00     0.00 -1 -2.96e-11      0.00 7.576e-01 2.423e-01 1.687e-05 4.653e-06 4.209e-05 -1.000 9.999e-05 0.781 0.390 0.011 -0.307 -0.770 -0.940 -0.976 -0.987 -0.997 -0.661 -0.981 -0.661 -0.905 -0.935 -0.946 -0.968 -0.979 -0.984 -0.988 -0.996 -0.997 -1.003 -0.999 -0.827
4.4857e-05 -2.19174 10.13672 0.7671571970 2.4066708088    0.763  1.641  3.7179  2.503    3  0.000  0.534     0.00     0.00 -1 -3.49e-11      0.00 7.575e-01 2.425e-01 1.687e-05 4.655e-06 4.209e-05 -1.000 3.506e-05 0.667 0.275 -0.107 -0.428 -0.893 -1.065 -1.102 -1.113 -1.123 -0.784 -1.106 -0.784 -1.030 -1.060 -1.071 -1.093 -1.104 -1.110 -1.114 -1.121 -1.123 -1.129 -1.125 -0.952
4.4857e-05 -2.19174 10.13672 0.7672700882 2.4067142010    0.763  1.688  3.7163  2.450    3  0.000  0.534     0.00     0.00 -1 -4.14e-11      0.00 7.573e-01 2.426e-01 1.687e-05 4.657e-06 4.210e-05 -1.000 1.000e-04 0.550 0.157 -0.228 -0.551 -1.019 -1.193 -1.230 -1.241 -1.252 -0.910 -1.235 -0.909 -1.157 -1.188 -1.199 -1.222 -1.233 -1.238 -1.243 -1.250 -1.252 -1.257 -1.254 -1.078
4.4857e-05 -2.19174 10.13672 0.7673698664 2.4067525864    0.763  1.733  3.7147  2.398    3  0.000  0.534     0.00     0.00 -1 -4.87e-11      0.00 7.573e-01 2.426e-01 1.687e-05 4.658e-06 4.210e-05 -1.000 9.999e-05 0.438 0.043 -0.345 -0.671 -1.142 -1.317 -1.355 -1.367 -1.378 -1.033 -1.360 -1.031 -1.281 -1.313 -1.324 -1.347 -1.358 -1.364 -1.368 -1.376 -1.378 -1.383 -1.380 -1.202
4.4857e-05 -2.19174 10.13672 0.7674619555 2.4067881107    0.762  1.778  3.7131  2.346    3  0.000  0.534     0.00     0.00 -1 -5.74e-11      0.00 7.573e-01 2.426e-01 1.687e-05 4.658e-06 4.210e-05 -1.000 1.000e-04 0.324 -0.072 -0.463 -0.791 -1.266 -1.442 -1.481 -1.492 -1.503 -1.156 -1.486 -1.154 -1.405 -1.438 -1.449 -1.472 -1.484 -1.489 -1.494 -1.501 -1.503 -1.509 -1.505 -1.326
4.4857e-05 -2.19174 10.13672 0.7675465345 2.4068207741    0.762  1.824  3.7116  2.294    3  0.000  0.534     0.00     0.00 -1 -6.77e-11      0.00 7.573e-01 2.426e-01 1.687e-05 4.658e-06 4.210e-05 -1.000 1.000e-04 0.210 -0.187 -0.581 -0.912 -1.389 -1.567 -1.606 -1.618 -1.629 -1.279 -1.611 -1.276 -1.530 -1.563 -1.574 -1.598 -1.609 -1.615 -1.620 -1.627 -1.629 -1.634 -1.631 -1.450
4.4857e-05 -2.19174 10.13672 0.7676216960 2.4068496227    0.762  1.868  3.7099  2.244    3  0.000  0.534     0.00     0.00 -1 -7.94e-11      0.00 7.573e-01 2.426e-01 1.687e-05 4.658e-06 4.210e-05 -1.000 1.000e-04 0.100 -0.298 -0.695 -1.028 -1.509 -1.689 -1.728 -1.740 -1.752 -1.399 -1.734 -1.395 -1.651 -1.684 -1.696 -1.720 -1.731 -1.737 -1.742 -1.750 -1.752 -1.757 -1.754 -1.570
4.4857e-05 -2.19174 10.13672 0.7676911354 2.4068763256    0.762  1.912  3.7083  2.193    3  0.000  0.534     0.00     0.00 -1 -9.31e-11      0.00 7.573e-01 2.426e-01 1.687e-05 4.658e-06 4.210e-05 -1.000 1.000e-04 -0.009 -0.409 -0.809 -1.145 -1.628 -1.810 -1.850 -1.862 -1.873 -1.518 -1.855 -1.513 -1.772 -1.805 -1.817 -1.841 -1.853 -1.859 -1.864 -1.872 -1.874 -1.878 -1.875 -1.690
4.4857e-05 -2.19174 10.13672 0.7677578330 2.4069018364    0.761  1.957  3.7067  2.141    3  0.000  0.534     0.00     0.00 -1  -1.1e-10      0.00 7.573e-01 2.426e-01 1.687e-05 4.658e-06 4.210e-05 -1.000 9.999e-05 -0.124 -0.524 -0.928 -1.266 -1.753 -1.937 -1.976 -1.989 -2.000 -1.642 -1.982 -1.637 -1.898 -1.931 -1.944 -1.968 -1.980 -1.986 -1.991 -1.999 -2.001 -2.005 -2.002 -1.815
4.4857e-05 -2.19174 10.13672 0.7678149939 2.4069240093    0.761  2.000  3.7050  2.091    3  0.000  0.534     0.00     0.00 -1 -1.28e-10      0.00 7.573e-01 2.426e-01 1.687e-05 4.658e-06 4.210e-05 -1.000 9.996e-05 -0.230 -0.631 -1.038 -1.379 -1.870 -2.055 -2.095 -2.108 -2.120 -1.759 -2.101 -1.753 -2.016 -2.050 -2.062 -2.087 -2.099 -2.105 -2.110 -2.118 -2.120 -2.124 -2.122 -1.932
4.4857e-05 -2.19174 10.13672 0.7678677440 2.4069442749    0.761  2.043  3.7034  2.042    3  0.000  0.534     0.00     0.00 -1  -1.5e-10      0.00 7.573e-01 2.426e-01 1.687e-05 4.659e-06 4.210e-05 -1.000 1.001e-04 -0.337 -0.738 -1.149 -1.493 -1.986 -2.174 -2.214 -2.227 -2.239 -1.876 -2.220 -1.868 -2.134 -2.169 -2.181 -2.205 -2.218 -2.224 -2.229 -2.238 -2.239 -2.243 -2.241 -2.050
4.4857e-05 -2.19174 10.13672 0.7679182291 2.4069635868    0.760  2.087  3.7018  1.991    3  0.000  0.534     0.00     0.00 -1 -1.76e-10      0.00 7.573e-01 2.426e-01 1.687e-05 4.659e-06 4.210e-05 -1.000 9.999e-05 -0.447 -0.849 -1.263 -1.610 -2.107 -2.296 -2.337 -2.350 -2.361 -1.995 -2.343 -1.987 -2.256 -2.291 -2.303 -2.327 -2.340 -2.347 -2.352 -2.360 -2.362 -2.366 -2.363 -2.171
4.4857e-05 -2.19174 10.13672 0.7679622769 2.4069805145    0.760  2.129  3.7001  1.943    3  0.000  0.534     0.00     0.00 -1 -2.05e-10      0.00 7.573e-01 2.426e-01 1.687e-05 4.659e-06 4.211e-05 -1.000 1.000e-04 -0.551 -0.954 -1.372 -1.721 -2.221 -2.412 -2.454 -2.467 -2.478 -2.110 -2.460 -2.101 -2.371 -2.407 -2.420 -2.444 -2.457 -2.464 -2.469 -2.478 -2.479 -2.483 -2.480 -2.286
4.4857e-05 -2.19174 10.13672 0.7680035233 2.4069962502    0.759  2.170  3.6984  1.894    3  0.000  0.534     0.00     0.00 -1 -2.39e-10      0.00 7.573e-01 2.426e-01 1.687e-05 4.659e-06 4.211e-05 -1.000 9.999e-05 -0.656 -1.060 -1.481 -1.833 -2.336 -2.529 -2.571 -2.585 -2.596 -2.224 -2.577 -2.215 -2.488 -2.524 -2.537 -2.561 -2.575 -2.582 -2.587 -2.595 -2.597 -2.600 -2.598 -2.401
4.4857e-05 -2.19174 10.13672 0.7680464387 2.4070129395    0.758  2.213  3.6969  1.845    3  0.000  0.534     0.00     0.00 -1 -2.79e-10      0.00 7.573e-01 2.426e-01 1.687e-05 4.659e-06 4.211e-05 -1.000 1.001e-04 -0.762 -1.167 -1.591 -1.945 -2.451 -2.646 -2.688 -2.702 -2.714 -2.340 -2.694 -2.329 -2.604 -2.641 -2.654 -2.678 -2.692 -2.699 -2.704 -2.713 -2.714 -2.718 -2.716 -2.517
4.4857e-05 -2.19174 10.13672 0.7680940628 2.4070310593    0.758  2.243  3.6957  1.810    3  0.000  0.534     0.00     0.00 -1 -3.13e-10      0.00 7.573e-01 2.426e-01 1.687e-05 4.659e-06 4.211e-05 -1.000 9.999e-05 -0.837 -1.243 -1.670 -2.025 -2.534 -2.730 -2.773 -2.787 -2.798 -2.422 -2.779 -2.411 -2.688 -2.725 -2.738 -2.763 -2.777 -2.784 -2.789 -2.798 -2.799 -2.802 -2.800 -2.600
4.4857e-05 -2.19174 10.13672 0.7681108713 2.4070374966    0.757  2.239  3.6960  1.814    3  0.000  0.534     0.00     0.00 -1 -3.11e-10      0.00 7.573e-01 2.426e-01 1.687e-05 4.659e-06 4.211e-05 -1.000 1.001e-04 -0.828 -1.234 -1.660 -2.015 -2.523 -2.719 -2.761 -2.775 -2.787 -2.411 -2.767 -2.401 -2.677 -2.714 -2.727 -2.751 -2.765 -2.772 -2.777 -2.786 -2.787 -2.791 -2.789 -2.589
4.4857e-05 -2.19174 10.13672 0.7681161165 2.4070396423    0.757  2.246  3.6958  1.806    3  0.000  0.534     0.00     0.00 -1 -3.18e-10      0.00 7.573e-01 2.426e-01 1.687e-05 4.659e-06 4.211e-05 -1.000 1.001e-04 -0.845 -1.250 -1.677 -2.033 -2.542 -2.738 -2.780 -2.794 -2.806 -2.430 -2.786 -2.419 -2.695 -2.732 -2.745 -2.770 -2.784 -2.791 -2.796 -2.805 -2.806 -2.810 -2.808 -2.608
4.4857e-05 -2.19174 10.13672 0.7681449652 2.4070506096    0.757  2.286  3.6941  1.759    3  0.000  0.534     0.00     0.00 -1 -3.65e-10      0.00 7.573e-01 2.426e-01 1.687e-05 4.659e-06 4.211e-05 -1.000 1.000e-04 -0.945 -1.351 -1.782 -2.140 -2.652 -2.850 -2.893 -2.908 -2.919 -2.540 -2.899 -2.529 -2.807 -2.845 -2.858 -2.883 -2.897 -2.905 -2.910 -2.919 -2.919 -2.922 -2.921 -2.719
4.4857e-05 -2.19174 10.13672 0.7681740522 2.4070618153    0.756  2.329  3.6924  1.709    3  0.000  0.534     0.00     0.00 -1 -4.27e-10      0.00 7.573e-01 2.426e-01 1.687e-05 4.659e-06 4.211e-05 -1.000 9.993e-05 -1.053 -1.459 -1.893 -2.254 -2.770 -2.970 -3.013 -3.028 -3.039 -2.657 -3.019 -2.645 -2.926 -2.964 -2.978 -3.003 -3.017 -3.025 -3.030 -3.039 -3.039 -3.042 -3.040 -2.837
4.4857e-05 -2.19174 10.13672 0.7681988478 2.4070713520    0.755  2.368  3.6907  1.663    3  0.000  0.534     0.00     0.00 -1 -4.93e-10      0.00 7.573e-01 2.426e-01 1.687e-05 4.659e-06 4.211e-05 -1.000 1.000e-04 -1.150 -1.557 -1.995 -2.358 -2.878 -3.079 -3.123 -3.138 -3.149 -2.765 -3.130 -2.752 -3.035 -3.073 -3.087 -3.113 -3.128 -3.135 -3.140 -3.150 -3.150 -3.151 -3.150 -2.945
4.4857e-05 -2.19174 10.13672 0.7682231665 2.4070806503    0.755  2.409  3.6889  1.615    3  0.000  0.534     0.00     0.00 -1 -5.73e-10      0.00 7.573e-01 2.426e-01 1.687e-05 4.659e-06 4.211e-05 -1.000 1.000e-04 -1.252 -1.659 -2.101 -2.468 -2.990 -3.194 -3.239 -3.254 -3.264 -2.877 -3.245 -2.864 -3.149 -3.188 -3.202 -3.228 -3.243 -3.250 -3.256 -3.265 -3.265 -3.266 -3.265 -3.059
4.4857e-05 -2.19174 10.13672 0.7682458758 2.4070894718    0.754  2.450  3.6873  1.567    3  0.000  0.534     0.00     0.00 -1 -6.65e-10      0.00 7.573e-01 2.426e-01 1.687e-05 4.659e-06 4.211e-05 -1.000 9.999e-05 -1.354 -1.761 -2.207 -2.576 -3.103 -3.308 -3.354 -3.369 -3.379 -2.990 -3.360 -2.975 -3.263 -3.303 -3.317 -3.342 -3.358 -3.365 -3.371 -3.380 -3.380 -3.380 -3.380 -3.172
4.4857e-05 -2.19174 10.13672 0.7682657838 2.4070971012    0.753  2.488  3.6856  1.521    3  0.000  0.534     0.00     0.00 -1 -7.66e-10      0.00 7.573e-01 2.426e-01 1.687e-05 4.659e-06 4.211e-05 -1.000 1.000e-04 -1.450 -1.857 -2.307 -2.679 -3.209 -3.417 -3.462 -3.478 -3.488 -3.096 -3.469 -3.081 -3.371 -3.411 -3.425 -3.451 -3.467 -3.474 -3.480 -3.490 -3.489 -3.488 -3.488 -3.279
4.4857e-05 -2.19174 10.13672 0.7682854533 2.4071044922    0.752  2.529  3.6837  1.472    3  0.000  0.534     0.00     0.00 -1 -8.91e-10      0.00 7.573e-01 2.426e-01 1.687e-05 4.659e-06 4.211e-05 -1.000 1.001e-04 -1.552 -1.959 -2.413 -2.789 -3.322 -3.532 -3.578 -3.594 -3.603 -3.209 -3.585 -3.193 -3.486 -3.526 -3.541 -3.567 -3.583 -3.590 -3.596 -3.606 -3.605 -3.603 -3.604 -3.393
4.4857e-05 -2.19174 10.13672 0.7683029771 2.4071114063    0.751  2.567  3.6821  1.427    3  0.000  0.534     0.00     0.00 -1 -1.03e-09      0.00 7.573e-01 2.426e-01 1.687e-05 4.659e-06 4.211e-05 -1.000 1.000e-04 -1.648 -2.056 -2.514 -2.892 -3.429 -3.640 -3.687 -3.703 -3.713 -3.315 -3.694 -3.298 -3.594 -3.634 -3.649 -3.675 -3.692 -3.699 -3.705 -3.715 -3.714 -3.712 -3.713 -3.500
4.4857e-05 -2.19174 10.13672 0.7683192492 2.4071176052    0.750  2.606  3.6803  1.381    3  0.000  0.534     0.00     0.00 -1 -1.18e-09      0.00 7.573e-01 2.426e-01 1.687e-05 4.660e-06 4.211e-05 -1.000 9.997e-05 -1.744 -2.151 -2.614 -2.995 -3.536 -3.749 -3.796 -3.813 -3.822 -3.422 -3.804 -3.404 -3.702 -3.743 -3.758 -3.784 -3.802 -3.809 -3.815 -3.825 -3.824 -3.820 -3.821 -3.607
4.4857e-05 -2.19174 10.13672 0.7683348060 2.4071235657    0.749  2.645  3.6785  1.334    3  0.000  0.534     0.00     0.00 -1 -1.37e-09      0.00 7.573e-01 2.426e-01 1.687e-05 4.660e-06 4.211e-05 -1.000 1.001e-04 -1.842 -2.248 -2.715 -3.100 -3.644 -3.860 -3.907 -3.924 -3.932 -3.529 -3.915 -3.511 -3.811 -3.853 -3.869 -3.894 -3.913 -3.920 -3.926 -3.936 -3.935 -3.929 -3.931 -3.716
4.4857e-05 -2.19174 10.13672 0.7683514953 2.4071300030    0.747  2.690  3.6766  1.280    3  0.000  0.534     0.00     0.00 -1 -1.62e-09      0.00 7.573e-01 2.426e-01 1.687e-05 4.660e-06 4.211e-05 -1.000 1.000e-04 -1.955 -2.360 -2.833 -3.221 -3.769 -3.987 -4.035 -4.053 -4.059 -3.654 -4.043 -3.635 -3.937 -3.980 -3.996 -4.022 -4.041 -4.048 -4.055 -4.065 -4.063 -4.054 -4.057 -3.842
4.4857e-05 -2.19174 10.13672 0.7683649659 2.4071350098    0.746  2.729  3.6746  1.232    3  0.000  0.534     0.00     0.00 -1 -1.87e-09      0.00 7.573e-01 2.426e-01 1.687e-05 4.660e-06 4.211e-05 -1.000 1.000e-04 -2.052 -2.457 -2.935 -3.327 -3.879 -4.099 -4.147 -4.165 -4.171 -3.763 -4.155 -3.743 -4.048 -4.091 -4.108 -4.133 -4.153 -4.161 -4.167 -4.178 -4.175 -4.164 -4.168 -3.952
4.4857e-05 -2.19174 10.13672 0.7683788538 2.4071404934    0.744  2.772  3.6727  1.180    3  0.000  0.534     0.00     0.00 -1 -2.19e-09      0.00 7.572e-01 2.427e-01 1.687e-05 4.660e-06 4.211e-05 -1.000 1.001e-04 -2.160 -2.564 -3.047 -3.443 -3.999 -4.221 -4.270 -4.289 -4.294 -3.883 -4.278 -3.862 -4.170 -4.214 -4.230 -4.256 -4.276 -4.284 -4.291 -4.301 -4.298 -4.285 -4.289 -4.073
4.4857e-05 -2.19174 10.13672 0.7683902979 2.4071447849    0.742  2.810  3.6709  1.134    3  0.000  0.534     0.00     0.00 -1 -2.53e-09      0.00 7.572e-01 2.427e-01 1.687e-05 4.660e-06 4.211e-05 -1.000 1.000e-04 -2.256 -2.659 -3.147 -3.546 -4.106 -4.329 -4.379 -4.398 -4.402 -3.990 -4.387 -3.968 -4.278 -4.322 -4.339 -4.365 -4.386 -4.394 -4.400 -4.411 -4.408 -4.392 -4.397 -4.180
4.4857e-05 -2.19174 10.13672 0.7684019208 2.4071493149    0.740  2.852  3.6687  1.082    3  0.000  0.534     0.00     0.00 -1 -2.96e-09      0.00 7.572e-01 2.427e-01 1.687e-05 4.660e-06 4.211e-05 -1.000 1.000e-04 -2.359 -2.761 -3.255 -3.658 -4.223 -4.449 -4.499 -4.519 -4.522 -4.106 -4.508 -4.084 -4.397 -4.442 -4.459 -4.484 -4.506 -4.515 -4.521 -4.532 -4.528 -4.510 -4.515 -4.298
4.4857e-05 -2.19174 10.13672 0.7684116364 2.4071531296    0.738  2.888  3.6671  1.038    3  0.000  0.534     0.00     0.00 -1 -3.39e-09      0.00 7.572e-01 2.427e-01 1.687e-05 4.660e-06 4.211e-05 -1.000 1.001e-04 -2.451 -2.852 -3.351 -3.756 -4.325 -4.553 -4.603 -4.623 -4.625 -4.208 -4.612 -4.184 -4.500 -4.545 -4.563 -4.587 -4.610 -4.619 -4.625 -4.636 -4.632 -4.611 -4.618 -4.400
4.4857e-05 -2.19174 10.13672 0.7684217691 2.4071569443    0.736  2.930  3.6649  0.987    3  0.000  0.534     0.00     0.00 -1 -3.96e-09      0.00 7.572e-01 2.427e-01 1.687e-05 4.660e-06 4.211e-05 -1.000 1.000e-04 -2.554 -2.952 -3.457 -3.868 -4.441 -4.672 -4.722 -4.743 -4.744 -4.324 -4.732 -4.300 -4.618 -4.664 -4.682 -4.706 -4.730 -4.739 -4.745 -4.757 -4.752 -4.727 -4.734 -4.518
4.4857e-05 -2.19174 10.13672 0.7684320807 2.4071607590    0.733  2.974  3.6627  0.932    3  0.000  0.534     0.00     0.00 -1 -4.69e-09      0.00 7.572e-01 2.427e-01 1.687e-05 4.660e-06 4.211e-05 -1.000 1.000e-04 -2.666 -3.062 -3.574 -3.989 -4.567 -4.800 -4.850 -4.873 -4.872 -4.449 -4.860 -4.424 -4.745 -4.792 -4.810 -4.833 -4.859 -4.868 -4.875 -4.886 -4.881 -4.852 -4.861 -4.644
4.4857e-05 -2.19174 10.13672 0.7684404850 2.4071640968    0.731  3.013  3.6606  0.883    3  0.000  0.534     0.00     0.00 -1 -5.43e-09      0.00 7.572e-01 2.427e-01 1.687e-05 4.660e-06 4.211e-05 -1.000 1.000e-04 -2.763 -3.157 -3.675 -4.094 -4.677 -4.911 -4.963 -4.986 -4.983 -4.559 -4.973 -4.533 -4.856 -4.903 -4.922 -4.944 -4.972 -4.981 -4.988 -5.000 -4.993 -4.961 -4.971 -4.754
4.4857e-05 -2.19174 10.13672 0.7684476376 2.4071669579    0.728  3.048  3.6588  0.839    3  0.000  0.534     0.00     0.00 -1  -6.2e-09      0.00 7.572e-01 2.427e-01 1.687e-05 4.660e-06 4.211e-05 -1.000 1.000e-04 -2.851 -3.243 -3.767 -4.190 -4.777 -5.013 -5.065 -5.089 -5.085 -4.658 -5.075 -4.632 -4.957 -5.005 -5.024 -5.045 -5.075 -5.084 -5.091 -5.103 -5.096 -5.060 -5.071 -4.854
4.4857e-05 -2.19174 10.13672 0.7684550285 2.4071695805    0.725  3.087  3.6568  0.791    3  0.000  0.534     0.00     0.00 -1 -7.18e-09      0.00 7.572e-01 2.427e-01 1.687e-05 4.660e-06 4.211e-05 -1.000 1.000e-04 -2.947 -3.337 -3.868 -4.295 -4.885 -5.124 -5.176 -5.201 -5.196 -4.767 -5.187 -4.739 -5.067 -5.116 -5.135 -5.156 -5.187 -5.196 -5.204 -5.216 -5.208 -5.168 -5.180 -4.964
4.4857e-05 -2.19174 10.13672 0.7684625983 2.4071726799    0.721  3.129  3.6546  0.738    3  0.000  0.534     0.00     0.00 -1 -8.42e-09      0.00 7.572e-01 2.427e-01 1.687e-05 4.660e-06 4.211e-05 -1.000 1.000e-04 -3.052 -3.438 -3.977 -4.409 -5.004 -5.246 -5.298 -5.324 -5.317 -4.885 -5.309 -4.857 -5.187 -5.237 -5.257 -5.276 -5.309 -5.318 -5.326 -5.338 -5.329 -5.286 -5.299 -5.083
4.4857e-05 -2.19174 10.13672 0.7684689760 2.4071750641    0.718  3.166  3.6526  0.690    3  0.000  0.534     0.00     0.00 -1 -9.71e-09      0.00 7.572e-01 2.427e-01 1.687e-05 4.660e-06 4.211e-05 -1.000 9.999e-05 -3.145 -3.526 -4.072 -4.509 -5.109 -5.353 -5.405 -5.433 -5.424 -4.990 -5.417 -4.961 -5.293 -5.344 -5.364 -5.381 -5.418 -5.427 -5.435 -5.447 -5.438 -5.390 -5.404 -5.189
4.4857e-05 -2.19174 10.13672 0.7684754133 2.4071774483    0.714  3.205  3.6505  0.640    3  0.000  0.534     0.00     0.00 -1 -1.13e-08      0.00 7.572e-01 2.427e-01 1.687e-05 4.660e-06 4.211e-05 -1.000 1.000e-04 -3.242 -3.618 -4.172 -4.613 -5.219 -5.466 -5.517 -5.547 -5.536 -5.100 -5.530 -5.069 -5.405 -5.457 -5.478 -5.492 -5.532 -5.541 -5.549 -5.562 -5.552 -5.498 -5.515 -5.300
4.4857e-05 -2.19174 10.13672 0.7684813738 2.4071798325    0.709  3.241  3.6485  0.594    3  0.000  0.534     0.00     0.00 -1  -1.3e-08      0.00 7.572e-01 2.427e-01 1.687e-05 4.660e-06 4.211e-05 -1.000 1.000e-04 -3.332 -3.703 -4.264 -4.710 -5.321 -5.571 -5.621 -5.652 -5.640 -5.201 -5.635 -5.170 -5.509 -5.561 -5.582 -5.594 -5.637 -5.647 -5.655 -5.668 -5.657 -5.599 -5.616 -5.403
4.4857e-05 -2.19174 10.13672 0.7684830427 2.4071803093    0.708  3.250  3.6481  0.582    3  0.000  0.534     0.00     0.00 -1 -1.35e-08      0.00 7.572e-01 2.427e-01 1.687e-05 4.660e-06 4.211e-05 -1.000 9.999e-05 -3.356 -3.725 -4.288 -4.735 -5.347 -5.597 -5.648 -5.679 -5.667 -5.227 -5.661 -5.196 -5.535 -5.588 -5.609 -5.620 -5.664 -5.673 -5.682 -5.694 -5.683 -5.624 -5.642 -5.429
4.4857e-05 -2.19174 10.13672 0.7684830427 2.4071803093    0.708  1.621  3.9955  3.601    4  0.000  0.533     0.00     0.00 -1    -1e-30      0.00 7.562e-01 2.437e-01 1.688e-05 4.684e-06 4.222e-05 -1.000 9.999e-05 0.717 0.994 0.994 1.015 1.024 1.026 1.030 1.034 1.032 1.020 1.031 1.024 1.022 1.023 1.029 1.032 1.030 1.034 1.035 1.032 1.032 1.032 1.033 1.024
4.4857e-05 -2.19174 10.13672 0.7684841752 2.4071807861    0.708  1.630  3.9900  3.570    4  0.000  0.533     0.00     0.00 -1    -1e-30      0.00 7.562e-01 2.437e-01 1.688e-05 4.684e-06 4.222e-05 -1.000 1.000e-04 0.694 0.941 0.937 0.954 0.961 0.962 0.965 0.968 0.966 0.958 0.966 0.962 0.959 0.959 0.964 0.966 0.965 0.968 0.969 0.966 0.966 0.966 0.967 0.960
4.4857e-05 -2.19174 10.13672 0.7685233355 2.4071958065    0.708  1.648  3.9812  3.517    4  0.000  0.533     0.00     0.00 -1    -1e-30      0.00 7.562e-01 2.437e-01 1.688e-05 4.684e-06 4.222e-05 -1.000 1.000e-04 0.650 0.852 0.839 0.850 0.854 0.852 0.853 0.855 0.853 0.851 0.854 0.856 0.850 0.849 0.854 0.855 0.853 0.856 0.856 0.853 0.852 0.852 0.853 0.853
4.4857e-05 -2.19174 10.13672 0.7685635090 2.4072113037    0.708  1.649  3.9805  3.513    4  0.000  0.533     0.00     0.00 -1    -1e-30      0.00 7.562e-01 2.437e-01 1.688e-05 4.684e-06 4.222e-05 -1.000 9.985e-05 0.647 0.846 0.832 0.843 0.846 0.844 0.845 0.847 0.845 0.844 0.846 0.848 0.842 0.842 0.846 0.847 0.845 0.848 0.848 0.845 0.844 0.844 0.845 0.846
4.4857e-05 -2.19174 10.13672 0.7686049342 2.4072272778    0.708  1.649  3.9801  3.511    4  0.000  0.533     0.00     0.00 -1    -1e-30      0.00 7.562e-01 2.437e-01 1.688e-05 4.684e-06 4.222e-05 -1.000 9.993e-05 0.647 0.843 0.830 0.840 0.843 0.841 0.842 0.844 0.842 0.841 0.843 0.845 0.839 0.838 0.843 0.844 0.842 0.845 0.845 0.842 0.841 0.841 0.842 0.842
4.4857e-05 -2.19174 10.13672 0.7686465979 2.4072432518    0.708  1.649  3.9794  3.508    4  0.000  0.533     0.00     0.00 -1    -1e-30      0.00 7.562e-01 2.437e-01 1.688e-05 4.684e-06 4.222e-05 -1.000 1.000e-04 0.647 0.839 0.825 0.835 0.838 0.835 0.837 0.838 0.836 0.836 0.837 0.840 0.834 0.833 0.837 0.839 0.836 0.839 0.839 0.836 0.835 0.835 0.836 0.837
4.4857e-05 -2.19174 10.13672 0.7686882615 2.4072592258    0.708  1.650  3.9783  3.504    4  0.000  0.533     0.00     0.00 -1    -1e-30      0.00 7.562e-01 2.437e-01 1.688e-05 4.684e-06 4.222e-05 -1.000 1.000e-04 0.646 0.833 0.818 0.826 0.829 0.826 0.827 0.829 0.827 0.827 0.827 0.831 0.825 0.824 0.828 0.829 0.826 0.830 0.830 0.827 0.826 0.826 0.827 0.828
4.4857e-05 -2.19174 10.13672 0.7687304020 2.4072751999    0.708  1.650  3.9769  3.497    4  0.000  0.533     0.00     0.00 -1    -1e-30      0.00 7.562e-01 2.437e-01 1.688e-05 4.684e-06 4.222e-05 -1.000 1.000e-04 0.644 0.824 0.807 0.815 0.817 0.814 0.815 0.816 0.814 0.815 0.815 0.819 0.813 0.812 0.816 0.817 0.814 0.817 0.817 0.814 0.813 0.813 0.814 0.816
4.4857e-05 -2.19174 10.13672 0.7687731981 2.4072916508    0.708  1.651  3.9750  3.489    4  0.000  0.533     0.00     0.00 -1    -1e-30      0.00 7.562e-01 2.437e-01 1.688e-05 4.684e-06 4.222e-05 -1.000 1.000e-04 0.641 0.812 0.794 0.800 0.801 0.797 0.798 0.799 0.797 0.800 0.798 0.804 0.796 0.795 0.799 0.800 0.797 0.800 0.800 0.797 0.796 0.796 0.797 0.800
4.4857e-05 -2.19174 10.13672 0.7688158751 2.4073081017    0.708  1.653  3.9729  3.479    4  0.000  0.533     0.00     0.00 -1    -1e-30      0.00 7.562e-01 2.437e-01 1.688e-05 4.684e-06 4.222e-05 -1.000 9.999e-05 0.638 0.798 0.778 0.783 0.783 0.778 0.778 0.779 0.777 0.782 0.779 0.786 0.778 0.776 0.780 0.781 0.777 0.780 0.780 0.777 0.776 0.776 0.777 0.782
4.4857e-05 -2.19174 10.13672 0.7688564062 2.4073235989    0.708  1.654  3.9705  3.468    4  0.000  0.533     0.00     0.00 -1    -1e-30      0.00 7.562e-01 2.437e-01 1.688e-05 4.684e-06 4.222e-05 -1.000 1.000e-04 0.634 0.782 0.760 0.763 0.762 0.756 0.756 0.757 0.754 0.761 0.756 0.765 0.756 0.754 0.758 0.758 0.755 0.757 0.757 0.754 0.753 0.753 0.754 0.761
4.4857e-05 -2.19174 10.13672 0.7688974142 2.4073393345    0.708  1.656  3.9677  3.455    4  0.000  0.533     0.00     0.00 -1    -1e-30      0.00 7.562e-01 2.437e-01 1.688e-05 4.684e-06 4.222e-05 -1.000 1.000e-04 0.629 0.763 0.739 0.740 0.738 0.731 0.730 0.731 0.727 0.737 0.730 0.740 0.731 0.729 0.733 0.732 0.729 0.731 0.731 0.728 0.727 0.727 0.727 0.736
4.4857e-05 -2.19174 10.13672 0.7689374685 2.4073545933    0.708  1.659  3.9645  3.439    4  0.000  0.533     0.00     0.00 -1    -1e-30      0.00 7.562e-01 2.437e-01 1.688e-05 4.684e-06 4.222e-05 -1.000 1.000e-04 0.623 0.741 0.715 0.713 0.709 0.701 0.699 0.700 0.696 0.708 0.700 0.712 0.701 0.699 0.702 0.702 0.698 0.700 0.700 0.697 0.696 0.696 0.696 0.707
4.4857e-05 -2.19174 10.13672 0.7689778209 2.4073700905    0.708  1.661  3.9608  3.422    4  0.000  0.533     0.00     0.00 -1    -1e-30      0.00 7.562e-01 2.437e-01 1.688e-05 4.684e-06 4.222e-05 -1.000 1.000e-04 0.616 0.717 0.687 0.682 0.676 0.667 0.664 0.665 0.661 0.676 0.665 0.679 0.668 0.665 0.668 0.667 0.663 0.665 0.665 0.662 0.661 0.660 0.661 0.674
4.4857e-05 -2.19174 10.13672 0.7690169215 2.4073851109    0.708  1.664  3.9569  3.403    4  0.000  0.533     0.00     0.00 -1    -1e-30      0.00 7.562e-01 2.437e-01 1.688e-05 4.684e-06 4.222e-05 -1.000 1.000e-04 0.609 0.691 0.658 0.650 0.640 0.630 0.627 0.627 0.623 0.641 0.627 0.644 0.632 0.629 0.631 0.630 0.625 0.628 0.627 0.624 0.623 0.622 0.623 0.638
4.4857e-05 -2.19174 10.13672 0.7690573931 2.4074006081    0.708  1.668  3.9524  3.382    4  0.000  0.533     0.00     0.00 -1    -1e-30      0.00 7.562e-01 2.437e-01 1.688e-05 4.684e-06 4.222e-05 -1.000 1.001e-04 0.600 0.661 0.624 0.612 0.600 0.588 0.584 0.584 0.580 0.601 0.584 0.604 0.591 0.587 0.589 0.588 0.582 0.585 0.584 0.580 0.579 0.579 0.579 0.597
4.4857e-05 -2.19174 10.13672 0.7690973878 2.4074158669    0.709  1.672  3.9474  3.358    4  0.000  0.533     0.00     0.00 -1    -1e-30      0.00 7.562e-01 2.437e-01 1.688e-05 4.684e-06 4.222e-05 -1.000 1.001e-04 0.591 0.629 0.587 0.571 0.555 0.542 0.537 0.537 0.532 0.557 0.537 0.560 0.546 0.541 0.542 0.541 0.535 0.538 0.537 0.533 0.531 0.531 0.531 0.552
4.4857e-05 -2.19174 10.13672 0.7691409588 2.4074325562    0.709  1.676  3.9417  3.331    4  0.000  0.533     0.00     0.00 -1    -1e-30      0.00 7.562e-01 2.437e-01 1.688e-05 4.684e-06 4.222e-05 -1.000 1.000e-04 0.580 0.594 0.547 0.525 0.504 0.489 0.483 0.482 0.477 0.508 0.483 0.510 0.493 0.488 0.489 0.487 0.481 0.483 0.482 0.478 0.477 0.476 0.476 0.500
4.4857e-05 -2.19174 10.13672 0.7691813707 2.4074480534    0.709  1.681  3.9359  3.303    4  0.000  0.533     0.00     0.00 -1    -1e-30      0.00 7.562e-01 2.437e-01 1.688e-05 4.684e-06 4.222e-05 -1.000 9.999e-05 0.568 0.559 0.505 0.478 0.452 0.435 0.428 0.427 0.421 0.457 0.427 0.458 0.440 0.434 0.434 0.433 0.426 0.428 0.427 0.422 0.421 0.420 0.420 0.447
4.4857e-05 -2.19174 10.13672 0.7692227364 2.4074637890    0.709  1.686  3.9295  3.273    4  0.000  0.533     0.00     0.00 -1    -1e-30      0.00 7.562e-01 2.437e-01 1.688e-05 4.684e-06 4.222e-05 -1.000 1.000e-04 0.556 0.521 0.461 0.427 0.394 0.374 0.367 0.365 0.360 0.402 0.366 0.402 0.381 0.374 0.374 0.372 0.364 0.366 0.365 0.361 0.360 0.358 0.359 0.389
4.4857e-05 -2.19174 10.13672 0.7692630291 2.4074792862    0.709  1.691  3.9229  3.241    4  0.000  0.533     0.00     0.00 -1    -1e-30      0.00 7.562e-01 2.437e-01 1.688e-05 4.684e-06 4.222e-05 -1.000 9.999e-05 0.543 0.482 0.415 0.375 0.334 0.312 0.304 0.301 0.296 0.344 0.303 0.343 0.319 0.312 0.312 0.309 0.301 0.303 0.302 0.297 0.296 0.294 0.295 0.328
4.4857e-05 -2.19174 10.13672 0.7693032026 2.4074945450    0.709  1.696  3.9159  3.208    4  0.000  0.533     0.00     0.00 -1    -1e-30      0.00 7.562e-01 2.437e-01 1.688e-05 4.684e-06 4.222e-05 -1.000 1.000e-04 0.530 0.443 0.368 0.320 0.271 0.247 0.237 0.235 0.229 0.284 0.236 0.281 0.254 0.247 0.246 0.242 0.235 0.236 0.235 0.230 0.229 0.227 0.228 0.265
4.4857e-05 -2.19174 10.13672 0.7693109512 2.4074976444    0.709  1.697  3.9145  3.201    4  0.000  0.533     0.00     0.00 -1    -1e-30      0.00 7.562e-01 2.437e-01 1.688e-05 4.684e-06 4.222e-05 -1.000 9.999e-05 0.527 0.435 0.359 0.310 0.259 0.234 0.224 0.221 0.216 0.272 0.223 0.269 0.242 0.234 0.233 0.229 0.221 0.223 0.222 0.217 0.215 0.214 0.215 0.252
4.4857e-05 -2.19174 10.13672 0.7693309188 2.4075052738    0.709  1.700  3.9112  3.185    4  0.000  0.533     0.00     0.00 -1    -1e-30      0.00 7.562e-01 2.437e-01 1.688e-05 4.684e-06 4.222e-05 -1.000 9.993e-05 0.520 0.417 0.337 0.284 0.229 0.202 0.192 0.190 0.184 0.244 0.191 0.240 0.211 0.202 0.202 0.198 0.190 0.191 0.190 0.185 0.184 0.182 0.183 0.222
4.4857e-05 -2.19174 10.13672 0.7693724036 2.4075210094    0.709  1.706  3.9040  3.151    4  0.000  0.533     0.00     0.00 -1    -1e-30      0.00 7.562e-01 2.437e-01 1.688e-05 4.684e-06 4.222e-05 -1.000 1.000e-04 0.506 0.378 0.291 0.229 0.164 0.134 0.124 0.121 0.115 0.182 0.123 0.176 0.143 0.135 0.134 0.130 0.121 0.122 0.121 0.115 0.114 0.112 0.114 0.155
4.4857e-05 -2.19174 10.13672 0.7694119811 2.4075362682    0.709  1.711  3.8967  3.116    4  0.000  0.533     0.00     0.00 -1    -1e-30      0.00 7.562e-01 2.437e-01 1.688e-05 4.684e-06 4.222e-05 -1.000 1.000e-04 0.492 0.341 0.245 0.175 0.097 0.065 0.054 0.051 0.045 0.119 0.053 0.112 0.074 0.066 0.064 0.060 0.051 0.052 0.051 0.046 0.044 0.042 0.044 0.088
4.4857e-05 -2.19174 10.13672 0.7694524527 2.4075517654    0.709  1.717  3.8887  3.078    4  0.000  0.533     0.00     0.00 -1    -1e-30      0.00 7.562e-01 2.437e-01 1.688e-05 4.684e-06 4.222e-05 -1.000 1.000e-04 0.476 0.301 0.196 0.117 0.025 -0.011 -0.022 -0.026 -0.032 0.051 -0.023 0.041 -0.001 -0.010 -0.012 -0.017 -0.025 -0.024 -0.026 -0.031 -0.032 -0.035 -0.033 0.014
4.4857e-05 -2.19174 10.13672 0.7694918513 2.4075667858    0.709  1.724  3.8805  3.039    4  0.000  0.533     0.00     0.00 -1    -1e-30      0.00 7.562e-01 2.437e-01 1.688e-05 4.684e-06 4.222e-05 -1.000 1.000e-04 0.460 0.262 0.147 0.058 -0.049 -0.088 -0.100 -0.103 -0.110 -0.018 -0.101 -0.030 -0.077 -0.087 -0.089 -0.094 -0.102 -0.102 -0.104 -0.109 -0.110 -0.112 -0.111 -0.061
4.4857e-05 -2.19174 10.13672 0.7695311904 2.4075818062    0.709  1.730  3.8729  3.002    4  0.000  0.533     0.00     0.00 -1    -1e-30      0.00 7.562e-01 2.437e-01 1.688e-05 4.684e-06 4.222e-05 -1.000 1.000e-04 0.445 0.228 0.103 0.004 -0.119 -0.161 -0.173 -0.176 -0.183 -0.083 -0.174 -0.097 -0.150 -0.160 -0.162 -0.167 -0.175 -0.175 -0.177 -0.182 -0.183 -0.186 -0.184 -0.132
4.4857e-05 -2.19174 10.13672 0.7695712447 2.4075970650    0.709  1.736  3.8649  2.964    4  0.000  0.533     0.00     0.00 -1    -1e-30      0.00 7.562e-01 2.437e-01 1.688e-05 4.684e-06 4.222e-05 -1.000 1.000e-04 0.429 0.193 0.058 -0.052 -0.191 -0.237 -0.249 -0.253 -0.259 -0.149 -0.251 -0.165 -0.226 -0.236 -0.238 -0.244 -0.251 -0.251 -0.253 -0.258 -0.259 -0.262 -0.261 -0.206
4.4857e-05 -2.19174 10.13672 0.7696113586 2.4076125622    0.709  1.743  3.8574  2.928    4  0.000  0.533     0.00     0.00 -1    -1e-30      0.00 7.562e-01 2.437e-01 1.688e-05 4.684e-06 4.222e-05 -1.000 1.000e-04 0.413 0.163 0.017 -0.103 -0.258 -0.308 -0.321 -0.325 -0.331 -0.212 -0.323 -0.229 -0.297 -0.307 -0.309 -0.316 -0.323 -0.323 -0.325 -0.330 -0.331 -0.335 -0.333 -0.275
4.4857e-05 -2.19174 10.13672 0.7696508169 2.4076275826    0.709  1.749  3.8497  2.890    4  0.000  0.533     0.00     0.00 -1    -1e-30      0.00 7.562e-01 2.437e-01 1.688e-05 4.684e-06 4.222e-05 -1.000 9.999e-05 0.397 0.132 -0.025 -0.156 -0.327 -0.382 -0.395 -0.399 -0.405 -0.276 -0.397 -0.295 -0.370 -0.381 -0.383 -0.390 -0.397 -0.397 -0.399 -0.404 -0.405 -0.409 -0.407 -0.346
4.4857e-05 -2.19174 10.13672 0.7696907520 2.4076428413    0.709  1.756  3.8423  2.854    4  0.000  0.533     0.00     0.00 -1    -1e-30      0.00 7.562e-01 2.437e-01 1.688e-05 4.684e-06 4.222e-05 -1.000 1.000e-04 0.380 0.103 -0.065 -0.206 -0.394 -0.453 -0.467 -0.471 -0.478 -0.339 -0.469 -0.359 -0.441 -0.452 -0.455 -0.462 -0.469 -0.469 -0.471 -0.477 -0.478 -0.482 -0.479 -0.415
4.4857e-05 -2.19174 10.13672 0.7697328925 2.4076590538    0.709  1.765  3.8326  2.806    4  0.000  0.533     0.00     0.00 -1    -1e-30      0.00 7.562e-01 2.437e-01 1.688e-05 4.684e-06 4.222e-05 -1.000 1.000e-04 0.357 0.064 -0.119 -0.273 -0.483 -0.548 -0.562 -0.567 -0.573 -0.421 -0.564 -0.443 -0.535 -0.547 -0.550 -0.557 -0.564 -0.565 -0.567 -0.572 -0.573 -0.578 -0.574 -0.506
4.4857e-05 -2.19174 10.13672 0.7697722912 2.4076740742    0.709  1.775  3.8226  2.756    4  0.000  0.533     0.00     0.00 -1    -1e-30      0.00 7.562e-01 2.437e-01 1.688e-05 4.684e-06 4.222e-05 -1.000 1.000e-04 0.332 0.024 -0.174 -0.342 -0.575 -0.647 -0.662 -0.667 -0.674 -0.507 -0.664 -0.530 -0.634 -0.646 -0.649 -0.657 -0.664 -0.665 -0.667 -0.672 -0.673 -0.678 -0.675 -0.601
4.4857e-05 -2.19174 10.13672 0.7698055506 2.4076867104    0.709  1.786  3.8122  2.703    4  0.000  0.533     0.00     0.00 -1    -1e-30      0.00 7.562e-01 2.437e-01 1.688e-05 4.684e-06 4.222e-05 -1.000 9.993e-05 0.304 -0.018 -0.232 -0.415 -0.671 -0.751 -0.768 -0.772 -0.779 -0.598 -0.770 -0.621 -0.737 -0.750 -0.753 -0.762 -0.769 -0.770 -0.773 -0.778 -0.779 -0.784 -0.780 -0.700
4.4857e-05 -2.19174 10.13672 0.7698266506 2.4076948166    0.709  1.800  3.8024  2.651    4  0.000  0.533     0.00     0.00 -1    -1e-30      0.00 7.562e-01 2.437e-01 1.688e-05 4.684e-06 4.222e-05 -1.000 9.997e-05 0.271 -0.064 -0.294 -0.491 -0.769 -0.856 -0.874 -0.879 -0.886 -0.690 -0.876 -0.714 -0.842 -0.855 -0.858 -0.869 -0.875 -0.877 -0.880 -0.885 -0.886 -0.891 -0.887 -0.801
4.4857e-05 -2.19174 10.13672 0.7698415518 2.4077005386    0.709  1.812  3.7931  2.601    4  0.000  0.533     0.00     0.00 -1    -1e-30      0.00 7.562e-01 2.437e-01 1.688e-05 4.684e-06 4.222e-05 -1.000 1.000e-04 0.239 -0.107 -0.352 -0.561 -0.861 -0.956 -0.974 -0.980 -0.987 -0.778 -0.977 -0.800 -0.940 -0.954 -0.958 -0.969 -0.975 -0.977 -0.981 -0.986 -0.987 -0.992 -0.988 -0.895
4.4857e-05 -2.19174 10.13672 0.7698504925 2.4077038765    0.709  1.825  3.7845  2.554    4  0.000  0.533     0.00     0.00 -1    -1e-30      0.00 7.562e-01 2.437e-01 1.688e-05 4.684e-06 4.222e-05 -1.000 9.999e-05 0.208 -0.146 -0.406 -0.628 -0.947 -1.049 -1.069 -1.075 -1.082 -0.860 -1.072 -0.881 -1.032 -1.048 -1.052 -1.064 -1.070 -1.073 -1.076 -1.081 -1.082 -1.087 -1.084 -0.984
4.4857e-05 -2.19174 10.13672 0.7698571086 2.4077064991    0.709  1.837  3.7758  2.507    4  0.000  0.533     0.00     0.00 -1    -1e-30      0.00 7.562e-01 2.437e-01 1.688e-05 4.684e-06 4.222e-05 -1.000 1.000e-04 0.178 -0.185 -0.460 -0.694 -1.033 -1.143 -1.165 -1.171 -1.178 -0.942 -1.167 -0.962 -1.124 -1.142 -1.146 -1.159 -1.166 -1.169 -1.172 -1.177 -1.178 -1.183 -1.180 -1.073
4.4857e-05 -2.19174 10.13672 0.7698618174 2.4077081680    0.709  1.850  3.7681  2.464    4  0.000  0.533     0.00     0.00 -1    -1e-30      0.00 7.562e-01 2.437e-01 1.688e-05 4.684e-06 4.222e-05 -1.000 1.000e-04 0.146 -0.224 -0.512 -0.757 -1.113 -1.230 -1.253 -1.260 -1.267 -1.019 -1.256 -1.037 -1.210 -1.228 -1.233 -1.247 -1.254 -1.257 -1.261 -1.266 -1.267 -1.273 -1.269 -1.155
4.4857e-05 -2.19174 10.13672 0.7698658705 2.4077098370    0.709  1.866  3.7599  2.415    4  0.000  0.533     0.00     0.00 -1    -1e-30      0.00 7.562e-01 2.437e-01 1.688e-05 4.684e-06 4.222e-05 -1.000 9.999e-05 0.105 -0.271 -0.574 -0.831 -1.205 -1.329 -1.354 -1.361 -1.370 -1.108 -1.357 -1.123 -1.308 -1.327 -1.333 -1.348 -1.355 -1.358 -1.362 -1.368 -1.369 -1.375 -1.371 -1.249
4.4857e-05 -2.19174 10.13672 0.7698690295 2.4077110291    0.709  1.888  3.7519  2.361    4  0.000  0.533     0.00     0.00 -1    -1e-30      0.00 7.562e-01 2.437e-01 1.688e-05 4.684e-06 4.222e-05 -1.000 1.000e-04 0.051 -0.332 -0.649 -0.918 -1.310 -1.442 -1.468 -1.476 -1.485 -1.209 -1.472 -1.222 -1.418 -1.440 -1.446 -1.462 -1.469 -1.473 -1.477 -1.483 -1.484 -1.490 -1.486 -1.356
4.4857e-05 -2.19174 10.13672 0.7698711157 2.4077117443    0.709  1.912  3.7446  2.308    4  0.000  0.533     0.00     0.00 -1    -1e-30      0.00 7.562e-01 2.437e-01 1.688e-05 4.684e-06 4.222e-05 -1.000 9.993e-05 -0.009 -0.397 -0.727 -1.007 -1.414 -1.554 -1.581 -1.590 -1.600 -1.312 -1.585 -1.322 -1.528 -1.551 -1.558 -1.575 -1.583 -1.587 -1.591 -1.598 -1.599 -1.605 -1.601 -1.463
4.4857e-05 -2.19174 10.13672 0.7698724866 2.4077122211    0.709  1.938  3.7381  2.255    4  0.000  0.533     0.00     0.00 -1    -1e-30      0.00 7.562e-01 2.437e-01 1.688e-05 4.684e-06 4.222e-05 -1.000 9.999e-05 -0.076 -0.469 -0.810 -1.100 -1.520 -1.667 -1.696 -1.705 -1.715 -1.417 -1.700 -1.425 -1.640 -1.664 -1.672 -1.689 -1.698 -1.702 -1.707 -1.713 -1.715 -1.721 -1.717 -1.572
4.4857e-05 -2.19174 10.13672 0.7698732018 2.4077124596    0.709  1.961  3.7339  2.215    7  0.000  0.533     0.00     0.00 -1    -1e-30      0.00 7.562e-01 2.437e-01 1.688e-05 4.684e-06 4.222e-05 -1.000 1.000e-04 -0.133 -0.528 -0.878 -1.173 -1.603 -1.755 -1.785 -1.794 -1.804 -1.498 -1.789 -1.505 -1.726 -1.751 -1.759 -1.778 -1.787 -1.791 -1.796 -1.803 -1.804 -1.811 -1.807 -1.656
4.4857e-05 -2.19174 10.13672 0.7698737979 2.4077126980    0.709  1.990  3.7300  2.171    7  0.000  0.533     0.00     0.00 -1    -1e-30      0.00 7.562e-01 2.437e-01 1.688e-05 4.684e-06 4.222e-05 -1.000 9.997e-05 -0.205 -0.602 -0.959 -1.261 -1.698 -1.854 -1.886 -1.896 -1.906 -1.593 -1.890 -1.598 -1.825 -1.851 -1.859 -1.878 -1.888 -1.893 -1.897 -1.904 -1.906 -1.912 -1.908 -1.753
4.4857e-05 -2.19174 10.13672 0.7698745131 2.4077131748    0.709  2.026  3.7258  2.118    7  0.000  0.533     0.00     0.00 -1    -1e-30      0.00 7.562e-01 2.437e-01 1.688e-05 4.684e-06 4.222e-05 -1.000 9.999e-05 -0.295 -0.695 -1.060 -1.369 -1.815 -1.975 -2.008 -2.019 -2.029 -1.708 -2.013 -1.712 -1.945 -1.972 -1.981 -2.000 -2.011 -2.016 -2.020 -2.027 -2.029 -2.035 -2.031 -1.871
4.4857e-05 -2.19174 10.13672 0.7698752284 2.4077134132    0.709  2.064  3.7220  2.065    7  0.000  0.533     0.00     0.00 -1    -1e-30      0.00 7.562e-01 2.437e-01 1.688e-05 4.684e-06 4.222e-05 -1.000 1.000e-04 -0.391 -0.792 -1.164 -1.479 -1.933 -2.097 -2.131 -2.142 -2.152 -1.825 -2.136 -1.827 -2.065 -2.094 -2.103 -2.123 -2.134 -2.139 -2.143 -2.151 -2.152 -2.159 -2.155 -1.990
4.4857e-05 -2.19174 10.13672 0.7698759437 2.4077136517    0.709  2.102  3.7187  2.014    7  0.000  0.533     0.00     0.00 -1    -1e-30      0.00 7.562e-01 2.437e-01 1.688e-05 4.684e-06 4.222e-05 -1.000 1.000e-04 -0.485 -0.888 -1.267 -1.586 -2.047 -2.215 -2.250 -2.261 -2.272 -1.939 -2.255 -1.939 -2.182 -2.211 -2.221 -2.242 -2.253 -2.258 -2.263 -2.271 -2.272 -2.278 -2.275 -2.105
4.4857e-05 -2.19174 10.13672 0.7698769569 2.4077138901    0.709  2.134  3.7162  1.972    7  0.000  0.533     0.00     0.00 -1    -1e-30      0.00 7.562e-01 2.437e-01 1.688e-05 4.684e-06 4.222e-05 -1.000 9.999e-05 -0.565 -0.969 -1.353 -1.676 -2.142 -2.313 -2.348 -2.360 -2.371 -2.033 -2.354 -2.032 -2.279 -2.309 -2.319 -2.340 -2.351 -2.357 -2.362 -2.370 -2.371 -2.377 -2.374 -2.201
4.4857e-05 -2.19174 10.13672 0.7698789239 2.4077148438    0.709  2.142  3.7158  1.962    7  0.000  0.533     0.00     0.00 -1    -1e-30      0.00 7.562e-01 2.437e-01 1.688e-05 4.684e-06 4.222e-05 -1.000 9.997e-05 -0.586 -0.990 -1.375 -1.698 -2.165 -2.337 -2.372 -2.384 -2.395 -2.056 -2.378 -2.055 -2.302 -2.333 -2.343 -2.364 -2.375 -2.381 -2.385 -2.393 -2.395 -2.401 -2.397 -2.224
4.4857e-05 -2.19174 10.13672 0.7698819637 2.4077160358    0.709  2.125  3.7171  1.984    7  0.000  0.533     0.00     0.00 -1    -1e-30      0.00 7.562e-01 2.437e-01 1.688e-05 4.684e-06 4.222e-05 -1.000 9.999e-05 -0.544 -0.947 -1.329 -1.651 -2.115 -2.286 -2.321 -2.332 -2.343 -2.007 -2.326 -2.006 -2.252 -2.282 -2.292 -2.313 -2.324 -2.329 -2.334 -2.342 -2.343 -2.349 -2.346 -2.174
4.4857e-05 -2.19174 10.13672 0.7699012756 2.4077231884    0.709  2.143  3.7150  1.958    7  0.000  0.533     0.00     0.00 -1    -1e-30      0.00 7.562e-01 2.437e-01 1.688e-05 4.684e-06 4.222e-05 -1.000 1.000e-04 -0.587 -0.991 -1.378 -1.703 -2.171 -2.344 -2.380 -2.391 -2.403 -2.062 -2.385 -2.061 -2.309 -2.340 -2.350 -2.372 -2.383 -2.388 -2.393 -2.401 -2.403 -2.408 -2.405 -2.231
4.4857e-05 -2.19174 10.13672 0.7699136734 2.4077279568    0.709  2.183  3.7118  1.905    7  0.000  0.533     0.00     0.00 -1    -1e-30      0.00 7.562e-01 2.437e-01 1.688e-05 4.684e-06 4.222e-05 -1.000 9.999e-05 -0.688 -1.094 -1.487 -1.817 -2.292 -2.468 -2.505 -2.517 -2.529 -2.183 -2.511 -2.180 -2.432 -2.464 -2.474 -2.497 -2.508 -2.514 -2.519 -2.527 -2.529 -2.534 -2.531 -2.352
4.4857e-05 -2.19174 10.13672 0.7699319124 2.4077351093    0.709  2.235  3.7083  1.839    7  0.000  0.533     0.00     0.00 -1    -1e-30      0.00 7.562e-01 2.437e-01 1.688e-05 4.684e-06 4.222e-05 -1.000 1.000e-04 -0.817 -1.224 -1.624 -1.960 -2.441 -2.622 -2.660 -2.672 -2.684 -2.331 -2.665 -2.327 -2.585 -2.617 -2.628 -2.651 -2.663 -2.669 -2.674 -2.682 -2.684 -2.689 -2.686 -2.503
4.4857e-05 -2.19174 10.13672 0.7699468136 2.4077405930    0.709  2.277  3.7056  1.787    7  0.000  0.533     0.00     0.00 -1    -1e-30      0.00 7.562e-01 2.437e-01 1.688e-05 4.684e-06 4.222e-05 -1.000 9.997e-05 -0.922 -1.330 -1.736 -2.075 -2.562 -2.746 -2.785 -2.798 -2.809 -2.452 -2.790 -2.446 -2.708 -2.741 -2.753 -2.776 -2.788 -2.794 -2.799 -2.808 -2.809 -2.814 -2.812 -2.625
4.4857e-05 -2.19174 10.13672 0.7699601650 2.4077458382    0.709  2.318  3.7031  1.735    7  0.000  0.533     0.00     0.00 -1    -1e-30      0.00 7.562e-01 2.437e-01 1.688e-05 4.684e-06 4.222e-05 -1.000 9.999e-05 -1.026 -1.435 -1.846 -2.190 -2.682 -2.869 -2.908 -2.921 -2.933 -2.571 -2.914 -2.564 -2.829 -2.864 -2.875 -2.899 -2.912 -2.918 -2.923 -2.932 -2.933 -2.938 -2.935 -2.745
4.4857e-05 -2.19174 10.13672 0.7699719667 2.4077503681    0.709  2.360  3.7006  1.684    7  0.000  0.533     0.00     0.00 -1    -1e-30      0.00 7.562e-01 2.437e-01 1.688e-05 4.686e-06 4.222e-05 -1.000 1.000e-04 -1.129 -1.539 -1.956 -2.303 -2.800 -2.990 -3.030 -3.044 -3.055 -2.689 -3.036 -2.681 -2.950 -2.985 -2.997 -3.020 -3.034 -3.040 -3.045 -3.054 -3.055 -3.060 -3.058 -2.865
4.4857e-05 -2.19174 10.13672 0.7699823976 2.4077541828    0.709  2.401  3.6982  1.633    7  0.000  0.532     0.00     0.00 -1    -1e-30      0.00 7.562e-01 2.437e-01 1.684e-05 4.694e-06 4.222e-05 -1.000 9.999e-05 -1.233 -1.643 -2.065 -2.416 -2.919 -3.111 -3.152 -3.165 -3.177 -2.807 -3.158 -2.798 -3.070 -3.106 -3.118 -3.142 -3.155 -3.162 -3.167 -3.176 -3.177 -3.182 -3.180 -2.984
4.4857e-05 -2.19174 10.13672 0.7699916363 2.4077577591    0.710  2.442  3.6959  1.582    7  0.000  0.528     0.00     0.00 -1    -1e-30      0.00 7.562e-01 2.437e-01 1.672e-05 4.766e-06 4.222e-05 -1.000 1.001e-04 -1.336 -1.747 -2.174 -2.529 -3.036 -3.231 -3.272 -3.286 -3.298 -2.924 -3.278 -2.914 -3.190 -3.226 -3.238 -3.262 -3.276 -3.283 -3.288 -3.297 -3.298 -3.303 -3.301 -3.102
4.4857e-05 -2.19174 10.13672 0.7699997425 2.4077608585    0.710  2.483  3.6936  1.532    7  0.000  0.518     0.00     0.00 -1    -1e-30      0.00 7.562e-01 2.437e-01 1.639e-05 5.065e-06 4.222e-05 -1.000 1.001e-04 -1.438 -1.849 -2.281 -2.640 -3.152 -3.349 -3.392 -3.406 -3.417 -3.040 -3.398 -3.029 -3.307 -3.344 -3.357 -3.381 -3.396 -3.403 -3.408 -3.417 -3.418 -3.421 -3.420 -3.219
4.4857e-05 -2.19174 10.13672 0.7700072527 2.4077637196    0.710  2.524  3.6914  1.482    7  0.000  0.501     0.00     0.00 -1    -1e-30      0.00 7.562e-01 2.437e-01 1.586e-05 5.664e-06 4.222e-05 -1.000 9.999e-05 -1.540 -1.952 -2.389 -2.751 -3.268 -3.468 -3.511 -3.526 -3.537 -3.155 -3.517 -3.143 -3.425 -3.463 -3.476 -3.500 -3.515 -3.522 -3.528 -3.537 -3.537 -3.540 -3.539 -3.336
4.4857e-05 -2.19174 10.13672 0.7700140476 2.4077663422    0.710  2.565  3.6891  1.433    7  0.000  0.483     0.00     0.00 -1    -1e-30      0.00 7.560e-01 2.439e-01 1.529e-05 6.354e-06 4.222e-05 -1.000 1.001e-04 -1.642 -2.053 -2.496 -2.861 -3.383 -3.585 -3.629 -3.644 -3.655 -3.270 -3.636 -3.257 -3.541 -3.580 -3.593 -3.618 -3.634 -3.641 -3.646 -3.656 -3.656 -3.657 -3.656 -3.451
4.4857e-05 -2.19174 10.13672 0.7700204253 2.4077687263    0.710  2.605  3.6869  1.383    7  0.000  0.467     0.00     0.00 -1    -1e-30      0.00 7.558e-01 2.441e-01 1.478e-05 6.977e-06 4.223e-05 -1.000 1.000e-04 -1.743 -2.154 -2.602 -2.972 -3.498 -3.702 -3.747 -3.763 -3.773 -3.384 -3.754 -3.370 -3.658 -3.697 -3.711 -3.736 -3.752 -3.759 -3.765 -3.774 -3.774 -3.774 -3.774 -3.566
4.4857e-05 -2.19174 10.13672 0.7700263858 2.4077711105    0.710  2.646  3.6847  1.334    7  0.000  0.453     0.00     0.00 -1    -1e-30      0.00 7.556e-01 2.443e-01 1.435e-05 7.515e-06 4.224e-05 -1.000 1.000e-04 -1.844 -2.256 -2.709 -3.082 -3.612 -3.820 -3.865 -3.881 -3.891 -3.499 -3.872 -3.484 -3.774 -3.814 -3.828 -3.854 -3.870 -3.877 -3.883 -3.893 -3.892 -3.892 -3.892 -3.682
4.4857e-05 -2.19174 10.13672 0.7700321078 2.4077732563    0.710  2.686  3.6825  1.285    7  0.000  0.441     0.00     0.00 -1    -1e-30      0.00 7.553e-01 2.446e-01 1.398e-05 7.979e-06 4.225e-05 -1.000 9.993e-05 -1.945 -2.357 -2.815 -3.192 -3.727 -3.937 -3.983 -3.999 -4.009 -3.613 -3.990 -3.597 -3.890 -3.931 -3.945 -3.971 -3.988 -3.995 -4.001 -4.011 -4.011 -4.009 -4.010 -3.797
4.4857e-05 -2.19174 10.13672 0.7700375319 2.4077754021    0.710  2.726  3.6803  1.236    7  0.000  0.431     0.00     0.00 -1    -1e-30      0.00 7.551e-01 2.448e-01 1.365e-05 8.382e-06 4.225e-05 -1.000 1.000e-04 -2.046 -2.457 -2.921 -3.302 -3.841 -4.053 -4.100 -4.117 -4.126 -3.726 -4.108 -3.710 -4.006 -4.047 -4.062 -4.088 -4.106 -4.113 -4.119 -4.129 -4.128 -4.124 -4.126 -3.912
4.4857e-05 -2.19174 10.13672 0.7700427175 2.4077773094    0.710  2.767  3.6780  1.186    7  0.000  0.422     0.00     0.00 -1    -1e-30      0.00 7.548e-01 2.451e-01 1.337e-05 8.734e-06 4.223e-05 -1.000 1.000e-04 -2.148 -2.558 -3.028 -3.413 -3.957 -4.172 -4.219 -4.237 -4.245 -3.842 -4.227 -3.824 -4.124 -4.166 -4.181 -4.207 -4.225 -4.233 -4.239 -4.249 -4.248 -4.241 -4.243 -4.029
4.4857e-05 -2.19174 10.13672 0.7700473070 2.4077789783    0.710  2.808  3.6757  1.135    7  0.000  0.415     0.00     0.00 -1    -1e-30      0.00 7.546e-01 2.453e-01 1.312e-05 9.041e-06 4.220e-05 -1.000 1.000e-04 -2.251 -2.659 -3.136 -3.525 -4.074 -4.291 -4.339 -4.357 -4.364 -3.959 -4.347 -3.940 -4.242 -4.285 -4.300 -4.326 -4.346 -4.353 -4.359 -4.370 -4.368 -4.359 -4.362 -4.146
4.4857e-05 -2.19174 10.13672 0.7700510621 2.4077804089    0.710  2.849  3.6735  1.086    7  0.000  0.409     0.00     0.00 -1    -1e-30      0.00 7.543e-01 2.456e-01 1.292e-05 9.305e-06 4.214e-05 -1.000 1.000e-04 -2.352 -2.759 -3.241 -3.635 -4.189 -4.408 -4.457 -4.475 -4.481 -4.073 -4.465 -4.052 -4.358 -4.402 -4.418 -4.443 -4.463 -4.471 -4.477 -4.488 -4.485 -4.474 -4.477 -4.261
4.4857e-05 -2.19174 10.13672 0.7700542808 2.4077818394    0.710  2.888  3.6712  1.038    7  0.000  0.404     0.00     0.00 -1    -1e-30      0.00 7.540e-01 2.459e-01 1.274e-05 9.547e-06 4.205e-05 -1.000 9.999e-05 -2.451 -2.857 -3.345 -3.743 -4.302 -4.524 -4.573 -4.592 -4.597 -4.185 -4.582 -4.164 -4.473 -4.517 -4.533 -4.559 -4.580 -4.588 -4.594 -4.605 -4.602 -4.587 -4.592 -4.375
4.4857e-05 -2.19174 10.13672 0.7700570226 2.4077827930    0.710  2.926  3.6691  0.992    7  0.000  0.401     0.00     0.00 -1    -1e-30      0.00 7.538e-01 2.461e-01 1.260e-05 9.768e-06 4.195e-05 -1.000 9.668e-05 -2.544 -2.948 -3.443 -3.845 -4.408 -4.632 -4.682 -4.702 -4.705 -4.291 -4.691 -4.269 -4.581 -4.625 -4.642 -4.667 -4.689 -4.698 -4.704 -4.715 -4.711 -4.694 -4.699 -4.482
4.4857e-05 -2.19174 10.13672 0.7700598240 2.4077837467    0.710  2.965  3.6668  0.943    7  0.000  0.398     0.00     0.00 -1    -1e-30      0.00 7.535e-01 2.464e-01 1.248e-05 9.993e-06 4.182e-05 -1.000 9.917e-05 -2.644 -3.046 -3.547 -3.954 -4.522 -4.749 -4.799 -4.820 -4.822 -4.405 -4.808 -4.381 -4.696 -4.742 -4.759 -4.784 -4.807 -4.816 -4.822 -4.833 -4.829 -4.808 -4.814 -4.597
4.4857e-05 -2.19174 10.13672 0.7700621486 2.4077847004    0.710  3.001  3.6647  0.898    7  0.000  0.396     0.00     0.00 -1    -1e-30      0.00 7.533e-01 2.466e-01 1.239e-05 1.018e-05 4.170e-05 -1.000 9.999e-05 -2.733 -3.133 -3.641 -4.051 -4.624 -4.854 -4.904 -4.926 -4.926 -4.507 -4.914 -4.483 -4.800 -4.846 -4.864 -4.888 -4.912 -4.921 -4.928 -4.939 -4.934 -4.909 -4.917 -4.700
4.4857e-05 -2.19174 10.13672 0.7700646520 2.4077856541    0.710  3.042  3.6623  0.848    7  0.000  0.395     0.00     0.00 -1    -1e-30      0.00 7.531e-01 2.468e-01 1.231e-05 1.039e-05 4.155e-05 -1.000 9.990e-05 -2.835 -3.232 -3.747 -4.163 -4.741 -4.973 -5.024 -5.047 -5.046 -4.623 -5.034 -4.598 -4.918 -4.965 -4.983 -5.006 -5.033 -5.042 -5.049 -5.060 -5.055 -5.025 -5.034 -4.818
4.4857e-05 -2.19174 10.13672 0.7700648308 2.4077856541    0.710  3.047  3.6620  0.842    7  0.000  0.395     0.00     0.00 -1    -1e-30      0.00 7.531e-01 2.468e-01 1.231e-05 1.040e-05 4.154e-05 -1.000 1.000e-04 -2.848 -3.244 -3.760 -4.177 -4.755 -4.988 -5.039 -5.062 -5.061 -4.638 -5.049 -4.612 -4.933 -4.980 -4.998 -5.021 -5.048 -5.057 -5.064 -5.076 -5.070 -5.040 -5.049 -4.832
4.4857e-05 -2.19174 10.13672 0.7700650096 2.4077858925    0.710  3.057  3.6613  0.829    7  0.000  0.395     0.00     0.00 -1    -1e-30      0.00 7.531e-01 2.468e-01 1.230e-05 1.042e-05 4.153e-05 -1.000 9.997e-05 -2.873 -3.269 -3.787 -4.205 -4.784 -5.018 -5.069 -5.092 -5.090 -4.667 -5.079 -4.641 -4.963 -5.010 -5.028 -5.051 -5.078 -5.087 -5.094 -5.106 -5.100 -5.069 -5.078 -4.861
4.4857e-05 -2.19174 10.13672 0.7700651288 2.4077858925    0.710  3.070  3.6605  0.813    7  0.000  0.394     0.00     0.00 -1    -1e-30      0.00 7.529e-01 2.470e-01 1.225e-05 1.060e-05 4.140e-05 -1.000 9.996e-05 -2.904 -3.299 -3.820 -4.239 -4.821 -5.055 -5.106 -5.130 -5.127 -4.703 -5.117 -4.677 -4.999 -5.047 -5.065 -5.088 -5.116 -5.125 -5.132 -5.144 -5.137 -5.105 -5.115 -4.898
4.4857e-05 -2.19174 10.13672 0.7700653076 2.4077858925    0.710  3.086  3.6595  0.793    7  0.000  0.394     0.00     0.00 -1    -1e-30      0.00 7.527e-01 2.472e-01 1.219e-05 1.081e-05 4.124e-05 -1.000 9.996e-05 -2.946 -3.339 -3.863 -4.285 -4.869 -5.104 -5.156 -5.180 -5.176 -4.750 -5.166 -4.724 -5.048 -5.096 -5.115 -5.136 -5.166 -5.174 -5.182 -5.193 -5.187 -5.152 -5.163 -4.946
4.4857e-05 -2.19174 10.13672 0.7700655460 2.4077861309    0.710  3.114  3.6577  0.757    7  0.000  0.394     0.00     0.00 -1    -1e-30      0.00 7.525e-01 2.474e-01 1.212e-05 1.106e-05 4.106e-05 -1.000 1.000e-04 -3.016 -3.407 -3.937 -4.362 -4.950 -5.188 -5.240 -5.264 -5.260 -4.832 -5.250 -4.805 -5.131 -5.179 -5.199 -5.219 -5.250 -5.259 -5.267 -5.279 -5.271 -5.233 -5.245 -5.028
4.4857e-05 -2.19174 10.13672 0.7700659037 2.4077861309    0.710  3.152  3.6553  0.711    7  0.000  0.393     0.00     0.00 -1    -1e-30      0.00 7.522e-01 2.478e-01 1.202e-05 1.139e-05 4.082e-05 -1.000 7.911e-05 -3.109 -3.497 -4.035 -4.465 -5.058 -5.298 -5.350 -5.376 -5.370 -4.939 -5.362 -4.912 -5.240 -5.290 -5.309 -5.329 -5.362 -5.371 -5.379 -5.391 -5.382 -5.340 -5.353 -5.137
4.4857e-05 -2.19174 10.13672 0.7700662613 2.4077863693    0.710  3.414  3.6091  0.263    8  0.549  0.390    97.30    45.00  1  -1.5e-06      0.00 7.290e-01 2.706e-01 6.375e-05 5.931e-05 2.177e-04 -1.000 3.690e-04 -3.766 -3.950 -4.662 -5.222 -5.961 -6.280 -6.315 -6.381 -6.345 -5.836 -6.344 -5.773 -6.186 -6.266 -6.296 -6.247 -6.361 -6.373 -6.384 -6.403 -6.381 -6.250 -6.281 -6.059
4.4857e-05 -2.19174 10.13672 0.7700663209 2.4077863693    0.710  3.292  3.6156  0.411    8  0.549  0.390    70.65    34.12  1 -8.57e-07      0.00 7.290e-01 2.706e-01 6.375e-05 5.931e-05 2.177e-04 -1.000 3.690e-04 -3.459 -3.688 -4.363 -4.901 -5.619 -5.926 -5.964 -6.022 -5.988 -5.494 -5.989 -5.437 -5.838 -5.912 -5.941 -5.902 -6.004 -6.014 -6.025 -6.043 -6.022 -5.899 -5.929 -5.715
4.4857e-05 -2.19174 10.13672 0.7700663805 2.4077863693    0.710  3.144  3.6291  0.614    8  0.549  0.390    45.69    23.41  1 -4.27e-07      0.00 7.290e-01 2.706e-01 6.375e-05 5.931e-05 2.177e-04 -1.000 3.691e-04 -3.089 -3.389 -4.007 -4.503 -5.177 -5.459 -5.504 -5.549 -5.522 -5.054 -5.523 -5.008 -5.383 -5.447 -5.473 -5.456 -5.533 -5.543 -5.552 -5.567 -5.550 -5.450 -5.476 -5.267
4.4857e-05 -2.19174 10.13672 0.7700664997 2.4077863693    0.710  2.925  3.6490  0.912    8  0.549  0.390    24.02    13.42  1 -1.47e-07      0.00 7.290e-01 2.706e-01 6.375e-05 5.931e-05 2.177e-04 -1.000 3.690e-04 -2.543 -2.910 -3.459 -3.904 -4.519 -4.771 -4.822 -4.851 -4.840 -4.399 -4.835 -4.366 -4.708 -4.761 -4.782 -4.795 -4.837 -4.845 -4.854 -4.866 -4.855 -4.800 -4.816 -4.601
4.4857e-05 -2.19174 10.13672 0.7700666189 2.4077863693    0.709  2.930  3.6485  0.905    8  0.549  0.390    24.39    13.60  1  -1.5e-07      0.00 7.290e-01 2.706e-01 6.375e-05 5.931e-05 2.177e-04 -1.000 3.690e-04 -2.556 -2.922 -3.472 -3.918 -4.534 -4.787 -4.838 -4.868 -4.855 -4.414 -4.850 -4.381 -4.723 -4.777 -4.798 -4.810 -4.853 -4.862 -4.870 -4.882 -4.872 -4.815 -4.831 -4.616
4.4857e-05 -2.19174 10.13672 0.7700668573 2.4077866077    0.709  3.001  3.6421  0.808    8  0.550  0.390    30.03    16.27  1 -2.14e-07      0.00 7.290e-01 2.706e-01 6.375e-05 5.931e-05 2.177e-04 -1.000 3.690e-04 -2.732 -3.080 -3.652 -4.113 -4.748 -5.009 -5.059 -5.093 -5.076 -4.626 -5.073 -4.589 -4.942 -4.999 -5.021 -5.025 -5.078 -5.087 -5.096 -5.109 -5.096 -5.024 -5.044 -4.831
4.4857e-05 -2.19174 10.13672 0.7700670958 2.4077866077    0.709  3.156  3.6279  0.596    8  0.550  0.390    47.48    24.17  1 -4.54e-07      0.00 7.290e-01 2.706e-01 6.375e-05 5.931e-05 2.177e-04 -1.000 3.691e-04 -3.121 -3.415 -4.038 -4.538 -5.215 -5.499 -5.543 -5.590 -5.562 -5.092 -5.563 -5.045 -5.422 -5.487 -5.513 -5.494 -5.573 -5.583 -5.593 -5.608 -5.590 -5.488 -5.514 -5.306
4.4857e-05 -2.19174 10.13672 0.7700673938 2.4077868462    0.709  3.297  3.6150  0.403    8  0.550  0.390    71.95    34.60  1 -8.81e-07      0.00 7.290e-01 2.706e-01 6.375e-05 5.931e-05 2.177e-04 -1.000 3.690e-04 -3.473 -3.699 -4.376 -4.916 -5.636 -5.944 -5.981 -6.041 -6.006 -5.511 -6.007 -5.453 -5.856 -5.930 -5.959 -5.919 -6.022 -6.033 -6.043 -6.061 -6.040 -5.917 -5.946 -5.732
4.4857e-05 -2.19174 10.13672 0.7700677514 2.4077868462    0.709  3.392  3.6064  0.275    8  0.551  0.390    95.05    43.99  1 -1.36e-06      0.00 7.290e-01 2.706e-01 6.375e-05 5.931e-05 2.177e-04 -1.000 3.690e-04 -3.709 -3.876 -4.597 -5.165 -5.914 -6.240 -6.274 -6.342 -6.306 -5.790 -6.304 -5.723 -6.144 -6.226 -6.257 -6.205 -6.322 -6.333 -6.345 -6.364 -6.342 -6.209 -6.240 -6.014
4.4857e-05 -2.19174 10.13672 0.7700681090 2.4077870846    0.709  3.444  3.6016  0.203    8  0.551  0.390   110.90    50.23  1 -1.73e-06      0.00 7.290e-01 2.706e-01 6.375e-05 5.931e-05 2.177e-04 -1.000 3.690e-04 -3.840 -3.971 -4.718 -5.302 -6.067 -6.404 -6.436 -6.508 -6.472 -5.944 -6.468 -5.871 -6.303 -6.389 -6.422 -6.363 -6.487 -6.500 -6.511 -6.532 -6.509 -6.372 -6.403 -6.170
4.4857e-05 -2.19174 10.13672 0.7700685263 2.4077870846    0.709  3.470  3.5992  0.167    8  0.552  0.390   120.00    53.73  0 -1.95e-06      0.00 7.290e-01 2.706e-01 6.375e-05 5.931e-05 2.177e-04 -1.000 3.690e-04 -3.906 -4.018 -4.779 -5.372 -6.145 -6.488 -6.519 -6.593 -6.556 -6.023 -6.552 -5.946 -6.383 -6.472 -6.506 -6.443 -6.572 -6.584 -6.596 -6.617 -6.594 -6.455 -6.486 -6.249
4.4857e-05 -2.19174 10.13672 0.7700690031 2.4077873230    0.709  3.487  3.5984  0.147    8  0.552  0.390   125.39    55.76  0  -2.1e-06      0.00 7.290e-01 2.706e-01 6.375e-05 5.931e-05 2.177e-04 -1.000 3.690e-04 -3.948 -4.054 -4.819 -5.415 -6.191 -6.536 -6.566 -6.641 -6.605 -6.069 -6.600 -5.992 -6.431 -6.520 -6.554 -6.490 -6.620 -6.633 -6.645 -6.666 -6.642 -6.503 -6.534 -6.296
4.4857e-05 -2.19174 10.13672 0.7700707912 2.4077880383    0.554 -9.999  4.0000  1.705    9  0.554  0.000     0.00     0.00 -1    -1e-30      0.00 7.290e-01 2.706e-01 6.375e-05 5.931e-05 2.177e-04 -1.000 3.690e-04 29.767 30.076 30.060 30.107 30.111 30.112 30.112 30.116 30.112 30.108 30.114 30.117 30.097 30.105 30.117 30.117 30.113 30.117 30.117 30.111 30.112 30.110 30.113 30.107
#isochrone terminated
