# File generated by CMD 3.3 (http://stev.oapd.inaf.it/cmd) on Wed Jul  8 19:16:22 CEST 2020
# isochrones based on PARSEC release v1.2S +  COLIBRI S_35
# Basic references: Bressan et al. (2012), MNRAS, 427, 127 + Chen et al. (2014, 2015), MNRAS, 444, 2525 + MNRAS, 452, 1068 + Tang et al. (2014), MNRAS, 445, 4287 + Marigo et al. (2017), ApJ, 835, 77 + Pastorelli al. (2019), MNRAS in press
# Thermal pulse cycles included 
# On RGB, assumed Reimers mass loss with efficiency eta=0.2
# Photometric system: WFIRST proposed filters, Vegamags
# Using YBC version of bolometric corrections as in Chen et al. (2019)
# O-rich circumstellar dpmod60alox40 dust from Groenewegen (2006)
# C-rich circumstellar AMCSIC15 dust from Groenewegen (2006)
# IMF: Kroupa (2001, 2002) + Kroupa et al. (2013) canonical two-part-power law IMF corrected for unresolved binaries 
# Kind of output: luminosity functions
# age     Z  magbinc 	 mbolmag  R062mag  Z087mag  Y106mag  J129mag  H158mag  F184mag  W149mag
1.2e+10 0.00020 -14.975         0        0        0        0        0        0        0        0
1.2e+10 0.00020 -14.925         0        0        0        0        0        0        0        0
1.2e+10 0.00020 -14.875         0        0        0        0        0        0        0        0
1.2e+10 0.00020 -14.825         0        0        0        0        0        0        0        0
1.2e+10 0.00020 -14.775         0        0        0        0        0        0        0        0
1.2e+10 0.00020 -14.725         0        0        0        0        0        0        0        0
1.2e+10 0.00020 -14.675         0        0        0        0        0        0        0        0
1.2e+10 0.00020 -14.625         0        0        0        0        0        0        0        0
1.2e+10 0.00020 -14.575         0        0        0        0        0        0        0        0
1.2e+10 0.00020 -14.525         0        0        0        0        0        0        0        0
1.2e+10 0.00020 -14.475         0        0        0        0        0        0        0        0
1.2e+10 0.00020 -14.425         0        0        0        0        0        0        0        0
1.2e+10 0.00020 -14.375         0        0        0        0        0        0        0        0
1.2e+10 0.00020 -14.325         0        0        0        0        0        0        0        0
1.2e+10 0.00020 -14.275         0        0        0        0        0        0        0        0
1.2e+10 0.00020 -14.225         0        0        0        0        0        0        0        0
1.2e+10 0.00020 -14.175         0        0        0        0        0        0        0        0
1.2e+10 0.00020 -14.125         0        0        0        0        0        0        0        0
1.2e+10 0.00020 -14.075         0        0        0        0        0        0        0        0
1.2e+10 0.00020 -14.025         0        0        0        0        0        0        0        0
1.2e+10 0.00020 -13.975         0        0        0        0        0        0        0        0
1.2e+10 0.00020 -13.925         0        0        0        0        0        0        0        0
1.2e+10 0.00020 -13.875         0        0        0        0        0        0        0        0
1.2e+10 0.00020 -13.825         0        0        0        0        0        0        0        0
1.2e+10 0.00020 -13.775         0        0        0        0        0        0        0        0
1.2e+10 0.00020 -13.725         0        0        0        0        0        0        0        0
1.2e+10 0.00020 -13.675         0        0        0        0        0        0        0        0
1.2e+10 0.00020 -13.625         0        0        0        0        0        0        0        0
1.2e+10 0.00020 -13.575         0        0        0        0        0        0        0        0
1.2e+10 0.00020 -13.525         0        0        0        0        0        0        0        0
1.2e+10 0.00020 -13.475         0        0        0        0        0        0        0        0
1.2e+10 0.00020 -13.425         0        0        0        0        0        0        0        0
1.2e+10 0.00020 -13.375         0        0        0        0        0        0        0        0
1.2e+10 0.00020 -13.325         0        0        0        0        0        0        0        0
1.2e+10 0.00020 -13.275         0        0        0        0        0        0        0        0
1.2e+10 0.00020 -13.225         0        0        0        0        0        0        0        0
1.2e+10 0.00020 -13.175         0        0        0        0        0        0        0        0
1.2e+10 0.00020 -13.125         0        0        0        0        0        0        0        0
1.2e+10 0.00020 -13.075         0        0        0        0        0        0        0        0
1.2e+10 0.00020 -13.025         0        0        0        0        0        0        0        0
1.2e+10 0.00020 -12.975         0        0        0        0        0        0        0        0
1.2e+10 0.00020 -12.925         0        0        0        0        0        0        0        0
1.2e+10 0.00020 -12.875         0        0        0        0        0        0        0        0
1.2e+10 0.00020 -12.825         0        0        0        0        0        0        0        0
1.2e+10 0.00020 -12.775         0        0        0        0        0        0        0        0
1.2e+10 0.00020 -12.725         0        0        0        0        0        0        0        0
1.2e+10 0.00020 -12.675         0        0        0        0        0        0        0        0
1.2e+10 0.00020 -12.625         0        0        0        0        0        0        0        0
1.2e+10 0.00020 -12.575         0        0        0        0        0        0        0        0
1.2e+10 0.00020 -12.525         0        0        0        0        0        0        0        0
1.2e+10 0.00020 -12.475         0        0        0        0        0        0        0        0
1.2e+10 0.00020 -12.425         0        0        0        0        0        0        0        0
1.2e+10 0.00020 -12.375         0        0        0        0        0        0        0        0
1.2e+10 0.00020 -12.325         0        0        0        0        0        0        0        0
1.2e+10 0.00020 -12.275         0        0        0        0        0        0        0        0
1.2e+10 0.00020 -12.225         0        0        0        0        0        0        0        0
1.2e+10 0.00020 -12.175         0        0        0        0        0        0        0        0
1.2e+10 0.00020 -12.125         0        0        0        0        0        0        0        0
1.2e+10 0.00020 -12.075         0        0        0        0        0        0        0        0
1.2e+10 0.00020 -12.025         0        0        0        0        0        0        0        0
1.2e+10 0.00020 -11.975         0        0        0        0        0        0        0        0
1.2e+10 0.00020 -11.925         0        0        0        0        0        0        0        0
1.2e+10 0.00020 -11.875         0        0        0        0        0        0        0        0
1.2e+10 0.00020 -11.825         0        0        0        0        0        0        0        0
1.2e+10 0.00020 -11.775         0        0        0        0        0        0        0        0
1.2e+10 0.00020 -11.725         0        0        0        0        0        0        0        0
1.2e+10 0.00020 -11.675         0        0        0        0        0        0        0        0
1.2e+10 0.00020 -11.625         0        0        0        0        0        0        0        0
1.2e+10 0.00020 -11.575         0        0        0        0        0        0        0        0
1.2e+10 0.00020 -11.525         0        0        0        0        0        0        0        0
1.2e+10 0.00020 -11.475         0        0        0        0        0        0        0        0
1.2e+10 0.00020 -11.425         0        0        0        0        0        0        0        0
1.2e+10 0.00020 -11.375         0        0        0        0        0        0        0        0
1.2e+10 0.00020 -11.325         0        0        0        0        0        0        0        0
1.2e+10 0.00020 -11.275         0        0        0        0        0        0        0        0
1.2e+10 0.00020 -11.225         0        0        0        0        0        0        0        0
1.2e+10 0.00020 -11.175         0        0        0        0        0        0        0        0
1.2e+10 0.00020 -11.125         0        0        0        0        0        0        0        0
1.2e+10 0.00020 -11.075         0        0        0        0        0        0        0        0
1.2e+10 0.00020 -11.025         0        0        0        0        0        0        0        0
1.2e+10 0.00020 -10.975         0        0        0        0        0        0        0        0
1.2e+10 0.00020 -10.925         0        0        0        0        0        0        0        0
1.2e+10 0.00020 -10.875         0        0        0        0        0        0        0        0
1.2e+10 0.00020 -10.825         0        0        0        0        0        0        0        0
1.2e+10 0.00020 -10.775         0        0        0        0        0        0        0        0
1.2e+10 0.00020 -10.725         0        0        0        0        0        0        0        0
1.2e+10 0.00020 -10.675         0        0        0        0        0        0        0        0
1.2e+10 0.00020 -10.625         0        0        0        0        0        0        0        0
1.2e+10 0.00020 -10.575         0        0        0        0        0        0        0        0
1.2e+10 0.00020 -10.525         0        0        0        0        0        0        0        0
1.2e+10 0.00020 -10.475         0        0        0        0        0        0        0        0
1.2e+10 0.00020 -10.425         0        0        0        0        0        0        0        0
1.2e+10 0.00020 -10.375         0        0        0        0        0        0        0        0
1.2e+10 0.00020 -10.325         0        0        0        0        0        0        0        0
1.2e+10 0.00020 -10.275         0        0        0        0        0        0        0        0
1.2e+10 0.00020 -10.225         0        0        0        0        0        0        0        0
1.2e+10 0.00020 -10.175         0        0        0        0        0        0        0        0
1.2e+10 0.00020 -10.125         0        0        0        0        0        0        0        0
1.2e+10 0.00020 -10.075         0        0        0        0        0        0        0        0
1.2e+10 0.00020 -10.025         0        0        0        0        0        0        0        0
1.2e+10 0.00020 -9.975         0        0        0        0        0        0        0        0
1.2e+10 0.00020 -9.925         0        0        0        0        0        0        0        0
1.2e+10 0.00020 -9.875         0        0        0        0        0        0        0        0
1.2e+10 0.00020 -9.825         0        0        0        0        0        0        0        0
1.2e+10 0.00020 -9.775         0        0        0        0        0        0        0        0
1.2e+10 0.00020 -9.725         0        0        0        0        0        0        0        0
1.2e+10 0.00020 -9.675         0        0        0        0        0        0        0        0
1.2e+10 0.00020 -9.625         0        0        0        0        0        0        0        0
1.2e+10 0.00020 -9.575         0        0        0        0        0        0        0        0
1.2e+10 0.00020 -9.525         0        0        0        0        0        0        0        0
1.2e+10 0.00020 -9.475         0        0        0        0        0        0        0        0
1.2e+10 0.00020 -9.425         0        0        0        0        0        0        0        0
1.2e+10 0.00020 -9.375         0        0        0        0        0        0        0        0
1.2e+10 0.00020 -9.325         0        0        0        0        0        0        0        0
1.2e+10 0.00020 -9.275         0        0        0        0        0        0        0        0
1.2e+10 0.00020 -9.225         0        0        0        0        0        0        0        0
1.2e+10 0.00020 -9.175         0        0        0        0        0        0        0        0
1.2e+10 0.00020 -9.125         0        0        0        0        0        0        0        0
1.2e+10 0.00020 -9.075         0        0        0        0        0        0        0        0
1.2e+10 0.00020 -9.025         0        0        0        0        0        0        0        0
1.2e+10 0.00020 -8.975         0        0        0        0        0        0        0        0
1.2e+10 0.00020 -8.925         0        0        0        0        0        0        0        0
1.2e+10 0.00020 -8.875         0        0        0        0        0        0        0        0
1.2e+10 0.00020 -8.825         0        0        0        0        0        0        0        0
1.2e+10 0.00020 -8.775         0        0        0        0        0        0        0        0
1.2e+10 0.00020 -8.725         0        0        0        0        0        0        0        0
1.2e+10 0.00020 -8.675         0        0        0        0        0        0        0        0
1.2e+10 0.00020 -8.625         0        0        0        0        0        0        0        0
1.2e+10 0.00020 -8.575         0        0        0        0        0        0        0        0
1.2e+10 0.00020 -8.525         0        0        0        0        0        0        0        0
1.2e+10 0.00020 -8.475         0        0        0        0        0        0        0        0
1.2e+10 0.00020 -8.425         0        0        0        0        0        0        0        0
1.2e+10 0.00020 -8.375         0        0        0        0        0        0        0        0
1.2e+10 0.00020 -8.325         0        0        0        0        0        0        0        0
1.2e+10 0.00020 -8.275         0        0        0        0        0        0        0        0
1.2e+10 0.00020 -8.225         0        0        0        0        0        0        0        0
1.2e+10 0.00020 -8.175         0        0        0        0        0        0        0        0
1.2e+10 0.00020 -8.125         0        0        0        0        0        0        0        0
1.2e+10 0.00020 -8.075         0        0        0        0        0        0        0        0
1.2e+10 0.00020 -8.025         0        0        0        0        0        0        0        0
1.2e+10 0.00020 -7.975         0        0        0        0        0        0        0        0
1.2e+10 0.00020 -7.925         0        0        0        0        0        0        0        0
1.2e+10 0.00020 -7.875         0        0        0        0        0        0        0        0
1.2e+10 0.00020 -7.825         0        0        0        0        0        0        0        0
1.2e+10 0.00020 -7.775         0        0        0        0        0        0        0        0
1.2e+10 0.00020 -7.725         0        0        0        0        0        0        0        0
1.2e+10 0.00020 -7.675         0        0        0        0        0        0        0        0
1.2e+10 0.00020 -7.625         0        0        0        0        0        0        0        0
1.2e+10 0.00020 -7.575         0        0        0        0        0        0        0        0
1.2e+10 0.00020 -7.525         0        0        0        0        0        0        0        0
1.2e+10 0.00020 -7.475         0        0        0        0        0        0        0        0
1.2e+10 0.00020 -7.425         0        0        0        0        0        0        0        0
1.2e+10 0.00020 -7.375         0        0        0        0        0        0        0        0
1.2e+10 0.00020 -7.325         0        0        0        0        0        0        0        0
1.2e+10 0.00020 -7.275         0        0        0        0        0        0        0        0
1.2e+10 0.00020 -7.225         0        0        0        0        0        0        0        0
1.2e+10 0.00020 -7.175         0        0        0        0        0        0        0        0
1.2e+10 0.00020 -7.125         0        0        0        0        0        0        0        0
1.2e+10 0.00020 -7.075         0        0        0        0        0        0        0        0
1.2e+10 0.00020 -7.025         0        0        0        0        0        0        0        0
1.2e+10 0.00020 -6.975         0        0        0        0        0        0        0        0
1.2e+10 0.00020 -6.925         0        0        0        0        0        0        0        0
1.2e+10 0.00020 -6.875         0        0        0        0        0        0        0        0
1.2e+10 0.00020 -6.825         0        0        0        0        0        0        0        0
1.2e+10 0.00020 -6.775         0        0        0        0        0        0        0        0
1.2e+10 0.00020 -6.725         0        0        0        0        0        0        0        0
1.2e+10 0.00020 -6.675         0        0        0        0        0        0        0        0
1.2e+10 0.00020 -6.625         0        0        0        0        0        0        0        0
1.2e+10 0.00020 -6.575         0        0        0        0        0        0        0        0
1.2e+10 0.00020 -6.525         0        0        0        0        0        0 2.07e-08        0
1.2e+10 0.00020 -6.475         0        0        0        0        0        0 2.07e-08        0
1.2e+10 0.00020 -6.425         0        0        0        0        0        0 2.07e-08        0
1.2e+10 0.00020 -6.375         0        0        0        0        0        0 2.07e-08        0
1.2e+10 0.00020 -6.325         0        0        0        0        0 2.07e-08 2.07e-08        0
1.2e+10 0.00020 -6.275         0        0        0        0        0 2.07e-08 2.07e-08        0
1.2e+10 0.00020 -6.225         0        0        0        0        0 2.07e-08 2.07e-08        0
1.2e+10 0.00020 -6.175         0        0        0        0        0 2.07e-08 2.07e-08        0
1.2e+10 0.00020 -6.125         0        0        0        0        0 2.07e-08 2.07e-08        0
1.2e+10 0.00020 -6.075         0        0        0        0        0 2.07e-08 2.07e-08        0
1.2e+10 0.00020 -6.025         0        0        0        0        0 2.07e-08 2.07e-08        0
1.2e+10 0.00020 -5.975         0        0        0        0        0 2.07e-08 2.07e-08        0
1.2e+10 0.00020 -5.925         0        0        0        0        0 2.07e-08 2.07e-08        0
1.2e+10 0.00020 -5.875         0        0        0        0        0 2.07e-08 2.07e-08        0
1.2e+10 0.00020 -5.825         0        0        0        0        0 2.07e-08 2.07e-08 4.13e-08
1.2e+10 0.00020 -5.775         0        0        0        0        0 2.07e-08 2.07e-08 2.07e-08
1.2e+10 0.00020 -5.725         0        0        0        0 4.13e-08 2.07e-08 3.53e-07 2.07e-08
1.2e+10 0.00020 -5.675         0        0        0        0 2.07e-08 2.07e-08 1.14e-06 4.13e-08
1.2e+10 0.00020 -5.625         0        0        0        0 2.07e-08 4.13e-08 1.02e-06 2.07e-08
1.2e+10 0.00020 -5.575         0        0        0        0 4.13e-08 1.87e-07 9.77e-07 2.07e-08
1.2e+10 0.00020 -5.525         0        0        0        0 2.07e-08 1.23e-06 9.77e-07 2.07e-08
1.2e+10 0.00020 -5.475         0        0        0        0 2.07e-08 1.02e-06 9.77e-07 4.13e-08
1.2e+10 0.00020 -5.425         0        0        0        0 2.07e-08 1.06e-06 1.02e-06 2.07e-08
1.2e+10 0.00020 -5.375         0        0        0        0 4.13e-08 9.77e-07 1.02e-06 2.07e-08
1.2e+10 0.00020 -5.325         0        0        0        0 2.07e-08 9.77e-07 1.02e-06 2.07e-08
1.2e+10 0.00020 -5.275         0        0        0        0 2.07e-08 1.02e-06 1.39e-06 4.13e-08
1.2e+10 0.00020 -5.225         0        0        0        0 4.13e-08 1.06e-06 1.39e-06 2.07e-08
1.2e+10 0.00020 -5.175         0        0        0 4.13e-08 2.07e-08 1.04e-06 1.39e-06 1.04e-07
1.2e+10 0.00020 -5.125         0        0        0 4.13e-08 2.07e-08 1.46e-06 1.50e-06 1.27e-06
1.2e+10 0.00020 -5.075         0        0        0 2.07e-08 1.12e-06 1.39e-06 1.85e-06 1.12e-06
1.2e+10 0.00020 -5.025         0        0        0 4.13e-08 1.06e-06 1.46e-06 2.12e-06 1.02e-06
1.2e+10 0.00020 -4.975         0        0        0 4.13e-08 1.10e-06 1.52e-06 1.91e-06 1.02e-06
1.2e+10 0.00020 -4.925         0        0        0 4.13e-08 1.04e-06 2.12e-06 2.01e-06 1.06e-06
1.2e+10 0.00020 -4.875         0        0        0 4.13e-08 1.06e-06 2.03e-06 1.93e-06 1.04e-06
1.2e+10 0.00020 -4.825         0        0        0 2.07e-08 1.06e-06 1.99e-06 1.99e-06 1.10e-06
1.2e+10 0.00020 -4.775         0        0        0 4.13e-08 1.08e-06 2.03e-06 2.20e-06 1.12e-06
1.2e+10 0.00020 -4.725         0        0 4.13e-08 4.13e-08 1.14e-06 1.99e-06 2.26e-06 1.54e-06
1.2e+10 0.00020 -4.675         0        0 6.20e-08 4.13e-08 1.46e-06 2.08e-06 2.37e-06 1.46e-06
1.2e+10 0.00020 -4.625         0        0 4.13e-08 1.02e-06 1.54e-06 2.26e-06 2.35e-06 1.52e-06
1.2e+10 0.00020 -4.575         0        0 6.20e-08 1.12e-06 1.52e-06 2.26e-06 2.45e-06 1.75e-06
1.2e+10 0.00020 -4.525         0        0 4.13e-08 1.16e-06 1.72e-06 2.37e-06 2.33e-06 2.20e-06
1.2e+10 0.00020 -4.475         0        0 6.20e-08 1.12e-06 2.22e-06 2.45e-06 2.31e-06 2.01e-06
1.2e+10 0.00020 -4.425         0        0 4.13e-08 1.06e-06 2.12e-06 2.43e-06 2.37e-06 2.10e-06
1.2e+10 0.00020 -4.375         0        0 6.20e-08 1.16e-06 2.12e-06 2.28e-06 2.84e-06 2.08e-06
1.2e+10 0.00020 -4.325         0        0 4.13e-08 1.16e-06 2.10e-06 2.41e-06 2.88e-06 2.08e-06
1.2e+10 0.00020 -4.275         0        0 9.98e-07 1.29e-06 2.08e-06 2.51e-06 3.05e-06 2.24e-06
1.2e+10 0.00020 -4.225         0        0 1.23e-06 1.52e-06 2.22e-06 2.97e-06 3.22e-06 2.39e-06
1.2e+10 0.00020 -4.175         0        0 1.25e-06 1.60e-06 2.41e-06 2.84e-06 3.18e-06 2.28e-06
1.2e+10 0.00020 -4.125         0        0 1.14e-06 1.66e-06 2.37e-06 3.26e-06 3.34e-06 2.47e-06
1.2e+10 0.00020 -4.075         0        0 1.16e-06 2.16e-06 2.55e-06 3.13e-06 3.36e-06 2.55e-06
1.2e+10 0.00020 -4.025         0        0 1.23e-06 2.22e-06 2.47e-06 3.26e-06 3.57e-06 2.39e-06
1.2e+10 0.00020 -3.975         0        0 1.25e-06 2.24e-06 2.51e-06 3.47e-06 3.68e-06 2.45e-06
1.2e+10 0.00020 -3.925  4.13e-07        0 1.54e-06 2.20e-06 2.45e-06 3.36e-06 3.72e-06 2.49e-06
1.2e+10 0.00020 -3.875  4.34e-07        0 1.60e-06 2.18e-06 2.49e-06 3.76e-06 3.80e-06 2.97e-06
1.2e+10 0.00020 -3.825  3.93e-07        0 1.68e-06 2.18e-06 3.11e-06 3.68e-06 3.68e-06 3.05e-06
1.2e+10 0.00020 -3.775         0        0 2.04e-06 2.51e-06 3.01e-06 3.76e-06 3.93e-06 3.20e-06
1.2e+10 0.00020 -3.725         0        0 2.49e-06 2.49e-06 3.26e-06 3.68e-06 4.17e-06 3.26e-06
1.2e+10 0.00020 -3.675         0        0 2.26e-06 2.60e-06 3.28e-06 3.84e-06 4.30e-06 3.30e-06
1.2e+10 0.00020 -3.625         0        0 2.28e-06 2.58e-06 3.40e-06 4.05e-06 4.34e-06 3.47e-06
1.2e+10 0.00020 -3.575         0        0 2.33e-06 2.66e-06 3.53e-06 4.30e-06 4.30e-06 3.55e-06
1.2e+10 0.00020 -3.525         0 2.89e-07 2.33e-06 2.47e-06 3.55e-06 4.34e-06 4.30e-06 3.74e-06
1.2e+10 0.00020 -3.475         0 9.51e-07 2.47e-06 2.58e-06 3.72e-06 4.28e-06 4.32e-06 3.76e-06
1.2e+10 0.00020 -3.425  2.50e-07        0 2.58e-06 3.20e-06 3.92e-06 4.32e-06 4.82e-06 3.84e-06
1.2e+10 0.00020 -3.375  1.33e-06        0 2.58e-06 3.11e-06 3.80e-06 4.45e-06 5.19e-06 3.86e-06
1.2e+10 0.00020 -3.325  1.16e-06        0 2.74e-06 3.36e-06 3.82e-06 4.55e-06 5.05e-06 3.82e-06
1.2e+10 0.00020 -3.275  1.16e-06 1.16e-06 2.70e-06 3.36e-06 3.99e-06 5.13e-06 5.40e-06 4.20e-06
1.2e+10 0.00020 -3.225  1.12e-06 1.41e-06 2.55e-06 3.51e-06 4.32e-06 5.25e-06 5.67e-06 4.32e-06
1.2e+10 0.00020 -3.175  1.12e-06 1.37e-06 2.78e-06 3.61e-06 4.32e-06 5.25e-06 5.55e-06 4.45e-06
1.2e+10 0.00020 -3.125  1.21e-06 1.33e-06 3.24e-06 3.67e-06 4.49e-06 5.50e-06 5.65e-06 4.32e-06
1.2e+10 0.00020 -3.075  1.27e-06 1.37e-06 3.32e-06 3.82e-06 4.45e-06 5.44e-06 5.98e-06 4.49e-06
1.2e+10 0.00020 -3.025  1.56e-06 1.41e-06 3.40e-06 3.95e-06 4.49e-06 5.71e-06 6.67e-06 4.57e-06
1.2e+10 0.00020 -2.975  1.62e-06 1.81e-06 3.49e-06 4.07e-06 4.61e-06 5.98e-06 6.67e-06 4.76e-06
1.2e+10 0.00020 -2.925  1.75e-06 1.81e-06 3.70e-06 3.99e-06 5.19e-06 6.48e-06 6.77e-06 5.40e-06
1.2e+10 0.00020 -2.875  2.37e-06 2.29e-06 3.74e-06 3.99e-06 5.25e-06 6.94e-06 6.77e-06 5.25e-06
1.2e+10 0.00020 -2.825  2.28e-06 2.80e-06 3.78e-06 4.61e-06 5.46e-06 6.59e-06 7.11e-06 5.42e-06
1.2e+10 0.00020 -2.775  2.33e-06 2.64e-06 4.09e-06 4.49e-06 5.61e-06 6.96e-06 7.56e-06 5.79e-06
1.2e+10 0.00020 -2.725  2.30e-06 2.57e-06 4.07e-06 4.53e-06 5.50e-06 6.84e-06 7.90e-06 5.75e-06
1.2e+10 0.00020 -2.675  2.30e-06 2.70e-06 4.13e-06 4.65e-06 6.00e-06 7.90e-06 7.79e-06 5.88e-06
1.2e+10 0.00020 -2.625  2.53e-06 2.78e-06 4.15e-06 4.74e-06 5.98e-06 7.67e-06 7.79e-06 6.23e-06
1.2e+10 0.00020 -2.575  2.68e-06 3.01e-06 4.40e-06 5.09e-06 6.52e-06 7.79e-06 2.86e-05 6.73e-06
1.2e+10 0.00020 -2.525  2.70e-06 2.99e-06 4.69e-06 5.44e-06 6.94e-06 8.13e-06 1.18e-05 6.94e-06
1.2e+10 0.00020 -2.475  2.85e-06 3.07e-06 4.65e-06 5.46e-06 7.13e-06 2.13e-05 1.19e-05 7.04e-06
1.2e+10 0.00020 -2.425  2.78e-06 3.07e-06 4.65e-06 5.50e-06 7.04e-06 1.75e-05 1.13e-05 7.04e-06
1.2e+10 0.00020 -2.375  2.74e-06 2.97e-06 4.82e-06 6.02e-06 7.15e-06 1.24e-05 1.28e-05 7.46e-06
1.2e+10 0.00020 -2.325  2.89e-06 3.57e-06 5.13e-06 5.84e-06 7.83e-06 1.18e-05 1.67e-05 7.90e-06
1.2e+10 0.00020 -2.275  3.51e-06 3.74e-06 5.46e-06 6.17e-06 8.00e-06 1.30e-05 8.33e-06 7.90e-06
1.2e+10 0.00020 -2.225  3.36e-06 3.78e-06 5.73e-06 6.62e-06 8.13e-06 1.72e-05 8.33e-06 8.13e-06
1.2e+10 0.00020 -2.175  3.65e-06 3.90e-06 5.67e-06 7.15e-06 8.13e-06 8.33e-06 8.71e-06 8.35e-06
1.2e+10 0.00020 -2.125  3.63e-06 3.90e-06 6.06e-06 7.13e-06 1.78e-05 8.33e-06 9.00e-06 2.91e-05
1.2e+10 0.00020 -2.075  3.94e-06 4.21e-06 5.79e-06 7.31e-06 2.18e-05 8.42e-06 9.11e-06 1.29e-05
1.2e+10 0.00020 -2.025  4.01e-06 4.21e-06 6.31e-06 7.44e-06 1.25e-05 9.00e-06 9.50e-06 1.24e-05
1.2e+10 0.00020 -1.975  4.05e-06 4.46e-06 6.85e-06 7.92e-06 1.28e-05 9.00e-06 9.50e-06 1.27e-05
1.2e+10 0.00020 -1.925  4.26e-06 4.51e-06 7.27e-06 8.00e-06 1.68e-05 9.86e-06 9.78e-06 1.83e-05
1.2e+10 0.00020 -1.875  4.19e-06 4.53e-06 7.21e-06 8.23e-06 1.21e-05 9.50e-06 1.07e-05 8.33e-06
1.2e+10 0.00020 -1.825  4.49e-06 4.49e-06 7.58e-06 8.46e-06 8.67e-06 9.96e-06 1.12e-05 8.33e-06
1.2e+10 0.00020 -1.775  4.32e-06 5.03e-06 7.69e-06 1.36e-05 8.33e-06 1.03e-05 1.13e-05 8.75e-06
1.2e+10 0.00020 -1.725  4.86e-06 5.03e-06 7.85e-06 2.61e-05 9.21e-06 1.13e-05 1.23e-05 9.00e-06
1.2e+10 0.00020 -1.675  4.86e-06 5.15e-06 8.56e-06 1.29e-05 9.00e-06 1.17e-05 1.21e-05 9.38e-06
1.2e+10 0.00020 -1.625  4.82e-06 5.15e-06 8.33e-06 1.40e-05 9.42e-06 1.23e-05 1.33e-05 9.32e-06
1.2e+10 0.00020 -1.575  4.99e-06 5.69e-06 8.69e-06 1.94e-05 9.90e-06 1.25e-05 1.43e-05 9.90e-06
1.2e+10 0.00020 -1.525  5.07e-06 5.98e-06 1.27e-05 8.33e-06 9.90e-06 1.31e-05 1.46e-05 1.01e-05
1.2e+10 0.00020 -1.475  5.61e-06 6.00e-06 2.77e-05 8.67e-06 1.06e-05 1.45e-05 1.56e-05 1.06e-05
1.2e+10 0.00020 -1.425  5.77e-06 6.08e-06 1.30e-05 8.67e-06 1.10e-05 1.44e-05 1.70e-05 1.15e-05
1.2e+10 0.00020 -1.375  5.94e-06 6.44e-06 1.60e-05 9.25e-06 1.17e-05 1.60e-05 1.76e-05 1.13e-05
1.2e+10 0.00020 -1.325  6.31e-06 6.50e-06 1.64e-05 9.38e-06 1.20e-05 1.74e-05 1.90e-05 1.28e-05
1.2e+10 0.00020 -1.275  6.38e-06 7.08e-06 8.67e-06 9.86e-06 1.26e-05 1.80e-05 2.20e-05 1.26e-05
1.2e+10 0.00020 -1.225  6.54e-06 7.23e-06 9.00e-06 9.90e-06 1.32e-05 2.05e-05 2.25e-05 1.38e-05
1.2e+10 0.00020 -1.175  6.98e-06 7.89e-06 9.00e-06 1.03e-05 1.51e-05 2.18e-05 2.38e-05 1.47e-05
1.2e+10 0.00020 -1.125  7.50e-06 7.75e-06 9.42e-06 1.10e-05 1.48e-05 2.31e-05 2.78e-05 1.49e-05
1.2e+10 0.00020 -1.075  7.48e-06 8.23e-06 9.75e-06 1.16e-05 1.69e-05 2.74e-05 2.82e-05 1.79e-05
1.2e+10 0.00020 -1.025  7.67e-06 8.20e-06 9.96e-06 1.19e-05 1.82e-05 2.79e-05 4.72e-05 1.76e-05
1.2e+10 0.00020 -0.975  8.04e-06 8.91e-06 1.03e-05 1.28e-05 1.94e-05 4.07e-05 3.49e-05 2.06e-05
1.2e+10 0.00020 -0.925  8.23e-06 9.00e-06 1.05e-05 1.32e-05 2.28e-05 4.00e-05 3.70e-05 2.22e-05
1.2e+10 0.00020 -0.875  8.66e-06 9.23e-06 1.14e-05 1.44e-05 2.29e-05 3.75e-05 3.77e-05 2.34e-05
1.2e+10 0.00020 -0.825  8.89e-06 9.95e-06 1.21e-05 1.54e-05 2.88e-05 3.77e-05 3.67e-05 2.80e-05
1.2e+10 0.00020 -0.775  8.89e-06 3.14e-05 1.26e-05 1.75e-05 2.84e-05 3.75e-05 3.67e-05 2.84e-05
1.2e+10 0.00020 -0.725  2.09e-05 1.63e-05 1.32e-05 1.85e-05 4.93e-05 3.60e-05 3.72e-05 4.92e-05
1.2e+10 0.00020 -0.675  2.14e-05 1.94e-05 1.48e-05 2.12e-05 3.97e-05 3.81e-05 3.68e-05 3.80e-05
1.2e+10 0.00020 -0.625  1.55e-05 9.00e-06 1.56e-05 2.36e-05 3.99e-05 3.75e-05 3.89e-05 3.96e-05
1.2e+10 0.00020 -0.575  1.95e-05 9.00e-06 1.82e-05 2.70e-05 4.00e-05 3.73e-05 3.94e-05 4.00e-05
1.2e+10 0.00020 -0.525  9.00e-06 9.67e-06 1.90e-05 3.02e-05 3.92e-05 4.14e-05 4.24e-05 3.78e-05
1.2e+10 0.00020 -0.475  9.00e-06 9.33e-06 2.33e-05 5.16e-05 3.99e-05 4.14e-05 4.21e-05 4.02e-05
1.2e+10 0.00020 -0.425  9.00e-06 1.03e-05 2.58e-05 4.30e-05 3.90e-05 4.15e-05 4.35e-05 3.87e-05
1.2e+10 0.00020 -0.375  9.42e-06 1.01e-05 3.07e-05 4.41e-05 3.98e-05 4.41e-05 4.58e-05 4.09e-05
1.2e+10 0.00020 -0.325  1.01e-05 1.05e-05 5.30e-05 4.24e-05 4.32e-05 4.54e-05 4.93e-05 4.24e-05
1.2e+10 0.00020 -0.275  9.75e-06 1.11e-05 4.74e-05 4.30e-05 4.38e-05 4.97e-05 5.17e-05 4.34e-05
1.2e+10 0.00020 -0.225  1.06e-05 1.18e-05 4.87e-05 4.28e-05 4.51e-05 5.42e-05 5.79e-05 4.60e-05
1.2e+10 0.00020 -0.175  1.06e-05 1.26e-05 4.57e-05 4.53e-05 4.94e-05 5.98e-05 9.09e-05 4.71e-05
1.2e+10 0.00020 -0.125  1.18e-05 1.44e-05 4.53e-05 4.66e-05 5.49e-05 1.61e-04 2.75e-04 5.47e-05
1.2e+10 0.00020 -0.075  1.24e-05 1.48e-05 4.84e-05 4.85e-05 6.33e-05 1.93e-04 3.87e-05 6.11e-05
1.2e+10 0.00020 -0.025  1.32e-05 1.81e-05 5.00e-05 5.46e-05 2.44e-04 3.69e-05 3.76e-05 1.86e-04
1.2e+10 0.00020  0.025  1.43e-05 2.05e-05 5.29e-05 6.48e-05 9.36e-05 3.56e-05 3.86e-05 1.61e-04
1.2e+10 0.00020  0.075  1.63e-05 2.63e-05 6.17e-05 2.41e-04 3.01e-05 3.75e-05 4.03e-05 3.15e-05
1.2e+10 0.00020  0.125  1.85e-05 3.59e-05 1.20e-04 1.00e-04 3.25e-05 4.03e-05 4.17e-05 3.37e-05
1.2e+10 0.00020  0.175  2.28e-05 8.17e-05 2.39e-04 2.69e-05 3.47e-05 4.03e-05 4.16e-05 3.33e-05
1.2e+10 0.00020  0.225  2.68e-05 8.48e-05 2.49e-05 2.81e-05 3.47e-05 4.09e-05 4.37e-05 3.54e-05
1.2e+10 0.00020  0.275  3.73e-05 8.77e-05 2.52e-05 2.93e-05 3.66e-05 4.37e-05 4.61e-05 3.71e-05
1.2e+10 0.00020  0.325  7.79e-05 1.04e-04 2.66e-05 3.12e-05 3.71e-05 4.37e-05 4.63e-05 3.71e-05
1.2e+10 0.00020  0.375  7.78e-05 3.12e-04 2.77e-05 3.12e-05 3.75e-05 4.62e-05 4.63e-05 3.80e-05
1.2e+10 0.00020  0.425  9.15e-05 2.28e-05 2.89e-05 3.16e-05 4.20e-05 4.84e-05 5.00e-05 4.20e-05
1.2e+10 0.00020  0.475  1.38e-04 1.86e-05 2.93e-05 3.47e-05 4.03e-05 4.62e-05 5.00e-05 3.90e-05
1.2e+10 0.00020  0.525  2.87e-04 1.97e-05 3.04e-05 3.62e-05 4.37e-05 5.00e-05 5.20e-05 4.57e-05
1.2e+10 0.00020  0.575  1.88e-05 2.02e-05 3.25e-05 3.58e-05 4.37e-05 5.21e-05 5.47e-05 4.37e-05
1.2e+10 0.00020  0.625  1.90e-05 2.14e-05 3.25e-05 3.88e-05 4.58e-05 5.15e-05 5.22e-05 4.59e-05
1.2e+10 0.00020  0.675  2.00e-05 2.15e-05 3.46e-05 3.73e-05 4.63e-05 5.47e-05 5.49e-05 4.63e-05
1.2e+10 0.00020  0.725  2.06e-05 2.37e-05 3.47e-05 4.20e-05 4.84e-05 5.22e-05 5.86e-05 4.84e-05
1.2e+10 0.00020  0.775  2.14e-05 2.37e-05 3.82e-05 4.03e-05 5.03e-05 5.90e-05 5.68e-05 5.02e-05
1.2e+10 0.00020  0.825  2.35e-05 2.50e-05 3.71e-05 4.42e-05 5.00e-05 5.62e-05 5.88e-05 5.00e-05
1.2e+10 0.00020  0.875  2.28e-05 2.56e-05 3.88e-05 4.58e-05 5.21e-05 5.98e-05 6.13e-05 5.37e-05
1.2e+10 0.00020  0.925  2.46e-05 2.72e-05 4.19e-05 4.58e-05 5.39e-05 5.88e-05 6.09e-05 5.47e-05
1.2e+10 0.00020  0.975  2.56e-05 2.77e-05 4.20e-05 4.83e-05 5.72e-05 6.13e-05 6.32e-05 5.47e-05
1.2e+10 0.00020  1.025  2.56e-05 2.79e-05 4.55e-05 4.84e-05 5.40e-05 6.32e-05 6.44e-05 5.56e-05
1.2e+10 0.00020  1.075  2.77e-05 3.05e-05 4.58e-05 5.03e-05 5.85e-05 6.57e-05 6.43e-05 5.85e-05
1.2e+10 0.00020  1.125  2.77e-05 3.05e-05 4.58e-05 5.21e-05 6.09e-05 6.45e-05 7.08e-05 5.87e-05
1.2e+10 0.00020  1.175  3.03e-05 3.31e-05 4.83e-05 5.21e-05 6.08e-05 6.75e-05 7.04e-05 6.12e-05
1.2e+10 0.00020  1.225  3.05e-05 3.38e-05 5.05e-05 5.64e-05 6.13e-05 7.04e-05 7.67e-05 6.13e-05
1.2e+10 0.00020  1.275  3.12e-05 3.42e-05 5.03e-05 5.72e-05 6.35e-05 7.32e-05 7.50e-05 6.34e-05
1.2e+10 0.00020  1.325  3.25e-05 3.61e-05 5.42e-05 5.62e-05 6.57e-05 7.97e-05 7.79e-05 6.57e-05
1.2e+10 0.00020  1.375  3.46e-05 3.65e-05 5.21e-05 6.09e-05 6.51e-05 7.51e-05 8.93e-05 6.69e-05
1.2e+10 0.00020  1.425  3.61e-05 4.04e-05 5.68e-05 5.86e-05 6.99e-05 9.14e-05 8.34e-05 6.71e-05
1.2e+10 0.00020  1.475  3.62e-05 4.04e-05 5.72e-05 6.35e-05 6.95e-05 8.93e-05 9.58e-05 7.12e-05
1.2e+10 0.00020  1.525  3.81e-05 4.15e-05 6.07e-05 6.37e-05 7.68e-05 8.95e-05 1.02e-04 7.36e-05
1.2e+10 0.00020  1.575  3.88e-05 4.37e-05 6.09e-05 6.59e-05 7.99e-05 1.02e-04 9.93e-05 7.97e-05
1.2e+10 0.00020  1.625  4.10e-05 4.52e-05 6.11e-05 6.57e-05 7.97e-05 1.02e-04 1.15e-04 8.44e-05
1.2e+10 0.00020  1.675  4.37e-05 4.78e-05 6.37e-05 6.69e-05 9.11e-05 1.20e-04 1.15e-04 8.89e-05
1.2e+10 0.00020  1.725  4.20e-05 4.58e-05 6.62e-05 6.99e-05 9.52e-05 1.15e-04 1.21e-04 8.93e-05
1.2e+10 0.00020  1.775  4.78e-05 5.03e-05 6.58e-05 7.80e-05 9.53e-05 1.24e-04 1.23e-04 9.54e-05
1.2e+10 0.00020  1.825  4.78e-05 5.26e-05 6.81e-05 7.81e-05 1.08e-04 1.31e-04 1.32e-04 1.14e-04
1.2e+10 0.00020  1.875  4.81e-05 5.25e-05 7.18e-05 8.44e-05 1.14e-04 1.35e-04 1.38e-04 1.08e-04
1.2e+10 0.00020  1.925  5.05e-05 5.42e-05 7.07e-05 8.45e-05 1.27e-04 1.47e-04 1.38e-04 1.21e-04
1.2e+10 0.00020  1.975  5.05e-05 5.63e-05 8.32e-05 9.99e-05 1.29e-04 1.47e-04 1.74e-04 1.29e-04
1.2e+10 0.00020  2.025  5.42e-05 5.72e-05 8.06e-05 9.53e-05 1.35e-04 1.60e-04 1.72e-04 1.35e-04
1.2e+10 0.00020  2.075  5.42e-05 5.97e-05 8.91e-05 1.14e-04 1.46e-04 1.83e-04 1.78e-04 1.39e-04
1.2e+10 0.00020  2.125  5.77e-05 6.28e-05 9.79e-05 1.20e-04 1.55e-04 1.75e-04 2.20e-04 1.54e-04
1.2e+10 0.00020  2.175  5.97e-05 6.32e-05 1.01e-04 1.29e-04 1.56e-04 2.34e-04 2.20e-04 1.56e-04
1.2e+10 0.00020  2.225  5.94e-05 6.40e-05 1.13e-04 1.43e-04 1.68e-04 2.20e-04 2.52e-04 1.65e-04
1.2e+10 0.00020  2.275  6.09e-05 6.86e-05 1.26e-04 1.47e-04 1.95e-04 2.71e-04 2.88e-04 1.95e-04
1.2e+10 0.00020  2.325  6.33e-05 6.86e-05 1.37e-04 1.54e-04 1.95e-04 2.88e-04 2.89e-04 1.83e-04
1.2e+10 0.00020  2.375  6.81e-05 7.05e-05 1.49e-04 1.72e-04 2.46e-04 3.08e-04 3.36e-04 2.39e-04
1.2e+10 0.00020  2.425  6.62e-05 7.37e-05 1.66e-04 1.75e-04 2.35e-04 3.47e-04 4.07e-04 2.35e-04
1.2e+10 0.00020  2.475  7.07e-05 7.55e-05 1.69e-04 1.86e-04 2.90e-04 4.35e-04 4.42e-04 2.62e-04
1.2e+10 0.00020  2.525  7.05e-05 8.19e-05 1.83e-04 2.18e-04 3.08e-04 4.42e-04 4.63e-04 3.07e-04
1.2e+10 0.00020  2.575  7.39e-05 9.09e-05 1.93e-04 2.25e-04 3.12e-04 4.52e-04 5.37e-04 3.08e-04
1.2e+10 0.00020  2.625  7.67e-05 9.85e-05 2.06e-04 2.49e-04 3.90e-04 5.54e-04 5.56e-04 3.78e-04
1.2e+10 0.00020  2.675  8.96e-05 1.05e-04 2.29e-04 2.69e-04 4.45e-04 5.56e-04 5.30e-04 4.41e-04
1.2e+10 0.00020  2.725  9.44e-05 1.25e-04 2.59e-04 3.26e-04 4.62e-04 5.62e-04 6.42e-04 4.62e-04
1.2e+10 0.00020  2.775  9.85e-05 1.37e-04 2.64e-04 3.27e-04 5.02e-04 6.67e-04 7.40e-04 4.69e-04
1.2e+10 0.00020  2.825  1.13e-04 1.62e-04 3.24e-04 3.63e-04 5.55e-04 7.57e-04 7.61e-04 5.54e-04
1.2e+10 0.00020  2.875  1.25e-04 1.94e-04 3.27e-04 4.57e-04 5.57e-04 7.68e-04 8.75e-04 5.85e-04
1.2e+10 0.00020  2.925  1.62e-04 2.10e-04 3.65e-04 4.61e-04 6.11e-04 8.74e-04 8.79e-04 5.71e-04
1.2e+10 0.00020  2.975  1.77e-04 2.28e-04 4.17e-04 4.99e-04 6.85e-04 8.47e-04 9.15e-04 6.52e-04
1.2e+10 0.00020  3.025  2.05e-04 2.48e-04 4.99e-04 5.54e-04 7.59e-04 9.58e-04 9.75e-04 7.58e-04
1.2e+10 0.00020  3.075  2.31e-04 2.64e-04 4.82e-04 5.84e-04 7.90e-04 9.76e-04 1.04e-03 7.86e-04
1.2e+10 0.00020  3.125  2.53e-04 2.75e-04 5.59e-04 5.68e-04 8.43e-04 1.03e-03 1.08e-03 8.42e-04
1.2e+10 0.00020  3.175  2.64e-04 3.19e-04 5.84e-04 6.57e-04 8.50e-04 1.08e-03 1.13e-03 8.47e-04
1.2e+10 0.00020  3.225  2.86e-04 3.36e-04 5.58e-04 7.58e-04 9.36e-04 1.09e-03 1.23e-03 9.28e-04
1.2e+10 0.00020  3.275  3.26e-04 3.84e-04 6.42e-04 7.48e-04 9.43e-04 1.25e-03 1.26e-03 9.42e-04
1.2e+10 0.00020  3.325  3.37e-04 3.96e-04 7.40e-04 8.41e-04 1.01e-03 1.26e-03 1.34e-03 1.03e-03
1.2e+10 0.00020  3.375  3.80e-04 4.44e-04 7.35e-04 8.14e-04 1.08e-03 1.29e-03 1.35e-03 1.04e-03
1.2e+10 0.00020  3.425  4.16e-04 5.18e-04 8.04e-04 9.22e-04 1.05e-03 1.35e-03 1.51e-03 1.09e-03
1.2e+10 0.00020  3.475  4.51e-04 5.20e-04 8.13e-04 9.06e-04 1.19e-03 1.51e-03 1.59e-03 1.18e-03
1.2e+10 0.00020  3.525  5.30e-04 5.76e-04 8.71e-04 9.67e-04 1.21e-03 1.49e-03 1.65e-03 1.19e-03
1.2e+10 0.00020  3.575  5.20e-04 5.84e-04 9.04e-04 1.04e-03 1.29e-03 1.65e-03 1.75e-03 1.29e-03
1.2e+10 0.00020  3.625  5.86e-04 5.87e-04 9.24e-04 1.01e-03 1.30e-03 1.69e-03 1.85e-03 1.30e-03
1.2e+10 0.00020  3.675  5.84e-04 6.72e-04 9.97e-04 1.12e-03 1.41e-03 1.85e-03 1.94e-03 1.46e-03
1.2e+10 0.00020  3.725  6.14e-04 7.05e-04 1.00e-03 1.18e-03 1.43e-03 1.88e-03 2.05e-03 1.43e-03
1.2e+10 0.00020  3.775  6.46e-04 7.35e-04 1.01e-03 1.21e-03 1.59e-03 1.98e-03 2.17e-03 1.59e-03
1.2e+10 0.00020  3.825  7.31e-04 7.90e-04 1.17e-03 1.25e-03 1.58e-03 2.07e-03 2.24e-03 1.56e-03
1.2e+10 0.00020  3.875  7.35e-04 8.13e-04 1.16e-03 1.31e-03 1.72e-03 2.24e-03 2.48e-03 1.77e-03
1.2e+10 0.00020  3.925  7.90e-04 8.05e-04 1.24e-03 1.42e-03 1.80e-03 2.25e-03 2.54e-03 1.74e-03
1.2e+10 0.00020  3.975  8.13e-04 8.69e-04 1.21e-03 1.41e-03 1.91e-03 2.52e-03 2.66e-03 1.91e-03
1.2e+10 0.00020  4.025  8.40e-04 8.79e-04 1.37e-03 1.55e-03 1.94e-03 2.50e-03 2.79e-03 2.00e-03
1.2e+10 0.00020  4.075  8.34e-04 9.16e-04 1.33e-03 1.56e-03 2.07e-03 2.70e-03 2.93e-03 2.06e-03
1.2e+10 0.00020  4.125  8.79e-04 9.63e-04 1.48e-03 1.72e-03 2.11e-03 2.79e-03 3.04e-03 2.18e-03
1.2e+10 0.00020  4.175  9.56e-04 9.70e-04 1.45e-03 1.69e-03 2.28e-03 2.85e-03 3.16e-03 2.28e-03
1.2e+10 0.00020  4.225  9.23e-04 1.04e-03 1.60e-03 1.85e-03 2.40e-03 2.99e-03 3.30e-03 2.46e-03
1.2e+10 0.00020  4.275  9.70e-04 1.10e-03 1.67e-03 1.90e-03 2.51e-03 3.11e-03 3.42e-03 2.43e-03
1.2e+10 0.00020  4.325  1.04e-03 1.10e-03 1.70e-03 2.01e-03 2.56e-03 3.21e-03 3.59e-03 2.64e-03
1.2e+10 0.00020  4.375  1.10e-03 1.15e-03 1.80e-03 2.04e-03 2.69e-03 3.33e-03 3.84e-03 2.69e-03
1.2e+10 0.00020  4.425  1.10e-03 1.21e-03 1.82e-03 2.25e-03 2.69e-03 3.58e-03 3.91e-03 2.78e-03
1.2e+10 0.00020  4.475  1.11e-03 1.22e-03 1.94e-03 2.27e-03 2.95e-03 3.72e-03 3.97e-03 2.95e-03
1.2e+10 0.00020  4.525  1.21e-03 1.29e-03 2.02e-03 2.36e-03 2.94e-03 3.75e-03 4.14e-03 3.02e-03
1.2e+10 0.00020  4.575  1.22e-03 1.39e-03 2.18e-03 2.48e-03 3.08e-03 3.84e-03 4.39e-03 3.07e-03
1.2e+10 0.00020  4.625  1.24e-03 1.35e-03 2.20e-03 2.59e-03 3.21e-03 3.97e-03 4.42e-03 3.26e-03
1.2e+10 0.00020  4.675  1.34e-03 1.45e-03 2.24e-03 2.61e-03 3.36e-03 4.18e-03 4.54e-03 3.37e-03
1.2e+10 0.00020  4.725  1.35e-03 1.48e-03 2.33e-03 2.74e-03 3.44e-03 4.21e-03 4.71e-03 3.60e-03
1.2e+10 0.00020  4.775  1.42e-03 1.57e-03 2.51e-03 2.84e-03 3.46e-03 4.38e-03 4.84e-03 3.56e-03
1.2e+10 0.00020  4.825  1.48e-03 1.60e-03 2.43e-03 2.89e-03 3.61e-03 4.57e-03 5.14e-03 3.63e-03
1.2e+10 0.00020  4.875  1.50e-03 1.70e-03 2.63e-03 3.05e-03 3.73e-03 4.68e-03 5.11e-03 3.81e-03
1.2e+10 0.00020  4.925  1.60e-03 1.72e-03 2.64e-03 3.16e-03 3.79e-03 4.64e-03 5.25e-03 3.93e-03
1.2e+10 0.00020  4.975  1.55e-03 1.74e-03 2.79e-03 3.18e-03 3.89e-03 4.93e-03 5.40e-03 3.92e-03
1.2e+10 0.00020  5.025  1.69e-03 1.85e-03 2.76e-03 3.36e-03 4.05e-03 5.06e-03 5.56e-03 4.14e-03
1.2e+10 0.00020  5.075  1.74e-03 2.00e-03 2.89e-03 3.32e-03 4.12e-03 5.20e-03 5.33e-03 4.22e-03
1.2e+10 0.00020  5.125  1.77e-03 1.94e-03 3.05e-03 3.47e-03 4.13e-03 5.16e-03 5.48e-03 4.32e-03
1.2e+10 0.00020  5.175  1.85e-03 2.06e-03 3.08e-03 3.50e-03 4.40e-03 5.30e-03 5.42e-03 4.42e-03
1.2e+10 0.00020  5.225  1.87e-03 2.09e-03 3.07e-03 3.58e-03 4.33e-03 5.05e-03 5.78e-03 4.53e-03
1.2e+10 0.00020  5.275  1.95e-03 2.09e-03 3.19e-03 3.69e-03 4.61e-03 5.38e-03 5.94e-03 4.64e-03
1.2e+10 0.00020  5.325  2.00e-03 2.26e-03 3.29e-03 3.74e-03 4.73e-03 5.52e-03 6.11e-03 4.76e-03
1.2e+10 0.00020  5.375  2.03e-03 2.22e-03 3.30e-03 3.90e-03 4.66e-03 5.67e-03 6.29e-03 4.88e-03
1.2e+10 0.00020  5.425  2.07e-03 2.35e-03 3.36e-03 3.98e-03 4.97e-03 5.83e-03 6.58e-03 5.20e-03
1.2e+10 0.00020  5.475  2.19e-03 2.30e-03 3.34e-03 4.07e-03 4.90e-03 5.99e-03 7.52e-03 4.76e-03
1.2e+10 0.00020  5.525  2.20e-03 2.45e-03 3.49e-03 4.17e-03 4.83e-03 6.16e-03 7.96e-03 5.07e-03
1.2e+10 0.00020  5.575  2.28e-03 2.43e-03 3.74e-03 4.26e-03 4.95e-03 6.82e-03 7.82e-03 5.20e-03
1.2e+10 0.00020  5.625  2.26e-03 2.53e-03 3.66e-03 4.18e-03 5.07e-03 7.29e-03 8.29e-03 5.13e-03
1.2e+10 0.00020  5.675  2.41e-03 2.61e-03 3.73e-03 4.46e-03 5.41e-03 7.73e-03 8.14e-03 5.47e-03
1.2e+10 0.00020  5.725  2.41e-03 2.58e-03 3.81e-03 4.56e-03 5.33e-03 7.57e-03 8.63e-03 5.61e-03
1.2e+10 0.00020  5.775  2.47e-03 2.67e-03 4.06e-03 4.67e-03 5.47e-03 8.03e-03 8.78e-03 5.76e-03
1.2e+10 0.00020  5.825  2.51e-03 2.71e-03 3.98e-03 4.59e-03 5.84e-03 8.19e-03 9.39e-03 5.69e-03
1.2e+10 0.00020  5.875  2.59e-03 2.74e-03 4.06e-03 4.70e-03 5.76e-03 8.04e-03 9.61e-03 6.36e-03
1.2e+10 0.00020  5.925  2.58e-03 2.78e-03 4.15e-03 4.81e-03 6.81e-03 8.70e-03 9.84e-03 7.27e-03
1.2e+10 0.00020  5.975  2.74e-03 2.75e-03 4.43e-03 4.92e-03 7.04e-03 9.05e-03 1.01e-02 7.41e-03
1.2e+10 0.00020  6.025  2.75e-03 2.87e-03 4.34e-03 5.04e-03 7.47e-03 9.65e-03 1.07e-02 7.24e-03
1.2e+10 0.00020  6.075  2.79e-03 2.93e-03 4.24e-03 5.16e-03 7.30e-03 9.48e-03 1.06e-02 7.68e-03
1.2e+10 0.00020  6.125  2.84e-03 2.90e-03 4.53e-03 5.29e-03 7.44e-03 9.70e-03 1.23e-02 7.52e-03
1.2e+10 0.00020  6.175  2.88e-03 3.11e-03 4.63e-03 5.42e-03 7.58e-03 1.03e-02 1.28e-02 7.98e-03
1.2e+10 0.00020  6.225  2.96e-03 3.14e-03 4.53e-03 5.66e-03 7.72e-03 1.02e-02 1.32e-02 7.89e-03
1.2e+10 0.00020  6.275  3.04e-03 3.19e-03 4.84e-03 6.65e-03 8.32e-03 1.23e-02 1.36e-02 8.97e-03
1.2e+10 0.00020  6.325  3.31e-03 3.25e-03 4.96e-03 6.76e-03 8.67e-03 1.23e-02 1.41e-02 9.17e-03
1.2e+10 0.00020  6.375  3.31e-03 3.31e-03 4.85e-03 6.87e-03 9.24e-03 1.32e-02 1.45e-02 8.98e-03
1.2e+10 0.00020  6.425  3.38e-03 3.37e-03 5.19e-03 6.99e-03 9.05e-03 1.36e-02 1.50e-02 9.59e-03
1.2e+10 0.00020  6.475  3.44e-03 3.60e-03 5.31e-03 7.12e-03 9.66e-03 1.35e-02 1.49e-02 9.81e-03
1.2e+10 0.00020  6.525  3.51e-03 3.50e-03 6.00e-03 7.25e-03 9.47e-03 1.45e-02 1.61e-02 9.62e-03
1.2e+10 0.00020  6.575  3.57e-03 3.56e-03 6.44e-03 7.38e-03 9.69e-03 1.44e-02 1.60e-02 1.08e-02
1.2e+10 0.00020  6.625  3.64e-03 3.63e-03 6.24e-03 7.76e-03 1.13e-02 1.49e-02 1.73e-02 1.21e-02
1.2e+10 0.00020  6.675  3.71e-03 3.70e-03 6.65e-03 8.25e-03 1.22e-02 1.60e-02 1.52e-02 1.30e-02
1.2e+10 0.00020  6.725  3.79e-03 3.77e-03 6.76e-03 8.80e-03 1.25e-02 1.59e-02 1.49e-02 1.28e-02
1.2e+10 0.00020  6.775  3.86e-03 3.84e-03 6.56e-03 8.60e-03 1.29e-02 1.65e-02 1.47e-02 1.32e-02
1.2e+10 0.00020  6.825  3.94e-03 3.91e-03 6.99e-03 8.78e-03 1.39e-02 1.61e-02 1.59e-02 1.36e-02
1.2e+10 0.00020  6.875  4.02e-03 3.99e-03 6.78e-03 9.38e-03 1.37e-02 1.42e-02 1.57e-02 1.41e-02
1.2e+10 0.00020  6.925  4.10e-03 4.07e-03 7.77e-03 9.17e-03 1.42e-02 1.53e-02 1.70e-02 1.45e-02
1.2e+10 0.00020  6.975  4.39e-03 4.15e-03 7.92e-03 9.99e-03 1.40e-02 1.51e-02 1.76e-02 1.50e-02
1.2e+10 0.00020  7.025  4.28e-03 4.24e-03 8.07e-03 1.15e-02 1.51e-02 1.56e-02 1.54e-02 1.55e-02
1.2e+10 0.00020  7.075  4.37e-03 4.32e-03 8.23e-03 1.23e-02 1.57e-02 1.69e-02 1.36e-02 1.61e-02
1.2e+10 0.00020  7.125  4.67e-03 4.41e-03 8.40e-03 1.22e-02 1.62e-02 1.67e-02 1.40e-02 1.67e-02
1.2e+10 0.00020  7.175  4.56e-03 4.50e-03 8.99e-03 1.31e-02 1.68e-02 1.64e-02 1.51e-02 1.51e-02
1.2e+10 0.00020  7.225  4.66e-03 4.59e-03 8.76e-03 1.29e-02 1.40e-02 1.42e-02 1.49e-02 1.43e-02
1.2e+10 0.00020  7.275  4.99e-03 5.02e-03 9.01e-03 1.33e-02 1.50e-02 1.40e-02 1.53e-02 1.47e-02
1.2e+10 0.00020  7.325  4.92e-03 5.52e-03 1.10e-02 1.43e-02 1.48e-02 1.50e-02 1.65e-02 1.59e-02
1.2e+10 0.00020  7.375  6.06e-03 5.60e-03 1.18e-02 1.42e-02 1.53e-02 1.48e-02 1.63e-02 1.57e-02
1.2e+10 0.00020  7.425  5.86e-03 5.37e-03 1.16e-02 1.46e-02 1.66e-02 1.53e-02 1.69e-02 1.63e-02
1.2e+10 0.00020  7.475  6.24e-03 5.75e-03 1.24e-02 1.58e-02 1.64e-02 1.64e-02 1.71e-02 1.68e-02
1.2e+10 0.00020  7.525  6.04e-03 5.84e-03 1.22e-02 1.57e-02 1.70e-02 1.63e-02 1.31e-02 1.56e-02
1.2e+10 0.00020  7.575  6.44e-03 5.92e-03 1.32e-02 1.59e-02 1.44e-02 1.75e-02 1.35e-02 1.36e-02
1.2e+10 0.00020  7.625  6.23e-03 5.69e-03 1.30e-02 1.40e-02 1.43e-02 1.74e-02 1.38e-02 1.46e-02
1.2e+10 0.00020  7.675  6.65e-03 6.09e-03 1.40e-02 1.44e-02 1.41e-02 1.39e-02 1.42e-02 1.44e-02
1.2e+10 0.00020  7.725  6.76e-03 6.19e-03 1.38e-02 1.49e-02 1.52e-02 1.34e-02 1.46e-02 1.49e-02
1.2e+10 0.00020  7.775  6.79e-03 6.70e-03 1.49e-02 1.47e-02 1.50e-02 1.38e-02 1.50e-02 1.60e-02
1.2e+10 0.00020  7.825  7.87e-03 7.19e-03 1.47e-02 1.59e-02 1.61e-02 1.41e-02 1.54e-02 1.58e-02
1.2e+10 0.00020  7.875  7.64e-03 6.93e-03 1.59e-02 1.64e-02 1.60e-02 1.52e-02 1.58e-02 1.63e-02
1.2e+10 0.00020  7.925  7.78e-03 7.05e-03 1.39e-02 1.70e-02 1.65e-02 1.49e-02 1.63e-02 1.69e-02
1.2e+10 0.00020  7.975  8.33e-03 7.57e-03 1.35e-02 1.42e-02 1.78e-02 1.54e-02 1.68e-02 1.73e-02
1.2e+10 0.00020  8.025  8.09e-03 7.30e-03 1.39e-02 1.37e-02 1.56e-02 1.58e-02 1.51e-02 1.37e-02
1.2e+10 0.00020  8.075  8.67e-03 7.85e-03 1.44e-02 1.41e-02 1.39e-02 1.71e-02 1.34e-02 1.35e-02
1.2e+10 0.00020  8.125  8.42e-03 7.57e-03 1.48e-02 1.39e-02 1.36e-02 1.68e-02 1.37e-02 1.38e-02
1.2e+10 0.00020  8.175  9.65e-03 8.51e-03 1.53e-02 1.50e-02 1.46e-02 1.51e-02 1.40e-02 1.42e-02
1.2e+10 0.00020  8.225  1.11e-02 1.00e-02 1.66e-02 1.54e-02 1.43e-02 1.39e-02 1.44e-02 1.46e-02
1.2e+10 0.00020  8.275  1.14e-02 1.03e-02 1.64e-02 1.59e-02 1.54e-02 1.37e-02 1.47e-02 1.57e-02
1.2e+10 0.00020  8.325  1.17e-02 1.05e-02 1.28e-02 1.64e-02 1.51e-02 1.47e-02 1.51e-02 1.54e-02
1.2e+10 0.00020  8.375  1.20e-02 1.13e-02 1.32e-02 1.70e-02 1.63e-02 1.50e-02 1.34e-02 1.59e-02
1.2e+10 0.00020  8.425  1.29e-02 1.11e-02 1.35e-02 1.68e-02 1.61e-02 1.54e-02 1.21e-02 1.63e-02
1.2e+10 0.00020  8.475  1.27e-02 1.13e-02 1.46e-02 1.32e-02 1.65e-02 1.59e-02 1.30e-02 1.68e-02
1.2e+10 0.00020  8.525  1.31e-02 1.16e-02 1.43e-02 1.35e-02 1.71e-02 1.27e-02 1.27e-02 1.48e-02
1.2e+10 0.00020  8.575  1.35e-02 1.26e-02 1.48e-02 1.39e-02 1.44e-02 1.27e-02 1.29e-02 1.40e-02
1.2e+10 0.00020  8.625  1.39e-02 1.23e-02 1.52e-02 1.42e-02 1.41e-02 1.36e-02 1.38e-02 1.43e-02
1.2e+10 0.00020  8.675  1.44e-02 1.27e-02 1.57e-02 1.46e-02 1.45e-02 1.33e-02 1.35e-02 1.41e-02
1.2e+10 0.00020  8.725  1.48e-02 1.37e-02 1.69e-02 1.50e-02 1.49e-02 1.42e-02 1.39e-02 1.51e-02
1.2e+10 0.00020  8.775  1.53e-02 1.34e-02 1.64e-02 1.55e-02 1.59e-02 1.40e-02 1.48e-02 1.55e-02
1.2e+10 0.00020  8.825  1.37e-02 1.38e-02 1.25e-02 1.59e-02 1.57e-02 1.43e-02 1.03e-02 1.52e-02
1.2e+10 0.00020  8.875  1.36e-02 1.34e-02 1.28e-02 1.64e-02 1.44e-02 1.53e-02 8.92e-03 1.33e-02
1.2e+10 0.00020  8.925  1.40e-02 1.22e-02 1.38e-02 1.69e-02 1.32e-02 1.33e-02 9.51e-03 1.28e-02
1.2e+10 0.00020  8.975  1.38e-02 1.25e-02 1.35e-02 1.44e-02 1.41e-02 9.76e-03 9.66e-03 1.36e-02
1.2e+10 0.00020  9.025  1.49e-02 1.28e-02 1.38e-02 1.34e-02 1.38e-02 9.92e-03 9.34e-03 1.34e-02
1.2e+10 0.00020  9.075  1.54e-02 1.39e-02 1.49e-02 1.43e-02 1.42e-02 9.62e-03 9.96e-03 1.43e-02
1.2e+10 0.00020  9.125  1.59e-02 1.36e-02 1.46e-02 1.47e-02 1.51e-02 1.02e-02 1.01e-02 1.40e-02
1.2e+10 0.00020  9.175  1.54e-02 1.40e-02 1.50e-02 1.45e-02 1.49e-02 1.04e-02 9.80e-03 1.50e-02
1.2e+10 0.00020  9.225  1.29e-02 1.44e-02 1.54e-02 1.55e-02 1.53e-02 1.06e-02 1.05e-02 1.47e-02
1.2e+10 0.00020  9.275  1.32e-02 1.44e-02 1.66e-02 1.52e-02 1.41e-02 1.08e-02 1.01e-02 1.31e-02
1.2e+10 0.00020  9.325  1.36e-02 1.23e-02 1.56e-02 1.32e-02 1.07e-02 1.10e-02 1.08e-02 9.77e-03
1.2e+10 0.00020  9.375  1.39e-02 1.20e-02 1.27e-02 1.28e-02 1.08e-02 1.12e-02 1.10e-02 1.04e-02
1.2e+10 0.00020  9.425  1.43e-02 1.23e-02 1.35e-02 1.36e-02 1.06e-02 1.14e-02 1.07e-02 1.01e-02
1.2e+10 0.00020  9.475  1.48e-02 1.32e-02 1.39e-02 1.40e-02 1.12e-02 1.16e-02 1.14e-02 1.03e-02
1.2e+10 0.00020  9.525  1.52e-02 1.29e-02 1.42e-02 1.37e-02 1.14e-02 1.18e-02 9.88e-03 1.09e-02
1.2e+10 0.00020  9.575  1.57e-02 1.33e-02 1.39e-02 1.46e-02 1.16e-02 1.20e-02 4.31e-03 1.06e-02
1.2e+10 0.00020  9.625  1.62e-02 1.43e-02 1.49e-02 1.44e-02 1.14e-02 7.10e-03 4.56e-03 1.13e-02
1.2e+10 0.00020  9.675  1.59e-02 1.40e-02 1.47e-02 1.54e-02 1.21e-02 4.98e-03 4.38e-03 1.10e-02
1.2e+10 0.00020  9.725  1.25e-02 1.44e-02 1.20e-02 1.27e-02 1.23e-02 4.80e-03 4.63e-03 1.12e-02
1.2e+10 0.00020  9.775  1.28e-02 1.56e-02 1.28e-02 1.02e-02 1.26e-02 5.06e-03 4.44e-03 1.19e-02
1.2e+10 0.00020  9.825  1.37e-02 1.37e-02 1.25e-02 1.04e-02 1.23e-02 4.88e-03 4.69e-03 1.16e-02
1.2e+10 0.00020  9.875  1.34e-02 1.19e-02 1.28e-02 1.06e-02 1.31e-02 5.14e-03 4.20e-03 1.18e-02
1.2e+10 0.00020  9.925  1.38e-02 1.15e-02 1.37e-02 1.08e-02 8.08e-03 4.84e-03 4.09e-03 1.26e-02
1.2e+10 0.00020  9.975  1.41e-02 1.24e-02 1.34e-02 1.10e-02 5.86e-03 4.31e-03 4.12e-03 5.17e-03
1.2e+10 0.00020 10.025  1.45e-02 1.21e-02 1.43e-02 1.12e-02 5.69e-03 4.56e-03 4.14e-03 5.21e-03
1.2e+10 0.00020 10.075  1.49e-02 1.30e-02 1.40e-02 1.14e-02 5.74e-03 4.59e-03 3.95e-03 5.04e-03
1.2e+10 0.00020 10.125  1.53e-02 1.27e-02 1.30e-02 1.16e-02 6.02e-03 4.62e-03 4.20e-03 5.30e-03
1.2e+10 0.00020 10.175  1.58e-02 1.37e-02 9.75e-03 1.13e-02 5.75e-03 4.66e-03 4.22e-03 5.34e-03
1.2e+10 0.00020 10.225  1.60e-02 1.33e-02 9.91e-03 1.20e-02 5.39e-03 4.69e-03 4.25e-03 5.35e-03
1.2e+10 0.00020 10.275  1.26e-02 1.44e-02 9.61e-03 1.22e-02 5.44e-03 4.72e-03 4.05e-03 4.95e-03
1.2e+10 0.00020 10.325  1.29e-02 1.40e-02 1.02e-02 1.25e-02 5.71e-03 4.76e-03 4.31e-03 4.77e-03
1.2e+10 0.00020 10.375  1.32e-02 1.52e-02 9.93e-03 9.86e-03 5.53e-03 4.79e-03 4.33e-03 5.03e-03
1.2e+10 0.00020 10.425  1.41e-02 1.35e-02 1.06e-02 5.62e-03 5.80e-03 4.60e-03 4.36e-03 5.06e-03
1.2e+10 0.00020 10.475  1.38e-02 1.15e-02 1.08e-02 5.45e-03 5.63e-03 4.86e-03 4.16e-03 5.10e-03
1.2e+10 0.00020 10.525  1.42e-02 1.18e-02 1.04e-02 5.72e-03 5.91e-03 4.90e-03 4.42e-03 5.14e-03
1.2e+10 0.00020 10.575  1.45e-02 1.20e-02 1.11e-02 5.77e-03 5.73e-03        0 2.10e-03 5.18e-03
1.2e+10 0.00020 10.625  1.24e-02 1.23e-02 1.08e-02 5.60e-03 6.01e-03        0        0 5.23e-03
1.2e+10 0.00020 10.675  1.22e-02 1.25e-02 1.15e-02 5.61e-03 5.13e-03        0        0 5.27e-03
1.2e+10 0.00020 10.725  1.24e-02 1.35e-02 1.17e-02 5.64e-03        0        0        0 5.08e-03
1.2e+10 0.00020 10.775  1.21e-02 1.31e-02 1.14e-02 5.47e-03        0        0        0 5.35e-03
1.2e+10 0.00020 10.825  1.29e-02 1.17e-02 9.32e-03 5.74e-03        0        0        0 1.40e-03
1.2e+10 0.00020 10.875  1.32e-02 1.04e-02 4.97e-03 5.79e-03        0        0        0        0
1.2e+10 0.00020 10.925  1.35e-02 1.06e-02 5.23e-03 5.61e-03        0        0        0        0
1.2e+10 0.00020 10.975  1.38e-02 1.08e-02 5.27e-03 5.89e-03        0        0        0        0
1.2e+10 0.00020 11.025  1.35e-02 1.10e-02 5.09e-03 5.94e-03        0        0        0        0
1.2e+10 0.00020 11.075  1.09e-02 1.12e-02 5.36e-03 5.76e-03        0        0        0        0
1.2e+10 0.00020 11.125  9.35e-03 1.14e-02 5.27e-03 6.05e-03        0        0        0        0
1.2e+10 0.00020 11.175  9.04e-03 1.16e-02 5.18e-03 1.17e-03        0        0        0        0
1.2e+10 0.00020 11.225  9.64e-03 1.18e-02 5.44e-03        0        0        0        0        0
1.2e+10 0.00020 11.275  9.32e-03 1.21e-02 5.27e-03        0        0        0        0        0
1.2e+10 0.00020 11.325  9.46e-03 1.23e-02 5.31e-03        0        0        0        0        0
1.2e+10 0.00020 11.375  1.01e-02 7.91e-03 5.58e-03        0        0        0        0        0
1.2e+10 0.00020 11.425  9.77e-03 7.12e-03 5.40e-03        0        0        0        0        0
1.2e+10 0.00020 11.475  1.04e-02 7.21e-03 5.44e-03        0        0        0        0        0
1.2e+10 0.00020 11.525  1.01e-02 7.75e-03 5.72e-03        0        0        0        0        0
1.2e+10 0.00020 11.575  1.08e-02 7.38e-03 5.54e-03        0        0        0        0        0
1.2e+10 0.00020 11.625  1.04e-02 7.47e-03 5.59e-03        0        0        0        0        0
1.2e+10 0.00020 11.675  1.11e-02 8.04e-03 1.17e-03        0        0        0        0        0
1.2e+10 0.00020 11.725  1.08e-02 7.66e-03        0        0        0        0        0        0
1.2e+10 0.00020 11.775  1.15e-02 7.76e-03        0        0        0        0        0        0
1.2e+10 0.00020 11.825  4.52e-03 8.35e-03        0        0        0        0        0        0
1.2e+10 0.00020 11.875  4.56e-03 7.96e-03        0        0        0        0        0        0
1.2e+10 0.00020 11.925  4.81e-03 8.07e-03        0        0        0        0        0        0
1.2e+10 0.00020 11.975  4.62e-03 8.69e-03        0        0        0        0        0        0
1.2e+10 0.00020 12.025  4.66e-03 8.29e-03        0        0        0        0        0        0
1.2e+10 0.00020 12.075  4.91e-03 8.40e-03        0        0        0        0        0        0
1.2e+10 0.00020 12.125  4.63e-03 9.04e-03        0        0        0        0        0        0
1.2e+10 0.00020 12.175  4.53e-03 8.63e-03        0        0        0        0        0        0
1.2e+10 0.00020 12.225  4.78e-03 8.75e-03        0        0        0        0        0        0
1.2e+10 0.00020 12.275  4.59e-03 6.14e-03        0        0        0        0        0        0
1.2e+10 0.00020 12.325  4.63e-03 3.24e-03        0        0        0        0        0        0
1.2e+10 0.00020 12.375  4.66e-03 3.25e-03        0        0        0        0        0        0
1.2e+10 0.00020 12.425  4.92e-03 3.27e-03        0        0        0        0        0        0
1.2e+10 0.00020 12.475  4.73e-03 3.07e-03        0        0        0        0        0        0
1.2e+10 0.00020 12.525  4.76e-03 3.30e-03        0        0        0        0        0        0
1.2e+10 0.00020 12.575  4.80e-03 3.32e-03        0        0        0        0        0        0
1.2e+10 0.00020 12.625  5.06e-03 3.34e-03        0        0        0        0        0        0
1.2e+10 0.00020 12.675  4.87e-03 3.35e-03        0        0        0        0        0        0
1.2e+10 0.00020 12.725  3.97e-03 3.35e-03        0        0        0        0        0        0
1.2e+10 0.00020 12.775         0 3.01e-03        0        0        0        0        0        0
1.2e+10 0.00020 12.825         0 3.24e-03        0        0        0        0        0        0
1.2e+10 0.00020 12.875         0 3.04e-03        0        0        0        0        0        0
1.2e+10 0.00020 12.925         0 3.05e-03        0        0        0        0        0        0
1.2e+10 0.00020 12.975         0 3.29e-03        0        0        0        0        0        0
1.2e+10 0.00020 13.025         0 3.08e-03        0        0        0        0        0        0
1.2e+10 0.00020 13.075         0 3.32e-03        0        0        0        0        0        0
1.2e+10 0.00020 13.125         0 3.11e-03        0        0        0        0        0        0
1.2e+10 0.00020 13.175         0 3.13e-03        0        0        0        0        0        0
1.2e+10 0.00020 13.225         0 3.37e-03        0        0        0        0        0        0
1.2e+10 0.00020 13.275         0 3.16e-03        0        0        0        0        0        0
1.2e+10 0.00020 13.325         0 3.17e-03        0        0        0        0        0        0
1.2e+10 0.00020 13.375         0 3.42e-03        0        0        0        0        0        0
1.2e+10 0.00020 13.425         0 3.20e-03        0        0        0        0        0        0
1.2e+10 0.00020 13.475         0 3.45e-03        0        0        0        0        0        0
1.2e+10 0.00020 13.525         0 3.24e-03        0        0        0        0        0        0
1.2e+10 0.00020 13.575         0 3.25e-03        0        0        0        0        0        0
1.2e+10 0.00020 13.625         0 3.27e-03        0        0        0        0        0        0
1.2e+10 0.00020 13.675         0        0        0        0        0        0        0        0
1.2e+10 0.00020 13.725         0        0        0        0        0        0        0        0
1.2e+10 0.00020 13.775         0        0        0        0        0        0        0        0
1.2e+10 0.00020 13.825         0        0        0        0        0        0        0        0
1.2e+10 0.00020 13.875         0        0        0        0        0        0        0        0
1.2e+10 0.00020 13.925         0        0        0        0        0        0        0        0
1.2e+10 0.00020 13.975         0        0        0        0        0        0        0        0
1.2e+10 0.00020 14.025         0        0        0        0        0        0        0        0
1.2e+10 0.00020 14.075         0        0        0        0        0        0        0        0
1.2e+10 0.00020 14.125         0        0        0        0        0        0        0        0
1.2e+10 0.00020 14.175         0        0        0        0        0        0        0        0
1.2e+10 0.00020 14.225         0        0        0        0        0        0        0        0
1.2e+10 0.00020 14.275         0        0        0        0        0        0        0        0
1.2e+10 0.00020 14.325         0        0        0        0        0        0        0        0
1.2e+10 0.00020 14.375         0        0        0        0        0        0        0        0
1.2e+10 0.00020 14.425         0        0        0        0        0        0        0        0
1.2e+10 0.00020 14.475         0        0        0        0        0        0        0        0
1.2e+10 0.00020 14.525         0        0        0        0        0        0        0        0
1.2e+10 0.00020 14.575         0        0        0        0        0        0        0        0
1.2e+10 0.00020 14.625         0        0        0        0        0        0        0        0
1.2e+10 0.00020 14.675         0        0        0        0        0        0        0        0
1.2e+10 0.00020 14.725         0        0        0        0        0        0        0        0
1.2e+10 0.00020 14.775         0        0        0        0        0        0        0        0
1.2e+10 0.00020 14.825         0        0        0        0        0        0        0        0
1.2e+10 0.00020 14.875         0        0        0        0        0        0        0        0
1.2e+10 0.00020 14.925         0        0        0        0        0        0        0        0
1.2e+10 0.00020 14.975         0        0        0        0        0        0        0        0
1.2e+10 0.00020 15.025         0        0        0        0        0        0        0        0
1.2e+10 0.00020 15.075         0        0        0        0        0        0        0        0
1.2e+10 0.00020 15.125         0        0        0        0        0        0        0        0
1.2e+10 0.00020 15.175         0        0        0        0        0        0        0        0
1.2e+10 0.00020 15.225         0        0        0        0        0        0        0        0
1.2e+10 0.00020 15.275         0        0        0        0        0        0        0        0
1.2e+10 0.00020 15.325         0        0        0        0        0        0        0        0
1.2e+10 0.00020 15.375         0        0        0        0        0        0        0        0
1.2e+10 0.00020 15.425         0        0        0        0        0        0        0        0
1.2e+10 0.00020 15.475         0        0        0        0        0        0        0        0
1.2e+10 0.00020 15.525         0        0        0        0        0        0        0        0
1.2e+10 0.00020 15.575         0        0        0        0        0        0        0        0
1.2e+10 0.00020 15.625         0        0        0        0        0        0        0        0
1.2e+10 0.00020 15.675         0        0        0        0        0        0        0        0
1.2e+10 0.00020 15.725         0        0        0        0        0        0        0        0
1.2e+10 0.00020 15.775         0        0        0        0        0        0        0        0
1.2e+10 0.00020 15.825         0        0        0        0        0        0        0        0
1.2e+10 0.00020 15.875         0        0        0        0        0        0        0        0
1.2e+10 0.00020 15.925         0        0        0        0        0        0        0        0
1.2e+10 0.00020 15.975         0        0        0        0        0        0        0        0
1.2e+10 0.00020 16.025         0        0        0        0        0        0        0        0
1.2e+10 0.00020 16.075         0        0        0        0        0        0        0        0
1.2e+10 0.00020 16.125         0        0        0        0        0        0        0        0
1.2e+10 0.00020 16.175         0        0        0        0        0        0        0        0
1.2e+10 0.00020 16.225         0        0        0        0        0        0        0        0
1.2e+10 0.00020 16.275         0        0        0        0        0        0        0        0
1.2e+10 0.00020 16.325         0        0        0        0        0        0        0        0
1.2e+10 0.00020 16.375         0        0        0        0        0        0        0        0
1.2e+10 0.00020 16.425         0        0        0        0        0        0        0        0
1.2e+10 0.00020 16.475         0        0        0        0        0        0        0        0
1.2e+10 0.00020 16.525         0        0        0        0        0        0        0        0
1.2e+10 0.00020 16.575         0        0        0        0        0        0        0        0
1.2e+10 0.00020 16.625         0        0        0        0        0        0        0        0
1.2e+10 0.00020 16.675         0        0        0        0        0        0        0        0
1.2e+10 0.00020 16.725         0        0        0        0        0        0        0        0
1.2e+10 0.00020 16.775         0        0        0        0        0        0        0        0
1.2e+10 0.00020 16.825         0        0        0        0        0        0        0        0
1.2e+10 0.00020 16.875         0        0        0        0        0        0        0        0
1.2e+10 0.00020 16.925         0        0        0        0        0        0        0        0
1.2e+10 0.00020 16.975         0        0        0        0        0        0        0        0
1.2e+10 0.00020 17.025         0        0        0        0        0        0        0        0
1.2e+10 0.00020 17.075         0        0        0        0        0        0        0        0
1.2e+10 0.00020 17.125         0        0        0        0        0        0        0        0
1.2e+10 0.00020 17.175         0        0        0        0        0        0        0        0
1.2e+10 0.00020 17.225         0        0        0        0        0        0        0        0
1.2e+10 0.00020 17.275         0        0        0        0        0        0        0        0
1.2e+10 0.00020 17.325         0        0        0        0        0        0        0        0
1.2e+10 0.00020 17.375         0        0        0        0        0        0        0        0
1.2e+10 0.00020 17.425         0        0        0        0        0        0        0        0
1.2e+10 0.00020 17.475         0        0        0        0        0        0        0        0
1.2e+10 0.00020 17.525         0        0        0        0        0        0        0        0
1.2e+10 0.00020 17.575         0        0        0        0        0        0        0        0
1.2e+10 0.00020 17.625         0        0        0        0        0        0        0        0
1.2e+10 0.00020 17.675         0        0        0        0        0        0        0        0
1.2e+10 0.00020 17.725         0        0        0        0        0        0        0        0
1.2e+10 0.00020 17.775         0        0        0        0        0        0        0        0
1.2e+10 0.00020 17.825         0        0        0        0        0        0        0        0
1.2e+10 0.00020 17.875         0        0        0        0        0        0        0        0
1.2e+10 0.00020 17.925         0        0        0        0        0        0        0        0
1.2e+10 0.00020 17.975         0        0        0        0        0        0        0        0
1.2e+10 0.00020 18.025         0        0        0        0        0        0        0        0
1.2e+10 0.00020 18.075         0        0        0        0        0        0        0        0
1.2e+10 0.00020 18.125         0        0        0        0        0        0        0        0
1.2e+10 0.00020 18.175         0        0        0        0        0        0        0        0
1.2e+10 0.00020 18.225         0        0        0        0        0        0        0        0
1.2e+10 0.00020 18.275         0        0        0        0        0        0        0        0
1.2e+10 0.00020 18.325         0        0        0        0        0        0        0        0
1.2e+10 0.00020 18.375         0        0        0        0        0        0        0        0
1.2e+10 0.00020 18.425         0        0        0        0        0        0        0        0
1.2e+10 0.00020 18.475         0        0        0        0        0        0        0        0
1.2e+10 0.00020 18.525         0        0        0        0        0        0        0        0
1.2e+10 0.00020 18.575         0        0        0        0        0        0        0        0
1.2e+10 0.00020 18.625         0        0        0        0        0        0        0        0
1.2e+10 0.00020 18.675         0        0        0        0        0        0        0        0
1.2e+10 0.00020 18.725         0        0        0        0        0        0        0        0
1.2e+10 0.00020 18.775         0        0        0        0        0        0        0        0
1.2e+10 0.00020 18.825         0        0        0        0        0        0        0        0
1.2e+10 0.00020 18.875         0        0        0        0        0        0        0        0
1.2e+10 0.00020 18.925         0        0        0        0        0        0        0        0
1.2e+10 0.00020 18.975         0        0        0        0        0        0        0        0
1.2e+10 0.00020 19.025         0        0        0        0        0        0        0        0
1.2e+10 0.00020 19.075         0        0        0        0        0        0        0        0
1.2e+10 0.00020 19.125         0        0        0        0        0        0        0        0
1.2e+10 0.00020 19.175         0        0        0        0        0        0        0        0
1.2e+10 0.00020 19.225         0        0        0        0        0        0        0        0
1.2e+10 0.00020 19.275         0        0        0        0        0        0        0        0
1.2e+10 0.00020 19.325         0        0        0        0        0        0        0        0
1.2e+10 0.00020 19.375         0        0        0        0        0        0        0        0
1.2e+10 0.00020 19.425         0        0        0        0        0        0        0        0
1.2e+10 0.00020 19.475         0        0        0        0        0        0        0        0
1.2e+10 0.00020 19.525         0        0        0        0        0        0        0        0
1.2e+10 0.00020 19.575         0        0        0        0        0        0        0        0
1.2e+10 0.00020 19.625         0        0        0        0        0        0        0        0
1.2e+10 0.00020 19.675         0        0        0        0        0        0        0        0
1.2e+10 0.00020 19.725         0        0        0        0        0        0        0        0
1.2e+10 0.00020 19.775         0        0        0        0        0        0        0        0
1.2e+10 0.00020 19.825         0        0        0        0        0        0        0        0
1.2e+10 0.00020 19.875         0        0        0        0        0        0        0        0
1.2e+10 0.00020 19.925         0        0        0        0        0        0        0        0
1.2e+10 0.00020 19.975         0        0        0        0        0        0        0        0
#isochrone terminated
