# File generated by CMD 3.3 (http://stev.oapd.inaf.it/cmd) on Mon Apr  6 22:10:17 CEST 2020
# isochrones based on PARSEC release v1.2S +  COLIBRI S_35
# Basic references: Bressan et al. (2012), MNRAS, 427, 127 + Chen et al. (2014, 2015), MNRAS, 444, 2525 + MNRAS, 452, 1068 + Tang et al. (2014), MNRAS, 445, 4287 + Marigo et al. (2017), ApJ, 835, 77 + Pastorelli al. (2019), MNRAS in press
# Thermal pulse cycles included 
# On RGB, assumed Reimers mass loss with efficiency eta=0.2
# Photometric system: <i>UBVRIJHK</i> (cf. Maiz-Apellaniz 2006 + Bessell 1990)
# Using YBC version of bolometric corrections as in Chen et al. (2019)
# O-rich circumstellar dpmod60alox40 dust from Groenewegen (2006)
# C-rich circumstellar AMCSIC15 dust from Groenewegen (2006)
# IMF: Kroupa (2001, 2002) + Kroupa et al. (2013) canonical two-part-power law IMF corrected for unresolved binaries 
# Kind of output: isochrone tables
# Zini     MH   logAge Mini        int_IMF         Mass   logL    logTe  logg  label   McoreTP C_O  period0 period1 pmode  Mloss  tau1m   X   Y   Xc  Xn  Xo  Cexcess  Z 	 mbolmag  Umag    Bmag    Vmag    Rmag    Imag    Jmag    Hmag    Kmag
0.0001957 -1.90000 10.07918 0.0903137699 1.0846885443    0.090 -3.188  3.4901  5.494    1  0.000  0.545     0.00     0.00 -1 -4.87e-17      0.00 7.483e-01 2.515e-01 3.540e-05 9.550e-06 8.661e-05 -1.000 1.969e-04 12.739 19.533 16.894 14.904 13.378 11.959 10.783 10.569 10.515
0.0001957 -1.90000 10.07918 0.0966959000 1.1428979635    0.097 -2.943  3.5260  5.422    1  0.000  0.545     0.00     0.00 -1 -8.97e-17      0.00 7.466e-01 2.532e-01 3.540e-05 9.550e-06 8.662e-05 -1.000 1.968e-04 12.127 17.456 15.536 13.723 12.487 11.380 10.291 9.919 9.814
0.0001957 -1.90000 10.07918 0.1003081575 1.1736754179    0.100 -2.812  3.5453  5.384    1  0.000  0.545     0.00     0.00 -1 -1.24e-16      0.00 7.456e-01 2.542e-01 3.540e-05 9.550e-06 8.662e-05 -1.000 1.969e-04 11.800 16.430 14.825 13.159 12.027 11.065 10.030 9.596 9.471
0.0001957 -1.90000 10.07918 0.1202969477 1.3212693930    0.120 -2.519  3.5758  5.292    1  0.000  0.545     0.00     0.00 -1 -2.48e-16      0.00 7.423e-01 2.575e-01 3.540e-05 9.550e-06 8.662e-05 -1.000 1.969e-04 11.067 14.733 13.537 12.117 11.129 10.345 9.402 8.897 8.746
0.0001957 -1.90000 10.07918 0.1402857602 1.4399919510    0.140 -2.335  3.5904  5.233    1  0.000  0.545     0.00     0.00 -1 -3.75e-16      0.00 7.401e-01 2.597e-01 3.540e-05 9.551e-06 8.662e-05 -1.000 1.969e-04 10.607 13.871 12.844 11.532 10.615 9.888 8.990 8.464 8.300
0.0001957 -1.90000 10.07918 0.1602745354 1.5385366678    0.160 -2.191  3.5999  5.185    1  0.000  0.545     0.00     0.00 -1 -5.17e-16      0.00 7.387e-01 2.611e-01 3.540e-05 9.551e-06 8.662e-05 -1.000 1.968e-04 10.247 13.277 12.345 11.097 10.226 9.529 8.660 8.124 7.955
0.0001957 -1.90000 10.07918 0.2002521455 1.6947338581    0.200 -1.971  3.6120  5.110    1  0.000  0.545     0.00     0.00 -1 -8.36e-16      0.00 7.379e-01 2.619e-01 3.540e-05 9.551e-06 8.662e-05 -1.000 1.969e-04 9.698 12.450 11.631 10.458 9.642 8.979 8.146 7.605 7.433
0.0001957 -1.90000 10.07918 0.2502241433 1.8408944607    0.250 -1.770  3.6229  5.050    1  0.000  0.545     0.00     0.00 -1 -1.27e-15      0.00 7.382e-01 2.616e-01 3.540e-05 9.551e-06 8.662e-05 -1.000 1.968e-04 9.196 11.716 10.991 9.878 9.110 8.476 7.675 7.135 6.966
0.0001957 -1.90000 10.07918 0.3001961410 1.9533066750    0.300 -1.616  3.6320  5.011    1  0.000  0.545     0.00     0.00 -1 -1.73e-15      0.00 7.382e-01 2.616e-01 3.539e-05 9.552e-06 8.662e-05 -1.000 1.969e-04 8.810 11.147 10.497 9.431 8.700 8.089 7.315 6.780 6.616
0.0001957 -1.90000 10.07918 0.3501681089 2.0436930656    0.350 -1.489  3.6403  4.985    1  0.000  0.544     0.00     0.00 -1 -2.22e-15      0.00 7.380e-01 2.618e-01 3.536e-05 9.553e-06 8.662e-05 -1.000 1.968e-04 8.493 10.672 10.087 9.061 8.362 7.772 7.022 6.492 6.335
0.0001957 -1.90000 10.07918 0.4001401067 2.1186954975    0.400 -1.362  3.6495  4.952    1  0.000  0.545     0.00     0.00 -1 -2.88e-15      0.00 7.503e-01 2.495e-01 3.540e-05 9.550e-06 8.661e-05 -1.000 1.968e-04 8.176 10.185 9.673 8.688 8.023 7.454 6.730 6.210 6.061
0.0001957 -1.90000 10.07918 0.4501120746 2.1824135780    0.450 -1.206  3.6649  4.908    1  0.000  0.545     0.00     0.00 -1  -4.1e-15      0.00 7.507e-01 2.491e-01 3.540e-05 9.550e-06 8.661e-05 -1.000 1.968e-04 7.784 9.517 9.130 8.212 7.600 7.065 6.385 5.885 5.751
0.0001957 -1.90000 10.07918 0.5000840425 2.2375409603    0.500 -1.031  3.6833  4.853    1  0.000  0.545     0.00     0.00 -1  -6.2e-15      0.00 7.508e-01 2.490e-01 3.539e-05 9.549e-06 8.660e-05 -1.000 1.969e-04 7.346 8.763 8.529 7.687 7.133 6.637 6.008 5.537 5.420
0.0001957 -1.90000 10.07918 0.5500560999 2.2837047577    0.550 -0.824  3.7040  4.770    1  0.000  0.544     0.00     0.00 -1 -1.05e-14      0.00 7.847e-01 2.152e-01 3.087e-05 8.335e-06 7.563e-05 -1.000 1.001e-04 6.831 7.930 7.855 7.095 6.596 6.139 5.568 5.134 5.033
0.0001957 -1.90000 10.07918 0.6000280380 2.3211405277    0.600 -0.615  3.7295  4.701    1  0.000  0.544     0.00     0.00 -1 -1.75e-14      0.00 7.972e-01 2.027e-01 2.928e-05 7.910e-06 7.181e-05 -1.000 1.443e-04 6.307 7.082 7.164 6.505 6.064 5.652 5.149 4.758 4.677
0.0001957 -1.90000 10.07918 0.6076002121 2.3261985779    0.607 -0.581  3.7340  4.691    1  0.000  0.544     0.00     0.00 -1  -1.9e-14      0.00 7.995e-01 2.003e-01 2.898e-05 7.832e-06 7.111e-05 -1.000 1.557e-04 6.223 6.951 7.055 6.413 5.982 5.577 5.084 4.701 4.623
0.0001957 -1.90000 10.07918 0.6187329292 2.3333773613    0.618 -0.532  3.7406  4.676    1  0.000  0.543     0.00     0.00 -1 -2.15e-14      0.00 8.030e-01 1.968e-01 2.854e-05 7.712e-06 7.002e-05 -1.000 1.799e-04 6.100 6.760 6.895 6.277 5.859 5.465 4.989 4.616 4.542
0.0001957 -1.90000 10.07918 0.6286483407 2.3395254612    0.628 -0.487  3.7465  4.661    1  0.000  0.543     0.00     0.00 -1 -2.41e-14      0.00 8.064e-01 1.935e-01 2.812e-05 7.599e-06 6.902e-05 -1.000 1.866e-04 5.989 6.595 6.755 6.158 5.752 5.368 4.904 4.539 4.470
0.0001957 -1.90000 10.07918 0.6382709742 2.3452825546    0.638 -0.444  3.7521  4.647    1  0.000  0.543     0.00     0.00 -1 -2.64e-16      0.00 8.097e-01 1.901e-01 2.769e-05 7.485e-06 6.800e-05 -1.000 1.811e-04 5.880 6.437 6.618 6.042 5.647 5.273 4.822 4.463 4.400
0.0001957 -1.90000 10.07918 0.6496037245 2.3518118858    0.649 -0.392  3.7585  4.629    1  0.000  0.543     0.00     0.00 -1  -2.3e-14      0.00 8.139e-01 1.859e-01 2.716e-05 7.344e-06 6.673e-05 -1.000 1.394e-04 5.750 6.251 6.457 5.905 5.524 5.161 4.724 4.373 4.316
0.0001957 -1.90000 10.07918 0.6499999762 2.3520355225    0.650 -0.390  3.7587  4.628    1  0.000  0.543     0.00     0.00 -1 -3.07e-14      0.00 8.141e-01 1.857e-01 2.714e-05 7.339e-06 6.669e-05 -1.000 1.852e-04 5.745 6.245 6.451 5.900 5.519 5.157 4.720 4.370 4.313
0.0001957 -1.90000 10.07918 0.6590241194 2.3570432663    0.659 -0.348  3.7636  4.611    1  0.000  0.542     0.00     0.00 -1 -3.43e-14      0.00 8.183e-01 1.815e-01 2.661e-05 7.196e-06 6.540e-05 -1.000 1.968e-04 5.640 6.103 6.325 5.790 5.420 5.065 4.639 4.295 4.242
0.0001957 -1.90000 10.07918 0.6692176461 2.3625135422    0.669 -0.300  3.7691  4.591    1  0.000  0.542     0.00     0.00 -1 -3.89e-14      0.00 8.234e-01 1.764e-01 2.596e-05 7.025e-06 6.387e-05 -1.000 1.779e-04 5.519 5.945 6.181 5.666 5.306 4.960 4.545 4.207 4.159
0.0001957 -1.90000 10.07918 0.6789147854 2.3675427437    0.679 -0.253  3.7742  4.571    1  0.000  0.542     0.00     0.00 -1 -2.75e-14      0.00 8.286e-01 1.713e-01 2.531e-05 6.852e-06 6.231e-05 -1.000 1.545e-04 5.402 5.796 6.043 5.546 5.195 4.857 4.452 4.121 4.077
0.0001957 -1.90000 10.07918 0.6881726384 2.3721921444    0.688 -0.207  3.7790  4.550    1  0.000  0.541     0.00     0.00 -1 -8.08e-15      0.00 8.338e-01 1.660e-01 2.465e-05 6.676e-06 6.073e-05 -1.000 1.218e-04 5.287 5.652 5.909 5.428 5.086 4.756 4.360 4.035 3.995
0.0001957 -1.90000 10.07918 0.6963887811 2.3761997223    0.696 -0.164  3.7831  4.529    1  0.000  0.541     0.00     0.00 -1 -7.16e-15      0.00 8.387e-01 1.611e-01 2.403e-05 6.511e-06 5.925e-05 -1.000 1.617e-04 5.181 5.524 5.787 5.319 4.986 4.663 4.276 3.957 3.920
0.0001957 -1.90000 10.07918 0.6999999881 2.3779268265    0.700 -0.145  3.7850  4.520    1  0.000  0.541     0.00     0.00 -1 -5.88e-14      0.00 8.409e-01 1.589e-01 2.375e-05 6.435e-06 5.858e-05 -1.000 1.938e-04 5.134 5.468 5.733 5.271 4.942 4.622 4.238 3.922 3.886
0.0001957 -1.90000 10.07918 0.7092600465 2.3822634220    0.709 -0.095  3.7894  4.493    1  0.000  0.538     0.00     0.00 -1 -6.77e-14      0.00 8.463e-01 1.535e-01 2.307e-05 6.271e-06 5.713e-05 -1.000 1.757e-04 5.007 5.321 5.589 5.142 4.821 4.509 4.135 3.824 3.793
0.0001957 -1.90000 10.07918 0.7177237868 2.3861148357    0.717 -0.046  3.7934  4.465    1  0.000  0.537     0.00     0.00 -1 -7.77e-14      0.00 8.510e-01 1.489e-01 2.251e-05 6.136e-06 5.593e-05 -1.000 1.607e-04 4.885 5.184 5.452 5.018 4.705 4.399 4.034 3.730 3.701
0.0001957 -1.90000 10.07918 0.7260814905 2.3898167610    0.726  0.005  3.7973  4.435    1  0.000  0.535     0.00     0.00 -1 -8.99e-14      0.00 8.551e-01 1.448e-01 2.203e-05 6.021e-06 5.493e-05 -1.000 9.805e-05 4.758 5.043 5.310 4.889 4.583 4.284 3.927 3.629 3.603
0.0001957 -1.90000 10.07918 0.7332602143 2.3929193020    0.733  0.051  3.8005  4.406    1  0.000  0.533     0.00     0.00 -1 -1.03e-13      0.00 8.582e-01 1.417e-01 2.169e-05 5.941e-06 5.425e-05 -1.000 9.835e-05 4.643 4.917 5.181 4.771 4.471 4.178 3.828 3.536 3.512
0.0001957 -1.90000 10.07918 0.7402154207 2.3958592415    0.740  0.099  3.8035  4.375    1  0.000  0.532     0.00     0.00 -1 -1.17e-13      0.00 8.609e-01 1.390e-01 2.140e-05 5.876e-06 5.369e-05 -1.000 1.545e-04 4.524 4.791 5.050 4.649 4.356 4.067 3.724 3.438 3.415
0.0001957 -1.90000 10.07918 0.7471714616 2.3987364769    0.747  0.150  3.8064  4.339    1  0.000  0.530     0.00     0.00 -1 -1.62e-14      0.00 8.633e-01 1.365e-01 2.115e-05 5.820e-06 5.321e-05 -1.000 1.790e-04 4.396 4.657 4.911 4.518 4.231 3.948 3.611 3.330 3.309
0.0001957 -1.90000 10.07918 0.7500000000 2.3998889923    0.749  0.171  3.8075  4.324    1  0.000  0.529     0.00     0.00 -1 -1.47e-13      0.00 8.643e-01 1.355e-01 2.106e-05 5.799e-06 5.303e-05 -1.000 1.925e-04 4.342 4.601 4.852 4.463 4.178 3.897 3.563 3.284 3.264
0.0001957 -1.90000 10.07918 0.7514088154 2.4004592896    0.751  0.182  3.8082  4.316    1  0.000  0.529     0.00     0.00 -1 -1.52e-13      0.00 8.644e-01 1.354e-01 2.107e-05 5.801e-06 5.305e-05 -1.000 1.940e-04 4.316 4.573 4.823 4.436 4.152 3.872 3.539 3.262 3.242
0.0001957 -1.90000 10.07918 0.7594606876 2.4036722183    0.759  0.249  3.8114  4.267    1  0.000  0.529     0.00     0.00 -1 -1.87e-13      0.00 8.651e-01 1.348e-01 2.110e-05 5.815e-06 5.320e-05 -1.000 9.698e-05 4.147 4.399 4.640 4.263 3.986 3.712 3.387 3.116 3.098
0.0001957 -1.90000 10.07918 0.7648025155 2.4057607651    0.764  0.298  3.8133  4.229    1  0.000  0.529     0.00     0.00 -1 -2.17e-13      0.00 8.654e-01 1.345e-01 2.114e-05 5.826e-06 5.332e-05 -1.000 9.966e-05 4.026 4.276 4.509 4.139 3.866 3.596 3.274 3.008 2.991
0.0001957 -1.90000 10.07918 0.7698663473 2.4077098370    0.769  0.346  3.8147  4.188    1  0.000  0.529     0.00     0.00 -1 -2.54e-13      0.00 8.646e-01 1.353e-01 2.130e-05 5.873e-06 5.374e-05 -1.000 1.000e-04 3.904 4.154 4.381 4.015 3.745 3.477 3.159 2.897 2.879
0.0001957 -1.90000 10.07918 0.7740057707 2.4092814922    0.773  0.389  3.8154  4.150    1  0.000  0.528     0.00     0.00 -1 -2.93e-13      0.00 8.636e-01 1.363e-01 2.148e-05 5.922e-06 5.420e-05 -1.000 9.993e-05 3.797 4.048 4.269 3.906 3.638 3.371 3.055 2.794 2.777
0.0001957 -1.90000 10.07918 0.7756521702 2.4099011421    0.775  0.408  3.8151  4.131    1  0.000  0.528     0.00     0.00 -1 -3.13e-13      0.00 8.632e-01 1.367e-01 2.155e-05 5.942e-06 5.438e-05 -1.000 9.996e-05 3.750 4.001 4.221 3.857 3.589 3.323 3.006 2.745 2.728
0.0001957 -1.90000 10.07918 0.7801245451 2.4115695953    0.779  0.464  3.8134  4.071    1  0.000  0.528     0.00     0.00 -1 -3.78e-13      0.00 8.621e-01 1.378e-01 2.175e-05 5.995e-06 5.487e-05 -1.000 1.001e-04 3.610 3.869 4.084 3.718 3.447 3.179 2.858 2.594 2.576
0.0001957 -1.90000 10.07918 0.7832530737 2.4127235413    0.782  0.508  3.8108  4.018    1  0.000  0.528     0.00     0.00 -1 -4.44e-13      0.00 8.613e-01 1.386e-01 2.188e-05 6.032e-06 5.521e-05 -1.000 9.999e-05 3.501 3.767 3.980 3.609 3.334 3.061 2.735 2.466 2.447
0.0001957 -1.90000 10.07918 0.7839201093 2.4129681587    0.783  0.518  3.8099  4.005    1  0.000  0.528     0.00     0.00 -1 -4.63e-13      0.00 8.611e-01 1.388e-01 2.191e-05 6.040e-06 5.528e-05 -1.000 9.999e-05 3.475 3.744 3.957 3.584 3.307 3.034 2.705 2.435 2.415
0.0001957 -1.90000 10.07918 0.7845472097 2.4131977558    0.783  0.528  3.8089  3.991    2  0.000  0.528     0.00     0.00 -1 -4.83e-13      0.00 8.610e-01 1.389e-01 2.194e-05 6.047e-06 5.535e-05 -1.000 9.996e-05 3.449 3.721 3.934 3.558 3.280 3.004 2.673 2.401 2.381
0.0001957 -1.90000 10.07918 0.7866582870 2.4139676094    0.785  0.567  3.8038  3.933    2  0.000  0.528     0.00     0.00 -1 -5.61e-13      0.00 8.605e-01 1.394e-01 2.203e-05 6.072e-06 5.558e-05 -1.000 9.996e-05 3.352 3.641 3.853 3.464 3.177 2.894 2.551 2.270 2.247
0.0001957 -1.90000 10.07918 0.7882757783 2.4145541191    0.787  0.602  3.7974  3.873    2  0.000  0.528     0.00     0.00 -1  -6.5e-13      0.00 8.601e-01 1.398e-01 2.210e-05 6.091e-06 5.575e-05 -1.000 9.991e-05 3.265 3.574 3.787 3.382 3.083 2.790 2.432 2.138 2.113
0.0001957 -1.90000 10.07918 0.7895438671 2.4150121212    0.788  0.634  3.7898  3.812    2  0.000  0.528     0.00     0.00 -1  -7.5e-13      0.00 8.595e-01 1.404e-01 2.219e-05 6.116e-06 5.598e-05 -1.000 1.105e-04 3.186 3.522 3.735 3.309 2.997 2.691 2.316 2.008 1.978
0.0001957 -1.90000 10.07918 0.7905670404 2.4153802395    0.789  0.662  3.7814  3.750    2  0.000  0.529     0.00     0.00 -1  -8.6e-13      0.00 8.555e-01 1.444e-01 2.272e-05 6.260e-06 5.728e-05 -1.000 1.162e-04 3.114 3.485 3.696 3.245 2.918 2.598 2.203 1.880 1.845
0.0001957 -1.90000 10.07918 0.7914259434 2.4156885147    0.790  0.689  3.7730  3.691    2  0.000  0.530     0.00     0.00 -1 -9.78e-13      0.00 8.390e-01 1.609e-01 2.471e-05 6.799e-06 6.214e-05 -1.000 1.211e-04 3.048 3.460 3.663 3.187 2.845 2.511 2.097 1.759 1.719
0.0001957 -1.90000 10.07918 0.7921841145 2.4159600735    0.791  0.715  3.7652  3.633    2  0.000  0.533     0.00     0.00 -1 -1.11e-12      0.00 8.105e-01 1.893e-01 2.797e-05 7.674e-06 6.996e-05 -1.000 1.534e-04 2.981 3.435 3.630 3.129 2.772 2.426 1.994 1.642 1.597
0.0001957 -1.90000 10.07918 0.7928569913 2.4162006378    0.791  0.745  3.7581  3.576    2  0.000  0.535     0.00     0.00 -1 -1.27e-12      0.00 7.918e-01 2.080e-01 3.010e-05 8.244e-06 7.505e-05 -1.000 1.310e-04 2.908 3.403 3.588 3.064 2.694 2.336 1.888 1.524 1.474
0.0001957 -1.90000 10.07918 0.7935236692 2.4164383411    0.792  0.783  3.7517  3.512    2  0.000  0.536     0.00     0.00 -1 -1.49e-12      0.00 7.806e-01 2.192e-01 3.139e-05 8.587e-06 7.811e-05 -1.000 1.829e-04 2.812 3.349 3.522 2.978 2.595 2.227 1.764 1.389 1.334
0.0001957 -1.90000 10.07918 0.7940500975 2.4166257381    0.792  0.821  3.7475  3.457    2  0.000  0.536     0.00     0.00 -1 -1.73e-12      0.00 7.752e-01 2.246e-01 3.201e-05 8.754e-06 7.960e-05 -1.000 1.968e-04 2.717 3.284 3.447 2.889 2.498 2.123 1.649 1.267 1.209
0.0001957 -1.90000 10.07918 0.7944099903 2.4167537689    0.793  0.851  3.7449  3.418    2  0.000  0.536     0.00     0.00 -1 -1.94e-12      0.00 7.723e-01 2.275e-01 3.232e-05 8.839e-06 8.036e-05 -1.000 1.969e-04 2.643 3.230 3.387 2.819 2.424 2.044 1.565 1.178 1.118
0.0001957 -1.90000 10.07918 0.7947247624 2.4168655872    0.793  0.880  3.7432  3.382    3  0.000  0.536     0.00     0.00 -1 -2.17e-12      0.00 7.705e-01 2.293e-01 3.252e-05 8.890e-06 8.082e-05 -1.000 1.678e-04 2.569 3.169 3.321 2.748 2.350 1.967 1.483 1.093 1.032
0.0001957 -1.90000 10.07918 0.7951374054 2.4170119762    0.793  0.921  3.7411  3.333    3  0.000  0.537     0.00     0.00 -1 -2.51e-12      0.00 7.683e-01 2.315e-01 3.274e-05 8.949e-06 8.135e-05 -1.000 1.852e-04 2.467 3.083 3.229 2.650 2.247 1.861 1.372 0.978 0.915
0.0001957 -1.90000 10.07918 0.7955531478 2.4171593189    0.794  0.965  3.7391  3.281    3  0.000  0.537     0.00     0.00 -1 -2.94e-12      0.00 7.663e-01 2.335e-01 3.292e-05 8.998e-06 8.178e-05 -1.000 1.949e-04 2.358 2.989 3.130 2.544 2.138 1.749 1.254 0.856 0.792
0.0001957 -1.90000 10.07918 0.7959513664 2.4173004627    0.794  1.009  3.7374  3.230    3  0.000  0.537     0.00     0.00 -1 -3.46e-12      0.00 7.646e-01 2.352e-01 3.306e-05 9.036e-06 8.213e-05 -1.000 1.967e-04 2.246 2.893 3.027 2.436 2.027 1.635 1.135 0.732 0.668
0.0001957 -1.90000 10.07918 0.7963746786 2.4174499512    0.794  1.060  3.7357  3.172    3  0.000  0.537     0.00     0.00 -1 -4.16e-12      0.00 7.628e-01 2.370e-01 3.319e-05 9.072e-06 8.244e-05 -1.000 1.969e-04 2.120 2.781 2.909 2.312 1.900 1.505 1.000 0.593 0.528
0.0001957 -1.90000 10.07918 0.7967298627 2.4175755978    0.794  1.106  3.7342  3.121    3  0.000  0.537     0.00     0.00 -1  -4.9e-12      0.00 7.613e-01 2.385e-01 3.329e-05 9.099e-06 8.268e-05 -1.000 1.968e-04 2.005 2.680 2.802 2.201 1.787 1.389 0.879 0.469 0.403
0.0001957 -1.90000 10.07918 0.7970892191 2.4177021980    0.795  1.156  3.7326  3.065    3  0.000  0.537     0.00     0.00 -1 -5.85e-12      0.00 7.599e-01 2.399e-01 3.336e-05 9.123e-06 8.288e-05 -1.000 1.954e-04 1.881 2.568 2.685 2.080 1.663 1.263 0.748 0.334 0.267
0.0001957 -1.90000 10.07918 0.7974418402 2.4178266525    0.795  1.209  3.7310  3.006    3  0.000  0.536     0.00     0.00 -1 -7.08e-12      0.00 7.585e-01 2.413e-01 3.341e-05 9.147e-06 8.306e-05 -1.000 1.957e-04 1.748 2.449 2.561 1.950 1.531 1.128 0.609 0.190 0.123
0.0001957 -1.90000 10.07918 0.7977264524 2.4179267883    0.795  1.256  3.7296  2.953    3  0.000  0.536     0.00     0.00 -1 -8.38e-12      0.00 7.574e-01 2.424e-01 3.344e-05 9.167e-06 8.319e-05 -1.000 1.967e-04 1.631 2.345 2.451 1.836 1.414 1.009 0.485 0.063 -0.005
0.0001957 -1.90000 10.07918 0.7980009913 2.4180233479    0.795  1.305  3.7281  2.898    3  0.000  0.535     0.00     0.00 -1    -1e-11      0.00 7.563e-01 2.435e-01 3.344e-05 9.190e-06 8.330e-05 -1.000 1.969e-04 1.508 2.237 2.335 1.716 1.291 0.884 0.356 -0.070 -0.138
0.0001957 -1.90000 10.07918 0.7982476354 2.4181101322    0.795  1.353  3.7266  2.844    3  0.000  0.534     0.00     0.00 -1 -1.19e-11      0.00 7.555e-01 2.443e-01 3.341e-05 9.217e-06 8.338e-05 -1.000 1.965e-04 1.388 2.131 2.223 1.599 1.172 0.762 0.230 -0.199 -0.269
0.0001957 -1.90000 10.07918 0.7984710932 2.4181885719    0.795  1.400  3.7251  2.791    3  0.000  0.533     0.00     0.00 -1 -1.41e-11      0.00 7.547e-01 2.451e-01 3.337e-05 9.252e-06 8.345e-05 -1.000 1.952e-04 1.269 2.027 2.113 1.483 1.054 0.642 0.105 -0.328 -0.398
0.0001957 -1.90000 10.07918 0.7986710072 2.4182589054    0.795  1.447  3.7236  2.738    3  0.000  0.532     0.00     0.00 -1 -1.67e-11      0.00 7.541e-01 2.457e-01 3.333e-05 9.288e-06 8.350e-05 -1.000 1.961e-04 1.153 1.925 2.004 1.370 0.938 0.524 -0.017 -0.454 -0.525
0.0001957 -1.90000 10.07918 0.7988603115 2.4183254242    0.795  1.495  3.7221  2.684    3  0.000  0.531     0.00     0.00 -1 -1.98e-11      0.00 7.536e-01 2.462e-01 3.328e-05 9.330e-06 8.354e-05 -1.000 1.969e-04 1.033 1.819 1.893 1.254 0.819 0.402 -0.144 -0.584 -0.655
0.0001957 -1.90000 10.07918 0.7990283370 2.4183843136    0.795  1.541  3.7205  2.631    3  0.000  0.530     0.00     0.00 -1 -2.35e-11      0.00 7.532e-01 2.466e-01 3.324e-05 9.369e-06 8.357e-05 -1.000 1.969e-04 0.916 1.717 1.785 1.140 0.703 0.283 -0.267 -0.712 -0.783
0.0001957 -1.90000 10.07918 0.7991777062 2.4184365273    0.795  1.587  3.7189  2.579    3  0.000  0.530     0.00     0.00 -1 -2.76e-11      0.00 7.529e-01 2.469e-01 3.320e-05 9.398e-06 8.359e-05 -1.000 1.968e-04 0.803 1.619 1.680 1.030 0.590 0.168 -0.387 -0.835 -0.908
0.0001957 -1.90000 10.07918 0.7993130088 2.4184839725    0.795  1.632  3.7174  2.529    3  0.000  0.529     0.00     0.00 -1 -3.25e-11      0.00 7.528e-01 2.470e-01 3.318e-05 9.415e-06 8.360e-05 -1.000 1.968e-04 0.691 1.522 1.577 0.922 0.479 0.055 -0.505 -0.957 -1.030
0.0001957 -1.90000 10.07918 0.7994398475 2.4185285568    0.795  1.677  3.7158  2.476    3  0.000  0.529     0.00     0.00 -1 -3.84e-11      0.00 7.527e-01 2.471e-01 3.317e-05 9.426e-06 8.361e-05 -1.000 1.969e-04 0.577 1.426 1.473 0.812 0.366 -0.061 -0.626 -1.082 -1.156
0.0001957 -1.90000 10.07918 0.7995518446 2.4185676575    0.795  1.721  3.7142  2.426    3  0.000  0.529     0.00     0.00 -1  -4.5e-11      0.00 7.527e-01 2.471e-01 3.316e-05 9.432e-06 8.362e-05 -1.000 1.969e-04 0.467 1.336 1.373 0.706 0.257 -0.173 -0.743 -1.202 -1.277
0.0001957 -1.90000 10.07918 0.7996553183 2.4186038971    0.795  1.765  3.7126  2.375    3  0.000  0.529     0.00     0.00 -1 -5.27e-11      0.00 7.527e-01 2.471e-01 3.316e-05 9.433e-06 8.362e-05 -1.000 1.969e-04 0.357 1.245 1.273 0.599 0.147 -0.286 -0.860 -1.323 -1.398
0.0001957 -1.90000 10.07918 0.7997503281 2.4186372757    0.795  1.809  3.7110  2.325    3  0.000  0.529     0.00     0.00 -1 -6.19e-11      0.00 7.527e-01 2.471e-01 3.316e-05 9.434e-06 8.362e-05 -1.000 1.968e-04 0.247 1.156 1.174 0.493 0.037 -0.398 -0.976 -1.444 -1.520
0.0001957 -1.90000 10.07918 0.7998347282 2.4186668396    0.795  1.851  3.7093  2.276    3  0.000  0.529     0.00     0.00 -1 -6.65e-11      0.00 7.527e-01 2.471e-01 3.316e-05 9.434e-06 8.362e-05 -1.000 1.969e-04 0.141 1.071 1.079 0.391 -0.068 -0.506 -1.089 -1.560 -1.637
0.0001957 -1.90000 10.07918 0.7999127507 2.4186940193    0.794  1.893  3.7078  2.228    3  0.000  0.529     0.00     0.00 -1 -7.85e-11      0.00 7.527e-01 2.471e-01 3.316e-05 9.435e-06 8.362e-05 -1.000 1.968e-04 0.036 0.987 0.986 0.291 -0.172 -0.613 -1.201 -1.675 -1.753
0.0001957 -1.90000 10.07918 0.7999877334 2.4187202454    0.794  1.937  3.7061  2.177    3  0.000  0.529     0.00     0.00 -1 -9.74e-11      0.00 7.527e-01 2.471e-01 3.316e-05 9.435e-06 8.362e-05 -1.000 1.968e-04 -0.072 0.902 0.890 0.187 -0.279 -0.723 -1.316 -1.795 -1.873
0.0001957 -1.90000 10.07918 0.8000000119 2.4187245369    0.794  1.944  3.7058  2.169    3  0.000  0.529     0.00     0.00 -1 -1.01e-10      0.00 7.527e-01 2.471e-01 3.316e-05 9.435e-06 8.362e-05 -1.000 1.968e-04 -0.091 0.887 0.873 0.169 -0.298 -0.742 -1.336 -1.816 -1.894
0.0001957 -1.90000 10.07918 0.8000255227 2.4187335968    0.794  1.960  3.7051  2.151    3  0.000  0.529     0.00     0.00 -1 -1.07e-10      0.00 7.527e-01 2.471e-01 3.316e-05 9.436e-06 8.362e-05 -1.000 1.968e-04 -0.129 0.857 0.839 0.132 -0.336 -0.782 -1.377 -1.858 -1.937
0.0001957 -1.90000 10.07918 0.8000941277 2.4187574387    0.794  2.005  3.7034  2.099    3  0.000  0.529     0.00     0.00 -1 -1.26e-10      0.00 7.527e-01 2.472e-01 3.316e-05 9.437e-06 8.363e-05 -1.000 1.969e-04 -0.241 0.769 0.741 0.025 -0.447 -0.896 -1.497 -1.982 -2.062
0.0001957 -1.90000 10.07918 0.8001584411 2.4187798500    0.793  2.050  3.7016  2.046    3  0.000  0.529     0.00     0.00 -1 -1.49e-10      0.00 7.526e-01 2.472e-01 3.316e-05 9.439e-06 8.363e-05 -1.000 1.968e-04 -0.355 0.680 0.641 -0.083 -0.559 -1.011 -1.617 -2.108 -2.188
0.0001957 -1.90000 10.07918 0.8002161980 2.4188001156    0.793  2.093  3.6997  1.995    3  0.000  0.529     0.00     0.00 -1 -1.74e-10      0.00 7.526e-01 2.472e-01 3.316e-05 9.440e-06 8.363e-05 -1.000 1.969e-04 -0.462 0.598 0.548 -0.185 -0.665 -1.121 -1.733 -2.228 -2.309
0.0001957 -1.90000 10.07918 0.8002741337 2.4188203812    0.792  2.138  3.6979  1.942    3  0.000  0.529     0.00     0.00 -1 -2.05e-10      0.00 7.526e-01 2.472e-01 3.316e-05 9.441e-06 8.363e-05 -1.000 1.969e-04 -0.576 0.516 0.450 -0.292 -0.777 -1.236 -1.854 -2.354 -2.436
0.0001957 -1.90000 10.07918 0.8003349304 2.4188416004    0.792  2.179  3.6962  1.894    3  0.000  0.529     0.00     0.00 -1 -2.39e-10      0.00 7.526e-01 2.472e-01 3.316e-05 9.442e-06 8.363e-05 -1.000 1.968e-04 -0.678 0.442 0.362 -0.389 -0.878 -1.340 -1.963 -2.468 -2.550
0.0001957 -1.90000 10.07918 0.8003666997 2.4188528061    0.791  2.193  3.6956  1.877    3  0.000  0.529     0.00     0.00 -1 -2.53e-10      0.00 7.526e-01 2.472e-01 3.316e-05 9.443e-06 8.363e-05 -1.000 1.969e-04 -0.714 0.416 0.331 -0.423 -0.913 -1.377 -2.002 -2.507 -2.590
0.0001957 -1.90000 10.07918 0.8003982902 2.4188637733    0.791  2.184  3.6963  1.889    3  0.000  0.529     0.00     0.00 -1 -2.46e-10      0.00 7.526e-01 2.472e-01 3.316e-05 9.444e-06 8.363e-05 -1.000 1.969e-04 -0.691 0.429 0.349 -0.402 -0.891 -1.353 -1.976 -2.480 -2.562
0.0001957 -1.90000 10.07918 0.8004050255 2.4188661575    0.791  2.191  3.6960  1.881    3  0.000  0.529     0.00     0.00 -1 -2.52e-10      0.00 7.526e-01 2.472e-01 3.316e-05 9.444e-06 8.363e-05 -1.000 1.969e-04 -0.708 0.417 0.334 -0.418 -0.908 -1.371 -1.995 -2.500 -2.582
0.0001957 -1.90000 10.07918 0.8004426956 2.4188792706    0.790  2.233  3.6941  1.831    3  0.000  0.529     0.00     0.00 -1 -2.91e-10      0.00 7.526e-01 2.472e-01 3.316e-05 9.444e-06 8.363e-05 -1.000 1.969e-04 -0.812 0.345 0.247 -0.516 -1.010 -1.477 -2.107 -2.617 -2.700
0.0001957 -1.90000 10.07918 0.8004807234 2.4188926220    0.790  2.277  3.6923  1.779    3  0.000  0.529     0.00     0.00 -1 -3.42e-10      0.00 7.526e-01 2.472e-01 3.316e-05 9.445e-06 8.363e-05 -1.000 1.969e-04 -0.923 0.265 0.152 -0.622 -1.120 -1.590 -2.226 -2.741 -2.825
0.0001957 -1.90000 10.07918 0.8005130291 2.4189038277    0.789  2.318  3.6903  1.731    3  0.000  0.529     0.00     0.00 -1 -3.97e-10      0.00 7.526e-01 2.472e-01 3.316e-05 9.446e-06 8.363e-05 -1.000 1.968e-04 -1.024 0.197 0.069 -0.715 -1.219 -1.693 -2.335 -2.855 -2.940
0.0001957 -1.90000 10.07918 0.8005447388 2.4189147949    0.788  2.360  3.6884  1.680    3  0.000  0.529     0.00     0.00 -1 -4.64e-10      0.00 7.526e-01 2.472e-01 3.316e-05 9.447e-06 8.363e-05 -1.000 1.968e-04 -1.130 0.127 -0.018 -0.814 -1.322 -1.800 -2.448 -2.974 -3.060
0.0001957 -1.90000 10.07918 0.8005744219 2.4189252853    0.788  2.402  3.6865  1.630    3  0.000  0.529     0.00     0.00 -1 -5.42e-10      0.00 7.526e-01 2.472e-01 3.315e-05 9.447e-06 8.363e-05 -1.000 1.969e-04 -1.236 0.057 -0.106 -0.912 -1.425 -1.907 -2.562 -3.093 -3.179
0.0001957 -1.90000 10.07918 0.8006003499 2.4189343452    0.787  2.442  3.6844  1.582    3  0.000  0.529     0.00     0.00 -1 -6.29e-10      0.00 7.526e-01 2.472e-01 3.315e-05 9.448e-06 8.363e-05 -1.000 1.968e-04 -1.335 0.046 -0.170 -1.007 -1.528 -2.013 -2.674 -3.210 -3.294
0.0001957 -1.90000 10.07918 0.8006260395 2.4189434052    0.786  2.485  3.6825  1.531    3  0.000  0.529     0.00     0.00 -1 -7.35e-10      0.00 7.526e-01 2.472e-01 3.315e-05 9.448e-06 8.363e-05 -1.000 1.968e-04 -1.441 0.016 -0.245 -1.107 -1.636 -2.124 -2.791 -3.333 -3.415
0.0001957 -1.90000 10.07918 0.8006488681 2.4189512730    0.785  2.525  3.6805  1.482    3  0.000  0.529     0.00     0.00 -1 -8.54e-10      0.00 7.526e-01 2.472e-01 3.315e-05 9.449e-06 8.363e-05 -1.000 1.969e-04 -1.542 -0.082 -0.335 -1.197 -1.729 -2.223 -2.897 -3.444 -3.530
0.0001957 -1.90000 10.07918 0.8006700873 2.4189586639    0.784  2.565  3.6785  1.433    3  0.000  0.529     0.00     0.00 -1 -9.93e-10      0.00 7.526e-01 2.472e-01 3.315e-05 9.449e-06 8.363e-05 -1.000 1.968e-04 -1.643 -0.112 -0.403 -1.289 -1.829 -2.327 -3.007 -3.560 -3.646
0.0001957 -1.90000 10.07918 0.8006904125 2.4189658165    0.783  2.607  3.6766  1.384    3  0.000  0.529     0.00     0.00 -1 -1.16e-09      0.00 7.526e-01 2.472e-01 3.315e-05 9.449e-06 8.363e-05 -1.000 1.968e-04 -1.746 -0.142 -0.473 -1.382 -1.930 -2.433 -3.120 -3.678 -3.763
0.0001957 -1.90000 10.07918 0.8007122278 2.4189734459    0.782  2.654  3.6739  1.325    3  0.000  0.529     0.00     0.00 -1 -1.38e-09      0.00 7.526e-01 2.472e-01 3.315e-05 9.450e-06 8.363e-05 -1.000 1.969e-04 -1.865 -0.157 -0.544 -1.487 -2.047 -2.556 -3.252 -3.817 -3.901
0.0001957 -1.90000 10.07918 0.8007297516 2.4189794064    0.780  2.696  3.6720  1.275    3  0.000  0.529     0.00     0.00 -1 -1.61e-09      0.00 7.526e-01 2.472e-01 3.315e-05 9.450e-06 8.363e-05 -1.000 1.969e-04 -1.969 -0.178 -0.609 -1.580 -2.149 -2.663 -3.366 -3.935 -4.019
0.0001957 -1.90000 10.07918 0.8007478714 2.4189858437    0.779  2.742  3.6693  1.217    3  0.000  0.529     0.00     0.00 -1 -1.92e-09      0.00 7.526e-01 2.472e-01 3.315e-05 9.451e-06 8.363e-05 -1.000 1.968e-04 -2.084 -0.173 -0.669 -1.679 -2.261 -2.783 -3.494 -4.071 -4.154
0.0001957 -1.90000 10.07918 0.8007627726 2.4189910889    0.777  2.783  3.6674  1.167    3  0.000  0.529     0.00     0.00 -1 -2.23e-09      0.00 7.526e-01 2.472e-01 3.315e-05 9.451e-06 8.363e-05 -1.000 1.969e-04 -2.187 -0.180 -0.727 -1.767 -2.360 -2.888 -3.606 -4.188 -4.271
0.0001957 -1.90000 10.07918 0.8007779717 2.4189963341    0.775  2.827  3.6646  1.111    3  0.000  0.529     0.00     0.00 -1 -2.64e-09      0.00 7.526e-01 2.472e-01 3.315e-05 9.451e-06 8.363e-05 -1.000 1.969e-04 -2.298 -0.153 -0.773 -1.859 -2.467 -3.003 -3.732 -4.321 -4.403
0.0001957 -1.90000 10.07918 0.8007906675 2.4190008640    0.773  2.867  3.6626  1.062    3  0.000  0.529     0.00     0.00 -1 -3.07e-09      0.00 7.526e-01 2.472e-01 3.315e-05 9.452e-06 8.363e-05 -1.000 1.969e-04 -2.398 -0.141 -0.821 -1.942 -2.563 -3.105 -3.841 -4.435 -4.517
0.0001957 -1.90000 10.07918 0.8008038998 2.4190053940    0.771  2.912  3.6599  1.005    3  0.000  0.529     0.00     0.00 -1 -3.64e-09      0.00 7.526e-01 2.472e-01 3.315e-05 9.452e-06 8.363e-05 -1.000 1.969e-04 -2.509 -0.095 -0.858 -2.030 -2.669 -3.221 -3.967 -4.569 -4.649
0.0001957 -1.90000 10.07918 0.8008173108 2.4190101624    0.768  2.961  3.6573  0.944    3  0.000  0.529     0.00     0.00 -1 -4.37e-09      0.00 7.526e-01 2.472e-01 3.315e-05 9.452e-06 8.363e-05 -1.000 1.969e-04 -2.632 -0.060 -0.902 -2.125 -2.783 -3.345 -4.102 -4.710 -4.790
0.0001957 -1.90000 10.07918 0.8008282781 2.4190139771    0.766  3.003  3.6545  0.889    3  0.000  0.529     0.00     0.00 -1 -5.16e-09      0.00 7.526e-01 2.472e-01 3.315e-05 9.452e-06 8.363e-05 -1.000 1.969e-04 -2.739 -0.043 -0.942 -2.204 -2.878 -3.451 -4.220 -4.836 -4.918
0.0001957 -1.90000 10.07918 0.8008376360 2.4190170765    0.763  3.042  3.6524  0.840    3  0.000  0.529     0.00     0.00 -1 -5.98e-09      0.00 7.526e-01 2.472e-01 3.315e-05 9.453e-06 8.364e-05 -1.000 1.969e-04 -2.836 -0.042 -0.988 -2.279 -2.967 -3.548 -4.326 -4.948 -5.030
0.0001957 -1.90000 10.07918 0.8008472919 2.4190204144    0.760  3.085  3.6496  0.784    3  0.000  0.529     0.00     0.00 -1 -7.04e-09      0.00 7.526e-01 2.472e-01 3.315e-05 9.453e-06 8.364e-05 -1.000 1.969e-04 -2.943 -0.024 -1.026 -2.357 -3.062 -3.654 -4.444 -5.074 -5.157
0.0001957 -1.90000 10.07918 0.8008571863 2.4190239906    0.756  3.132  3.6470  0.724    3  0.000  0.529     0.00     0.00 -1 -8.41e-09      0.00 7.526e-01 2.472e-01 3.315e-05 9.453e-06 8.364e-05 -1.000 1.969e-04 -3.060 -0.016 -1.077 -2.445 -3.167 -3.768 -4.571 -5.208 -5.293
0.0001957 -1.90000 10.07918 0.8008655310 2.4190268517    0.752  3.174  3.6442  0.669    3  0.000  0.529     0.00     0.00 -1 -9.92e-09      0.00 7.526e-01 2.472e-01 3.315e-05 9.453e-06 8.364e-05 -1.000 1.969e-04 -3.165 0.008 -1.112 -2.519 -3.258 -3.870 -4.686 -5.332 -5.418
0.0001957 -1.90000 10.07918 0.8008738756 2.4190297127    0.747  3.219  3.6415  0.611    3  0.000  0.529     0.00     0.00 -1 -1.18e-08      0.00 7.526e-01 2.472e-01 3.315e-05 9.453e-06 8.364e-05 -1.000 1.969e-04 -3.277 0.025 -1.154 -2.600 -3.356 -3.980 -4.808 -5.461 -5.548
0.0001957 -1.90000 10.07918 0.8008816242 2.4190325737    0.742  3.261  3.6388  0.554    3  0.000  0.529     0.00     0.00 -1 -1.39e-08      0.00 7.526e-01 2.472e-01 3.315e-05 9.453e-06 8.364e-05 -1.000 1.968e-04 -3.383 0.054 -1.185 -2.672 -3.447 -4.083 -4.924 -5.586 -5.674
0.0001957 -1.90000 10.07918 0.8008837700 2.4190332890    0.740  3.271  3.6382  0.541    3  0.000  0.529     0.00     0.00 -1 -1.46e-08      0.00 7.526e-01 2.472e-01 3.315e-05 9.453e-06 8.364e-05 -1.000 1.969e-04 -3.408 0.059 -1.193 -2.689 -3.469 -4.107 -4.952 -5.615 -5.704
0.0001957 -1.90000 10.07918 0.8008837700 2.4190332890    0.740  1.680  3.8773  3.089    4  0.000  0.531     0.00     0.00 -1    -1e-30      0.00 7.542e-01 2.456e-01 3.318e-05 9.332e-06 8.333e-05 -1.000 1.969e-04 0.570 0.777 0.709 0.551 0.432 0.303 0.135 0.030 0.015
0.0001957 -1.90000 10.07918 0.8008846045 2.4190335274    0.740  1.691  3.8702  3.049    4  0.000  0.531     0.00     0.00 -1    -1e-30      0.00 7.542e-01 2.456e-01 3.318e-05 9.332e-06 8.333e-05 -1.000 1.968e-04 0.542 0.759 0.701 0.524 0.391 0.250 0.067 -0.051 -0.067
0.0001957 -1.90000 10.07918 0.8009409904 2.4190530777    0.740  1.704  3.8655  3.018    4  0.000  0.531     0.00     0.00 -1    -1e-30      0.00 7.542e-01 2.456e-01 3.318e-05 9.332e-06 8.333e-05 -1.000 1.969e-04 0.511 0.736 0.684 0.495 0.353 0.203 0.010 -0.116 -0.133
0.0001957 -1.90000 10.07918 0.8009957671 2.4190723896    0.741  1.704  3.8664  3.022    4  0.000  0.531     0.00     0.00 -1    -1e-30      0.00 7.542e-01 2.456e-01 3.318e-05 9.332e-06 8.333e-05 -1.000 1.969e-04 0.511 0.734 0.681 0.494 0.354 0.206 0.015 -0.110 -0.126
0.0001957 -1.90000 10.07918 0.8010507226 2.4190914631    0.741  1.704  3.8675  3.026    4  0.000  0.531     0.00     0.00 -1    -1e-30      0.00 7.542e-01 2.456e-01 3.318e-05 9.332e-06 8.333e-05 -1.000 1.968e-04 0.511 0.732 0.677 0.493 0.355 0.209 0.021 -0.102 -0.118
0.0001957 -1.90000 10.07918 0.8011062145 2.4191107750    0.741  1.704  3.8687  3.031    4  0.000  0.531     0.00     0.00 -1    -1e-30      0.00 7.542e-01 2.456e-01 3.318e-05 9.332e-06 8.333e-05 -1.000 1.968e-04 0.511 0.730 0.674 0.493 0.357 0.214 0.028 -0.092 -0.109
0.0001957 -1.90000 10.07918 0.8011631966 2.4191305637    0.741  1.704  3.8700  3.036    4  0.000  0.531     0.00     0.00 -1    -1e-30      0.00 7.542e-01 2.456e-01 3.318e-05 9.332e-06 8.333e-05 -1.000 1.969e-04 0.511 0.729 0.670 0.492 0.359 0.218 0.035 -0.083 -0.099
0.0001957 -1.90000 10.07918 0.8012198210 2.4191503525    0.741  1.703  3.8711  3.041    4  0.000  0.531     0.00     0.00 -1    -1e-30      0.00 7.542e-01 2.456e-01 3.318e-05 9.332e-06 8.333e-05 -1.000 1.969e-04 0.512 0.728 0.667 0.493 0.362 0.223 0.042 -0.074 -0.090
0.0001957 -1.90000 10.07918 0.8012726903 2.4191687107    0.741  1.703  3.8720  3.045    4  0.000  0.531     0.00     0.00 -1    -1e-30      0.00 7.542e-01 2.456e-01 3.318e-05 9.332e-06 8.333e-05 -1.000 1.969e-04 0.512 0.727 0.665 0.493 0.364 0.227 0.047 -0.066 -0.082
0.0001957 -1.90000 10.07918 0.8013297915 2.4191887379    0.741  1.703  3.8728  3.048    4  0.000  0.531     0.00     0.00 -1    -1e-30      0.00 7.542e-01 2.456e-01 3.318e-05 9.332e-06 8.333e-05 -1.000 1.969e-04 0.512 0.726 0.663 0.493 0.366 0.230 0.052 -0.060 -0.076
0.0001957 -1.90000 10.07918 0.8013824224 2.4192070961    0.741  1.703  3.8731  3.049    4  0.000  0.531     0.00     0.00 -1    -1e-30      0.00 7.542e-01 2.456e-01 3.318e-05 9.332e-06 8.333e-05 -1.000 1.969e-04 0.512 0.725 0.661 0.493 0.366 0.230 0.053 -0.059 -0.075
0.0001957 -1.90000 10.07918 0.8014357686 2.4192256927    0.741  1.704  3.8731  3.049    4  0.000  0.531     0.00     0.00 -1    -1e-30      0.00 7.542e-01 2.456e-01 3.318e-05 9.332e-06 8.333e-05 -1.000 1.968e-04 0.511 0.724 0.660 0.492 0.365 0.229 0.052 -0.060 -0.076
0.0001957 -1.90000 10.07918 0.8014917374 2.4192452431    0.741  1.704  3.8725  3.046    4  0.000  0.531     0.00     0.00 -1    -1e-30      0.00 7.542e-01 2.456e-01 3.318e-05 9.332e-06 8.333e-05 -1.000 1.968e-04 0.510 0.723 0.660 0.490 0.362 0.226 0.048 -0.066 -0.082
0.0001957 -1.90000 10.07918 0.8015499711 2.4192655087    0.741  1.705  3.8714  3.041    4  0.000  0.531     0.00     0.00 -1    -1e-30      0.00 7.542e-01 2.456e-01 3.318e-05 9.332e-06 8.333e-05 -1.000 1.969e-04 0.507 0.723 0.661 0.488 0.358 0.219 0.039 -0.076 -0.092
0.0001957 -1.90000 10.07918 0.8016042709 2.4192843437    0.741  1.706  3.8698  3.033    4  0.000  0.531     0.00     0.00 -1    -1e-30      0.00 7.542e-01 2.456e-01 3.318e-05 9.332e-06 8.333e-05 -1.000 1.968e-04 0.504 0.722 0.663 0.485 0.352 0.210 0.026 -0.092 -0.108
0.0001957 -1.90000 10.07918 0.8016567826 2.4193027020    0.741  1.708  3.8675  3.022    4  0.000  0.531     0.00     0.00 -1    -1e-30      0.00 7.542e-01 2.456e-01 3.318e-05 9.332e-06 8.333e-05 -1.000 1.968e-04 0.500 0.722 0.666 0.483 0.345 0.199 0.010 -0.112 -0.129
0.0001957 -1.90000 10.07918 0.8017120361 2.4193217754    0.741  1.710  3.8644  3.008    4  0.000  0.531     0.00     0.00 -1    -1e-30      0.00 7.542e-01 2.456e-01 3.318e-05 9.332e-06 8.333e-05 -1.000 1.968e-04 0.495 0.721 0.671 0.479 0.335 0.183 -0.012 -0.140 -0.157
0.0001957 -1.90000 10.07918 0.8017641306 2.4193398952    0.741  1.712  3.8609  2.991    4  0.000  0.531     0.00     0.00 -1    -1e-30      0.00 7.542e-01 2.456e-01 3.318e-05 9.332e-06 8.333e-05 -1.000 1.969e-04 0.489 0.721 0.676 0.475 0.324 0.166 -0.037 -0.172 -0.189
0.0001957 -1.90000 10.07918 0.8018165231 2.4193582535    0.741  1.715  3.8567  2.972    4  0.000  0.531     0.00     0.00 -1    -1e-30      0.00 7.542e-01 2.456e-01 3.318e-05 9.332e-06 8.333e-05 -1.000 1.968e-04 0.483 0.720 0.684 0.472 0.313 0.146 -0.066 -0.210 -0.227
0.0001957 -1.90000 10.07918 0.8018704057 2.4193768501    0.741  1.718  3.8517  2.949    4  0.000  0.531     0.00     0.00 -1    -1e-30      0.00 7.542e-01 2.456e-01 3.318e-05 9.332e-06 8.333e-05 -1.000 1.969e-04 0.474 0.720 0.693 0.469 0.299 0.123 -0.101 -0.255 -0.273
0.0001957 -1.90000 10.07918 0.8019257188 2.4193961620    0.742  1.722  3.8458  2.921    4  0.000  0.531     0.00     0.00 -1    -1e-30      0.00 7.542e-01 2.456e-01 3.318e-05 9.332e-06 8.333e-05 -1.000 1.969e-04 0.465 0.720 0.704 0.465 0.284 0.096 -0.141 -0.308 -0.327
0.0001957 -1.90000 10.07918 0.8019772768 2.4194140434    0.742  1.726  3.8396  2.893    4  0.000  0.531     0.00     0.00 -1    -1e-30      0.00 7.542e-01 2.456e-01 3.318e-05 9.332e-06 8.333e-05 -1.000 1.969e-04 0.455 0.722 0.717 0.462 0.268 0.068 -0.183 -0.363 -0.383
0.0001957 -1.90000 10.07918 0.8019821644 2.4194157124    0.742  1.726  3.8390  2.890    4  0.000  0.531     0.00     0.00 -1    -1e-30      0.00 7.542e-01 2.456e-01 3.318e-05 9.332e-06 8.333e-05 -1.000 1.968e-04 0.454 0.722 0.718 0.461 0.266 0.065 -0.187 -0.368 -0.388
0.0001957 -1.90000 10.07918 0.8019914031 2.4194190502    0.742  1.727  3.8378  2.884    4  0.000  0.531     0.00     0.00 -1    -1e-30      0.00 7.542e-01 2.456e-01 3.318e-05 9.332e-06 8.333e-05 -1.000 1.969e-04 0.452 0.722 0.720 0.461 0.263 0.060 -0.195 -0.378 -0.399
0.0001957 -1.90000 10.07918 0.8020460010 2.4194378853    0.742  1.732  3.8307  2.852    4  0.000  0.531     0.00     0.00 -1    -1e-30      0.00 7.542e-01 2.456e-01 3.318e-05 9.332e-06 8.333e-05 -1.000 1.968e-04 0.441 0.724 0.735 0.457 0.246 0.029 -0.243 -0.441 -0.462
0.0001957 -1.90000 10.07918 0.8020992279 2.4194564819    0.742  1.736  3.8239  2.820    4  0.000  0.531     0.00     0.00 -1    -1e-30      0.00 7.542e-01 2.456e-01 3.318e-05 9.332e-06 8.333e-05 -1.000 1.968e-04 0.430 0.728 0.751 0.455 0.229 -0.000 -0.288 -0.502 -0.525
0.0001957 -1.90000 10.07918 0.8021561503 2.4194762707    0.742  1.742  3.8160  2.783    4  0.000  0.531     0.00     0.00 -1    -1e-30      0.00 7.542e-01 2.456e-01 3.318e-05 9.332e-06 8.333e-05 -1.000 1.969e-04 0.416 0.734 0.769 0.452 0.211 -0.034 -0.341 -0.573 -0.596
0.0001957 -1.90000 10.07918 0.8022103310 2.4194951057    0.742  1.747  3.8082  2.746    4  0.000  0.531     0.00     0.00 -1    -1e-30      0.00 7.542e-01 2.456e-01 3.318e-05 9.332e-06 8.333e-05 -1.000 1.969e-04 0.402 0.740 0.788 0.449 0.192 -0.067 -0.393 -0.643 -0.668
0.0001957 -1.90000 10.07918 0.8022623062 2.4195132256    0.742  1.753  3.8016  2.714    4  0.000  0.531     0.00     0.00 -1    -1e-30      0.00 7.542e-01 2.456e-01 3.318e-05 9.332e-06 8.333e-05 -1.000 1.968e-04 0.388 0.744 0.805 0.446 0.175 -0.096 -0.438 -0.703 -0.731
0.0001957 -1.90000 10.07918 0.8023158908 2.4195318222    0.742  1.759  3.7947  2.680    4  0.000  0.531     0.00     0.00 -1    -1e-30      0.00 7.542e-01 2.456e-01 3.318e-05 9.332e-06 8.333e-05 -1.000 1.968e-04 0.372 0.751 0.822 0.442 0.157 -0.127 -0.487 -0.767 -0.797
0.0001957 -1.90000 10.07918 0.8023685217 2.4195501804    0.742  1.765  3.7888  2.651    4  0.000  0.531     0.00     0.00 -1    -1e-30      0.00 7.542e-01 2.456e-01 3.318e-05 9.332e-06 8.333e-05 -1.000 1.969e-04 0.358 0.755 0.836 0.437 0.140 -0.154 -0.529 -0.823 -0.855
0.0001957 -1.90000 10.07918 0.8024217486 2.4195685387    0.742  1.771  3.7833  2.622    4  0.000  0.531     0.00     0.00 -1    -1e-30      0.00 7.542e-01 2.456e-01 3.318e-05 9.332e-06 8.333e-05 -1.000 1.969e-04 0.342 0.759 0.847 0.432 0.123 -0.181 -0.570 -0.877 -0.911
0.0001957 -1.90000 10.07918 0.8024749756 2.4195871353    0.742  1.778  3.7781  2.595    4  0.000  0.531     0.00     0.00 -1    -1e-30      0.00 7.542e-01 2.456e-01 3.318e-05 9.332e-06 8.333e-05 -1.000 1.969e-04 0.324 0.762 0.855 0.423 0.105 -0.209 -0.611 -0.930 -0.967
0.0001957 -1.90000 10.07918 0.8025286794 2.4196057320    0.742  1.788  3.7726  2.563    4  0.000  0.531     0.00     0.00 -1    -1e-30      0.00 7.542e-01 2.456e-01 3.318e-05 9.332e-06 8.333e-05 -1.000 1.969e-04 0.301 0.765 0.859 0.410 0.080 -0.244 -0.661 -0.994 -1.032
0.0001957 -1.90000 10.07918 0.8025392890 2.4196093082    0.742  1.778  3.7760  2.586    4  0.000  0.531     0.00     0.00 -1    -1e-30      0.00 7.542e-01 2.456e-01 3.318e-05 9.332e-06 8.333e-05 -1.000 1.969e-04 0.324 0.772 0.866 0.428 0.105 -0.213 -0.621 -0.946 -0.983
0.0001957 -1.90000 10.07918 0.8025943637 2.4196283817    0.742  1.793  3.7685  2.541    4  0.000  0.531     0.00     0.00 -1    -1e-30      0.00 7.542e-01 2.456e-01 3.318e-05 9.332e-06 8.333e-05 -1.000 1.968e-04 0.287 0.770 0.867 0.404 0.067 -0.265 -0.693 -1.036 -1.076
0.0001957 -1.90000 10.07918 0.8026485443 2.4196472168    0.742  1.812  3.7616  2.495    4  0.000  0.531     0.00     0.00 -1    -1e-30      0.00 7.542e-01 2.456e-01 3.318e-05 9.332e-06 8.333e-05 -1.000 1.969e-04 0.241 0.757 0.857 0.371 0.020 -0.324 -0.770 -1.129 -1.172
0.0001957 -1.90000 10.07918 0.8026941419 2.4196631908    0.742  1.840  3.7536  2.435    4  0.000  0.531     0.00     0.00 -1    -1e-30      0.00 7.542e-01 2.456e-01 3.318e-05 9.332e-06 8.333e-05 -1.000 1.968e-04 0.170 0.731 0.829 0.316 -0.052 -0.410 -0.876 -1.253 -1.301
0.0001957 -1.90000 10.07918 0.8027188778 2.4196717739    0.742  1.873  3.7457  2.370    4  0.000  0.531     0.00     0.00 -1    -1e-30      0.00 7.542e-01 2.456e-01 3.318e-05 9.332e-06 8.333e-05 -1.000 1.969e-04 0.087 0.697 0.789 0.249 -0.134 -0.507 -0.993 -1.386 -1.439
0.0001957 -1.90000 10.07918 0.8027300835 2.4196755886    0.742  1.908  3.7386  2.307    4  0.000  0.531     0.00     0.00 -1    -1e-30      0.00 7.542e-01 2.456e-01 3.318e-05 9.332e-06 8.333e-05 -1.000 1.968e-04 -0.001 0.659 0.741 0.176 -0.221 -0.606 -1.111 -1.519 -1.577
0.0001957 -1.90000 10.07918 0.8027350307 2.4196772575    0.742  1.945  3.7323  2.245    4  0.000  0.531     0.00     0.00 -1    -1e-30      0.00 7.542e-01 2.456e-01 3.318e-05 9.332e-06 8.333e-05 -1.000 1.969e-04 -0.093 0.620 0.686 0.097 -0.313 -0.709 -1.230 -1.652 -1.713
0.0001957 -1.90000 10.07918 0.8027374148 2.4196782112    0.742  1.982  3.7272  2.187    4  0.000  0.531     0.00     0.00 -1    -1e-30      0.00 7.542e-01 2.456e-01 3.318e-05 9.332e-06 8.333e-05 -1.000 1.968e-04 -0.185 0.575 0.625 0.016 -0.404 -0.809 -1.344 -1.777 -1.841
0.0001957 -1.90000 10.07918 0.8027383685 2.4196784496    0.742  2.007  3.7242  2.150    7  0.000  0.531     0.00     0.00 -1    -1e-30      0.00 7.542e-01 2.456e-01 3.318e-05 9.332e-06 8.333e-05 -1.000 1.969e-04 -0.248 0.540 0.581 -0.040 -0.467 -0.877 -1.419 -1.859 -1.925
0.0001957 -1.90000 10.07918 0.8027386069 2.4196784496    0.742  2.017  3.7233  2.137    7  0.000  0.531     0.00     0.00 -1    -1e-30      0.00 7.542e-01 2.456e-01 3.318e-05 9.332e-06 8.333e-05 -1.000 1.969e-04 -0.273 0.526 0.563 -0.062 -0.491 -0.903 -1.448 -1.890 -1.956
0.0001957 -1.90000 10.07918 0.8027396798 2.4196789265    0.742  2.058  3.7196  2.081    7  0.000  0.531     0.00     0.00 -1    -1e-30      0.00 7.542e-01 2.456e-01 3.318e-05 9.332e-06 8.333e-05 -1.000 1.969e-04 -0.375 0.461 0.484 -0.156 -0.592 -1.010 -1.565 -2.016 -2.084
0.0001957 -1.90000 10.07918 0.8027405739 2.4196791649    0.742  2.095  3.7165  2.032    7  0.000  0.531     0.00     0.00 -1    -1e-30      0.00 7.542e-01 2.456e-01 3.318e-05 9.332e-06 8.333e-05 -1.000 1.969e-04 -0.467 0.402 0.413 -0.240 -0.683 -1.107 -1.670 -2.128 -2.197
0.0001957 -1.90000 10.07918 0.8027414680 2.4196796417    0.742  2.124  3.7144  1.994    7  0.000  0.531     0.00     0.00 -1    -1e-30      0.00 7.542e-01 2.456e-01 3.318e-05 9.332e-06 8.333e-05 -1.000 1.969e-04 -0.539 0.355 0.356 -0.307 -0.754 -1.182 -1.752 -2.214 -2.285
0.0001957 -1.90000 10.07918 0.8027424216 2.4196798801    0.742  2.147  3.7128  1.965    7  0.000  0.531     0.00     0.00 -1    -1e-30      0.00 7.542e-01 2.456e-01 3.318e-05 9.332e-06 8.333e-05 -1.000 1.969e-04 -0.597 0.318 0.310 -0.361 -0.812 -1.242 -1.817 -2.283 -2.354
0.0001957 -1.90000 10.07918 0.8027438521 2.4196803570    0.742  2.162  3.7118  1.946    7  0.000  0.531     0.00     0.00 -1    -1e-30      0.00 7.542e-01 2.456e-01 3.318e-05 9.332e-06 8.333e-05 -1.000 1.968e-04 -0.634 0.293 0.280 -0.395 -0.848 -1.281 -1.858 -2.326 -2.398
0.0001957 -1.90000 10.07918 0.8027465940 2.4196813107    0.742  2.144  3.7132  1.970    7  0.000  0.531     0.00     0.00 -1    -1e-30      0.00 7.542e-01 2.456e-01 3.318e-05 9.332e-06 8.333e-05 -1.000 1.968e-04 -0.589 0.321 0.315 -0.354 -0.803 -1.233 -1.807 -2.271 -2.343
0.0001957 -1.90000 10.07918 0.8027641177 2.4196875095    0.742  2.135  3.7136  1.980    7  0.000  0.531     0.00     0.00 -1    -1e-30      0.00 7.542e-01 2.456e-01 3.318e-05 9.332e-06 8.333e-05 -1.000 1.968e-04 -0.567 0.338 0.334 -0.333 -0.782 -1.211 -1.783 -2.247 -2.319
0.0001957 -1.90000 10.07918 0.8027806282 2.4196932316    0.742  2.157  3.7117  1.950    7  0.000  0.531     0.00     0.00 -1    -1e-30      0.00 7.542e-01 2.456e-01 3.318e-05 9.332e-06 8.333e-05 -1.000 1.969e-04 -0.623 0.305 0.292 -0.384 -0.837 -1.270 -1.848 -2.316 -2.388
0.0001957 -1.90000 10.07918 0.8028005958 2.4197001457    0.742  2.202  3.7084  1.892    7  0.000  0.531     0.00     0.00 -1    -1e-30      0.00 7.542e-01 2.456e-01 3.318e-05 9.332e-06 8.333e-05 -1.000 1.969e-04 -0.735 0.236 0.204 -0.487 -0.948 -1.387 -1.974 -2.450 -2.524
0.0001957 -1.90000 10.07918 0.8028196692 2.4197065830    0.743  2.253  3.7050  1.828    7  0.000  0.531     0.00     0.00 -1    -1e-30      0.00 7.542e-01 2.456e-01 3.318e-05 9.332e-06 8.333e-05 -1.000 1.969e-04 -0.862 0.159 0.106 -0.603 -1.072 -1.517 -2.114 -2.599 -2.675
0.0001957 -1.90000 10.07918 0.8028373122 2.4197127819    0.743  2.302  3.7018  1.766    7  0.000  0.531     0.00     0.00 -1    -1e-30      0.00 7.542e-01 2.456e-01 3.318e-05 9.332e-06 8.333e-05 -1.000 1.969e-04 -0.986 0.081 0.008 -0.718 -1.194 -1.646 -2.252 -2.745 -2.822
0.0001957 -1.90000 10.07918 0.8028531075 2.4197182655    0.743  2.347  3.6990  1.710    7  0.000  0.531     0.00     0.00 -1    -1e-30      0.00 7.542e-01 2.456e-01 3.318e-05 9.332e-06 8.333e-05 -1.000 1.945e-04 -1.097 0.012 -0.080 -0.820 -1.303 -1.760 -2.375 -2.874 -2.953
0.0001957 -1.90000 10.07918 0.8028671741 2.4197230339    0.743  2.390  3.6964  1.657    7  0.000  0.531     0.00     0.00 -1    -1e-30      0.00 7.542e-01 2.456e-01 3.316e-05 9.335e-06 8.333e-05 -1.000 1.572e-04 -1.204 -0.053 -0.164 -0.918 -1.408 -1.870 -2.493 -2.999 -3.079
0.0001957 -1.90000 10.07918 0.8028794527 2.4197273254    0.743  2.431  3.6939  1.605    7  0.000  0.530     0.00     0.00 -1    -1e-30      0.00 7.543e-01 2.456e-01 3.310e-05 9.357e-06 8.333e-05 -1.000 1.812e-04 -1.308 -0.117 -0.245 -1.013 -1.509 -1.976 -2.607 -3.120 -3.201
0.0001957 -1.90000 10.07918 0.8028903008 2.4197311401    0.743  2.472  3.6915  1.555    7  0.000  0.526     0.00     0.00 -1    -1e-30      0.00 7.543e-01 2.456e-01 3.288e-05 9.492e-06 8.333e-05 -1.000 1.566e-04 -1.410 -0.179 -0.325 -1.107 -1.608 -2.080 -2.719 -3.238 -3.321
0.0001957 -1.90000 10.07918 0.8029001951 2.4197347164    0.743  2.513  3.6891  1.504    7  0.000  0.517     0.00     0.00 -1    -1e-30      0.00 7.542e-01 2.456e-01 3.233e-05 1.000e-05 8.333e-05 -1.000 1.891e-04 -1.512 -0.239 -0.404 -1.199 -1.707 -2.184 -2.830 -3.356 -3.440
0.0001957 -1.90000 10.07918 0.8029091358 2.4197378159    0.743  2.553  3.6867  1.454    7  0.000  0.504     0.00     0.00 -1    -1e-30      0.00 7.541e-01 2.457e-01 3.150e-05 1.095e-05 8.334e-05 -1.000 1.968e-04 -1.613 -0.296 -0.480 -1.291 -1.805 -2.286 -2.941 -3.473 -3.558
0.0001957 -1.90000 10.07918 0.8029174209 2.4197406769    0.743  2.594  3.6843  1.404    7  0.000  0.490     0.00     0.00 -1    -1e-30      0.00 7.540e-01 2.458e-01 3.062e-05 1.203e-05 8.335e-05 -1.000 1.968e-04 -1.714 -0.335 -0.551 -1.382 -1.904 -2.391 -3.053 -3.592 -3.677
0.0001957 -1.90000 10.07918 0.8029250503 2.4197432995    0.743  2.634  3.6818  1.354    7  0.000  0.477     0.00     0.00 -1    -1e-30      0.00 7.539e-01 2.459e-01 2.982e-05 1.300e-05 8.336e-05 -1.000 1.801e-04 -1.815 -0.359 -0.617 -1.474 -2.004 -2.496 -3.167 -3.711 -3.796
0.0001957 -1.90000 10.07918 0.8029323220 2.4197456837    0.743  2.674  3.6793  1.304    7  0.000  0.466     0.00     0.00 -1    -1e-30      0.00 7.537e-01 2.461e-01 2.914e-05 1.385e-05 8.337e-05 -1.000 1.707e-04 -1.915 -0.375 -0.678 -1.564 -2.103 -2.601 -3.279 -3.830 -3.914
0.0001957 -1.90000 10.07918 0.8029392362 2.4197480679    0.743  2.714  3.6769  1.255    7  0.000  0.456     0.00     0.00 -1    -1e-30      0.00 7.536e-01 2.463e-01 2.854e-05 1.459e-05 8.338e-05 -1.000 1.968e-04 -2.015 -0.383 -0.735 -1.651 -2.201 -2.704 -3.390 -3.947 -4.031
0.0001957 -1.90000 10.07918 0.8029459119 2.4197504520    0.743  2.754  3.6745  1.205    7  0.000  0.448     0.00     0.00 -1    -1e-30      0.00 7.534e-01 2.464e-01 2.802e-05 1.523e-05 8.337e-05 -1.000 1.969e-04 -2.114 -0.384 -0.788 -1.736 -2.298 -2.807 -3.502 -4.064 -4.148
0.0001957 -1.90000 10.07918 0.8029521108 2.4197525978    0.743  2.794  3.6720  1.155    7  0.000  0.441     0.00     0.00 -1    -1e-30      0.00 7.532e-01 2.466e-01 2.756e-05 1.579e-05 8.335e-05 -1.000 1.968e-04 -2.215 -0.378 -0.839 -1.823 -2.396 -2.912 -3.615 -4.184 -4.267
0.0001957 -1.90000 10.07918 0.8029575944 2.4197545052    0.743  2.834  3.6694  1.104    7  0.000  0.435     0.00     0.00 -1    -1e-30      0.00 7.530e-01 2.468e-01 2.717e-05 1.628e-05 8.332e-05 -1.000 1.968e-04 -2.316 -0.362 -0.885 -1.908 -2.494 -3.018 -3.729 -4.305 -4.387
0.0001957 -1.90000 10.07918 0.8029621840 2.4197561741    0.743  2.875  3.6669  1.054    7  0.000  0.430     0.00     0.00 -1    -1e-30      0.00 7.528e-01 2.470e-01 2.684e-05 1.669e-05 8.325e-05 -1.000 1.968e-04 -2.417 -0.335 -0.926 -1.990 -2.590 -3.122 -3.842 -4.425 -4.506
0.0001957 -1.90000 10.07918 0.8029661179 2.4197573662    0.743  2.916  3.6642  1.002    7  0.000  0.426     0.00     0.00 -1    -1e-30      0.00 7.526e-01 2.472e-01 2.655e-05 1.708e-05 8.314e-05 -1.000 1.856e-04 -2.519 -0.297 -0.963 -2.071 -2.688 -3.228 -3.958 -4.547 -4.628
0.0001957 -1.90000 10.07918 0.8029696345 2.4197587967    0.743  2.956  3.6615  0.951    7  0.000  0.422     0.00     0.00 -1    -1e-30      0.00 7.524e-01 2.474e-01 2.630e-05 1.743e-05 8.300e-05 -1.000 1.667e-04 -2.620 -0.239 -0.987 -2.148 -2.783 -3.333 -4.074 -4.669 -4.750
0.0001957 -1.90000 10.07918 0.8029732704 2.4197599888    0.743  3.000  3.6586  0.896    7  0.000  0.420     0.00     0.00 -1    -1e-30      0.00 7.522e-01 2.476e-01 2.609e-05 1.777e-05 8.283e-05 -1.000 1.969e-04 -2.729 -0.162 -1.005 -2.226 -2.884 -3.445 -4.198 -4.800 -4.880
0.0001957 -1.90000 10.07918 0.8029766083 2.4197611809    0.743  3.043  3.6557  0.841    7  0.000  0.418     0.00     0.00 -1    -1e-30      0.00 7.520e-01 2.478e-01 2.594e-05 1.807e-05 8.266e-05 -1.000 1.969e-04 -2.837 -0.131 -1.040 -2.305 -2.980 -3.552 -4.317 -4.928 -5.009
0.0001957 -1.90000 10.07918 0.8029781580 2.4197616577    0.743  3.066  3.6541  0.812    7  0.000  0.417     0.00     0.00 -1    -1e-30      0.00 7.519e-01 2.479e-01 2.585e-05 1.827e-05 8.254e-05 -1.000 1.969e-04 -2.894 -0.121 -1.060 -2.347 -3.031 -3.609 -4.381 -4.996 -5.077
0.0001957 -1.90000 10.07918 0.8029786348 2.4197618961    0.743  3.071  3.6537  0.805    7  0.000  0.417     0.00     0.00 -1    -1e-30      0.00 7.519e-01 2.479e-01 2.582e-05 1.835e-05 8.249e-05 -1.000 1.968e-04 -2.907 -0.118 -1.065 -2.356 -3.043 -3.623 -4.396 -5.012 -5.094
0.0001957 -1.90000 10.07918 0.8029786944 2.4197618961    0.743  3.071  3.6537  0.804    7  0.000  0.417     0.00     0.00 -1    -1e-30      0.00 7.519e-01 2.479e-01 2.581e-05 1.836e-05 8.248e-05 -1.000 1.968e-04 -2.909 -0.118 -1.065 -2.357 -3.044 -3.624 -4.397 -5.013 -5.095
0.0001957 -1.90000 10.07918 0.8029788136 2.4197618961    0.743  3.072  3.6536  0.803    7  0.000  0.417     0.00     0.00 -1    -1e-30      0.00 7.519e-01 2.479e-01 2.580e-05 1.838e-05 8.247e-05 -1.000 1.969e-04 -2.911 -0.117 -1.066 -2.359 -3.046 -3.626 -4.400 -5.016 -5.098
0.0001957 -1.90000 10.07918 0.8029789329 2.4197618961    0.743  3.074  3.6535  0.801    7  0.000  0.417     0.00     0.00 -1    -1e-30      0.00 7.519e-01 2.479e-01 2.580e-05 1.840e-05 8.246e-05 -1.000 1.969e-04 -2.915 -0.117 -1.068 -2.362 -3.049 -3.630 -4.404 -5.021 -5.102
0.0001957 -1.90000 10.07918 0.8029789925 2.4197618961    0.743  3.075  3.6535  0.800    7  0.000  0.417     0.00     0.00 -1    -1e-30      0.00 7.518e-01 2.480e-01 2.579e-05 1.841e-05 8.245e-05 -1.000 1.969e-04 -2.917 -0.116 -1.068 -2.363 -3.052 -3.632 -4.406 -5.023 -5.105
0.0001957 -1.90000 10.07918 0.8029791713 2.4197618961    0.743  3.078  3.6533  0.797    7  0.000  0.417     0.00     0.00 -1    -1e-30      0.00 7.518e-01 2.480e-01 2.578e-05 1.844e-05 8.243e-05 -1.000 1.968e-04 -2.924 -0.115 -1.071 -2.368 -3.058 -3.639 -4.414 -5.031 -5.113
0.0001957 -1.90000 10.07918 0.8029793501 2.4197621346    0.743  3.085  3.6528  0.787    7  0.000  0.417     0.00     0.00 -1    -1e-30      0.00 7.518e-01 2.480e-01 2.576e-05 1.849e-05 8.239e-05 -1.000 1.969e-04 -2.943 -0.111 -1.078 -2.382 -3.075 -3.658 -4.435 -5.054 -5.136
0.0001957 -1.90000 10.07918 0.8029797673 2.4197621346    0.743  3.131  3.6494  0.727    7  0.000  0.416     0.00     0.00 -1    -1e-30      0.00 7.516e-01 2.482e-01 2.559e-05 1.893e-05 8.209e-05 -1.000 1.968e-04 -3.058 -0.083 -1.115 -2.464 -3.175 -3.771 -4.563 -5.191 -5.275
0.0001957 -1.90000 10.07918 0.8029803634 2.4197623730    0.743  3.202  3.6442  0.635    7  0.549  0.414     0.00     0.00 -1    -1e-30      0.00 7.511e-01 2.487e-01 2.526e-05 1.999e-05 8.135e-05 -1.000 1.970e-04 -3.235 -0.032 -1.167 -2.585 -3.327 -3.942 -4.758 -5.403 -5.489
0.0001957 -1.90000 10.07918 0.8029806614 2.4197626114    0.743  3.214  3.6433  0.620    7  0.549  0.414     0.00     0.00 -1    -1e-30      0.00 7.510e-01 2.488e-01 2.518e-05 2.025e-05 8.115e-05 -1.000 1.969e-04 -3.266 -0.023 -1.177 -2.605 -3.354 -3.972 -4.792 -5.439 -5.526
0.0001957 -1.90000 10.07918 0.8029807210 2.4197626114    0.743  3.414  3.6091  0.283    8  0.549  0.390    92.86    44.33  1  -1.3e-06      0.00 7.290e-01 2.706e-01 6.375e-05 5.931e-05 2.177e-04 -1.000 3.690e-04 -3.766 0.853 -0.845 -2.659 -3.621 -4.378 -5.378 -6.150 -6.261
0.0001957 -1.90000 10.07918 0.8029807806 2.4197626114    0.742  3.282  3.6172  0.448    8  0.549  0.390    65.07    32.59  1 -7.09e-07      0.00 7.290e-01 2.706e-01 6.375e-05 5.931e-05 2.177e-04 -1.000 3.690e-04 -3.434 0.754 -0.785 -2.475 -3.362 -4.073 -5.023 -5.767 -5.871
0.0001957 -1.90000 10.07918 0.8029808402 2.4197626114    0.742  3.137  3.6304  0.645    8  0.549  0.390    42.55    22.57  1 -3.59e-07      0.00 7.290e-01 2.706e-01 6.375e-05 5.931e-05 2.177e-04 -1.000 3.690e-04 -3.073 0.519 -0.776 -2.297 -3.094 -3.747 -4.626 -5.323 -5.417
0.0001957 -1.90000 10.07918 0.8029810190 2.4197626114    0.741  2.928  3.6494  0.929    8  0.549  0.390    23.03    13.26  1 -1.29e-07      0.00 7.290e-01 2.706e-01 6.375e-05 5.931e-05 2.177e-04 -1.000 3.690e-04 -2.550 0.243 -0.693 -1.982 -2.670 -3.253 -4.043 -4.677 -4.762
0.0001957 -1.90000 10.07918 0.8029811978 2.4197626114    0.740  2.933  3.6489  0.922    8  0.549  0.390    23.42    13.44  1 -1.33e-07      0.00 7.290e-01 2.706e-01 6.375e-05 5.931e-05 2.177e-04 -1.000 3.690e-04 -2.562 0.250 -0.695 -1.990 -2.680 -3.265 -4.058 -4.693 -4.778
0.0001957 -1.90000 10.07918 0.8029814959 2.4197628498    0.738  3.015  3.6414  0.809    8  0.550  0.390    29.87    16.57  1 -2.02e-07      0.00 7.290e-01 2.706e-01 6.375e-05 5.931e-05 2.177e-04 -1.000 3.690e-04 -2.767 0.351 -0.733 -2.118 -2.849 -3.461 -4.287 -4.946 -5.034
0.0001957 -1.90000 10.07918 0.8029817939 2.4197628498    0.736  3.169  3.6273  0.598    8  0.550  0.390    47.13    24.53  1 -4.28e-07      0.00 7.290e-01 2.706e-01 6.375e-05 5.931e-05 2.177e-04 -1.000 3.690e-04 -3.151 0.576 -0.776 -2.336 -3.152 -3.818 -4.713 -5.420 -5.517
0.0001957 -1.90000 10.07918 0.8029822111 2.4197630882    0.734  3.305  3.6149  0.410    8  0.550  0.390    70.65    34.73  1 -8.19e-07      0.00 7.290e-01 2.706e-01 6.375e-05 5.931e-05 2.177e-04 -1.000 3.690e-04 -3.492 0.807 -0.773 -2.494 -3.400 -4.123 -5.086 -5.839 -5.945
0.0001957 -1.90000 10.07918 0.8029826283 2.4197630882    0.731  3.395  3.6066  0.285    8  0.551  0.390    92.65    43.80  1 -1.26e-06      0.00 7.290e-01 2.706e-01 6.375e-05 5.931e-05 2.177e-04 -1.000 3.690e-04 -3.718 0.975 -0.749 -2.579 -3.553 -4.319 -5.333 -6.116 -6.230
0.0001957 -1.90000 10.07918 0.8029831648 2.4197633266    0.728  3.445  3.6019  0.215    8  0.551  0.390   107.87    49.82  1  -1.6e-06      0.00 7.290e-01 2.706e-01 6.375e-05 5.931e-05 2.177e-04 -1.000 3.690e-04 -3.843 1.073 -0.728 -2.620 -3.633 -4.425 -5.468 -6.268 -6.387
0.0001957 -1.90000 10.07918 0.8029837012 2.4197635651    0.725  3.471  3.5995  0.178    8  0.552  0.390   116.96    53.26  1 -1.82e-06      0.00 7.290e-01 2.706e-01 6.375e-05 5.931e-05 2.177e-04 -1.000 3.690e-04 -3.907 1.128 -0.714 -2.639 -3.673 -4.479 -5.537 -6.347 -6.468
0.0001957 -1.90000 10.07918 0.8029842973 2.4197638035    0.721  3.487  3.5984  0.154    8  0.552  0.390   123.06    55.46  0 -1.99e-06      0.00 7.290e-01 2.706e-01 6.375e-05 5.931e-05 2.177e-04 -1.000 3.690e-04 -3.948 1.149 -0.714 -2.656 -3.702 -4.515 -5.580 -6.394 -6.517
0.0001957 -1.90000 10.07918 0.8029866219 2.4197645187    0.554 -9.999  4.0000  1.705    9  0.554  0.000     0.00     0.00 -1    -1e-30      0.00 7.290e-01 2.706e-01 6.375e-05 5.931e-05 2.177e-04 -1.000 3.690e-04 29.767 29.801 30.048 30.098 30.092 30.082 30.126 30.122 30.137
#isochrone terminated
