# File generated by CMD 3.3 (http://stev.oapd.inaf.it/cmd) on Fri Nov 20 18:06:50 CET 2020
# isochrones based on PARSEC release v1.2S +  COLIBRI S_35
# Basic references: Bressan et al. (2012), MNRAS, 427, 127 + Chen et al. (2014, 2015), MNRAS, 444, 2525 + MNRAS, 452, 1068 + Tang et al. (2014), MNRAS, 445, 4287 + Marigo et al. (2017), ApJ, 835, 77 + Pastorelli al. (2019), MNRAS in press
# Thermal pulse cycles included 
# On RGB, assumed Reimers mass loss with efficiency eta=0.2
# Photometric system: JWST NIRCam wide+verywide+medium filters, Vegamags
# Using OBC version of bolometric corrections as detailed in Marigo et al. (2008, A&A 482, 883) and Girardi et al. (2008, PASP 120, 583
# O-rich circumstellar dpmod60alox40 dust from Groenewegen (2006)
# C-rich circumstellar AMCSIC15 dust from Groenewegen (2006)
# IMF: Kroupa (2001, 2002) + Kroupa et al. (2013) canonical two-part-power law IMF corrected for unresolved binaries 
# Kind of output: isochrone tables
# Zini     MH   logAge Mini        int_IMF         Mass   logL    logTe  logg  label   McoreTP C_O  period0 period1 pmode  Mloss  tau1m   X   Y   Xc  Xn  Xo  Cexcess  Z 	 mbolmag  F070Wmag  F090Wmag  F115Wmag  F150Wmag  F200Wmag  F277Wmag  F356Wmag  F444Wmag  F150W2mag  F322W2mag  F140Mmag  F162Mmag  F182Mmag  F210Mmag  F250Mmag  F300Mmag  F335Mmag  F360Mmag  F410Mmag  F430Mmag  F460Mmag  F480Mmag  F150WS60mag
0.0001957 -1.90000 10.07918 0.0903137699 1.0846885443    0.090 -3.188  3.4901  5.494    1  0.000  0.545     0.00     0.00 -1 -4.87e-17      0.00 7.483e-01 2.515e-01 3.540e-05 9.550e-06 8.661e-05 -1.000 1.969e-04 12.739 12.944 11.742 11.025 10.483 10.382 10.177 9.794 9.741 10.632 9.997 10.587 10.351 10.403 10.344 10.283 10.065 9.839 9.758 9.706 9.725 9.784 9.729 10.429
0.0001957 -1.90000 10.07918 0.0966959000 1.1428979635    0.097 -2.943  3.5260  5.422    1  0.000  0.545     0.00     0.00 -1 -8.97e-17      0.00 7.466e-01 2.532e-01 3.540e-05 9.550e-06 8.662e-05 -1.000 1.968e-04 12.127 12.138 11.168 10.522 9.940 9.724 9.557 9.276 9.216 10.060 9.428 10.066 9.774 9.759 9.680 9.625 9.490 9.320 9.244 9.187 9.200 9.255 9.207 9.870
0.0001957 -1.90000 10.07918 0.1003081575 1.1736754179    0.100 -2.812  3.5453  5.384    1  0.000  0.545     0.00     0.00 -1 -1.24e-16      0.00 7.456e-01 2.542e-01 3.540e-05 9.550e-06 8.662e-05 -1.000 1.969e-04 11.800 11.714 10.850 10.245 9.661 9.408 9.251 9.017 8.956 9.768 9.145 9.790 9.488 9.445 9.365 9.309 9.200 9.059 8.988 8.932 8.941 8.991 8.947 9.588
0.0001957 -1.90000 10.07918 0.1202969477 1.3212693930    0.120 -2.519  3.5758  5.292    1  0.000  0.545     0.00     0.00 -1 -2.48e-16      0.00 7.423e-01 2.575e-01 3.540e-05 9.550e-06 8.662e-05 -1.000 1.969e-04 11.067 10.853 10.121 9.575 9.008 8.729 8.601 8.406 8.347 9.101 8.513 9.139 8.831 8.766 8.689 8.647 8.565 8.447 8.378 8.323 8.332 8.379 8.347 8.932
0.0001957 -1.90000 10.07918 0.1402857602 1.4399919510    0.140 -2.335  3.5904  5.233    1  0.000  0.545     0.00     0.00 -1 -3.75e-16      0.00 7.401e-01 2.597e-01 3.540e-05 9.551e-06 8.662e-05 -1.000 1.969e-04 10.607 10.329 9.647 9.132 8.577 8.310 8.224 8.013 7.954 8.671 8.128 8.712 8.394 8.344 8.272 8.258 8.201 8.057 7.980 7.927 7.937 7.987 7.968 8.500
0.0001957 -1.90000 10.07918 0.1602745354 1.5385366678    0.160 -2.191  3.5999  5.185    1  0.000  0.545     0.00     0.00 -1 -5.17e-16      0.00 7.387e-01 2.611e-01 3.540e-05 9.551e-06 8.662e-05 -1.000 1.968e-04 10.247 9.926 9.283 8.793 8.245 7.981 7.914 7.713 7.659 8.338 7.823 8.383 8.061 8.012 7.945 7.940 7.899 7.754 7.681 7.632 7.642 7.689 7.678 8.168
0.0001957 -1.90000 10.07918 0.2002521455 1.6947338581    0.200 -1.971  3.6120  5.110    1  0.000  0.545     0.00     0.00 -1 -8.36e-16      0.00 7.379e-01 2.619e-01 3.540e-05 9.551e-06 8.662e-05 -1.000 1.969e-04 9.698 9.356 8.743 8.274 7.731 7.459 7.374 7.220 7.175 7.821 7.305 7.866 7.553 7.490 7.426 7.401 7.358 7.251 7.195 7.153 7.161 7.200 7.187 7.656
0.0001957 -1.90000 10.07918 0.2502241433 1.8408944607    0.250 -1.770  3.6229  5.050    1  0.000  0.545     0.00     0.00 -1 -1.27e-15      0.00 7.382e-01 2.616e-01 3.540e-05 9.551e-06 8.662e-05 -1.000 1.968e-04 9.196 8.835 8.249 7.799 7.263 6.989 6.884 6.770 6.735 7.352 6.833 7.394 7.090 7.019 6.959 6.914 6.865 6.793 6.754 6.719 6.724 6.754 6.741 7.189
0.0001957 -1.90000 10.07918 0.3001961410 1.9533066750    0.300 -1.616  3.6320  5.011    1  0.000  0.545     0.00     0.00 -1 -1.73e-15      0.00 7.382e-01 2.616e-01 3.539e-05 9.552e-06 8.662e-05 -1.000 1.969e-04 8.810 8.434 7.871 7.435 6.908 6.639 6.528 6.435 6.405 6.997 6.487 7.035 6.740 6.666 6.610 6.557 6.508 6.453 6.423 6.392 6.396 6.422 6.409 6.836
0.0001957 -1.90000 10.07918 0.3501681089 2.0436930656    0.350 -1.489  3.6403  4.985    1  0.000  0.544     0.00     0.00 -1 -2.22e-15      0.00 7.380e-01 2.618e-01 3.536e-05 9.553e-06 8.662e-05 -1.000 1.968e-04 8.493 8.103 7.560 7.138 6.619 6.357 6.246 6.168 6.142 6.709 6.212 6.744 6.456 6.383 6.330 6.275 6.226 6.183 6.157 6.129 6.133 6.157 6.144 6.550
0.0001957 -1.90000 10.07918 0.4001401067 2.1186954975    0.400 -1.362  3.6495  4.952    1  0.000  0.545     0.00     0.00 -1 -2.88e-15      0.00 7.503e-01 2.495e-01 3.540e-05 9.550e-06 8.661e-05 -1.000 1.968e-04 8.176 7.771 7.250 6.843 6.334 6.081 5.974 5.907 5.885 6.425 5.944 6.455 6.174 6.105 6.057 6.001 5.955 5.920 5.898 5.874 5.878 5.900 5.887 6.266
0.0001957 -1.90000 10.07918 0.4501120746 2.1824135780    0.450 -1.206  3.6649  4.908    1  0.000  0.545     0.00     0.00 -1  -4.1e-15      0.00 7.507e-01 2.491e-01 3.540e-05 9.550e-06 8.661e-05 -1.000 1.968e-04 7.784 7.361 6.876 6.494 6.002 5.768 5.669 5.616 5.600 6.095 5.646 6.118 5.851 5.788 5.747 5.693 5.652 5.626 5.610 5.590 5.593 5.612 5.602 5.938
0.0001957 -1.90000 10.07918 0.5000840425 2.2375409603    0.500 -1.031  3.6833  4.853    1  0.000  0.545     0.00     0.00 -1  -6.2e-15      0.00 7.508e-01 2.490e-01 3.539e-05 9.549e-06 8.660e-05 -1.000 1.969e-04 7.346 6.909 6.466 6.111 5.644 5.432 5.344 5.305 5.292 5.739 5.327 5.753 5.503 5.449 5.414 5.365 5.330 5.312 5.300 5.284 5.287 5.301 5.294 5.584
0.0001957 -1.90000 10.07918 0.5500560999 2.2837047577    0.550 -0.824  3.7040  4.770    1  0.000  0.544     0.00     0.00 -1 -1.05e-14      0.00 7.847e-01 2.152e-01 3.087e-05 8.335e-06 7.563e-05 -1.000 1.001e-04 6.831 6.391 5.989 5.666 5.227 5.040 4.966 4.936 4.924 5.322 4.952 5.328 5.098 5.053 5.025 4.983 4.955 4.942 4.933 4.920 4.921 4.927 4.924 5.172
0.0001957 -1.90000 10.07918 0.6000280380 2.3211405277    0.600 -0.615  3.7295  4.701    1  0.000  0.544     0.00     0.00 -1 -1.75e-14      0.00 7.972e-01 2.027e-01 2.928e-05 7.910e-06 7.181e-05 -1.000 1.443e-04 6.307 5.885 5.529 5.241 4.836 4.677 4.620 4.601 4.590 4.931 4.612 4.927 4.720 4.686 4.666 4.633 4.614 4.605 4.599 4.590 4.589 4.587 4.589 4.786
0.0001957 -1.90000 10.07918 0.6076002121 2.3261985779    0.607 -0.581  3.7340  4.691    1  0.000  0.544     0.00     0.00 -1  -1.9e-14      0.00 7.995e-01 2.003e-01 2.898e-05 7.832e-06 7.111e-05 -1.000 1.557e-04 6.223 5.807 5.459 5.176 4.776 4.622 4.568 4.551 4.541 4.871 4.561 4.866 4.663 4.631 4.612 4.580 4.563 4.555 4.549 4.541 4.540 4.537 4.540 4.728
0.0001957 -1.90000 10.07918 0.6187329292 2.3333773613    0.618 -0.532  3.7406  4.676    1  0.000  0.543     0.00     0.00 -1 -2.15e-14      0.00 8.030e-01 1.968e-01 2.854e-05 7.712e-06 7.002e-05 -1.000 1.799e-04 6.100 5.692 5.355 5.081 4.689 4.541 4.492 4.478 4.468 4.784 4.486 4.776 4.578 4.549 4.532 4.503 4.487 4.481 4.476 4.468 4.467 4.463 4.467 4.641
0.0001957 -1.90000 10.07918 0.6286483407 2.3395254612    0.628 -0.487  3.7465  4.661    1  0.000  0.543     0.00     0.00 -1 -2.41e-14      0.00 8.064e-01 1.935e-01 2.812e-05 7.599e-06 6.902e-05 -1.000 1.866e-04 5.989 5.590 5.263 4.995 4.610 4.469 4.423 4.411 4.402 4.705 4.418 4.696 4.502 4.476 4.461 4.433 4.420 4.414 4.410 4.403 4.402 4.398 4.401 4.564
0.0001957 -1.90000 10.07918 0.6382709742 2.3452825546    0.638 -0.444  3.7521  4.647    1  0.000  0.543     0.00     0.00 -1 -2.64e-16      0.00 8.097e-01 1.901e-01 2.769e-05 7.485e-06 6.800e-05 -1.000 1.811e-04 5.880 5.489 5.172 4.911 4.533 4.397 4.355 4.345 4.337 4.628 4.351 4.616 4.427 4.404 4.390 4.365 4.353 4.348 4.344 4.338 4.337 4.332 4.336 4.488
0.0001957 -1.90000 10.07918 0.6496037245 2.3518118858    0.649 -0.392  3.7585  4.629    1  0.000  0.543     0.00     0.00 -1  -2.3e-14      0.00 8.139e-01 1.859e-01 2.716e-05 7.344e-06 6.673e-05 -1.000 1.394e-04 5.750 5.371 5.064 4.811 4.441 4.312 4.274 4.266 4.258 4.535 4.270 4.522 4.338 4.317 4.305 4.282 4.272 4.268 4.265 4.259 4.258 4.253 4.257 4.397
0.0001957 -1.90000 10.07918 0.6499999762 2.3520355225    0.650 -0.390  3.7587  4.628    1  0.000  0.543     0.00     0.00 -1 -3.07e-14      0.00 8.141e-01 1.857e-01 2.714e-05 7.339e-06 6.669e-05 -1.000 1.852e-04 5.745 5.366 5.060 4.807 4.437 4.308 4.271 4.263 4.255 4.532 4.267 4.518 4.335 4.314 4.302 4.279 4.269 4.265 4.261 4.256 4.255 4.250 4.254 4.393
0.0001957 -1.90000 10.07918 0.6590241194 2.3570432663    0.659 -0.348  3.7636  4.611    1  0.000  0.542     0.00     0.00 -1 -3.43e-14      0.00 8.183e-01 1.815e-01 2.661e-05 7.196e-06 6.540e-05 -1.000 1.968e-04 5.640 5.269 4.971 4.724 4.360 4.237 4.202 4.195 4.188 4.454 4.199 4.440 4.260 4.241 4.230 4.209 4.200 4.198 4.194 4.189 4.188 4.183 4.188 4.317
0.0001957 -1.90000 10.07918 0.6692176461 2.3625135422    0.669 -0.300  3.7691  4.591    1  0.000  0.542     0.00     0.00 -1 -3.89e-14      0.00 8.234e-01 1.764e-01 2.596e-05 7.025e-06 6.387e-05 -1.000 1.779e-04 5.519 5.158 4.868 4.628 4.271 4.153 4.122 4.117 4.110 4.365 4.119 4.349 4.173 4.157 4.147 4.128 4.121 4.119 4.116 4.111 4.110 4.105 4.110 4.229
0.0001957 -1.90000 10.07918 0.6789147854 2.3675427437    0.679 -0.253  3.7742  4.571    1  0.000  0.542     0.00     0.00 -1 -2.75e-14      0.00 8.286e-01 1.713e-01 2.531e-05 6.852e-06 6.231e-05 -1.000 1.545e-04 5.402 5.050 4.768 4.534 4.184 4.071 4.043 4.038 4.032 4.277 4.040 4.259 4.089 4.074 4.066 4.048 4.042 4.040 4.037 4.033 4.032 4.028 4.032 4.143
0.0001957 -1.90000 10.07918 0.6881726384 2.3721921444    0.688 -0.207  3.7790  4.550    1  0.000  0.541     0.00     0.00 -1 -8.08e-15      0.00 8.338e-01 1.660e-01 2.465e-05 6.676e-06 6.073e-05 -1.000 1.218e-04 5.287 4.943 4.669 4.440 4.096 3.988 3.963 3.960 3.954 4.189 3.961 4.171 4.004 3.991 3.984 3.967 3.963 3.962 3.959 3.955 3.954 3.950 3.954 4.056
0.0001957 -1.90000 10.07918 0.6963887811 2.3761997223    0.696 -0.164  3.7831  4.529    1  0.000  0.541     0.00     0.00 -1 -7.16e-15      0.00 8.387e-01 1.611e-01 2.403e-05 6.511e-06 5.925e-05 -1.000 1.617e-04 5.181 4.844 4.577 4.353 4.016 3.912 3.889 3.886 3.880 4.108 3.887 4.088 3.926 3.915 3.908 3.892 3.889 3.888 3.885 3.881 3.880 3.876 3.880 3.977
0.0001957 -1.90000 10.07918 0.6999999881 2.3779268265    0.700 -0.145  3.7850  4.520    1  0.000  0.541     0.00     0.00 -1 -5.88e-14      0.00 8.409e-01 1.589e-01 2.375e-05 6.435e-06 5.858e-05 -1.000 1.938e-04 5.134 4.800 4.536 4.314 3.980 3.878 3.855 3.853 3.847 4.072 3.854 4.051 3.891 3.880 3.874 3.859 3.856 3.855 3.852 3.848 3.847 3.843 3.847 3.941
0.0001957 -1.90000 10.07918 0.7092600465 2.3822634220    0.709 -0.095  3.7894  4.493    1  0.000  0.538     0.00     0.00 -1 -6.77e-14      0.00 8.463e-01 1.535e-01 2.307e-05 6.271e-06 5.713e-05 -1.000 1.757e-04 5.007 4.681 4.424 4.208 3.880 3.783 3.762 3.760 3.755 3.971 3.761 3.950 3.794 3.785 3.779 3.765 3.763 3.762 3.759 3.755 3.755 3.751 3.755 3.842
0.0001957 -1.90000 10.07918 0.7177237868 2.3861148357    0.717 -0.046  3.7934  4.465    1  0.000  0.537     0.00     0.00 -1 -7.77e-14      0.00 8.510e-01 1.489e-01 2.251e-05 6.136e-06 5.593e-05 -1.000 1.607e-04 4.885 4.566 4.316 4.104 3.782 3.690 3.670 3.668 3.663 3.873 3.669 3.850 3.699 3.692 3.686 3.673 3.671 3.670 3.668 3.664 3.663 3.659 3.663 3.746
0.0001957 -1.90000 10.07918 0.7260814905 2.3898167610    0.726  0.005  3.7973  4.435    1  0.000  0.535     0.00     0.00 -1 -8.99e-14      0.00 8.551e-01 1.448e-01 2.203e-05 6.021e-06 5.493e-05 -1.000 9.805e-05 4.758 4.445 4.201 3.994 3.680 3.590 3.572 3.571 3.566 3.769 3.572 3.745 3.598 3.592 3.587 3.575 3.574 3.573 3.571 3.567 3.566 3.562 3.566 3.644
0.0001957 -1.90000 10.07918 0.7332602143 2.3929193020    0.733  0.051  3.8005  4.406    1  0.000  0.533     0.00     0.00 -1 -1.03e-13      0.00 8.582e-01 1.417e-01 2.169e-05 5.941e-06 5.425e-05 -1.000 9.835e-05 4.643 4.335 4.096 3.893 3.584 3.498 3.481 3.480 3.475 3.673 3.480 3.648 3.505 3.500 3.495 3.483 3.482 3.481 3.479 3.475 3.475 3.471 3.475 3.550
0.0001957 -1.90000 10.07918 0.7402154207 2.3958592415    0.740  0.099  3.8035  4.375    1  0.000  0.532     0.00     0.00 -1 -1.17e-13      0.00 8.609e-01 1.390e-01 2.140e-05 5.876e-06 5.369e-05 -1.000 1.545e-04 4.524 4.220 3.987 3.787 3.484 3.401 3.384 3.384 3.379 3.572 3.384 3.546 3.407 3.403 3.398 3.387 3.386 3.385 3.383 3.379 3.379 3.375 3.379 3.451
0.0001957 -1.90000 10.07918 0.7471714616 2.3987364769    0.747  0.150  3.8064  4.339    1  0.000  0.530     0.00     0.00 -1 -1.62e-14      0.00 8.633e-01 1.365e-01 2.115e-05 5.820e-06 5.321e-05 -1.000 1.790e-04 4.396 4.096 3.868 3.672 3.375 3.293 3.278 3.277 3.272 3.462 3.278 3.435 3.299 3.295 3.291 3.280 3.280 3.279 3.277 3.273 3.272 3.268 3.272 3.342
0.0001957 -1.90000 10.07918 0.7500000000 2.3998889923    0.749  0.171  3.8075  4.324    1  0.000  0.529     0.00     0.00 -1 -1.47e-13      0.00 8.643e-01 1.355e-01 2.106e-05 5.799e-06 5.303e-05 -1.000 1.925e-04 4.342 4.044 3.818 3.623 3.328 3.248 3.233 3.232 3.227 3.415 3.233 3.388 3.254 3.250 3.245 3.235 3.235 3.234 3.231 3.228 3.227 3.223 3.227 3.296
0.0001957 -1.90000 10.07918 0.7514088154 2.4004592896    0.751  0.182  3.8082  4.316    1  0.000  0.529     0.00     0.00 -1 -1.52e-13      0.00 8.644e-01 1.354e-01 2.107e-05 5.801e-06 5.305e-05 -1.000 1.940e-04 4.316 4.019 3.793 3.599 3.306 3.226 3.211 3.211 3.206 3.392 3.211 3.365 3.232 3.228 3.223 3.213 3.213 3.212 3.210 3.206 3.206 3.202 3.206 3.273
0.0001957 -1.90000 10.07918 0.7594606876 2.4036722183    0.759  0.249  3.8114  4.267    1  0.000  0.529     0.00     0.00 -1 -1.87e-13      0.00 8.651e-01 1.348e-01 2.110e-05 5.815e-06 5.320e-05 -1.000 9.698e-05 4.147 3.854 3.634 3.445 3.158 3.081 3.067 3.066 3.061 3.242 3.066 3.215 3.086 3.083 3.078 3.069 3.068 3.067 3.065 3.062 3.061 3.057 3.061 3.126
0.0001957 -1.90000 10.07918 0.7648025155 2.4057607651    0.764  0.298  3.8133  4.229    1  0.000  0.529     0.00     0.00 -1 -2.17e-13      0.00 8.654e-01 1.345e-01 2.114e-05 5.826e-06 5.332e-05 -1.000 9.966e-05 4.026 3.735 3.518 3.331 3.048 2.973 2.959 2.959 2.954 3.132 2.959 3.105 2.978 2.975 2.970 2.961 2.961 2.960 2.958 2.954 2.954 2.950 2.954 3.017
0.0001957 -1.90000 10.07918 0.7698663473 2.4077098370    0.769  0.346  3.8147  4.188    1  0.000  0.529     0.00     0.00 -1 -2.54e-13      0.00 8.646e-01 1.353e-01 2.130e-05 5.873e-06 5.374e-05 -1.000 1.000e-04 3.904 3.614 3.400 3.215 2.936 2.862 2.848 2.847 2.843 3.019 2.848 2.991 2.867 2.863 2.859 2.850 2.850 2.849 2.846 2.843 2.842 2.839 2.843 2.905
0.0001957 -1.90000 10.07918 0.7740057707 2.4092814922    0.773  0.389  3.8154  4.150    1  0.000  0.528     0.00     0.00 -1 -2.93e-13      0.00 8.636e-01 1.363e-01 2.148e-05 5.922e-06 5.420e-05 -1.000 9.993e-05 3.797 3.508 3.295 3.111 2.833 2.759 2.746 2.745 2.740 2.915 2.745 2.888 2.764 2.761 2.757 2.748 2.747 2.746 2.744 2.741 2.740 2.736 2.740 2.803
0.0001957 -1.90000 10.07918 0.7756521702 2.4099011421    0.775  0.408  3.8151  4.131    1  0.000  0.528     0.00     0.00 -1 -3.13e-13      0.00 8.632e-01 1.367e-01 2.155e-05 5.942e-06 5.438e-05 -1.000 9.996e-05 3.750 3.459 3.246 3.062 2.783 2.710 2.697 2.696 2.691 2.866 2.696 2.839 2.715 2.712 2.708 2.699 2.698 2.697 2.695 2.691 2.691 2.687 2.691 2.753
0.0001957 -1.90000 10.07918 0.7801245451 2.4115695953    0.779  0.464  3.8134  4.071    1  0.000  0.528     0.00     0.00 -1 -3.78e-13      0.00 8.621e-01 1.378e-01 2.175e-05 5.995e-06 5.487e-05 -1.000 1.001e-04 3.610 3.317 3.101 2.915 2.634 2.558 2.545 2.544 2.539 2.717 2.544 2.689 2.564 2.560 2.556 2.547 2.546 2.545 2.543 2.540 2.539 2.535 2.539 2.603
0.0001957 -1.90000 10.07918 0.7832530737 2.4127235413    0.782  0.508  3.8108  4.018    1  0.000  0.528     0.00     0.00 -1 -4.44e-13      0.00 8.613e-01 1.386e-01 2.188e-05 6.032e-06 5.521e-05 -1.000 9.999e-05 3.501 3.202 2.983 2.793 2.507 2.429 2.416 2.414 2.409 2.591 2.415 2.564 2.436 2.431 2.427 2.418 2.417 2.416 2.413 2.410 2.409 2.405 2.409 2.476
0.0001957 -1.90000 10.07918 0.7839201093 2.4129681587    0.783  0.518  3.8099  4.005    1  0.000  0.528     0.00     0.00 -1 -4.63e-13      0.00 8.611e-01 1.388e-01 2.191e-05 6.040e-06 5.528e-05 -1.000 9.999e-05 3.475 3.175 2.955 2.763 2.476 2.398 2.384 2.382 2.377 2.560 2.383 2.533 2.405 2.400 2.396 2.386 2.385 2.384 2.381 2.378 2.377 2.373 2.377 2.445
0.0001957 -1.90000 10.07918 0.7845472097 2.4131977558    0.783  0.528  3.8089  3.991    2  0.000  0.528     0.00     0.00 -1 -4.83e-13      0.00 8.610e-01 1.389e-01 2.194e-05 6.047e-06 5.535e-05 -1.000 9.996e-05 3.449 3.147 2.925 2.732 2.443 2.364 2.350 2.348 2.343 2.528 2.349 2.501 2.371 2.366 2.362 2.352 2.351 2.350 2.347 2.344 2.343 2.339 2.343 2.411
0.0001957 -1.90000 10.07918 0.7866582870 2.4139676094    0.785  0.567  3.8038  3.933    2  0.000  0.528     0.00     0.00 -1 -5.61e-13      0.00 8.605e-01 1.394e-01 2.203e-05 6.072e-06 5.558e-05 -1.000 9.996e-05 3.352 3.043 2.812 2.613 2.315 2.231 2.216 2.214 2.208 2.401 2.215 2.375 2.239 2.233 2.229 2.218 2.217 2.216 2.213 2.209 2.208 2.204 2.208 2.281
0.0001957 -1.90000 10.07918 0.7882757783 2.4145541191    0.787  0.602  3.7974  3.873    2  0.000  0.528     0.00     0.00 -1  -6.5e-13      0.00 8.601e-01 1.398e-01 2.210e-05 6.091e-06 5.575e-05 -1.000 9.991e-05 3.265 2.945 2.704 2.497 2.187 2.098 2.081 2.079 2.073 2.275 2.080 2.250 2.107 2.099 2.095 2.084 2.082 2.081 2.078 2.074 2.073 2.069 2.073 2.152
0.0001957 -1.90000 10.07918 0.7895438671 2.4150121212    0.788  0.634  3.7898  3.812    2  0.000  0.528     0.00     0.00 -1  -7.5e-13      0.00 8.595e-01 1.404e-01 2.219e-05 6.116e-06 5.598e-05 -1.000 1.105e-04 3.186 2.855 2.601 2.385 2.060 1.964 1.945 1.943 1.937 2.151 1.944 2.128 1.975 1.966 1.961 1.949 1.946 1.945 1.942 1.938 1.937 1.932 1.936 2.023
0.0001957 -1.90000 10.07918 0.7905670404 2.4153802395    0.789  0.662  3.7814  3.750    2  0.000  0.529     0.00     0.00 -1  -8.6e-13      0.00 8.555e-01 1.444e-01 2.272e-05 6.260e-06 5.728e-05 -1.000 1.162e-04 3.114 2.772 2.505 2.277 1.935 1.832 1.812 1.809 1.802 2.029 1.810 2.008 1.845 1.834 1.829 1.816 1.812 1.811 1.808 1.803 1.802 1.797 1.801 1.896
0.0001957 -1.90000 10.07918 0.7914259434 2.4156885147    0.790  0.689  3.7730  3.691    2  0.000  0.530     0.00     0.00 -1 -9.78e-13      0.00 8.390e-01 1.609e-01 2.471e-05 6.799e-06 6.214e-05 -1.000 1.211e-04 3.048 2.696 2.414 2.175 1.818 1.706 1.683 1.680 1.673 1.914 1.682 1.895 1.722 1.708 1.702 1.688 1.684 1.682 1.678 1.673 1.673 1.668 1.672 1.777
0.0001957 -1.90000 10.07918 0.7921841145 2.4159600735    0.791  0.715  3.7652  3.633    2  0.000  0.533     0.00     0.00 -1 -1.11e-12      0.00 8.105e-01 1.893e-01 2.797e-05 7.674e-06 6.996e-05 -1.000 1.534e-04 2.981 2.620 2.325 2.074 1.704 1.584 1.559 1.555 1.547 1.802 1.557 1.785 1.603 1.586 1.580 1.564 1.559 1.557 1.553 1.548 1.547 1.542 1.546 1.660
0.0001957 -1.90000 10.07918 0.7928569913 2.4162006378    0.791  0.745  3.7581  3.576    2  0.000  0.535     0.00     0.00 -1 -1.27e-12      0.00 7.918e-01 2.080e-01 3.010e-05 8.244e-06 7.505e-05 -1.000 1.310e-04 2.908 2.538 2.231 1.971 1.587 1.460 1.433 1.428 1.420 1.687 1.431 1.672 1.481 1.463 1.455 1.438 1.433 1.430 1.426 1.421 1.420 1.415 1.419 1.541
0.0001957 -1.90000 10.07918 0.7935236692 2.4164383411    0.792  0.783  3.7517  3.512    2  0.000  0.536     0.00     0.00 -1 -1.49e-12      0.00 7.806e-01 2.192e-01 3.139e-05 8.587e-06 7.811e-05 -1.000 1.829e-04 2.812 2.435 2.118 1.848 1.452 1.319 1.290 1.284 1.276 1.553 1.288 1.541 1.342 1.322 1.314 1.296 1.290 1.287 1.283 1.277 1.276 1.271 1.275 1.405
0.0001957 -1.90000 10.07918 0.7940500975 2.4166257381    0.792  0.821  3.7475  3.457    2  0.000  0.536     0.00     0.00 -1 -1.73e-12      0.00 7.752e-01 2.246e-01 3.201e-05 8.754e-06 7.960e-05 -1.000 1.968e-04 2.717 2.335 2.010 1.735 1.331 1.193 1.163 1.156 1.148 1.433 1.160 1.422 1.218 1.197 1.188 1.169 1.162 1.159 1.155 1.149 1.148 1.143 1.147 1.283
0.0001957 -1.90000 10.07918 0.7944099903 2.4167537689    0.793  0.851  3.7449  3.418    2  0.000  0.536     0.00     0.00 -1 -1.94e-12      0.00 7.723e-01 2.275e-01 3.232e-05 8.839e-06 8.036e-05 -1.000 1.969e-04 2.643 2.259 1.930 1.651 1.243 1.102 1.071 1.063 1.055 1.345 1.068 1.335 1.128 1.106 1.096 1.077 1.070 1.066 1.062 1.056 1.055 1.050 1.054 1.194
0.0001957 -1.90000 10.07918 0.7947247624 2.4168655872    0.793  0.880  3.7432  3.382    3  0.000  0.536     0.00     0.00 -1 -2.17e-12      0.00 7.705e-01 2.293e-01 3.252e-05 8.890e-06 8.082e-05 -1.000 1.678e-04 2.569 2.183 1.851 1.570 1.158 1.016 0.984 0.977 0.968 1.261 0.981 1.251 1.042 1.020 1.010 0.991 0.983 0.979 0.976 0.969 0.968 0.963 0.967 1.109
0.0001957 -1.90000 10.07918 0.7951374054 2.4170119762    0.793  0.921  3.7411  3.333    3  0.000  0.537     0.00     0.00 -1 -2.51e-12      0.00 7.683e-01 2.315e-01 3.274e-05 8.949e-06 8.135e-05 -1.000 1.852e-04 2.467 2.079 1.743 1.459 1.044 0.899 0.867 0.859 0.850 1.147 0.863 1.137 0.926 0.903 0.893 0.874 0.865 0.862 0.858 0.851 0.850 0.846 0.849 0.993
0.0001957 -1.90000 10.07918 0.7955531478 2.4171593189    0.794  0.965  3.7391  3.281    3  0.000  0.537     0.00     0.00 -1 -2.94e-12      0.00 7.663e-01 2.335e-01 3.292e-05 8.998e-06 8.178e-05 -1.000 1.949e-04 2.358 1.968 1.628 1.341 0.922 0.776 0.743 0.735 0.727 1.026 0.739 1.017 0.803 0.780 0.770 0.750 0.742 0.738 0.734 0.727 0.727 0.722 0.725 0.871
0.0001957 -1.90000 10.07918 0.7959513664 2.4173004627    0.794  1.009  3.7374  3.230    3  0.000  0.537     0.00     0.00 -1 -3.46e-12      0.00 7.646e-01 2.352e-01 3.306e-05 9.036e-06 8.213e-05 -1.000 1.967e-04 2.246 1.854 1.512 1.223 0.800 0.652 0.619 0.611 0.602 0.904 0.615 0.896 0.680 0.656 0.646 0.626 0.618 0.614 0.610 0.603 0.602 0.597 0.601 0.749
0.0001957 -1.90000 10.07918 0.7963746786 2.4174499512    0.794  1.060  3.7357  3.172    3  0.000  0.537     0.00     0.00 -1 -4.16e-12      0.00 7.628e-01 2.370e-01 3.319e-05 9.072e-06 8.244e-05 -1.000 1.969e-04 2.120 1.726 1.381 1.089 0.663 0.512 0.479 0.470 0.462 0.767 0.475 0.759 0.541 0.516 0.506 0.486 0.478 0.473 0.469 0.463 0.462 0.457 0.460 0.610
0.0001957 -1.90000 10.07918 0.7967298627 2.4175755978    0.794  1.106  3.7342  3.121    3  0.000  0.537     0.00     0.00 -1  -4.9e-12      0.00 7.613e-01 2.385e-01 3.329e-05 9.099e-06 8.268e-05 -1.000 1.968e-04 2.005 1.611 1.263 0.968 0.539 0.387 0.354 0.345 0.337 0.644 0.350 0.637 0.416 0.391 0.381 0.361 0.352 0.348 0.344 0.337 0.336 0.332 0.335 0.486
0.0001957 -1.90000 10.07918 0.7970892191 2.4177021980    0.795  1.156  3.7326  3.065    3  0.000  0.537     0.00     0.00 -1 -5.85e-12      0.00 7.599e-01 2.399e-01 3.336e-05 9.123e-06 8.288e-05 -1.000 1.954e-04 1.881 1.485 1.134 0.838 0.405 0.252 0.218 0.209 0.201 0.511 0.214 0.504 0.281 0.256 0.245 0.226 0.216 0.212 0.208 0.201 0.200 0.196 0.199 0.352
0.0001957 -1.90000 10.07918 0.7974418402 2.4178266525    0.795  1.209  3.7310  3.006    3  0.000  0.536     0.00     0.00 -1 -7.08e-12      0.00 7.585e-01 2.413e-01 3.341e-05 9.147e-06 8.306e-05 -1.000 1.957e-04 1.748 1.351 0.998 0.699 0.263 0.107 0.073 0.065 0.056 0.369 0.069 0.363 0.137 0.111 0.101 0.081 0.072 0.068 0.063 0.056 0.055 0.052 0.055 0.209
0.0001957 -1.90000 10.07918 0.7977264524 2.4179267883    0.795  1.256  3.7296  2.953    3  0.000  0.536     0.00     0.00 -1 -8.38e-12      0.00 7.574e-01 2.424e-01 3.344e-05 9.167e-06 8.319e-05 -1.000 1.967e-04 1.631 1.233 0.877 0.575 0.136 -0.021 -0.055 -0.064 -0.072 0.243 -0.059 0.237 0.010 -0.016 -0.027 -0.047 -0.056 -0.061 -0.065 -0.072 -0.073 -0.077 -0.074 0.082
0.0001957 -1.90000 10.07918 0.7980009913 2.4180233479    0.795  1.305  3.7281  2.898    3  0.000  0.535     0.00     0.00 -1    -1e-11      0.00 7.563e-01 2.435e-01 3.344e-05 9.190e-06 8.330e-05 -1.000 1.969e-04 1.508 1.108 0.749 0.446 0.004 -0.154 -0.189 -0.198 -0.207 0.111 -0.193 0.106 -0.123 -0.150 -0.161 -0.181 -0.191 -0.195 -0.199 -0.206 -0.207 -0.211 -0.208 -0.050
0.0001957 -1.90000 10.07918 0.7982476354 2.4181101322    0.795  1.353  3.7266  2.844    3  0.000  0.534     0.00     0.00 -1 -1.19e-11      0.00 7.555e-01 2.443e-01 3.341e-05 9.217e-06 8.338e-05 -1.000 1.965e-04 1.388 0.987 0.625 0.319 -0.125 -0.285 -0.320 -0.329 -0.338 -0.018 -0.324 -0.022 -0.253 -0.281 -0.291 -0.311 -0.322 -0.326 -0.331 -0.338 -0.338 -0.342 -0.339 -0.180
0.0001957 -1.90000 10.07918 0.7984710932 2.4181885719    0.795  1.400  3.7251  2.791    3  0.000  0.533     0.00     0.00 -1 -1.41e-11      0.00 7.547e-01 2.451e-01 3.337e-05 9.252e-06 8.345e-05 -1.000 1.952e-04 1.269 0.867 0.503 0.194 -0.253 -0.415 -0.450 -0.459 -0.468 -0.146 -0.454 -0.149 -0.383 -0.410 -0.421 -0.441 -0.452 -0.456 -0.461 -0.468 -0.469 -0.472 -0.469 -0.309
0.0001957 -1.90000 10.07918 0.7986710072 2.4182589054    0.795  1.447  3.7236  2.738    3  0.000  0.532     0.00     0.00 -1 -1.67e-11      0.00 7.541e-01 2.457e-01 3.333e-05 9.288e-06 8.350e-05 -1.000 1.961e-04 1.153 0.750 0.382 0.072 -0.378 -0.542 -0.577 -0.586 -0.596 -0.271 -0.581 -0.274 -0.509 -0.537 -0.548 -0.569 -0.579 -0.583 -0.588 -0.595 -0.596 -0.599 -0.597 -0.434
0.0001957 -1.90000 10.07918 0.7988603115 2.4183254242    0.795  1.495  3.7221  2.684    3  0.000  0.531     0.00     0.00 -1 -1.98e-11      0.00 7.536e-01 2.462e-01 3.328e-05 9.330e-06 8.354e-05 -1.000 1.969e-04 1.033 0.629 0.259 -0.054 -0.508 -0.673 -0.708 -0.718 -0.727 -0.400 -0.713 -0.402 -0.640 -0.668 -0.679 -0.700 -0.711 -0.715 -0.720 -0.727 -0.728 -0.730 -0.728 -0.564
0.0001957 -1.90000 10.07918 0.7990283370 2.4183843136    0.795  1.541  3.7205  2.631    3  0.000  0.530     0.00     0.00 -1 -2.35e-11      0.00 7.532e-01 2.466e-01 3.324e-05 9.369e-06 8.357e-05 -1.000 1.969e-04 0.916 0.511 0.138 -0.178 -0.634 -0.801 -0.837 -0.847 -0.856 -0.526 -0.841 -0.528 -0.767 -0.797 -0.808 -0.829 -0.839 -0.844 -0.849 -0.856 -0.857 -0.859 -0.856 -0.692
0.0001957 -1.90000 10.07918 0.7991777062 2.4184365273    0.795  1.587  3.7189  2.579    3  0.000  0.530     0.00     0.00 -1 -2.76e-11      0.00 7.529e-01 2.469e-01 3.320e-05 9.398e-06 8.359e-05 -1.000 1.968e-04 0.803 0.397 0.020 -0.297 -0.757 -0.926 -0.962 -0.972 -0.981 -0.649 -0.967 -0.650 -0.892 -0.921 -0.933 -0.954 -0.965 -0.969 -0.974 -0.982 -0.982 -0.984 -0.981 -0.815
0.0001957 -1.90000 10.07918 0.7993130088 2.4184839725    0.795  1.632  3.7174  2.529    3  0.000  0.529     0.00     0.00 -1 -3.25e-11      0.00 7.528e-01 2.470e-01 3.318e-05 9.415e-06 8.360e-05 -1.000 1.968e-04 0.691 0.284 -0.095 -0.415 -0.879 -1.049 -1.085 -1.096 -1.104 -0.770 -1.090 -0.770 -1.014 -1.044 -1.056 -1.077 -1.088 -1.093 -1.098 -1.105 -1.105 -1.106 -1.104 -0.937
0.0001957 -1.90000 10.07918 0.7994398475 2.4185285568    0.795  1.677  3.7158  2.476    3  0.000  0.529     0.00     0.00 -1 -3.84e-11      0.00 7.527e-01 2.471e-01 3.317e-05 9.426e-06 8.361e-05 -1.000 1.969e-04 0.577 0.169 -0.214 -0.536 -1.003 -1.175 -1.211 -1.222 -1.230 -0.894 -1.216 -0.893 -1.140 -1.170 -1.182 -1.203 -1.214 -1.219 -1.224 -1.232 -1.231 -1.232 -1.231 -1.062
0.0001957 -1.90000 10.07918 0.7995518446 2.4185676575    0.795  1.721  3.7142  2.426    3  0.000  0.529     0.00     0.00 -1  -4.5e-11      0.00 7.527e-01 2.471e-01 3.316e-05 9.432e-06 8.362e-05 -1.000 1.969e-04 0.467 0.058 -0.328 -0.652 -1.122 -1.297 -1.333 -1.344 -1.352 -1.013 -1.338 -1.012 -1.261 -1.291 -1.303 -1.324 -1.336 -1.341 -1.346 -1.354 -1.353 -1.354 -1.352 -1.182
0.0001957 -1.90000 10.07918 0.7996553183 2.4186038971    0.795  1.765  3.7126  2.375    3  0.000  0.529     0.00     0.00 -1 -5.27e-11      0.00 7.527e-01 2.471e-01 3.316e-05 9.433e-06 8.362e-05 -1.000 1.969e-04 0.357 -0.053 -0.442 -0.769 -1.242 -1.418 -1.455 -1.466 -1.474 -1.132 -1.460 -1.131 -1.382 -1.413 -1.425 -1.446 -1.458 -1.463 -1.468 -1.476 -1.476 -1.475 -1.474 -1.302
0.0001957 -1.90000 10.07918 0.7997503281 2.4186372757    0.795  1.809  3.7110  2.325    3  0.000  0.529     0.00     0.00 -1 -6.19e-11      0.00 7.527e-01 2.471e-01 3.316e-05 9.434e-06 8.362e-05 -1.000 1.968e-04 0.247 -0.164 -0.556 -0.886 -1.362 -1.540 -1.577 -1.589 -1.596 -1.252 -1.582 -1.250 -1.503 -1.535 -1.547 -1.568 -1.580 -1.586 -1.591 -1.599 -1.598 -1.597 -1.596 -1.423
0.0001957 -1.90000 10.07918 0.7998347282 2.4186668396    0.795  1.851  3.7093  2.276    3  0.000  0.529     0.00     0.00 -1 -6.65e-11      0.00 7.527e-01 2.471e-01 3.316e-05 9.434e-06 8.362e-05 -1.000 1.969e-04 0.141 -0.271 -0.666 -0.998 -1.477 -1.657 -1.695 -1.707 -1.714 -1.367 -1.700 -1.364 -1.620 -1.652 -1.664 -1.685 -1.698 -1.704 -1.709 -1.717 -1.716 -1.715 -1.714 -1.539
0.0001957 -1.90000 10.07918 0.7999127507 2.4186940193    0.794  1.893  3.7078  2.228    3  0.000  0.529     0.00     0.00 -1 -7.85e-11      0.00 7.527e-01 2.471e-01 3.316e-05 9.435e-06 8.362e-05 -1.000 1.968e-04 0.036 -0.376 -0.774 -1.109 -1.592 -1.773 -1.811 -1.824 -1.831 -1.482 -1.817 -1.478 -1.736 -1.768 -1.780 -1.802 -1.815 -1.820 -1.826 -1.834 -1.833 -1.831 -1.830 -1.654
0.0001957 -1.90000 10.07918 0.7999877334 2.4187202454    0.794  1.937  3.7061  2.177    3  0.000  0.529     0.00     0.00 -1 -9.74e-11      0.00 7.527e-01 2.471e-01 3.316e-05 9.435e-06 8.362e-05 -1.000 1.968e-04 -0.072 -0.485 -0.887 -1.224 -1.711 -1.894 -1.932 -1.945 -1.952 -1.600 -1.938 -1.595 -1.856 -1.889 -1.901 -1.923 -1.936 -1.942 -1.947 -1.955 -1.954 -1.951 -1.951 -1.773
0.0001957 -1.90000 10.07918 0.8000000119 2.4187245369    0.794  1.944  3.7058  2.169    3  0.000  0.529     0.00     0.00 -1 -1.01e-10      0.00 7.527e-01 2.471e-01 3.316e-05 9.435e-06 8.362e-05 -1.000 1.968e-04 -0.091 -0.504 -0.906 -1.244 -1.731 -1.915 -1.953 -1.966 -1.973 -1.620 -1.959 -1.616 -1.876 -1.910 -1.922 -1.944 -1.957 -1.963 -1.968 -1.976 -1.975 -1.972 -1.972 -1.793
0.0001957 -1.90000 10.07918 0.8000255227 2.4187335968    0.794  1.960  3.7051  2.151    3  0.000  0.529     0.00     0.00 -1 -1.07e-10      0.00 7.527e-01 2.471e-01 3.316e-05 9.436e-06 8.362e-05 -1.000 1.968e-04 -0.129 -0.542 -0.946 -1.285 -1.773 -1.958 -1.996 -2.009 -2.016 -1.663 -2.002 -1.657 -1.919 -1.953 -1.965 -1.987 -2.000 -2.006 -2.011 -2.019 -2.018 -2.015 -2.015 -1.836
0.0001957 -1.90000 10.07918 0.8000941277 2.4187574387    0.794  2.005  3.7034  2.099    3  0.000  0.529     0.00     0.00 -1 -1.26e-10      0.00 7.527e-01 2.472e-01 3.316e-05 9.437e-06 8.363e-05 -1.000 1.969e-04 -0.241 -0.655 -1.062 -1.404 -1.896 -2.083 -2.122 -2.135 -2.141 -1.785 -2.128 -1.779 -2.044 -2.078 -2.090 -2.112 -2.126 -2.131 -2.137 -2.145 -2.143 -2.140 -2.140 -1.959
0.0001957 -1.90000 10.07918 0.8001584411 2.4187798500    0.793  2.050  3.7016  2.046    3  0.000  0.529     0.00     0.00 -1 -1.49e-10      0.00 7.526e-01 2.472e-01 3.316e-05 9.439e-06 8.363e-05 -1.000 1.968e-04 -0.355 -0.769 -1.180 -1.524 -2.021 -2.209 -2.248 -2.261 -2.268 -1.909 -2.254 -1.902 -2.169 -2.204 -2.216 -2.238 -2.252 -2.258 -2.263 -2.271 -2.270 -2.266 -2.266 -2.084
0.0001957 -1.90000 10.07918 0.8002161980 2.4188001156    0.793  2.093  3.6997  1.995    3  0.000  0.529     0.00     0.00 -1 -1.74e-10      0.00 7.526e-01 2.472e-01 3.316e-05 9.440e-06 8.363e-05 -1.000 1.969e-04 -0.462 -0.877 -1.292 -1.640 -2.140 -2.331 -2.370 -2.384 -2.389 -2.028 -2.376 -2.020 -2.290 -2.325 -2.338 -2.360 -2.374 -2.380 -2.386 -2.394 -2.392 -2.387 -2.388 -2.204
0.0001957 -1.90000 10.07918 0.8002741337 2.4188203812    0.792  2.138  3.6979  1.942    3  0.000  0.529     0.00     0.00 -1 -2.05e-10      0.00 7.526e-01 2.472e-01 3.316e-05 9.441e-06 8.363e-05 -1.000 1.969e-04 -0.576 -0.991 -1.410 -1.760 -2.265 -2.457 -2.497 -2.511 -2.516 -2.152 -2.503 -2.143 -2.416 -2.452 -2.465 -2.487 -2.501 -2.507 -2.513 -2.521 -2.519 -2.514 -2.515 -2.329
0.0001957 -1.90000 10.07918 0.8003349304 2.4188416004    0.792  2.179  3.6962  1.894    3  0.000  0.529     0.00     0.00 -1 -2.39e-10      0.00 7.526e-01 2.472e-01 3.316e-05 9.442e-06 8.363e-05 -1.000 1.968e-04 -0.678 -1.094 -1.516 -1.870 -2.377 -2.571 -2.612 -2.626 -2.631 -2.264 -2.618 -2.255 -2.530 -2.566 -2.579 -2.601 -2.616 -2.622 -2.628 -2.636 -2.634 -2.628 -2.629 -2.442
0.0001957 -1.90000 10.07918 0.8003666997 2.4188528061    0.791  2.193  3.6956  1.877    3  0.000  0.529     0.00     0.00 -1 -2.53e-10      0.00 7.526e-01 2.472e-01 3.316e-05 9.443e-06 8.363e-05 -1.000 1.969e-04 -0.714 -1.129 -1.553 -1.908 -2.416 -2.611 -2.652 -2.666 -2.671 -2.304 -2.658 -2.294 -2.570 -2.606 -2.619 -2.641 -2.656 -2.662 -2.668 -2.676 -2.674 -2.668 -2.669 -2.482
0.0001957 -1.90000 10.07918 0.8003982902 2.4188637733    0.791  2.184  3.6963  1.889    3  0.000  0.529     0.00     0.00 -1 -2.46e-10      0.00 7.526e-01 2.472e-01 3.316e-05 9.444e-06 8.363e-05 -1.000 1.969e-04 -0.691 -1.106 -1.529 -1.882 -2.389 -2.584 -2.624 -2.638 -2.643 -2.277 -2.630 -2.267 -2.542 -2.578 -2.591 -2.613 -2.628 -2.634 -2.640 -2.648 -2.646 -2.640 -2.641 -2.454
0.0001957 -1.90000 10.07918 0.8004050255 2.4188661575    0.791  2.191  3.6960  1.881    3  0.000  0.529     0.00     0.00 -1 -2.52e-10      0.00 7.526e-01 2.472e-01 3.316e-05 9.444e-06 8.363e-05 -1.000 1.969e-04 -0.708 -1.124 -1.547 -1.901 -2.409 -2.603 -2.644 -2.658 -2.663 -2.296 -2.650 -2.286 -2.562 -2.598 -2.611 -2.633 -2.648 -2.654 -2.660 -2.668 -2.666 -2.660 -2.661 -2.474
0.0001957 -1.90000 10.07918 0.8004426956 2.4188792706    0.790  2.233  3.6941  1.831    3  0.000  0.529     0.00     0.00 -1 -2.91e-10      0.00 7.526e-01 2.472e-01 3.316e-05 9.444e-06 8.363e-05 -1.000 1.969e-04 -0.812 -1.228 -1.655 -2.012 -2.524 -2.721 -2.762 -2.777 -2.781 -2.411 -2.769 -2.401 -2.679 -2.715 -2.729 -2.751 -2.767 -2.773 -2.779 -2.787 -2.785 -2.777 -2.778 -2.590
0.0001957 -1.90000 10.07918 0.8004807234 2.4188926220    0.790  2.277  3.6923  1.779    3  0.000  0.529     0.00     0.00 -1 -3.42e-10      0.00 7.526e-01 2.472e-01 3.316e-05 9.445e-06 8.363e-05 -1.000 1.969e-04 -0.923 -1.339 -1.770 -2.130 -2.646 -2.845 -2.887 -2.902 -2.905 -2.533 -2.893 -2.522 -2.802 -2.840 -2.853 -2.875 -2.891 -2.898 -2.904 -2.912 -2.909 -2.900 -2.902 -2.713
0.0001957 -1.90000 10.07918 0.8005130291 2.4189038277    0.789  2.318  3.6903  1.731    3  0.000  0.529     0.00     0.00 -1 -3.97e-10      0.00 7.526e-01 2.472e-01 3.316e-05 9.446e-06 8.363e-05 -1.000 1.968e-04 -1.024 -1.439 -1.875 -2.238 -2.759 -2.960 -3.002 -3.017 -3.020 -2.645 -3.009 -2.633 -2.916 -2.954 -2.968 -2.990 -3.007 -3.013 -3.019 -3.028 -3.024 -3.013 -3.016 -2.826
0.0001957 -1.90000 10.07918 0.8005447388 2.4189147949    0.788  2.360  3.6884  1.680    3  0.000  0.529     0.00     0.00 -1 -4.64e-10      0.00 7.526e-01 2.472e-01 3.316e-05 9.447e-06 8.363e-05 -1.000 1.968e-04 -1.130 -1.545 -1.984 -2.352 -2.876 -3.080 -3.122 -3.138 -3.140 -2.762 -3.129 -2.749 -3.035 -3.074 -3.088 -3.110 -3.127 -3.134 -3.140 -3.149 -3.145 -3.132 -3.135 -2.944
0.0001957 -1.90000 10.07918 0.8005744219 2.4189252853    0.788  2.402  3.6865  1.630    3  0.000  0.529     0.00     0.00 -1 -5.42e-10      0.00 7.526e-01 2.472e-01 3.315e-05 9.447e-06 8.363e-05 -1.000 1.969e-04 -1.236 -1.651 -2.094 -2.465 -2.993 -3.199 -3.242 -3.258 -3.260 -2.879 -3.249 -2.865 -3.154 -3.193 -3.207 -3.229 -3.247 -3.254 -3.260 -3.269 -3.264 -3.250 -3.253 -3.062
0.0001957 -1.90000 10.07918 0.8006003499 2.4189343452    0.787  2.442  3.6844  1.582    3  0.000  0.529     0.00     0.00 -1 -6.29e-10      0.00 7.526e-01 2.472e-01 3.315e-05 9.448e-06 8.363e-05 -1.000 1.968e-04 -1.335 -1.750 -2.198 -2.572 -3.105 -3.313 -3.356 -3.373 -3.374 -2.991 -3.364 -2.975 -3.267 -3.307 -3.321 -3.343 -3.362 -3.369 -3.375 -3.384 -3.379 -3.362 -3.367 -3.174
0.0001957 -1.90000 10.07918 0.8006260395 2.4189434052    0.786  2.485  3.6825  1.531    3  0.000  0.529     0.00     0.00 -1 -7.35e-10      0.00 7.526e-01 2.472e-01 3.315e-05 9.448e-06 8.363e-05 -1.000 1.968e-04 -1.441 -1.855 -2.308 -2.685 -3.223 -3.433 -3.476 -3.493 -3.494 -3.108 -3.484 -3.091 -3.387 -3.427 -3.442 -3.463 -3.482 -3.489 -3.496 -3.505 -3.499 -3.481 -3.486 -3.293
0.0001957 -1.90000 10.07918 0.8006488681 2.4189512730    0.785  2.525  3.6805  1.482    3  0.000  0.529     0.00     0.00 -1 -8.54e-10      0.00 7.526e-01 2.472e-01 3.315e-05 9.449e-06 8.363e-05 -1.000 1.969e-04 -1.542 -1.955 -2.413 -2.793 -3.336 -3.549 -3.592 -3.610 -3.609 -3.221 -3.600 -3.203 -3.501 -3.543 -3.557 -3.578 -3.598 -3.605 -3.612 -3.621 -3.615 -3.595 -3.600 -3.406
0.0001957 -1.90000 10.07918 0.8006700873 2.4189586639    0.784  2.565  3.6785  1.433    3  0.000  0.529     0.00     0.00 -1 -9.93e-10      0.00 7.526e-01 2.472e-01 3.315e-05 9.449e-06 8.363e-05 -1.000 1.968e-04 -1.643 -2.055 -2.517 -2.902 -3.449 -3.664 -3.708 -3.726 -3.725 -3.333 -3.716 -3.314 -3.616 -3.658 -3.673 -3.693 -3.715 -3.722 -3.729 -3.738 -3.731 -3.708 -3.714 -3.520
0.0001957 -1.90000 10.07918 0.8006904125 2.4189658165    0.783  2.607  3.6766  1.384    3  0.000  0.529     0.00     0.00 -1 -1.16e-09      0.00 7.526e-01 2.472e-01 3.315e-05 9.449e-06 8.363e-05 -1.000 1.968e-04 -1.746 -2.156 -2.624 -3.012 -3.563 -3.781 -3.825 -3.844 -3.841 -3.447 -3.833 -3.427 -3.731 -3.774 -3.789 -3.810 -3.832 -3.839 -3.846 -3.856 -3.849 -3.823 -3.830 -3.635
0.0001957 -1.90000 10.07918 0.8007122278 2.4189734459    0.782  2.654  3.6739  1.325    3  0.000  0.529     0.00     0.00 -1 -1.38e-09      0.00 7.526e-01 2.472e-01 3.315e-05 9.450e-06 8.363e-05 -1.000 1.969e-04 -1.865 -2.273 -2.748 -3.141 -3.698 -3.919 -3.963 -3.983 -3.979 -3.581 -3.972 -3.561 -3.868 -3.912 -3.928 -3.947 -3.972 -3.979 -3.986 -3.995 -3.988 -3.959 -3.966 -3.771
0.0001957 -1.90000 10.07918 0.8007297516 2.4189794064    0.780  2.696  3.6720  1.275    3  0.000  0.529     0.00     0.00 -1 -1.61e-09      0.00 7.526e-01 2.472e-01 3.315e-05 9.450e-06 8.363e-05 -1.000 1.969e-04 -1.969 -2.376 -2.855 -3.252 -3.813 -4.037 -4.082 -4.102 -4.097 -3.697 -4.091 -3.675 -3.985 -4.030 -4.046 -4.065 -4.090 -4.098 -4.105 -4.114 -4.106 -4.075 -4.083 -3.887
0.0001957 -1.90000 10.07918 0.8007478714 2.4189858437    0.779  2.742  3.6693  1.217    3  0.000  0.529     0.00     0.00 -1 -1.92e-09      0.00 7.526e-01 2.472e-01 3.315e-05 9.451e-06 8.363e-05 -1.000 1.968e-04 -2.084 -2.489 -2.975 -3.377 -3.944 -4.171 -4.216 -4.238 -4.231 -3.827 -4.226 -3.804 -4.119 -4.164 -4.180 -4.199 -4.226 -4.233 -4.240 -4.250 -4.241 -4.206 -4.215 -4.019
0.0001957 -1.90000 10.07918 0.8007627726 2.4189910889    0.777  2.783  3.6674  1.167    3  0.000  0.529     0.00     0.00 -1 -2.23e-09      0.00 7.526e-01 2.472e-01 3.315e-05 9.451e-06 8.363e-05 -1.000 1.969e-04 -2.187 -2.590 -3.081 -3.487 -4.059 -4.288 -4.333 -4.355 -4.348 -3.941 -4.343 -3.917 -4.234 -4.280 -4.297 -4.315 -4.343 -4.351 -4.358 -4.368 -4.358 -4.321 -4.330 -4.134
0.0001957 -1.90000 10.07918 0.8007779717 2.4189963341    0.775  2.827  3.6646  1.111    3  0.000  0.529     0.00     0.00 -1 -2.64e-09      0.00 7.526e-01 2.472e-01 3.315e-05 9.451e-06 8.363e-05 -1.000 1.969e-04 -2.298 -2.698 -3.197 -3.608 -4.186 -4.419 -4.465 -4.488 -4.478 -4.068 -4.475 -4.043 -4.364 -4.411 -4.428 -4.444 -4.475 -4.483 -4.490 -4.501 -4.490 -4.448 -4.459 -4.263
0.0001957 -1.90000 10.07918 0.8007906675 2.4190008640    0.773  2.867  3.6626  1.062    3  0.000  0.529     0.00     0.00 -1 -3.07e-09      0.00 7.526e-01 2.472e-01 3.315e-05 9.452e-06 8.363e-05 -1.000 1.969e-04 -2.398 -2.795 -3.299 -3.714 -4.298 -4.533 -4.578 -4.602 -4.592 -4.180 -4.589 -4.153 -4.477 -4.525 -4.542 -4.557 -4.590 -4.598 -4.605 -4.616 -4.605 -4.559 -4.570 -4.375
0.0001957 -1.90000 10.07918 0.8008038998 2.4190053940    0.771  2.912  3.6599  1.005    3  0.000  0.529     0.00     0.00 -1 -3.64e-09      0.00 7.526e-01 2.472e-01 3.315e-05 9.452e-06 8.363e-05 -1.000 1.969e-04 -2.509 -2.903 -3.415 -3.836 -4.426 -4.664 -4.710 -4.735 -4.723 -4.307 -4.721 -4.280 -4.608 -4.656 -4.674 -4.686 -4.723 -4.731 -4.738 -4.749 -4.737 -4.686 -4.699 -4.504
0.0001957 -1.90000 10.07918 0.8008173108 2.4190101624    0.768  2.961  3.6573  0.944    3  0.000  0.529     0.00     0.00 -1 -4.37e-09      0.00 7.526e-01 2.472e-01 3.315e-05 9.452e-06 8.363e-05 -1.000 1.969e-04 -2.632 -3.022 -3.543 -3.968 -4.564 -4.805 -4.851 -4.878 -4.864 -4.445 -4.863 -4.416 -4.747 -4.797 -4.815 -4.826 -4.865 -4.873 -4.881 -4.892 -4.879 -4.823 -4.838 -4.643
0.0001957 -1.90000 10.07918 0.8008282781 2.4190139771    0.766  3.003  3.6545  0.889    3  0.000  0.529     0.00     0.00 -1 -5.16e-09      0.00 7.526e-01 2.472e-01 3.315e-05 9.452e-06 8.363e-05 -1.000 1.969e-04 -2.739 -3.125 -3.654 -4.086 -4.688 -4.932 -4.978 -5.007 -4.991 -4.568 -4.991 -4.539 -4.873 -4.924 -4.943 -4.952 -4.994 -5.002 -5.010 -5.021 -5.007 -4.946 -4.963 -4.768
0.0001957 -1.90000 10.07918 0.8008376360 2.4190170765    0.763  3.042  3.6524  0.840    3  0.000  0.529     0.00     0.00 -1 -5.98e-09      0.00 7.526e-01 2.472e-01 3.315e-05 9.453e-06 8.364e-05 -1.000 1.969e-04 -2.836 -3.218 -3.754 -4.190 -4.798 -5.045 -5.091 -5.121 -5.103 -4.678 -5.104 -4.647 -4.984 -5.036 -5.055 -5.062 -5.107 -5.115 -5.123 -5.135 -5.121 -5.056 -5.073 -4.878
0.0001957 -1.90000 10.07918 0.8008472919 2.4190204144    0.760  3.085  3.6496  0.784    3  0.000  0.529     0.00     0.00 -1 -7.04e-09      0.00 7.526e-01 2.472e-01 3.315e-05 9.453e-06 8.364e-05 -1.000 1.969e-04 -2.943 -3.316 -3.863 -4.306 -4.921 -5.171 -5.217 -5.249 -5.230 -4.800 -5.231 -4.768 -5.109 -5.162 -5.182 -5.186 -5.235 -5.244 -5.252 -5.264 -5.249 -5.179 -5.198 -5.003
0.0001957 -1.90000 10.07918 0.8008571863 2.4190239906    0.756  3.132  3.6470  0.724    3  0.000  0.529     0.00     0.00 -1 -8.41e-09      0.00 7.526e-01 2.472e-01 3.315e-05 9.453e-06 8.364e-05 -1.000 1.969e-04 -3.060 -3.426 -3.982 -4.432 -5.054 -5.307 -5.353 -5.387 -5.366 -4.932 -5.368 -4.899 -5.244 -5.298 -5.319 -5.319 -5.373 -5.381 -5.390 -5.402 -5.387 -5.311 -5.331 -5.136
0.0001957 -1.90000 10.07918 0.8008655310 2.4190268517    0.752  3.174  3.6442  0.669    3  0.000  0.529     0.00     0.00 -1 -9.92e-09      0.00 7.526e-01 2.472e-01 3.315e-05 9.453e-06 8.364e-05 -1.000 1.969e-04 -3.165 -3.522 -4.089 -4.546 -5.175 -5.433 -5.478 -5.514 -5.491 -5.053 -5.493 -5.018 -5.368 -5.423 -5.444 -5.441 -5.499 -5.508 -5.516 -5.529 -5.513 -5.432 -5.453 -5.259
0.0001957 -1.90000 10.07918 0.8008738756 2.4190297127    0.747  3.219  3.6415  0.611    3  0.000  0.529     0.00     0.00 -1 -1.18e-08      0.00 7.526e-01 2.472e-01 3.315e-05 9.453e-06 8.364e-05 -1.000 1.969e-04 -3.277 -3.627 -4.203 -4.667 -5.303 -5.564 -5.608 -5.647 -5.622 -5.181 -5.625 -5.144 -5.497 -5.554 -5.576 -5.569 -5.631 -5.640 -5.649 -5.663 -5.646 -5.559 -5.582 -5.387
0.0001957 -1.90000 10.07918 0.8008816242 2.4190325737    0.742  3.261  3.6388  0.554    3  0.000  0.529     0.00     0.00 -1 -1.39e-08      0.00 7.526e-01 2.472e-01 3.315e-05 9.453e-06 8.364e-05 -1.000 1.968e-04 -3.383 -3.724 -4.311 -4.782 -5.425 -5.690 -5.734 -5.775 -5.748 -5.303 -5.751 -5.264 -5.622 -5.680 -5.702 -5.692 -5.759 -5.768 -5.777 -5.791 -5.774 -5.682 -5.705 -5.511
0.0001957 -1.90000 10.07918 0.8008837700 2.4190332890    0.740  3.271  3.6382  0.541    3  0.000  0.529     0.00     0.00 -1 -1.46e-08      0.00 7.526e-01 2.472e-01 3.315e-05 9.453e-06 8.364e-05 -1.000 1.969e-04 -3.408 -3.747 -4.336 -4.809 -5.454 -5.720 -5.763 -5.805 -5.778 -5.331 -5.781 -5.293 -5.651 -5.709 -5.732 -5.721 -5.789 -5.798 -5.807 -5.821 -5.804 -5.710 -5.734 -5.540
0.0001957 -1.90000 10.07918 0.8008837700 2.4190332890    0.740  1.680  3.8773  3.089    4  0.000  0.531     0.00     0.00 -1    -1e-30      0.00 7.542e-01 2.456e-01 3.318e-05 9.332e-06 8.333e-05 -1.000 1.969e-04 0.570 0.358 0.241 0.147 0.034 -0.005 -0.017 -0.020 -0.026 0.068 -0.018 0.055 0.005 -0.004 -0.006 -0.012 -0.019 -0.019 -0.020 -0.025 -0.026 -0.028 -0.027 0.021
0.0001957 -1.90000 10.07918 0.8008846045 2.4190335274    0.740  1.691  3.8702  3.049    4  0.000  0.531     0.00     0.00 -1    -1e-30      0.00 7.542e-01 2.456e-01 3.318e-05 9.332e-06 8.333e-05 -1.000 1.968e-04 0.542 0.313 0.187 0.084 -0.044 -0.087 -0.099 -0.102 -0.108 -0.006 -0.100 -0.021 -0.076 -0.086 -0.088 -0.094 -0.101 -0.100 -0.102 -0.107 -0.108 -0.111 -0.110 -0.058
0.0001957 -1.90000 10.07918 0.8009409904 2.4190530777    0.740  1.704  3.8655  3.018    4  0.000  0.531     0.00     0.00 -1    -1e-30      0.00 7.542e-01 2.456e-01 3.318e-05 9.332e-06 8.333e-05 -1.000 1.969e-04 0.511 0.271 0.139 0.030 -0.108 -0.153 -0.165 -0.169 -0.175 -0.066 -0.167 -0.083 -0.142 -0.152 -0.154 -0.160 -0.167 -0.167 -0.169 -0.174 -0.175 -0.178 -0.177 -0.122
0.0001957 -1.90000 10.07918 0.8009957671 2.4190723896    0.741  1.704  3.8664  3.022    4  0.000  0.531     0.00     0.00 -1    -1e-30      0.00 7.542e-01 2.456e-01 3.318e-05 9.332e-06 8.333e-05 -1.000 1.969e-04 0.511 0.273 0.142 0.034 -0.102 -0.146 -0.158 -0.162 -0.168 -0.061 -0.160 -0.077 -0.135 -0.145 -0.147 -0.153 -0.160 -0.160 -0.162 -0.167 -0.168 -0.171 -0.170 -0.116
0.0001957 -1.90000 10.07918 0.8010507226 2.4190914631    0.741  1.704  3.8675  3.026    4  0.000  0.531     0.00     0.00 -1    -1e-30      0.00 7.542e-01 2.456e-01 3.318e-05 9.332e-06 8.333e-05 -1.000 1.968e-04 0.511 0.275 0.146 0.039 -0.094 -0.138 -0.150 -0.154 -0.160 -0.054 -0.152 -0.070 -0.127 -0.137 -0.139 -0.145 -0.152 -0.152 -0.154 -0.159 -0.160 -0.163 -0.162 -0.108
0.0001957 -1.90000 10.07918 0.8011062145 2.4191107750    0.741  1.704  3.8687  3.031    4  0.000  0.531     0.00     0.00 -1    -1e-30      0.00 7.542e-01 2.456e-01 3.318e-05 9.332e-06 8.333e-05 -1.000 1.968e-04 0.511 0.278 0.150 0.045 -0.085 -0.129 -0.141 -0.144 -0.150 -0.046 -0.142 -0.062 -0.118 -0.128 -0.130 -0.135 -0.143 -0.143 -0.144 -0.149 -0.150 -0.153 -0.152 -0.099
0.0001957 -1.90000 10.07918 0.8011631966 2.4191305637    0.741  1.704  3.8700  3.036    4  0.000  0.531     0.00     0.00 -1    -1e-30      0.00 7.542e-01 2.456e-01 3.318e-05 9.332e-06 8.333e-05 -1.000 1.969e-04 0.511 0.282 0.155 0.052 -0.076 -0.119 -0.131 -0.135 -0.141 -0.038 -0.133 -0.053 -0.108 -0.118 -0.120 -0.126 -0.133 -0.133 -0.135 -0.140 -0.141 -0.143 -0.142 -0.090
0.0001957 -1.90000 10.07918 0.8012198210 2.4191503525    0.741  1.703  3.8711  3.041    4  0.000  0.531     0.00     0.00 -1    -1e-30      0.00 7.542e-01 2.456e-01 3.318e-05 9.332e-06 8.333e-05 -1.000 1.969e-04 0.512 0.285 0.160 0.058 -0.067 -0.110 -0.122 -0.125 -0.132 -0.030 -0.123 -0.045 -0.099 -0.109 -0.111 -0.117 -0.124 -0.124 -0.125 -0.131 -0.132 -0.134 -0.133 -0.081
0.0001957 -1.90000 10.07918 0.8012726903 2.4191687107    0.741  1.703  3.8720  3.045    4  0.000  0.531     0.00     0.00 -1    -1e-30      0.00 7.542e-01 2.456e-01 3.318e-05 9.332e-06 8.333e-05 -1.000 1.969e-04 0.512 0.288 0.164 0.063 -0.060 -0.103 -0.114 -0.118 -0.124 -0.024 -0.116 -0.038 -0.092 -0.101 -0.104 -0.109 -0.116 -0.116 -0.118 -0.123 -0.124 -0.126 -0.125 -0.074
0.0001957 -1.90000 10.07918 0.8013297915 2.4191887379    0.741  1.703  3.8728  3.048    4  0.000  0.531     0.00     0.00 -1    -1e-30      0.00 7.542e-01 2.456e-01 3.318e-05 9.332e-06 8.333e-05 -1.000 1.969e-04 0.512 0.290 0.167 0.067 -0.055 -0.096 -0.108 -0.111 -0.118 -0.018 -0.110 -0.033 -0.086 -0.095 -0.098 -0.103 -0.110 -0.110 -0.111 -0.117 -0.118 -0.120 -0.119 -0.068
0.0001957 -1.90000 10.07918 0.8013824224 2.4192070961    0.741  1.703  3.8731  3.049    4  0.000  0.531     0.00     0.00 -1    -1e-30      0.00 7.542e-01 2.456e-01 3.318e-05 9.332e-06 8.333e-05 -1.000 1.969e-04 0.512 0.290 0.167 0.068 -0.054 -0.095 -0.107 -0.110 -0.117 -0.017 -0.108 -0.032 -0.085 -0.094 -0.096 -0.102 -0.109 -0.109 -0.110 -0.116 -0.117 -0.119 -0.118 -0.067
0.0001957 -1.90000 10.07918 0.8014357686 2.4192256927    0.741  1.704  3.8731  3.049    4  0.000  0.531     0.00     0.00 -1    -1e-30      0.00 7.542e-01 2.456e-01 3.318e-05 9.332e-06 8.333e-05 -1.000 1.968e-04 0.511 0.289 0.166 0.067 -0.054 -0.096 -0.108 -0.111 -0.117 -0.018 -0.109 -0.032 -0.085 -0.095 -0.097 -0.102 -0.110 -0.110 -0.111 -0.116 -0.117 -0.120 -0.119 -0.068
0.0001957 -1.90000 10.07918 0.8014917374 2.4192452431    0.741  1.704  3.8725  3.046    4  0.000  0.531     0.00     0.00 -1    -1e-30      0.00 7.542e-01 2.456e-01 3.318e-05 9.332e-06 8.333e-05 -1.000 1.968e-04 0.510 0.286 0.163 0.063 -0.060 -0.102 -0.113 -0.117 -0.123 -0.023 -0.115 -0.038 -0.091 -0.101 -0.103 -0.108 -0.115 -0.115 -0.117 -0.122 -0.123 -0.126 -0.124 -0.073
0.0001957 -1.90000 10.07918 0.8015499711 2.4192655087    0.741  1.705  3.8714  3.041    4  0.000  0.531     0.00     0.00 -1    -1e-30      0.00 7.542e-01 2.456e-01 3.318e-05 9.332e-06 8.333e-05 -1.000 1.969e-04 0.507 0.281 0.157 0.055 -0.070 -0.112 -0.124 -0.127 -0.134 -0.032 -0.125 -0.047 -0.101 -0.111 -0.113 -0.119 -0.126 -0.126 -0.127 -0.133 -0.134 -0.136 -0.135 -0.084
0.0001957 -1.90000 10.07918 0.8016042709 2.4192843437    0.741  1.706  3.8698  3.033    4  0.000  0.531     0.00     0.00 -1    -1e-30      0.00 7.542e-01 2.456e-01 3.318e-05 9.332e-06 8.333e-05 -1.000 1.968e-04 0.504 0.274 0.147 0.044 -0.085 -0.128 -0.140 -0.143 -0.150 -0.046 -0.141 -0.062 -0.117 -0.127 -0.129 -0.135 -0.142 -0.142 -0.143 -0.149 -0.150 -0.152 -0.151 -0.099
0.0001957 -1.90000 10.07918 0.8016567826 2.4193027020    0.741  1.708  3.8675  3.022    4  0.000  0.531     0.00     0.00 -1    -1e-30      0.00 7.542e-01 2.456e-01 3.318e-05 9.332e-06 8.333e-05 -1.000 1.968e-04 0.500 0.265 0.135 0.029 -0.104 -0.148 -0.160 -0.164 -0.170 -0.064 -0.162 -0.080 -0.138 -0.147 -0.149 -0.155 -0.162 -0.162 -0.164 -0.169 -0.170 -0.173 -0.172 -0.119
0.0001957 -1.90000 10.07918 0.8017120361 2.4193217754    0.741  1.710  3.8644  3.008    4  0.000  0.531     0.00     0.00 -1    -1e-30      0.00 7.542e-01 2.456e-01 3.318e-05 9.332e-06 8.333e-05 -1.000 1.968e-04 0.495 0.252 0.119 0.008 -0.131 -0.177 -0.189 -0.193 -0.199 -0.089 -0.191 -0.106 -0.166 -0.176 -0.178 -0.184 -0.191 -0.191 -0.193 -0.198 -0.199 -0.202 -0.201 -0.146
0.0001957 -1.90000 10.07918 0.8017641306 2.4193398952    0.741  1.712  3.8609  2.991    4  0.000  0.531     0.00     0.00 -1    -1e-30      0.00 7.542e-01 2.456e-01 3.318e-05 9.332e-06 8.333e-05 -1.000 1.969e-04 0.489 0.239 0.101 -0.015 -0.161 -0.209 -0.221 -0.225 -0.231 -0.117 -0.223 -0.135 -0.198 -0.208 -0.210 -0.216 -0.223 -0.223 -0.225 -0.230 -0.231 -0.234 -0.233 -0.177
0.0001957 -1.90000 10.07918 0.8018165231 2.4193582535    0.741  1.715  3.8567  2.972    4  0.000  0.531     0.00     0.00 -1    -1e-30      0.00 7.542e-01 2.456e-01 3.318e-05 9.332e-06 8.333e-05 -1.000 1.968e-04 0.483 0.224 0.080 -0.041 -0.197 -0.247 -0.259 -0.263 -0.270 -0.150 -0.261 -0.169 -0.236 -0.246 -0.248 -0.255 -0.261 -0.261 -0.263 -0.269 -0.269 -0.273 -0.271 -0.214
0.0001957 -1.90000 10.07918 0.8018704057 2.4193768501    0.741  1.718  3.8517  2.949    4  0.000  0.531     0.00     0.00 -1    -1e-30      0.00 7.542e-01 2.456e-01 3.318e-05 9.332e-06 8.333e-05 -1.000 1.969e-04 0.474 0.206 0.054 -0.073 -0.240 -0.292 -0.305 -0.309 -0.316 -0.190 -0.307 -0.210 -0.281 -0.291 -0.294 -0.301 -0.307 -0.308 -0.310 -0.315 -0.315 -0.319 -0.317 -0.258
0.0001957 -1.90000 10.07918 0.8019257188 2.4193961620    0.742  1.722  3.8458  2.921    4  0.000  0.531     0.00     0.00 -1    -1e-30      0.00 7.542e-01 2.456e-01 3.318e-05 9.332e-06 8.333e-05 -1.000 1.969e-04 0.465 0.186 0.026 -0.110 -0.290 -0.346 -0.359 -0.363 -0.370 -0.236 -0.361 -0.257 -0.334 -0.345 -0.347 -0.355 -0.360 -0.361 -0.364 -0.369 -0.369 -0.373 -0.371 -0.309
0.0001957 -1.90000 10.07918 0.8019772768 2.4194140434    0.742  1.726  3.8396  2.893    4  0.000  0.531     0.00     0.00 -1    -1e-30      0.00 7.542e-01 2.456e-01 3.318e-05 9.332e-06 8.333e-05 -1.000 1.969e-04 0.455 0.166 -0.004 -0.148 -0.342 -0.402 -0.415 -0.419 -0.426 -0.284 -0.417 -0.306 -0.390 -0.400 -0.403 -0.411 -0.417 -0.418 -0.420 -0.425 -0.425 -0.430 -0.427 -0.363
0.0001957 -1.90000 10.07918 0.8019821644 2.4194157124    0.742  1.726  3.8390  2.890    4  0.000  0.531     0.00     0.00 -1    -1e-30      0.00 7.542e-01 2.456e-01 3.318e-05 9.332e-06 8.333e-05 -1.000 1.968e-04 0.454 0.164 -0.007 -0.151 -0.347 -0.407 -0.421 -0.424 -0.432 -0.289 -0.423 -0.311 -0.395 -0.406 -0.408 -0.416 -0.422 -0.423 -0.425 -0.430 -0.431 -0.435 -0.433 -0.368
0.0001957 -1.90000 10.07918 0.8019914031 2.4194190502    0.742  1.727  3.8378  2.884    4  0.000  0.531     0.00     0.00 -1    -1e-30      0.00 7.542e-01 2.456e-01 3.318e-05 9.332e-06 8.333e-05 -1.000 1.969e-04 0.452 0.160 -0.013 -0.159 -0.357 -0.418 -0.432 -0.435 -0.442 -0.298 -0.434 -0.320 -0.406 -0.416 -0.419 -0.427 -0.433 -0.434 -0.436 -0.441 -0.442 -0.446 -0.444 -0.378
0.0001957 -1.90000 10.07918 0.8020460010 2.4194378853    0.742  1.732  3.8307  2.852    4  0.000  0.531     0.00     0.00 -1    -1e-30      0.00 7.542e-01 2.456e-01 3.318e-05 9.332e-06 8.333e-05 -1.000 1.968e-04 0.441 0.137 -0.046 -0.202 -0.415 -0.481 -0.496 -0.499 -0.506 -0.353 -0.498 -0.375 -0.469 -0.480 -0.483 -0.491 -0.497 -0.498 -0.500 -0.505 -0.506 -0.510 -0.508 -0.439
0.0001957 -1.90000 10.07918 0.8020992279 2.4194564819    0.742  1.736  3.8239  2.820    4  0.000  0.531     0.00     0.00 -1    -1e-30      0.00 7.542e-01 2.456e-01 3.318e-05 9.332e-06 8.333e-05 -1.000 1.968e-04 0.430 0.115 -0.078 -0.244 -0.473 -0.543 -0.558 -0.562 -0.569 -0.406 -0.560 -0.429 -0.531 -0.542 -0.545 -0.553 -0.560 -0.561 -0.563 -0.568 -0.569 -0.573 -0.570 -0.498
0.0001957 -1.90000 10.07918 0.8021561503 2.4194762707    0.742  1.742  3.8160  2.783    4  0.000  0.531     0.00     0.00 -1    -1e-30      0.00 7.542e-01 2.456e-01 3.318e-05 9.332e-06 8.333e-05 -1.000 1.969e-04 0.416 0.091 -0.115 -0.292 -0.539 -0.615 -0.631 -0.635 -0.641 -0.468 -0.633 -0.491 -0.601 -0.614 -0.617 -0.626 -0.632 -0.633 -0.636 -0.640 -0.641 -0.646 -0.643 -0.566
0.0001957 -1.90000 10.07918 0.8022103310 2.4194951057    0.742  1.747  3.8082  2.746    4  0.000  0.531     0.00     0.00 -1    -1e-30      0.00 7.542e-01 2.456e-01 3.318e-05 9.332e-06 8.333e-05 -1.000 1.969e-04 0.402 0.066 -0.153 -0.340 -0.605 -0.686 -0.703 -0.707 -0.714 -0.529 -0.705 -0.553 -0.672 -0.685 -0.688 -0.698 -0.704 -0.705 -0.708 -0.713 -0.714 -0.719 -0.715 -0.634
0.0001957 -1.90000 10.07918 0.8022623062 2.4195132256    0.742  1.753  3.8016  2.714    4  0.000  0.531     0.00     0.00 -1    -1e-30      0.00 7.542e-01 2.456e-01 3.318e-05 9.332e-06 8.333e-05 -1.000 1.968e-04 0.388 0.044 -0.186 -0.382 -0.661 -0.748 -0.765 -0.770 -0.777 -0.582 -0.768 -0.605 -0.733 -0.747 -0.750 -0.760 -0.766 -0.768 -0.771 -0.776 -0.777 -0.782 -0.778 -0.692
0.0001957 -1.90000 10.07918 0.8023158908 2.4195318222    0.742  1.759  3.7947  2.680    4  0.000  0.531     0.00     0.00 -1    -1e-30      0.00 7.542e-01 2.456e-01 3.318e-05 9.332e-06 8.333e-05 -1.000 1.968e-04 0.372 0.019 -0.221 -0.427 -0.722 -0.814 -0.833 -0.838 -0.845 -0.640 -0.835 -0.662 -0.799 -0.813 -0.817 -0.828 -0.833 -0.835 -0.839 -0.844 -0.845 -0.850 -0.846 -0.755
0.0001957 -1.90000 10.07918 0.8023685217 2.4195501804    0.742  1.765  3.7888  2.651    4  0.000  0.531     0.00     0.00 -1    -1e-30      0.00 7.542e-01 2.456e-01 3.318e-05 9.332e-06 8.333e-05 -1.000 1.969e-04 0.358 -0.002 -0.252 -0.466 -0.774 -0.871 -0.891 -0.896 -0.903 -0.689 -0.894 -0.711 -0.855 -0.870 -0.874 -0.886 -0.892 -0.894 -0.897 -0.902 -0.903 -0.908 -0.905 -0.809
0.0001957 -1.90000 10.07918 0.8024217486 2.4195685387    0.742  1.771  3.7833  2.622    4  0.000  0.531     0.00     0.00 -1    -1e-30      0.00 7.542e-01 2.456e-01 3.318e-05 9.332e-06 8.333e-05 -1.000 1.969e-04 0.342 -0.023 -0.283 -0.505 -0.825 -0.927 -0.948 -0.953 -0.960 -0.738 -0.950 -0.759 -0.910 -0.926 -0.930 -0.942 -0.948 -0.951 -0.954 -0.959 -0.960 -0.966 -0.962 -0.862
0.0001957 -1.90000 10.07918 0.8024749756 2.4195871353    0.742  1.778  3.7781  2.595    4  0.000  0.531     0.00     0.00 -1    -1e-30      0.00 7.542e-01 2.456e-01 3.318e-05 9.332e-06 8.333e-05 -1.000 1.969e-04 0.324 -0.046 -0.315 -0.544 -0.876 -0.982 -1.003 -1.009 -1.016 -0.786 -1.006 -0.807 -0.964 -0.981 -0.985 -0.998 -1.004 -1.007 -1.010 -1.015 -1.016 -1.022 -1.018 -0.914
0.0001957 -1.90000 10.07918 0.8025286794 2.4196057320    0.742  1.788  3.7726  2.563    4  0.000  0.531     0.00     0.00 -1    -1e-30      0.00 7.542e-01 2.456e-01 3.318e-05 9.332e-06 8.333e-05 -1.000 1.969e-04 0.301 -0.075 -0.353 -0.590 -0.935 -1.046 -1.068 -1.075 -1.082 -0.843 -1.071 -0.862 -1.027 -1.045 -1.050 -1.062 -1.070 -1.073 -1.076 -1.081 -1.082 -1.088 -1.084 -0.975
0.0001957 -1.90000 10.07918 0.8025392890 2.4196093082    0.742  1.778  3.7760  2.586    4  0.000  0.531     0.00     0.00 -1    -1e-30      0.00 7.542e-01 2.456e-01 3.318e-05 9.332e-06 8.333e-05 -1.000 1.969e-04 0.324 -0.048 -0.320 -0.552 -0.889 -0.998 -1.019 -1.025 -1.032 -0.799 -1.022 -0.819 -0.979 -0.997 -1.001 -1.013 -1.020 -1.023 -1.026 -1.031 -1.032 -1.038 -1.034 -0.928
0.0001957 -1.90000 10.07918 0.8025943637 2.4196283817    0.742  1.793  3.7685  2.541    4  0.000  0.531     0.00     0.00 -1    -1e-30      0.00 7.542e-01 2.456e-01 3.318e-05 9.332e-06 8.333e-05 -1.000 1.968e-04 0.287 -0.092 -0.378 -0.620 -0.974 -1.089 -1.111 -1.118 -1.126 -0.880 -1.114 -0.899 -1.069 -1.088 -1.093 -1.106 -1.113 -1.116 -1.119 -1.125 -1.126 -1.132 -1.128 -1.015
0.0001957 -1.90000 10.07918 0.8026485443 2.4196472168    0.742  1.812  3.7616  2.495    4  0.000  0.531     0.00     0.00 -1    -1e-30      0.00 7.542e-01 2.456e-01 3.318e-05 9.332e-06 8.333e-05 -1.000 1.969e-04 0.241 -0.145 -0.442 -0.695 -1.063 -1.185 -1.209 -1.216 -1.224 -0.967 -1.212 -0.984 -1.164 -1.183 -1.189 -1.202 -1.210 -1.214 -1.217 -1.223 -1.224 -1.230 -1.226 -1.107
0.0001957 -1.90000 10.07918 0.8026941419 2.4196631908    0.742  1.840  3.7536  2.435    4  0.000  0.531     0.00     0.00 -1    -1e-30      0.00 7.542e-01 2.456e-01 3.318e-05 9.332e-06 8.333e-05 -1.000 1.968e-04 0.170 -0.223 -0.534 -0.799 -1.184 -1.314 -1.340 -1.347 -1.356 -1.086 -1.343 -1.100 -1.291 -1.312 -1.318 -1.333 -1.341 -1.345 -1.349 -1.355 -1.356 -1.362 -1.358 -1.230
0.0001957 -1.90000 10.07918 0.8027188778 2.4196717739    0.742  1.873  3.7457  2.370    4  0.000  0.531     0.00     0.00 -1    -1e-30      0.00 7.542e-01 2.456e-01 3.318e-05 9.332e-06 8.333e-05 -1.000 1.969e-04 0.087 -0.313 -0.638 -0.914 -1.316 -1.454 -1.481 -1.489 -1.498 -1.215 -1.485 -1.227 -1.429 -1.451 -1.458 -1.474 -1.483 -1.487 -1.491 -1.497 -1.498 -1.504 -1.500 -1.364
0.0001957 -1.90000 10.07918 0.8027300835 2.4196755886    0.742  1.908  3.7386  2.307    4  0.000  0.531     0.00     0.00 -1    -1e-30      0.00 7.542e-01 2.456e-01 3.318e-05 9.332e-06 8.333e-05 -1.000 1.968e-04 -0.001 -0.406 -0.744 -1.031 -1.448 -1.593 -1.622 -1.631 -1.640 -1.344 -1.626 -1.354 -1.566 -1.590 -1.597 -1.615 -1.624 -1.628 -1.632 -1.639 -1.640 -1.645 -1.642 -1.499
0.0001957 -1.90000 10.07918 0.8027350307 2.4196772575    0.742  1.945  3.7323  2.245    4  0.000  0.531     0.00     0.00 -1    -1e-30      0.00 7.542e-01 2.456e-01 3.318e-05 9.332e-06 8.333e-05 -1.000 1.969e-04 -0.093 -0.501 -0.851 -1.148 -1.578 -1.729 -1.760 -1.770 -1.779 -1.472 -1.764 -1.480 -1.701 -1.726 -1.734 -1.753 -1.762 -1.767 -1.771 -1.778 -1.779 -1.784 -1.781 -1.631
0.0001957 -1.90000 10.07918 0.8027374148 2.4196782112    0.742  1.982  3.7272  2.187    4  0.000  0.531     0.00     0.00 -1    -1e-30      0.00 7.542e-01 2.456e-01 3.318e-05 9.332e-06 8.333e-05 -1.000 1.968e-04 -0.185 -0.597 -0.956 -1.260 -1.701 -1.859 -1.890 -1.900 -1.910 -1.594 -1.895 -1.599 -1.828 -1.855 -1.864 -1.883 -1.893 -1.898 -1.902 -1.909 -1.910 -1.915 -1.912 -1.756
0.0001957 -1.90000 10.07918 0.8027383685 2.4196784496    0.742  2.007  3.7242  2.150    7  0.000  0.531     0.00     0.00 -1    -1e-30      0.00 7.542e-01 2.456e-01 3.318e-05 9.332e-06 8.333e-05 -1.000 1.969e-04 -0.248 -0.661 -1.026 -1.335 -1.782 -1.943 -1.975 -1.986 -1.996 -1.675 -1.980 -1.679 -1.912 -1.940 -1.948 -1.968 -1.978 -1.983 -1.987 -1.995 -1.996 -2.000 -1.997 -1.838
0.0001957 -1.90000 10.07918 0.8027386069 2.4196784496    0.742  2.017  3.7233  2.137    7  0.000  0.531     0.00     0.00 -1    -1e-30      0.00 7.542e-01 2.456e-01 3.318e-05 9.332e-06 8.333e-05 -1.000 1.969e-04 -0.273 -0.686 -1.053 -1.363 -1.812 -1.974 -2.006 -2.017 -2.027 -1.704 -2.011 -1.708 -1.942 -1.971 -1.979 -1.999 -2.009 -2.014 -2.019 -2.026 -2.027 -2.031 -2.029 -1.868
0.0001957 -1.90000 10.07918 0.8027396798 2.4196789265    0.742  2.058  3.7196  2.081    7  0.000  0.531     0.00     0.00 -1    -1e-30      0.00 7.542e-01 2.456e-01 3.318e-05 9.332e-06 8.333e-05 -1.000 1.969e-04 -0.375 -0.789 -1.164 -1.480 -1.936 -2.103 -2.136 -2.147 -2.157 -1.828 -2.141 -1.830 -2.070 -2.099 -2.108 -2.128 -2.139 -2.144 -2.149 -2.157 -2.157 -2.160 -2.158 -1.994
0.0001957 -1.90000 10.07918 0.8027405739 2.4196791649    0.742  2.095  3.7165  2.032    7  0.000  0.531     0.00     0.00 -1    -1e-30      0.00 7.542e-01 2.456e-01 3.318e-05 9.332e-06 8.333e-05 -1.000 1.969e-04 -0.467 -0.883 -1.263 -1.584 -2.047 -2.217 -2.251 -2.262 -2.272 -1.938 -2.256 -1.939 -2.183 -2.213 -2.222 -2.243 -2.254 -2.259 -2.264 -2.272 -2.272 -2.274 -2.272 -2.105
0.0001957 -1.90000 10.07918 0.8027414680 2.4196796417    0.742  2.124  3.7144  1.994    7  0.000  0.531     0.00     0.00 -1    -1e-30      0.00 7.542e-01 2.456e-01 3.318e-05 9.332e-06 8.333e-05 -1.000 1.969e-04 -0.539 -0.956 -1.341 -1.665 -2.132 -2.305 -2.339 -2.351 -2.360 -2.023 -2.345 -2.023 -2.270 -2.301 -2.310 -2.331 -2.343 -2.348 -2.353 -2.361 -2.361 -2.362 -2.361 -2.191
0.0001957 -1.90000 10.07918 0.8027424216 2.4196798801    0.742  2.147  3.7128  1.965    7  0.000  0.531     0.00     0.00 -1    -1e-30      0.00 7.542e-01 2.456e-01 3.318e-05 9.332e-06 8.333e-05 -1.000 1.969e-04 -0.597 -1.014 -1.403 -1.729 -2.200 -2.374 -2.409 -2.421 -2.430 -2.090 -2.415 -2.090 -2.339 -2.370 -2.380 -2.401 -2.413 -2.418 -2.423 -2.431 -2.431 -2.432 -2.431 -2.260
0.0001957 -1.90000 10.07918 0.8027438521 2.4196803570    0.742  2.162  3.7118  1.946    7  0.000  0.531     0.00     0.00 -1    -1e-30      0.00 7.542e-01 2.456e-01 3.318e-05 9.332e-06 8.333e-05 -1.000 1.968e-04 -0.634 -1.052 -1.442 -1.770 -2.242 -2.418 -2.453 -2.465 -2.474 -2.133 -2.459 -2.132 -2.383 -2.414 -2.424 -2.445 -2.457 -2.462 -2.467 -2.475 -2.475 -2.476 -2.475 -2.303
0.0001957 -1.90000 10.07918 0.8027465940 2.4196813107    0.742  2.144  3.7132  1.970    7  0.000  0.531     0.00     0.00 -1    -1e-30      0.00 7.542e-01 2.456e-01 3.318e-05 9.332e-06 8.333e-05 -1.000 1.968e-04 -0.589 -1.006 -1.393 -1.719 -2.189 -2.362 -2.397 -2.409 -2.418 -2.079 -2.403 -2.079 -2.328 -2.359 -2.368 -2.389 -2.401 -2.406 -2.411 -2.419 -2.419 -2.420 -2.419 -2.248
0.0001957 -1.90000 10.07918 0.8027641177 2.4196875095    0.742  2.135  3.7136  1.980    7  0.000  0.531     0.00     0.00 -1    -1e-30      0.00 7.542e-01 2.456e-01 3.318e-05 9.332e-06 8.333e-05 -1.000 1.968e-04 -0.567 -0.984 -1.371 -1.696 -2.165 -2.338 -2.373 -2.385 -2.394 -2.056 -2.379 -2.055 -2.304 -2.335 -2.344 -2.365 -2.377 -2.382 -2.387 -2.395 -2.395 -2.396 -2.395 -2.224
0.0001957 -1.90000 10.07918 0.8027806282 2.4196932316    0.742  2.157  3.7117  1.950    7  0.000  0.531     0.00     0.00 -1    -1e-30      0.00 7.542e-01 2.456e-01 3.318e-05 9.332e-06 8.333e-05 -1.000 1.969e-04 -0.623 -1.041 -1.431 -1.759 -2.232 -2.408 -2.443 -2.455 -2.464 -2.123 -2.449 -2.121 -2.373 -2.404 -2.414 -2.435 -2.447 -2.452 -2.457 -2.465 -2.465 -2.466 -2.464 -2.292
0.0001957 -1.90000 10.07918 0.8028005958 2.4197001457    0.742  2.202  3.7084  1.892    7  0.000  0.531     0.00     0.00 -1    -1e-30      0.00 7.542e-01 2.456e-01 3.318e-05 9.332e-06 8.333e-05 -1.000 1.969e-04 -0.735 -1.154 -1.551 -1.884 -2.364 -2.543 -2.580 -2.592 -2.600 -2.254 -2.586 -2.251 -2.507 -2.539 -2.549 -2.570 -2.584 -2.589 -2.594 -2.602 -2.602 -2.601 -2.600 -2.425
0.0001957 -1.90000 10.07918 0.8028196692 2.4197065830    0.743  2.253  3.7050  1.828    7  0.000  0.531     0.00     0.00 -1    -1e-30      0.00 7.542e-01 2.456e-01 3.318e-05 9.332e-06 8.333e-05 -1.000 1.969e-04 -0.862 -1.281 -1.685 -2.024 -2.511 -2.694 -2.732 -2.744 -2.752 -2.400 -2.737 -2.395 -2.656 -2.689 -2.700 -2.722 -2.735 -2.741 -2.746 -2.754 -2.754 -2.752 -2.752 -2.573
0.0001957 -1.90000 10.07918 0.8028373122 2.4197127819    0.743  2.302  3.7018  1.766    7  0.000  0.531     0.00     0.00 -1    -1e-30      0.00 7.542e-01 2.456e-01 3.318e-05 9.332e-06 8.333e-05 -1.000 1.969e-04 -0.986 -1.406 -1.817 -2.161 -2.654 -2.841 -2.880 -2.893 -2.900 -2.543 -2.886 -2.537 -2.802 -2.836 -2.848 -2.870 -2.884 -2.890 -2.895 -2.903 -2.902 -2.899 -2.899 -2.718
0.0001957 -1.90000 10.07918 0.8028531075 2.4197182655    0.743  2.347  3.6990  1.710    7  0.000  0.531     0.00     0.00 -1    -1e-30      0.00 7.542e-01 2.456e-01 3.318e-05 9.332e-06 8.333e-05 -1.000 1.945e-04 -1.097 -1.517 -1.934 -2.283 -2.782 -2.973 -3.012 -3.026 -3.032 -2.671 -3.018 -2.663 -2.932 -2.967 -2.980 -3.001 -3.016 -3.022 -3.028 -3.036 -3.034 -3.030 -3.030 -2.846
0.0001957 -1.90000 10.07918 0.8028671741 2.4197230339    0.743  2.390  3.6964  1.657    7  0.000  0.531     0.00     0.00 -1    -1e-30      0.00 7.542e-01 2.456e-01 3.316e-05 9.335e-06 8.333e-05 -1.000 1.572e-04 -1.204 -1.625 -2.047 -2.400 -2.906 -3.099 -3.139 -3.153 -3.158 -2.794 -3.145 -2.784 -3.058 -3.094 -3.106 -3.128 -3.143 -3.149 -3.155 -3.163 -3.161 -3.156 -3.157 -2.971
0.0001957 -1.90000 10.07918 0.8028794527 2.4197273254    0.743  2.431  3.6939  1.605    7  0.000  0.530     0.00     0.00 -1    -1e-30      0.00 7.543e-01 2.456e-01 3.310e-05 9.357e-06 8.333e-05 -1.000 1.812e-04 -1.308 -1.729 -2.156 -2.514 -3.024 -3.220 -3.261 -3.275 -3.280 -2.912 -3.267 -2.901 -3.178 -3.215 -3.228 -3.250 -3.265 -3.272 -3.278 -3.286 -3.284 -3.276 -3.278 -3.090
0.0001957 -1.90000 10.07918 0.8028903008 2.4197311401    0.743  2.472  3.6915  1.555    7  0.000  0.526     0.00     0.00 -1    -1e-30      0.00 7.543e-01 2.456e-01 3.288e-05 9.492e-06 8.333e-05 -1.000 1.566e-04 -1.410 -1.830 -2.263 -2.624 -3.141 -3.340 -3.381 -3.396 -3.400 -3.028 -3.387 -3.016 -3.297 -3.334 -3.347 -3.369 -3.385 -3.392 -3.398 -3.406 -3.403 -3.394 -3.396 -3.207
0.0001957 -1.90000 10.07918 0.8029001951 2.4197347164    0.743  2.513  3.6891  1.504    7  0.000  0.517     0.00     0.00 -1    -1e-30      0.00 7.542e-01 2.456e-01 3.233e-05 1.000e-05 8.333e-05 -1.000 1.891e-04 -1.512 -1.931 -2.369 -2.735 -3.257 -3.459 -3.500 -3.515 -3.519 -3.143 -3.507 -3.130 -3.415 -3.453 -3.466 -3.488 -3.505 -3.511 -3.518 -3.526 -3.523 -3.511 -3.514 -3.324
0.0001957 -1.90000 10.07918 0.8029091358 2.4197378159    0.743  2.553  3.6867  1.454    7  0.000  0.504     0.00     0.00 -1    -1e-30      0.00 7.541e-01 2.457e-01 3.150e-05 1.095e-05 8.334e-05 -1.000 1.968e-04 -1.613 -2.031 -2.475 -2.845 -3.372 -3.577 -3.619 -3.635 -3.637 -3.258 -3.626 -3.244 -3.532 -3.571 -3.584 -3.606 -3.624 -3.631 -3.637 -3.646 -3.642 -3.628 -3.631 -3.440
0.0001957 -1.90000 10.07918 0.8029174209 2.4197406769    0.743  2.594  3.6843  1.404    7  0.000  0.490     0.00     0.00 -1    -1e-30      0.00 7.540e-01 2.458e-01 3.062e-05 1.203e-05 8.335e-05 -1.000 1.968e-04 -1.714 -2.132 -2.582 -2.956 -3.488 -3.695 -3.738 -3.755 -3.756 -3.373 -3.746 -3.358 -3.650 -3.690 -3.703 -3.725 -3.744 -3.751 -3.757 -3.766 -3.761 -3.745 -3.749 -3.557
0.0001957 -1.90000 10.07918 0.8029250503 2.4197432995    0.743  2.634  3.6818  1.354    7  0.000  0.477     0.00     0.00 -1    -1e-30      0.00 7.539e-01 2.459e-01 2.982e-05 1.300e-05 8.336e-05 -1.000 1.801e-04 -1.815 -2.233 -2.688 -3.066 -3.604 -3.814 -3.857 -3.875 -3.875 -3.489 -3.865 -3.472 -3.768 -3.808 -3.822 -3.844 -3.863 -3.871 -3.877 -3.886 -3.881 -3.862 -3.867 -3.674
0.0001957 -1.90000 10.07918 0.8029323220 2.4197456837    0.743  2.674  3.6793  1.304    7  0.000  0.466     0.00     0.00 -1    -1e-30      0.00 7.537e-01 2.461e-01 2.914e-05 1.385e-05 8.337e-05 -1.000 1.707e-04 -1.915 -2.331 -2.793 -3.175 -3.719 -3.932 -3.976 -3.994 -3.993 -3.603 -3.984 -3.585 -3.884 -3.926 -3.940 -3.962 -3.982 -3.990 -3.996 -4.006 -3.999 -3.978 -3.984 -3.789
0.0001957 -1.90000 10.07918 0.8029392362 2.4197480679    0.743  2.714  3.6769  1.255    7  0.000  0.456     0.00     0.00 -1    -1e-30      0.00 7.536e-01 2.463e-01 2.854e-05 1.459e-05 8.338e-05 -1.000 1.968e-04 -2.015 -2.428 -2.896 -3.283 -3.832 -4.049 -4.093 -4.112 -4.109 -3.716 -4.101 -3.697 -4.000 -4.042 -4.057 -4.078 -4.100 -4.107 -4.114 -4.123 -4.117 -4.092 -4.098 -3.904
0.0001957 -1.90000 10.07918 0.8029459119 2.4197504520    0.743  2.754  3.6745  1.205    7  0.000  0.448     0.00     0.00 -1    -1e-30      0.00 7.534e-01 2.464e-01 2.802e-05 1.523e-05 8.337e-05 -1.000 1.969e-04 -2.114 -2.525 -2.999 -3.391 -3.946 -4.165 -4.210 -4.229 -4.226 -3.829 -4.218 -3.809 -4.115 -4.158 -4.174 -4.194 -4.218 -4.225 -4.232 -4.241 -4.234 -4.206 -4.213 -4.018
0.0001957 -1.90000 10.07918 0.8029521108 2.4197525978    0.743  2.794  3.6720  1.155    7  0.000  0.441     0.00     0.00 -1    -1e-30      0.00 7.532e-01 2.466e-01 2.756e-05 1.579e-05 8.335e-05 -1.000 1.968e-04 -2.215 -2.624 -3.105 -3.501 -4.061 -4.284 -4.328 -4.349 -4.344 -3.944 -4.337 -3.923 -4.233 -4.277 -4.293 -4.312 -4.337 -4.345 -4.351 -4.361 -4.353 -4.322 -4.330 -4.134
0.0001957 -1.90000 10.07918 0.8029575944 2.4197545052    0.743  2.834  3.6694  1.104    7  0.000  0.435     0.00     0.00 -1    -1e-30      0.00 7.530e-01 2.468e-01 2.717e-05 1.628e-05 8.332e-05 -1.000 1.968e-04 -2.316 -2.724 -3.211 -3.612 -4.178 -4.404 -4.449 -4.470 -4.464 -4.061 -4.458 -4.038 -4.352 -4.397 -4.413 -4.431 -4.458 -4.466 -4.473 -4.483 -4.474 -4.439 -4.448 -4.252
0.0001957 -1.90000 10.07918 0.8029621840 2.4197561741    0.743  2.875  3.6669  1.054    7  0.000  0.430     0.00     0.00 -1    -1e-30      0.00 7.528e-01 2.470e-01 2.684e-05 1.669e-05 8.325e-05 -1.000 1.968e-04 -2.417 -2.821 -3.315 -3.722 -4.294 -4.523 -4.568 -4.590 -4.583 -4.176 -4.578 -4.153 -4.470 -4.515 -4.532 -4.549 -4.578 -4.586 -4.593 -4.603 -4.594 -4.555 -4.565 -4.369
0.0001957 -1.90000 10.07918 0.8029661179 2.4197573662    0.743  2.916  3.6642  1.002    7  0.000  0.426     0.00     0.00 -1    -1e-30      0.00 7.526e-01 2.472e-01 2.655e-05 1.708e-05 8.314e-05 -1.000 1.856e-04 -2.519 -2.920 -3.422 -3.833 -4.412 -4.644 -4.690 -4.713 -4.704 -4.294 -4.700 -4.269 -4.590 -4.637 -4.653 -4.669 -4.701 -4.709 -4.716 -4.726 -4.716 -4.672 -4.683 -4.488
0.0001957 -1.90000 10.07918 0.8029696345 2.4197587967    0.743  2.956  3.6615  0.951    7  0.000  0.422     0.00     0.00 -1    -1e-30      0.00 7.524e-01 2.474e-01 2.630e-05 1.743e-05 8.300e-05 -1.000 1.667e-04 -2.620 -3.018 -3.527 -3.945 -4.529 -4.765 -4.811 -4.835 -4.824 -4.411 -4.821 -4.385 -4.709 -4.757 -4.774 -4.788 -4.823 -4.831 -4.838 -4.849 -4.837 -4.789 -4.802 -4.607
0.0001957 -1.90000 10.07918 0.8029732704 2.4197599888    0.743  3.000  3.6586  0.896    7  0.000  0.420     0.00     0.00 -1    -1e-30      0.00 7.522e-01 2.476e-01 2.609e-05 1.777e-05 8.283e-05 -1.000 1.969e-04 -2.729 -3.122 -3.641 -4.064 -4.655 -4.894 -4.940 -4.966 -4.953 -4.536 -4.951 -4.509 -4.837 -4.886 -4.904 -4.916 -4.953 -4.962 -4.969 -4.980 -4.968 -4.914 -4.929 -4.734
0.0001957 -1.90000 10.07918 0.8029766083 2.4197611809    0.743  3.043  3.6557  0.841    7  0.000  0.418     0.00     0.00 -1    -1e-30      0.00 7.520e-01 2.478e-01 2.594e-05 1.807e-05 8.266e-05 -1.000 1.969e-04 -2.837 -3.226 -3.754 -4.183 -4.781 -5.023 -5.069 -5.097 -5.082 -4.661 -5.081 -4.632 -4.964 -5.014 -5.033 -5.043 -5.084 -5.092 -5.100 -5.111 -5.098 -5.039 -5.055 -4.860
0.0001957 -1.90000 10.07918 0.8029781580 2.4197616577    0.743  3.066  3.6541  0.812    7  0.000  0.417     0.00     0.00 -1    -1e-30      0.00 7.519e-01 2.479e-01 2.585e-05 1.827e-05 8.254e-05 -1.000 1.969e-04 -2.894 -3.281 -3.814 -4.246 -4.848 -5.092 -5.138 -5.167 -5.151 -4.728 -5.151 -4.699 -5.032 -5.083 -5.102 -5.111 -5.153 -5.162 -5.170 -5.181 -5.167 -5.105 -5.122 -4.928
0.0001957 -1.90000 10.07918 0.8029786348 2.4197618961    0.743  3.071  3.6537  0.805    7  0.000  0.417     0.00     0.00 -1    -1e-30      0.00 7.519e-01 2.479e-01 2.582e-05 1.835e-05 8.249e-05 -1.000 1.968e-04 -2.907 -3.294 -3.827 -4.261 -4.864 -5.108 -5.154 -5.183 -5.167 -4.744 -5.167 -4.714 -5.048 -5.099 -5.118 -5.127 -5.170 -5.178 -5.186 -5.197 -5.184 -5.121 -5.138 -4.943
0.0001957 -1.90000 10.07918 0.8029786944 2.4197618961    0.743  3.071  3.6537  0.804    7  0.000  0.417     0.00     0.00 -1    -1e-30      0.00 7.519e-01 2.479e-01 2.581e-05 1.836e-05 8.248e-05 -1.000 1.968e-04 -2.909 -3.295 -3.829 -4.262 -4.865 -5.109 -5.155 -5.185 -5.168 -4.745 -5.168 -4.715 -5.050 -5.101 -5.120 -5.128 -5.171 -5.179 -5.187 -5.199 -5.185 -5.122 -5.139 -4.945
0.0001957 -1.90000 10.07918 0.8029788136 2.4197618961    0.743  3.072  3.6536  0.803    7  0.000  0.417     0.00     0.00 -1    -1e-30      0.00 7.519e-01 2.479e-01 2.580e-05 1.838e-05 8.247e-05 -1.000 1.969e-04 -2.911 -3.297 -3.831 -4.264 -4.868 -5.112 -5.158 -5.188 -5.171 -4.748 -5.171 -4.718 -5.053 -5.103 -5.122 -5.131 -5.174 -5.182 -5.190 -5.202 -5.188 -5.125 -5.142 -4.947
0.0001957 -1.90000 10.07918 0.8029789329 2.4197618961    0.743  3.074  3.6535  0.801    7  0.000  0.417     0.00     0.00 -1    -1e-30      0.00 7.519e-01 2.479e-01 2.580e-05 1.840e-05 8.246e-05 -1.000 1.969e-04 -2.915 -3.300 -3.835 -4.268 -4.872 -5.116 -5.163 -5.192 -5.175 -4.752 -5.175 -4.722 -5.057 -5.108 -5.127 -5.135 -5.178 -5.187 -5.195 -5.206 -5.192 -5.129 -5.146 -4.952
0.0001957 -1.90000 10.07918 0.8029789925 2.4197618961    0.743  3.075  3.6535  0.800    7  0.000  0.417     0.00     0.00 -1    -1e-30      0.00 7.518e-01 2.480e-01 2.579e-05 1.841e-05 8.245e-05 -1.000 1.969e-04 -2.917 -3.302 -3.837 -4.271 -4.875 -5.119 -5.165 -5.195 -5.178 -4.754 -5.178 -4.725 -5.060 -5.110 -5.130 -5.138 -5.181 -5.189 -5.197 -5.209 -5.195 -5.132 -5.149 -4.954
0.0001957 -1.90000 10.07918 0.8029791713 2.4197618961    0.743  3.078  3.6533  0.797    7  0.000  0.417     0.00     0.00 -1    -1e-30      0.00 7.518e-01 2.480e-01 2.578e-05 1.844e-05 8.243e-05 -1.000 1.968e-04 -2.924 -3.309 -3.844 -4.278 -4.883 -5.127 -5.174 -5.203 -5.186 -4.762 -5.186 -4.733 -5.068 -5.119 -5.138 -5.146 -5.189 -5.198 -5.206 -5.217 -5.203 -5.140 -5.157 -4.962
0.0001957 -1.90000 10.07918 0.8029793501 2.4197621346    0.743  3.085  3.6528  0.787    7  0.000  0.417     0.00     0.00 -1    -1e-30      0.00 7.518e-01 2.480e-01 2.576e-05 1.849e-05 8.239e-05 -1.000 1.969e-04 -2.943 -3.326 -3.864 -4.299 -4.905 -5.150 -5.197 -5.227 -5.209 -4.785 -5.210 -4.755 -5.090 -5.142 -5.161 -5.169 -5.213 -5.221 -5.229 -5.241 -5.227 -5.162 -5.180 -4.985
0.0001957 -1.90000 10.07918 0.8029797673 2.4197621346    0.743  3.131  3.6494  0.727    7  0.000  0.416     0.00     0.00 -1    -1e-30      0.00 7.516e-01 2.482e-01 2.559e-05 1.893e-05 8.209e-05 -1.000 1.968e-04 -3.058 -3.432 -3.980 -4.424 -5.039 -5.289 -5.335 -5.367 -5.348 -4.918 -5.349 -4.886 -5.227 -5.280 -5.300 -5.303 -5.353 -5.361 -5.370 -5.382 -5.367 -5.296 -5.315 -5.120
0.0001957 -1.90000 10.07918 0.8029803634 2.4197623730    0.743  3.202  3.6442  0.635    7  0.549  0.414     0.00     0.00 -1    -1e-30      0.00 7.511e-01 2.487e-01 2.526e-05 1.999e-05 8.135e-05 -1.000 1.970e-04 -3.235 -3.593 -4.161 -4.618 -5.246 -5.504 -5.549 -5.585 -5.562 -5.125 -5.564 -5.090 -5.439 -5.494 -5.515 -5.512 -5.570 -5.579 -5.588 -5.601 -5.585 -5.503 -5.524 -5.330
0.0001957 -1.90000 10.07918 0.8029806614 2.4197626114    0.743  3.214  3.6433  0.620    7  0.549  0.414     0.00     0.00 -1    -1e-30      0.00 7.510e-01 2.488e-01 2.518e-05 2.025e-05 8.115e-05 -1.000 1.969e-04 -3.266 -3.621 -4.192 -4.651 -5.282 -5.540 -5.585 -5.623 -5.599 -5.160 -5.601 -5.125 -5.475 -5.531 -5.552 -5.548 -5.607 -5.616 -5.625 -5.638 -5.622 -5.539 -5.560 -5.366
0.0001957 -1.90000 10.07918 0.8029807210 2.4197626114    0.743  3.414  3.6091  0.283    8  0.549  0.390    92.86    44.33  1  -1.3e-06      0.00 7.290e-01 2.706e-01 6.375e-05 5.931e-05 2.177e-04 -1.000 3.690e-04 -3.766 -3.950 -4.660 -5.219 -5.959 -6.279 -6.313 -6.381 -6.345 -5.835 -6.344 -5.771 -6.185 -6.265 -6.297 -6.245 -6.361 -6.372 -6.384 -6.403 -6.380 -6.248 -6.279 -6.057
0.0001957 -1.90000 10.07918 0.8029807806 2.4197626114    0.742  3.282  3.6172  0.448    8  0.549  0.390    65.07    32.59  1 -7.09e-07      0.00 7.290e-01 2.706e-01 6.375e-05 5.931e-05 2.177e-04 -1.000 3.690e-04 -3.434 -3.673 -4.337 -4.869 -5.584 -5.889 -5.925 -5.984 -5.948 -5.459 -5.951 -5.403 -5.802 -5.876 -5.904 -5.864 -5.966 -5.975 -5.986 -6.004 -5.982 -5.859 -5.888 -5.679
0.0001957 -1.90000 10.07918 0.8029808402 2.4197626114    0.742  3.137  3.6304  0.645    8  0.549  0.390    42.55    22.57  1 -3.59e-07      0.00 7.290e-01 2.706e-01 6.375e-05 5.931e-05 2.177e-04 -1.000 3.690e-04 -3.073 -3.378 -3.987 -4.480 -5.153 -5.434 -5.475 -5.522 -5.492 -5.029 -5.495 -4.984 -5.359 -5.423 -5.448 -5.426 -5.506 -5.515 -5.524 -5.539 -5.520 -5.416 -5.442 -5.242
0.0001957 -1.90000 10.07918 0.8029810190 2.4197626114    0.741  2.928  3.6494  0.929    8  0.549  0.390    23.03    13.26  1 -1.29e-07      0.00 7.290e-01 2.706e-01 6.375e-05 5.931e-05 2.177e-04 -1.000 3.690e-04 -2.550 -2.920 -3.462 -3.906 -4.525 -4.777 -4.822 -4.854 -4.835 -4.404 -4.836 -4.370 -4.714 -4.768 -4.788 -4.791 -4.840 -4.848 -4.857 -4.868 -4.853 -4.784 -4.802 -4.606
0.0001957 -1.90000 10.07918 0.8029811978 2.4197626114    0.740  2.933  3.6489  0.922    8  0.549  0.390    23.42    13.44  1 -1.33e-07      0.00 7.290e-01 2.706e-01 6.375e-05 5.931e-05 2.177e-04 -1.000 3.690e-04 -2.562 -2.931 -3.475 -3.920 -4.540 -4.793 -4.838 -4.870 -4.851 -4.419 -4.852 -4.385 -4.730 -4.784 -4.804 -4.807 -4.856 -4.865 -4.873 -4.885 -4.870 -4.799 -4.818 -4.622
0.0001957 -1.90000 10.07918 0.8029814959 2.4197628498    0.738  3.015  3.6414  0.809    8  0.550  0.390    29.87    16.57  1 -2.02e-07      0.00 7.290e-01 2.706e-01 6.375e-05 5.931e-05 2.177e-04 -1.000 3.690e-04 -2.767 -3.114 -3.683 -4.146 -4.786 -5.050 -5.094 -5.132 -5.108 -4.664 -5.110 -4.626 -4.983 -5.040 -5.062 -5.056 -5.117 -5.126 -5.134 -5.148 -5.131 -5.046 -5.068 -4.872
0.0001957 -1.90000 10.07918 0.8029817939 2.4197628498    0.736  3.169  3.6273  0.598    8  0.550  0.390    47.13    24.53  1 -4.28e-07      0.00 7.290e-01 2.706e-01 6.375e-05 5.931e-05 2.177e-04 -1.000 3.690e-04 -3.151 -3.444 -4.065 -4.566 -5.248 -5.534 -5.574 -5.624 -5.592 -5.124 -5.596 -5.077 -5.457 -5.523 -5.548 -5.522 -5.607 -5.616 -5.626 -5.642 -5.622 -5.512 -5.539 -5.339
0.0001957 -1.90000 10.07918 0.8029822111 2.4197630882    0.734  3.305  3.6149  0.410    8  0.550  0.390    70.65    34.73  1 -8.19e-07      0.00 7.290e-01 2.706e-01 6.375e-05 5.931e-05 2.177e-04 -1.000 3.690e-04 -3.492 -3.716 -4.392 -4.932 -5.654 -5.963 -5.999 -6.059 -6.024 -5.529 -6.026 -5.471 -5.874 -5.950 -5.979 -5.935 -6.042 -6.051 -6.062 -6.080 -6.058 -5.932 -5.962 -5.750
0.0001957 -1.90000 10.07918 0.8029826283 2.4197630882    0.731  3.395  3.6066  0.285    8  0.551  0.390    92.65    43.80  1 -1.26e-06      0.00 7.290e-01 2.706e-01 6.375e-05 5.931e-05 2.177e-04 -1.000 3.690e-04 -3.718 -3.886 -4.605 -5.172 -5.921 -6.248 -6.281 -6.350 -6.314 -5.797 -6.312 -5.730 -6.151 -6.234 -6.266 -6.211 -6.330 -6.341 -6.353 -6.372 -6.350 -6.216 -6.247 -6.021
0.0001957 -1.90000 10.07918 0.8029831648 2.4197633266    0.728  3.445  3.6019  0.215    8  0.551  0.390   107.87    49.82  1  -1.6e-06      0.00 7.290e-01 2.706e-01 6.375e-05 5.931e-05 2.177e-04 -1.000 3.690e-04 -3.843 -3.977 -4.720 -5.304 -6.067 -6.405 -6.437 -6.510 -6.475 -5.945 -6.470 -5.871 -6.303 -6.390 -6.423 -6.363 -6.488 -6.501 -6.514 -6.534 -6.512 -6.374 -6.404 -6.170
0.0001957 -1.90000 10.07918 0.8029837012 2.4197635651    0.725  3.471  3.5995  0.178    8  0.552  0.390   116.96    53.26  1 -1.82e-06      0.00 7.290e-01 2.706e-01 6.375e-05 5.931e-05 2.177e-04 -1.000 3.690e-04 -3.907 -4.022 -4.779 -5.371 -6.143 -6.486 -6.517 -6.593 -6.558 -6.021 -6.552 -5.944 -6.381 -6.471 -6.505 -6.441 -6.571 -6.584 -6.597 -6.618 -6.595 -6.455 -6.486 -6.247
0.0001957 -1.90000 10.07918 0.8029842973 2.4197638035    0.721  3.487  3.5984  0.154    8  0.552  0.390   123.06    55.46  0 -1.99e-06      0.00 7.290e-01 2.706e-01 6.375e-05 5.931e-05 2.177e-04 -1.000 3.690e-04 -3.948 -4.054 -4.818 -5.414 -6.190 -6.536 -6.566 -6.643 -6.608 -6.068 -6.601 -5.990 -6.429 -6.520 -6.554 -6.489 -6.621 -6.634 -6.648 -6.669 -6.646 -6.505 -6.537 -6.294
0.0001957 -1.90000 10.07918 0.8029866219 2.4197645187    0.554 -9.999  4.0000  1.705    9  0.554  0.000     0.00     0.00 -1    -1e-30      0.00 7.290e-01 2.706e-01 6.375e-05 5.931e-05 2.177e-04 -1.000 3.690e-04 29.767 30.068 30.054 30.102 30.106 30.108 30.108 30.113 30.109 30.104 30.110 30.113 30.093 30.101 30.113 30.114 30.110 30.114 30.114 30.108 30.108 30.106 30.110 30.103
#isochrone terminated
