# File generated by CMD 3.3 (http://stev.oapd.inaf.it/cmd) on Fri Nov 20 18:15:53 CET 2020
# isochrones based on PARSEC release v1.2S +  COLIBRI S_35
# Basic references: Bressan et al. (2012), MNRAS, 427, 127 + Chen et al. (2014, 2015), MNRAS, 444, 2525 + MNRAS, 452, 1068 + Tang et al. (2014), MNRAS, 445, 4287 + Marigo et al. (2017), ApJ, 835, 77 + Pastorelli al. (2019), MNRAS in press
# Thermal pulse cycles included 
# On RGB, assumed Reimers mass loss with efficiency eta=0.2
# Photometric system: JWST NIRCam wide+verywide+medium filters, Vegamags
# Using OBC version of bolometric corrections as detailed in Marigo et al. (2008, A&A 482, 883) and Girardi et al. (2008, PASP 120, 583
# O-rich circumstellar dpmod60alox40 dust from Groenewegen (2006)
# C-rich circumstellar AMCSIC15 dust from Groenewegen (2006)
# IMF: Kroupa (2001, 2002) + Kroupa et al. (2013) canonical two-part-power law IMF corrected for unresolved binaries 
# Kind of output: isochrone tables
# Zini     MH   logAge Mini        int_IMF         Mass   logL    logTe  logg  label   McoreTP C_O  period0 period1 pmode  Mloss  tau1m   X   Y   Xc  Xn  Xo  Cexcess  Z 	 mbolmag  F070Wmag  F090Wmag  F115Wmag  F150Wmag  F200Wmag  F277Wmag  F356Wmag  F444Wmag  F150W2mag  F322W2mag  F140Mmag  F162Mmag  F182Mmag  F210Mmag  F250Mmag  F300Mmag  F335Mmag  F360Mmag  F410Mmag  F430Mmag  F460Mmag  F480Mmag  F150WS60mag
3.3254e-05 -2.19174 10.07918 0.1000000015 1.1711064577    0.100 -2.780  3.5588  5.405    1  0.000  0.545     0.00     0.00 -1 -1.31e-16      0.00 7.453e-01 2.546e-01 1.798e-05 4.851e-06 4.400e-05 -1.000 1.000e-04 11.721 11.574 10.776 10.199 9.620 9.351 9.198 8.995 8.935 9.720 9.106 9.749 9.447 9.388 9.310 9.251 9.153 9.034 8.968 8.914 8.922 8.967 8.926 9.546
3.3254e-05 -2.19174 10.07918 0.1098214313 1.2482755184    0.109 -2.632  3.5741  5.357    1  0.000  0.545     0.00     0.00 -1 -1.86e-16      0.00 7.435e-01 2.564e-01 1.798e-05 4.851e-06 4.400e-05 -1.000 1.000e-04 11.349 11.139 10.402 9.854 9.290 9.020 8.874 8.688 8.629 9.387 8.790 9.416 9.121 9.056 8.982 8.925 8.834 8.725 8.662 8.609 8.616 8.657 8.623 9.218
3.3254e-05 -2.19174 10.07918 0.1294642836 1.3786746264    0.129 -2.390  3.5965  5.277    1  0.000  0.545     0.00     0.00 -1 -3.28e-16      0.00 7.405e-01 2.594e-01 1.798e-05 4.851e-06 4.400e-05 -1.000 1.000e-04 10.744 10.420 9.769 9.276 8.743 8.521 8.396 8.200 8.140 8.850 8.308 8.864 8.588 8.545 8.493 8.443 8.360 8.235 8.175 8.128 8.128 8.156 8.142 8.677
3.3254e-05 -2.19174 10.07918 0.1491071582 1.4855960608    0.149 -2.227  3.6079  5.220    1  0.000  0.545     0.00     0.00 -1 -4.75e-16      0.00 7.387e-01 2.612e-01 1.798e-05 4.851e-06 4.400e-05 -1.000 9.996e-05 10.336 9.991 9.369 8.898 8.371 8.135 8.009 7.846 7.793 8.471 7.936 8.492 8.213 8.160 8.108 8.053 7.977 7.875 7.825 7.783 7.782 7.804 7.792 8.303
3.3254e-05 -2.19174 10.07918 0.1687500030 1.5756140947    0.168 -2.100  3.6152  5.176    1  0.000  0.545     0.00     0.00 -1 -6.29e-16      0.00 7.378e-01 2.621e-01 1.798e-05 4.851e-06 4.400e-05 -1.000 9.990e-05 10.020 9.665 9.060 8.601 8.078 7.831 7.704 7.563 7.515 8.174 7.641 8.200 7.919 7.858 7.804 7.745 7.673 7.588 7.546 7.506 7.505 7.524 7.512 8.010
3.3254e-05 -2.19174 10.07918 0.2080357224 1.7204496861    0.207 -1.896  3.6261  5.107    1  0.000  0.545     0.00     0.00 -1 -9.79e-16      0.00 7.374e-01 2.625e-01 1.798e-05 4.851e-06 4.400e-05 -1.000 1.000e-04 9.511 9.139 8.560 8.121 7.606 7.347 7.213 7.106 7.064 7.696 7.166 7.726 7.448 7.375 7.318 7.250 7.185 7.125 7.094 7.059 7.057 7.070 7.059 7.538
3.3254e-05 -2.19174 10.07918 0.2571428716 1.8581268787    0.257 -1.708  3.6362  5.052    1  0.000  0.545     0.00     0.00 -1 -1.45e-15      0.00 7.377e-01 2.622e-01 1.798e-05 4.852e-06 4.400e-05 -1.000 9.999e-05 9.041 8.652 8.097 7.675 7.174 6.920 6.788 6.696 6.658 7.262 6.748 7.292 7.022 6.947 6.892 6.822 6.761 6.712 6.686 6.654 6.652 6.661 6.651 7.109
3.3254e-05 -2.19174 10.07918 0.3062500358 1.9652637243    0.306 -1.563  3.6446  5.017    1  0.000  0.545     0.00     0.00 -1 -1.93e-15      0.00 7.377e-01 2.622e-01 1.797e-05 4.852e-06 4.400e-05 -1.000 1.000e-04 8.677 8.274 7.739 7.332 6.844 6.594 6.465 6.384 6.348 6.930 6.429 6.958 6.695 6.621 6.566 6.497 6.440 6.398 6.375 6.346 6.343 6.349 6.340 6.780
3.3254e-05 -2.19174 10.07918 0.3553571701 2.0521113873    0.355 -1.440  3.6525  4.990    1  0.000  0.544     0.00     0.00 -1 -2.45e-15      0.00 7.387e-01 2.612e-01 1.796e-05 4.853e-06 4.400e-05 -1.000 9.999e-05 8.371 7.955 7.438 7.045 6.568 6.324 6.198 6.126 6.093 6.654 6.166 6.679 6.424 6.351 6.297 6.228 6.175 6.139 6.118 6.092 6.089 6.092 6.085 6.507
3.3254e-05 -2.19174 10.07918 0.4044643044 2.1246092319    0.404 -1.319  3.6608  4.959    1  0.000  0.545     0.00     0.00 -1 -3.14e-15      0.00 7.500e-01 2.499e-01 1.798e-05 4.851e-06 4.400e-05 -1.000 1.000e-04 8.068 7.643 7.146 6.766 6.300 6.064 5.943 5.879 5.847 6.385 5.914 6.408 6.158 6.089 6.038 5.972 5.921 5.891 5.871 5.847 5.843 5.845 5.839 6.239
3.3254e-05 -2.19174 10.07918 0.4535714388 2.1864814758    0.453 -1.173  3.6741  4.916    1  0.000  0.545     0.00     0.00 -1 -4.37e-15      0.00 7.507e-01 2.492e-01 1.798e-05 4.851e-06 4.400e-05 -1.000 9.993e-05 7.702 7.268 6.799 6.440 5.989 5.767 5.657 5.602 5.574 6.075 5.633 6.093 5.852 5.789 5.745 5.683 5.637 5.612 5.596 5.575 5.571 5.570 5.566 5.930
3.3254e-05 -2.19174 10.07918 0.5026785731 2.2401986122    0.503 -1.009  3.6887  4.855    1  0.000  0.545     0.00     0.00 -1 -6.48e-15      0.00 7.526e-01 2.473e-01 1.786e-05 4.818e-06 4.370e-05 -1.000 1.000e-04 7.293 6.856 6.417 6.079 5.641 5.437 5.339 5.294 5.269 5.730 5.319 5.742 5.510 5.455 5.417 5.362 5.323 5.303 5.289 5.271 5.267 5.264 5.262 5.585
3.3254e-05 -2.19174 10.07918 0.5517857671 2.2851314545    0.551 -0.809  3.7080  4.772    1  0.000  0.544     0.00     0.00 -1 -1.08e-14      0.00 7.851e-01 2.148e-01 1.566e-05 4.228e-06 3.837e-05 -1.000 9.948e-05 6.792 6.362 5.963 5.649 5.228 5.044 4.964 4.930 4.910 5.319 4.950 5.324 5.104 5.059 5.028 4.982 4.952 4.937 4.927 4.912 4.910 4.903 4.905 5.175
3.3254e-05 -2.19174 10.07918 0.6008928418 2.3217256069    0.600 -0.603  3.7325  4.701    1  0.000  0.544     0.00     0.00 -1  -1.8e-14      0.00 7.980e-01 2.020e-01 1.482e-05 4.004e-06 3.635e-05 -1.000 5.256e-05 6.277 5.873 5.518 5.233 4.835 4.677 4.618 4.598 4.583 4.928 4.609 4.925 4.721 4.687 4.666 4.631 4.611 4.602 4.595 4.585 4.583 4.577 4.581 4.786
3.3254e-05 -2.19174 10.07918 0.6072366834 2.3259589672    0.607 -0.575  3.7362  4.693    1  0.000  0.544     0.00     0.00 -1 -1.93e-14      0.00 8.001e-01 1.999e-01 1.469e-05 3.968e-06 3.603e-05 -1.000 1.490e-05 6.207 5.807 5.459 5.179 4.784 4.630 4.574 4.555 4.542 4.878 4.565 4.873 4.671 4.639 4.619 4.586 4.567 4.559 4.553 4.544 4.542 4.536 4.540 4.736
3.3254e-05 -2.19174 10.07918 0.6183252931 2.3331196308    0.618 -0.525  3.7428  4.677    1  0.000  0.543     0.00     0.00 -1 -2.18e-14      0.00 8.038e-01 1.961e-01 1.444e-05 3.903e-06 3.544e-05 -1.000 1.000e-04 6.083 5.693 5.356 5.083 4.695 4.548 4.497 4.481 4.469 4.789 4.490 4.782 4.585 4.556 4.538 4.507 4.491 4.485 4.479 4.471 4.469 4.463 4.468 4.648
3.3254e-05 -2.19174 10.07918 0.6282081604 2.3392572403    0.628 -0.480  3.7486  4.663    1  0.000  0.543     0.00     0.00 -1 -2.44e-14      0.00 8.074e-01 1.925e-01 1.421e-05 3.841e-06 3.489e-05 -1.000 5.597e-05 5.971 5.591 5.264 4.997 4.615 4.474 4.427 4.414 4.403 4.709 4.421 4.700 4.507 4.481 4.465 4.437 4.423 4.417 4.412 4.405 4.403 4.398 4.402 4.569
3.3254e-05 -2.19174 10.07918 0.6378048062 2.3450081348    0.637 -0.437  3.7541  4.648    1  0.000  0.543     0.00     0.00 -1 -2.73e-14      0.00 8.111e-01 1.889e-01 1.398e-05 3.779e-06 3.433e-05 -1.000 2.368e-05 5.862 5.490 5.173 4.913 4.536 4.401 4.358 4.347 4.338 4.630 4.353 4.619 4.431 4.407 4.393 4.367 4.355 4.350 4.346 4.339 4.338 4.333 4.337 4.491
3.3254e-05 -2.19174 10.07918 0.6491134167 2.3515348434    0.649 -0.385  3.7606  4.629    1  0.000  0.543     0.00     0.00 -1 -1.64e-14      0.00 8.156e-01 1.844e-01 1.369e-05 3.702e-06 3.363e-05 -1.000 5.877e-05 5.731 5.371 5.064 4.812 4.442 4.313 4.275 4.267 4.259 4.536 4.271 4.523 4.340 4.319 4.306 4.283 4.273 4.269 4.266 4.259 4.259 4.253 4.258 4.398
3.3254e-05 -2.19174 10.07918 0.6499999762 2.3520355225    0.650 -0.380  3.7611  4.627    1  0.000  0.543     0.00     0.00 -1 -3.14e-14      0.00 8.159e-01 1.840e-01 1.367e-05 3.695e-06 3.358e-05 -1.000 1.000e-04 5.721 5.361 5.055 4.804 4.434 4.306 4.269 4.260 4.252 4.529 4.265 4.515 4.333 4.312 4.299 4.276 4.267 4.263 4.259 4.253 4.252 4.247 4.251 4.391
3.3254e-05 -2.19174 10.07918 0.6585742235 2.3567974567    0.658 -0.340  3.7657  4.612    1  0.000  0.542     0.00     0.00 -1 -3.49e-14      0.00 8.203e-01 1.796e-01 1.338e-05 3.619e-06 3.290e-05 -1.000 1.000e-04 5.620 5.268 4.970 4.724 4.360 4.237 4.203 4.196 4.189 4.454 4.199 4.439 4.260 4.242 4.230 4.209 4.201 4.198 4.195 4.189 4.189 4.184 4.188 4.317
3.3254e-05 -2.19174 10.07918 0.6688095927 2.3622982502    0.669 -0.291  3.7713  4.591    1  0.000  0.542     0.00     0.00 -1 -3.97e-14      0.00 8.259e-01 1.740e-01 1.302e-05 3.523e-06 3.204e-05 -1.000 1.001e-04 5.498 5.155 4.866 4.626 4.269 4.152 4.121 4.116 4.109 4.363 4.118 4.347 4.172 4.156 4.146 4.127 4.120 4.118 4.115 4.109 4.109 4.104 4.108 4.228
3.3254e-05 -2.19174 10.07918 0.6785455346 2.3673541546    0.678 -0.243  3.7764  4.570    1  0.000  0.541     0.00     0.00 -1  -4.5e-14      0.00 8.316e-01 1.683e-01 1.265e-05 3.426e-06 3.116e-05 -1.000 9.993e-05 5.378 5.045 4.764 4.530 4.180 4.068 4.040 4.036 4.030 4.274 4.038 4.256 4.085 4.071 4.063 4.045 4.040 4.038 4.035 4.030 4.030 4.025 4.029 4.139
3.3254e-05 -2.19174 10.07918 0.6878397465 2.3720273972    0.688 -0.196  3.7813  4.549    1  0.000  0.541     0.00     0.00 -1 -5.11e-14      0.00 8.374e-01 1.625e-01 1.228e-05 3.327e-06 3.027e-05 -1.000 9.991e-05 5.261 4.936 4.663 4.435 4.091 3.984 3.959 3.956 3.950 4.185 3.958 4.165 3.999 3.987 3.980 3.963 3.960 3.958 3.955 3.951 3.950 3.946 3.950 4.051
3.3254e-05 -2.19174 10.07918 0.6960875988 2.3760545254    0.696 -0.153  3.7856  4.528    1  0.000  0.540     0.00     0.00 -1 -3.18e-15      0.00 8.429e-01 1.571e-01 1.193e-05 3.234e-06 2.943e-05 -1.000 3.627e-05 5.153 4.835 4.569 4.346 4.009 3.906 3.883 3.881 3.875 4.102 3.882 4.081 3.919 3.909 3.903 3.887 3.884 3.883 3.880 3.876 3.875 3.871 3.875 3.970
3.3254e-05 -2.19174 10.07918 0.6999999881 2.3779268265    0.700 -0.132  3.7876  4.518    1  0.000  0.540     0.00     0.00 -1 -6.08e-14      0.00 8.456e-01 1.544e-01 1.176e-05 3.188e-06 2.902e-05 -1.000 9.090e-07 5.101 4.786 4.524 4.303 3.969 3.868 3.846 3.844 3.839 4.062 3.845 4.041 3.881 3.871 3.865 3.849 3.847 3.846 3.844 3.840 3.839 3.835 3.839 3.931
3.3254e-05 -2.19174 10.07918 0.7090166807 2.3821511269    0.709 -0.082  3.7920  4.490    1  0.000  0.538     0.00     0.00 -1    -7e-14      0.00 8.505e-01 1.495e-01 1.145e-05 3.115e-06 2.838e-05 -1.000 1.346e-05 4.975 4.668 4.412 4.197 3.870 3.774 3.753 3.752 3.746 3.962 3.753 3.939 3.784 3.776 3.770 3.756 3.755 3.754 3.751 3.747 3.746 3.742 3.746 3.833
3.3254e-05 -2.19174 10.07918 0.7175090313 2.3860185146    0.717 -0.032  3.7961  4.462    1  0.000  0.536     0.00     0.00 -1 -8.06e-14      0.00 8.545e-01 1.454e-01 1.122e-05 3.060e-06 2.791e-05 -1.000 6.421e-05 4.850 4.549 4.301 4.090 3.770 3.678 3.659 3.659 3.653 3.861 3.659 3.838 3.687 3.680 3.675 3.662 3.661 3.660 3.658 3.654 3.653 3.649 3.653 3.734
3.3254e-05 -2.19174 10.07918 0.7258906364 2.3897333145    0.725  0.020  3.8001  4.431    1  0.000  0.534     0.00     0.00 -1 -9.36e-14      0.00 8.581e-01 1.419e-01 1.103e-05 3.016e-06 2.753e-05 -1.000 3.716e-05 4.720 4.425 4.183 3.978 3.665 3.576 3.559 3.558 3.553 3.755 3.559 3.730 3.584 3.578 3.573 3.561 3.561 3.560 3.557 3.553 3.553 3.549 3.553 3.630
3.3254e-05 -2.19174 10.07918 0.7330866456 2.3928451538    0.733  0.067  3.8034  4.401    1  0.000  0.533     0.00     0.00 -1 -1.07e-13      0.00 8.608e-01 1.391e-01 1.089e-05 2.984e-06 2.726e-05 -1.000 4.673e-05 4.601 4.311 4.075 3.874 3.567 3.482 3.465 3.465 3.460 3.656 3.465 3.630 3.489 3.483 3.479 3.468 3.467 3.466 3.464 3.460 3.460 3.456 3.460 3.533
3.3254e-05 -2.19174 10.07918 0.7400557995 2.3957924843    0.739  0.117  3.8065  4.368    1  0.000  0.531     0.00     0.00 -1 -8.97e-14      0.00 8.632e-01 1.367e-01 1.077e-05 2.957e-06 2.703e-05 -1.000 9.996e-05 4.478 4.193 3.962 3.764 3.463 3.381 3.366 3.365 3.360 3.551 3.366 3.525 3.387 3.383 3.378 3.368 3.368 3.367 3.364 3.360 3.360 3.356 3.360 3.430
3.3254e-05 -2.19174 10.07918 0.7470233440 2.3986759186    0.746  0.170  3.8095  4.331    1  0.000  0.530     0.00     0.00 -1 -1.94e-14      0.00 8.654e-01 1.345e-01 1.066e-05 2.934e-06 2.683e-05 -1.000 1.000e-04 4.345 4.063 3.837 3.644 3.349 3.269 3.254 3.254 3.249 3.436 3.254 3.408 3.275 3.271 3.266 3.257 3.257 3.256 3.253 3.249 3.249 3.245 3.249 3.316
3.3254e-05 -2.19174 10.07918 0.7500000000 2.3998889923    0.749  0.193  3.8108  4.314    1  0.000  0.529     0.00     0.00 -1 -1.57e-13      0.00 8.663e-01 1.336e-01 1.061e-05 2.925e-06 2.675e-05 -1.000 1.000e-04 4.286 4.006 3.782 3.590 3.297 3.219 3.205 3.204 3.200 3.384 3.205 3.357 3.224 3.221 3.216 3.207 3.207 3.206 3.203 3.200 3.199 3.196 3.199 3.266
3.3254e-05 -2.19174 10.07918 0.7512725592 2.4004042149    0.751  0.204  3.8114  4.307    1  0.000  0.529     0.00     0.00 -1 -1.61e-13      0.00 8.663e-01 1.336e-01 1.062e-05 2.927e-06 2.677e-05 -1.000 1.000e-04 4.261 3.982 3.759 3.568 3.276 3.198 3.184 3.184 3.179 3.362 3.184 3.335 3.204 3.200 3.195 3.186 3.186 3.185 3.183 3.179 3.179 3.175 3.179 3.244
3.3254e-05 -2.19174 10.07918 0.7593882084 2.4036436081    0.759  0.276  3.8149  4.254    1  0.000  0.529     0.00     0.00 -1 -2.01e-13      0.00 8.666e-01 1.334e-01 1.067e-05 2.941e-06 2.691e-05 -1.000 3.412e-06 4.081 3.805 3.589 3.402 3.118 3.044 3.030 3.029 3.025 3.203 3.030 3.175 3.048 3.045 3.041 3.032 3.032 3.031 3.029 3.025 3.025 3.021 3.025 3.087
3.3254e-05 -2.19174 10.07918 0.7647736073 2.4057495594    0.764  0.328  3.8169  4.212    1  0.000  0.528     0.00     0.00 -1 -2.38e-13      0.00 8.666e-01 1.334e-01 1.070e-05 2.951e-06 2.701e-05 -1.000 9.060e-05 3.949 3.676 3.463 3.279 2.999 2.926 2.913 2.912 2.908 3.083 2.913 3.054 2.931 2.927 2.923 2.914 2.915 2.914 2.912 2.908 2.908 2.904 2.907 2.969
3.3254e-05 -2.19174 10.07918 0.7698798180 2.4077150822    0.769  0.381  3.8184  4.168    1  0.000  0.528     0.00     0.00 -1 -2.81e-13      0.00 8.655e-01 1.344e-01 1.080e-05 2.978e-06 2.726e-05 -1.000 1.000e-04 3.817 3.545 3.335 3.153 2.877 2.805 2.792 2.791 2.787 2.960 2.792 2.931 2.810 2.806 2.802 2.794 2.794 2.793 2.791 2.787 2.787 2.783 2.787 2.847
3.3254e-05 -2.19174 10.07918 0.7740544677 2.4092998505    0.773  0.428  3.8189  4.126    1  0.000  0.528     0.00     0.00 -1 -3.29e-13      0.00 8.642e-01 1.357e-01 1.091e-05 3.007e-06 2.753e-05 -1.000 1.000e-04 3.701 3.429 3.220 3.038 2.764 2.693 2.679 2.679 2.675 2.846 2.679 2.818 2.698 2.694 2.690 2.681 2.682 2.681 2.678 2.675 2.674 2.671 2.674 2.734
3.3254e-05 -2.19174 10.07918 0.7755149603 2.4098496437    0.774  0.446  3.8185  4.107    1  0.000  0.528     0.00     0.00 -1 -3.51e-13      0.00 8.638e-01 1.361e-01 1.094e-05 3.017e-06 2.762e-05 -1.000 1.000e-04 3.654 3.381 3.171 2.990 2.714 2.643 2.630 2.629 2.625 2.797 2.630 2.769 2.648 2.644 2.640 2.632 2.632 2.631 2.629 2.625 2.625 2.621 2.624 2.685
3.3254e-05 -2.19174 10.07918 0.7794836164 2.4113318920    0.778  0.501  3.8165  4.047    1  0.000  0.528     0.00     0.00 -1 -4.24e-13      0.00 8.626e-01 1.373e-01 1.104e-05 3.044e-06 2.787e-05 -1.000 1.000e-04 3.519 3.241 3.029 2.844 2.566 2.493 2.479 2.478 2.474 2.649 2.479 2.621 2.498 2.494 2.490 2.481 2.481 2.480 2.478 2.474 2.474 2.470 2.473 2.536
3.3254e-05 -2.19174 10.07918 0.7822609544 2.4123587608    0.781  0.543  3.8136  3.994    1  0.000  0.528     0.00     0.00 -1 -4.96e-13      0.00 8.617e-01 1.382e-01 1.111e-05 3.063e-06 2.804e-05 -1.000 9.994e-05 3.412 3.129 2.913 2.724 2.441 2.366 2.351 2.350 2.346 2.525 2.351 2.498 2.372 2.367 2.363 2.354 2.353 2.352 2.350 2.346 2.346 2.342 2.345 2.410
3.3254e-05 -2.19174 10.07918 0.7828532457 2.4125766754    0.781  0.553  3.8129  3.982    1  0.000  0.528     0.00     0.00 -1 -5.15e-13      0.00 8.616e-01 1.383e-01 1.112e-05 3.067e-06 2.808e-05 -1.000 1.000e-04 3.388 3.104 2.886 2.697 2.412 2.336 2.322 2.321 2.316 2.497 2.322 2.469 2.343 2.337 2.333 2.325 2.324 2.323 2.320 2.316 2.316 2.312 2.316 2.382
3.3254e-05 -2.19174 10.07918 0.7834342718 2.4127900600    0.782  0.564  3.8115  3.966    1  0.000  0.528     0.00     0.00 -1 -5.37e-13      0.00 8.614e-01 1.385e-01 1.114e-05 3.071e-06 2.811e-05 -1.000 9.999e-05 3.360 3.074 2.854 2.663 2.376 2.299 2.284 2.283 2.279 2.461 2.284 2.434 2.306 2.300 2.296 2.287 2.286 2.285 2.283 2.279 2.279 2.275 2.278 2.345
3.3254e-05 -2.19174 10.07918 0.7853887677 2.4135050774    0.784  0.604  3.8057  3.903    2  0.000  0.528     0.00     0.00 -1 -6.32e-13      0.00 8.608e-01 1.391e-01 1.119e-05 3.084e-06 2.823e-05 -1.000 9.994e-05 3.260 2.965 2.735 2.537 2.239 2.157 2.141 2.140 2.134 2.326 2.141 2.299 2.165 2.158 2.154 2.144 2.143 2.142 2.139 2.135 2.134 2.130 2.134 2.206
3.3254e-05 -2.19174 10.07918 0.7868847847 2.4140498638    0.785  0.640  3.7986  3.840    2  0.000  0.528     0.00     0.00 -1 -7.37e-13      0.00 8.604e-01 1.395e-01 1.122e-05 3.094e-06 2.833e-05 -1.000 9.996e-05 3.171 2.865 2.624 2.416 2.105 2.016 1.999 1.997 1.992 2.194 1.999 2.169 2.026 2.017 2.013 2.003 2.001 1.999 1.997 1.992 1.992 1.987 1.991 2.070
3.3254e-05 -2.19174 10.07918 0.7880567312 2.4144747257    0.786  0.672  3.7902  3.774    2  0.000  0.528     0.00     0.00 -1 -8.57e-13      0.00 8.600e-01 1.399e-01 1.125e-05 3.102e-06 2.840e-05 -1.000 9.811e-05 3.089 2.772 2.517 2.298 1.971 1.875 1.856 1.853 1.848 2.063 1.855 2.040 1.886 1.876 1.871 1.860 1.857 1.855 1.853 1.848 1.848 1.843 1.847 1.934
3.3254e-05 -2.19174 10.07918 0.7890018225 2.4148166180    0.787  0.702  3.7811  3.708    2  0.000  0.528     0.00     0.00 -1  -9.9e-13      0.00 8.564e-01 1.436e-01 1.150e-05 3.170e-06 2.902e-05 -1.000 4.868e-05 3.014 2.685 2.415 2.184 1.840 1.734 1.714 1.710 1.704 1.934 1.712 1.913 1.748 1.736 1.731 1.718 1.714 1.712 1.709 1.705 1.704 1.699 1.703 1.800
3.3254e-05 -2.19174 10.07918 0.7897948027 2.4151024818    0.788  0.731  3.7722  3.645    2  0.000  0.530     0.00     0.00 -1 -1.14e-12      0.00 8.391e-01 1.608e-01 1.253e-05 3.449e-06 3.152e-05 -1.000 2.539e-05 2.943 2.604 2.318 2.075 1.715 1.600 1.577 1.573 1.566 1.811 1.575 1.792 1.617 1.602 1.596 1.581 1.577 1.575 1.572 1.567 1.566 1.561 1.565 1.672
3.3254e-05 -2.19174 10.07918 0.7904944420 2.4153542519    0.789  0.761  3.7641  3.583    2  0.000  0.533     0.00     0.00 -1 -1.31e-12      0.00 8.120e-01 1.879e-01 1.411e-05 3.872e-06 3.531e-05 -1.000 5.311e-05 2.869 2.520 2.221 1.967 1.591 1.468 1.443 1.439 1.431 1.690 1.441 1.673 1.488 1.471 1.464 1.448 1.443 1.441 1.438 1.432 1.431 1.426 1.430 1.546
3.3254e-05 -2.19174 10.07918 0.7911152244 2.4155771732    0.789  0.793  3.7572  3.523    2  0.000  0.535     0.00     0.00 -1 -1.51e-12      0.00 7.927e-01 2.073e-01 1.524e-05 4.174e-06 3.800e-05 -1.000 9.003e-05 2.787 2.431 2.120 1.857 1.467 1.338 1.310 1.304 1.296 1.568 1.308 1.553 1.360 1.341 1.333 1.316 1.310 1.307 1.303 1.297 1.296 1.291 1.295 1.421
3.3254e-05 -2.19174 10.07918 0.7917300463 2.4157977104    0.790  0.834  3.7510  3.457    2  0.000  0.536     0.00     0.00 -1 -1.78e-12      0.00 7.810e-01 2.189e-01 1.592e-05 4.356e-06 3.963e-05 -1.000 1.001e-04 2.685 2.322 2.001 1.728 1.328 1.191 1.162 1.155 1.147 1.430 1.159 1.417 1.216 1.195 1.186 1.168 1.161 1.158 1.154 1.148 1.147 1.142 1.146 1.279
3.3254e-05 -2.19174 10.07918 0.7922153473 2.4159712791    0.790  0.874  3.7470  3.402    2  0.000  0.536     0.00     0.00 -1 -2.08e-12      0.00 7.756e-01 2.243e-01 1.624e-05 4.441e-06 4.039e-05 -1.000 1.000e-04 2.585 2.218 1.890 1.612 1.204 1.064 1.033 1.025 1.017 1.307 1.029 1.296 1.090 1.067 1.058 1.039 1.032 1.028 1.024 1.018 1.017 1.012 1.016 1.155
3.3254e-05 -2.19174 10.07918 0.7925471067 2.4160900116    0.791  0.904  3.7446  3.362    2  0.000  0.536     0.00     0.00 -1 -2.34e-12      0.00 7.728e-01 2.271e-01 1.640e-05 4.484e-06 4.077e-05 -1.000 1.000e-04 2.510 2.141 1.808 1.526 1.115 0.971 0.940 0.932 0.923 1.217 0.936 1.207 0.998 0.975 0.966 0.946 0.938 0.935 0.931 0.924 0.923 0.918 0.922 1.064
3.3254e-05 -2.19174 10.07918 0.7928423285 2.4161953926    0.791  0.934  3.7430  3.326    3  0.000  0.537     0.00     0.00 -1 -2.61e-12      0.00 7.710e-01 2.289e-01 1.650e-05 4.509e-06 4.100e-05 -1.000 1.001e-04 2.434 2.063 1.727 1.444 1.029 0.884 0.852 0.844 0.835 1.132 0.848 1.123 0.911 0.888 0.878 0.859 0.851 0.847 0.843 0.836 0.835 0.830 0.834 0.978
3.3254e-05 -2.19174 10.07918 0.7932294011 2.4163334370    0.791  0.976  3.7409  3.276    3  0.000  0.537     0.00     0.00 -1 -3.04e-12      0.00 7.690e-01 2.310e-01 1.660e-05 4.538e-06 4.125e-05 -1.000 6.101e-05 2.331 1.957 1.618 1.332 0.913 0.766 0.733 0.725 0.716 1.017 0.729 1.008 0.794 0.770 0.760 0.740 0.732 0.728 0.724 0.717 0.716 0.711 0.715 0.862
3.3254e-05 -2.19174 10.07918 0.7936193347 2.4164724350    0.792  1.020  3.7390  3.225    3  0.000  0.537     0.00     0.00 -1 -3.57e-12      0.00 7.671e-01 2.329e-01 1.669e-05 4.562e-06 4.146e-05 -1.000 3.588e-05 2.221 1.845 1.503 1.213 0.791 0.642 0.609 0.601 0.591 0.895 0.605 0.887 0.670 0.646 0.636 0.616 0.608 0.604 0.600 0.593 0.592 0.586 0.590 0.739
3.3254e-05 -2.19174 10.07918 0.7939928174 2.4166054726    0.792  1.065  3.7374  3.174    3  0.000  0.537     0.00     0.00 -1  -4.2e-12      0.00 7.654e-01 2.346e-01 1.676e-05 4.581e-06 4.164e-05 -1.000 9.646e-05 2.109 1.732 1.386 1.095 0.669 0.518 0.485 0.477 0.467 0.774 0.481 0.766 0.547 0.523 0.512 0.492 0.484 0.480 0.476 0.469 0.467 0.462 0.466 0.616
3.3254e-05 -2.19174 10.07918 0.7943897247 2.4167466164    0.792  1.115  3.7356  3.116    3  0.000  0.537     0.00     0.00 -1 -5.04e-12      0.00 7.637e-01 2.362e-01 1.683e-05 4.599e-06 4.180e-05 -1.000 9.997e-05 1.982 1.604 1.255 0.961 0.532 0.379 0.345 0.337 0.327 0.637 0.341 0.630 0.408 0.383 0.373 0.353 0.344 0.340 0.336 0.329 0.327 0.322 0.326 0.478
3.3254e-05 -2.19174 10.07918 0.7947227955 2.4168648720    0.792  1.161  3.7341  3.065    3  0.000  0.537     0.00     0.00 -1 -5.94e-12      0.00 7.624e-01 2.375e-01 1.687e-05 4.611e-06 4.191e-05 -1.000 1.000e-04 1.868 1.489 1.137 0.841 0.408 0.254 0.220 0.211 0.201 0.514 0.216 0.507 0.284 0.258 0.248 0.228 0.219 0.214 0.210 0.203 0.202 0.196 0.200 0.355
3.3254e-05 -2.19174 10.07918 0.7950597405 2.4169845581    0.793  1.211  3.7326  3.009    3  0.000  0.537     0.00     0.00 -1  -7.1e-12      0.00 7.611e-01 2.388e-01 1.691e-05 4.623e-06 4.200e-05 -1.000 5.375e-05 1.743 1.363 1.009 0.710 0.274 0.118 0.085 0.075 0.065 0.380 0.080 0.374 0.149 0.123 0.113 0.092 0.083 0.078 0.074 0.067 0.066 0.060 0.064 0.220
3.3254e-05 -2.19174 10.07918 0.7953903079 2.4171016216    0.793  1.264  3.7309  2.949    3  0.000  0.537     0.00     0.00 -1 -8.59e-12      0.00 7.598e-01 2.401e-01 1.694e-05 4.634e-06 4.209e-05 -1.000 6.506e-05 1.611 1.229 0.871 0.570 0.131 -0.027 -0.060 -0.070 -0.080 0.237 -0.065 0.232 0.005 -0.022 -0.032 -0.053 -0.063 -0.067 -0.071 -0.078 -0.080 -0.086 -0.082 0.077
3.3254e-05 -2.19174 10.07918 0.7956570983 2.4171962738    0.793  1.311  3.7295  2.896    3  0.000  0.536     0.00     0.00 -1 -1.02e-11      0.00 7.588e-01 2.411e-01 1.696e-05 4.642e-06 4.215e-05 -1.000 9.477e-05 1.493 1.110 0.750 0.447 0.005 -0.155 -0.189 -0.199 -0.209 0.111 -0.193 0.107 -0.123 -0.150 -0.160 -0.181 -0.191 -0.196 -0.200 -0.207 -0.208 -0.214 -0.210 -0.050
3.3254e-05 -2.19174 10.07918 0.7959144711 2.4172873497    0.793  1.360  3.7280  2.841    3  0.000  0.536     0.00     0.00 -1 -1.21e-11      0.00 7.579e-01 2.420e-01 1.697e-05 4.651e-06 4.221e-05 -1.000 9.994e-05 1.371 0.986 0.623 0.318 -0.127 -0.288 -0.323 -0.333 -0.343 -0.021 -0.327 -0.024 -0.256 -0.283 -0.294 -0.315 -0.325 -0.330 -0.334 -0.341 -0.342 -0.348 -0.344 -0.182
3.3254e-05 -2.19174 10.07918 0.7961456180 2.4173691273    0.793  1.408  3.7265  2.787    3  0.000  0.535     0.00     0.00 -1 -1.44e-11      0.00 7.571e-01 2.428e-01 1.696e-05 4.661e-06 4.225e-05 -1.000 9.999e-05 1.251 0.864 0.498 0.191 -0.257 -0.419 -0.454 -0.464 -0.474 -0.150 -0.458 -0.153 -0.387 -0.414 -0.425 -0.446 -0.456 -0.461 -0.465 -0.472 -0.474 -0.480 -0.476 -0.312
3.3254e-05 -2.19174 10.07918 0.7963551283 2.4174430370    0.793  1.455  3.7249  2.734    3  0.000  0.535     0.00     0.00 -1 -1.71e-11      0.00 7.565e-01 2.434e-01 1.696e-05 4.671e-06 4.228e-05 -1.000 1.000e-04 1.132 0.744 0.375 0.066 -0.386 -0.549 -0.585 -0.595 -0.605 -0.278 -0.589 -0.281 -0.516 -0.545 -0.555 -0.577 -0.587 -0.592 -0.596 -0.603 -0.605 -0.611 -0.607 -0.441
3.3254e-05 -2.19174 10.07918 0.7965425253 2.4175093174    0.793  1.502  3.7235  2.681    3  0.000  0.534     0.00     0.00 -1 -2.03e-11      0.00 7.559e-01 2.440e-01 1.695e-05 4.681e-06 4.231e-05 -1.000 1.000e-04 1.015 0.626 0.254 -0.058 -0.512 -0.677 -0.713 -0.723 -0.733 -0.404 -0.717 -0.406 -0.644 -0.673 -0.683 -0.705 -0.715 -0.720 -0.724 -0.731 -0.733 -0.739 -0.735 -0.568
3.3254e-05 -2.19174 10.07918 0.7967199087 2.4175720215    0.793  1.551  3.7219  2.626    3  0.000  0.533     0.00     0.00 -1 -2.41e-11      0.00 7.555e-01 2.444e-01 1.693e-05 4.692e-06 4.233e-05 -1.000 1.000e-04 0.893 0.503 0.129 -0.185 -0.642 -0.810 -0.845 -0.856 -0.866 -0.534 -0.850 -0.536 -0.776 -0.805 -0.815 -0.837 -0.848 -0.853 -0.857 -0.864 -0.866 -0.872 -0.868 -0.699
3.3254e-05 -2.19174 10.07918 0.7968773842 2.4176275730    0.793  1.598  3.7203  2.573    3  0.000  0.533     0.00     0.00 -1 -2.86e-11      0.00 7.552e-01 2.447e-01 1.692e-05 4.702e-06 4.235e-05 -1.000 9.994e-05 0.776 0.385 0.007 -0.309 -0.770 -0.939 -0.975 -0.986 -0.996 -0.662 -0.979 -0.662 -0.904 -0.934 -0.945 -0.967 -0.977 -0.983 -0.987 -0.994 -0.996 -1.002 -0.998 -0.827
3.3254e-05 -2.19174 10.07918 0.7970173359 2.4176769257    0.793  1.643  3.7188  2.521    3  0.000  0.532     0.00     0.00 -1 -3.37e-11      0.00 7.550e-01 2.449e-01 1.691e-05 4.710e-06 4.235e-05 -1.000 1.000e-04 0.661 0.269 -0.111 -0.430 -0.894 -1.064 -1.101 -1.112 -1.122 -0.785 -1.105 -0.785 -1.029 -1.060 -1.070 -1.093 -1.103 -1.109 -1.113 -1.120 -1.122 -1.128 -1.124 -0.952
3.3254e-05 -2.19174 10.07918 0.7971441150 2.4177217484    0.793  1.689  3.7173  2.470    3  0.000  0.532     0.00     0.00 -1 -3.97e-11      0.00 7.548e-01 2.451e-01 1.690e-05 4.715e-06 4.236e-05 -1.000 9.450e-05 0.549 0.156 -0.227 -0.549 -1.016 -1.188 -1.225 -1.236 -1.246 -0.907 -1.229 -0.906 -1.152 -1.183 -1.194 -1.216 -1.227 -1.233 -1.237 -1.244 -1.246 -1.252 -1.248 -1.074
3.3254e-05 -2.19174 10.07918 0.7972629666 2.4177634716    0.793  1.735  3.7157  2.417    3  0.000  0.532     0.00     0.00 -1 -4.69e-11      0.00 7.547e-01 2.452e-01 1.690e-05 4.718e-06 4.237e-05 -1.000 1.000e-04 0.434 0.039 -0.347 -0.671 -1.141 -1.314 -1.352 -1.363 -1.374 -1.032 -1.357 -1.030 -1.279 -1.310 -1.321 -1.344 -1.355 -1.360 -1.365 -1.372 -1.374 -1.380 -1.376 -1.200
3.3254e-05 -2.19174 10.07918 0.7973679304 2.4178006649    0.792  1.779  3.7141  2.366    3  0.000  0.532     0.00     0.00 -1 -5.51e-11      0.00 7.547e-01 2.452e-01 1.690e-05 4.719e-06 4.237e-05 -1.000 1.001e-04 0.322 -0.073 -0.462 -0.789 -1.262 -1.437 -1.475 -1.487 -1.498 -1.152 -1.480 -1.150 -1.401 -1.432 -1.444 -1.467 -1.478 -1.484 -1.488 -1.496 -1.498 -1.503 -1.500 -1.321
3.3254e-05 -2.19174 10.07918 0.7974649072 2.4178347588    0.792  1.824  3.7125  2.315    3  0.000  0.532     0.00     0.00 -1 -6.47e-11      0.00 7.547e-01 2.452e-01 1.690e-05 4.719e-06 4.237e-05 -1.000 1.001e-04 0.211 -0.186 -0.578 -0.907 -1.383 -1.560 -1.598 -1.610 -1.621 -1.273 -1.603 -1.270 -1.523 -1.555 -1.567 -1.590 -1.601 -1.607 -1.612 -1.619 -1.621 -1.626 -1.623 -1.443
3.3254e-05 -2.19174 10.07918 0.7975539565 2.4178659916    0.792  1.868  3.7109  2.264    3  0.000  0.532     0.00     0.00 -1 -7.61e-11      0.00 7.547e-01 2.452e-01 1.690e-05 4.719e-06 4.237e-05 -1.000 1.001e-04 0.100 -0.298 -0.693 -1.025 -1.503 -1.682 -1.721 -1.733 -1.744 -1.394 -1.727 -1.390 -1.645 -1.677 -1.689 -1.713 -1.724 -1.730 -1.735 -1.742 -1.744 -1.750 -1.746 -1.564
3.3254e-05 -2.19174 10.07918 0.7976330519 2.4178938866    0.792  1.911  3.7093  2.215    3  0.000  0.532     0.00     0.00 -1 -8.88e-11      0.00 7.547e-01 2.452e-01 1.690e-05 4.719e-06 4.237e-05 -1.000 1.000e-04 -0.006 -0.405 -0.804 -1.138 -1.620 -1.800 -1.839 -1.852 -1.863 -1.510 -1.845 -1.505 -1.762 -1.795 -1.807 -1.831 -1.843 -1.849 -1.854 -1.861 -1.863 -1.868 -1.865 -1.681
3.3254e-05 -2.19174 10.07918 0.7977061272 2.4179196358    0.792  1.953  3.7078  2.167    3  0.000  0.532     0.00     0.00 -1 -1.04e-10      0.00 7.547e-01 2.452e-01 1.690e-05 4.719e-06 4.237e-05 -1.000 1.000e-04 -0.113 -0.512 -0.914 -1.251 -1.735 -1.918 -1.957 -1.970 -1.981 -1.625 -1.963 -1.620 -1.879 -1.913 -1.925 -1.949 -1.960 -1.967 -1.972 -1.979 -1.981 -1.986 -1.983 -1.797
3.3254e-05 -2.19174 10.07918 0.7977763414 2.4179444313    0.791  1.997  3.7061  2.116    3  0.000  0.532     0.00     0.00 -1 -1.22e-10      0.00 7.547e-01 2.452e-01 1.690e-05 4.720e-06 4.237e-05 -1.000 1.000e-04 -0.223 -0.624 -1.029 -1.368 -1.856 -2.040 -2.080 -2.093 -2.104 -1.745 -2.086 -1.740 -2.001 -2.035 -2.047 -2.071 -2.083 -2.090 -2.095 -2.103 -2.104 -2.109 -2.106 -1.918
3.3254e-05 -2.19174 10.07918 0.7978364825 2.4179656506    0.791  2.038  3.7045  2.068    3  0.000  0.532     0.00     0.00 -1 -1.41e-10      0.00 7.547e-01 2.452e-01 1.690e-05 4.720e-06 4.237e-05 -1.000 9.999e-05 -0.325 -0.727 -1.135 -1.477 -1.968 -2.154 -2.194 -2.207 -2.219 -1.857 -2.200 -1.851 -2.115 -2.149 -2.161 -2.185 -2.198 -2.204 -2.209 -2.217 -2.219 -2.223 -2.221 -2.031
3.3254e-05 -2.19174 10.07918 0.7978920341 2.4179852009    0.790  2.079  3.7030  2.021    3  0.000  0.532     0.00     0.00 -1 -1.64e-10      0.00 7.547e-01 2.452e-01 1.690e-05 4.720e-06 4.237e-05 -1.000 1.001e-04 -0.428 -0.829 -1.241 -1.585 -2.080 -2.268 -2.308 -2.321 -2.332 -1.969 -2.314 -1.961 -2.228 -2.262 -2.275 -2.299 -2.311 -2.318 -2.323 -2.331 -2.333 -2.337 -2.334 -2.143
3.3254e-05 -2.19174 10.07918 0.7979452014 2.4180037975    0.790  2.121  3.7014  1.972    3  0.000  0.532     0.00     0.00 -1 -1.91e-10      0.00 7.547e-01 2.452e-01 1.690e-05 4.720e-06 4.237e-05 -1.000 1.000e-04 -0.533 -0.936 -1.350 -1.697 -2.195 -2.385 -2.426 -2.439 -2.450 -2.084 -2.431 -2.076 -2.344 -2.379 -2.392 -2.416 -2.429 -2.436 -2.441 -2.449 -2.451 -2.455 -2.452 -2.259
3.3254e-05 -2.19174 10.07918 0.7979915142 2.4180200100    0.790  2.161  3.6998  1.925    3  0.000  0.532     0.00     0.00 -1 -2.21e-10      0.00 7.547e-01 2.452e-01 1.690e-05 4.720e-06 4.237e-05 -1.000 1.001e-04 -0.632 -1.036 -1.454 -1.804 -2.304 -2.496 -2.537 -2.551 -2.562 -2.193 -2.543 -2.184 -2.455 -2.491 -2.504 -2.528 -2.541 -2.548 -2.553 -2.562 -2.563 -2.567 -2.564 -2.369
3.3254e-05 -2.19174 10.07918 0.7980349660 2.4180355072    0.789  2.200  3.6982  1.880    3  0.000  0.532     0.00     0.00 -1 -2.55e-10      0.00 7.547e-01 2.452e-01 1.690e-05 4.720e-06 4.237e-05 -1.000 1.000e-04 -0.731 -1.135 -1.557 -1.909 -2.412 -2.606 -2.648 -2.661 -2.673 -2.301 -2.653 -2.291 -2.564 -2.600 -2.613 -2.638 -2.651 -2.658 -2.663 -2.672 -2.673 -2.677 -2.675 -2.478
3.3254e-05 -2.19174 10.07918 0.7980801463 2.4180512428    0.788  2.238  3.6968  1.836    3  0.000  0.532     0.00     0.00 -1 -2.93e-10      0.00 7.547e-01 2.452e-01 1.690e-05 4.720e-06 4.237e-05 -1.000 1.001e-04 -0.824 -1.229 -1.654 -2.008 -2.514 -2.709 -2.751 -2.765 -2.777 -2.403 -2.757 -2.392 -2.667 -2.704 -2.717 -2.742 -2.755 -2.762 -2.767 -2.776 -2.777 -2.781 -2.779 -2.580
3.3254e-05 -2.19174 10.07918 0.7981302142 2.4180688858    0.788  2.268  3.6956  1.800    3  0.000  0.532     0.00     0.00 -1 -3.29e-10      0.00 7.547e-01 2.452e-01 1.690e-05 4.720e-06 4.237e-05 -1.000 9.999e-05 -0.901 -1.307 -1.734 -2.090 -2.599 -2.795 -2.838 -2.852 -2.863 -2.487 -2.844 -2.476 -2.753 -2.790 -2.803 -2.828 -2.842 -2.849 -2.854 -2.863 -2.864 -2.867 -2.865 -2.665
3.3254e-05 -2.19174 10.07918 0.7981535792 2.4180769920    0.787  2.263  3.6960  1.807    3  0.000  0.532     0.00     0.00 -1 -3.25e-10      0.00 7.547e-01 2.452e-01 1.690e-05 4.720e-06 4.237e-05 -1.000 1.000e-04 -0.887 -1.293 -1.719 -2.075 -2.583 -2.778 -2.821 -2.835 -2.846 -2.471 -2.827 -2.460 -2.736 -2.773 -2.786 -2.811 -2.825 -2.832 -2.837 -2.846 -2.847 -2.850 -2.848 -2.649
3.3254e-05 -2.19174 10.07918 0.7981594205 2.4180791378    0.787  2.270  3.6957  1.799    3  0.000  0.532     0.00     0.00 -1 -3.32e-10      0.00 7.547e-01 2.452e-01 1.690e-05 4.720e-06 4.237e-05 -1.000 1.000e-04 -0.904 -1.310 -1.737 -2.093 -2.601 -2.798 -2.840 -2.854 -2.865 -2.489 -2.846 -2.479 -2.755 -2.792 -2.805 -2.830 -2.844 -2.851 -2.856 -2.865 -2.866 -2.870 -2.868 -2.667
3.3254e-05 -2.19174 10.07918 0.7981916666 2.4180905819    0.787  2.310  3.6940  1.752    3  0.000  0.532     0.00     0.00 -1 -3.81e-10      0.00 7.547e-01 2.452e-01 1.690e-05 4.720e-06 4.237e-05 -1.000 1.001e-04 -1.004 -1.410 -1.841 -2.199 -2.712 -2.909 -2.952 -2.967 -2.978 -2.599 -2.959 -2.588 -2.866 -2.904 -2.917 -2.942 -2.957 -2.964 -2.969 -2.978 -2.979 -2.981 -2.980 -2.778
3.3254e-05 -2.19174 10.07918 0.7982242703 2.4181020260    0.786  2.352  3.6924  1.703    3  0.000  0.532     0.00     0.00 -1 -4.45e-10      0.00 7.547e-01 2.452e-01 1.690e-05 4.720e-06 4.237e-05 -1.000 1.000e-04 -1.111 -1.518 -1.952 -2.313 -2.828 -3.028 -3.072 -3.086 -3.097 -2.716 -3.078 -2.704 -2.985 -3.022 -3.036 -3.061 -3.076 -3.083 -3.088 -3.097 -3.098 -3.100 -3.099 -2.896
3.3254e-05 -2.19174 10.07918 0.7982519865 2.4181118011    0.785  2.391  3.6907  1.657    3  0.000  0.532     0.00     0.00 -1 -5.13e-10      0.00 7.546e-01 2.453e-01 1.690e-05 4.721e-06 4.237e-05 -1.000 9.997e-05 -1.207 -1.614 -2.052 -2.416 -2.935 -3.137 -3.181 -3.196 -3.206 -2.822 -3.187 -2.809 -3.092 -3.131 -3.145 -3.170 -3.185 -3.192 -3.198 -3.207 -3.207 -3.208 -3.208 -3.003
3.3254e-05 -2.19174 10.07918 0.7982791662 2.4181213379    0.785  2.431  3.6889  1.609    3  0.000  0.532     0.00     0.00 -1 -5.95e-10      0.00 7.546e-01 2.453e-01 1.690e-05 4.721e-06 4.237e-05 -1.000 1.000e-04 -1.308 -1.715 -2.158 -2.524 -3.047 -3.250 -3.295 -3.310 -3.321 -2.934 -3.302 -2.920 -3.206 -3.245 -3.259 -3.284 -3.300 -3.307 -3.312 -3.322 -3.322 -3.322 -3.322 -3.115
3.3254e-05 -2.19174 10.07918 0.7983045578 2.4181301594    0.784  2.472  3.6873  1.562    3  0.000  0.532     0.00     0.00 -1  -6.9e-10      0.00 7.546e-01 2.453e-01 1.690e-05 4.721e-06 4.238e-05 -1.000 9.999e-05 -1.409 -1.817 -2.263 -2.632 -3.158 -3.364 -3.409 -3.424 -3.434 -3.045 -3.416 -3.031 -3.319 -3.358 -3.372 -3.398 -3.414 -3.421 -3.426 -3.436 -3.436 -3.435 -3.435 -3.227
3.3254e-05 -2.19174 10.07918 0.7983267903 2.4181380272    0.783  2.510  3.6856  1.516    3  0.000  0.532     0.00     0.00 -1 -7.94e-10      0.00 7.546e-01 2.453e-01 1.690e-05 4.721e-06 4.238e-05 -1.000 1.000e-04 -1.504 -1.911 -2.361 -2.733 -3.263 -3.471 -3.516 -3.532 -3.542 -3.150 -3.523 -3.135 -3.425 -3.465 -3.479 -3.505 -3.521 -3.528 -3.534 -3.544 -3.543 -3.542 -3.542 -3.333
3.3254e-05 -2.19174 10.07918 0.7983488441 2.4181456566    0.782  2.550  3.6837  1.468    3  0.000  0.532     0.00     0.00 -1 -9.21e-10      0.00 7.546e-01 2.453e-01 1.690e-05 4.721e-06 4.238e-05 -1.000 1.001e-04 -1.604 -2.012 -2.466 -2.841 -3.375 -3.585 -3.631 -3.647 -3.656 -3.261 -3.638 -3.245 -3.538 -3.579 -3.593 -3.619 -3.636 -3.643 -3.649 -3.658 -3.658 -3.656 -3.656 -3.445
3.3254e-05 -2.19174 10.07918 0.7983683944 2.4181525707    0.781  2.588  3.6821  1.423    3  0.000  0.532     0.00     0.00 -1 -1.06e-09      0.00 7.546e-01 2.453e-01 1.690e-05 4.721e-06 4.238e-05 -1.000 1.000e-04 -1.699 -2.107 -2.565 -2.943 -3.480 -3.691 -3.738 -3.754 -3.763 -3.366 -3.745 -3.349 -3.645 -3.685 -3.700 -3.726 -3.743 -3.750 -3.756 -3.766 -3.765 -3.763 -3.764 -3.551
3.3254e-05 -2.19174 10.07918 0.7983866334 2.4181590080    0.780  2.625  3.6804  1.378    3  0.000  0.532     0.00     0.00 -1 -1.22e-09      0.00 7.546e-01 2.453e-01 1.690e-05 4.721e-06 4.238e-05 -1.000 9.997e-05 -1.793 -2.200 -2.663 -3.044 -3.585 -3.798 -3.845 -3.862 -3.870 -3.470 -3.852 -3.453 -3.750 -3.792 -3.807 -3.833 -3.850 -3.858 -3.864 -3.874 -3.873 -3.868 -3.870 -3.656
3.3254e-05 -2.19174 10.07918 0.7984039783 2.4181652069    0.779  2.664  3.6786  1.332    3  0.000  0.532     0.00     0.00 -1  -1.4e-09      0.00 7.546e-01 2.453e-01 1.690e-05 4.721e-06 4.238e-05 -1.000 1.000e-04 -1.889 -2.295 -2.763 -3.147 -3.691 -3.906 -3.954 -3.971 -3.979 -3.576 -3.962 -3.558 -3.858 -3.900 -3.915 -3.941 -3.960 -3.967 -3.973 -3.983 -3.982 -3.976 -3.977 -3.763
3.3254e-05 -2.19174 10.07918 0.7984226942 2.4181716442    0.777  2.708  3.6767  1.279    3  0.000  0.532     0.00     0.00 -1 -1.65e-09      0.00 7.546e-01 2.453e-01 1.690e-05 4.721e-06 4.238e-05 -1.000 9.993e-05 -2.000 -2.406 -2.878 -3.266 -3.814 -4.031 -4.079 -4.097 -4.104 -3.699 -4.087 -3.680 -3.982 -4.024 -4.040 -4.066 -4.085 -4.093 -4.099 -4.109 -4.107 -4.099 -4.102 -3.886
3.3254e-05 -2.19174 10.07918 0.7984377146 2.4181768894    0.776  2.746  3.6747  1.233    3  0.000  0.532     0.00     0.00 -1  -1.9e-09      0.00 7.546e-01 2.453e-01 1.690e-05 4.721e-06 4.238e-05 -1.000 1.000e-04 -2.095 -2.500 -2.977 -3.369 -3.921 -4.140 -4.189 -4.207 -4.213 -3.805 -4.197 -3.786 -4.090 -4.133 -4.150 -4.175 -4.195 -4.203 -4.209 -4.220 -4.217 -4.207 -4.210 -3.994
3.3254e-05 -2.19174 10.07918 0.7984532118 2.4181823730    0.774  2.788  3.6728  1.182    3  0.000  0.532     0.00     0.00 -1 -2.23e-09      0.00 7.546e-01 2.453e-01 1.690e-05 4.721e-06 4.238e-05 -1.000 1.000e-04 -2.200 -2.604 -3.087 -3.483 -4.039 -4.260 -4.309 -4.328 -4.333 -3.923 -4.317 -3.902 -4.209 -4.253 -4.270 -4.295 -4.316 -4.324 -4.330 -4.340 -4.338 -4.325 -4.329 -4.112
3.3254e-05 -2.19174 10.07918 0.7984660268 2.4181869030    0.773  2.825  3.6711  1.137    3  0.000  0.532     0.00     0.00 -1 -2.56e-09      0.00 7.546e-01 2.453e-01 1.690e-05 4.721e-06 4.238e-05 -1.000 9.994e-05 -2.294 -2.697 -3.184 -3.583 -4.143 -4.366 -4.415 -4.435 -4.439 -4.026 -4.424 -4.005 -4.314 -4.359 -4.376 -4.401 -4.422 -4.431 -4.437 -4.447 -4.444 -4.429 -4.434 -4.217
3.3254e-05 -2.19174 10.07918 0.7984790802 2.4181914330    0.771  2.866  3.6689  1.087    3  0.000  0.532     0.00     0.00 -1 -2.98e-09      0.00 7.546e-01 2.453e-01 1.690e-05 4.721e-06 4.238e-05 -1.000 1.001e-04 -2.395 -2.797 -3.290 -3.693 -4.257 -4.483 -4.533 -4.553 -4.556 -4.140 -4.542 -4.118 -4.431 -4.476 -4.493 -4.518 -4.540 -4.548 -4.555 -4.565 -4.562 -4.544 -4.549 -4.332
3.3254e-05 -2.19174 10.07918 0.7984898686 2.4181952477    0.769  2.902  3.6673  1.044    3  0.000  0.532     0.00     0.00 -1  -3.4e-09      0.00 7.546e-01 2.453e-01 1.690e-05 4.721e-06 4.238e-05 -1.000 1.000e-04 -2.484 -2.885 -3.383 -3.789 -4.357 -4.584 -4.634 -4.654 -4.657 -4.239 -4.643 -4.216 -4.531 -4.577 -4.594 -4.619 -4.641 -4.650 -4.656 -4.667 -4.663 -4.643 -4.649 -4.432
3.3254e-05 -2.19174 10.07918 0.7985012531 2.4181993008    0.767  2.942  3.6652  0.994    3  0.000  0.532     0.00     0.00 -1 -3.95e-09      0.00 7.546e-01 2.453e-01 1.690e-05 4.721e-06 4.238e-05 -1.000 1.000e-04 -2.584 -2.983 -3.487 -3.897 -4.469 -4.699 -4.749 -4.771 -4.771 -4.352 -4.759 -4.328 -4.645 -4.692 -4.709 -4.733 -4.757 -4.766 -4.773 -4.784 -4.779 -4.755 -4.762 -4.545
3.3254e-05 -2.19174 10.07918 0.7985127568 2.4182033539    0.764  2.985  3.6630  0.941    3  0.000  0.532     0.00     0.00 -1 -4.65e-09      0.00 7.546e-01 2.453e-01 1.690e-05 4.721e-06 4.238e-05 -1.000 1.001e-04 -2.692 -3.088 -3.599 -4.013 -4.591 -4.823 -4.874 -4.896 -4.895 -4.473 -4.883 -4.448 -4.768 -4.815 -4.833 -4.856 -4.882 -4.891 -4.898 -4.909 -4.903 -4.875 -4.884 -4.667
3.3254e-05 -2.19174 10.07918 0.7985221744 2.4182066917    0.762  3.022  3.6611  0.894    3  0.000  0.532     0.00     0.00 -1 -5.36e-09      0.00 7.546e-01 2.453e-01 1.690e-05 4.721e-06 4.238e-05 -1.000 1.000e-04 -2.785 -3.180 -3.697 -4.115 -4.696 -4.931 -4.982 -5.005 -5.003 -4.578 -4.992 -4.553 -4.875 -4.923 -4.941 -4.963 -4.991 -5.000 -5.007 -5.018 -5.012 -4.981 -4.990 -4.773
3.3254e-05 -2.19174 10.07918 0.7985301614 2.4182093143    0.760  3.056  3.6593  0.852    3  0.000  0.532     0.00     0.00 -1 -6.09e-09      0.00 7.546e-01 2.453e-01 1.690e-05 4.721e-06 4.238e-05 -1.000 9.999e-05 -2.869 -3.262 -3.784 -4.206 -4.792 -5.028 -5.080 -5.104 -5.100 -4.674 -5.090 -4.647 -4.972 -5.020 -5.039 -5.060 -5.090 -5.098 -5.106 -5.117 -5.110 -5.075 -5.086 -4.870
3.3254e-05 -2.19174 10.07918 0.7985384464 2.4182124138    0.757  3.093  3.6575  0.806    3  0.000  0.532     0.00     0.00 -1    -7e-09      0.00 7.546e-01 2.453e-01 1.690e-05 4.721e-06 4.238e-05 -1.000 1.001e-04 -2.962 -3.351 -3.880 -4.306 -4.895 -5.134 -5.185 -5.210 -5.205 -4.777 -5.196 -4.750 -5.076 -5.125 -5.144 -5.165 -5.196 -5.205 -5.213 -5.224 -5.217 -5.178 -5.190 -4.974
3.3254e-05 -2.19174 10.07918 0.7985469103 2.4182152748    0.753  3.132  3.6552  0.756    3  0.000  0.532     0.00     0.00 -1 -8.14e-09      0.00 7.546e-01 2.453e-01 1.690e-05 4.721e-06 4.238e-05 -1.000 1.000e-04 -3.061 -3.448 -3.984 -4.415 -5.009 -5.250 -5.302 -5.327 -5.321 -4.890 -5.313 -4.862 -5.191 -5.241 -5.261 -5.280 -5.313 -5.322 -5.330 -5.342 -5.333 -5.291 -5.304 -5.088
3.3254e-05 -2.19174 10.07918 0.7985540628 2.4182178974    0.750  3.168  3.6533  0.711    3  0.000  0.532     0.00     0.00 -1 -9.33e-09      0.00 7.546e-01 2.453e-01 1.690e-05 4.721e-06 4.238e-05 -1.000 1.000e-04 -3.150 -3.534 -4.077 -4.511 -5.110 -5.353 -5.405 -5.432 -5.424 -4.991 -5.416 -4.962 -5.294 -5.344 -5.364 -5.382 -5.417 -5.426 -5.434 -5.446 -5.437 -5.391 -5.405 -5.189
3.3254e-05 -2.19174 10.07918 0.7985612154 2.4182202816    0.746  3.205  3.6513  0.663    3  0.000  0.532     0.00     0.00 -1 -1.08e-08      0.00 7.546e-01 2.453e-01 1.690e-05 4.721e-06 4.238e-05 -1.000 1.000e-04 -3.242 -3.621 -4.171 -4.611 -5.214 -5.460 -5.512 -5.540 -5.531 -5.095 -5.524 -5.065 -5.400 -5.451 -5.471 -5.487 -5.525 -5.535 -5.543 -5.555 -5.545 -5.494 -5.510 -5.295
3.3254e-05 -2.19174 10.07918 0.7985678911 2.4182226658    0.743  3.239  3.6494  0.620    3  0.000  0.532     0.00     0.00 -1 -1.23e-08      0.00 7.546e-01 2.453e-01 1.690e-05 4.721e-06 4.238e-05 -1.000 1.001e-04 -3.326 -3.699 -4.257 -4.701 -5.310 -5.558 -5.609 -5.639 -5.628 -5.190 -5.622 -5.159 -5.496 -5.548 -5.569 -5.582 -5.624 -5.633 -5.642 -5.654 -5.644 -5.588 -5.605 -5.391
3.3254e-05 -2.19174 10.07918 0.7985697389 2.4182233810    0.741  3.247  3.6490  0.609    3  0.000  0.532     0.00     0.00 -1 -1.27e-08      0.00 7.546e-01 2.453e-01 1.690e-05 4.721e-06 4.238e-05 -1.000 1.000e-04 -3.348 -3.720 -4.279 -4.725 -5.335 -5.583 -5.634 -5.665 -5.653 -5.215 -5.648 -5.184 -5.522 -5.574 -5.595 -5.607 -5.650 -5.659 -5.667 -5.680 -5.669 -5.612 -5.630 -5.416
3.3254e-05 -2.19174 10.07918 0.7985697389 2.4182233810    0.741  1.658  3.9482  3.395    4  0.000  0.533     0.00     0.00 -1    -1e-30      0.00 7.562e-01 2.437e-01 1.688e-05 4.684e-06 4.222e-05 -1.000 9.993e-05 0.626 0.668 0.628 0.611 0.595 0.583 0.578 0.578 0.574 0.598 0.578 0.600 0.586 0.582 0.583 0.582 0.576 0.579 0.578 0.574 0.573 0.572 0.573 0.592
3.3254e-05 -2.19174 10.07918 0.7985704541 2.4182236195    0.741  1.664  3.9443  3.373    4  0.000  0.533     0.00     0.00 -1    -1e-30      0.00 7.562e-01 2.437e-01 1.688e-05 4.684e-06 4.222e-05 -1.000 9.994e-05 0.609 0.634 0.590 0.570 0.551 0.537 0.532 0.531 0.526 0.554 0.531 0.556 0.541 0.536 0.537 0.536 0.530 0.532 0.531 0.527 0.526 0.525 0.525 0.547
3.3254e-05 -2.19174 10.07918 0.7986187339 2.4182405472    0.741  1.685  3.9336  3.309    4  0.000  0.533     0.00     0.00 -1    -1e-30      0.00 7.562e-01 2.437e-01 1.688e-05 4.684e-06 4.222e-05 -1.000 9.993e-05 0.558 0.539 0.483 0.453 0.424 0.407 0.399 0.398 0.393 0.430 0.399 0.431 0.412 0.406 0.406 0.404 0.397 0.399 0.398 0.394 0.393 0.391 0.392 0.419
3.3254e-05 -2.19174 10.07918 0.7986656427 2.4182569981    0.741  1.685  3.9337  3.310    4  0.000  0.533     0.00     0.00 -1    -1e-30      0.00 7.562e-01 2.437e-01 1.688e-05 4.684e-06 4.222e-05 -1.000 9.999e-05 0.557 0.538 0.483 0.453 0.425 0.407 0.400 0.399 0.393 0.431 0.400 0.432 0.413 0.407 0.407 0.405 0.398 0.400 0.399 0.394 0.393 0.392 0.392 0.420
3.3254e-05 -2.19174 10.07918 0.7987126708 2.4182734489    0.741  1.685  3.9339  3.311    4  0.000  0.533     0.00     0.00 -1    -1e-30      0.00 7.562e-01 2.437e-01 1.688e-05 4.684e-06 4.222e-05 -1.000 9.993e-05 0.557 0.539 0.484 0.455 0.426 0.408 0.401 0.400 0.395 0.432 0.401 0.433 0.414 0.408 0.408 0.406 0.399 0.401 0.400 0.396 0.395 0.393 0.394 0.421
3.3254e-05 -2.19174 10.07918 0.7987601757 2.4182901382    0.741  1.685  3.9339  3.311    4  0.000  0.533     0.00     0.00 -1    -1e-30      0.00 7.562e-01 2.437e-01 1.688e-05 4.684e-06 4.222e-05 -1.000 9.993e-05 0.557 0.539 0.484 0.455 0.426 0.409 0.402 0.400 0.395 0.432 0.401 0.433 0.414 0.408 0.408 0.406 0.399 0.401 0.400 0.396 0.395 0.393 0.394 0.421
3.3254e-05 -2.19174 10.07918 0.7988089919 2.4183073044    0.741  1.685  3.9337  3.309    4  0.000  0.533     0.00     0.00 -1    -1e-30      0.00 7.562e-01 2.437e-01 1.688e-05 4.684e-06 4.222e-05 -1.000 9.993e-05 0.557 0.538 0.482 0.453 0.424 0.406 0.399 0.397 0.392 0.430 0.398 0.431 0.412 0.406 0.406 0.404 0.396 0.398 0.397 0.393 0.392 0.391 0.391 0.419
3.3254e-05 -2.19174 10.07918 0.7988574505 2.4183242321    0.741  1.686  3.9331  3.307    4  0.000  0.533     0.00     0.00 -1    -1e-30      0.00 7.562e-01 2.437e-01 1.688e-05 4.684e-06 4.222e-05 -1.000 9.993e-05 0.556 0.535 0.478 0.448 0.419 0.401 0.394 0.392 0.387 0.425 0.393 0.426 0.407 0.400 0.401 0.398 0.391 0.393 0.392 0.388 0.387 0.385 0.386 0.414
3.3254e-05 -2.19174 10.07918 0.7989027500 2.4183402061    0.741  1.686  3.9323  3.303    4  0.000  0.533     0.00     0.00 -1    -1e-30      0.00 7.562e-01 2.437e-01 1.688e-05 4.684e-06 4.222e-05 -1.000 9.999e-05 0.555 0.530 0.473 0.442 0.412 0.393 0.386 0.385 0.379 0.418 0.386 0.419 0.399 0.393 0.393 0.391 0.384 0.386 0.385 0.380 0.379 0.378 0.378 0.407
3.3254e-05 -2.19174 10.07918 0.7989516258 2.4183573723    0.741  1.687  3.9311  3.298    4  0.000  0.533     0.00     0.00 -1    -1e-30      0.00 7.562e-01 2.437e-01 1.688e-05 4.684e-06 4.222e-05 -1.000 9.991e-05 0.553 0.524 0.466 0.434 0.402 0.383 0.376 0.374 0.369 0.409 0.375 0.409 0.389 0.383 0.383 0.381 0.373 0.375 0.374 0.370 0.369 0.367 0.368 0.397
3.3254e-05 -2.19174 10.07918 0.7989966869 2.4183731079    0.742  1.688  3.9297  3.291    4  0.000  0.533     0.00     0.00 -1    -1e-30      0.00 7.562e-01 2.437e-01 1.688e-05 4.684e-06 4.222e-05 -1.000 9.993e-05 0.550 0.516 0.456 0.422 0.389 0.370 0.362 0.360 0.355 0.397 0.361 0.396 0.376 0.369 0.369 0.367 0.360 0.361 0.360 0.356 0.355 0.353 0.354 0.384
3.3254e-05 -2.19174 10.07918 0.7990423441 2.4183890820    0.742  1.689  3.9278  3.282    4  0.000  0.533     0.00     0.00 -1    -1e-30      0.00 7.562e-01 2.437e-01 1.688e-05 4.684e-06 4.222e-05 -1.000 9.994e-05 0.547 0.505 0.444 0.408 0.373 0.353 0.345 0.343 0.338 0.381 0.344 0.381 0.359 0.352 0.352 0.350 0.342 0.344 0.343 0.339 0.338 0.336 0.337 0.367
3.3254e-05 -2.19174 10.07918 0.7990902662 2.4184060097    0.742  1.691  3.9254  3.271    4  0.000  0.533     0.00     0.00 -1    -1e-30      0.00 7.562e-01 2.437e-01 1.688e-05 4.684e-06 4.222e-05 -1.000 9.993e-05 0.543 0.492 0.428 0.390 0.352 0.331 0.323 0.321 0.315 0.361 0.322 0.360 0.338 0.331 0.330 0.328 0.320 0.322 0.321 0.316 0.315 0.313 0.314 0.346
3.3254e-05 -2.19174 10.07918 0.7991400957 2.4184234142    0.742  1.693  3.9225  3.257    4  0.000  0.533     0.00     0.00 -1    -1e-30      0.00 7.562e-01 2.437e-01 1.688e-05 4.684e-06 4.222e-05 -1.000 9.993e-05 0.538 0.475 0.408 0.367 0.326 0.304 0.295 0.293 0.287 0.336 0.294 0.334 0.311 0.304 0.303 0.300 0.293 0.294 0.293 0.288 0.287 0.285 0.286 0.320
3.3254e-05 -2.19174 10.07918 0.7991865873 2.4184398651    0.742  1.695  3.9192  3.242    4  0.000  0.533     0.00     0.00 -1    -1e-30      0.00 7.562e-01 2.437e-01 1.688e-05 4.684e-06 4.222e-05 -1.000 9.993e-05 0.532 0.457 0.387 0.342 0.297 0.274 0.265 0.262 0.257 0.309 0.264 0.306 0.281 0.274 0.273 0.270 0.262 0.264 0.263 0.258 0.257 0.255 0.256 0.291
3.3254e-05 -2.19174 10.07918 0.7992334962 2.4184560776    0.742  1.698  3.9154  3.224    4  0.000  0.533     0.00     0.00 -1    -1e-30      0.00 7.562e-01 2.437e-01 1.688e-05 4.684e-06 4.222e-05 -1.000 9.993e-05 0.526 0.437 0.363 0.314 0.264 0.239 0.230 0.227 0.221 0.277 0.229 0.274 0.247 0.239 0.239 0.235 0.227 0.228 0.227 0.222 0.221 0.219 0.220 0.257
3.3254e-05 -2.19174 10.07918 0.7992828488 2.4184734821    0.742  1.701  3.9109  3.203    4  0.000  0.533     0.00     0.00 -1    -1e-30      0.00 7.562e-01 2.437e-01 1.688e-05 4.684e-06 4.222e-05 -1.000 9.993e-05 0.518 0.413 0.334 0.280 0.224 0.197 0.187 0.185 0.179 0.239 0.186 0.235 0.205 0.197 0.197 0.193 0.185 0.186 0.185 0.180 0.179 0.177 0.178 0.217
3.3254e-05 -2.19174 10.07918 0.7993294001 2.4184896946    0.742  1.704  3.9062  3.181    4  0.000  0.533     0.00     0.00 -1    -1e-30      0.00 7.562e-01 2.437e-01 1.688e-05 4.684e-06 4.222e-05 -1.000 9.993e-05 0.509 0.388 0.304 0.245 0.182 0.153 0.143 0.141 0.134 0.199 0.142 0.194 0.162 0.154 0.153 0.149 0.141 0.142 0.141 0.135 0.134 0.132 0.133 0.174
3.3254e-05 -2.19174 10.07918 0.7993761301 2.4185061455    0.742  1.708  3.9008  3.155    4  0.000  0.533     0.00     0.00 -1    -1e-30      0.00 7.562e-01 2.437e-01 1.688e-05 4.684e-06 4.222e-05 -1.000 9.993e-05 0.500 0.362 0.271 0.206 0.134 0.104 0.093 0.090 0.084 0.154 0.092 0.147 0.112 0.104 0.103 0.099 0.090 0.091 0.090 0.085 0.083 0.082 0.083 0.125
3.3254e-05 -2.19174 10.07918 0.7994242907 2.4185230732    0.742  1.712  3.8948  3.127    4  0.000  0.533     0.00     0.00 -1    -1e-30      0.00 7.562e-01 2.437e-01 1.688e-05 4.684e-06 4.222e-05 -1.000 9.997e-05 0.489 0.332 0.234 0.163 0.081 0.048 0.037 0.034 0.028 0.104 0.036 0.095 0.057 0.049 0.047 0.042 0.034 0.035 0.034 0.028 0.027 0.025 0.027 0.071
3.3254e-05 -2.19174 10.07918 0.7994737029 2.4185402393    0.742  1.717  3.8879  3.095    4  0.000  0.533     0.00     0.00 -1    -1e-30      0.00 7.562e-01 2.437e-01 1.688e-05 4.684e-06 4.222e-05 -1.000 9.993e-05 0.478 0.300 0.194 0.114 0.020 -0.016 -0.027 -0.030 -0.036 0.047 -0.028 0.037 -0.006 -0.014 -0.017 -0.022 -0.029 -0.029 -0.031 -0.036 -0.037 -0.039 -0.037 0.009
3.3254e-05 -2.19174 10.07918 0.7995197177 2.4185564518    0.742  1.722  3.8810  3.063    4  0.000  0.533     0.00     0.00 -1    -1e-30      0.00 7.562e-01 2.437e-01 1.688e-05 4.684e-06 4.222e-05 -1.000 9.993e-05 0.466 0.269 0.155 0.066 -0.041 -0.080 -0.091 -0.094 -0.101 -0.010 -0.092 -0.022 -0.069 -0.079 -0.081 -0.086 -0.093 -0.093 -0.095 -0.100 -0.101 -0.104 -0.102 -0.053
3.3254e-05 -2.19174 10.07918 0.7995240688 2.4185578823    0.742  1.722  3.8803  3.059    4  0.000  0.533     0.00     0.00 -1    -1e-30      0.00 7.562e-01 2.437e-01 1.688e-05 4.684e-06 4.222e-05 -1.000 9.993e-05 0.464 0.266 0.151 0.061 -0.047 -0.086 -0.098 -0.101 -0.107 -0.016 -0.099 -0.028 -0.075 -0.085 -0.087 -0.092 -0.100 -0.099 -0.101 -0.106 -0.107 -0.110 -0.108 -0.059
3.3254e-05 -2.19174 10.07918 0.7995317578 2.4185607433    0.742  1.723  3.8792  3.054    4  0.000  0.533     0.00     0.00 -1    -1e-30      0.00 7.562e-01 2.437e-01 1.688e-05 4.684e-06 4.222e-05 -1.000 9.993e-05 0.462 0.261 0.144 0.053 -0.057 -0.096 -0.108 -0.111 -0.118 -0.025 -0.109 -0.037 -0.086 -0.095 -0.097 -0.102 -0.110 -0.110 -0.112 -0.117 -0.118 -0.121 -0.119 -0.069
3.3254e-05 -2.19174 10.07918 0.7995770574 2.4185764790    0.742  1.728  3.8726  3.023    4  0.000  0.533     0.00     0.00 -1    -1e-30      0.00 7.562e-01 2.437e-01 1.688e-05 4.684e-06 4.222e-05 -1.000 9.993e-05 0.451 0.233 0.108 0.008 -0.116 -0.158 -0.170 -0.173 -0.179 -0.079 -0.171 -0.093 -0.147 -0.157 -0.159 -0.164 -0.171 -0.171 -0.173 -0.178 -0.179 -0.182 -0.181 -0.129
3.3254e-05 -2.19174 10.07918 0.7996212244 2.4185919762    0.742  1.733  3.8655  2.990    4  0.000  0.533     0.00     0.00 -1    -1e-30      0.00 7.562e-01 2.437e-01 1.688e-05 4.684e-06 4.222e-05 -1.000 9.994e-05 0.438 0.205 0.070 -0.039 -0.178 -0.223 -0.235 -0.239 -0.245 -0.136 -0.237 -0.152 -0.212 -0.222 -0.224 -0.230 -0.237 -0.237 -0.239 -0.244 -0.245 -0.248 -0.247 -0.192
3.3254e-05 -2.19174 10.07918 0.7996684313 2.4186084270    0.742  1.738  3.8575  2.952    4  0.000  0.533     0.00     0.00 -1    -1e-30      0.00 7.562e-01 2.437e-01 1.688e-05 4.684e-06 4.222e-05 -1.000 9.993e-05 0.424 0.175 0.029 -0.091 -0.247 -0.297 -0.310 -0.313 -0.319 -0.200 -0.311 -0.218 -0.286 -0.296 -0.298 -0.304 -0.311 -0.311 -0.313 -0.318 -0.319 -0.323 -0.321 -0.264
3.3254e-05 -2.19174 10.07918 0.7997133732 2.4186241627    0.742  1.744  3.8492  2.913    4  0.000  0.533     0.00     0.00 -1    -1e-30      0.00 7.562e-01 2.437e-01 1.688e-05 4.684e-06 4.222e-05 -1.000 1.000e-04 0.410 0.145 -0.013 -0.145 -0.318 -0.373 -0.386 -0.390 -0.396 -0.267 -0.388 -0.286 -0.362 -0.372 -0.374 -0.381 -0.388 -0.388 -0.390 -0.395 -0.396 -0.400 -0.398 -0.337
3.3254e-05 -2.19174 10.07918 0.7997564077 2.4186394215    0.742  1.750  3.8408  2.874    4  0.000  0.533     0.00     0.00 -1    -1e-30      0.00 7.562e-01 2.437e-01 1.688e-05 4.684e-06 4.222e-05 -1.000 9.993e-05 0.395 0.116 -0.054 -0.197 -0.389 -0.449 -0.463 -0.467 -0.474 -0.333 -0.465 -0.353 -0.437 -0.448 -0.451 -0.458 -0.464 -0.465 -0.467 -0.472 -0.473 -0.478 -0.475 -0.410
3.3254e-05 -2.19174 10.07918 0.7998008728 2.4186549187    0.742  1.756  3.8323  2.834    4  0.000  0.533     0.00     0.00 -1    -1e-30      0.00 7.562e-01 2.437e-01 1.688e-05 4.684e-06 4.222e-05 -1.000 9.993e-05 0.380 0.087 -0.096 -0.251 -0.462 -0.527 -0.542 -0.546 -0.553 -0.400 -0.544 -0.422 -0.515 -0.527 -0.529 -0.537 -0.543 -0.544 -0.546 -0.551 -0.552 -0.557 -0.554 -0.485
3.3254e-05 -2.19174 10.07918 0.7998445034 2.4186701775    0.742  1.762  3.8239  2.794    4  0.000  0.533     0.00     0.00 -1    -1e-30      0.00 7.562e-01 2.437e-01 1.688e-05 4.684e-06 4.222e-05 -1.000 9.993e-05 0.364 0.058 -0.137 -0.304 -0.534 -0.605 -0.620 -0.625 -0.632 -0.467 -0.622 -0.490 -0.592 -0.604 -0.607 -0.616 -0.622 -0.623 -0.626 -0.630 -0.631 -0.636 -0.633 -0.560
3.3254e-05 -2.19174 10.07918 0.7998885512 2.4186856747    0.743  1.769  3.8158  2.755    4  0.000  0.533     0.00     0.00 -1    -1e-30      0.00 7.562e-01 2.437e-01 1.688e-05 4.684e-06 4.222e-05 -1.000 9.993e-05 0.348 0.031 -0.177 -0.355 -0.604 -0.681 -0.697 -0.701 -0.708 -0.532 -0.699 -0.556 -0.667 -0.680 -0.683 -0.692 -0.698 -0.699 -0.702 -0.707 -0.708 -0.713 -0.709 -0.632
3.3254e-05 -2.19174 10.07918 0.7999327183 2.4187009335    0.743  1.775  3.8083  2.719    4  0.000  0.533     0.00     0.00 -1    -1e-30      0.00 7.562e-01 2.437e-01 1.688e-05 4.684e-06 4.222e-05 -1.000 9.993e-05 0.331 0.005 -0.216 -0.404 -0.670 -0.752 -0.769 -0.774 -0.780 -0.594 -0.771 -0.618 -0.738 -0.751 -0.754 -0.764 -0.770 -0.772 -0.775 -0.779 -0.780 -0.785 -0.782 -0.700
3.3254e-05 -2.19174 10.07918 0.7999771237 2.4187166691    0.743  1.784  3.7999  2.677    4  0.000  0.533     0.00     0.00 -1    -1e-30      0.00 7.562e-01 2.437e-01 1.688e-05 4.684e-06 4.222e-05 -1.000 9.991e-05 0.311 -0.026 -0.260 -0.460 -0.745 -0.835 -0.853 -0.858 -0.864 -0.665 -0.855 -0.688 -0.820 -0.833 -0.837 -0.848 -0.853 -0.855 -0.859 -0.863 -0.864 -0.869 -0.866 -0.778
3.3254e-05 -2.19174 10.07918 0.7999859452 2.4187195301    0.743  1.786  3.7981  2.668    4  0.000  0.533     0.00     0.00 -1    -1e-30      0.00 7.562e-01 2.437e-01 1.688e-05 4.684e-06 4.222e-05 -1.000 9.999e-05 0.306 -0.033 -0.269 -0.472 -0.761 -0.852 -0.870 -0.875 -0.882 -0.680 -0.872 -0.703 -0.837 -0.851 -0.854 -0.865 -0.870 -0.873 -0.876 -0.881 -0.882 -0.887 -0.883 -0.794
3.3254e-05 -2.19174 10.07918 0.8000315428 2.4187355042    0.743  1.796  3.7900  2.625    4  0.000  0.533     0.00     0.00 -1    -1e-30      0.00 7.562e-01 2.437e-01 1.688e-05 4.684e-06 4.222e-05 -1.000 9.993e-05 0.281 -0.066 -0.317 -0.531 -0.839 -0.936 -0.955 -0.961 -0.968 -0.754 -0.958 -0.776 -0.920 -0.935 -0.939 -0.950 -0.956 -0.959 -0.962 -0.967 -0.968 -0.973 -0.969 -0.874
3.3254e-05 -2.19174 10.07918 0.8000764251 2.4187512398    0.743  1.810  3.7799  2.570    4  0.000  0.533     0.00     0.00 -1    -1e-30      0.00 7.562e-01 2.437e-01 1.688e-05 4.684e-06 4.222e-05 -1.000 9.993e-05 0.244 -0.114 -0.381 -0.610 -0.940 -1.046 -1.067 -1.073 -1.080 -0.851 -1.069 -0.872 -1.029 -1.045 -1.049 -1.062 -1.068 -1.071 -1.074 -1.079 -1.080 -1.085 -1.082 -0.979
3.3254e-05 -2.19174 10.07918 0.8001142144 2.4187645912    0.743  1.836  3.7669  2.492    4  0.000  0.533     0.00     0.00 -1    -1e-30      0.00 7.562e-01 2.437e-01 1.688e-05 4.684e-06 4.222e-05 -1.000 9.999e-05 0.179 -0.190 -0.480 -0.728 -1.087 -1.205 -1.228 -1.235 -1.243 -0.992 -1.231 -1.009 -1.185 -1.203 -1.208 -1.222 -1.229 -1.232 -1.236 -1.241 -1.242 -1.248 -1.244 -1.129
3.3254e-05 -2.19174 10.07918 0.8001347184 2.4187717438    0.743  1.867  3.7553  2.415    4  0.000  0.533     0.00     0.00 -1    -1e-30      0.00 7.562e-01 2.437e-01 1.688e-05 4.684e-06 4.222e-05 -1.000 9.993e-05 0.101 -0.278 -0.589 -0.853 -1.237 -1.366 -1.392 -1.400 -1.408 -1.138 -1.395 -1.152 -1.344 -1.364 -1.370 -1.386 -1.393 -1.397 -1.401 -1.406 -1.408 -1.414 -1.410 -1.283
3.3254e-05 -2.19174 10.07918 0.8001438975 2.4187748432    0.743  1.899  3.7461  2.346    4  0.000  0.533     0.00     0.00 -1    -1e-30      0.00 7.562e-01 2.437e-01 1.688e-05 4.684e-06 4.222e-05 -1.000 9.991e-05 0.023 -0.364 -0.691 -0.968 -1.372 -1.511 -1.538 -1.547 -1.556 -1.271 -1.542 -1.282 -1.486 -1.509 -1.515 -1.532 -1.540 -1.544 -1.548 -1.554 -1.556 -1.562 -1.558 -1.421
3.3254e-05 -2.19174 10.07918 0.8001480699 2.4187762737    0.743  1.932  3.7383  2.282    4  0.000  0.533     0.00     0.00 -1    -1e-30      0.00 7.562e-01 2.437e-01 1.688e-05 4.684e-06 4.222e-05 -1.000 9.993e-05 -0.060 -0.452 -0.794 -1.083 -1.503 -1.650 -1.679 -1.688 -1.698 -1.399 -1.683 -1.408 -1.623 -1.647 -1.655 -1.672 -1.681 -1.685 -1.689 -1.696 -1.697 -1.704 -1.700 -1.555
3.3254e-05 -2.19174 10.07918 0.8001500368 2.4187769890    0.743  1.964  3.7325  2.227    4  0.000  0.533     0.00     0.00 -1    -1e-30      0.00 7.562e-01 2.437e-01 1.688e-05 4.684e-06 4.222e-05 -1.000 9.994e-05 -0.139 -0.535 -0.887 -1.185 -1.617 -1.771 -1.802 -1.811 -1.821 -1.512 -1.806 -1.519 -1.742 -1.768 -1.776 -1.794 -1.804 -1.808 -1.813 -1.819 -1.821 -1.827 -1.823 -1.671
3.3254e-05 -2.19174 10.07918 0.8001508117 2.4187772274    0.743  1.984  3.7294  2.195    7  0.000  0.533     0.00     0.00 -1    -1e-30      0.00 7.562e-01 2.437e-01 1.688e-05 4.684e-06 4.222e-05 -1.000 9.991e-05 -0.189 -0.586 -0.944 -1.247 -1.686 -1.843 -1.874 -1.884 -1.894 -1.580 -1.879 -1.585 -1.813 -1.839 -1.848 -1.867 -1.877 -1.881 -1.886 -1.893 -1.894 -1.901 -1.897 -1.741
3.3254e-05 -2.19174 10.07918 0.8001510501 2.4187774658    0.743  1.993  3.7283  2.181    7  0.000  0.533     0.00     0.00 -1    -1e-30      0.00 7.562e-01 2.437e-01 1.688e-05 4.684e-06 4.222e-05 -1.000 9.993e-05 -0.212 -0.610 -0.970 -1.275 -1.716 -1.874 -1.906 -1.916 -1.926 -1.610 -1.910 -1.614 -1.844 -1.871 -1.879 -1.898 -1.908 -1.913 -1.917 -1.925 -1.926 -1.933 -1.929 -1.771
3.3254e-05 -2.19174 10.07918 0.8001519442 2.4187777042    0.743  2.033  3.7241  2.124    7  0.000  0.533     0.00     0.00 -1    -1e-30      0.00 7.562e-01 2.437e-01 1.688e-05 4.684e-06 4.222e-05 -1.000 9.993e-05 -0.312 -0.712 -1.081 -1.391 -1.841 -2.004 -2.037 -2.048 -2.058 -1.734 -2.042 -1.737 -1.973 -2.001 -2.010 -2.029 -2.040 -2.045 -2.049 -2.057 -2.058 -2.065 -2.061 -1.898
3.3254e-05 -2.19174 10.07918 0.8001527786 2.4187779427    0.743  2.072  3.7205  2.070    7  0.000  0.533     0.00     0.00 -1    -1e-30      0.00 7.562e-01 2.437e-01 1.688e-05 4.684e-06 4.222e-05 -1.000 9.993e-05 -0.411 -0.812 -1.188 -1.505 -1.962 -2.128 -2.163 -2.174 -2.184 -1.854 -2.168 -1.855 -2.096 -2.125 -2.134 -2.155 -2.166 -2.171 -2.175 -2.183 -2.184 -2.191 -2.187 -2.020
3.3254e-05 -2.19174 10.07918 0.8001536131 2.4187781811    0.743  2.112  3.7172  2.018    7  0.000  0.533     0.00     0.00 -1    -1e-30      0.00 7.562e-01 2.437e-01 1.688e-05 4.684e-06 4.222e-05 -1.000 9.993e-05 -0.510 -0.913 -1.295 -1.616 -2.080 -2.251 -2.286 -2.297 -2.308 -1.972 -2.291 -1.972 -2.217 -2.247 -2.257 -2.278 -2.289 -2.294 -2.299 -2.307 -2.308 -2.314 -2.311 -2.139
3.3254e-05 -2.19174 10.07918 0.8001544476 2.4187786579    0.743  2.149  3.7145  1.970    7  0.000  0.533     0.00     0.00 -1    -1e-30      0.00 7.562e-01 2.437e-01 1.688e-05 4.684e-06 4.222e-05 -1.000 9.993e-05 -0.603 -1.007 -1.395 -1.720 -2.190 -2.364 -2.399 -2.411 -2.422 -2.081 -2.405 -2.079 -2.329 -2.359 -2.370 -2.391 -2.402 -2.408 -2.413 -2.421 -2.422 -2.428 -2.425 -2.250
3.3254e-05 -2.19174 10.07918 0.8001558185 2.4187791348    0.743  2.173  3.7130  1.940    7  0.000  0.533     0.00     0.00 -1    -1e-30      0.00 7.562e-01 2.437e-01 1.688e-05 4.684e-06 4.222e-05 -1.000 9.993e-05 -0.662 -1.066 -1.457 -1.785 -2.258 -2.433 -2.469 -2.481 -2.492 -2.148 -2.475 -2.146 -2.397 -2.428 -2.439 -2.461 -2.472 -2.478 -2.482 -2.490 -2.492 -2.498 -2.495 -2.318
3.3254e-05 -2.19174 10.07918 0.8001582623 2.4187798500    0.743  2.153  3.7146  1.966    7  0.000  0.533     0.00     0.00 -1    -1e-30      0.00 7.562e-01 2.437e-01 1.688e-05 4.684e-06 4.222e-05 -1.000 1.000e-04 -0.613 -1.017 -1.405 -1.730 -2.200 -2.373 -2.409 -2.421 -2.432 -2.091 -2.414 -2.089 -2.338 -2.369 -2.379 -2.401 -2.412 -2.417 -2.422 -2.430 -2.432 -2.438 -2.434 -2.259
3.3254e-05 -2.19174 10.07918 0.8001741767 2.4187853336    0.743  2.143  3.7149  1.977    7  0.000  0.533     0.00     0.00 -1    -1e-30      0.00 7.562e-01 2.437e-01 1.688e-05 4.684e-06 4.222e-05 -1.000 9.993e-05 -0.588 -0.991 -1.378 -1.703 -2.172 -2.345 -2.381 -2.392 -2.404 -2.063 -2.386 -2.062 -2.310 -2.341 -2.351 -2.373 -2.384 -2.389 -2.394 -2.402 -2.404 -2.409 -2.406 -2.232
3.3254e-05 -2.19174 10.07918 0.8001890779 2.4187905788    0.743  2.174  3.7124  1.936    7  0.000  0.533     0.00     0.00 -1    -1e-30      0.00 7.562e-01 2.437e-01 1.688e-05 4.684e-06 4.222e-05 -1.000 9.993e-05 -0.666 -1.071 -1.463 -1.792 -2.266 -2.442 -2.478 -2.490 -2.502 -2.156 -2.484 -2.154 -2.406 -2.437 -2.448 -2.470 -2.481 -2.487 -2.492 -2.500 -2.502 -2.507 -2.504 -2.326
3.3254e-05 -2.19174 10.07918 0.8002071977 2.4187970161    0.743  2.222  3.7091  1.876    7  0.000  0.533     0.00     0.00 -1    -1e-30      0.00 7.562e-01 2.437e-01 1.688e-05 4.684e-06 4.222e-05 -1.000 9.993e-05 -0.784 -1.190 -1.589 -1.923 -2.404 -2.583 -2.621 -2.633 -2.645 -2.294 -2.626 -2.289 -2.546 -2.578 -2.589 -2.612 -2.624 -2.630 -2.635 -2.643 -2.645 -2.650 -2.647 -2.465
3.3254e-05 -2.19174 10.07918 0.8002244830 2.4188029766    0.743  2.263  3.7064  1.823    7  0.000  0.533     0.00     0.00 -1    -1e-30      0.00 7.562e-01 2.437e-01 1.688e-05 4.684e-06 4.222e-05 -1.000 9.993e-05 -0.888 -1.296 -1.700 -2.038 -2.524 -2.707 -2.745 -2.758 -2.769 -2.414 -2.751 -2.408 -2.669 -2.702 -2.713 -2.736 -2.748 -2.755 -2.760 -2.768 -2.770 -2.775 -2.772 -2.586
3.3254e-05 -2.19174 10.07918 0.8002404571 2.4188086987    0.743  2.305  3.7039  1.772    7  0.000  0.533     0.00     0.00 -1    -1e-30      0.00 7.562e-01 2.437e-01 1.688e-05 4.684e-06 4.222e-05 -1.000 9.993e-05 -0.991 -1.399 -1.809 -2.151 -2.642 -2.828 -2.867 -2.880 -2.892 -2.531 -2.873 -2.525 -2.789 -2.823 -2.834 -2.858 -2.870 -2.877 -2.882 -2.890 -2.892 -2.897 -2.894 -2.705
3.3254e-05 -2.19174 10.07918 0.8002547622 2.4188137054    0.743  2.346  3.7015  1.721    7  0.000  0.533     0.00     0.00 -1    -1e-30      0.00 7.562e-01 2.437e-01 1.688e-05 4.685e-06 4.222e-05 -1.000 9.993e-05 -1.094 -1.503 -1.918 -2.264 -2.760 -2.948 -2.988 -3.002 -3.013 -2.649 -2.994 -2.641 -2.908 -2.943 -2.955 -2.979 -2.992 -2.998 -3.003 -3.012 -3.013 -3.018 -3.016 -2.824
3.3254e-05 -2.19174 10.07918 0.8002675176 2.4188179970    0.743  2.387  3.6992  1.670    7  0.000  0.533     0.00     0.00 -1    -1e-30      0.00 7.562e-01 2.437e-01 1.687e-05 4.687e-06 4.222e-05 -1.000 9.984e-05 -1.198 -1.608 -2.027 -2.377 -2.878 -3.069 -3.109 -3.123 -3.135 -2.766 -3.115 -2.758 -3.028 -3.064 -3.076 -3.100 -3.113 -3.120 -3.125 -3.134 -3.135 -3.140 -3.137 -2.943
3.3254e-05 -2.19174 10.07918 0.8002786636 2.4188220501    0.743  2.428  3.6969  1.620    7  0.000  0.531     0.00     0.00 -1    -1e-30      0.00 7.562e-01 2.437e-01 1.681e-05 4.709e-06 4.222e-05 -1.000 9.558e-05 -1.301 -1.711 -2.136 -2.489 -2.995 -3.188 -3.230 -3.243 -3.255 -2.883 -3.236 -2.873 -3.147 -3.183 -3.196 -3.220 -3.234 -3.240 -3.245 -3.254 -3.255 -3.260 -3.258 -3.060
3.3254e-05 -2.19174 10.07918 0.8002885580 2.4188253880    0.743  2.469  3.6946  1.570    7  0.000  0.524     0.00     0.00 -1    -1e-30      0.00 7.561e-01 2.438e-01 1.661e-05 4.858e-06 4.222e-05 -1.000 9.343e-05 -1.403 -1.814 -2.244 -2.600 -3.111 -3.307 -3.349 -3.363 -3.375 -2.999 -3.355 -2.988 -3.265 -3.302 -3.314 -3.339 -3.353 -3.360 -3.365 -3.374 -3.375 -3.379 -3.377 -3.177
3.3254e-05 -2.19174 10.07918 0.8002974987 2.4188284874    0.743  2.510  3.6924  1.520    7  0.000  0.510     0.00     0.00 -1    -1e-30      0.00 7.560e-01 2.439e-01 1.616e-05 5.336e-06 4.223e-05 -1.000 9.887e-05 -1.506 -1.916 -2.351 -2.712 -3.227 -3.426 -3.468 -3.483 -3.494 -3.114 -3.474 -3.102 -3.383 -3.420 -3.433 -3.458 -3.472 -3.480 -3.485 -3.494 -3.494 -3.497 -3.496 -3.294
3.3254e-05 -2.19174 10.07918 0.8003055453 2.4188313484    0.743  2.551  3.6902  1.471    7  0.000  0.493     0.00     0.00 -1    -1e-30      0.00 7.559e-01 2.440e-01 1.562e-05 5.990e-06 4.224e-05 -1.000 9.999e-05 -1.607 -2.018 -2.458 -2.822 -3.342 -3.543 -3.587 -3.601 -3.612 -3.229 -3.593 -3.216 -3.500 -3.538 -3.551 -3.576 -3.591 -3.598 -3.603 -3.613 -3.613 -3.615 -3.614 -3.410
3.3254e-05 -2.19174 10.07918 0.8003130555 2.4188339710    0.743  2.591  3.6880  1.421    7  0.000  0.477     0.00     0.00 -1    -1e-30      0.00 7.557e-01 2.442e-01 1.512e-05 6.603e-06 4.225e-05 -1.000 9.996e-05 -1.709 -2.120 -2.565 -2.933 -3.456 -3.660 -3.705 -3.720 -3.730 -3.343 -3.711 -3.330 -3.616 -3.655 -3.668 -3.693 -3.709 -3.716 -3.722 -3.731 -3.731 -3.732 -3.732 -3.525
3.3254e-05 -2.19174 10.07918 0.8003200293 2.4188363552    0.743  2.632  3.6858  1.372    7  0.000  0.463     0.00     0.00 -1    -1e-30      0.00 7.555e-01 2.444e-01 1.469e-05 7.140e-06 4.227e-05 -1.000 9.999e-05 -1.810 -2.221 -2.672 -3.043 -3.571 -3.778 -3.823 -3.838 -3.849 -3.458 -3.830 -3.443 -3.732 -3.772 -3.786 -3.811 -3.828 -3.835 -3.840 -3.850 -3.850 -3.850 -3.850 -3.641
3.3254e-05 -2.19174 10.07918 0.8003265858 2.4188387394    0.743  2.672  3.6836  1.323    7  0.000  0.452     0.00     0.00 -1    -1e-30      0.00 7.553e-01 2.446e-01 1.432e-05 7.596e-06 4.228e-05 -1.000 1.000e-04 -1.911 -2.322 -2.778 -3.153 -3.686 -3.894 -3.940 -3.956 -3.966 -3.572 -3.947 -3.556 -3.848 -3.889 -3.903 -3.929 -3.945 -3.952 -3.958 -3.968 -3.968 -3.967 -3.967 -3.756
3.3254e-05 -2.19174 10.07918 0.8003328443 2.4188408852    0.743  2.713  3.6814  1.274    7  0.000  0.442     0.00     0.00 -1    -1e-30      0.00 7.550e-01 2.449e-01 1.400e-05 7.990e-06 4.227e-05 -1.000 9.996e-05 -2.012 -2.423 -2.884 -3.263 -3.800 -4.011 -4.058 -4.074 -4.084 -3.686 -4.065 -3.669 -3.964 -4.005 -4.020 -4.046 -4.063 -4.070 -4.076 -4.086 -4.086 -4.083 -4.084 -3.871
3.3254e-05 -2.19174 10.07918 0.8003389239 2.4188430309    0.743  2.753  3.6792  1.224    7  0.000  0.433     0.00     0.00 -1    -1e-30      0.00 7.548e-01 2.451e-01 1.372e-05 8.333e-06 4.227e-05 -1.000 1.000e-04 -2.113 -2.523 -2.990 -3.373 -3.915 -4.128 -4.175 -4.193 -4.201 -3.800 -4.183 -3.783 -4.080 -4.122 -4.137 -4.163 -4.181 -4.188 -4.195 -4.205 -4.203 -4.199 -4.200 -3.986
3.3254e-05 -2.19174 10.07918 0.8003445864 2.4188449383    0.743  2.794  3.6770  1.174    7  0.000  0.425     0.00     0.00 -1    -1e-30      0.00 7.545e-01 2.454e-01 1.348e-05 8.638e-06 4.224e-05 -1.000 1.000e-04 -2.216 -2.624 -3.097 -3.485 -4.031 -4.247 -4.295 -4.313 -4.320 -3.916 -4.303 -3.897 -4.198 -4.241 -4.256 -4.282 -4.301 -4.308 -4.315 -4.325 -4.323 -4.315 -4.318 -4.103
3.3254e-05 -2.19174 10.07918 0.8003495336 2.4188468456    0.743  2.836  3.6747  1.124    7  0.000  0.419     0.00     0.00 -1    -1e-30      0.00 7.542e-01 2.457e-01 1.326e-05 8.909e-06 4.219e-05 -1.000 9.996e-05 -2.320 -2.727 -3.206 -3.598 -4.149 -4.368 -4.416 -4.434 -4.441 -4.033 -4.424 -4.014 -4.318 -4.361 -4.377 -4.403 -4.422 -4.430 -4.436 -4.447 -4.445 -4.434 -4.437 -4.222
3.3254e-05 -2.19174 10.07918 0.8003537059 2.4188482761    0.743  2.877  3.6724  1.073    7  0.000  0.414     0.00     0.00 -1    -1e-30      0.00 7.539e-01 2.460e-01 1.309e-05 9.155e-06 4.211e-05 -1.000 1.000e-04 -2.423 -2.829 -3.314 -3.710 -4.266 -4.487 -4.536 -4.555 -4.560 -4.150 -4.545 -4.129 -4.437 -4.480 -4.497 -4.522 -4.543 -4.551 -4.557 -4.568 -4.565 -4.551 -4.556 -4.340
3.3254e-05 -2.19174 10.07918 0.8003572822 2.4188494682    0.743  2.918  3.6700  1.023    7  0.000  0.411     0.00     0.00 -1    -1e-30      0.00 7.537e-01 2.462e-01 1.293e-05 9.401e-06 4.199e-05 -1.000 9.996e-05 -2.525 -2.930 -3.421 -3.822 -4.383 -4.607 -4.656 -4.675 -4.680 -4.266 -4.665 -4.244 -4.555 -4.600 -4.616 -4.641 -4.663 -4.671 -4.677 -4.688 -4.685 -4.669 -4.674 -4.457
3.3254e-05 -2.19174 10.07918 0.8003604412 2.4188506603    0.743  2.958  3.6677  0.974    7  0.000  0.408     0.00     0.00 -1    -1e-30      0.00 7.534e-01 2.465e-01 1.280e-05 9.649e-06 4.184e-05 -1.000 9.073e-05 -2.625 -3.028 -3.526 -3.931 -4.497 -4.723 -4.773 -4.793 -4.796 -4.380 -4.782 -4.357 -4.671 -4.716 -4.733 -4.758 -4.780 -4.789 -4.795 -4.806 -4.802 -4.783 -4.789 -4.572
3.3254e-05 -2.19174 10.07918 0.8003637791 2.4188516140    0.743  2.998  3.6654  0.924    7  0.000  0.406     0.00     0.00 -1    -1e-30      0.00 7.532e-01 2.467e-01 1.270e-05 9.884e-06 4.169e-05 -1.000 1.001e-04 -2.726 -3.126 -3.631 -4.041 -4.612 -4.841 -4.891 -4.913 -4.914 -4.495 -4.901 -4.471 -4.788 -4.834 -4.851 -4.875 -4.899 -4.908 -4.915 -4.926 -4.921 -4.897 -4.905 -4.688
3.3254e-05 -2.19174 10.07918 0.8003667593 2.4188528061    0.743  3.043  3.6628  0.869    7  0.000  0.405     0.00     0.00 -1    -1e-30      0.00 7.529e-01 2.470e-01 1.262e-05 1.012e-05 4.153e-05 -1.000 9.993e-05 -2.837 -3.235 -3.748 -4.163 -4.740 -4.971 -5.022 -5.045 -5.044 -4.622 -5.032 -4.597 -4.917 -4.964 -4.982 -5.005 -5.031 -5.040 -5.047 -5.058 -5.053 -5.024 -5.033 -4.816
3.3254e-05 -2.19174 10.07918 0.8003681302 2.4188532829    0.743  3.066  3.6613  0.840    7  0.000  0.404     0.00     0.00 -1    -1e-30      0.00 7.527e-01 2.472e-01 1.255e-05 1.035e-05 4.136e-05 -1.000 9.997e-05 -2.895 -3.291 -3.809 -4.227 -4.807 -5.040 -5.091 -5.114 -5.113 -4.689 -5.101 -4.663 -4.985 -5.032 -5.050 -5.073 -5.101 -5.109 -5.117 -5.128 -5.122 -5.091 -5.100 -4.884
3.3254e-05 -2.19174 10.07918 0.8003686070 2.4188532829    0.743  3.045  3.6627  0.867    7  0.000  0.404     0.00     0.00 -1    -1e-30      0.00 7.526e-01 2.473e-01 1.251e-05 1.047e-05 4.127e-05 -1.000 9.999e-05 -2.842 -3.239 -3.752 -4.167 -4.745 -4.976 -5.027 -5.050 -5.049 -4.627 -5.037 -4.602 -4.922 -4.969 -4.987 -5.010 -5.036 -5.045 -5.052 -5.063 -5.058 -5.029 -5.038 -4.821
3.3254e-05 -2.19174 10.07918 0.8003686666 2.4188535213    0.743  3.042  3.6628  0.870    7  0.000  0.404     0.00     0.00 -1    -1e-30      0.00 7.526e-01 2.473e-01 1.251e-05 1.047e-05 4.127e-05 -1.000 1.000e-04 -2.836 -3.234 -3.747 -4.161 -4.738 -4.970 -5.021 -5.043 -5.042 -4.620 -5.031 -4.596 -4.915 -4.962 -4.980 -5.003 -5.030 -5.038 -5.045 -5.057 -5.051 -5.023 -5.032 -4.815
3.3254e-05 -2.19174 10.07918 0.8003687263 2.4188535213    0.743  3.045  3.6627  0.867    7  0.000  0.404     0.00     0.00 -1    -1e-30      0.00 7.526e-01 2.473e-01 1.251e-05 1.048e-05 4.127e-05 -1.000 9.996e-05 -2.842 -3.239 -3.753 -4.168 -4.745 -4.977 -5.028 -5.050 -5.050 -4.627 -5.038 -4.602 -4.922 -4.969 -4.987 -5.010 -5.037 -5.046 -5.053 -5.064 -5.058 -5.030 -5.038 -4.822
3.3254e-05 -2.19174 10.07918 0.8003688455 2.4188535213    0.743  3.061  3.6617  0.847    7  0.000  0.404     0.00     0.00 -1    -1e-30      0.00 7.526e-01 2.473e-01 1.251e-05 1.048e-05 4.126e-05 -1.000 9.999e-05 -2.883 -3.279 -3.795 -4.212 -4.792 -5.025 -5.076 -5.099 -5.097 -4.674 -5.086 -4.649 -4.970 -5.017 -5.035 -5.058 -5.085 -5.094 -5.101 -5.112 -5.106 -5.076 -5.085 -4.868
3.3254e-05 -2.19174 10.07918 0.8003689051 2.4188535213    0.743  3.072  3.6610  0.833    7  0.000  0.404     0.00     0.00 -1    -1e-30      0.00 7.526e-01 2.473e-01 1.251e-05 1.048e-05 4.126e-05 -1.000 9.997e-05 -2.909 -3.304 -3.823 -4.242 -4.822 -5.056 -5.107 -5.131 -5.128 -4.704 -5.117 -4.679 -5.001 -5.048 -5.066 -5.089 -5.117 -5.126 -5.133 -5.144 -5.138 -5.106 -5.116 -4.899
3.3254e-05 -2.19174 10.07918 0.8003690839 2.4188535213    0.743  3.097  3.6594  0.801    7  0.000  0.404     0.00     0.00 -1    -1e-30      0.00 7.526e-01 2.473e-01 1.250e-05 1.050e-05 4.125e-05 -1.000 1.000e-04 -2.973 -3.367 -3.890 -4.312 -4.897 -5.132 -5.184 -5.208 -5.204 -4.778 -5.194 -4.752 -5.076 -5.124 -5.143 -5.164 -5.194 -5.203 -5.210 -5.222 -5.215 -5.180 -5.191 -4.974
3.3254e-05 -2.19174 10.07918 0.8003692627 2.4188535213    0.743  3.136  3.6570  0.753    7  0.000  0.403     0.00     0.00 -1    -1e-30      0.00 7.522e-01 2.477e-01 1.238e-05 1.091e-05 4.095e-05 -1.000 9.999e-05 -3.070 -3.460 -3.991 -4.418 -5.008 -5.246 -5.298 -5.323 -5.318 -4.889 -5.309 -4.862 -5.189 -5.238 -5.257 -5.277 -5.309 -5.318 -5.325 -5.337 -5.329 -5.290 -5.302 -5.086
3.3254e-05 -2.19174 10.07918 0.8003696203 2.4188537598    0.743  3.190  3.6535  0.685    7  0.000  0.403     0.00     0.00 -1    -1e-30      0.00 7.517e-01 2.482e-01 1.227e-05 1.135e-05 4.061e-05 -1.000 1.001e-04 -3.205 -3.589 -4.133 -4.567 -5.165 -5.407 -5.459 -5.486 -5.478 -5.045 -5.471 -5.017 -5.348 -5.398 -5.418 -5.437 -5.471 -5.481 -5.489 -5.501 -5.492 -5.445 -5.460 -5.244
3.3254e-05 -2.19174 10.07918 0.8003701568 2.4188539982    0.743  3.237  3.6504  0.625    7  0.549  0.403     0.00     0.00 -1    -1e-30      0.00 7.513e-01 2.486e-01 1.217e-05 1.175e-05 4.030e-05 -1.000 9.999e-05 -3.324 -3.699 -4.254 -4.696 -5.302 -5.549 -5.600 -5.629 -5.619 -5.182 -5.613 -5.152 -5.488 -5.539 -5.560 -5.574 -5.614 -5.624 -5.632 -5.645 -5.634 -5.581 -5.597 -5.383
3.3254e-05 -2.19174 10.07918 0.8003704548 2.4188539982    0.743  3.414  3.6091  0.283    8  0.549  0.390    92.82    44.32  1  -1.3e-06      0.00 7.290e-01 2.706e-01 6.375e-05 5.931e-05 2.177e-04 -1.000 3.690e-04 -3.766 -3.951 -4.661 -5.221 -5.960 -6.279 -6.314 -6.380 -6.344 -5.835 -6.343 -5.772 -6.185 -6.265 -6.295 -6.246 -6.360 -6.371 -6.382 -6.402 -6.380 -6.249 -6.279 -6.058
3.3254e-05 -2.19174 10.07918 0.8003705144 2.4188539982    0.743  3.292  3.6163  0.434    8  0.549  0.390    67.00    33.43  1 -7.42e-07      0.00 7.290e-01 2.706e-01 6.375e-05 5.931e-05 2.177e-04 -1.000 3.690e-04 -3.459 -3.693 -4.363 -4.898 -5.615 -5.920 -5.959 -6.016 -5.982 -5.490 -5.984 -5.433 -5.833 -5.907 -5.935 -5.898 -5.998 -6.008 -6.019 -6.036 -6.016 -5.894 -5.923 -5.710
3.3254e-05 -2.19174 10.07918 0.8003705740 2.4188539982    0.742  3.147  3.6295  0.632    8  0.549  0.390    43.78    23.13  1 -3.76e-07      0.00 7.290e-01 2.706e-01 6.375e-05 5.931e-05 2.177e-04 -1.000 3.690e-04 -3.097 -3.398 -4.014 -4.510 -5.182 -5.464 -5.509 -5.554 -5.527 -5.059 -5.528 -5.014 -5.388 -5.452 -5.478 -5.461 -5.537 -5.547 -5.557 -5.572 -5.554 -5.456 -5.481 -5.272
3.3254e-05 -2.19174 10.07918 0.8003706932 2.4188542366    0.741  2.925  3.6497  0.933    8  0.549  0.390    22.82    13.16  1 -1.27e-07      0.00 7.290e-01 2.706e-01 6.375e-05 5.931e-05 2.177e-04 -1.000 3.690e-04 -2.543 -2.912 -3.458 -3.901 -4.514 -4.766 -4.817 -4.846 -4.834 -4.395 -4.829 -4.362 -4.703 -4.756 -4.777 -4.791 -4.831 -4.840 -4.848 -4.860 -4.850 -4.796 -4.811 -4.596
3.3254e-05 -2.19174 10.07918 0.8003709316 2.4188542366    0.740  2.930  3.6492  0.926    8  0.549  0.390    23.21    13.34  1 -1.31e-07      0.00 7.290e-01 2.706e-01 6.375e-05 5.931e-05 2.177e-04 -1.000 3.690e-04 -2.555 -2.923 -3.471 -3.915 -4.530 -4.782 -4.833 -4.862 -4.850 -4.410 -4.845 -4.377 -4.719 -4.772 -4.793 -4.806 -4.847 -4.856 -4.864 -4.877 -4.866 -4.811 -4.826 -4.611
3.3254e-05 -2.19174 10.07918 0.8003711700 2.4188542366    0.738  2.999  3.6429  0.831    8  0.550  0.390    28.49    15.90  1 -1.86e-07      0.00 7.290e-01 2.706e-01 6.375e-05 5.931e-05 2.177e-04 -1.000 3.690e-04 -2.727 -3.077 -3.646 -4.105 -4.737 -4.998 -5.047 -5.081 -5.064 -4.616 -5.062 -4.579 -4.931 -4.987 -5.010 -5.015 -5.066 -5.075 -5.084 -5.097 -5.084 -5.015 -5.034 -4.821
3.3254e-05 -2.19174 10.07918 0.8003714681 2.4188544750    0.736  3.154  3.6287  0.618    8  0.550  0.390    45.15    23.64  1 -3.99e-07      0.00 7.290e-01 2.706e-01 6.375e-05 5.931e-05 2.177e-04 -1.000 3.690e-04 -3.115 -3.413 -4.032 -4.530 -5.205 -5.487 -5.532 -5.578 -5.550 -5.081 -5.552 -5.035 -5.411 -5.476 -5.501 -5.484 -5.561 -5.571 -5.581 -5.596 -5.578 -5.478 -5.503 -5.295
3.3254e-05 -2.19174 10.07918 0.8003717661 2.4188544750    0.734  3.296  3.6157  0.423    8  0.550  0.390    68.81    33.96  1 -7.85e-07      0.00 7.290e-01 2.706e-01 6.375e-05 5.931e-05 2.177e-04 -1.000 3.690e-04 -3.470 -3.699 -4.373 -4.910 -5.628 -5.935 -5.973 -6.031 -5.997 -5.503 -5.998 -5.446 -5.847 -5.921 -5.950 -5.911 -6.013 -6.023 -6.033 -6.051 -6.031 -5.908 -5.938 -5.724
3.3254e-05 -2.19174 10.07918 0.8003721833 2.4188547134    0.731  3.391  3.6070  0.291    8  0.551  0.390    91.48    43.33  1 -1.23e-06      0.00 7.290e-01 2.706e-01 6.375e-05 5.931e-05 2.177e-04 -1.000 3.690e-04 -3.708 -3.879 -4.596 -5.162 -5.909 -6.234 -6.269 -6.335 -6.299 -5.785 -6.298 -5.719 -6.138 -6.220 -6.251 -6.200 -6.315 -6.327 -6.338 -6.357 -6.336 -6.203 -6.234 -6.009
3.3254e-05 -2.19174 10.07918 0.8003726602 2.4188547134    0.728  3.444  3.6021  0.217    8  0.551  0.390   107.35    49.62  1 -1.58e-06      0.00 7.290e-01 2.706e-01 6.375e-05 5.931e-05 2.177e-04 -1.000 3.690e-04 -3.839 -3.974 -4.718 -5.300 -6.064 -6.400 -6.432 -6.504 -6.467 -5.941 -6.464 -5.868 -6.299 -6.385 -6.418 -6.359 -6.483 -6.495 -6.507 -6.527 -6.504 -6.368 -6.399 -6.167
3.3254e-05 -2.19174 10.07918 0.8003731370 2.4188549519    0.725  3.470  3.5996  0.178    8  0.552  0.390   116.82    53.21  1 -1.81e-06      0.00 7.290e-01 2.706e-01 6.375e-05 5.931e-05 2.177e-04 -1.000 3.690e-04 -3.906 -4.021 -4.779 -5.371 -6.143 -6.485 -6.516 -6.589 -6.553 -6.021 -6.549 -5.945 -6.381 -6.469 -6.503 -6.441 -6.569 -6.581 -6.593 -6.614 -6.591 -6.452 -6.483 -6.247
3.3254e-05 -2.19174 10.07918 0.8003736734 2.4188551903    0.721  3.487  3.5984  0.154    8  0.552  0.390   123.07    55.46  0 -1.99e-06      0.00 7.290e-01 2.706e-01 6.375e-05 5.931e-05 2.177e-04 -1.000 3.690e-04 -3.948 -4.054 -4.819 -5.415 -6.191 -6.535 -6.566 -6.641 -6.604 -6.069 -6.600 -5.991 -6.430 -6.520 -6.554 -6.490 -6.620 -6.632 -6.644 -6.665 -6.642 -6.502 -6.533 -6.296
3.3254e-05 -2.19174 10.07918 0.8003757596 2.4188559055    0.554 -9.999  4.0000  1.705    9  0.554  0.000     0.00     0.00 -1    -1e-30      0.00 7.290e-01 2.706e-01 6.375e-05 5.931e-05 2.177e-04 -1.000 3.690e-04 29.767 30.076 30.060 30.107 30.111 30.112 30.112 30.116 30.112 30.108 30.114 30.117 30.097 30.105 30.117 30.117 30.113 30.117 30.117 30.111 30.112 30.110 30.113 30.107
#isochrone terminated
