# File generated by CMD 3.3 (http://stev.oapd.inaf.it/cmd) on Mon Apr  6 22:28:17 CEST 2020
# isochrones based on PARSEC release v1.2S +  COLIBRI S_35
# Basic references: Bressan et al. (2012), MNRAS, 427, 127 + Chen et al. (2014, 2015), MNRAS, 444, 2525 + MNRAS, 452, 1068 + Tang et al. (2014), MNRAS, 445, 4287 + Marigo et al. (2017), ApJ, 835, 77 + Pastorelli al. (2019), MNRAS in press
# Thermal pulse cycles included 
# On RGB, assumed Reimers mass loss with efficiency eta=0.2
# Photometric system: <i>UBVRIJHK</i> (cf. Maiz-Apellaniz 2006 + Bessell 1990)
# Using YBC version of bolometric corrections as in Chen et al. (2019)
# O-rich circumstellar dpmod60alox40 dust from Groenewegen (2006)
# C-rich circumstellar AMCSIC15 dust from Groenewegen (2006)
# IMF: Kroupa (2001, 2002) + Kroupa et al. (2013) canonical two-part-power law IMF corrected for unresolved binaries 
# Kind of output: isochrone tables
# Zini     MH   logAge Mini        int_IMF         Mass   logL    logTe  logg  label   McoreTP C_O  period0 period1 pmode  Mloss  tau1m   X   Y   Xc  Xn  Xo  Cexcess  Z 	 mbolmag  Umag    Bmag    Vmag    Rmag    Imag    Jmag    Hmag    Kmag
3.3254e-05 -2.19174 10.07918 0.1000000015 1.1711064577    0.100 -2.780  3.5588  5.405    1  0.000  0.545     0.00     0.00 -1 -1.31e-16      0.00 7.453e-01 2.546e-01 1.798e-05 4.851e-06 4.400e-05 -1.000 1.000e-04 11.721 15.894 14.374 12.828 11.758 10.913 9.966 9.710 9.617
3.3254e-05 -2.19174 10.07918 0.1098214313 1.2482755184    0.109 -2.632  3.5741  5.357    1  0.000  0.545     0.00     0.00 -1 -1.86e-16      0.00 7.435e-01 2.564e-01 1.798e-05 4.851e-06 4.400e-05 -1.000 1.000e-04 11.349 14.976 13.741 12.333 11.346 10.575 9.652 9.314 9.198
3.3254e-05 -2.19174 10.07918 0.1294642836 1.3786746264    0.129 -2.390  3.5965  5.277    1  0.000  0.545     0.00     0.00 -1 -3.28e-16      0.00 7.405e-01 2.594e-01 1.798e-05 4.851e-06 4.400e-05 -1.000 1.000e-04 10.744 13.675 12.792 11.558 10.700 10.001 9.131 8.698 8.566
3.3254e-05 -2.19174 10.07918 0.1491071582 1.4855960608    0.149 -2.227  3.6079  5.220    1  0.000  0.545     0.00     0.00 -1 -4.75e-16      0.00 7.387e-01 2.612e-01 1.798e-05 4.851e-06 4.400e-05 -1.000 9.996e-05 10.336 12.992 12.242 11.076 10.273 9.601 8.763 8.299 8.159
3.3254e-05 -2.19174 10.07918 0.1687500030 1.5756140947    0.168 -2.100  3.6152  5.176    1  0.000  0.545     0.00     0.00 -1 -6.29e-16      0.00 7.378e-01 2.621e-01 1.798e-05 4.851e-06 4.400e-05 -1.000 9.990e-05 10.020 12.515 11.843 10.714 9.943 9.288 8.471 7.995 7.848
3.3254e-05 -2.19174 10.07918 0.2080357224 1.7204496861    0.207 -1.896  3.6261  5.107    1  0.000  0.545     0.00     0.00 -1 -9.79e-16      0.00 7.374e-01 2.625e-01 1.798e-05 4.851e-06 4.400e-05 -1.000 1.000e-04 9.511 11.782 11.218 10.139 9.412 8.781 7.996 7.511 7.356
3.3254e-05 -2.19174 10.07918 0.2571428716 1.8581268787    0.257 -1.708  3.6362  5.052    1  0.000  0.545     0.00     0.00 -1 -1.45e-15      0.00 7.377e-01 2.622e-01 1.798e-05 4.852e-06 4.400e-05 -1.000 9.999e-05 9.041 11.119 10.647 9.612 8.921 8.311 7.557 7.073 6.912
3.3254e-05 -2.19174 10.07918 0.3062500358 1.9652637243    0.306 -1.563  3.6446  5.017    1  0.000  0.545     0.00     0.00 -1 -1.93e-15      0.00 7.377e-01 2.622e-01 1.797e-05 4.852e-06 4.400e-05 -1.000 1.000e-04 8.677 10.604 10.204 9.202 8.539 7.947 7.218 6.740 6.579
3.3254e-05 -2.19174 10.07918 0.3553571701 2.0521113873    0.355 -1.440  3.6525  4.990    1  0.000  0.544     0.00     0.00 -1 -2.45e-15      0.00 7.387e-01 2.612e-01 1.796e-05 4.853e-06 4.400e-05 -1.000 9.999e-05 8.371 10.162 9.826 8.856 8.217 7.640 6.935 6.464 6.305
3.3254e-05 -2.19174 10.07918 0.4044643044 2.1246092319    0.404 -1.319  3.6608  4.959    1  0.000  0.545     0.00     0.00 -1 -3.14e-15      0.00 7.500e-01 2.499e-01 1.798e-05 4.851e-06 4.400e-05 -1.000 1.000e-04 8.068 9.719 9.449 8.512 7.898 7.339 6.657 6.195 6.041
3.3254e-05 -2.19174 10.07918 0.4535714388 2.1864814758    0.453 -1.173  3.6741  4.916    1  0.000  0.545     0.00     0.00 -1 -4.37e-15      0.00 7.507e-01 2.492e-01 1.798e-05 4.851e-06 4.400e-05 -1.000 9.993e-05 7.702 9.141 8.970 8.089 7.511 6.979 6.334 5.885 5.742
3.3254e-05 -2.19174 10.07918 0.5026785731 2.2401986122    0.503 -1.009  3.6887  4.855    1  0.000  0.545     0.00     0.00 -1 -6.48e-15      0.00 7.526e-01 2.473e-01 1.786e-05 4.818e-06 4.370e-05 -1.000 1.000e-04 7.293 8.511 8.440 7.624 7.085 6.583 5.975 5.539 5.413
3.3254e-05 -2.19174 10.07918 0.5517857671 2.2851314545    0.551 -0.809  3.7080  4.772    1  0.000  0.544     0.00     0.00 -1 -1.08e-14      0.00 7.851e-01 2.148e-01 1.566e-05 4.228e-06 3.837e-05 -1.000 9.948e-05 6.792 7.747 7.792 7.062 6.571 6.109 5.548 5.133 5.026
3.3254e-05 -2.19174 10.07918 0.6008928418 2.3217256069    0.600 -0.603  3.7325  4.701    1  0.000  0.544     0.00     0.00 -1  -1.8e-14      0.00 7.980e-01 2.020e-01 1.482e-05 4.004e-06 3.635e-05 -1.000 5.256e-05 6.277 6.959 7.121 6.489 6.053 5.638 5.138 4.753 4.670
3.3254e-05 -2.19174 10.07918 0.6072366834 2.3259589672    0.607 -0.575  3.7362  4.693    1  0.000  0.544     0.00     0.00 -1 -1.93e-14      0.00 8.001e-01 1.999e-01 1.469e-05 3.968e-06 3.603e-05 -1.000 1.490e-05 6.207 6.853 7.030 6.411 5.984 5.575 5.084 4.705 4.624
3.3254e-05 -2.19174 10.07918 0.6183252931 2.3331196308    0.618 -0.525  3.7428  4.677    1  0.000  0.543     0.00     0.00 -1 -2.18e-14      0.00 8.038e-01 1.961e-01 1.444e-05 3.903e-06 3.544e-05 -1.000 1.000e-04 6.083 6.670 6.871 6.276 5.862 5.466 4.990 4.619 4.544
3.3254e-05 -2.19174 10.07918 0.6282081604 2.3392572403    0.628 -0.480  3.7486  4.663    1  0.000  0.543     0.00     0.00 -1 -2.44e-14      0.00 8.074e-01 1.925e-01 1.421e-05 3.841e-06 3.489e-05 -1.000 5.597e-05 5.971 6.509 6.731 6.157 5.755 5.369 4.906 4.542 4.473
3.3254e-05 -2.19174 10.07918 0.6378048062 2.3450081348    0.637 -0.437  3.7541  4.648    1  0.000  0.543     0.00     0.00 -1 -2.73e-14      0.00 8.111e-01 1.889e-01 1.398e-05 3.779e-06 3.433e-05 -1.000 2.368e-05 5.862 6.355 6.595 6.041 5.651 5.275 4.824 4.466 4.402
3.3254e-05 -2.19174 10.07918 0.6491134167 2.3515348434    0.649 -0.385  3.7606  4.629    1  0.000  0.543     0.00     0.00 -1 -1.64e-14      0.00 8.156e-01 1.844e-01 1.369e-05 3.702e-06 3.363e-05 -1.000 5.877e-05 5.731 6.175 6.435 5.904 5.528 5.163 4.725 4.375 4.317
3.3254e-05 -2.19174 10.07918 0.6499999762 2.3520355225    0.650 -0.380  3.7611  4.627    1  0.000  0.543     0.00     0.00 -1 -3.14e-14      0.00 8.159e-01 1.840e-01 1.367e-05 3.695e-06 3.358e-05 -1.000 1.000e-04 5.721 6.162 6.423 5.893 5.518 5.154 4.718 4.368 4.310
3.3254e-05 -2.19174 10.07918 0.6585742235 2.3567974567    0.658 -0.340  3.7657  4.612    1  0.000  0.542     0.00     0.00 -1 -3.49e-14      0.00 8.203e-01 1.796e-01 1.338e-05 3.619e-06 3.290e-05 -1.000 1.000e-04 5.620 6.031 6.303 5.789 5.423 5.067 4.640 4.296 4.243
3.3254e-05 -2.19174 10.07918 0.6688095927 2.3622982502    0.669 -0.291  3.7713  4.591    1  0.000  0.542     0.00     0.00 -1 -3.97e-14      0.00 8.259e-01 1.740e-01 1.302e-05 3.523e-06 3.204e-05 -1.000 1.001e-04 5.498 5.875 6.159 5.663 5.308 4.961 4.545 4.207 4.159
3.3254e-05 -2.19174 10.07918 0.6785455346 2.3673541546    0.678 -0.243  3.7764  4.570    1  0.000  0.541     0.00     0.00 -1  -4.5e-14      0.00 8.316e-01 1.683e-01 1.265e-05 3.426e-06 3.116e-05 -1.000 9.993e-05 5.378 5.730 6.021 5.541 5.195 4.856 4.450 4.117 4.073
3.3254e-05 -2.19174 10.07918 0.6878397465 2.3720273972    0.688 -0.196  3.7813  4.549    1  0.000  0.541     0.00     0.00 -1 -5.11e-14      0.00 8.374e-01 1.625e-01 1.228e-05 3.327e-06 3.027e-05 -1.000 9.991e-05 5.261 5.588 5.886 5.422 5.085 4.754 4.357 4.029 3.990
3.3254e-05 -2.19174 10.07918 0.6960875988 2.3760545254    0.696 -0.153  3.7856  4.528    1  0.000  0.540     0.00     0.00 -1 -3.18e-15      0.00 8.429e-01 1.571e-01 1.193e-05 3.234e-06 2.943e-05 -1.000 3.627e-05 5.153 5.461 5.762 5.312 4.983 4.660 4.271 3.950 3.914
3.3254e-05 -2.19174 10.07918 0.6999999881 2.3779268265    0.700 -0.132  3.7876  4.518    1  0.000  0.540     0.00     0.00 -1 -6.08e-14      0.00 8.456e-01 1.544e-01 1.176e-05 3.188e-06 2.902e-05 -1.000 9.090e-07 5.101 5.400 5.703 5.259 4.934 4.614 4.230 3.912 3.878
3.3254e-05 -2.19174 10.07918 0.7090166807 2.3821511269    0.709 -0.082  3.7920  4.490    1  0.000  0.538     0.00     0.00 -1    -7e-14      0.00 8.505e-01 1.495e-01 1.145e-05 3.115e-06 2.838e-05 -1.000 1.346e-05 4.975 5.257 5.561 5.131 4.815 4.502 4.127 3.816 3.785
3.3254e-05 -2.19174 10.07918 0.7175090313 2.3860185146    0.717 -0.032  3.7961  4.462    1  0.000  0.536     0.00     0.00 -1 -8.06e-14      0.00 8.545e-01 1.454e-01 1.122e-05 3.060e-06 2.791e-05 -1.000 6.421e-05 4.850 5.119 5.421 5.003 4.695 4.390 4.024 3.719 3.691
3.3254e-05 -2.19174 10.07918 0.7258906364 2.3897333145    0.725  0.020  3.8001  4.431    1  0.000  0.534     0.00     0.00 -1 -9.36e-14      0.00 8.581e-01 1.419e-01 1.103e-05 3.016e-06 2.753e-05 -1.000 3.716e-05 4.720 4.976 5.275 4.870 4.570 4.271 3.914 3.616 3.591
3.3254e-05 -2.19174 10.07918 0.7330866456 2.3928451538    0.733  0.067  3.8034  4.401    1  0.000  0.533     0.00     0.00 -1 -1.07e-13      0.00 8.608e-01 1.391e-01 1.089e-05 2.984e-06 2.726e-05 -1.000 4.673e-05 4.601 4.851 5.144 4.749 4.455 4.162 3.813 3.521 3.498
3.3254e-05 -2.19174 10.07918 0.7400557995 2.3957924843    0.739  0.117  3.8065  4.368    1  0.000  0.531     0.00     0.00 -1 -8.97e-14      0.00 8.632e-01 1.367e-01 1.077e-05 2.957e-06 2.703e-05 -1.000 9.996e-05 4.478 4.721 5.009 4.623 4.336 4.048 3.706 3.420 3.399
3.3254e-05 -2.19174 10.07918 0.7470233440 2.3986759186    0.746  0.170  3.8095  4.331    1  0.000  0.530     0.00     0.00 -1 -1.94e-14      0.00 8.654e-01 1.345e-01 1.066e-05 2.934e-06 2.683e-05 -1.000 1.000e-04 4.345 4.583 4.863 4.487 4.205 3.923 3.587 3.307 3.288
3.3254e-05 -2.19174 10.07918 0.7500000000 2.3998889923    0.749  0.193  3.8108  4.314    1  0.000  0.529     0.00     0.00 -1 -1.57e-13      0.00 8.663e-01 1.336e-01 1.061e-05 2.925e-06 2.675e-05 -1.000 1.000e-04 4.286 4.522 4.799 4.426 4.147 3.868 3.535 3.257 3.238
3.3254e-05 -2.19174 10.07918 0.7512725592 2.4004042149    0.751  0.204  3.8114  4.307    1  0.000  0.529     0.00     0.00 -1 -1.61e-13      0.00 8.663e-01 1.336e-01 1.062e-05 2.927e-06 2.677e-05 -1.000 1.000e-04 4.261 4.496 4.772 4.400 4.123 3.844 3.513 3.236 3.218
3.3254e-05 -2.19174 10.07918 0.7593882084 2.4036436081    0.759  0.276  3.8149  4.254    1  0.000  0.529     0.00     0.00 -1 -2.01e-13      0.00 8.666e-01 1.334e-01 1.067e-05 2.941e-06 2.691e-05 -1.000 3.412e-06 4.081 4.312 4.576 4.215 3.944 3.672 3.349 3.081 3.063
3.3254e-05 -2.19174 10.07918 0.7647736073 2.4057495594    0.764  0.328  3.8169  4.212    1  0.000  0.528     0.00     0.00 -1 -2.38e-13      0.00 8.666e-01 1.334e-01 1.070e-05 2.951e-06 2.701e-05 -1.000 9.060e-05 3.949 4.180 4.435 4.079 3.813 3.545 3.227 2.963 2.946
3.3254e-05 -2.19174 10.07918 0.7698798180 2.4077150822    0.769  0.381  3.8184  4.168    1  0.000  0.528     0.00     0.00 -1 -2.81e-13      0.00 8.655e-01 1.344e-01 1.080e-05 2.978e-06 2.726e-05 -1.000 1.000e-04 3.817 4.048 4.295 3.944 3.681 3.416 3.102 2.842 2.825
3.3254e-05 -2.19174 10.07918 0.7740544677 2.4092998505    0.773  0.428  3.8189  4.126    1  0.000  0.528     0.00     0.00 -1 -3.29e-13      0.00 8.642e-01 1.357e-01 1.091e-05 3.007e-06 2.753e-05 -1.000 1.000e-04 3.701 3.933 4.174 3.826 3.564 3.300 2.987 2.729 2.713
3.3254e-05 -2.19174 10.07918 0.7755149603 2.4098496437    0.774  0.446  3.8185  4.107    1  0.000  0.528     0.00     0.00 -1 -3.51e-13      0.00 8.638e-01 1.361e-01 1.094e-05 3.017e-06 2.762e-05 -1.000 1.000e-04 3.654 3.888 4.127 3.778 3.516 3.252 2.938 2.680 2.663
3.3254e-05 -2.19174 10.07918 0.7794836164 2.4113318920    0.778  0.501  3.8165  4.047    1  0.000  0.528     0.00     0.00 -1 -4.24e-13      0.00 8.626e-01 1.373e-01 1.104e-05 3.044e-06 2.787e-05 -1.000 1.000e-04 3.519 3.760 3.994 3.642 3.378 3.111 2.792 2.530 2.513
3.3254e-05 -2.19174 10.07918 0.7822609544 2.4123587608    0.781  0.543  3.8136  3.994    1  0.000  0.528     0.00     0.00 -1 -4.96e-13      0.00 8.617e-01 1.382e-01 1.111e-05 3.063e-06 2.804e-05 -1.000 9.994e-05 3.412 3.661 3.894 3.537 3.268 2.997 2.671 2.404 2.386
3.3254e-05 -2.19174 10.07918 0.7828532457 2.4125766754    0.781  0.553  3.8129  3.982    1  0.000  0.528     0.00     0.00 -1 -5.15e-13      0.00 8.616e-01 1.383e-01 1.112e-05 3.067e-06 2.808e-05 -1.000 1.000e-04 3.388 3.639 3.872 3.513 3.243 2.971 2.644 2.375 2.356
3.3254e-05 -2.19174 10.07918 0.7834342718 2.4127900600    0.782  0.564  3.8115  3.966    1  0.000  0.528     0.00     0.00 -1 -5.37e-13      0.00 8.614e-01 1.385e-01 1.114e-05 3.071e-06 2.811e-05 -1.000 9.999e-05 3.360 3.614 3.848 3.486 3.214 2.940 2.609 2.338 2.319
3.3254e-05 -2.19174 10.07918 0.7853887677 2.4135050774    0.784  0.604  3.8057  3.903    2  0.000  0.528     0.00     0.00 -1 -6.32e-13      0.00 8.608e-01 1.391e-01 1.119e-05 3.084e-06 2.823e-05 -1.000 9.994e-05 3.260 3.530 3.766 3.390 3.107 2.823 2.479 2.196 2.175
3.3254e-05 -2.19174 10.07918 0.7868847847 2.4140498638    0.785  0.640  3.7986  3.840    2  0.000  0.528     0.00     0.00 -1 -7.37e-13      0.00 8.604e-01 1.395e-01 1.122e-05 3.094e-06 2.833e-05 -1.000 9.996e-05 3.171 3.460 3.700 3.306 3.010 2.715 2.354 2.058 2.033
3.3254e-05 -2.19174 10.07918 0.7880567312 2.4144747257    0.786  0.672  3.7902  3.774    2  0.000  0.528     0.00     0.00 -1 -8.57e-13      0.00 8.600e-01 1.399e-01 1.125e-05 3.102e-06 2.840e-05 -1.000 9.811e-05 3.089 3.406 3.648 3.231 2.921 2.611 2.231 1.919 1.889
3.3254e-05 -2.19174 10.07918 0.7890018225 2.4148166180    0.787  0.702  3.7811  3.708    2  0.000  0.528     0.00     0.00 -1  -9.9e-13      0.00 8.564e-01 1.436e-01 1.150e-05 3.170e-06 2.902e-05 -1.000 4.868e-05 3.014 3.365 3.607 3.165 2.838 2.513 2.112 1.782 1.747
3.3254e-05 -2.19174 10.07918 0.7897948027 2.4151024818    0.788  0.731  3.7722  3.645    2  0.000  0.530     0.00     0.00 -1 -1.14e-12      0.00 8.391e-01 1.608e-01 1.253e-05 3.449e-06 3.152e-05 -1.000 2.539e-05 2.943 3.331 3.569 3.102 2.759 2.420 1.999 1.655 1.614
3.3254e-05 -2.19174 10.07918 0.7904944420 2.4153542519    0.789  0.761  3.7641  3.583    2  0.000  0.533     0.00     0.00 -1 -1.31e-12      0.00 8.120e-01 1.879e-01 1.411e-05 3.872e-06 3.531e-05 -1.000 5.311e-05 2.869 3.295 3.527 3.036 2.679 2.327 1.888 1.529 1.483
3.3254e-05 -2.19174 10.07918 0.7911152244 2.4155771732    0.789  0.793  3.7572  3.523    2  0.000  0.535     0.00     0.00 -1 -1.51e-12      0.00 7.927e-01 2.073e-01 1.524e-05 4.174e-06 3.800e-05 -1.000 9.003e-05 2.787 3.252 3.476 2.964 2.593 2.230 1.774 1.404 1.353
3.3254e-05 -2.19174 10.07918 0.7917300463 2.4157977104    0.790  0.834  3.7510  3.457    2  0.000  0.536     0.00     0.00 -1 -1.78e-12      0.00 7.810e-01 2.189e-01 1.592e-05 4.356e-06 3.963e-05 -1.000 1.001e-04 2.685 3.188 3.401 2.869 2.487 2.113 1.644 1.264 1.207
3.3254e-05 -2.19174 10.07918 0.7922153473 2.4159712791    0.790  0.874  3.7470  3.402    2  0.000  0.536     0.00     0.00 -1 -2.08e-12      0.00 7.756e-01 2.243e-01 1.624e-05 4.441e-06 4.039e-05 -1.000 1.000e-04 2.585 3.116 3.320 2.775 2.385 2.005 1.526 1.139 1.079
3.3254e-05 -2.19174 10.07918 0.7925471067 2.4160900116    0.791  0.904  3.7446  3.362    2  0.000  0.536     0.00     0.00 -1 -2.34e-12      0.00 7.728e-01 2.271e-01 1.640e-05 4.484e-06 4.077e-05 -1.000 1.000e-04 2.510 3.058 3.256 2.704 2.309 1.924 1.439 1.049 0.987
3.3254e-05 -2.19174 10.07918 0.7928423285 2.4161953926    0.791  0.934  3.7430  3.326    3  0.000  0.537     0.00     0.00 -1 -2.61e-12      0.00 7.710e-01 2.289e-01 1.650e-05 4.509e-06 4.100e-05 -1.000 1.001e-04 2.434 2.993 3.188 2.630 2.233 1.845 1.356 0.963 0.900
3.3254e-05 -2.19174 10.07918 0.7932294011 2.4163334370    0.791  0.976  3.7409  3.276    3  0.000  0.537     0.00     0.00 -1 -3.04e-12      0.00 7.690e-01 2.310e-01 1.660e-05 4.538e-06 4.125e-05 -1.000 6.101e-05 2.331 2.904 3.094 2.530 2.129 1.738 1.243 0.846 0.782
3.3254e-05 -2.19174 10.07918 0.7936193347 2.4164724350    0.792  1.020  3.7390  3.225    3  0.000  0.537     0.00     0.00 -1 -3.57e-12      0.00 7.671e-01 2.329e-01 1.669e-05 4.562e-06 4.146e-05 -1.000 3.588e-05 2.221 2.808 2.992 2.423 2.019 1.625 1.125 0.724 0.658
3.3254e-05 -2.19174 10.07918 0.7939928174 2.4166054726    0.792  1.065  3.7374  3.174    3  0.000  0.537     0.00     0.00 -1  -4.2e-12      0.00 7.654e-01 2.346e-01 1.676e-05 4.581e-06 4.164e-05 -1.000 9.646e-05 2.109 2.709 2.888 2.315 1.907 1.510 1.006 0.601 0.535
3.3254e-05 -2.19174 10.07918 0.7943897247 2.4167466164    0.792  1.115  3.7356  3.116    3  0.000  0.537     0.00     0.00 -1 -5.04e-12      0.00 7.637e-01 2.362e-01 1.683e-05 4.599e-06 4.180e-05 -1.000 9.997e-05 1.982 2.596 2.769 2.191 1.781 1.381 0.872 0.463 0.396
3.3254e-05 -2.19174 10.07918 0.7947227955 2.4168648720    0.792  1.161  3.7341  3.065    3  0.000  0.537     0.00     0.00 -1 -5.94e-12      0.00 7.624e-01 2.375e-01 1.687e-05 4.611e-06 4.191e-05 -1.000 1.000e-04 1.868 2.493 2.662 2.080 1.667 1.265 0.752 0.339 0.272
3.3254e-05 -2.19174 10.07918 0.7950597405 2.4169845581    0.793  1.211  3.7326  3.009    3  0.000  0.537     0.00     0.00 -1  -7.1e-12      0.00 7.611e-01 2.388e-01 1.691e-05 4.623e-06 4.200e-05 -1.000 5.375e-05 1.743 2.380 2.544 1.959 1.543 1.139 0.621 0.205 0.136
3.3254e-05 -2.19174 10.07918 0.7953903079 2.4171016216    0.793  1.264  3.7309  2.949    3  0.000  0.537     0.00     0.00 -1 -8.59e-12      0.00 7.598e-01 2.401e-01 1.694e-05 4.634e-06 4.209e-05 -1.000 6.506e-05 1.611 2.260 2.418 1.829 1.411 1.003 0.481 0.061 -0.008
3.3254e-05 -2.19174 10.07918 0.7956570983 2.4171962738    0.793  1.311  3.7295  2.896    3  0.000  0.536     0.00     0.00 -1 -1.02e-11      0.00 7.588e-01 2.411e-01 1.696e-05 4.642e-06 4.215e-05 -1.000 9.477e-05 1.493 2.156 2.308 1.714 1.293 0.884 0.357 -0.066 -0.136
3.3254e-05 -2.19174 10.07918 0.7959144711 2.4172873497    0.793  1.360  3.7280  2.841    3  0.000  0.536     0.00     0.00 -1 -1.21e-11      0.00 7.579e-01 2.420e-01 1.697e-05 4.651e-06 4.221e-05 -1.000 9.994e-05 1.371 2.046 2.192 1.594 1.171 0.759 0.228 -0.199 -0.269
3.3254e-05 -2.19174 10.07918 0.7961456180 2.4173691273    0.793  1.408  3.7265  2.787    3  0.000  0.535     0.00     0.00 -1 -1.44e-11      0.00 7.571e-01 2.428e-01 1.696e-05 4.661e-06 4.225e-05 -1.000 9.999e-05 1.251 1.940 2.080 1.477 1.052 0.637 0.102 -0.329 -0.400
3.3254e-05 -2.19174 10.07918 0.7963551283 2.4174430370    0.793  1.455  3.7249  2.734    3  0.000  0.535     0.00     0.00 -1 -1.71e-11      0.00 7.565e-01 2.434e-01 1.696e-05 4.671e-06 4.228e-05 -1.000 1.000e-04 1.132 1.834 1.968 1.362 0.933 0.516 -0.024 -0.458 -0.530
3.3254e-05 -2.19174 10.07918 0.7965425253 2.4175093174    0.793  1.502  3.7235  2.681    3  0.000  0.534     0.00     0.00 -1 -2.03e-11      0.00 7.559e-01 2.440e-01 1.695e-05 4.681e-06 4.231e-05 -1.000 1.000e-04 1.015 1.730 1.859 1.248 0.817 0.397 -0.147 -0.585 -0.657
3.3254e-05 -2.19174 10.07918 0.7967199087 2.4175720215    0.793  1.551  3.7219  2.626    3  0.000  0.533     0.00     0.00 -1 -2.41e-11      0.00 7.555e-01 2.444e-01 1.693e-05 4.692e-06 4.233e-05 -1.000 1.000e-04 0.893 1.622 1.745 1.130 0.696 0.274 -0.275 -0.716 -0.789
3.3254e-05 -2.19174 10.07918 0.7968773842 2.4176275730    0.793  1.598  3.7203  2.573    3  0.000  0.533     0.00     0.00 -1 -2.86e-11      0.00 7.552e-01 2.447e-01 1.692e-05 4.702e-06 4.235e-05 -1.000 9.994e-05 0.776 1.518 1.635 1.016 0.579 0.155 -0.399 -0.844 -0.918
3.3254e-05 -2.19174 10.07918 0.7970173359 2.4176769257    0.793  1.643  3.7188  2.521    3  0.000  0.532     0.00     0.00 -1 -3.37e-11      0.00 7.550e-01 2.449e-01 1.691e-05 4.710e-06 4.235e-05 -1.000 1.000e-04 0.661 1.418 1.530 0.905 0.466 0.039 -0.520 -0.969 -1.043
3.3254e-05 -2.19174 10.07918 0.7971441150 2.4177217484    0.793  1.689  3.7173  2.470    3  0.000  0.532     0.00     0.00 -1 -3.97e-11      0.00 7.548e-01 2.451e-01 1.690e-05 4.715e-06 4.236e-05 -1.000 9.450e-05 0.549 1.321 1.425 0.796 0.354 -0.076 -0.639 -1.091 -1.167
3.3254e-05 -2.19174 10.07918 0.7972629666 2.4177634716    0.793  1.735  3.7157  2.417    3  0.000  0.532     0.00     0.00 -1 -4.69e-11      0.00 7.547e-01 2.452e-01 1.690e-05 4.718e-06 4.237e-05 -1.000 1.000e-04 0.434 1.224 1.320 0.684 0.239 -0.194 -0.761 -1.217 -1.293
3.3254e-05 -2.19174 10.07918 0.7973679304 2.4178006649    0.792  1.779  3.7141  2.366    3  0.000  0.532     0.00     0.00 -1 -5.51e-11      0.00 7.547e-01 2.452e-01 1.690e-05 4.719e-06 4.237e-05 -1.000 1.001e-04 0.322 1.131 1.218 0.577 0.128 -0.308 -0.879 -1.339 -1.416
3.3254e-05 -2.19174 10.07918 0.7974649072 2.4178347588    0.792  1.824  3.7125  2.315    3  0.000  0.532     0.00     0.00 -1 -6.47e-11      0.00 7.547e-01 2.452e-01 1.690e-05 4.719e-06 4.237e-05 -1.000 1.001e-04 0.211 1.037 1.116 0.469 0.017 -0.421 -0.998 -1.461 -1.539
3.3254e-05 -2.19174 10.07918 0.7975539565 2.4178659916    0.792  1.868  3.7109  2.264    3  0.000  0.532     0.00     0.00 -1 -7.61e-11      0.00 7.547e-01 2.452e-01 1.690e-05 4.719e-06 4.237e-05 -1.000 1.001e-04 0.100 0.944 1.015 0.362 -0.093 -0.534 -1.115 -1.583 -1.661
3.3254e-05 -2.19174 10.07918 0.7976330519 2.4178938866    0.792  1.911  3.7093  2.215    3  0.000  0.532     0.00     0.00 -1 -8.88e-11      0.00 7.547e-01 2.452e-01 1.690e-05 4.719e-06 4.237e-05 -1.000 1.000e-04 -0.006 0.856 0.918 0.259 -0.199 -0.643 -1.229 -1.700 -1.779
3.3254e-05 -2.19174 10.07918 0.7977061272 2.4179196358    0.792  1.953  3.7078  2.167    3  0.000  0.532     0.00     0.00 -1 -1.04e-10      0.00 7.547e-01 2.452e-01 1.690e-05 4.719e-06 4.237e-05 -1.000 1.000e-04 -0.113 0.769 0.822 0.157 -0.305 -0.751 -1.341 -1.816 -1.896
3.3254e-05 -2.19174 10.07918 0.7977763414 2.4179444313    0.791  1.997  3.7061  2.116    3  0.000  0.532     0.00     0.00 -1 -1.22e-10      0.00 7.547e-01 2.452e-01 1.690e-05 4.720e-06 4.237e-05 -1.000 1.000e-04 -0.223 0.678 0.723 0.051 -0.414 -0.864 -1.459 -1.938 -2.018
3.3254e-05 -2.19174 10.07918 0.7978364825 2.4179656506    0.791  2.038  3.7045  2.068    3  0.000  0.532     0.00     0.00 -1 -1.41e-10      0.00 7.547e-01 2.452e-01 1.690e-05 4.720e-06 4.237e-05 -1.000 9.999e-05 -0.325 0.595 0.631 -0.047 -0.515 -0.968 -1.568 -2.051 -2.132
3.3254e-05 -2.19174 10.07918 0.7978920341 2.4179852009    0.790  2.079  3.7030  2.021    3  0.000  0.532     0.00     0.00 -1 -1.64e-10      0.00 7.547e-01 2.452e-01 1.690e-05 4.720e-06 4.237e-05 -1.000 1.001e-04 -0.428 0.512 0.539 -0.145 -0.616 -1.072 -1.676 -2.163 -2.245
3.3254e-05 -2.19174 10.07918 0.7979452014 2.4180037975    0.790  2.121  3.7014  1.972    3  0.000  0.532     0.00     0.00 -1 -1.91e-10      0.00 7.547e-01 2.452e-01 1.690e-05 4.720e-06 4.237e-05 -1.000 1.000e-04 -0.533 0.427 0.445 -0.246 -0.721 -1.180 -1.789 -2.279 -2.362
3.3254e-05 -2.19174 10.07918 0.7979915142 2.4180200100    0.790  2.161  3.6998  1.925    3  0.000  0.532     0.00     0.00 -1 -2.21e-10      0.00 7.547e-01 2.452e-01 1.690e-05 4.720e-06 4.237e-05 -1.000 1.001e-04 -0.632 0.351 0.358 -0.341 -0.820 -1.281 -1.895 -2.389 -2.473
3.3254e-05 -2.19174 10.07918 0.7980349660 2.4180355072    0.789  2.200  3.6982  1.880    3  0.000  0.532     0.00     0.00 -1 -2.55e-10      0.00 7.547e-01 2.452e-01 1.690e-05 4.720e-06 4.237e-05 -1.000 1.000e-04 -0.731 0.276 0.271 -0.435 -0.917 -1.382 -2.000 -2.498 -2.582
3.3254e-05 -2.19174 10.07918 0.7980801463 2.4180512428    0.788  2.238  3.6968  1.836    3  0.000  0.532     0.00     0.00 -1 -2.93e-10      0.00 7.547e-01 2.452e-01 1.690e-05 4.720e-06 4.237e-05 -1.000 1.001e-04 -0.824 0.206 0.190 -0.523 -1.009 -1.477 -2.099 -2.600 -2.686
3.3254e-05 -2.19174 10.07918 0.7981302142 2.4180688858    0.788  2.268  3.6956  1.800    3  0.000  0.532     0.00     0.00 -1 -3.29e-10      0.00 7.547e-01 2.452e-01 1.690e-05 4.720e-06 4.237e-05 -1.000 9.999e-05 -0.901 0.147 0.122 -0.597 -1.086 -1.556 -2.182 -2.685 -2.771
3.3254e-05 -2.19174 10.07918 0.7981535792 2.4180769920    0.787  2.263  3.6960  1.807    3  0.000  0.532     0.00     0.00 -1 -3.25e-10      0.00 7.547e-01 2.452e-01 1.690e-05 4.720e-06 4.237e-05 -1.000 1.000e-04 -0.887 0.155 0.132 -0.584 -1.072 -1.541 -2.166 -2.669 -2.755
3.3254e-05 -2.19174 10.07918 0.7981594205 2.4180791378    0.787  2.270  3.6957  1.799    3  0.000  0.532     0.00     0.00 -1 -3.32e-10      0.00 7.547e-01 2.452e-01 1.690e-05 4.720e-06 4.237e-05 -1.000 1.000e-04 -0.904 0.142 0.118 -0.600 -1.089 -1.559 -2.184 -2.687 -2.774
3.3254e-05 -2.19174 10.07918 0.7981916666 2.4180905819    0.787  2.310  3.6940  1.752    3  0.000  0.532     0.00     0.00 -1 -3.81e-10      0.00 7.547e-01 2.452e-01 1.690e-05 4.720e-06 4.237e-05 -1.000 1.001e-04 -1.004 0.068 0.032 -0.695 -1.188 -1.661 -2.291 -2.798 -2.885
3.3254e-05 -2.19174 10.07918 0.7982242703 2.4181020260    0.786  2.352  3.6924  1.703    3  0.000  0.532     0.00     0.00 -1 -4.45e-10      0.00 7.547e-01 2.452e-01 1.690e-05 4.720e-06 4.237e-05 -1.000 1.000e-04 -1.111 -0.013 -0.062 -0.796 -1.293 -1.769 -2.405 -2.916 -3.004
3.3254e-05 -2.19174 10.07918 0.7982519865 2.4181118011    0.785  2.391  3.6907  1.657    3  0.000  0.532     0.00     0.00 -1 -5.13e-10      0.00 7.546e-01 2.453e-01 1.690e-05 4.721e-06 4.237e-05 -1.000 9.997e-05 -1.207 -0.083 -0.144 -0.887 -1.388 -1.868 -2.508 -3.024 -3.112
3.3254e-05 -2.19174 10.07918 0.7982791662 2.4181213379    0.785  2.431  3.6889  1.609    3  0.000  0.532     0.00     0.00 -1 -5.95e-10      0.00 7.546e-01 2.453e-01 1.690e-05 4.721e-06 4.237e-05 -1.000 1.000e-04 -1.308 -0.155 -0.229 -0.982 -1.487 -1.970 -2.617 -3.136 -3.226
3.3254e-05 -2.19174 10.07918 0.7983045578 2.4181301594    0.784  2.472  3.6873  1.562    3  0.000  0.532     0.00     0.00 -1  -6.9e-10      0.00 7.546e-01 2.453e-01 1.690e-05 4.721e-06 4.238e-05 -1.000 9.999e-05 -1.409 -0.227 -0.315 -1.077 -1.587 -2.073 -2.725 -3.248 -3.339
3.3254e-05 -2.19174 10.07918 0.7983267903 2.4181380272    0.783  2.510  3.6856  1.516    3  0.000  0.532     0.00     0.00 -1 -7.94e-10      0.00 7.546e-01 2.453e-01 1.690e-05 4.721e-06 4.238e-05 -1.000 1.000e-04 -1.504 -0.269 -0.386 -1.166 -1.681 -2.172 -2.828 -3.356 -3.446
3.3254e-05 -2.19174 10.07918 0.7983488441 2.4181456566    0.782  2.550  3.6837  1.468    3  0.000  0.532     0.00     0.00 -1 -9.21e-10      0.00 7.546e-01 2.453e-01 1.690e-05 4.721e-06 4.238e-05 -1.000 1.001e-04 -1.604 -0.335 -0.468 -1.258 -1.779 -2.274 -2.936 -3.468 -3.559
3.3254e-05 -2.19174 10.07918 0.7983683944 2.4181525707    0.781  2.588  3.6821  1.423    3  0.000  0.532     0.00     0.00 -1 -1.06e-09      0.00 7.546e-01 2.453e-01 1.690e-05 4.721e-06 4.238e-05 -1.000 1.000e-04 -1.699 -0.374 -0.538 -1.347 -1.874 -2.373 -3.039 -3.575 -3.666
3.3254e-05 -2.19174 10.07918 0.7983866334 2.4181590080    0.780  2.625  3.6804  1.378    3  0.000  0.532     0.00     0.00 -1 -1.22e-09      0.00 7.546e-01 2.453e-01 1.690e-05 4.721e-06 4.238e-05 -1.000 9.997e-05 -1.793 -0.406 -0.603 -1.433 -1.968 -2.471 -3.143 -3.682 -3.774
3.3254e-05 -2.19174 10.07918 0.7984039783 2.4181652069    0.779  2.664  3.6786  1.332    3  0.000  0.532     0.00     0.00 -1  -1.4e-09      0.00 7.546e-01 2.453e-01 1.690e-05 4.721e-06 4.238e-05 -1.000 1.000e-04 -1.889 -0.430 -0.666 -1.520 -2.063 -2.571 -3.248 -3.792 -3.883
3.3254e-05 -2.19174 10.07918 0.7984226942 2.4181716442    0.777  2.708  3.6767  1.279    3  0.000  0.532     0.00     0.00 -1 -1.65e-09      0.00 7.546e-01 2.453e-01 1.690e-05 4.721e-06 4.238e-05 -1.000 9.993e-05 -2.000 -0.458 -0.738 -1.620 -2.172 -2.686 -3.369 -3.917 -4.009
3.3254e-05 -2.19174 10.07918 0.7984377146 2.4181768894    0.776  2.746  3.6747  1.233    3  0.000  0.532     0.00     0.00 -1  -1.9e-09      0.00 7.546e-01 2.453e-01 1.690e-05 4.721e-06 4.238e-05 -1.000 1.000e-04 -2.095 -0.463 -0.791 -1.703 -2.266 -2.786 -3.475 -4.028 -4.119
3.3254e-05 -2.19174 10.07918 0.7984532118 2.4181823730    0.774  2.788  3.6728  1.182    3  0.000  0.532     0.00     0.00 -1 -2.23e-09      0.00 7.546e-01 2.453e-01 1.690e-05 4.721e-06 4.238e-05 -1.000 1.000e-04 -2.200 -0.474 -0.852 -1.796 -2.370 -2.896 -3.591 -4.149 -4.240
3.3254e-05 -2.19174 10.07918 0.7984660268 2.4181869030    0.773  2.825  3.6711  1.137    3  0.000  0.532     0.00     0.00 -1 -2.56e-09      0.00 7.546e-01 2.453e-01 1.690e-05 4.721e-06 4.238e-05 -1.000 9.994e-05 -2.294 -0.475 -0.902 -1.876 -2.461 -2.994 -3.694 -4.256 -4.347
3.3254e-05 -2.19174 10.07918 0.7984790802 2.4181914330    0.771  2.866  3.6689  1.087    3  0.000  0.532     0.00     0.00 -1 -2.98e-09      0.00 7.546e-01 2.453e-01 1.690e-05 4.721e-06 4.238e-05 -1.000 1.001e-04 -2.395 -0.456 -0.946 -1.961 -2.559 -3.100 -3.808 -4.375 -4.466
3.3254e-05 -2.19174 10.07918 0.7984898686 2.4181952477    0.769  2.902  3.6673  1.044    3  0.000  0.532     0.00     0.00 -1  -3.4e-09      0.00 7.546e-01 2.453e-01 1.690e-05 4.721e-06 4.238e-05 -1.000 1.000e-04 -2.484 -0.446 -0.988 -2.035 -2.646 -3.193 -3.906 -4.477 -4.568
3.3254e-05 -2.19174 10.07918 0.7985012531 2.4181993008    0.767  2.942  3.6652  0.994    3  0.000  0.532     0.00     0.00 -1 -3.95e-09      0.00 7.546e-01 2.453e-01 1.690e-05 4.721e-06 4.238e-05 -1.000 1.000e-04 -2.584 -0.411 -1.022 -2.115 -2.742 -3.297 -4.018 -4.595 -4.685
3.3254e-05 -2.19174 10.07918 0.7985127568 2.4182033539    0.764  2.985  3.6630  0.941    3  0.000  0.532     0.00     0.00 -1 -4.65e-09      0.00 7.546e-01 2.453e-01 1.690e-05 4.721e-06 4.238e-05 -1.000 1.001e-04 -2.692 -0.361 -1.051 -2.198 -2.844 -3.411 -4.140 -4.721 -4.810
3.3254e-05 -2.19174 10.07918 0.7985221744 2.4182066917    0.762  3.022  3.6611  0.894    3  0.000  0.532     0.00     0.00 -1 -5.36e-09      0.00 7.546e-01 2.453e-01 1.690e-05 4.721e-06 4.238e-05 -1.000 1.000e-04 -2.785 -0.305 -1.069 -2.267 -2.932 -3.509 -4.246 -4.831 -4.920
3.3254e-05 -2.19174 10.07918 0.7985301614 2.4182093143    0.760  3.056  3.6593  0.852    3  0.000  0.532     0.00     0.00 -1 -6.09e-09      0.00 7.546e-01 2.453e-01 1.690e-05 4.721e-06 4.238e-05 -1.000 9.999e-05 -2.869 -0.239 -1.075 -2.325 -3.010 -3.598 -4.342 -4.931 -5.019
3.3254e-05 -2.19174 10.07918 0.7985384464 2.4182124138    0.757  3.093  3.6575  0.806    3  0.000  0.532     0.00     0.00 -1    -7e-09      0.00 7.546e-01 2.453e-01 1.690e-05 4.721e-06 4.238e-05 -1.000 1.001e-04 -2.962 -0.192 -1.093 -2.390 -3.094 -3.692 -4.444 -5.039 -5.126
3.3254e-05 -2.19174 10.07918 0.7985469103 2.4182152748    0.753  3.132  3.6552  0.756    3  0.000  0.532     0.00     0.00 -1 -8.14e-09      0.00 7.546e-01 2.453e-01 1.690e-05 4.721e-06 4.238e-05 -1.000 1.000e-04 -3.061 -0.172 -1.124 -2.461 -3.183 -3.792 -4.554 -5.154 -5.242
3.3254e-05 -2.19174 10.07918 0.7985540628 2.4182178974    0.750  3.168  3.6533  0.711    3  0.000  0.532     0.00     0.00 -1 -9.33e-09      0.00 7.546e-01 2.453e-01 1.690e-05 4.721e-06 4.238e-05 -1.000 1.000e-04 -3.150 -0.157 -1.154 -2.526 -3.264 -3.882 -4.652 -5.257 -5.345
3.3254e-05 -2.19174 10.07918 0.7985612154 2.4182202816    0.746  3.205  3.6513  0.663    3  0.000  0.532     0.00     0.00 -1 -1.08e-08      0.00 7.546e-01 2.453e-01 1.690e-05 4.721e-06 4.238e-05 -1.000 1.000e-04 -3.242 -0.138 -1.182 -2.592 -3.347 -3.975 -4.754 -5.364 -5.452
3.3254e-05 -2.19174 10.07918 0.7985678911 2.4182226658    0.743  3.239  3.6494  0.620    3  0.000  0.532     0.00     0.00 -1 -1.23e-08      0.00 7.546e-01 2.453e-01 1.690e-05 4.721e-06 4.238e-05 -1.000 1.001e-04 -3.326 -0.122 -1.208 -2.652 -3.422 -4.060 -4.847 -5.461 -5.549
3.3254e-05 -2.19174 10.07918 0.7985697389 2.4182233810    0.741  3.247  3.6490  0.609    3  0.000  0.532     0.00     0.00 -1 -1.27e-08      0.00 7.546e-01 2.453e-01 1.690e-05 4.721e-06 4.238e-05 -1.000 1.000e-04 -3.348 -0.119 -1.215 -2.668 -3.441 -4.082 -4.871 -5.486 -5.575
3.3254e-05 -2.19174 10.07918 0.7985697389 2.4182233810    0.741  1.658  3.9482  3.395    4  0.000  0.533     0.00     0.00 -1    -1e-30      0.00 7.562e-01 2.437e-01 1.688e-05 4.684e-06 4.222e-05 -1.000 9.993e-05 0.626 0.778 0.734 0.721 0.702 0.674 0.631 0.612 0.607
3.3254e-05 -2.19174 10.07918 0.7985704541 2.4182236195    0.741  1.664  3.9443  3.373    4  0.000  0.533     0.00     0.00 -1    -1e-30      0.00 7.562e-01 2.437e-01 1.688e-05 4.684e-06 4.222e-05 -1.000 9.994e-05 0.609 0.761 0.710 0.692 0.670 0.638 0.589 0.566 0.561
3.3254e-05 -2.19174 10.07918 0.7986187339 2.4182405472    0.741  1.685  3.9336  3.309    4  0.000  0.533     0.00     0.00 -1    -1e-30      0.00 7.562e-01 2.437e-01 1.688e-05 4.684e-06 4.222e-05 -1.000 9.993e-05 0.558 0.713 0.643 0.611 0.578 0.535 0.468 0.437 0.430
3.3254e-05 -2.19174 10.07918 0.7986656427 2.4182569981    0.741  1.685  3.9337  3.310    4  0.000  0.533     0.00     0.00 -1    -1e-30      0.00 7.562e-01 2.437e-01 1.688e-05 4.684e-06 4.222e-05 -1.000 9.999e-05 0.557 0.712 0.642 0.610 0.578 0.535 0.469 0.438 0.430
3.3254e-05 -2.19174 10.07918 0.7987126708 2.4182734489    0.741  1.685  3.9339  3.311    4  0.000  0.533     0.00     0.00 -1    -1e-30      0.00 7.562e-01 2.437e-01 1.688e-05 4.684e-06 4.222e-05 -1.000 9.993e-05 0.557 0.712 0.642 0.611 0.579 0.536 0.470 0.439 0.432
3.3254e-05 -2.19174 10.07918 0.7987601757 2.4182901382    0.741  1.685  3.9339  3.311    4  0.000  0.533     0.00     0.00 -1    -1e-30      0.00 7.562e-01 2.437e-01 1.688e-05 4.684e-06 4.222e-05 -1.000 9.993e-05 0.557 0.712 0.642 0.611 0.579 0.536 0.470 0.439 0.432
3.3254e-05 -2.19174 10.07918 0.7988089919 2.4183073044    0.741  1.685  3.9337  3.309    4  0.000  0.533     0.00     0.00 -1    -1e-30      0.00 7.562e-01 2.437e-01 1.688e-05 4.684e-06 4.222e-05 -1.000 9.993e-05 0.557 0.711 0.641 0.610 0.577 0.534 0.468 0.437 0.429
3.3254e-05 -2.19174 10.07918 0.7988574505 2.4183242321    0.741  1.686  3.9331  3.307    4  0.000  0.533     0.00     0.00 -1    -1e-30      0.00 7.562e-01 2.437e-01 1.688e-05 4.684e-06 4.222e-05 -1.000 9.993e-05 0.556 0.711 0.640 0.607 0.574 0.530 0.463 0.432 0.424
3.3254e-05 -2.19174 10.07918 0.7989027500 2.4183402061    0.741  1.686  3.9323  3.303    4  0.000  0.533     0.00     0.00 -1    -1e-30      0.00 7.562e-01 2.437e-01 1.688e-05 4.684e-06 4.222e-05 -1.000 9.999e-05 0.555 0.710 0.638 0.604 0.570 0.525 0.457 0.424 0.416
3.3254e-05 -2.19174 10.07918 0.7989516258 2.4183573723    0.741  1.687  3.9311  3.298    4  0.000  0.533     0.00     0.00 -1    -1e-30      0.00 7.562e-01 2.437e-01 1.688e-05 4.684e-06 4.222e-05 -1.000 9.991e-05 0.553 0.709 0.634 0.599 0.564 0.518 0.448 0.414 0.406
3.3254e-05 -2.19174 10.07918 0.7989966869 2.4183731079    0.742  1.688  3.9297  3.291    4  0.000  0.533     0.00     0.00 -1    -1e-30      0.00 7.562e-01 2.437e-01 1.688e-05 4.684e-06 4.222e-05 -1.000 9.993e-05 0.550 0.707 0.630 0.593 0.556 0.508 0.436 0.401 0.393
3.3254e-05 -2.19174 10.07918 0.7990423441 2.4183890820    0.742  1.689  3.9278  3.282    4  0.000  0.533     0.00     0.00 -1    -1e-30      0.00 7.562e-01 2.437e-01 1.688e-05 4.684e-06 4.222e-05 -1.000 9.994e-05 0.547 0.705 0.627 0.586 0.547 0.497 0.421 0.384 0.376
3.3254e-05 -2.19174 10.07918 0.7990902662 2.4184060097    0.742  1.691  3.9254  3.271    4  0.000  0.533     0.00     0.00 -1    -1e-30      0.00 7.562e-01 2.437e-01 1.688e-05 4.684e-06 4.222e-05 -1.000 9.993e-05 0.543 0.702 0.622 0.577 0.536 0.482 0.402 0.363 0.354
3.3254e-05 -2.19174 10.07918 0.7991400957 2.4184234142    0.742  1.693  3.9225  3.257    4  0.000  0.533     0.00     0.00 -1    -1e-30      0.00 7.562e-01 2.437e-01 1.688e-05 4.684e-06 4.222e-05 -1.000 9.993e-05 0.538 0.699 0.615 0.566 0.521 0.463 0.378 0.336 0.326
3.3254e-05 -2.19174 10.07918 0.7991865873 2.4184398651    0.742  1.695  3.9192  3.242    4  0.000  0.533     0.00     0.00 -1    -1e-30      0.00 7.562e-01 2.437e-01 1.688e-05 4.684e-06 4.222e-05 -1.000 9.993e-05 0.532 0.696 0.609 0.554 0.505 0.443 0.352 0.307 0.296
3.3254e-05 -2.19174 10.07918 0.7992334962 2.4184560776    0.742  1.698  3.9154  3.224    4  0.000  0.533     0.00     0.00 -1    -1e-30      0.00 7.562e-01 2.437e-01 1.688e-05 4.684e-06 4.222e-05 -1.000 9.993e-05 0.526 0.691 0.603 0.542 0.487 0.420 0.323 0.272 0.261
3.3254e-05 -2.19174 10.07918 0.7992828488 2.4184734821    0.742  1.701  3.9109  3.203    4  0.000  0.533     0.00     0.00 -1    -1e-30      0.00 7.562e-01 2.437e-01 1.688e-05 4.684e-06 4.222e-05 -1.000 9.993e-05 0.518 0.687 0.597 0.526 0.466 0.392 0.287 0.231 0.220
3.3254e-05 -2.19174 10.07918 0.7993294001 2.4184896946    0.742  1.704  3.9062  3.181    4  0.000  0.533     0.00     0.00 -1    -1e-30      0.00 7.562e-01 2.437e-01 1.688e-05 4.684e-06 4.222e-05 -1.000 9.993e-05 0.509 0.683 0.593 0.512 0.445 0.363 0.250 0.188 0.176
3.3254e-05 -2.19174 10.07918 0.7993761301 2.4185061455    0.742  1.708  3.9008  3.155    4  0.000  0.533     0.00     0.00 -1    -1e-30      0.00 7.562e-01 2.437e-01 1.688e-05 4.684e-06 4.222e-05 -1.000 9.993e-05 0.500 0.678 0.588 0.497 0.421 0.331 0.207 0.139 0.126
3.3254e-05 -2.19174 10.07918 0.7994242907 2.4185230732    0.742  1.712  3.8948  3.127    4  0.000  0.533     0.00     0.00 -1    -1e-30      0.00 7.562e-01 2.437e-01 1.688e-05 4.684e-06 4.222e-05 -1.000 9.997e-05 0.489 0.674 0.588 0.482 0.396 0.296 0.161 0.083 0.070
3.3254e-05 -2.19174 10.07918 0.7994737029 2.4185402393    0.742  1.717  3.8879  3.095    4  0.000  0.533     0.00     0.00 -1    -1e-30      0.00 7.562e-01 2.437e-01 1.688e-05 4.684e-06 4.222e-05 -1.000 9.993e-05 0.478 0.670 0.590 0.467 0.368 0.257 0.109 0.021 0.006
3.3254e-05 -2.19174 10.07918 0.7995197177 2.4185564518    0.742  1.722  3.8810  3.063    4  0.000  0.533     0.00     0.00 -1    -1e-30      0.00 7.562e-01 2.437e-01 1.688e-05 4.684e-06 4.222e-05 -1.000 9.993e-05 0.466 0.667 0.597 0.454 0.343 0.220 0.057 -0.043 -0.058
3.3254e-05 -2.19174 10.07918 0.7995240688 2.4185578823    0.742  1.722  3.8803  3.059    4  0.000  0.533     0.00     0.00 -1    -1e-30      0.00 7.562e-01 2.437e-01 1.688e-05 4.684e-06 4.222e-05 -1.000 9.993e-05 0.464 0.667 0.598 0.453 0.340 0.216 0.052 -0.049 -0.064
3.3254e-05 -2.19174 10.07918 0.7995317578 2.4185607433    0.742  1.723  3.8792  3.054    4  0.000  0.533     0.00     0.00 -1    -1e-30      0.00 7.562e-01 2.437e-01 1.688e-05 4.684e-06 4.222e-05 -1.000 9.993e-05 0.462 0.666 0.599 0.451 0.336 0.210 0.043 -0.059 -0.075
3.3254e-05 -2.19174 10.07918 0.7995770574 2.4185764790    0.742  1.728  3.8726  3.023    4  0.000  0.533     0.00     0.00 -1    -1e-30      0.00 7.562e-01 2.437e-01 1.688e-05 4.684e-06 4.222e-05 -1.000 9.993e-05 0.451 0.663 0.607 0.441 0.314 0.175 -0.006 -0.120 -0.136
3.3254e-05 -2.19174 10.07918 0.7996212244 2.4185919762    0.742  1.733  3.8655  2.990    4  0.000  0.533     0.00     0.00 -1    -1e-30      0.00 7.562e-01 2.437e-01 1.688e-05 4.684e-06 4.222e-05 -1.000 9.994e-05 0.438 0.660 0.617 0.433 0.291 0.139 -0.057 -0.185 -0.202
3.3254e-05 -2.19174 10.07918 0.7996684313 2.4186084270    0.742  1.738  3.8575  2.952    4  0.000  0.533     0.00     0.00 -1    -1e-30      0.00 7.562e-01 2.437e-01 1.688e-05 4.684e-06 4.222e-05 -1.000 9.993e-05 0.424 0.657 0.629 0.425 0.267 0.100 -0.114 -0.258 -0.276
3.3254e-05 -2.19174 10.07918 0.7997133732 2.4186241627    0.742  1.744  3.8492  2.913    4  0.000  0.533     0.00     0.00 -1    -1e-30      0.00 7.562e-01 2.437e-01 1.688e-05 4.684e-06 4.222e-05 -1.000 1.000e-04 0.410 0.654 0.643 0.419 0.245 0.061 -0.172 -0.334 -0.352
3.3254e-05 -2.19174 10.07918 0.7997564077 2.4186394215    0.742  1.750  3.8408  2.874    4  0.000  0.533     0.00     0.00 -1    -1e-30      0.00 7.562e-01 2.437e-01 1.688e-05 4.684e-06 4.222e-05 -1.000 9.993e-05 0.395 0.652 0.659 0.413 0.222 0.022 -0.229 -0.409 -0.429
3.3254e-05 -2.19174 10.07918 0.7998008728 2.4186549187    0.742  1.756  3.8323  2.834    4  0.000  0.533     0.00     0.00 -1    -1e-30      0.00 7.562e-01 2.437e-01 1.688e-05 4.684e-06 4.222e-05 -1.000 9.993e-05 0.380 0.651 0.675 0.408 0.200 -0.016 -0.288 -0.486 -0.507
3.3254e-05 -2.19174 10.07918 0.7998445034 2.4186701775    0.742  1.762  3.8239  2.794    4  0.000  0.533     0.00     0.00 -1    -1e-30      0.00 7.562e-01 2.437e-01 1.688e-05 4.684e-06 4.222e-05 -1.000 9.993e-05 0.364 0.652 0.691 0.403 0.179 -0.053 -0.346 -0.563 -0.585
3.3254e-05 -2.19174 10.07918 0.7998885512 2.4186856747    0.743  1.769  3.8158  2.755    4  0.000  0.533     0.00     0.00 -1    -1e-30      0.00 7.562e-01 2.437e-01 1.688e-05 4.684e-06 4.222e-05 -1.000 9.993e-05 0.348 0.653 0.707 0.398 0.158 -0.090 -0.401 -0.637 -0.661
3.3254e-05 -2.19174 10.07918 0.7999327183 2.4187009335    0.743  1.775  3.8083  2.719    4  0.000  0.533     0.00     0.00 -1    -1e-30      0.00 7.562e-01 2.437e-01 1.688e-05 4.684e-06 4.222e-05 -1.000 9.993e-05 0.331 0.654 0.724 0.393 0.138 -0.124 -0.454 -0.707 -0.733
3.3254e-05 -2.19174 10.07918 0.7999771237 2.4187166691    0.743  1.784  3.7999  2.677    4  0.000  0.533     0.00     0.00 -1    -1e-30      0.00 7.562e-01 2.437e-01 1.688e-05 4.684e-06 4.222e-05 -1.000 9.991e-05 0.311 0.655 0.742 0.386 0.113 -0.165 -0.516 -0.788 -0.817
3.3254e-05 -2.19174 10.07918 0.7999859452 2.4187195301    0.743  1.786  3.7981  2.668    4  0.000  0.533     0.00     0.00 -1    -1e-30      0.00 7.562e-01 2.437e-01 1.688e-05 4.684e-06 4.222e-05 -1.000 9.999e-05 0.306 0.655 0.746 0.385 0.108 -0.173 -0.528 -0.805 -0.834
3.3254e-05 -2.19174 10.07918 0.8000315428 2.4187355042    0.743  1.796  3.7900  2.625    4  0.000  0.533     0.00     0.00 -1    -1e-30      0.00 7.562e-01 2.437e-01 1.688e-05 4.684e-06 4.222e-05 -1.000 9.993e-05 0.281 0.655 0.760 0.374 0.081 -0.216 -0.592 -0.887 -0.919
3.3254e-05 -2.19174 10.07918 0.8000764251 2.4187512398    0.743  1.810  3.7799  2.570    4  0.000  0.533     0.00     0.00 -1    -1e-30      0.00 7.562e-01 2.437e-01 1.688e-05 4.684e-06 4.222e-05 -1.000 9.993e-05 0.244 0.651 0.772 0.356 0.041 -0.273 -0.675 -0.994 -1.030
3.3254e-05 -2.19174 10.07918 0.8001142144 2.4187645912    0.743  1.836  3.7669  2.492    4  0.000  0.533     0.00     0.00 -1    -1e-30      0.00 7.562e-01 2.437e-01 1.688e-05 4.684e-06 4.222e-05 -1.000 9.999e-05 0.179 0.641 0.770 0.315 -0.024 -0.362 -0.798 -1.148 -1.189
3.3254e-05 -2.19174 10.07918 0.8001347184 2.4187717438    0.743  1.867  3.7553  2.415    4  0.000  0.533     0.00     0.00 -1    -1e-30      0.00 7.562e-01 2.437e-01 1.688e-05 4.684e-06 4.222e-05 -1.000 9.993e-05 0.101 0.619 0.752 0.260 -0.103 -0.462 -0.927 -1.304 -1.351
3.3254e-05 -2.19174 10.07918 0.8001438975 2.4187748432    0.743  1.899  3.7461  2.346    4  0.000  0.533     0.00     0.00 -1    -1e-30      0.00 7.562e-01 2.437e-01 1.688e-05 4.684e-06 4.222e-05 -1.000 9.991e-05 0.023 0.591 0.722 0.199 -0.181 -0.556 -1.046 -1.442 -1.496
3.3254e-05 -2.19174 10.07918 0.8001480699 2.4187762737    0.743  1.932  3.7383  2.282    4  0.000  0.533     0.00     0.00 -1    -1e-30      0.00 7.562e-01 2.437e-01 1.688e-05 4.684e-06 4.222e-05 -1.000 9.993e-05 -0.060 0.557 0.681 0.133 -0.263 -0.652 -1.162 -1.575 -1.633
3.3254e-05 -2.19174 10.07918 0.8001500368 2.4187769890    0.743  1.964  3.7325  2.227    4  0.000  0.533     0.00     0.00 -1    -1e-30      0.00 7.562e-01 2.437e-01 1.688e-05 4.684e-06 4.222e-05 -1.000 9.994e-05 -0.139 0.522 0.634 0.066 -0.342 -0.741 -1.266 -1.692 -1.753
3.3254e-05 -2.19174 10.07918 0.8001508117 2.4187772274    0.743  1.984  3.7294  2.195    7  0.000  0.533     0.00     0.00 -1    -1e-30      0.00 7.562e-01 2.437e-01 1.688e-05 4.684e-06 4.222e-05 -1.000 9.991e-05 -0.189 0.496 0.601 0.023 -0.391 -0.796 -1.329 -1.761 -1.825
3.3254e-05 -2.19174 10.07918 0.8001510501 2.4187774658    0.743  1.993  3.7283  2.181    7  0.000  0.533     0.00     0.00 -1    -1e-30      0.00 7.562e-01 2.437e-01 1.688e-05 4.684e-06 4.222e-05 -1.000 9.993e-05 -0.212 0.483 0.585 0.003 -0.414 -0.821 -1.357 -1.792 -1.856
3.3254e-05 -2.19174 10.07918 0.8001519442 2.4187777042    0.743  2.033  3.7241  2.124    7  0.000  0.533     0.00     0.00 -1    -1e-30      0.00 7.562e-01 2.437e-01 1.688e-05 4.684e-06 4.222e-05 -1.000 9.993e-05 -0.312 0.420 0.510 -0.088 -0.512 -0.927 -1.475 -1.919 -1.985
3.3254e-05 -2.19174 10.07918 0.8001527786 2.4187779427    0.743  2.072  3.7205  2.070    7  0.000  0.533     0.00     0.00 -1    -1e-30      0.00 7.562e-01 2.437e-01 1.688e-05 4.684e-06 4.222e-05 -1.000 9.993e-05 -0.411 0.354 0.433 -0.178 -0.610 -1.032 -1.589 -2.041 -2.110
3.3254e-05 -2.19174 10.07918 0.8001536131 2.4187781811    0.743  2.112  3.7172  2.018    7  0.000  0.533     0.00     0.00 -1    -1e-30      0.00 7.562e-01 2.437e-01 1.688e-05 4.684e-06 4.222e-05 -1.000 9.993e-05 -0.510 0.287 0.354 -0.269 -0.708 -1.136 -1.702 -2.161 -2.232
3.3254e-05 -2.19174 10.07918 0.8001544476 2.4187786579    0.743  2.149  3.7145  1.970    7  0.000  0.533     0.00     0.00 -1    -1e-30      0.00 7.562e-01 2.437e-01 1.688e-05 4.684e-06 4.222e-05 -1.000 9.993e-05 -0.603 0.223 0.279 -0.355 -0.800 -1.233 -1.807 -2.272 -2.344
3.3254e-05 -2.19174 10.07918 0.8001558185 2.4187791348    0.743  2.173  3.7130  1.940    7  0.000  0.533     0.00     0.00 -1    -1e-30      0.00 7.562e-01 2.437e-01 1.688e-05 4.684e-06 4.222e-05 -1.000 9.993e-05 -0.662 0.181 0.230 -0.410 -0.858 -1.294 -1.872 -2.340 -2.413
3.3254e-05 -2.19174 10.07918 0.8001582623 2.4187798500    0.743  2.153  3.7146  1.966    7  0.000  0.533     0.00     0.00 -1    -1e-30      0.00 7.562e-01 2.437e-01 1.688e-05 4.684e-06 4.222e-05 -1.000 1.000e-04 -0.613 0.213 0.268 -0.366 -0.810 -1.243 -1.817 -2.281 -2.354
3.3254e-05 -2.19174 10.07918 0.8001741767 2.4187853336    0.743  2.143  3.7149  1.977    7  0.000  0.533     0.00     0.00 -1    -1e-30      0.00 7.562e-01 2.437e-01 1.688e-05 4.684e-06 4.222e-05 -1.000 9.993e-05 -0.588 0.235 0.292 -0.340 -0.785 -1.217 -1.789 -2.254 -2.326
3.3254e-05 -2.19174 10.07918 0.8001890779 2.4187905788    0.743  2.174  3.7124  1.936    7  0.000  0.533     0.00     0.00 -1    -1e-30      0.00 7.562e-01 2.437e-01 1.688e-05 4.684e-06 4.222e-05 -1.000 9.993e-05 -0.666 0.184 0.231 -0.412 -0.862 -1.299 -1.879 -2.348 -2.422
3.3254e-05 -2.19174 10.07918 0.8002071977 2.4187970161    0.743  2.222  3.7091  1.876    7  0.000  0.533     0.00     0.00 -1    -1e-30      0.00 7.562e-01 2.437e-01 1.688e-05 4.684e-06 4.222e-05 -1.000 9.993e-05 -0.784 0.104 0.135 -0.522 -0.979 -1.422 -2.011 -2.487 -2.563
3.3254e-05 -2.19174 10.07918 0.8002244830 2.4188029766    0.743  2.263  3.7064  1.823    7  0.000  0.533     0.00     0.00 -1    -1e-30      0.00 7.562e-01 2.437e-01 1.688e-05 4.684e-06 4.222e-05 -1.000 9.993e-05 -0.888 0.034 0.050 -0.619 -1.082 -1.530 -2.127 -2.609 -2.686
3.3254e-05 -2.19174 10.07918 0.8002404571 2.4188086987    0.743  2.305  3.7039  1.772    7  0.000  0.533     0.00     0.00 -1    -1e-30      0.00 7.562e-01 2.437e-01 1.688e-05 4.684e-06 4.222e-05 -1.000 9.993e-05 -0.991 -0.037 -0.035 -0.715 -1.184 -1.637 -2.240 -2.728 -2.806
3.3254e-05 -2.19174 10.07918 0.8002547622 2.4188137054    0.743  2.346  3.7015  1.721    7  0.000  0.533     0.00     0.00 -1    -1e-30      0.00 7.562e-01 2.437e-01 1.688e-05 4.685e-06 4.222e-05 -1.000 9.993e-05 -1.094 -0.109 -0.120 -0.811 -1.286 -1.743 -2.353 -2.846 -2.927
3.3254e-05 -2.19174 10.07918 0.8002675176 2.4188179970    0.743  2.387  3.6992  1.670    7  0.000  0.533     0.00     0.00 -1    -1e-30      0.00 7.562e-01 2.437e-01 1.687e-05 4.687e-06 4.222e-05 -1.000 9.984e-05 -1.198 -0.180 -0.206 -0.908 -1.388 -1.850 -2.467 -2.965 -3.047
3.3254e-05 -2.19174 10.07918 0.8002786636 2.4188220501    0.743  2.428  3.6969  1.620    7  0.000  0.531     0.00     0.00 -1    -1e-30      0.00 7.562e-01 2.437e-01 1.681e-05 4.709e-06 4.222e-05 -1.000 9.558e-05 -1.301 -0.249 -0.290 -1.003 -1.489 -1.955 -2.579 -3.083 -3.166
3.3254e-05 -2.19174 10.07918 0.8002885580 2.4188253880    0.743  2.469  3.6946  1.570    7  0.000  0.524     0.00     0.00 -1    -1e-30      0.00 7.561e-01 2.438e-01 1.661e-05 4.858e-06 4.222e-05 -1.000 9.343e-05 -1.403 -0.318 -0.373 -1.098 -1.589 -2.060 -2.691 -3.200 -3.284
3.3254e-05 -2.19174 10.07918 0.8002974987 2.4188284874    0.743  2.510  3.6924  1.520    7  0.000  0.510     0.00     0.00 -1    -1e-30      0.00 7.560e-01 2.439e-01 1.616e-05 5.336e-06 4.223e-05 -1.000 9.887e-05 -1.506 -0.388 -0.457 -1.193 -1.689 -2.165 -2.802 -3.317 -3.402
3.3254e-05 -2.19174 10.07918 0.8003055453 2.4188313484    0.743  2.551  3.6902  1.471    7  0.000  0.493     0.00     0.00 -1    -1e-30      0.00 7.559e-01 2.440e-01 1.562e-05 5.990e-06 4.224e-05 -1.000 9.999e-05 -1.607 -0.456 -0.540 -1.287 -1.789 -2.270 -2.913 -3.433 -3.519
3.3254e-05 -2.19174 10.07918 0.8003130555 2.4188339710    0.743  2.591  3.6880  1.421    7  0.000  0.477     0.00     0.00 -1    -1e-30      0.00 7.557e-01 2.442e-01 1.512e-05 6.603e-06 4.225e-05 -1.000 9.996e-05 -1.709 -0.518 -0.619 -1.380 -1.888 -2.373 -3.024 -3.548 -3.636
3.3254e-05 -2.19174 10.07918 0.8003200293 2.4188363552    0.743  2.632  3.6858  1.372    7  0.000  0.463     0.00     0.00 -1    -1e-30      0.00 7.555e-01 2.444e-01 1.469e-05 7.140e-06 4.227e-05 -1.000 9.999e-05 -1.810 -0.579 -0.699 -1.472 -1.987 -2.477 -3.134 -3.663 -3.753
3.3254e-05 -2.19174 10.07918 0.8003265858 2.4188387394    0.743  2.672  3.6836  1.323    7  0.000  0.452     0.00     0.00 -1    -1e-30      0.00 7.553e-01 2.446e-01 1.432e-05 7.596e-06 4.228e-05 -1.000 1.000e-04 -1.911 -0.610 -0.767 -1.565 -2.088 -2.584 -3.247 -3.780 -3.870
3.3254e-05 -2.19174 10.07918 0.8003328443 2.4188408852    0.743  2.713  3.6814  1.274    7  0.000  0.442     0.00     0.00 -1    -1e-30      0.00 7.550e-01 2.449e-01 1.400e-05 7.990e-06 4.227e-05 -1.000 9.996e-05 -2.012 -0.634 -0.832 -1.656 -2.188 -2.690 -3.359 -3.898 -3.988
3.3254e-05 -2.19174 10.07918 0.8003389239 2.4188430309    0.743  2.753  3.6792  1.224    7  0.000  0.433     0.00     0.00 -1    -1e-30      0.00 7.548e-01 2.451e-01 1.372e-05 8.333e-06 4.227e-05 -1.000 1.000e-04 -2.113 -0.648 -0.893 -1.746 -2.289 -2.796 -3.472 -4.016 -4.106
3.3254e-05 -2.19174 10.07918 0.8003445864 2.4188449383    0.743  2.794  3.6770  1.174    7  0.000  0.425     0.00     0.00 -1    -1e-30      0.00 7.545e-01 2.454e-01 1.348e-05 8.638e-06 4.224e-05 -1.000 1.000e-04 -2.216 -0.653 -0.950 -1.836 -2.390 -2.904 -3.587 -4.135 -4.225
3.3254e-05 -2.19174 10.07918 0.8003495336 2.4188468456    0.743  2.836  3.6747  1.124    7  0.000  0.419     0.00     0.00 -1    -1e-30      0.00 7.542e-01 2.457e-01 1.326e-05 8.909e-06 4.219e-05 -1.000 9.996e-05 -2.320 -0.649 -1.003 -1.925 -2.492 -3.013 -3.703 -4.257 -4.347
3.3254e-05 -2.19174 10.07918 0.8003537059 2.4188482761    0.743  2.877  3.6724  1.073    7  0.000  0.414     0.00     0.00 -1    -1e-30      0.00 7.539e-01 2.460e-01 1.309e-05 9.155e-06 4.211e-05 -1.000 1.000e-04 -2.423 -0.636 -1.051 -2.012 -2.592 -3.122 -3.819 -4.378 -4.468
3.3254e-05 -2.19174 10.07918 0.8003572822 2.4188494682    0.743  2.918  3.6700  1.023    7  0.000  0.411     0.00     0.00 -1    -1e-30      0.00 7.537e-01 2.462e-01 1.293e-05 9.401e-06 4.199e-05 -1.000 9.996e-05 -2.525 -0.613 -1.093 -2.097 -2.692 -3.230 -3.935 -4.499 -4.589
3.3254e-05 -2.19174 10.07918 0.8003604412 2.4188506603    0.743  2.958  3.6677  0.974    7  0.000  0.408     0.00     0.00 -1    -1e-30      0.00 7.534e-01 2.465e-01 1.280e-05 9.649e-06 4.184e-05 -1.000 9.073e-05 -2.625 -0.572 -1.124 -2.175 -2.787 -3.335 -4.047 -4.617 -4.707
3.3254e-05 -2.19174 10.07918 0.8003637791 2.4188516140    0.743  2.998  3.6654  0.924    7  0.000  0.406     0.00     0.00 -1    -1e-30      0.00 7.532e-01 2.467e-01 1.270e-05 9.884e-06 4.169e-05 -1.000 1.001e-04 -2.726 -0.514 -1.146 -2.251 -2.883 -3.441 -4.162 -4.737 -4.827
3.3254e-05 -2.19174 10.07918 0.8003667593 2.4188528061    0.743  3.043  3.6628  0.869    7  0.000  0.405     0.00     0.00 -1    -1e-30      0.00 7.529e-01 2.470e-01 1.262e-05 1.012e-05 4.153e-05 -1.000 9.993e-05 -2.837 -0.436 -1.162 -2.332 -2.988 -3.559 -4.290 -4.871 -4.960
3.3254e-05 -2.19174 10.07918 0.8003681302 2.4188532829    0.743  3.066  3.6613  0.840    7  0.000  0.404     0.00     0.00 -1    -1e-30      0.00 7.527e-01 2.472e-01 1.255e-05 1.035e-05 4.136e-05 -1.000 9.997e-05 -2.895 -0.388 -1.165 -2.372 -3.042 -3.621 -4.357 -4.941 -5.030
3.3254e-05 -2.19174 10.07918 0.8003686070 2.4188532829    0.743  3.045  3.6627  0.867    7  0.000  0.404     0.00     0.00 -1    -1e-30      0.00 7.526e-01 2.473e-01 1.251e-05 1.047e-05 4.127e-05 -1.000 9.999e-05 -2.842 -0.436 -1.164 -2.336 -2.992 -3.564 -4.295 -4.876 -4.965
3.3254e-05 -2.19174 10.07918 0.8003686666 2.4188535213    0.743  3.042  3.6628  0.870    7  0.000  0.404     0.00     0.00 -1    -1e-30      0.00 7.526e-01 2.473e-01 1.251e-05 1.047e-05 4.127e-05 -1.000 1.000e-04 -2.836 -0.440 -1.163 -2.332 -2.987 -3.558 -4.289 -4.869 -4.958
3.3254e-05 -2.19174 10.07918 0.8003687263 2.4188535213    0.743  3.045  3.6627  0.867    7  0.000  0.404     0.00     0.00 -1    -1e-30      0.00 7.526e-01 2.473e-01 1.251e-05 1.048e-05 4.127e-05 -1.000 9.996e-05 -2.842 -0.435 -1.163 -2.336 -2.992 -3.564 -4.296 -4.876 -4.965
3.3254e-05 -2.19174 10.07918 0.8003688455 2.4188535213    0.743  3.061  3.6617  0.847    7  0.000  0.404     0.00     0.00 -1    -1e-30      0.00 7.526e-01 2.473e-01 1.251e-05 1.048e-05 4.126e-05 -1.000 9.999e-05 -2.883 -0.400 -1.165 -2.364 -3.030 -3.608 -4.342 -4.925 -5.014
3.3254e-05 -2.19174 10.07918 0.8003689051 2.4188535213    0.743  3.072  3.6610  0.833    7  0.000  0.404     0.00     0.00 -1    -1e-30      0.00 7.526e-01 2.473e-01 1.251e-05 1.048e-05 4.126e-05 -1.000 9.997e-05 -2.909 -0.376 -1.166 -2.382 -3.055 -3.636 -4.373 -4.958 -5.046
3.3254e-05 -2.19174 10.07918 0.8003690839 2.4188535213    0.743  3.097  3.6594  0.801    7  0.000  0.404     0.00     0.00 -1    -1e-30      0.00 7.526e-01 2.473e-01 1.250e-05 1.050e-05 4.125e-05 -1.000 1.000e-04 -2.973 -0.310 -1.162 -2.423 -3.113 -3.704 -4.448 -5.036 -5.124
3.3254e-05 -2.19174 10.07918 0.8003692627 2.4188535213    0.743  3.136  3.6570  0.753    7  0.000  0.403     0.00     0.00 -1    -1e-30      0.00 7.522e-01 2.477e-01 1.238e-05 1.091e-05 4.095e-05 -1.000 9.999e-05 -3.070 -0.239 -1.169 -2.486 -3.199 -3.802 -4.557 -5.152 -5.239
3.3254e-05 -2.19174 10.07918 0.8003696203 2.4188537598    0.743  3.190  3.6535  0.685    7  0.000  0.403     0.00     0.00 -1    -1e-30      0.00 7.517e-01 2.482e-01 1.227e-05 1.135e-05 4.061e-05 -1.000 1.001e-04 -3.205 -0.195 -1.200 -2.579 -3.319 -3.938 -4.708 -5.311 -5.399
3.3254e-05 -2.19174 10.07918 0.8003701568 2.4188539982    0.743  3.237  3.6504  0.625    7  0.549  0.403     0.00     0.00 -1    -1e-30      0.00 7.513e-01 2.486e-01 1.217e-05 1.175e-05 4.030e-05 -1.000 9.999e-05 -3.324 -0.154 -1.226 -2.659 -3.423 -4.058 -4.841 -5.452 -5.541
3.3254e-05 -2.19174 10.07918 0.8003704548 2.4188539982    0.743  3.414  3.6091  0.283    8  0.549  0.390    92.82    44.32  1  -1.3e-06      0.00 7.290e-01 2.706e-01 6.375e-05 5.931e-05 2.177e-04 -1.000 3.690e-04 -3.766 1.096 -0.543 -2.513 -3.578 -4.403 -5.404 -6.161 -6.268
3.3254e-05 -2.19174 10.07918 0.8003705144 2.4188539982    0.743  3.292  3.6163  0.434    8  0.549  0.390    67.00    33.43  1 -7.42e-07      0.00 7.290e-01 2.706e-01 6.375e-05 5.931e-05 2.177e-04 -1.000 3.690e-04 -3.459 1.017 -0.517 -2.362 -3.345 -4.120 -5.073 -5.805 -5.909
3.3254e-05 -2.19174 10.07918 0.8003705740 2.4188539982    0.742  3.147  3.6295  0.632    8  0.549  0.390    43.78    23.13  1 -3.76e-07      0.00 7.290e-01 2.706e-01 6.375e-05 5.931e-05 2.177e-04 -1.000 3.690e-04 -3.097 0.735 -0.587 -2.226 -3.092 -3.795 -4.671 -5.354 -5.452
3.3254e-05 -2.19174 10.07918 0.8003706932 2.4188542366    0.741  2.925  3.6497  0.933    8  0.549  0.390    22.82    13.16  1 -1.27e-07      0.00 7.290e-01 2.706e-01 6.375e-05 5.931e-05 2.177e-04 -1.000 3.690e-04 -2.543 0.358 -0.588 -1.927 -2.649 -3.262 -4.044 -4.664 -4.756
3.3254e-05 -2.19174 10.07918 0.8003709316 2.4188542366    0.740  2.930  3.6492  0.926    8  0.549  0.390    23.21    13.34  1 -1.31e-07      0.00 7.290e-01 2.706e-01 6.375e-05 5.931e-05 2.177e-04 -1.000 3.690e-04 -2.555 0.369 -0.588 -1.934 -2.659 -3.274 -4.059 -4.680 -4.772
3.3254e-05 -2.19174 10.07918 0.8003711700 2.4188542366    0.738  2.999  3.6429  0.831    8  0.550  0.390    28.49    15.90  1 -1.86e-07      0.00 7.290e-01 2.706e-01 6.375e-05 5.931e-05 2.177e-04 -1.000 3.690e-04 -2.727 0.473 -0.600 -2.035 -2.801 -3.442 -4.254 -4.894 -4.987
3.3254e-05 -2.19174 10.07918 0.8003714681 2.4188544750    0.736  3.154  3.6287  0.618    8  0.550  0.390    45.15    23.64  1 -3.99e-07      0.00 7.290e-01 2.706e-01 6.375e-05 5.931e-05 2.177e-04 -1.000 3.690e-04 -3.115 0.759 -0.578 -2.230 -3.103 -3.810 -4.692 -5.378 -5.476
3.3254e-05 -2.19174 10.07918 0.8003717661 2.4188544750    0.734  3.296  3.6157  0.423    8  0.550  0.390    68.81    33.96  1 -7.85e-07      0.00 7.290e-01 2.706e-01 6.375e-05 5.931e-05 2.177e-04 -1.000 3.690e-04 -3.470 1.038 -0.505 -2.360 -3.349 -4.128 -5.086 -5.819 -5.924
3.3254e-05 -2.19174 10.07918 0.8003721833 2.4188547134    0.731  3.391  3.6070  0.291    8  0.551  0.390    91.48    43.33  1 -1.23e-06      0.00 7.290e-01 2.706e-01 6.375e-05 5.931e-05 2.177e-04 -1.000 3.690e-04 -3.708 1.216 -0.441 -2.426 -3.501 -4.334 -5.347 -6.114 -6.224
3.3254e-05 -2.19174 10.07918 0.8003726602 2.4188547134    0.728  3.444  3.6021  0.217    8  0.551  0.390   107.35    49.62  1 -1.58e-06      0.00 7.290e-01 2.706e-01 6.375e-05 5.931e-05 2.177e-04 -1.000 3.690e-04 -3.839 1.325 -0.390 -2.448 -3.576 -4.443 -5.491 -6.278 -6.391
3.3254e-05 -2.19174 10.07918 0.8003731370 2.4188549519    0.725  3.470  3.5996  0.178    8  0.552  0.390   116.82    53.21  1 -1.81e-06      0.00 7.290e-01 2.706e-01 6.375e-05 5.931e-05 2.177e-04 -1.000 3.690e-04 -3.906 1.385 -0.361 -2.457 -3.613 -4.497 -5.564 -6.361 -6.476
3.3254e-05 -2.19174 10.07918 0.8003736734 2.4188551903    0.721  3.487  3.5984  0.154    8  0.552  0.390   123.07    55.46  0 -1.99e-06      0.00 7.290e-01 2.706e-01 6.375e-05 5.931e-05 2.177e-04 -1.000 3.690e-04 -3.948 1.407 -0.355 -2.470 -3.641 -4.534 -5.609 -6.411 -6.526
3.3254e-05 -2.19174 10.07918 0.8003757596 2.4188559055    0.554 -9.999  4.0000  1.705    9  0.554  0.000     0.00     0.00 -1    -1e-30      0.00 7.290e-01 2.706e-01 6.375e-05 5.931e-05 2.177e-04 -1.000 3.690e-04 29.767 29.820 30.062 30.111 30.103 30.092 30.133 30.128 30.143
#isochrone terminated
