# File generated by CMD 3.6 (http://stev.oapd.inaf.it/cmd) on Mon Feb 28 23:04:03 CET 2022
# isochrones based on PARSEC release v1.2S +  COLIBRI S_37 + S_35 + PR16
# Basic references: Bressan et al. (2012), MNRAS, 427, 127 + Chen et al. (2014, 2015), MNRAS, 444, 2525 + MNRAS, 452, 1068 + Tang et al. (2014), MNRAS, 445, 4287 + Marigo et al. (2017), ApJ, 835, 77 + Pastorelli al. (2019), MNRAS, 485, 5666 + Pastorelli al. (2020), MNRAS, in press
# Thermal pulse cycles included 
# On RGB, assumed Reimers mass loss with efficiency eta=0.2
# LPV periods and growth rates added cf. Trabucchi et al. (2019)
# but fundamental-mode LPV periods are from Trabucchi et al. (2021)
# Photometric system: JWST NIRCam wide+verywide+medium filters, Vegamags
# Using YBC version of bolometric corrections as in Chen et al. (2019)
# O-rich circumstellar dpmod60alox40 dust from Groenewegen (2006)
# C-rich circumstellar AMCSIC15 dust from Groenewegen (2006)
# IMF: Kroupa (2001, 2002) + Kroupa et al. (2013) canonical two-part-power law IMF corrected for unresolved binaries 
# Kind of output: isochrone tables
# Zini     MH   logAge Mini        int_IMF         Mass   logL    logTe  logg  label   McoreTP C_O  period0  period1  period2  period3  period4  pmode  Mloss  tau1m   X   Y   Xc  Xn  Xo  Cexcess  Z 	 mbolmag  F070Wmag  F090Wmag  F115Wmag  F150Wmag  F200Wmag  F277Wmag  F356Wmag  F444Wmag  F150W2mag  F322W2mag  F140Mmag  F162Mmag  F182Mmag  F210Mmag  F250Mmag  F300Mmag  F335Mmag  F360Mmag  F410Mmag  F430Mmag  F460Mmag  F480Mmag  F150WS60mag
0.00032462 -1.68000 10.00000 0.0900000036 1.0816895962    0.090 -3.194  3.4805  5.460    1  0.000  0.545     0.00     0.00     0.00     0.00     0.00 -1    -5e-17      0.00 7.486e-01 2.510e-01 6.448e-05 1.740e-05 1.578e-04 -1.000 3.586e-04 12.754 13.008 11.596 10.915 10.513 10.463 10.166 9.737 9.627 10.640 9.962 10.568 10.447 10.496 10.418 10.298 10.038 9.792 9.696 9.620 9.615 9.637 9.616 10.487
0.00032462 -1.68000 10.00000 0.0967883319 1.1437040567    0.097 -2.963  3.5140  5.395    1  0.000  0.545     0.00     0.00     0.00     0.00     0.00 -1 -8.83e-17      0.00 7.474e-01 2.523e-01 6.448e-05 1.740e-05 1.578e-04 -1.000 3.586e-04 12.178 12.220 11.093 10.452 9.955 9.820 9.595 9.255 9.155 10.082 9.436 10.042 9.843 9.851 9.777 9.692 9.504 9.306 9.217 9.147 9.144 9.165 9.149 9.908
0.00032462 -1.68000 10.00000 0.1000000015 1.1711064577    0.100 -2.860  3.5290  5.366    1  0.000  0.545     0.00     0.00     0.00     0.00     0.00 -1 -1.14e-16      0.00 7.467e-01 2.529e-01 6.448e-05 1.740e-05 1.578e-04 -1.000 3.586e-04 11.920 11.880 10.859 10.241 9.718 9.551 9.349 9.047 8.951 9.842 9.209 9.816 9.591 9.583 9.510 9.433 9.272 9.096 9.011 8.943 8.940 8.960 8.945 9.664
0.00032462 -1.68000 10.00000 0.1199999899 1.3193154335    0.120 -2.570  3.5599  5.279    1  0.000  0.545     0.00     0.00     0.00     0.00     0.00 -1 -2.24e-16      0.00 7.443e-01 2.553e-01 6.448e-05 1.740e-05 1.578e-04 -1.000 3.586e-04 11.196 11.003 10.174 9.609 9.060 8.835 8.671 8.443 8.358 9.170 8.567 9.176 8.906 8.866 8.796 8.733 8.617 8.485 8.413 8.352 8.349 8.364 8.352 8.994
0.00032462 -1.68000 10.00000 0.1400000006 1.4384527206    0.140 -2.388  3.5750  5.224    1  0.000  0.545     0.00     0.00     0.00     0.00     0.00 -1 -3.36e-16      0.00 7.425e-01 2.571e-01 6.448e-05 1.740e-05 1.578e-04 -1.000 3.586e-04 10.741 10.491 9.737 9.199 8.645 8.393 8.242 8.051 7.974 8.747 8.156 8.767 8.482 8.425 8.356 8.296 8.197 8.088 8.026 7.970 7.967 7.979 7.968 8.576
0.00032462 -1.68000 10.00000 0.1599999964 1.5372931957    0.160 -2.247  3.5849  5.181    1  0.000  0.545     0.00     0.00     0.00     0.00     0.00 -1 -4.57e-16      0.00 7.413e-01 2.584e-01 6.448e-05 1.740e-05 1.578e-04 -1.000 3.586e-04 10.387 10.107 9.393 8.872 8.318 8.050 7.906 7.739 7.670 8.415 7.832 8.444 8.151 8.083 8.014 7.956 7.866 7.772 7.717 7.666 7.663 7.674 7.663 8.247
0.00032462 -1.68000 10.00000 0.2000000179 1.6938792467    0.200 -2.027  3.5977  5.109    1  0.000  0.545     0.00     0.00     0.00     0.00     0.00 -1 -7.37e-16      0.00 7.402e-01 2.595e-01 6.448e-05 1.740e-05 1.578e-04 -1.000 3.586e-04 9.837 9.525 8.855 8.356 7.804 7.521 7.383 7.246 7.187 7.895 7.322 7.932 7.633 7.554 7.486 7.428 7.348 7.273 7.228 7.183 7.181 7.191 7.180 7.731
0.00032462 -1.68000 10.00000 0.2233406305 1.7675461769    0.223 -1.926  3.6032  5.077    1  0.000  0.545     0.00     0.00     0.00     0.00     0.00 -1 -9.12e-16      0.00 7.401e-01 2.595e-01 6.447e-05 1.740e-05 1.578e-04 -1.000 3.586e-04 9.585 9.260 8.607 8.118 7.567 7.281 7.145 7.020 6.965 7.657 7.090 7.696 7.395 7.313 7.246 7.188 7.112 7.045 7.004 6.962 6.959 6.970 6.959 7.494
0.00032462 -1.68000 10.00000 0.2500000000 1.8403258324    0.250 -1.823  3.6087  5.046    1  0.000  0.545     0.00     0.00     0.00     0.00     0.00 -1 -1.13e-15      0.00 7.401e-01 2.595e-01 6.447e-05 1.740e-05 1.578e-04 -1.000 3.586e-04 9.327 8.990 8.354 7.874 7.325 7.037 6.905 6.790 6.740 7.414 6.854 7.455 7.152 7.069 7.003 6.946 6.874 6.812 6.775 6.736 6.734 6.745 6.734 7.252
0.00032462 -1.68000 10.00000 0.3000000417 1.9529141188    0.300 -1.667  3.6175  5.004    1  0.000  0.545     0.00     0.00     0.00     0.00     0.00 -1 -1.56e-15      0.00 7.403e-01 2.594e-01 6.446e-05 1.740e-05 1.578e-04 -1.000 3.585e-04 8.936 8.582 7.970 7.505 6.960 6.673 6.546 6.446 6.403 7.048 6.502 7.090 6.786 6.703 6.641 6.583 6.517 6.465 6.433 6.398 6.397 6.408 6.397 6.886
0.00032462 -1.68000 10.00000 0.3333374560 2.0152308941    0.333 -1.580  3.6228  4.984    1  0.000  0.545     0.00     0.00     0.00     0.00     0.00 -1 -1.85e-15      0.00 7.403e-01 2.593e-01 6.444e-05 1.740e-05 1.578e-04 -1.000 3.586e-04 8.719 8.355 7.758 7.301 6.758 6.473 6.349 6.258 6.218 6.847 6.309 6.888 6.585 6.502 6.443 6.385 6.321 6.275 6.246 6.214 6.213 6.223 6.213 6.684
0.00032462 -1.68000 10.00000 0.3499999940 2.0434174538    0.350 -1.539  3.6252  4.974    1  0.000  0.544     0.00     0.00     0.00     0.00     0.00 -1    -2e-15      0.00 7.403e-01 2.593e-01 6.443e-05 1.740e-05 1.578e-04 -1.000 3.586e-04 8.618 8.250 7.659 7.206 6.664 6.381 6.258 6.171 6.133 6.753 6.220 6.794 6.491 6.410 6.352 6.294 6.231 6.187 6.160 6.128 6.127 6.138 6.128 6.591
0.00032462 -1.68000 10.00000 0.3855008781 2.0980417728    0.385 -1.443  3.6326  4.950    1  0.000  0.545     0.00     0.00     0.00     0.00     0.00 -1 -2.45e-15      0.00 7.475e-01 2.521e-01 6.447e-05 1.740e-05 1.578e-04 -1.000 3.586e-04 8.378 7.997 7.426 6.984 6.445 6.168 6.050 5.972 5.939 6.536 6.016 6.574 6.274 6.195 6.140 6.083 6.024 5.987 5.963 5.935 5.934 5.944 5.935 6.373
0.00032462 -1.68000 10.00000 0.4000000060 2.1185026169    0.400 -1.406  3.6354  4.940    1  0.000  0.545     0.00     0.00     0.00     0.00     0.00 -1 -2.64e-15      0.00 7.503e-01 2.493e-01 6.448e-05 1.740e-05 1.578e-04 -1.000 3.586e-04 8.286 7.901 7.337 6.899 6.362 6.087 5.971 5.897 5.865 6.453 5.938 6.491 6.191 6.113 6.060 6.004 5.946 5.910 5.888 5.861 5.860 5.871 5.862 6.289
0.00032462 -1.68000 10.00000 0.4500000179 2.1822810173    0.450 -1.243  3.6522  4.895    1  0.000  0.545     0.00     0.00     0.00     0.00     0.00 -1 -3.82e-15      0.00 7.505e-01 2.491e-01 6.448e-05 1.740e-05 1.578e-04 -1.000 3.586e-04 7.878 7.467 6.945 6.533 6.009 5.753 5.650 5.591 5.569 6.104 5.624 6.134 5.845 5.774 5.729 5.678 5.629 5.602 5.585 5.563 5.564 5.576 5.568 5.939
0.00032462 -1.68000 10.00000 0.5000000000 2.2374541759    0.500 -1.061  3.6742  4.846    1  0.000  0.545     0.00     0.00     0.00     0.00     0.00 -1 -5.83e-15      0.00 7.505e-01 2.491e-01 6.448e-05 1.740e-05 1.578e-04 -1.000 3.586e-04 7.422 6.986 6.517 6.139 5.643 5.413 5.324 5.280 5.265 5.740 5.304 5.759 5.491 5.431 5.394 5.347 5.307 5.288 5.275 5.258 5.260 5.271 5.266 5.578
0.00032462 -1.68000 10.00000 0.5500000715 2.2836585045    0.550 -0.859  3.6966  4.775    1  0.000  0.544     0.00     0.00     0.00     0.00     0.00 -1  -9.6e-15      0.00 7.792e-01 2.205e-01 5.753e-05 1.553e-05 1.409e-04 -1.000 3.112e-04 6.917 6.467 6.045 5.704 5.247 5.045 4.966 4.931 4.920 5.343 4.951 5.352 5.111 5.060 5.029 4.986 4.954 4.938 4.927 4.914 4.916 4.925 4.921 5.189
0.00032462 -1.68000 10.00000 0.6000000238 2.3211214542    0.600 -0.660  3.7220  4.715    1  0.000  0.544     0.00     0.00     0.00     0.00     0.00 -1 -1.56e-14      0.00 7.888e-01 2.108e-01 5.532e-05 1.494e-05 1.356e-04 -1.000 3.508e-04 6.419 5.969 5.596 5.294 4.882 4.710 4.642 4.614 4.603 4.975 4.630 4.974 4.763 4.722 4.696 4.658 4.632 4.619 4.611 4.600 4.601 4.603 4.603 4.831
0.00032462 -1.68000 10.00000 0.6019921899 2.3224666119    0.602 -0.651  3.7231  4.713    1  0.000  0.544     0.00     0.00     0.00     0.00     0.00 -1 -1.59e-14      0.00 7.893e-01 2.103e-01 5.522e-05 1.491e-05 1.353e-04 -1.000 3.565e-04 6.398 5.949 5.578 5.278 4.868 4.697 4.629 4.602 4.591 4.961 4.617 4.959 4.749 4.709 4.683 4.645 4.620 4.607 4.599 4.589 4.589 4.591 4.591 4.817
0.00032462 -1.68000 10.00000 0.6146872640 2.3308031559    0.614 -0.599  3.7305  4.699    1  0.000  0.544     0.00     0.00     0.00     0.00     0.00 -1  -1.8e-14      0.00 7.923e-01 2.074e-01 5.455e-05 1.474e-05 1.338e-04 -1.000 3.076e-04 6.267 5.822 5.464 5.175 4.777 4.614 4.550 4.525 4.514 4.869 4.539 4.865 4.663 4.625 4.601 4.565 4.541 4.529 4.522 4.512 4.512 4.512 4.513 4.728
0.00032462 -1.68000 10.00000 0.6294632554 2.3400208950    0.629 -0.538  3.7390  4.682    1  0.000  0.544     0.00     0.00     0.00     0.00     0.00 -1 -2.09e-14      0.00 7.960e-01 2.037e-01 5.374e-05 1.452e-05 1.318e-04 -1.000 3.181e-04 6.114 5.676 5.333 5.055 4.670 4.515 4.456 4.433 4.423 4.761 4.446 4.754 4.561 4.526 4.504 4.469 4.448 4.437 4.430 4.422 4.422 4.420 4.422 4.623
0.00032462 -1.68000 10.00000 0.6430852413 2.3480885029    0.643 -0.481  3.7467  4.666    1  0.000  0.543     0.00     0.00     0.00     0.00     0.00 -1  -2.4e-14      0.00 7.996e-01 2.001e-01 5.294e-05 1.431e-05 1.299e-04 -1.000 2.876e-04 5.973 5.543 5.213 4.945 4.570 4.423 4.368 4.349 4.339 4.661 4.360 4.651 4.464 4.432 4.412 4.381 4.362 4.353 4.346 4.339 4.338 4.335 4.338 4.524
0.00032462 -1.68000 10.00000 0.6499999762 2.3520355225    0.650 -0.452  3.7506  4.657    1  0.000  0.543     0.00     0.00     0.00     0.00     0.00 -1 -2.57e-14      0.00 8.015e-01 1.982e-01 5.252e-05 1.420e-05 1.289e-04 -1.000 3.018e-04 5.901 5.476 5.153 4.890 4.519 4.376 4.324 4.306 4.297 4.610 4.316 4.599 4.415 4.385 4.366 4.336 4.318 4.310 4.304 4.297 4.296 4.292 4.295 4.474
0.00032462 -1.68000 10.00000 0.6641161442 2.3598001003    0.664 -0.393  3.7580  4.637    1  0.000  0.543     0.00     0.00     0.00     0.00     0.00 -1 -2.99e-14      0.00 8.064e-01 1.933e-01 5.146e-05 1.391e-05 1.264e-04 -1.000 2.796e-04 5.752 5.339 5.029 4.775 4.413 4.279 4.232 4.217 4.208 4.504 4.225 4.491 4.313 4.286 4.270 4.242 4.227 4.220 4.215 4.209 4.208 4.204 4.207 4.370
0.00032462 -1.68000 10.00000 0.6785666347 2.3673651218    0.678 -0.331  3.7654  4.615    1  0.000  0.543     0.00     0.00     0.00     0.00     0.00 -1  -3.5e-14      0.00 8.118e-01 1.879e-01 5.028e-05 1.360e-05 1.235e-04 -1.000 2.795e-04 5.598 5.199 4.901 4.655 4.301 4.175 4.133 4.121 4.114 4.392 4.128 4.377 4.205 4.181 4.167 4.142 4.130 4.124 4.119 4.114 4.113 4.109 4.113 4.260
0.00032462 -1.68000 10.00000 0.6922858953 2.3742120266    0.692 -0.272  3.7723  4.592    1  0.000  0.542     0.00     0.00     0.00     0.00     0.00 -1 -4.07e-14      0.00 8.174e-01 1.823e-01 4.907e-05 1.328e-05 1.207e-04 -1.000 3.058e-04 5.451 5.064 4.777 4.539 4.193 4.073 4.037 4.027 4.020 4.283 4.032 4.266 4.099 4.079 4.066 4.045 4.035 4.029 4.025 4.021 4.020 4.015 4.019 4.152
0.00032462 -1.68000 10.00000 0.6999999881 2.3779268265    0.700 -0.239  3.7760  4.578    1  0.000  0.542     0.00     0.00     0.00     0.00     0.00 -1 -4.45e-14      0.00 8.207e-01 1.790e-01 4.835e-05 1.308e-05 1.189e-04 -1.000 3.057e-04 5.366 4.987 4.707 4.472 4.130 4.015 3.981 3.972 3.966 4.221 3.977 4.203 4.039 4.020 4.009 3.988 3.979 3.974 3.971 3.966 3.966 3.961 3.965 4.091
0.00032462 -1.68000 10.00000 0.7024966478 2.3791089058    0.702 -0.228  3.7772  4.573    1  0.000  0.541     0.00     0.00     0.00     0.00     0.00 -1 -4.58e-14      0.00 8.220e-01 1.777e-01 4.803e-05 1.301e-05 1.183e-04 -1.000 3.034e-04 5.339 4.962 4.683 4.450 4.110 3.996 3.962 3.954 3.948 4.201 3.959 4.182 4.018 4.000 3.989 3.969 3.961 3.956 3.952 3.948 3.947 3.943 3.947 4.070
0.00032462 -1.68000 10.00000 0.7150508761 2.3849098682    0.715 -0.171  3.7830  4.547    1  0.000  0.539     0.00     0.00     0.00     0.00     0.00 -1 -5.33e-14      0.00 8.288e-01 1.710e-01 4.638e-05 1.260e-05 1.147e-04 -1.000 2.720e-04 5.197 4.832 4.563 4.336 4.002 3.895 3.865 3.858 3.853 4.093 3.862 4.072 3.914 3.899 3.889 3.871 3.864 3.860 3.857 3.853 3.852 3.848 3.852 3.964
0.00032462 -1.68000 10.00000 0.7271440029 2.3902804852    0.727 -0.114  3.7883  4.519    1  0.000  0.537     0.00     0.00     0.00     0.00     0.00 -1 -6.21e-14      0.00 8.354e-01 1.644e-01 4.478e-05 1.221e-05 1.112e-04 -1.000 2.057e-04 5.056 4.702 4.442 4.221 3.894 3.792 3.766 3.760 3.755 3.985 3.763 3.962 3.809 3.795 3.787 3.771 3.766 3.762 3.759 3.756 3.755 3.751 3.755 3.857
0.00032462 -1.68000 10.00000 0.7379056811 2.3948898315    0.738 -0.063  3.7930  4.492    1  0.000  0.534     0.00     0.00     0.00     0.00     0.00 -1 -7.16e-14      0.00 8.411e-01 1.587e-01 4.339e-05 1.187e-05 1.082e-04 -1.000 2.168e-04 4.927 4.583 4.330 4.114 3.793 3.696 3.672 3.668 3.663 3.883 3.670 3.860 3.710 3.699 3.691 3.677 3.673 3.669 3.667 3.663 3.663 3.659 3.663 3.757
0.00032462 -1.68000 10.00000 0.7480509281 2.3990960121    0.748 -0.012  3.7972  4.464    1  0.000  0.532     0.00     0.00     0.00     0.00     0.00 -1 -8.26e-14      0.00 8.462e-01 1.536e-01 4.218e-05 1.158e-05 1.056e-04 -1.000 2.075e-04 4.799 4.463 4.218 4.007 3.692 3.599 3.578 3.574 3.569 3.782 3.576 3.757 3.612 3.602 3.595 3.582 3.579 3.576 3.573 3.570 3.569 3.565 3.569 3.657
0.00032462 -1.68000 10.00000 0.7500000000 2.3998889923    0.750 -0.002  3.7980  4.459    1  0.000  0.532     0.00     0.00     0.00     0.00     0.00 -1 -8.49e-14      0.00 8.471e-01 1.527e-01 4.196e-05 1.152e-05 1.051e-04 -1.000 2.056e-04 4.774 4.440 4.196 3.986 3.672 3.580 3.559 3.555 3.551 3.761 3.557 3.736 3.592 3.583 3.576 3.563 3.560 3.557 3.554 3.551 3.551 3.546 3.550 3.637
0.00032462 -1.68000 10.00000 0.7595902085 2.4037232399    0.759  0.049  3.8020  4.429    1  0.000  0.531     0.00     0.00     0.00     0.00     0.00 -1 -9.79e-14      0.00 8.492e-01 1.506e-01 4.169e-05 1.146e-05 1.046e-04 -1.000 2.153e-04 4.648 4.321 4.083 3.878 3.571 3.483 3.463 3.460 3.456 3.659 3.462 3.633 3.493 3.485 3.479 3.467 3.464 3.462 3.459 3.456 3.456 3.452 3.456 3.537
0.00032462 -1.68000 10.00000 0.7692715526 2.4074826241    0.769  0.103  3.8060  4.397    1  0.000  0.531     0.00     0.00     0.00     0.00     0.00 -1 -1.14e-13      0.00 8.510e-01 1.488e-01 4.149e-05 1.141e-05 1.042e-04 -1.000 2.058e-04 4.513 4.194 3.963 3.762 3.461 3.377 3.359 3.357 3.352 3.549 3.358 3.522 3.386 3.379 3.374 3.362 3.361 3.358 3.355 3.353 3.352 3.348 3.352 3.429
0.00032462 -1.68000 10.00000 0.7778472304 2.4107227325    0.777  0.154  3.8094  4.365    1  0.000  0.530     0.00     0.00     0.00     0.00     0.00 -1 -1.33e-13      0.00 8.524e-01 1.474e-01 4.134e-05 1.138e-05 1.040e-04 -1.000 2.315e-04 4.386 4.072 3.847 3.650 3.356 3.275 3.259 3.256 3.252 3.443 3.258 3.415 3.283 3.277 3.272 3.262 3.260 3.257 3.255 3.252 3.252 3.248 3.252 3.324
0.00032462 -1.68000 10.00000 0.7860305309 2.4137392044    0.785  0.206  3.8127  4.330    1  0.000  0.530     0.00     0.00     0.00     0.00     0.00 -1 -1.55e-13      0.00 8.536e-01 1.462e-01 4.124e-05 1.135e-05 1.038e-04 -1.000 2.212e-04 4.256 3.948 3.728 3.535 3.247 3.170 3.154 3.151 3.147 3.333 3.153 3.305 3.176 3.171 3.166 3.157 3.155 3.153 3.150 3.148 3.147 3.143 3.147 3.216
0.00032462 -1.68000 10.00000 0.7935730219 2.4164559841    0.793  0.257  3.8156  4.295    1  0.000  0.529     0.00     0.00     0.00     0.00     0.00 -1  -1.8e-13      0.00 8.546e-01 1.452e-01 4.117e-05 1.133e-05 1.037e-04 -1.000 2.116e-04 4.128 3.824 3.610 3.420 3.138 3.063 3.048 3.045 3.041 3.222 3.046 3.194 3.069 3.064 3.060 3.050 3.049 3.046 3.044 3.041 3.041 3.037 3.041 3.108
0.00032462 -1.68000 10.00000 0.8000000119 2.4187245369    0.799  0.303  3.8178  4.261    1  0.000  0.529     0.00     0.00     0.00     0.00     0.00 -1 -2.08e-13      0.00 8.554e-01 1.444e-01 4.112e-05 1.133e-05 1.036e-04 -1.000 2.057e-04 4.012 3.711 3.500 3.314 3.036 2.962 2.948 2.945 2.941 3.119 2.947 3.090 2.969 2.964 2.959 2.950 2.949 2.947 2.944 2.942 2.941 2.937 2.941 3.007
0.00032462 -1.68000 10.00000 0.8015319109 2.4192590714    0.801  0.314  3.8183  4.253    1  0.000  0.529     0.00     0.00     0.00     0.00     0.00 -1 -2.15e-13      0.00 8.553e-01 1.445e-01 4.115e-05 1.134e-05 1.037e-04 -1.000 2.085e-04 3.984 3.684 3.474 3.288 3.012 2.939 2.924 2.922 2.918 3.095 2.923 3.066 2.945 2.941 2.936 2.927 2.926 2.923 2.920 2.918 2.918 2.914 2.917 2.983
0.00032462 -1.68000 10.00000 0.8082026243 2.4215598106    0.807  0.366  3.8204  4.213    1  0.000  0.529     0.00     0.00     0.00     0.00     0.00 -1 -2.52e-13      0.00 8.546e-01 1.451e-01 4.140e-05 1.140e-05 1.044e-04 -1.000 2.520e-04 3.856 3.558 3.351 3.168 2.897 2.825 2.811 2.808 2.805 2.978 2.810 2.950 2.832 2.827 2.822 2.814 2.812 2.810 2.807 2.805 2.805 2.801 2.804 2.868
0.00032462 -1.68000 10.00000 0.8155936599 2.4240584373    0.814  0.427  3.8220  4.161    1  0.000  0.529     0.00     0.00     0.00     0.00     0.00 -1 -3.07e-13      0.00 8.525e-01 1.472e-01 4.194e-05 1.155e-05 1.057e-04 -1.000 2.735e-04 3.702 3.405 3.201 3.020 2.753 2.682 2.668 2.666 2.662 2.833 2.667 2.804 2.689 2.684 2.679 2.671 2.670 2.667 2.664 2.662 2.662 2.658 2.661 2.725
0.00032462 -1.68000 10.00000 0.8166795373 2.4244210720    0.815  0.437  3.8221  4.153    1  0.000  0.529     0.00     0.00     0.00     0.00     0.00 -1 -3.17e-13      0.00 8.522e-01 1.476e-01 4.203e-05 1.158e-05 1.059e-04 -1.000 2.746e-04 3.678 3.381 3.178 2.997 2.730 2.659 2.646 2.643 2.639 2.810 2.644 2.781 2.666 2.661 2.656 2.648 2.647 2.644 2.641 2.639 2.639 2.635 2.639 2.702
0.00032462 -1.68000 10.00000 0.8185647726 2.4250481129    0.817  0.455  3.8220  4.135    1  0.000  0.529     0.00     0.00     0.00     0.00     0.00 -1 -3.38e-13      0.00 8.516e-01 1.482e-01 4.218e-05 1.162e-05 1.063e-04 -1.000 2.763e-04 3.633 3.335 3.132 2.951 2.684 2.613 2.599 2.597 2.593 2.764 2.598 2.735 2.620 2.615 2.610 2.602 2.601 2.598 2.595 2.593 2.593 2.589 2.592 2.656
0.00032462 -1.68000 10.00000 0.8239154816 2.4268100262    0.822  0.509  3.8206  4.079    1  0.000  0.529     0.00     0.00     0.00     0.00     0.00 -1 -4.05e-13      0.00 8.498e-01 1.499e-01 4.262e-05 1.174e-05 1.074e-04 -1.000 2.815e-04 3.497 3.197 2.991 2.809 2.540 2.468 2.454 2.451 2.447 2.621 2.453 2.592 2.475 2.470 2.465 2.457 2.455 2.452 2.450 2.448 2.447 2.443 2.447 2.511
0.00032462 -1.68000 10.00000 0.8283696175 2.4282565117    0.827  0.561  3.8173  4.015    1  0.000  0.529     0.00     0.00     0.00     0.00     0.00 -1  -4.9e-13      0.00 8.484e-01 1.513e-01 4.298e-05 1.184e-05 1.083e-04 -1.000 2.857e-04 3.367 3.060 2.850 2.663 2.388 2.314 2.299 2.296 2.292 2.470 2.298 2.442 2.322 2.316 2.311 2.302 2.300 2.297 2.295 2.292 2.292 2.288 2.291 2.359
0.00032462 -1.68000 10.00000 0.8291223645 2.4284994602    0.828  0.571  3.8164  4.003    1  0.000  0.529     0.00     0.00     0.00     0.00     0.00 -1  -5.1e-13      0.00 8.482e-01 1.515e-01 4.305e-05 1.186e-05 1.085e-04 -1.000 2.863e-04 3.343 3.035 2.823 2.635 2.359 2.284 2.269 2.266 2.261 2.441 2.267 2.413 2.292 2.285 2.281 2.272 2.270 2.267 2.264 2.262 2.261 2.257 2.261 2.329
0.00032462 -1.68000 10.00000 0.8298506141 2.4287335873    0.828  0.581  3.8152  3.988    1  0.000  0.529     0.00     0.00     0.00     0.00     0.00 -1 -5.32e-13      0.00 8.480e-01 1.518e-01 4.310e-05 1.187e-05 1.086e-04 -1.000 2.870e-04 3.317 3.007 2.793 2.604 2.325 2.249 2.234 2.231 2.226 2.408 2.233 2.380 2.257 2.251 2.246 2.237 2.235 2.232 2.229 2.227 2.227 2.222 2.226 2.295
0.00032462 -1.68000 10.00000 0.8322964907 2.4295172691    0.831  0.618  3.8097  3.930    2  0.000  0.529     0.00     0.00     0.00     0.00     0.00 -1 -6.15e-13      0.00 8.472e-01 1.525e-01 4.330e-05 1.193e-05 1.091e-04 -1.000 2.894e-04 3.225 2.905 2.682 2.486 2.198 2.117 2.101 2.097 2.093 2.282 2.099 2.255 2.126 2.119 2.114 2.104 2.102 2.098 2.096 2.093 2.093 2.088 2.092 2.166
0.00032462 -1.68000 10.00000 0.8341593742 2.4301104546    0.832  0.650  3.8031  3.872    2  0.000  0.529     0.00     0.00     0.00     0.00     0.00 -1 -7.07e-13      0.00 8.466e-01 1.531e-01 4.345e-05 1.197e-05 1.095e-04 -1.000 2.910e-04 3.144 2.813 2.580 2.376 2.075 1.988 1.971 1.967 1.962 2.162 1.969 2.135 2.000 1.990 1.985 1.974 1.971 1.968 1.965 1.962 1.962 1.957 1.961 2.042
0.00032462 -1.68000 10.00000 0.8356123567 2.4305710793    0.834  0.679  3.7952  3.813    2  0.000  0.529     0.00     0.00     0.00     0.00     0.00 -1 -8.07e-13      0.00 8.461e-01 1.536e-01 4.357e-05 1.200e-05 1.098e-04 -1.000 2.925e-04 3.073 2.730 2.484 2.270 1.956 1.861 1.841 1.837 1.832 2.044 1.839 2.019 1.876 1.863 1.857 1.846 1.842 1.838 1.835 1.832 1.832 1.827 1.831 1.921
0.00032462 -1.68000 10.00000 0.8367806673 2.4309401512    0.835  0.704  3.7867  3.755    2  0.000  0.530     0.00     0.00     0.00     0.00     0.00 -1 -9.14e-13      0.00 8.425e-01 1.572e-01 4.467e-05 1.230e-05 1.124e-04 -1.000 2.863e-04 3.011 2.654 2.394 2.169 1.840 1.737 1.715 1.709 1.704 1.931 1.712 1.908 1.755 1.740 1.733 1.720 1.715 1.711 1.708 1.704 1.704 1.699 1.703 1.803
0.00032462 -1.68000 10.00000 0.8377532959 2.4312465191    0.836  0.726  3.7777  3.697    2  0.000  0.530     0.00     0.00     0.00     0.00     0.00 -1 -1.03e-12      0.00 8.327e-01 1.670e-01 4.708e-05 1.295e-05 1.183e-04 -1.000 2.659e-04 2.956 2.586 2.311 2.075 1.730 1.618 1.592 1.585 1.579 1.823 1.589 1.802 1.639 1.622 1.613 1.598 1.591 1.587 1.584 1.580 1.579 1.575 1.579 1.691
0.00032462 -1.68000 10.00000 0.8386003971 2.4315125942    0.837  0.746  3.7692  3.643    2  0.000  0.533     0.00     0.00     0.00     0.00     0.00 -1 -1.15e-12      0.00 8.121e-01 1.876e-01 5.127e-05 1.407e-05 1.283e-04 -1.000 2.872e-04 2.905 2.523 2.234 1.987 1.629 1.508 1.478 1.470 1.464 1.723 1.475 1.705 1.533 1.512 1.502 1.485 1.477 1.472 1.468 1.464 1.464 1.459 1.463 1.587
0.00032462 -1.68000 10.00000 0.8393816948 2.4317576885    0.837  0.768  3.7612  3.590    2  0.000  0.535     0.00     0.00     0.00     0.00     0.00 -1 -1.28e-12      0.00 7.918e-01 2.078e-01 5.520e-05 1.512e-05 1.376e-04 -1.000 3.102e-04 2.850 2.457 2.155 1.898 1.527 1.397 1.363 1.354 1.347 1.622 1.359 1.606 1.426 1.402 1.391 1.371 1.361 1.356 1.352 1.347 1.347 1.343 1.347 1.483
0.00032462 -1.68000 10.00000 0.8401657343 2.4320027828    0.838  0.798  3.7536  3.530    2  0.000  0.536     0.00     0.00     0.00     0.00     0.00 -1 -1.47e-12      0.00 7.784e-01 2.213e-01 5.777e-05 1.581e-05 1.438e-04 -1.000 3.310e-04 2.774 2.373 2.058 1.791 1.409 1.271 1.232 1.221 1.214 1.505 1.227 1.491 1.303 1.276 1.263 1.241 1.229 1.223 1.219 1.214 1.214 1.210 1.214 1.363
0.00032462 -1.68000 10.00000 0.8407787085 2.4321942329    0.839  0.831  3.7486  3.477    2  0.000  0.536     0.00     0.00     0.00     0.00     0.00 -1 -1.68e-12      0.00 7.724e-01 2.273e-01 5.896e-05 1.612e-05 1.466e-04 -1.000 3.322e-04 2.692 2.286 1.961 1.688 1.298 1.155 1.114 1.101 1.094 1.395 1.108 1.383 1.190 1.161 1.147 1.123 1.110 1.104 1.099 1.094 1.094 1.091 1.094 1.251
0.00032462 -1.68000 10.00000 0.8413853645 2.4323832989    0.839  0.870  3.7444  3.421    2  0.000  0.537     0.00     0.00     0.00     0.00     0.00 -1 -1.96e-12      0.00 7.682e-01 2.315e-01 5.980e-05 1.635e-05 1.486e-04 -1.000 3.057e-04 2.594 2.185 1.853 1.574 1.177 1.029 0.986 0.972 0.965 1.274 0.980 1.264 1.066 1.036 1.020 0.996 0.982 0.975 0.970 0.964 0.964 0.962 0.965 1.129
0.00032462 -1.68000 10.00000 0.8415731192 2.4324417114    0.839  0.885  3.7434  3.402    3  0.000  0.537     0.00     0.00     0.00     0.00     0.00 -1 -2.08e-12      0.00 7.673e-01 2.324e-01 5.996e-05 1.639e-05 1.490e-04 -1.000 3.159e-04 2.557 2.146 1.813 1.532 1.134 0.985 0.941 0.927 0.920 1.231 0.935 1.222 1.023 0.992 0.976 0.951 0.937 0.930 0.925 0.919 0.919 0.918 0.920 1.086
0.00032462 -1.68000 10.00000 0.8420771360 2.4325985909    0.840  0.927  3.7410  3.351    3  0.000  0.537     0.00     0.00     0.00     0.00     0.00 -1 -2.42e-12      0.00 7.650e-01 2.347e-01 6.035e-05 1.649e-05 1.499e-04 -1.000 3.516e-04 2.452 2.040 1.702 1.418 1.016 0.864 0.818 0.804 0.797 1.113 0.812 1.104 0.903 0.871 0.855 0.829 0.814 0.807 0.802 0.796 0.796 0.795 0.797 0.967
0.00032462 -1.68000 10.00000 0.8426282406 2.4327697754    0.840  0.976  3.7385  3.292    3  0.000  0.537     0.00     0.00     0.00     0.00     0.00 -1  -2.9e-12      0.00 7.627e-01 2.369e-01 6.069e-05 1.659e-05 1.507e-04 -1.000 3.546e-04 2.329 1.915 1.573 1.285 0.878 0.723 0.677 0.662 0.656 0.976 0.671 0.968 0.763 0.731 0.714 0.688 0.673 0.665 0.660 0.654 0.655 0.654 0.656 0.829
0.00032462 -1.68000 10.00000 0.8430960774 2.4329147339    0.841  1.022  3.7367  3.240    3  0.000  0.537     0.00     0.00     0.00     0.00     0.00 -1 -3.42e-12      0.00 7.609e-01 2.388e-01 6.093e-05 1.665e-05 1.513e-04 -1.000 3.549e-04 2.216 1.801 1.455 1.165 0.754 0.597 0.550 0.535 0.529 0.852 0.544 0.845 0.637 0.604 0.588 0.561 0.546 0.538 0.533 0.527 0.528 0.528 0.530 0.703
0.00032462 -1.68000 10.00000 0.8435431123 2.4330532551    0.841  1.068  3.7350  3.187    3  0.000  0.537     0.00     0.00     0.00     0.00     0.00 -1 -4.04e-12      0.00 7.592e-01 2.405e-01 6.112e-05 1.671e-05 1.518e-04 -1.000 3.586e-04 2.100 1.685 1.336 1.042 0.627 0.469 0.422 0.406 0.401 0.726 0.415 0.719 0.510 0.476 0.459 0.433 0.417 0.409 0.404 0.398 0.399 0.401 0.402 0.577
0.00032462 -1.68000 10.00000 0.8439971805 2.4331936836    0.842  1.119  3.7333  3.130    3  0.000  0.536     0.00     0.00     0.00     0.00     0.00 -1 -4.85e-12      0.00 7.574e-01 2.423e-01 6.124e-05 1.676e-05 1.522e-04 -1.000 3.411e-04 1.974 1.558 1.206 0.909 0.490 0.330 0.283 0.267 0.262 0.590 0.276 0.584 0.371 0.337 0.320 0.294 0.278 0.270 0.265 0.259 0.260 0.262 0.263 0.439
0.00032462 -1.68000 10.00000 0.8444144130 2.4333226681    0.842  1.169  3.7317  3.073    3  0.000  0.536     0.00     0.00     0.00     0.00     0.00 -1 -5.81e-12      0.00 7.557e-01 2.439e-01 6.126e-05 1.683e-05 1.526e-04 -1.000 3.244e-04 1.848 1.432 1.077 0.778 0.355 0.192 0.145 0.130 0.125 0.455 0.138 0.449 0.235 0.200 0.183 0.157 0.140 0.132 0.127 0.121 0.122 0.126 0.126 0.303
0.00032462 -1.68000 10.00000 0.8447889090 2.4334383011    0.842  1.218  3.7301  3.018    3  0.000  0.534     0.00     0.00     0.00     0.00     0.00 -1 -6.92e-12      0.00 7.542e-01 2.455e-01 6.117e-05 1.693e-05 1.528e-04 -1.000 3.232e-04 1.726 1.310 0.952 0.650 0.223 0.059 0.012 -0.004 -0.008 0.324 0.005 0.319 0.102 0.067 0.049 0.023 0.007 -0.001 -0.006 -0.012 -0.011 -0.007 -0.006 0.171
0.00032462 -1.68000 10.00000 0.8451163173 2.4335393906    0.842  1.264  3.7286  2.966    3  0.000  0.532     0.00     0.00     0.00     0.00     0.00 -1 -8.17e-12      0.00 7.529e-01 2.468e-01 6.097e-05 1.709e-05 1.530e-04 -1.000 3.554e-04 1.611 1.194 0.834 0.529 0.099 -0.067 -0.114 -0.130 -0.134 0.200 -0.121 0.196 -0.024 -0.059 -0.076 -0.103 -0.119 -0.127 -0.132 -0.139 -0.137 -0.132 -0.132 0.046
0.00032462 -1.68000 10.00000 0.8454352617 2.4336376190    0.843  1.313  3.7271  2.911    3  0.000  0.529     0.00     0.00     0.00     0.00     0.00 -1 -9.74e-12      0.00 7.516e-01 2.480e-01 6.065e-05 1.737e-05 1.532e-04 -1.000 3.584e-04 1.488 1.072 0.708 0.401 -0.032 -0.200 -0.247 -0.263 -0.267 0.070 -0.254 0.065 -0.156 -0.192 -0.209 -0.236 -0.252 -0.260 -0.266 -0.272 -0.270 -0.265 -0.265 -0.085
0.00032462 -1.68000 10.00000 0.8457412124 2.4337317944    0.843  1.364  3.7255  2.854    3  0.000  0.525     0.00     0.00     0.00     0.00     0.00 -1 -1.17e-11      0.00 7.505e-01 2.492e-01 6.023e-05 1.778e-05 1.533e-04 -1.000 3.568e-04 1.361 0.944 0.577 0.267 -0.170 -0.339 -0.387 -0.403 -0.407 -0.068 -0.394 -0.071 -0.295 -0.331 -0.349 -0.375 -0.392 -0.400 -0.406 -0.412 -0.410 -0.404 -0.404 -0.224
0.00032462 -1.68000 10.00000 0.8459976912 2.4338107109    0.843  1.410  3.7239  2.801    3  0.000  0.521     0.00     0.00     0.00     0.00     0.00 -1 -1.39e-11      0.00 7.496e-01 2.500e-01 5.982e-05 1.821e-05 1.534e-04 -1.000 3.556e-04 1.244 0.827 0.458 0.145 -0.295 -0.466 -0.515 -0.531 -0.534 -0.193 -0.522 -0.196 -0.422 -0.458 -0.476 -0.503 -0.520 -0.528 -0.533 -0.540 -0.537 -0.531 -0.531 -0.350
0.00032462 -1.68000 10.00000 0.8462316394 2.4338824749    0.843  1.457  3.7224  2.749    3  0.000  0.518     0.00     0.00     0.00     0.00     0.00 -1 -1.64e-11      0.00 7.489e-01 2.507e-01 5.944e-05 1.864e-05 1.535e-04 -1.000 3.554e-04 1.129 0.711 0.339 0.024 -0.420 -0.593 -0.641 -0.658 -0.661 -0.317 -0.648 -0.319 -0.548 -0.585 -0.603 -0.629 -0.647 -0.655 -0.660 -0.667 -0.664 -0.657 -0.657 -0.475
0.00032462 -1.68000 10.00000 0.8464516401 2.4339501858    0.843  1.504  3.7207  2.695    3  0.000  0.515     0.00     0.00     0.00     0.00     0.00 -1 -1.94e-11      0.00 7.484e-01 2.513e-01 5.911e-05 1.903e-05 1.535e-04 -1.000 3.444e-04 1.010 0.593 0.218 -0.100 -0.548 -0.722 -0.771 -0.788 -0.790 -0.444 -0.778 -0.446 -0.677 -0.714 -0.732 -0.759 -0.777 -0.785 -0.790 -0.797 -0.794 -0.786 -0.787 -0.603
0.00032462 -1.68000 10.00000 0.8466461301 2.4340097904    0.843  1.549  3.7191  2.643    3  0.000  0.513     0.00     0.00     0.00     0.00     0.00 -1 -2.29e-11      0.00 7.480e-01 2.517e-01 5.887e-05 1.931e-05 1.536e-04 -1.000 3.372e-04 0.897 0.479 0.101 -0.220 -0.671 -0.848 -0.896 -0.913 -0.916 -0.567 -0.904 -0.568 -0.802 -0.839 -0.858 -0.884 -0.902 -0.910 -0.916 -0.922 -0.919 -0.910 -0.912 -0.727
0.00032462 -1.68000 10.00000 0.8468310237 2.4340665340    0.843  1.596  3.7174  2.589    3  0.000  0.511     0.00     0.00     0.00     0.00     0.00 -1 -2.71e-11      0.00 7.477e-01 2.520e-01 5.870e-05 1.952e-05 1.536e-04 -1.000 3.482e-04 0.779 0.361 -0.020 -0.343 -0.799 -0.977 -1.026 -1.043 -1.045 -0.695 -1.034 -0.695 -0.931 -0.969 -0.987 -1.014 -1.032 -1.040 -1.046 -1.052 -1.049 -1.039 -1.041 -0.856
0.00032462 -1.68000 10.00000 0.8469941020 2.4341166019    0.843  1.642  3.7158  2.537    3  0.000  0.510     0.00     0.00     0.00     0.00     0.00 -1  -3.2e-11      0.00 7.475e-01 2.521e-01 5.858e-05 1.967e-05 1.536e-04 -1.000 3.587e-04 0.666 0.248 -0.136 -0.462 -0.922 -1.102 -1.151 -1.169 -1.170 -0.817 -1.159 -0.817 -1.055 -1.094 -1.112 -1.139 -1.157 -1.166 -1.171 -1.178 -1.174 -1.164 -1.165 -0.979
0.00032462 -1.68000 10.00000 0.8471391797 2.4341611862    0.843  1.685  3.7141  2.487    3  0.000  0.510     0.00     0.00     0.00     0.00     0.00 -1 -3.75e-11      0.00 7.474e-01 2.522e-01 5.853e-05 1.974e-05 1.537e-04 -1.000 3.585e-04 0.556 0.139 -0.249 -0.578 -1.041 -1.223 -1.272 -1.290 -1.291 -0.936 -1.280 -0.935 -1.175 -1.215 -1.233 -1.260 -1.279 -1.287 -1.293 -1.299 -1.295 -1.284 -1.286 -1.099
0.00032462 -1.68000 10.00000 0.8472773433 2.4342033863    0.843  1.731  3.7124  2.434    3  0.000  0.509     0.00     0.00     0.00     0.00     0.00 -1 -4.42e-11      0.00 7.474e-01 2.523e-01 5.851e-05 1.976e-05 1.537e-04 -1.000 3.586e-04 0.443 0.025 -0.366 -0.697 -1.164 -1.348 -1.398 -1.416 -1.417 -1.058 -1.406 -1.057 -1.300 -1.340 -1.358 -1.385 -1.404 -1.413 -1.418 -1.425 -1.421 -1.409 -1.411 -1.222
0.00032462 -1.68000 10.00000 0.8474025130 2.4342417717    0.843  1.775  3.7106  2.383    3  0.000  0.509     0.00     0.00     0.00     0.00     0.00 -1  -5.2e-11      0.00 7.474e-01 2.523e-01 5.850e-05 1.977e-05 1.537e-04 -1.000 3.586e-04 0.332 -0.087 -0.481 -0.815 -1.285 -1.471 -1.522 -1.540 -1.540 -1.179 -1.530 -1.177 -1.423 -1.463 -1.482 -1.508 -1.528 -1.537 -1.542 -1.549 -1.545 -1.532 -1.534 -1.344
0.00032462 -1.68000 10.00000 0.8475126624 2.4342756271    0.843  1.818  3.7089  2.333    3  0.000  0.509     0.00     0.00     0.00     0.00     0.00 -1 -6.07e-11      0.00 7.474e-01 2.523e-01 5.850e-05 1.977e-05 1.537e-04 -1.000 3.586e-04 0.226 -0.193 -0.591 -0.928 -1.401 -1.589 -1.640 -1.659 -1.659 -1.295 -1.648 -1.292 -1.540 -1.581 -1.600 -1.626 -1.647 -1.655 -1.661 -1.668 -1.663 -1.649 -1.652 -1.461
0.00032462 -1.68000 10.00000 0.8476138711 2.4343066216    0.842  1.860  3.7072  2.285    3  0.000  0.509     0.00     0.00     0.00     0.00     0.00 -1 -7.07e-11      0.00 7.473e-01 2.523e-01 5.850e-05 1.978e-05 1.537e-04 -1.000 3.586e-04 0.121 -0.298 -0.699 -1.039 -1.516 -1.706 -1.757 -1.776 -1.775 -1.410 -1.765 -1.406 -1.656 -1.697 -1.716 -1.743 -1.764 -1.773 -1.779 -1.786 -1.781 -1.765 -1.768 -1.576
0.00032462 -1.68000 10.00000 0.8477118015 2.4343366623    0.842  1.903  3.7054  2.234    3  0.000  0.509     0.00     0.00     0.00     0.00     0.00 -1  -8.3e-11      0.00 7.473e-01 2.523e-01 5.849e-05 1.978e-05 1.537e-04 -1.000 3.586e-04 0.011 -0.408 -0.812 -1.155 -1.636 -1.828 -1.879 -1.899 -1.897 -1.529 -1.888 -1.524 -1.777 -1.819 -1.838 -1.865 -1.886 -1.895 -1.901 -1.908 -1.903 -1.886 -1.890 -1.697
0.00032462 -1.68000 10.00000 0.8477974534 2.4343626499    0.842  1.945  3.7036  2.185    3  0.000  0.509     0.00     0.00     0.00     0.00     0.00 -1 -9.65e-11      0.00 7.473e-01 2.523e-01 5.849e-05 1.979e-05 1.537e-04 -1.000 3.586e-04 -0.092 -0.511 -0.919 -1.264 -1.749 -1.943 -1.995 -2.015 -2.013 -1.642 -2.004 -1.637 -1.892 -1.934 -1.954 -1.980 -2.002 -2.011 -2.017 -2.025 -2.019 -2.001 -2.005 -1.811
0.00032462 -1.68000 10.00000 0.8478763700 2.4343869686    0.842  1.985  3.7019  2.137    3  0.000  0.509     0.00     0.00     0.00     0.00     0.00 -1 -1.12e-10      0.00 7.473e-01 2.523e-01 5.849e-05 1.979e-05 1.537e-04 -1.000 3.586e-04 -0.193 -0.613 -1.024 -1.372 -1.861 -2.057 -2.109 -2.129 -2.127 -1.753 -2.118 -1.747 -2.006 -2.048 -2.068 -2.094 -2.116 -2.126 -2.132 -2.139 -2.133 -2.113 -2.118 -1.923
0.00032462 -1.68000 10.00000 0.8479509950 2.4344098568    0.841  2.026  3.7001  2.089    3  0.000  0.509     0.00     0.00     0.00     0.00     0.00 -1  -1.3e-10      0.00 7.473e-01 2.523e-01 5.849e-05 1.979e-05 1.537e-04 -1.000 3.586e-04 -0.296 -0.715 -1.130 -1.482 -1.974 -2.172 -2.224 -2.245 -2.242 -1.866 -2.234 -1.859 -2.120 -2.163 -2.183 -2.209 -2.232 -2.242 -2.248 -2.255 -2.249 -2.228 -2.232 -2.037
0.00032462 -1.68000 10.00000 0.8480166793 2.4344298840    0.841  2.065  3.6983  2.043    3  0.000  0.509     0.00     0.00     0.00     0.00     0.00 -1  -1.5e-10      0.00 7.473e-01 2.523e-01 5.848e-05 1.980e-05 1.537e-04 -1.000 3.585e-04 -0.392 -0.811 -1.229 -1.584 -2.080 -2.281 -2.333 -2.354 -2.351 -1.972 -2.342 -1.964 -2.228 -2.272 -2.292 -2.318 -2.341 -2.351 -2.357 -2.365 -2.357 -2.335 -2.340 -2.144
0.00032462 -1.68000 10.00000 0.8480799794 2.4344491959    0.841  2.102  3.6966  1.999    3  0.000  0.509     0.00     0.00     0.00     0.00     0.00 -1 -1.72e-10      0.00 7.473e-01 2.523e-01 5.848e-05 1.980e-05 1.537e-04 -1.000 3.586e-04 -0.486 -0.904 -1.326 -1.683 -2.184 -2.387 -2.439 -2.461 -2.456 -2.075 -2.449 -2.067 -2.333 -2.377 -2.398 -2.423 -2.447 -2.457 -2.463 -2.471 -2.463 -2.440 -2.445 -2.248
0.00032462 -1.68000 10.00000 0.8481456637 2.4344692230    0.840  2.135  3.6952  1.960    3  0.000  0.509     0.00     0.00     0.00     0.00     0.00 -1 -1.94e-10      0.00 7.473e-01 2.523e-01 5.848e-05 1.980e-05 1.537e-04 -1.000 3.586e-04 -0.567 -0.985 -1.410 -1.770 -2.274 -2.478 -2.531 -2.553 -2.548 -2.165 -2.541 -2.156 -2.425 -2.469 -2.490 -2.515 -2.540 -2.549 -2.556 -2.563 -2.555 -2.530 -2.536 -2.339
0.00032462 -1.68000 10.00000 0.8482043743 2.4344873428    0.840  2.160  3.6941  1.931    3  0.000  0.509     0.00     0.00     0.00     0.00     0.00 -1 -2.14e-10      0.00 7.473e-01 2.523e-01 5.848e-05 1.981e-05 1.537e-04 -1.000 3.586e-04 -0.629 -1.047 -1.473 -1.835 -2.342 -2.548 -2.600 -2.623 -2.617 -2.233 -2.610 -2.223 -2.494 -2.538 -2.559 -2.584 -2.609 -2.619 -2.625 -2.633 -2.625 -2.599 -2.605 -2.407
0.00032462 -1.68000 10.00000 0.8482530713 2.4345021248    0.839  2.142  3.6953  1.953    3  0.000  0.509     0.00     0.00     0.00     0.00     0.00 -1 -2.02e-10      0.00 7.473e-01 2.523e-01 5.848e-05 1.981e-05 1.537e-04 -1.000 3.586e-04 -0.586 -1.004 -1.428 -1.788 -2.293 -2.497 -2.549 -2.571 -2.566 -2.183 -2.559 -2.174 -2.443 -2.487 -2.508 -2.533 -2.558 -2.567 -2.574 -2.582 -2.574 -2.548 -2.554 -2.357
0.00032462 -1.68000 10.00000 0.8482595682 2.4345040321    0.839  2.140  3.6954  1.956    3  0.000  0.509     0.00     0.00     0.00     0.00     0.00 -1    -2e-10      0.00 7.473e-01 2.523e-01 5.847e-05 1.981e-05 1.537e-04 -1.000 3.586e-04 -0.580 -0.998 -1.422 -1.782 -2.286 -2.490 -2.542 -2.564 -2.559 -2.177 -2.552 -2.168 -2.436 -2.481 -2.501 -2.526 -2.551 -2.560 -2.567 -2.575 -2.567 -2.542 -2.547 -2.350
0.00032462 -1.68000 10.00000 0.8482925892 2.4345142841    0.839  2.167  3.6942  1.924    3  0.000  0.509     0.00     0.00     0.00     0.00     0.00 -1 -2.19e-10      0.00 7.473e-01 2.523e-01 5.847e-05 1.981e-05 1.537e-04 -1.000 3.586e-04 -0.647 -1.065 -1.492 -1.854 -2.361 -2.566 -2.619 -2.641 -2.636 -2.251 -2.628 -2.241 -2.512 -2.557 -2.577 -2.602 -2.627 -2.637 -2.644 -2.651 -2.643 -2.617 -2.623 -2.426
0.00032462 -1.68000 10.00000 0.8483426571 2.4345295429    0.839  2.209  3.6921  1.873    3  0.000  0.509     0.00     0.00     0.00     0.00     0.00 -1 -2.55e-10      0.00 7.473e-01 2.524e-01 5.847e-05 1.981e-05 1.537e-04 -1.000 3.586e-04 -0.753 -1.170 -1.601 -1.967 -2.478 -2.687 -2.739 -2.762 -2.756 -2.369 -2.749 -2.358 -2.632 -2.677 -2.698 -2.723 -2.748 -2.758 -2.765 -2.773 -2.764 -2.736 -2.742 -2.544
0.00032462 -1.68000 10.00000 0.8483892083 2.4345436096    0.838  2.251  3.6901  1.823    3  0.000  0.509     0.00     0.00     0.00     0.00     0.00 -1 -2.97e-10      0.00 7.473e-01 2.524e-01 5.847e-05 1.981e-05 1.537e-04 -1.000 3.586e-04 -0.857 -1.273 -1.709 -2.078 -2.595 -2.806 -2.859 -2.882 -2.874 -2.485 -2.869 -2.473 -2.750 -2.796 -2.817 -2.841 -2.868 -2.878 -2.884 -2.892 -2.883 -2.853 -2.860 -2.661
0.00032462 -1.68000 10.00000 0.8484321833 2.4345569611    0.838  2.292  3.6880  1.774    3  0.000  0.509     0.00     0.00     0.00     0.00     0.00 -1 -3.45e-10      0.00 7.473e-01 2.524e-01 5.847e-05 1.982e-05 1.537e-04 -1.000 3.586e-04 -0.959 -1.374 -1.814 -2.188 -2.710 -2.923 -2.976 -3.000 -2.992 -2.599 -2.987 -2.586 -2.867 -2.914 -2.935 -2.958 -2.986 -2.996 -3.003 -3.011 -3.001 -2.970 -2.977 -2.777
0.00032462 -1.68000 10.00000 0.8484699726 2.4345684052    0.837  2.330  3.6861  1.727    3  0.000  0.509     0.00     0.00     0.00     0.00     0.00 -1 -3.98e-10      0.00 7.473e-01 2.524e-01 5.847e-05 1.982e-05 1.537e-04 -1.000 3.585e-04 -1.055 -1.469 -1.913 -2.291 -2.818 -3.035 -3.087 -3.112 -3.103 -2.707 -3.098 -2.693 -2.977 -3.025 -3.046 -3.069 -3.098 -3.107 -3.114 -3.122 -3.112 -3.080 -3.087 -2.887
0.00032462 -1.68000 10.00000 0.8485067487 2.4345796108    0.837  2.370  3.6840  1.678    3  0.000  0.509     0.00     0.00     0.00     0.00     0.00 -1 -4.62e-10      0.00 7.473e-01 2.524e-01 5.847e-05 1.982e-05 1.537e-04 -1.000 3.586e-04 -1.155 -1.569 -2.017 -2.399 -2.932 -3.150 -3.203 -3.227 -3.218 -2.820 -3.213 -2.805 -3.093 -3.141 -3.162 -3.183 -3.213 -3.223 -3.230 -3.238 -3.227 -3.193 -3.201 -3.001
0.00032462 -1.68000 10.00000 0.8485391140 2.4345896244    0.836  2.408  3.6820  1.632    3  0.000  0.509     0.00     0.00     0.00     0.00     0.00 -1 -5.32e-10      0.00 7.473e-01 2.524e-01 5.847e-05 1.982e-05 1.537e-04 -1.000 3.585e-04 -1.250 -1.664 -2.116 -2.501 -3.041 -3.260 -3.312 -3.337 -3.326 -2.927 -3.323 -2.912 -3.203 -3.251 -3.272 -3.291 -3.323 -3.332 -3.339 -3.348 -3.336 -3.300 -3.308 -3.110
0.00032462 -1.68000 10.00000 0.8485705256 2.4345991611    0.835  2.447  3.6800  1.585    3  0.000  0.509     0.00     0.00     0.00     0.00     0.00 -1 -6.14e-10      0.00 7.473e-01 2.524e-01 5.846e-05 1.982e-05 1.537e-04 -1.000 3.586e-04 -1.347 -1.762 -2.218 -2.607 -3.152 -3.373 -3.424 -3.449 -3.438 -3.038 -3.435 -3.022 -3.316 -3.363 -3.384 -3.403 -3.435 -3.445 -3.452 -3.460 -3.449 -3.410 -3.419 -3.223
0.00032462 -1.68000 10.00000 0.8485983610 2.4346075058    0.835  2.484  3.6779  1.539    3  0.000  0.509     0.00     0.00     0.00     0.00     0.00 -1 -7.06e-10      0.00 7.473e-01 2.524e-01 5.846e-05 1.982e-05 1.537e-04 -1.000 3.586e-04 -1.440 -1.855 -2.315 -2.708 -3.259 -3.481 -3.531 -3.557 -3.545 -3.143 -3.543 -3.127 -3.424 -3.472 -3.493 -3.509 -3.543 -3.553 -3.560 -3.569 -3.556 -3.514 -3.524 -3.330
0.00032462 -1.68000 10.00000 0.8486308455 2.4346175194    0.834  2.530  3.6754  1.483    3  0.000  0.509     7.05     5.57     3.96     3.05     2.47  3 -8.38e-10      0.00 7.473e-01 2.524e-01 5.846e-05 1.983e-05 1.537e-04 -1.000 3.586e-04 -1.555 -1.970 -2.436 -2.834 -3.391 -3.615 -3.664 -3.691 -3.677 -3.274 -3.676 -3.258 -3.558 -3.606 -3.627 -3.641 -3.677 -3.687 -3.694 -3.703 -3.690 -3.643 -3.655 -3.463
0.00032462 -1.68000 10.00000 0.8486596942 2.4346263409    0.833  2.574  3.6729  1.427    3  0.000  0.509     7.92     6.15     4.35     3.36     2.72  3 -9.89e-10      0.00 7.473e-01 2.524e-01 5.846e-05 1.983e-05 1.537e-04 -1.000 3.585e-04 -1.666 -2.081 -2.553 -2.955 -3.519 -3.745 -3.793 -3.821 -3.806 -3.401 -3.806 -3.384 -3.687 -3.736 -3.756 -3.768 -3.807 -3.817 -3.824 -3.833 -3.820 -3.768 -3.781 -3.592
0.00032462 -1.68000 10.00000 0.8486824036 2.4346332550    0.832  2.612  3.6707  1.381    3  0.000  0.509     8.73     6.69     4.71     3.65     2.95  3 -1.14e-09      0.00 7.473e-01 2.524e-01 5.846e-05 1.983e-05 1.537e-04 -1.000 3.586e-04 -1.759 -2.174 -2.651 -3.058 -3.627 -3.854 -3.901 -3.931 -3.914 -3.508 -3.914 -3.490 -3.796 -3.845 -3.866 -3.875 -3.917 -3.926 -3.934 -3.943 -3.929 -3.873 -3.888 -3.700
0.00032462 -1.68000 10.00000 0.8487064838 2.4346406460    0.830  2.654  3.6683  1.328    3  0.000  0.509     9.76     7.36     5.16     4.00     3.24  3 -1.34e-09      0.00 7.473e-01 2.524e-01 5.846e-05 1.983e-05 1.537e-04 -1.000 3.585e-04 -1.866 -2.280 -2.762 -3.174 -3.749 -3.979 -4.025 -4.056 -4.037 -3.630 -4.038 -3.611 -3.920 -3.970 -3.990 -3.996 -4.041 -4.051 -4.058 -4.068 -4.054 -3.993 -4.009 -3.824
0.00032462 -1.68000 10.00000 0.8487257957 2.4346466064    0.829  2.691  3.6661  1.283    3  0.000  0.509    10.74     7.99     5.58     4.33     3.51  3 -1.53e-09      0.00 7.473e-01 2.524e-01 5.846e-05 1.983e-05 1.537e-04 -1.000 3.586e-04 -1.957 -2.370 -2.858 -3.274 -3.855 -4.086 -4.131 -4.163 -4.144 -3.734 -4.145 -3.715 -4.027 -4.077 -4.097 -4.101 -4.149 -4.158 -4.166 -4.176 -4.161 -4.095 -4.113 -3.930
0.00032462 -1.68000 10.00000 0.8487460613 2.4346528053    0.828  2.732  3.6637  1.231    3  0.000  0.509    11.97     8.76     6.10     4.74     3.84  3 -1.78e-09      0.00 7.473e-01 2.524e-01 5.846e-05 1.983e-05 1.537e-04 -1.000 3.585e-04 -2.059 -2.471 -2.965 -3.386 -3.973 -4.206 -4.250 -4.284 -4.263 -3.852 -4.265 -3.832 -4.147 -4.197 -4.218 -4.218 -4.269 -4.279 -4.287 -4.297 -4.282 -4.211 -4.231 -4.049
0.00032462 -1.68000 10.00000 0.8487655520 2.4346585274    0.827  2.774  3.6611  1.178    3  0.000  0.509    13.38     9.64     6.68     5.20     4.21  3 -2.09e-09      0.00 7.473e-01 2.524e-01 5.846e-05 1.983e-05 1.537e-04 -1.000 3.586e-04 -2.164 -2.575 -3.075 -3.502 -4.095 -4.331 -4.373 -4.409 -4.386 -3.973 -4.389 -3.953 -4.271 -4.322 -4.342 -4.339 -4.394 -4.403 -4.411 -4.422 -4.406 -4.330 -4.351 -4.172
0.00032462 -1.68000 10.00000 0.8487837315 2.4346642494    0.825  2.816  3.6584  1.125    3  0.000  0.509    14.98    10.61     7.32     5.71     4.62  2 -2.45e-09      0.00 7.473e-01 2.524e-01 5.846e-05 1.983e-05 1.537e-04 -1.000 3.587e-04 -2.269 -2.677 -3.185 -3.618 -4.218 -4.456 -4.497 -4.534 -4.510 -4.095 -4.513 -4.074 -4.395 -4.447 -4.467 -4.460 -4.520 -4.529 -4.537 -4.548 -4.532 -4.449 -4.472 -4.296
0.00032462 -1.68000 10.00000 0.8487995267 2.4346690178    0.823  2.854  3.6560  1.075    3  0.000  0.509    16.62    11.60     7.97     6.22     5.04  2 -2.84e-09      0.00 7.473e-01 2.524e-01 5.846e-05 1.983e-05 1.537e-04 -1.000 3.586e-04 -2.366 -2.769 -3.284 -3.722 -4.330 -4.571 -4.611 -4.650 -4.624 -4.206 -4.628 -4.184 -4.509 -4.562 -4.583 -4.572 -4.635 -4.644 -4.653 -4.664 -4.647 -4.560 -4.584 -4.408
0.00032462 -1.68000 10.00000 0.8488150239 2.4346737862    0.821  2.895  3.6534  1.023    3  0.000  0.509    18.55    12.74     8.72     6.81     5.52  2 -3.32e-09      0.00 7.473e-01 2.524e-01 5.846e-05 1.983e-05 1.537e-04 -1.000 3.586e-04 -2.468 -2.865 -3.387 -3.832 -4.447 -4.692 -4.731 -4.772 -4.744 -4.322 -4.749 -4.298 -4.628 -4.683 -4.704 -4.689 -4.757 -4.766 -4.775 -4.787 -4.769 -4.677 -4.702 -4.526
0.00032462 -1.68000 10.00000 0.8488284349 2.4346778393    0.819  2.933  3.6509  0.974    3  0.000  0.509    20.53    13.90     9.47     7.41     6.01  2 -3.83e-09      0.00 7.473e-01 2.524e-01 5.846e-05 1.983e-05 1.537e-04 -1.000 3.586e-04 -2.562 -2.953 -3.483 -3.933 -4.555 -4.804 -4.842 -4.885 -4.856 -4.430 -4.861 -4.404 -4.739 -4.794 -4.816 -4.798 -4.870 -4.879 -4.888 -4.900 -4.882 -4.785 -4.811 -4.635
0.00032462 -1.68000 10.00000 0.8488414288 2.4346818924    0.817  2.972  3.6485  0.925    3  0.000  0.509    22.79    15.19    10.31     8.08     6.56  2 -4.44e-09      0.00 7.473e-01 2.524e-01 5.846e-05 1.983e-05 1.537e-04 -1.000 3.586e-04 -2.659 -3.043 -3.581 -4.038 -4.666 -4.919 -4.956 -5.001 -4.971 -4.541 -4.976 -4.513 -4.852 -4.909 -4.931 -4.910 -4.986 -4.995 -5.004 -5.016 -4.998 -4.897 -4.924 -4.747
0.00032462 -1.68000 10.00000 0.8488535881 2.4346854687    0.815  3.010  3.6457  0.874    3  0.000  0.509    25.37    16.65    11.25     8.83     7.17  2 -5.16e-09      0.00 7.472e-01 2.524e-01 5.846e-05 1.984e-05 1.537e-04 -1.000 3.586e-04 -2.756 -3.131 -3.678 -4.142 -4.778 -5.035 -5.072 -5.120 -5.087 -4.653 -5.093 -4.623 -4.967 -5.025 -5.048 -5.023 -5.104 -5.113 -5.122 -5.135 -5.116 -5.011 -5.038 -4.861
0.00032462 -1.68000 10.00000 0.8488642573 2.4346888065    0.813  3.046  3.6434  0.827    3  0.000  0.509    27.97    18.10    12.19     9.58     7.77  1 -5.92e-09      0.00 7.472e-01 2.524e-01 5.845e-05 1.984e-05 1.537e-04 -1.000 3.586e-04 -2.846 -3.213 -3.768 -4.239 -4.881 -5.142 -5.178 -5.228 -5.194 -4.755 -5.200 -4.724 -5.072 -5.132 -5.155 -5.127 -5.211 -5.221 -5.230 -5.243 -5.223 -5.115 -5.143 -4.964
0.00032462 -1.68000 10.00000 0.8488745689 2.4346919060    0.810  3.083  3.6409  0.779    3  0.000  0.509    30.93    19.72    13.22    10.41     8.45  1 -6.82e-09      0.00 7.472e-01 2.524e-01 5.845e-05 1.984e-05 1.537e-04 -1.000 3.585e-04 -2.937 -3.297 -3.860 -4.337 -4.986 -5.252 -5.287 -5.338 -5.304 -4.861 -5.310 -4.827 -5.179 -5.241 -5.265 -5.233 -5.322 -5.332 -5.341 -5.354 -5.334 -5.222 -5.250 -5.071
0.00032462 -1.68000 10.00000 0.8488842249 2.4346947670    0.807  3.119  3.6382  0.731    3  0.000  0.509    34.25    21.51    14.37    11.32     9.19  1 -7.86e-09      0.00 7.472e-01 2.524e-01 5.845e-05 1.984e-05 1.537e-04 -1.000 3.586e-04 -3.028 -3.378 -3.951 -4.434 -5.091 -5.362 -5.396 -5.450 -5.414 -4.966 -5.420 -4.930 -5.287 -5.351 -5.375 -5.340 -5.433 -5.443 -5.453 -5.466 -5.445 -5.329 -5.357 -5.177
0.00032462 -1.68000 10.00000 0.8488930464 2.4346976280    0.804  3.154  3.6359  0.685    3  0.000  0.509    37.69    23.33    15.53    12.26     9.95  1 -8.98e-09      0.00 7.472e-01 2.524e-01 5.845e-05 1.984e-05 1.537e-04 -1.000 3.586e-04 -3.115 -3.456 -4.037 -4.527 -5.190 -5.466 -5.499 -5.555 -5.517 -5.065 -5.523 -5.027 -5.389 -5.454 -5.479 -5.441 -5.537 -5.548 -5.557 -5.571 -5.550 -5.430 -5.459 -5.277
0.00032462 -1.68000 10.00000 0.8489017487 2.4347002506    0.800  3.190  3.6334  0.636    3  0.000  0.509    41.73    25.45    16.87    13.33    10.83  1 -1.04e-08      0.00 7.472e-01 2.524e-01 5.845e-05 1.984e-05 1.537e-04 -1.000 3.586e-04 -3.206 -3.537 -4.127 -4.624 -5.295 -5.575 -5.608 -5.666 -5.627 -5.170 -5.633 -5.130 -5.497 -5.564 -5.589 -5.547 -5.648 -5.659 -5.668 -5.682 -5.661 -5.536 -5.566 -5.383
0.00032462 -1.68000 10.00000 0.8489095569 2.4347026348    0.797  3.224  3.6310  0.591    3  0.000  0.509    45.91    27.60    18.23    14.43    11.72  1 -1.18e-08      0.00 7.472e-01 2.524e-01 5.845e-05 1.984e-05 1.537e-04 -1.000 3.586e-04 -3.291 -3.612 -4.211 -4.715 -5.393 -5.678 -5.709 -5.769 -5.729 -5.268 -5.736 -5.226 -5.597 -5.666 -5.692 -5.646 -5.751 -5.762 -5.772 -5.786 -5.764 -5.636 -5.666 -5.483
0.00032462 -1.68000 10.00000 0.8489171267 2.4347047806    0.793  3.258  3.6286  0.546    3  0.000  0.509    50.48    29.92    19.68    15.60    12.67  1 -1.35e-08      0.00 7.472e-01 2.524e-01 5.845e-05 1.984e-05 1.537e-04 -1.000 3.585e-04 -3.376 -3.686 -4.294 -4.805 -5.490 -5.779 -5.809 -5.872 -5.831 -5.365 -5.837 -5.320 -5.697 -5.767 -5.794 -5.745 -5.853 -5.865 -5.875 -5.889 -5.866 -5.735 -5.765 -5.580
0.00032462 -1.68000 10.00000 0.8489234447 2.4347069263    0.789  3.285  3.6268  0.509    3  0.000  0.509    54.47    31.91    20.93    16.61    13.49  1 -1.51e-08      0.00 7.472e-01 2.524e-01 5.845e-05 1.984e-05 1.537e-04 -1.000 3.585e-04 -3.443 -3.744 -4.359 -4.876 -5.567 -5.860 -5.889 -5.953 -5.911 -5.442 -5.917 -5.395 -5.775 -5.848 -5.874 -5.823 -5.935 -5.946 -5.956 -5.971 -5.948 -5.814 -5.844 -5.658
0.00032462 -1.68000 10.00000 0.8489234447 2.4347069263    0.789  1.742  3.7766  2.652    4  0.000  0.527     0.00     0.00     0.00     0.00     0.00 -1    -1e-30      0.00 7.472e-01 2.524e-01 6.135e-05 1.790e-05 1.556e-04 -1.000 3.586e-04 0.415 0.031 -0.242 -0.480 -0.817 -0.931 -0.955 -0.962 -0.969 -0.727 -0.958 -0.748 -0.908 -0.928 -0.935 -0.948 -0.956 -0.961 -0.964 -0.968 -0.969 -0.974 -0.970 -0.857
0.00032462 -1.68000 10.00000 0.8489820957 2.4347248077    0.789  1.762  3.7711  2.609    4  0.000  0.527     0.00     0.00     0.00     0.00     0.00 -1    -1e-30      0.00 7.472e-01 2.524e-01 6.135e-05 1.790e-05 1.556e-04 -1.000 3.585e-04 0.364 -0.024 -0.307 -0.553 -0.904 -1.023 -1.048 -1.055 -1.062 -0.812 -1.051 -0.831 -0.999 -1.020 -1.027 -1.041 -1.049 -1.054 -1.057 -1.061 -1.062 -1.067 -1.063 -0.945
0.00032462 -1.68000 10.00000 0.8490392566 2.4347422123    0.789  1.764  3.7711  2.607    4  0.000  0.527     0.00     0.00     0.00     0.00     0.00 -1    -1e-30      0.00 7.472e-01 2.524e-01 6.135e-05 1.790e-05 1.556e-04 -1.000 3.586e-04 0.359 -0.030 -0.312 -0.559 -0.909 -1.029 -1.053 -1.061 -1.068 -0.817 -1.057 -0.837 -1.004 -1.026 -1.033 -1.046 -1.055 -1.059 -1.062 -1.067 -1.067 -1.073 -1.069 -0.950
0.00032462 -1.68000 10.00000 0.8490983248 2.4347600937    0.789  1.765  3.7715  2.608    4  0.000  0.527     0.00     0.00     0.00     0.00     0.00 -1    -1e-30      0.00 7.472e-01 2.524e-01 6.135e-05 1.790e-05 1.556e-04 -1.000 3.585e-04 0.356 -0.032 -0.314 -0.560 -0.910 -1.029 -1.053 -1.061 -1.068 -0.818 -1.057 -0.837 -1.004 -1.026 -1.033 -1.046 -1.055 -1.059 -1.062 -1.067 -1.067 -1.073 -1.069 -0.951
0.00032462 -1.68000 10.00000 0.8491569161 2.4347779751    0.789  1.766  3.7721  2.610    4  0.000  0.527     0.00     0.00     0.00     0.00     0.00 -1    -1e-30      0.00 7.472e-01 2.524e-01 6.135e-05 1.790e-05 1.556e-04 -1.000 3.586e-04 0.355 -0.033 -0.314 -0.559 -0.907 -1.025 -1.050 -1.057 -1.064 -0.815 -1.053 -0.835 -1.001 -1.022 -1.030 -1.043 -1.051 -1.056 -1.059 -1.063 -1.064 -1.069 -1.065 -0.948
0.00032462 -1.68000 10.00000 0.8492159843 2.4347960949    0.790  1.766  3.7731  2.613    4  0.000  0.527     0.00     0.00     0.00     0.00     0.00 -1    -1e-30      0.00 7.472e-01 2.524e-01 6.135e-05 1.790e-05 1.556e-04 -1.000 3.586e-04 0.354 -0.033 -0.313 -0.556 -0.902 -1.019 -1.043 -1.051 -1.058 -0.810 -1.047 -0.830 -0.995 -1.016 -1.023 -1.036 -1.045 -1.049 -1.052 -1.057 -1.057 -1.063 -1.059 -0.942
0.00032462 -1.68000 10.00000 0.8492757678 2.4348142147    0.790  1.766  3.7742  2.618    4  0.000  0.527     0.00     0.00     0.00     0.00     0.00 -1    -1e-30      0.00 7.472e-01 2.524e-01 6.135e-05 1.790e-05 1.556e-04 -1.000 3.586e-04 0.354 -0.032 -0.309 -0.551 -0.894 -1.010 -1.034 -1.042 -1.048 -0.803 -1.037 -0.823 -0.986 -1.007 -1.014 -1.027 -1.036 -1.040 -1.043 -1.047 -1.048 -1.053 -1.050 -0.934
0.00032462 -1.68000 10.00000 0.8493350148 2.4348323345    0.790  1.766  3.7756  2.624    4  0.000  0.527     0.00     0.00     0.00     0.00     0.00 -1    -1e-30      0.00 7.472e-01 2.524e-01 6.135e-05 1.790e-05 1.556e-04 -1.000 3.586e-04 0.355 -0.030 -0.305 -0.545 -0.885 -0.999 -1.023 -1.031 -1.037 -0.794 -1.026 -0.815 -0.976 -0.997 -1.004 -1.016 -1.025 -1.029 -1.032 -1.036 -1.037 -1.042 -1.039 -0.924
0.00032462 -1.68000 10.00000 0.8493955731 2.4348506927    0.790  1.766  3.7770  2.630    4  0.000  0.527     0.00     0.00     0.00     0.00     0.00 -1    -1e-30      0.00 7.472e-01 2.524e-01 6.135e-05 1.790e-05 1.556e-04 -1.000 3.586e-04 0.356 -0.028 -0.300 -0.537 -0.874 -0.987 -1.010 -1.018 -1.025 -0.784 -1.014 -0.805 -0.964 -0.984 -0.991 -1.004 -1.012 -1.017 -1.020 -1.024 -1.025 -1.030 -1.026 -0.913
0.00032462 -1.68000 10.00000 0.8494551182 2.4348688126    0.790  1.765  3.7785  2.636    4  0.000  0.527     0.00     0.00     0.00     0.00     0.00 -1    -1e-30      0.00 7.472e-01 2.524e-01 6.135e-05 1.790e-05 1.556e-04 -1.000 3.586e-04 0.357 -0.025 -0.295 -0.530 -0.863 -0.975 -0.998 -1.006 -1.012 -0.774 -1.002 -0.795 -0.952 -0.972 -0.979 -0.991 -1.000 -1.004 -1.007 -1.011 -1.012 -1.018 -1.014 -0.902
0.00032462 -1.68000 10.00000 0.8495103121 2.4348857403    0.790  1.765  3.7797  2.642    4  0.000  0.527     0.00     0.00     0.00     0.00     0.00 -1    -1e-30      0.00 7.472e-01 2.524e-01 6.135e-05 1.790e-05 1.556e-04 -1.000 3.586e-04 0.358 -0.023 -0.290 -0.524 -0.854 -0.965 -0.987 -0.995 -1.002 -0.765 -0.991 -0.787 -0.942 -0.962 -0.969 -0.981 -0.989 -0.994 -0.997 -1.001 -1.002 -1.007 -1.003 -0.892
0.00032462 -1.68000 10.00000 0.8495722413 2.4349045753    0.790  1.764  3.7810  2.647    4  0.000  0.527     0.00     0.00     0.00     0.00     0.00 -1    -1e-30      0.00 7.472e-01 2.524e-01 6.135e-05 1.790e-05 1.556e-04 -1.000 3.586e-04 0.359 -0.021 -0.286 -0.518 -0.845 -0.954 -0.977 -0.985 -0.991 -0.757 -0.980 -0.778 -0.932 -0.952 -0.958 -0.970 -0.979 -0.983 -0.986 -0.990 -0.991 -0.996 -0.992 -0.883
0.00032462 -1.68000 10.00000 0.8496336937 2.4349234104    0.790  1.764  3.7821  2.652    4  0.000  0.527     0.00     0.00     0.00     0.00     0.00 -1    -1e-30      0.00 7.472e-01 2.524e-01 6.135e-05 1.790e-05 1.556e-04 -1.000 3.585e-04 0.360 -0.019 -0.283 -0.513 -0.837 -0.946 -0.968 -0.976 -0.982 -0.750 -0.972 -0.772 -0.924 -0.943 -0.950 -0.962 -0.970 -0.974 -0.977 -0.981 -0.982 -0.987 -0.984 -0.875
0.00032462 -1.68000 10.00000 0.8496933579 2.4349415302    0.790  1.764  3.7829  2.655    4  0.000  0.527     0.00     0.00     0.00     0.00     0.00 -1    -1e-30      0.00 7.472e-01 2.524e-01 6.135e-05 1.790e-05 1.556e-04 -1.000 3.586e-04 0.360 -0.018 -0.280 -0.509 -0.832 -0.940 -0.962 -0.970 -0.976 -0.745 -0.966 -0.767 -0.918 -0.937 -0.944 -0.955 -0.964 -0.968 -0.971 -0.975 -0.976 -0.981 -0.977 -0.869
0.00032462 -1.68000 10.00000 0.8497533202 2.4349596500    0.790  1.764  3.7834  2.657    4  0.000  0.527     0.00     0.00     0.00     0.00     0.00 -1    -1e-30      0.00 7.472e-01 2.524e-01 6.135e-05 1.790e-05 1.556e-04 -1.000 3.586e-04 0.360 -0.018 -0.279 -0.507 -0.829 -0.936 -0.959 -0.966 -0.973 -0.742 -0.962 -0.764 -0.915 -0.934 -0.940 -0.952 -0.960 -0.965 -0.968 -0.971 -0.972 -0.978 -0.974 -0.866
0.00032462 -1.68000 10.00000 0.8497599959 2.4349617958    0.790  1.764  3.7835  2.658    4  0.000  0.527     0.00     0.00     0.00     0.00     0.00 -1    -1e-30      0.00 7.472e-01 2.524e-01 6.135e-05 1.790e-05 1.556e-04 -1.000 3.586e-04 0.360 -0.018 -0.279 -0.507 -0.829 -0.936 -0.958 -0.966 -0.972 -0.742 -0.962 -0.764 -0.914 -0.934 -0.940 -0.952 -0.960 -0.964 -0.967 -0.971 -0.972 -0.977 -0.973 -0.866
0.00032462 -1.68000 10.00000 0.8498148322 2.4349784851    0.790  1.764  3.7834  2.657    4  0.000  0.527     0.00     0.00     0.00     0.00     0.00 -1    -1e-30      0.00 7.472e-01 2.524e-01 6.135e-05 1.790e-05 1.556e-04 -1.000 3.586e-04 0.359 -0.019 -0.280 -0.508 -0.830 -0.938 -0.960 -0.967 -0.974 -0.743 -0.963 -0.765 -0.916 -0.935 -0.941 -0.953 -0.961 -0.966 -0.969 -0.973 -0.974 -0.979 -0.975 -0.867
0.00032462 -1.68000 10.00000 0.8498745561 2.4349966049    0.790  1.765  3.7831  2.655    4  0.000  0.527     0.00     0.00     0.00     0.00     0.00 -1    -1e-30      0.00 7.472e-01 2.524e-01 6.135e-05 1.790e-05 1.556e-04 -1.000 3.586e-04 0.357 -0.021 -0.283 -0.511 -0.834 -0.941 -0.963 -0.971 -0.977 -0.747 -0.967 -0.769 -0.919 -0.939 -0.945 -0.957 -0.965 -0.969 -0.972 -0.976 -0.977 -0.982 -0.979 -0.871
0.00032462 -1.68000 10.00000 0.8499329090 2.4350144863    0.790  1.766  3.7825  2.652    4  0.000  0.527     0.00     0.00     0.00     0.00     0.00 -1    -1e-30      0.00 7.472e-01 2.524e-01 6.135e-05 1.790e-05 1.556e-04 -1.000 3.586e-04 0.355 -0.024 -0.287 -0.516 -0.840 -0.948 -0.971 -0.978 -0.985 -0.753 -0.974 -0.775 -0.926 -0.946 -0.952 -0.964 -0.973 -0.977 -0.980 -0.984 -0.985 -0.990 -0.986 -0.878
0.00032462 -1.68000 10.00000 0.8499884605 2.4350311756    0.790  1.767  3.7814  2.646    4  0.000  0.527     0.00     0.00     0.00     0.00     0.00 -1    -1e-30      0.00 7.472e-01 2.524e-01 6.135e-05 1.790e-05 1.556e-04 -1.000 3.586e-04 0.352 -0.028 -0.293 -0.524 -0.850 -0.959 -0.982 -0.989 -0.996 -0.762 -0.985 -0.784 -0.937 -0.956 -0.963 -0.975 -0.983 -0.988 -0.991 -0.995 -0.996 -1.001 -0.997 -0.888
0.00032462 -1.68000 10.00000 0.8500458598 2.4350488186    0.790  1.769  3.7800  2.639    4  0.000  0.527     0.00     0.00     0.00     0.00     0.00 -1    -1e-30      0.00 7.472e-01 2.525e-01 6.135e-05 1.790e-05 1.556e-04 -1.000 3.587e-04 0.348 -0.034 -0.300 -0.533 -0.863 -0.973 -0.996 -1.004 -1.010 -0.774 -1.000 -0.796 -0.950 -0.971 -0.977 -0.989 -0.998 -1.002 -1.005 -1.009 -1.010 -1.015 -1.011 -0.901
0.00032462 -1.68000 10.00000 0.8501069546 2.4350674152    0.791  1.771  3.7781  2.629    4  0.000  0.527     0.00     0.00     0.00     0.00     0.00 -1    -1e-30      0.00 7.472e-01 2.525e-01 6.135e-05 1.791e-05 1.556e-04 -1.000 3.585e-04 0.343 -0.041 -0.311 -0.547 -0.880 -0.993 -1.016 -1.024 -1.030 -0.791 -1.019 -0.812 -0.970 -0.990 -0.997 -1.009 -1.018 -1.022 -1.025 -1.029 -1.030 -1.035 -1.031 -0.919
0.00032462 -1.68000 10.00000 0.8501642346 2.4350848198    0.791  1.773  3.7759  2.618    4  0.000  0.527     0.00     0.00     0.00     0.00     0.00 -1    -1e-30      0.00 7.472e-01 2.525e-01 6.135e-05 1.791e-05 1.556e-04 -1.000 3.586e-04 0.337 -0.048 -0.322 -0.561 -0.900 -1.015 -1.038 -1.046 -1.053 -0.810 -1.042 -0.831 -0.991 -1.012 -1.019 -1.031 -1.040 -1.044 -1.047 -1.052 -1.052 -1.058 -1.054 -0.940
0.00032462 -1.68000 10.00000 0.8501908183 2.4350929260    0.791  1.775  3.7749  2.613    4  0.000  0.527     0.00     0.00     0.00     0.00     0.00 -1    -1e-30      0.00 7.472e-01 2.525e-01 6.135e-05 1.791e-05 1.556e-04 -1.000 3.586e-04 0.334 -0.052 -0.328 -0.569 -0.910 -1.025 -1.049 -1.057 -1.064 -0.819 -1.053 -0.840 -1.002 -1.023 -1.030 -1.042 -1.051 -1.055 -1.059 -1.063 -1.064 -1.069 -1.065 -0.950
0.00032462 -1.68000 10.00000 0.8502423167 2.4351084232    0.791  1.777  3.7727  2.601    4  0.000  0.527     0.00     0.00     0.00     0.00     0.00 -1    -1e-30      0.00 7.472e-01 2.525e-01 6.135e-05 1.791e-05 1.556e-04 -1.000 3.586e-04 0.327 -0.061 -0.341 -0.585 -0.931 -1.049 -1.073 -1.081 -1.088 -0.840 -1.077 -0.860 -1.025 -1.046 -1.053 -1.066 -1.075 -1.080 -1.083 -1.087 -1.088 -1.093 -1.089 -0.972
0.00032462 -1.68000 10.00000 0.8502968550 2.4351251125    0.791  1.780  3.7702  2.589    4  0.000  0.527     0.00     0.00     0.00     0.00     0.00 -1    -1e-30      0.00 7.472e-01 2.525e-01 6.135e-05 1.791e-05 1.556e-04 -1.000 3.585e-04 0.319 -0.071 -0.355 -0.603 -0.955 -1.075 -1.100 -1.108 -1.115 -0.863 -1.103 -0.882 -1.051 -1.072 -1.080 -1.093 -1.102 -1.106 -1.109 -1.114 -1.114 -1.120 -1.116 -0.997
0.00032462 -1.68000 10.00000 0.8503507376 2.4351413250    0.791  1.784  3.7680  2.576    4  0.000  0.527     0.00     0.00     0.00     0.00     0.00 -1    -1e-30      0.00 7.472e-01 2.525e-01 6.135e-05 1.791e-05 1.556e-04 -1.000 3.586e-04 0.310 -0.081 -0.370 -0.620 -0.978 -1.100 -1.125 -1.133 -1.140 -0.884 -1.129 -0.903 -1.075 -1.097 -1.104 -1.118 -1.127 -1.132 -1.135 -1.139 -1.140 -1.145 -1.141 -1.020
0.00032462 -1.68000 10.00000 0.8504058719 2.4351582527    0.791  1.788  3.7656  2.563    4  0.000  0.527     0.00     0.00     0.00     0.00     0.00 -1    -1e-30      0.00 7.472e-01 2.525e-01 6.135e-05 1.791e-05 1.556e-04 -1.000 3.586e-04 0.300 -0.093 -0.386 -0.640 -1.002 -1.127 -1.153 -1.161 -1.168 -0.908 -1.157 -0.926 -1.101 -1.124 -1.132 -1.146 -1.155 -1.159 -1.163 -1.167 -1.168 -1.173 -1.169 -1.045
0.00032462 -1.68000 10.00000 0.8504585028 2.4351742268    0.791  1.792  3.7636  2.550    4  0.000  0.527     0.00     0.00     0.00     0.00     0.00 -1    -1e-30      0.00 7.472e-01 2.525e-01 6.135e-05 1.791e-05 1.556e-04 -1.000 3.586e-04 0.290 -0.105 -0.401 -0.658 -1.025 -1.151 -1.178 -1.187 -1.193 -0.930 -1.182 -0.947 -1.125 -1.148 -1.156 -1.171 -1.180 -1.185 -1.188 -1.193 -1.193 -1.199 -1.195 -1.068
0.00032462 -1.68000 10.00000 0.8505110741 2.4351902008    0.791  1.796  3.7618  2.539    4  0.000  0.527     0.00     0.00     0.00     0.00     0.00 -1    -1e-30      0.00 7.472e-01 2.525e-01 6.135e-05 1.791e-05 1.556e-04 -1.000 3.586e-04 0.280 -0.116 -0.416 -0.675 -1.046 -1.174 -1.202 -1.210 -1.217 -0.950 -1.206 -0.967 -1.147 -1.171 -1.179 -1.194 -1.204 -1.209 -1.212 -1.216 -1.217 -1.222 -1.218 -1.089
0.00032462 -1.68000 10.00000 0.8505630493 2.4352059364    0.791  1.801  3.7596  2.526    4  0.000  0.527     0.00     0.00     0.00     0.00     0.00 -1    -1e-30      0.00 7.472e-01 2.525e-01 6.135e-05 1.791e-05 1.556e-04 -1.000 3.586e-04 0.267 -0.131 -0.434 -0.697 -1.071 -1.202 -1.230 -1.239 -1.246 -0.975 -1.234 -0.992 -1.174 -1.199 -1.208 -1.223 -1.233 -1.237 -1.241 -1.245 -1.246 -1.251 -1.247 -1.116
0.00032462 -1.68000 10.00000 0.8506157398 2.4352219105    0.791  1.808  3.7573  2.510    4  0.000  0.527     0.00     0.00     0.00     0.00     0.00 -1    -1e-30      0.00 7.472e-01 2.525e-01 6.135e-05 1.791e-05 1.556e-04 -1.000 3.586e-04 0.251 -0.149 -0.456 -0.722 -1.102 -1.235 -1.264 -1.273 -1.280 -1.005 -1.268 -1.021 -1.206 -1.232 -1.241 -1.257 -1.267 -1.271 -1.275 -1.279 -1.280 -1.285 -1.281 -1.147
0.00032462 -1.68000 10.00000 0.8506681323 2.4352378845    0.791  1.815  3.7550  2.493    4  0.000  0.527     0.00     0.00     0.00     0.00     0.00 -1    -1e-30      0.00 7.472e-01 2.525e-01 6.135e-05 1.791e-05 1.556e-04 -1.000 3.586e-04 0.232 -0.168 -0.480 -0.749 -1.133 -1.270 -1.300 -1.309 -1.316 -1.036 -1.304 -1.051 -1.240 -1.266 -1.275 -1.292 -1.302 -1.307 -1.310 -1.315 -1.316 -1.320 -1.317 -1.179
0.00032462 -1.68000 10.00000 0.8507024050 2.4352483749    0.791  1.818  3.7546  2.489    4  0.000  0.527     0.00     0.00     0.00     0.00     0.00 -1    -1e-30      0.00 7.472e-01 2.525e-01 6.135e-05 1.791e-05 1.556e-04 -1.000 3.586e-04 0.225 -0.176 -0.488 -0.758 -1.143 -1.280 -1.310 -1.319 -1.326 -1.046 -1.314 -1.061 -1.250 -1.276 -1.285 -1.302 -1.312 -1.317 -1.321 -1.325 -1.326 -1.331 -1.327 -1.189
0.00032462 -1.68000 10.00000 0.8507540226 2.4352638721    0.791  1.830  3.7512  2.464    4  0.000  0.527     0.00     0.00     0.00     0.00     0.00 -1    -1e-30      0.00 7.472e-01 2.525e-01 6.135e-05 1.791e-05 1.556e-04 -1.000 3.586e-04 0.196 -0.207 -0.525 -0.800 -1.192 -1.332 -1.364 -1.373 -1.380 -1.094 -1.368 -1.108 -1.301 -1.328 -1.338 -1.356 -1.366 -1.371 -1.375 -1.380 -1.380 -1.385 -1.381 -1.239
0.00032462 -1.68000 10.00000 0.8508074284 2.4352800846    0.791  1.846  3.7473  2.432    4  0.000  0.527     0.00     0.00     0.00     0.00     0.00 -1    -1e-30      0.00 7.472e-01 2.525e-01 6.135e-05 1.791e-05 1.556e-04 -1.000 3.585e-04 0.155 -0.251 -0.576 -0.856 -1.255 -1.400 -1.433 -1.444 -1.450 -1.156 -1.438 -1.169 -1.367 -1.395 -1.406 -1.425 -1.436 -1.442 -1.445 -1.450 -1.451 -1.455 -1.451 -1.304
0.00032462 -1.68000 10.00000 0.8508596420 2.4352960587    0.791  1.873  3.7419  2.383    4  0.000  0.527     0.00     0.00     0.00     0.00     0.00 -1    -1e-30      0.00 7.471e-01 2.525e-01 6.135e-05 1.791e-05 1.556e-04 -1.000 3.586e-04 0.087 -0.322 -0.657 -0.945 -1.354 -1.504 -1.540 -1.551 -1.558 -1.254 -1.545 -1.264 -1.469 -1.499 -1.511 -1.531 -1.543 -1.549 -1.553 -1.558 -1.559 -1.562 -1.559 -1.403
0.00032462 -1.68000 10.00000 0.8508912325 2.4353055954    0.791  1.904  3.7364  2.330    4  0.000  0.527     0.00     0.00     0.00     0.00     0.00 -1    -1e-30      0.00 7.471e-01 2.525e-01 6.135e-05 1.791e-05 1.556e-04 -1.000 3.586e-04 0.009 -0.404 -0.749 -1.044 -1.463 -1.620 -1.658 -1.670 -1.677 -1.362 -1.664 -1.371 -1.582 -1.614 -1.627 -1.648 -1.662 -1.668 -1.672 -1.678 -1.678 -1.680 -1.677 -1.515
0.00032462 -1.68000 10.00000 0.8509070277 2.4353103638    0.791  1.939  3.7311  2.274    4  0.000  0.527     0.00     0.00     0.00     0.00     0.00 -1    -1e-30      0.00 7.471e-01 2.525e-01 6.135e-05 1.791e-05 1.556e-04 -1.000 3.586e-04 -0.076 -0.492 -0.847 -1.150 -1.579 -1.741 -1.782 -1.795 -1.801 -1.477 -1.788 -1.484 -1.702 -1.735 -1.749 -1.772 -1.786 -1.793 -1.797 -1.803 -1.803 -1.803 -1.801 -1.632
0.00032462 -1.68000 10.00000 0.8509137630 2.4353125095    0.791  1.973  3.7264  2.221    4  0.000  0.527     0.00     0.00     0.00     0.00     0.00 -1    -1e-30      0.00 7.471e-01 2.525e-01 6.135e-05 1.791e-05 1.556e-04 -1.000 3.586e-04 -0.162 -0.580 -0.944 -1.254 -1.692 -1.859 -1.901 -1.916 -1.921 -1.589 -1.908 -1.594 -1.818 -1.853 -1.868 -1.891 -1.906 -1.913 -1.918 -1.924 -1.923 -1.920 -1.920 -1.747
0.00032462 -1.68000 10.00000 0.8509168625 2.4353134632    0.791  2.008  3.7222  2.170    4  0.000  0.527     0.00     0.00     0.00     0.00     0.00 -1    -1e-30      0.00 7.471e-01 2.525e-01 6.135e-05 1.791e-05 1.556e-04 -1.000 3.586e-04 -0.249 -0.669 -1.040 -1.356 -1.803 -1.974 -2.018 -2.033 -2.037 -1.699 -2.025 -1.702 -1.932 -1.967 -1.983 -2.007 -2.023 -2.030 -2.035 -2.042 -2.040 -2.035 -2.035 -1.858
0.00032462 -1.68000 10.00000 0.8509184718 2.4353139400    0.791  2.040  3.7188  2.124    4  0.000  0.527     0.00     0.00     0.00     0.00     0.00 -1    -1e-30      0.00 7.471e-01 2.525e-01 6.135e-05 1.791e-05 1.556e-04 -1.000 3.586e-04 -0.330 -0.751 -1.128 -1.450 -1.903 -2.079 -2.124 -2.139 -2.143 -1.799 -2.131 -1.801 -2.035 -2.072 -2.088 -2.112 -2.129 -2.136 -2.142 -2.148 -2.146 -2.139 -2.140 -1.960
0.00032462 -1.68000 10.00000 0.8509185314 2.4353139400    0.791  2.042  3.7186  2.120    7  0.000  0.527     0.00     0.00     0.00     0.00     0.00 -1    -1e-30      0.00 7.471e-01 2.525e-01 6.135e-05 1.791e-05 1.556e-04 -1.000 3.586e-04 -0.336 -0.757 -1.135 -1.456 -1.910 -2.086 -2.131 -2.147 -2.150 -1.806 -2.138 -1.808 -2.042 -2.079 -2.095 -2.119 -2.136 -2.144 -2.149 -2.156 -2.153 -2.146 -2.147 -1.967
0.00032462 -1.68000 10.00000 0.8509191871 2.4353141785    0.791  2.065  3.7166  2.090    7  0.000  0.527     0.00     0.00     0.00     0.00     0.00 -1    -1e-30      0.00 7.471e-01 2.525e-01 6.135e-05 1.791e-05 1.556e-04 -1.000 3.585e-04 -0.392 -0.813 -1.195 -1.520 -1.978 -2.156 -2.201 -2.217 -2.220 -1.872 -2.208 -1.874 -2.111 -2.148 -2.165 -2.189 -2.206 -2.214 -2.220 -2.226 -2.223 -2.215 -2.216 -2.035
0.00032462 -1.68000 10.00000 0.8509204388 2.4353144169    0.791  2.111  3.7128  2.029    7  0.000  0.527     0.00     0.00     0.00     0.00     0.00 -1    -1e-30      0.00 7.471e-01 2.525e-01 6.135e-05 1.791e-05 1.556e-04 -1.000 3.586e-04 -0.508 -0.930 -1.319 -1.649 -2.115 -2.297 -2.344 -2.361 -2.362 -2.009 -2.352 -2.009 -2.251 -2.290 -2.307 -2.332 -2.350 -2.358 -2.364 -2.370 -2.367 -2.355 -2.358 -2.174
0.00032462 -1.68000 10.00000 0.8509215117 2.4353148937    0.791  2.149  3.7099  1.979    7  0.000  0.527     0.00     0.00     0.00     0.00     0.00 -1    -1e-30      0.00 7.471e-01 2.525e-01 6.135e-05 1.791e-05 1.556e-04 -1.000 3.586e-04 -0.602 -1.025 -1.419 -1.755 -2.227 -2.412 -2.459 -2.477 -2.478 -2.120 -2.467 -2.118 -2.365 -2.404 -2.422 -2.447 -2.466 -2.474 -2.480 -2.487 -2.482 -2.469 -2.472 -2.286
0.00032462 -1.68000 10.00000 0.8509225249 2.4353151321    0.791  2.185  3.7073  1.933    7  0.000  0.527     0.00     0.00     0.00     0.00     0.00 -1    -1e-30      0.00 7.471e-01 2.525e-01 6.135e-05 1.791e-05 1.556e-04 -1.000 3.586e-04 -0.691 -1.115 -1.514 -1.854 -2.332 -2.520 -2.569 -2.587 -2.586 -2.225 -2.577 -2.222 -2.472 -2.513 -2.530 -2.555 -2.575 -2.584 -2.589 -2.596 -2.592 -2.576 -2.580 -2.392
0.00032462 -1.68000 10.00000 0.8509250283 2.4353158474    0.791  2.204  3.7061  1.909    7  0.000  0.527     0.00     0.00     0.00     0.00     0.00 -1    -1e-30      0.00 7.471e-01 2.525e-01 6.135e-05 1.791e-05 1.556e-04 -1.000 3.586e-04 -0.740 -1.163 -1.566 -1.908 -2.388 -2.578 -2.627 -2.645 -2.644 -2.281 -2.635 -2.277 -2.530 -2.570 -2.588 -2.613 -2.633 -2.642 -2.648 -2.655 -2.650 -2.633 -2.637 -2.449
0.00032462 -1.68000 10.00000 0.8509270549 2.4353165627    0.791  2.184  3.7077  1.935    7  0.000  0.527     0.00     0.00     0.00     0.00     0.00 -1    -1e-30      0.00 7.471e-01 2.525e-01 6.135e-05 1.791e-05 1.556e-04 -1.000 3.586e-04 -0.690 -1.113 -1.512 -1.852 -2.328 -2.517 -2.565 -2.583 -2.583 -2.221 -2.573 -2.219 -2.469 -2.509 -2.526 -2.551 -2.571 -2.580 -2.585 -2.592 -2.588 -2.573 -2.576 -2.389
0.00032462 -1.68000 10.00000 0.8509349227 2.4353189468    0.791  2.158  3.7095  1.968    7  0.000  0.527     0.00     0.00     0.00     0.00     0.00 -1    -1e-30      0.00 7.471e-01 2.525e-01 6.135e-05 1.791e-05 1.556e-04 -1.000 3.586e-04 -0.625 -1.049 -1.444 -1.780 -2.253 -2.439 -2.486 -2.504 -2.504 -2.146 -2.494 -2.144 -2.391 -2.431 -2.448 -2.473 -2.492 -2.501 -2.506 -2.513 -2.509 -2.495 -2.498 -2.312
0.00032462 -1.68000 10.00000 0.8509684801 2.4353289604    0.791  2.183  3.7073  1.935    7  0.000  0.527     0.00     0.00     0.00     0.00     0.00 -1    -1e-30      0.00 7.471e-01 2.525e-01 6.135e-05 1.791e-05 1.556e-04 -1.000 3.586e-04 -0.687 -1.111 -1.510 -1.850 -2.328 -2.516 -2.565 -2.583 -2.582 -2.221 -2.573 -2.218 -2.468 -2.508 -2.526 -2.551 -2.571 -2.580 -2.585 -2.592 -2.588 -2.572 -2.576 -2.388
0.00032462 -1.68000 10.00000 0.8509887457 2.4353351593    0.791  2.226  3.7041  1.879    7  0.000  0.527     0.00     0.00     0.00     0.00     0.00 -1    -1e-30      0.00 7.471e-01 2.525e-01 6.135e-05 1.791e-05 1.556e-04 -1.000 3.586e-04 -0.794 -1.217 -1.623 -1.969 -2.453 -2.646 -2.695 -2.714 -2.712 -2.346 -2.703 -2.341 -2.597 -2.638 -2.656 -2.681 -2.702 -2.710 -2.716 -2.724 -2.718 -2.700 -2.704 -2.515
0.00032462 -1.68000 10.00000 0.8510045409 2.4353399277    0.791  2.262  3.7015  1.832    7  0.000  0.527     0.00     0.00     0.00     0.00     0.00 -1    -1e-30      0.00 7.471e-01 2.525e-01 6.135e-05 1.791e-05 1.556e-04 -1.000 3.586e-04 -0.885 -1.308 -1.720 -2.070 -2.561 -2.756 -2.806 -2.825 -2.823 -2.452 -2.814 -2.446 -2.706 -2.748 -2.767 -2.792 -2.813 -2.822 -2.828 -2.835 -2.829 -2.809 -2.814 -2.623
0.00032462 -1.68000 10.00000 0.8510230184 2.4353456497    0.792  2.304  3.6986  1.779    7  0.000  0.527     0.00     0.00     0.00     0.00     0.00 -1    -1e-30      0.00 7.471e-01 2.525e-01 6.135e-05 1.791e-05 1.556e-04 -1.000 3.586e-04 -0.989 -1.412 -1.829 -2.184 -2.682 -2.881 -2.931 -2.951 -2.947 -2.573 -2.940 -2.566 -2.830 -2.873 -2.892 -2.916 -2.939 -2.948 -2.954 -2.961 -2.954 -2.931 -2.937 -2.745
0.00032462 -1.68000 10.00000 0.8510407805 2.4353508949    0.792  2.345  3.6958  1.727    7  0.000  0.527     0.00     0.00     0.00     0.00     0.00 -1    -1e-30      0.00 7.471e-01 2.525e-01 6.135e-05 1.791e-05 1.556e-04 -1.000 3.586e-04 -1.093 -1.515 -1.939 -2.298 -2.803 -3.006 -3.056 -3.077 -3.072 -2.693 -3.065 -2.685 -2.953 -2.997 -3.016 -3.041 -3.064 -3.073 -3.080 -3.087 -3.079 -3.054 -3.060 -2.867
0.00032462 -1.68000 10.00000 0.8510566950 2.4353559017    0.792  2.387  3.6931  1.674    7  0.000  0.527     0.00     0.00     0.00     0.00     0.00 -1    -1e-30      0.00 7.471e-01 2.525e-01 6.135e-05 1.791e-05 1.556e-04 -1.000 3.586e-04 -1.197 -1.617 -2.047 -2.411 -2.923 -3.129 -3.180 -3.201 -3.195 -2.812 -3.189 -2.802 -3.075 -3.120 -3.140 -3.164 -3.188 -3.198 -3.204 -3.212 -3.203 -3.174 -3.181 -2.988
0.00032462 -1.68000 10.00000 0.8510708809 2.4353601933    0.792  2.428  3.6903  1.622    7  0.000  0.526     0.00     0.00     0.00     0.00     0.00 -1    -1e-30      0.00 7.471e-01 2.525e-01 6.132e-05 1.792e-05 1.556e-04 -1.000 3.586e-04 -1.299 -1.719 -2.154 -2.524 -3.042 -3.252 -3.303 -3.325 -3.317 -2.931 -3.313 -2.919 -3.197 -3.243 -3.263 -3.286 -3.312 -3.321 -3.328 -3.335 -3.325 -3.294 -3.302 -3.108
0.00032462 -1.68000 10.00000 0.8510835171 2.4353640079    0.792  2.469  3.6876  1.570    7  0.000  0.525     0.00     0.00     0.00     0.00     0.00 -1    -1e-30      0.00 7.471e-01 2.525e-01 6.120e-05 1.797e-05 1.556e-04 -1.000 3.586e-04 -1.402 -1.819 -2.260 -2.635 -3.160 -3.374 -3.425 -3.448 -3.439 -3.049 -3.435 -3.036 -3.319 -3.365 -3.385 -3.408 -3.435 -3.444 -3.451 -3.459 -3.448 -3.415 -3.423 -3.228
0.00032462 -1.68000 10.00000 0.8510949612 2.4353673458    0.792  2.510  3.6849  1.518    7  0.000  0.521     6.42     5.15     3.67     2.83     2.29  3    -1e-30      0.00 7.471e-01 2.526e-01 6.084e-05 1.823e-05 1.556e-04 -1.000 3.586e-04 -1.504 -1.920 -2.367 -2.748 -3.280 -3.497 -3.548 -3.572 -3.561 -3.168 -3.558 -3.154 -3.441 -3.488 -3.508 -3.529 -3.558 -3.568 -3.574 -3.582 -3.571 -3.536 -3.544 -3.349
0.00032462 -1.68000 10.00000 0.8511052728 2.4353704453    0.792  2.551  3.6822  1.467    7  0.000  0.513     7.17     5.66     4.01     3.10     2.51  3    -1e-30      0.00 7.470e-01 2.527e-01 6.004e-05 1.899e-05 1.556e-04 -1.000 3.586e-04 -1.607 -2.023 -2.476 -2.861 -3.401 -3.620 -3.670 -3.694 -3.684 -3.287 -3.681 -3.272 -3.563 -3.610 -3.631 -3.650 -3.681 -3.690 -3.697 -3.705 -3.694 -3.656 -3.665 -3.471
0.00032462 -1.68000 10.00000 0.8511146903 2.4353733063    0.792  2.591  3.6795  1.415    7  0.000  0.502     7.99     6.21     4.38     3.40     2.75  3    -1e-30      0.00 7.469e-01 2.528e-01 5.881e-05 2.041e-05 1.556e-04 -1.000 3.560e-04 -1.708 -2.125 -2.584 -2.974 -3.521 -3.741 -3.791 -3.816 -3.805 -3.406 -3.802 -3.390 -3.685 -3.732 -3.752 -3.770 -3.803 -3.812 -3.819 -3.827 -3.816 -3.776 -3.785 -3.591
0.00032462 -1.68000 10.00000 0.8511232734 2.4353759289    0.792  2.632  3.6767  1.364    7  0.000  0.491     8.91     6.81     4.79     3.72     3.01  3    -1e-30      0.00 7.468e-01 2.529e-01 5.752e-05 2.198e-05 1.556e-04 -1.000 3.496e-04 -1.809 -2.227 -2.691 -3.086 -3.640 -3.862 -3.911 -3.938 -3.925 -3.524 -3.923 -3.507 -3.805 -3.853 -3.873 -3.889 -3.924 -3.933 -3.941 -3.949 -3.937 -3.892 -3.904 -3.711
0.00032462 -1.68000 10.00000 0.8511313200 2.4353783131    0.792  2.672  3.6740  1.312    7  0.000  0.481     9.94     7.48     5.24     4.07     3.29  3    -1e-30      0.00 7.466e-01 2.530e-01 5.638e-05 2.338e-05 1.557e-04 -1.000 3.502e-04 -1.910 -2.327 -2.798 -3.199 -3.759 -3.983 -4.032 -4.059 -4.045 -3.642 -4.044 -3.625 -3.926 -3.974 -3.995 -4.007 -4.045 -4.055 -4.062 -4.071 -4.058 -4.009 -4.022 -3.831
0.00032462 -1.68000 10.00000 0.8511390090 2.4353806973    0.792  2.712  3.6712  1.261    7  0.000  0.472    11.08     8.20     5.72     4.45     3.60  3    -1e-30      0.00 7.465e-01 2.531e-01 5.534e-05 2.465e-05 1.557e-04 -1.000 3.566e-04 -2.010 -2.428 -2.905 -3.311 -3.878 -4.104 -4.152 -4.181 -4.165 -3.759 -4.165 -3.742 -4.047 -4.095 -4.116 -4.125 -4.167 -4.176 -4.184 -4.193 -4.180 -4.124 -4.139 -3.951
0.00032462 -1.68000 10.00000 0.8511464000 2.4353830814    0.792  2.752  3.6684  1.210    7  0.000  0.464    12.35     9.00     6.25     4.87     3.94  2    -1e-30      0.00 7.464e-01 2.533e-01 5.448e-05 2.572e-05 1.557e-04 -1.000 3.406e-04 -2.110 -2.527 -3.011 -3.422 -3.996 -4.225 -4.271 -4.302 -4.284 -3.877 -4.285 -3.859 -4.167 -4.216 -4.236 -4.243 -4.288 -4.297 -4.305 -4.315 -4.300 -4.239 -4.256 -4.071
0.00032462 -1.68000 10.00000 0.8511535525 2.4353852272    0.792  2.793  3.6655  1.158    7  0.000  0.458    13.79     9.89     6.84     5.33     4.32  2    -1e-30      0.00 7.463e-01 2.534e-01 5.371e-05 2.667e-05 1.557e-04 -1.000 3.308e-04 -2.212 -2.627 -3.118 -3.536 -4.117 -4.348 -4.393 -4.425 -4.405 -3.996 -4.407 -3.978 -4.289 -4.339 -4.359 -4.362 -4.411 -4.420 -4.428 -4.438 -4.424 -4.356 -4.374 -4.192
0.00032462 -1.68000 10.00000 0.8511601090 2.4353871346    0.792  2.834  3.6626  1.105    7  0.000  0.452    15.42    10.88     7.49     5.85     4.74  2    -1e-30      0.00 7.461e-01 2.535e-01 5.303e-05 2.751e-05 1.556e-04 -1.000 3.580e-04 -2.314 -2.728 -3.227 -3.650 -4.239 -4.472 -4.516 -4.550 -4.528 -4.117 -4.531 -4.098 -4.413 -4.463 -4.484 -4.482 -4.536 -4.545 -4.553 -4.564 -4.548 -4.474 -4.495 -4.315
0.00032462 -1.68000 10.00000 0.8511661887 2.4353890419    0.792  2.876  3.6595  1.051    7  0.000  0.447    17.30    12.00     8.22     6.43     5.21  2    -1e-30      0.00 7.460e-01 2.537e-01 5.243e-05 2.826e-05 1.556e-04 -1.000 3.586e-04 -2.420 -2.832 -3.338 -3.768 -4.365 -4.600 -4.642 -4.679 -4.655 -4.242 -4.658 -4.222 -4.541 -4.592 -4.612 -4.606 -4.664 -4.674 -4.682 -4.693 -4.677 -4.595 -4.618 -4.442
0.00032462 -1.68000 10.00000 0.8511714935 2.4353907108    0.792  2.919  3.6563  0.994    7  0.000  0.443    19.49    13.28     9.06     7.10     5.75  2    -1e-30      0.00 7.458e-01 2.539e-01 5.190e-05 2.893e-05 1.555e-04 -1.000 3.587e-04 -2.528 -2.934 -3.450 -3.888 -4.493 -4.733 -4.773 -4.812 -4.786 -4.369 -4.790 -4.348 -4.671 -4.724 -4.745 -4.733 -4.797 -4.807 -4.815 -4.827 -4.810 -4.721 -4.746 -4.571
0.00032462 -1.68000 10.00000 0.8511756063 2.4353919029    0.792  2.961  3.6532  0.940    7  0.000  0.439    21.86    14.65     9.95     7.81     6.33  2    -1e-30      0.00 7.456e-01 2.540e-01 5.147e-05 2.950e-05 1.553e-04 -1.000 3.585e-04 -2.633 -3.031 -3.556 -4.002 -4.615 -4.860 -4.899 -4.941 -4.913 -4.491 -4.917 -4.467 -4.796 -4.850 -4.872 -4.856 -4.926 -4.935 -4.944 -4.956 -4.938 -4.844 -4.870 -4.695
0.00032462 -1.68000 10.00000 0.8511790633 2.4353928566    0.792  2.999  3.6504  0.890    7  0.000  0.437    24.30    16.03    10.85     8.52     6.91  2    -1e-30      0.00 7.455e-01 2.541e-01 5.113e-05 2.998e-05 1.551e-04 -1.000 3.586e-04 -2.729 -3.119 -3.654 -4.106 -4.728 -4.977 -5.015 -5.059 -5.029 -4.603 -5.034 -4.577 -4.911 -4.967 -4.989 -4.969 -5.044 -5.053 -5.062 -5.074 -5.056 -4.957 -4.983 -4.808
0.00032462 -1.68000 10.00000 0.8511825204 2.4353940487    0.792  3.039  3.6473  0.839    7  0.000  0.435    27.11    17.60    11.86     9.33     7.57  1    -1e-30      0.00 7.454e-01 2.543e-01 5.086e-05 3.041e-05 1.549e-04 -1.000 3.586e-04 -2.828 -3.209 -3.753 -4.214 -4.843 -5.097 -5.135 -5.181 -5.150 -4.718 -5.155 -4.690 -5.030 -5.087 -5.110 -5.087 -5.166 -5.175 -5.184 -5.197 -5.178 -5.075 -5.101 -4.925
0.00032462 -1.68000 10.00000 0.8511855602 2.4353947639    0.792  3.091  3.6433  0.771    7  0.000  0.434    31.32    19.90    13.34    10.51     8.53  1    -1e-30      0.00 7.453e-01 2.544e-01 5.065e-05 3.080e-05 1.547e-04 -1.000 3.586e-04 -2.958 -3.326 -3.883 -4.354 -4.995 -5.256 -5.292 -5.342 -5.309 -4.870 -5.314 -4.839 -5.186 -5.246 -5.269 -5.241 -5.326 -5.336 -5.345 -5.358 -5.338 -5.229 -5.257 -5.079
0.00032462 -1.68000 10.00000 0.8511883616 2.4353957176    0.792  3.182  3.6362  0.651    7  0.000  0.433    40.36    24.72    16.40    12.96    10.52  1    -1e-30      0.00 7.448e-01 2.548e-01 5.027e-05 3.187e-05 1.540e-04 -1.000 3.581e-04 -3.186 -3.528 -4.110 -4.600 -5.262 -5.536 -5.569 -5.625 -5.588 -5.136 -5.594 -5.099 -5.460 -5.525 -5.549 -5.511 -5.608 -5.619 -5.628 -5.642 -5.620 -5.500 -5.529 -5.348
0.00032462 -1.68000 10.00000 0.8511886001 2.4353957176    0.792  3.202  3.6345  0.624    7  0.000  0.433    42.71    25.94    17.18    13.58    11.03  1    -1e-30      0.00 7.448e-01 2.548e-01 5.026e-05 3.192e-05 1.540e-04 -1.000 3.579e-04 -3.236 -3.571 -4.159 -4.653 -5.320 -5.598 -5.631 -5.688 -5.650 -5.195 -5.656 -5.156 -5.520 -5.586 -5.612 -5.571 -5.670 -5.681 -5.691 -5.705 -5.683 -5.560 -5.589 -5.408
0.00032462 -1.68000 10.00000 0.8511887789 2.4353959560    0.792  3.227  3.6323  0.590    7  0.000  0.431    45.89    27.58    18.21    14.42    11.71  1    -1e-30      0.00 7.446e-01 2.550e-01 4.984e-05 3.292e-05 1.534e-04 -1.000 3.580e-04 -3.299 -3.625 -4.220 -4.721 -5.395 -5.676 -5.708 -5.767 -5.728 -5.269 -5.734 -5.229 -5.597 -5.665 -5.690 -5.646 -5.750 -5.760 -5.770 -5.784 -5.762 -5.636 -5.666 -5.483
0.00032462 -1.68000 10.00000 0.8511890769 2.4353959560    0.792  3.262  3.6294  0.544    7  0.000  0.430    50.61    29.98    19.72    15.63    12.70  1    -1e-30      0.00 7.445e-01 2.552e-01 4.949e-05 3.387e-05 1.528e-04 -1.000 3.582e-04 -3.385 -3.699 -4.304 -4.813 -5.496 -5.784 -5.814 -5.876 -5.835 -5.371 -5.841 -5.327 -5.702 -5.772 -5.798 -5.750 -5.858 -5.869 -5.879 -5.893 -5.871 -5.740 -5.770 -5.586
0.00032462 -1.68000 10.00000 0.8511896729 2.4353961945    0.792  3.301  3.6262  0.492    7  0.000  0.430    56.50    32.93    21.57    17.12    13.91  1    -1e-30      0.00 7.443e-01 2.553e-01 4.928e-05 3.454e-05 1.523e-04 -1.000 3.584e-04 -3.483 -3.781 -4.399 -4.917 -5.610 -5.904 -5.933 -5.998 -5.956 -5.485 -5.962 -5.438 -5.819 -5.892 -5.919 -5.866 -5.979 -5.990 -6.001 -6.016 -5.992 -5.858 -5.888 -5.702
0.00032462 -1.68000 10.00000 0.8511897922 2.4353961945    0.792  3.309  3.6256  0.482    7  0.543  0.430    57.73    33.54    21.95    17.43    14.16  1    -1e-30      0.00 7.443e-01 2.554e-01 4.924e-05 3.466e-05 1.522e-04 -1.000 3.585e-04 -3.502 -3.797 -4.418 -4.938 -5.632 -5.928 -5.957 -6.022 -5.980 -5.507 -5.985 -5.460 -5.842 -5.915 -5.942 -5.889 -6.003 -6.014 -6.025 -6.040 -6.016 -5.881 -5.912 -5.724
0.00032462 -1.68000 10.00000 0.8511899114 2.4353961945    0.792  3.367  3.6203  0.402    8  0.538  0.414    68.36    38.75    25.20    20.05    16.29  1 -7.39e-07      0.00 7.385e-01 2.612e-01 4.661e-05 4.116e-05 1.541e-04 -1.000 2.705e-04 -3.648 -3.915 -4.559 -5.095 -5.806 -6.112 -6.140 -6.209 -6.166 -5.681 -6.171 -5.629 -6.021 -6.099 -6.128 -6.068 -6.190 -6.202 -6.212 -6.229 -6.204 -6.064 -6.095 -5.900
0.00032462 -1.68000 10.00000 0.8511899710 2.4353961945    0.790  3.195  3.6335  0.627    8  0.538  0.403    42.49    25.82    17.10    13.52    10.98  1 -3.41e-07      0.00 7.385e-01 2.612e-01 4.661e-05 4.116e-05 1.541e-04 -1.000 2.705e-04 -3.218 -3.549 -4.139 -4.636 -5.307 -5.586 -5.619 -5.677 -5.638 -5.182 -5.644 -5.142 -5.508 -5.575 -5.600 -5.558 -5.659 -5.670 -5.680 -5.694 -5.672 -5.548 -5.577 -5.395
0.00032462 -1.68000 10.00000 0.8511900902 2.4353961945    0.788  3.052  3.6454  0.816    8  0.538  0.403    28.39    18.30    12.31     9.69     7.86  1 -1.81e-07      0.00 7.385e-01 2.612e-01 4.661e-05 4.116e-05 1.541e-04 -1.000 2.705e-04 -2.859 -3.234 -3.784 -4.249 -4.885 -5.142 -5.179 -5.227 -5.195 -4.760 -5.200 -4.730 -5.073 -5.132 -5.155 -5.129 -5.211 -5.221 -5.230 -5.243 -5.223 -5.117 -5.145 -4.967
0.00032462 -1.68000 10.00000 0.8511902690 2.4353961945    0.784  2.847  3.6623  1.087    8  0.538  0.403    15.99    11.21     7.71     6.02     4.88  2 -7.55e-08      0.00 7.385e-01 2.612e-01 4.661e-05 4.116e-05 1.541e-04 -1.000 2.705e-04 -2.347 -2.761 -3.260 -3.684 -4.274 -4.507 -4.550 -4.585 -4.563 -4.151 -4.565 -4.132 -4.448 -4.498 -4.518 -4.516 -4.570 -4.580 -4.588 -4.599 -4.583 -4.508 -4.529 -4.350
0.00032462 -1.68000 10.00000 0.8511905670 2.4353964329    0.778  2.852  3.6617  1.076    8  0.538  0.403    16.32    11.41     7.84     6.13     4.97  2 -7.85e-08      0.00 7.385e-01 2.612e-01 4.661e-05 4.116e-05 1.541e-04 -1.000 2.705e-04 -2.359 -2.773 -3.274 -3.700 -4.290 -4.524 -4.567 -4.602 -4.579 -4.168 -4.582 -4.148 -4.465 -4.515 -4.535 -4.532 -4.587 -4.597 -4.605 -4.616 -4.600 -4.523 -4.545 -4.367
0.00032462 -1.68000 10.00000 0.8511909246 2.4353964329    0.770  2.943  3.6539  0.949    8  0.539  0.403    21.30    14.31     9.73     7.63     6.19  2 -1.19e-07      0.00 7.385e-01 2.612e-01 4.661e-05 4.116e-05 1.541e-04 -1.000 2.705e-04 -2.587 -2.987 -3.511 -3.954 -4.566 -4.809 -4.849 -4.890 -4.862 -4.442 -4.867 -4.419 -4.746 -4.800 -4.821 -4.807 -4.875 -4.884 -4.893 -4.905 -4.887 -4.795 -4.820 -4.645
0.00032462 -1.68000 10.00000 0.8511914015 2.4353966713    0.761  3.106  3.6401  0.725    8  0.539  0.403    34.16    21.39    14.27    11.27     9.15  1 -2.52e-07      0.00 7.385e-01 2.612e-01 4.661e-05 4.116e-05 1.541e-04 -1.000 2.705e-04 -2.996 -3.354 -3.921 -4.400 -5.050 -5.317 -5.352 -5.405 -5.370 -4.925 -5.375 -4.891 -5.244 -5.307 -5.331 -5.298 -5.388 -5.398 -5.408 -5.421 -5.400 -5.286 -5.315 -5.135
0.00032462 -1.68000 10.00000 0.8511918783 2.4353966713    0.750  3.250  3.6278  0.526    8  0.539  0.403    51.97    30.53    20.04    15.92    12.93  1 -4.98e-07      0.00 7.385e-01 2.612e-01 4.661e-05 4.116e-05 1.541e-04 -1.000 2.705e-04 -3.355 -3.661 -4.272 -4.786 -5.474 -5.764 -5.794 -5.857 -5.816 -5.348 -5.822 -5.303 -5.681 -5.752 -5.779 -5.729 -5.839 -5.850 -5.860 -5.875 -5.852 -5.719 -5.750 -5.564
0.00032462 -1.68000 10.00000 0.8511924744 2.4353969097    0.738  3.345  3.6195  0.391    8  0.540  0.403    69.11    38.84    25.21    20.11    16.34  1    -8e-07      0.00 7.385e-01 2.612e-01 4.661e-05 4.116e-05 1.541e-04 -1.000 2.705e-04 -3.593 -3.855 -4.502 -5.041 -5.754 -6.062 -6.089 -6.159 -6.117 -5.630 -6.121 -5.576 -5.970 -6.049 -6.078 -6.017 -6.140 -6.153 -6.162 -6.179 -6.154 -6.014 -6.045 -5.849
0.00032462 -1.68000 10.00000 0.8511931896 2.4353971481    0.725  3.398  3.6148  0.312    8  0.540  0.403    81.53    44.60    28.76    23.01    18.69  1 -1.06e-06      0.00 7.385e-01 2.612e-01 4.661e-05 4.116e-05 1.541e-04 -1.000 2.705e-04 -3.724 -3.957 -4.626 -5.181 -5.908 -6.226 -6.252 -6.327 -6.285 -5.784 -6.286 -5.725 -6.129 -6.213 -6.243 -6.176 -6.306 -6.320 -6.331 -6.348 -6.324 -6.178 -6.210 -6.004
0.00032462 -1.68000 10.00000 0.8511939049 2.4353973866    0.710  3.424  3.6122  0.266    8  0.541  0.403    89.57    48.18    30.95    24.80    20.15  1 -1.27e-06      0.00 7.385e-01 2.612e-01 4.661e-05 4.116e-05 1.541e-04 -1.000 2.706e-04 -3.790 -4.007 -4.689 -5.251 -5.986 -6.311 -6.336 -6.414 -6.372 -5.863 -6.372 -5.801 -6.210 -6.297 -6.328 -6.258 -6.392 -6.406 -6.419 -6.436 -6.411 -6.264 -6.295 -6.084
0.00032462 -1.68000 10.00000 0.8511947393 2.4353976250    0.695  3.440  3.6104  0.233    8  0.541  0.403    95.77    50.86    32.57    26.14    21.24  1 -1.45e-06      0.00 7.385e-01 2.612e-01 4.661e-05 4.116e-05 1.541e-04 -1.000 2.705e-04 -3.830 -4.036 -4.726 -5.295 -6.035 -6.365 -6.389 -6.469 -6.427 -5.913 -6.426 -5.849 -6.261 -6.350 -6.382 -6.309 -6.447 -6.461 -6.474 -6.491 -6.467 -6.318 -6.350 -6.134
0.00032462 -1.68000 10.00000 0.8511984348 2.4353988171    0.543 -9.999  4.0000  1.771    9  0.544  0.000     0.00     0.00     0.00     0.00     0.00 -1    -1e-30      0.00 7.385e-01 2.612e-01 4.661e-05 4.116e-05 1.541e-04 -1.000 2.705e-04 29.767 30.055 30.039 30.080 30.080 30.079 30.078 30.081 30.077 30.078 30.079 30.087 30.065 30.072 30.084 30.084 30.079 30.081 30.081 30.077 30.077 30.075 30.079 30.077
#isochrone terminated
