# File generated by CMD 3.6 (http://stev.oapd.inaf.it/cmd) on Mon Feb 28 22:43:25 CET 2022
# isochrones based on PARSEC release v1.2S +  COLIBRI S_37 + S_35 + PR16
# Basic references: Bressan et al. (2012), MNRAS, 427, 127 + Chen et al. (2014, 2015), MNRAS, 444, 2525 + MNRAS, 452, 1068 + Tang et al. (2014), MNRAS, 445, 4287 + Marigo et al. (2017), ApJ, 835, 77 + Pastorelli al. (2019), MNRAS, 485, 5666 + Pastorelli al. (2020), MNRAS, in press
# Thermal pulse cycles included 
# On RGB, assumed Reimers mass loss with efficiency eta=0.2
# LPV periods and growth rates added cf. Trabucchi et al. (2019)
# but fundamental-mode LPV periods are from Trabucchi et al. (2021)
# Photometric system: <i>UBVRIJHK</i> (cf. Maiz-Apellaniz 2006 + Bessell 1990)
# Using YBC version of bolometric corrections as in Chen et al. (2019)
# O-rich circumstellar dpmod60alox40 dust from Groenewegen (2006)
# C-rich circumstellar AMCSIC15 dust from Groenewegen (2006)
# IMF: Kroupa (2001, 2002) + Kroupa et al. (2013) canonical two-part-power law IMF corrected for unresolved binaries 
# Kind of output: isochrone tables
# Zini     MH   logAge Mini        int_IMF         Mass   logL    logTe  logg  label   McoreTP C_O  period0  period1  period2  period3  period4  pmode  Mloss  tau1m   X   Y   Xc  Xn  Xo  Cexcess  Z 	 mbolmag  Umag    Bmag    Vmag    Rmag    Imag    Jmag    Hmag    Kmag
0.00032462 -1.68000 10.00000 0.0900000036 1.0816895962    0.090 -3.194  3.4805  5.460    1  0.000  0.545     0.00     0.00     0.00     0.00     0.00 -1    -5e-17      0.00 7.486e-01 2.510e-01 6.448e-05 1.740e-05 1.578e-04 -1.000 3.586e-04 12.754 20.063 17.282 15.264 13.593 12.031 10.761 10.493 10.405
0.00032462 -1.68000 10.00000 0.0967883319 1.1437040567    0.097 -2.963  3.5140  5.395    1  0.000  0.545     0.00     0.00     0.00     0.00     0.00 -1 -8.83e-17      0.00 7.474e-01 2.523e-01 6.448e-05 1.740e-05 1.578e-04 -1.000 3.586e-04 12.178 17.951 15.895 14.005 12.687 11.464 10.302 9.888 9.769
0.00032462 -1.68000 10.00000 0.1000000015 1.1711064577    0.100 -2.860  3.5290  5.366    1  0.000  0.545     0.00     0.00     0.00     0.00     0.00 -1 -1.14e-16      0.00 7.467e-01 2.529e-01 6.448e-05 1.740e-05 1.578e-04 -1.000 3.586e-04 11.920 17.114 15.313 13.521 12.303 11.207 10.095 9.635 9.502
0.00032462 -1.68000 10.00000 0.1199999899 1.3193154335    0.120 -2.570  3.5599  5.279    1  0.000  0.545     0.00     0.00     0.00     0.00     0.00 -1 -2.24e-16      0.00 7.443e-01 2.553e-01 6.448e-05 1.740e-05 1.578e-04 -1.000 3.586e-04 11.196 15.357 13.981 12.427 11.362 10.483 9.473 8.949 8.791
0.00032462 -1.68000 10.00000 0.1400000006 1.4384527206    0.140 -2.388  3.5750  5.224    1  0.000  0.545     0.00     0.00     0.00     0.00     0.00 -1 -3.36e-16      0.00 7.425e-01 2.571e-01 6.448e-05 1.740e-05 1.578e-04 -1.000 3.586e-04 10.741 14.465 13.265 11.826 10.828 10.029 9.068 8.524 8.352
0.00032462 -1.68000 10.00000 0.1599999964 1.5372931957    0.160 -2.247  3.5849  5.181    1  0.000  0.545     0.00     0.00     0.00     0.00     0.00 -1 -4.57e-16      0.00 7.413e-01 2.584e-01 6.448e-05 1.740e-05 1.578e-04 -1.000 3.586e-04 10.387 13.845 12.750 11.384 10.431 9.675 8.745 8.192 8.012
0.00032462 -1.68000 10.00000 0.2000000179 1.6938792467    0.200 -2.027  3.5977  5.109    1  0.000  0.545     0.00     0.00     0.00     0.00     0.00 -1 -7.37e-16      0.00 7.402e-01 2.595e-01 6.448e-05 1.740e-05 1.578e-04 -1.000 3.586e-04 9.837 12.973 12.005 10.727 9.835 9.124 8.233 7.673 7.487
0.00032462 -1.68000 10.00000 0.2233406305 1.7675461769    0.223 -1.926  3.6032  5.077    1  0.000  0.545     0.00     0.00     0.00     0.00     0.00 -1 -9.12e-16      0.00 7.401e-01 2.595e-01 6.447e-05 1.740e-05 1.578e-04 -1.000 3.586e-04 9.585 12.594 11.675 10.432 9.564 8.870 7.997 7.435 7.249
0.00032462 -1.68000 10.00000 0.2500000000 1.8403258324    0.250 -1.823  3.6087  5.046    1  0.000  0.545     0.00     0.00     0.00     0.00     0.00 -1 -1.13e-15      0.00 7.401e-01 2.595e-01 6.447e-05 1.740e-05 1.578e-04 -1.000 3.586e-04 9.327 12.210 11.340 10.131 9.289 8.611 7.755 7.192 7.007
0.00032462 -1.68000 10.00000 0.3000000417 1.9529141188    0.300 -1.667  3.6175  5.004    1  0.000  0.545     0.00     0.00     0.00     0.00     0.00 -1 -1.56e-15      0.00 7.403e-01 2.594e-01 6.446e-05 1.740e-05 1.578e-04 -1.000 3.585e-04 8.936 11.634 10.834 9.676 8.872 8.218 7.388 6.826 6.647
0.00032462 -1.68000 10.00000 0.3333374560 2.0152308941    0.333 -1.580  3.6228  4.984    1  0.000  0.545     0.00     0.00     0.00     0.00     0.00 -1 -1.85e-15      0.00 7.403e-01 2.593e-01 6.444e-05 1.740e-05 1.578e-04 -1.000 3.586e-04 8.719 11.311 10.551 9.422 8.639 8.000 7.185 6.625 6.450
0.00032462 -1.68000 10.00000 0.3499999940 2.0434174538    0.350 -1.539  3.6252  4.974    1  0.000  0.544     0.00     0.00     0.00     0.00     0.00 -1    -2e-15      0.00 7.403e-01 2.593e-01 6.443e-05 1.740e-05 1.578e-04 -1.000 3.586e-04 8.618 11.163 10.420 9.304 8.532 7.899 7.091 6.531 6.360
0.00032462 -1.68000 10.00000 0.3855008781 2.0980417728    0.385 -1.443  3.6326  4.950    1  0.000  0.545     0.00     0.00     0.00     0.00     0.00 -1 -2.45e-15      0.00 7.475e-01 2.521e-01 6.447e-05 1.740e-05 1.578e-04 -1.000 3.586e-04 8.378 10.780 10.092 9.014 8.272 7.659 6.871 6.314 6.150
0.00032462 -1.68000 10.00000 0.4000000060 2.1185026169    0.400 -1.406  3.6354  4.940    1  0.000  0.545     0.00     0.00     0.00     0.00     0.00 -1 -2.64e-15      0.00 7.503e-01 2.493e-01 6.448e-05 1.740e-05 1.578e-04 -1.000 3.586e-04 8.286 10.635 9.968 8.904 8.172 7.567 6.787 6.231 6.071
0.00032462 -1.68000 10.00000 0.4500000179 2.1822810173    0.450 -1.243  3.6522  4.895    1  0.000  0.545     0.00     0.00     0.00     0.00     0.00 -1 -3.82e-15      0.00 7.505e-01 2.491e-01 6.448e-05 1.740e-05 1.578e-04 -1.000 3.586e-04 7.878 9.917 9.375 8.392 7.722 7.158 6.425 5.885 5.743
0.00032462 -1.68000 10.00000 0.5000000000 2.2374541759    0.500 -1.061  3.6742  4.846    1  0.000  0.545     0.00     0.00     0.00     0.00     0.00 -1 -5.83e-15      0.00 7.505e-01 2.491e-01 6.448e-05 1.740e-05 1.578e-04 -1.000 3.586e-04 7.422 9.063 8.701 7.815 7.222 6.708 6.038 5.531 5.410
0.00032462 -1.68000 10.00000 0.5500000715 2.2836585045    0.550 -0.859  3.6966  4.775    1  0.000  0.544     0.00     0.00     0.00     0.00     0.00 -1  -9.6e-15      0.00 7.792e-01 2.205e-01 5.753e-05 1.553e-05 1.409e-04 -1.000 3.112e-04 6.917 8.185 8.010 7.212 6.687 6.217 5.612 5.151 5.047
0.00032462 -1.68000 10.00000 0.6000000238 2.3211214542    0.600 -0.660  3.7220  4.715    1  0.000  0.544     0.00     0.00     0.00     0.00     0.00 -1 -1.56e-14      0.00 7.888e-01 2.108e-01 5.532e-05 1.494e-05 1.356e-04 -1.000 3.508e-04 6.419 7.334 7.339 6.637 6.173 5.746 5.213 4.802 4.715
0.00032462 -1.68000 10.00000 0.6019921899 2.3224666119    0.602 -0.651  3.7231  4.713    1  0.000  0.544     0.00     0.00     0.00     0.00     0.00 -1 -1.59e-14      0.00 7.893e-01 2.103e-01 5.522e-05 1.491e-05 1.353e-04 -1.000 3.565e-04 6.398 7.299 7.311 6.613 6.152 5.728 5.197 4.788 4.702
0.00032462 -1.68000 10.00000 0.6146872640 2.3308031559    0.614 -0.599  3.7305  4.699    1  0.000  0.544     0.00     0.00     0.00     0.00     0.00 -1  -1.8e-14      0.00 7.923e-01 2.074e-01 5.455e-05 1.474e-05 1.338e-04 -1.000 3.076e-04 6.267 7.080 7.135 6.465 6.020 5.608 5.097 4.702 4.621
0.00032462 -1.68000 10.00000 0.6294632554 2.3400208950    0.629 -0.538  3.7390  4.682    1  0.000  0.544     0.00     0.00     0.00     0.00     0.00 -1 -2.09e-14      0.00 7.960e-01 2.037e-01 5.374e-05 1.452e-05 1.318e-04 -1.000 3.181e-04 6.114 6.835 6.935 6.296 5.868 5.470 4.980 4.599 4.524
0.00032462 -1.68000 10.00000 0.6430852413 2.3480885029    0.643 -0.481  3.7467  4.666    1  0.000  0.543     0.00     0.00     0.00     0.00     0.00 -1  -2.4e-14      0.00 7.996e-01 2.001e-01 5.294e-05 1.431e-05 1.299e-04 -1.000 2.876e-04 5.973 6.620 6.754 6.143 5.731 5.345 4.873 4.503 4.434
0.00032462 -1.68000 10.00000 0.6499999762 2.3520355225    0.650 -0.452  3.7506  4.657    1  0.000  0.543     0.00     0.00     0.00     0.00     0.00 -1 -2.57e-14      0.00 8.015e-01 1.982e-01 5.252e-05 1.420e-05 1.289e-04 -1.000 3.018e-04 5.901 6.513 6.663 6.066 5.661 5.282 4.818 4.454 4.388
0.00032462 -1.68000 10.00000 0.6641161442 2.3598001003    0.664 -0.393  3.7580  4.637    1  0.000  0.543     0.00     0.00     0.00     0.00     0.00 -1 -2.99e-14      0.00 8.064e-01 1.933e-01 5.146e-05 1.391e-05 1.264e-04 -1.000 2.796e-04 5.752 6.298 6.477 5.908 5.519 5.153 4.706 4.351 4.292
0.00032462 -1.68000 10.00000 0.6785666347 2.3673651218    0.678 -0.331  3.7654  4.615    1  0.000  0.543     0.00     0.00     0.00     0.00     0.00 -1  -3.5e-14      0.00 8.118e-01 1.879e-01 5.028e-05 1.360e-05 1.235e-04 -1.000 2.795e-04 5.598 6.087 6.290 5.748 5.374 5.020 4.588 4.243 4.190
0.00032462 -1.68000 10.00000 0.6922858953 2.3742120266    0.692 -0.272  3.7723  4.592    1  0.000  0.542     0.00     0.00     0.00     0.00     0.00 -1 -4.07e-14      0.00 8.174e-01 1.823e-01 4.907e-05 1.328e-05 1.207e-04 -1.000 3.058e-04 5.451 5.892 6.114 5.596 5.235 4.891 4.474 4.137 4.090
0.00032462 -1.68000 10.00000 0.6999999881 2.3779268265    0.700 -0.239  3.7760  4.578    1  0.000  0.542     0.00     0.00     0.00     0.00     0.00 -1 -4.45e-14      0.00 8.207e-01 1.790e-01 4.835e-05 1.308e-05 1.189e-04 -1.000 3.057e-04 5.366 5.783 6.014 5.509 5.155 4.818 4.408 4.077 4.033
0.00032462 -1.68000 10.00000 0.7024966478 2.3791089058    0.702 -0.228  3.7772  4.573    1  0.000  0.541     0.00     0.00     0.00     0.00     0.00 -1 -4.58e-14      0.00 8.220e-01 1.777e-01 4.803e-05 1.301e-05 1.183e-04 -1.000 3.034e-04 5.339 5.748 5.982 5.481 5.129 4.794 4.387 4.057 4.014
0.00032462 -1.68000 10.00000 0.7150508761 2.3849098682    0.715 -0.171  3.7830  4.547    1  0.000  0.539     0.00     0.00     0.00     0.00     0.00 -1 -5.33e-14      0.00 8.288e-01 1.710e-01 4.638e-05 1.260e-05 1.147e-04 -1.000 2.720e-04 5.197 5.574 5.817 5.336 4.996 4.670 4.274 3.952 3.914
0.00032462 -1.68000 10.00000 0.7271440029 2.3902804852    0.727 -0.114  3.7883  4.519    1  0.000  0.537     0.00     0.00     0.00     0.00     0.00 -1 -6.21e-14      0.00 8.354e-01 1.644e-01 4.478e-05 1.221e-05 1.112e-04 -1.000 2.057e-04 5.056 5.406 5.656 5.192 4.862 4.545 4.161 3.847 3.812
0.00032462 -1.68000 10.00000 0.7379056811 2.3948898315    0.738 -0.063  3.7930  4.492    1  0.000  0.534     0.00     0.00     0.00     0.00     0.00 -1 -7.16e-14      0.00 8.411e-01 1.587e-01 4.339e-05 1.187e-05 1.082e-04 -1.000 2.168e-04 4.927 5.257 5.509 5.060 4.739 4.430 4.055 3.748 3.717
0.00032462 -1.68000 10.00000 0.7480509281 2.3990960121    0.748 -0.012  3.7972  4.464    1  0.000  0.532     0.00     0.00     0.00     0.00     0.00 -1 -8.26e-14      0.00 8.462e-01 1.536e-01 4.218e-05 1.158e-05 1.056e-04 -1.000 2.075e-04 4.799 5.113 5.364 4.930 4.617 4.315 3.950 3.650 3.621
0.00032462 -1.68000 10.00000 0.7500000000 2.3998889923    0.750 -0.002  3.7980  4.459    1  0.000  0.532     0.00     0.00     0.00     0.00     0.00 -1 -8.49e-14      0.00 8.471e-01 1.527e-01 4.196e-05 1.152e-05 1.051e-04 -1.000 2.056e-04 4.774 5.085 5.336 4.905 4.593 4.293 3.929 3.630 3.602
0.00032462 -1.68000 10.00000 0.7595902085 2.4037232399    0.759  0.049  3.8020  4.429    1  0.000  0.531     0.00     0.00     0.00     0.00     0.00 -1 -9.79e-14      0.00 8.492e-01 1.506e-01 4.169e-05 1.146e-05 1.046e-04 -1.000 2.153e-04 4.648 4.946 5.194 4.775 4.472 4.178 3.823 3.531 3.506
0.00032462 -1.68000 10.00000 0.7692715526 2.4074826241    0.769  0.103  3.8060  4.397    1  0.000  0.531     0.00     0.00     0.00     0.00     0.00 -1 -1.14e-13      0.00 8.510e-01 1.488e-01 4.149e-05 1.141e-05 1.042e-04 -1.000 2.058e-04 4.513 4.801 5.044 4.637 4.342 4.054 3.708 3.424 3.401
0.00032462 -1.68000 10.00000 0.7778472304 2.4107227325    0.777  0.154  3.8094  4.365    1  0.000  0.530     0.00     0.00     0.00     0.00     0.00 -1 -1.33e-13      0.00 8.524e-01 1.474e-01 4.134e-05 1.138e-05 1.040e-04 -1.000 2.315e-04 4.386 4.665 4.903 4.507 4.218 3.937 3.598 3.321 3.299
0.00032462 -1.68000 10.00000 0.7860305309 2.4137392044    0.785  0.206  3.8127  4.330    1  0.000  0.530     0.00     0.00     0.00     0.00     0.00 -1 -1.55e-13      0.00 8.536e-01 1.462e-01 4.124e-05 1.135e-05 1.038e-04 -1.000 2.212e-04 4.256 4.530 4.760 4.374 4.091 3.816 3.485 3.214 3.194
0.00032462 -1.68000 10.00000 0.7935730219 2.4164559841    0.793  0.257  3.8156  4.295    1  0.000  0.529     0.00     0.00     0.00     0.00     0.00 -1  -1.8e-13      0.00 8.546e-01 1.452e-01 4.117e-05 1.133e-05 1.037e-04 -1.000 2.116e-04 4.128 4.398 4.621 4.242 3.966 3.695 3.371 3.106 3.087
0.00032462 -1.68000 10.00000 0.8000000119 2.4187245369    0.799  0.303  3.8178  4.261    1  0.000  0.529     0.00     0.00     0.00     0.00     0.00 -1 -2.08e-13      0.00 8.554e-01 1.444e-01 4.112e-05 1.133e-05 1.036e-04 -1.000 2.057e-04 4.012 4.279 4.495 4.123 3.851 3.584 3.265 3.006 2.987
0.00032462 -1.68000 10.00000 0.8015319109 2.4192590714    0.801  0.314  3.8183  4.253    1  0.000  0.529     0.00     0.00     0.00     0.00     0.00 -1 -2.15e-13      0.00 8.553e-01 1.445e-01 4.115e-05 1.134e-05 1.037e-04 -1.000 2.085e-04 3.984 4.250 4.464 4.094 3.823 3.558 3.240 2.982 2.963
0.00032462 -1.68000 10.00000 0.8082026243 2.4215598106    0.807  0.366  3.8204  4.213    1  0.000  0.529     0.00     0.00     0.00     0.00     0.00 -1 -2.52e-13      0.00 8.546e-01 1.451e-01 4.140e-05 1.140e-05 1.044e-04 -1.000 2.520e-04 3.856 4.119 4.326 3.962 3.695 3.434 3.121 2.868 2.850
0.00032462 -1.68000 10.00000 0.8155936599 2.4240584373    0.814  0.427  3.8220  4.161    1  0.000  0.529     0.00     0.00     0.00     0.00     0.00 -1 -3.07e-13      0.00 8.525e-01 1.472e-01 4.194e-05 1.155e-05 1.057e-04 -1.000 2.735e-04 3.702 3.965 4.163 3.804 3.541 3.283 2.974 2.725 2.707
0.00032462 -1.68000 10.00000 0.8166795373 2.4244210720    0.815  0.437  3.8221  4.153    1  0.000  0.529     0.00     0.00     0.00     0.00     0.00 -1 -3.17e-13      0.00 8.522e-01 1.476e-01 4.203e-05 1.158e-05 1.059e-04 -1.000 2.746e-04 3.678 3.942 4.138 3.780 3.517 3.260 2.951 2.702 2.684
0.00032462 -1.68000 10.00000 0.8185647726 2.4250481129    0.817  0.455  3.8220  4.135    1  0.000  0.529     0.00     0.00     0.00     0.00     0.00 -1 -3.38e-13      0.00 8.516e-01 1.482e-01 4.218e-05 1.162e-05 1.063e-04 -1.000 2.763e-04 3.633 3.898 4.092 3.735 3.472 3.214 2.905 2.656 2.638
0.00032462 -1.68000 10.00000 0.8239154816 2.4268100262    0.822  0.509  3.8206  4.079    1  0.000  0.529     0.00     0.00     0.00     0.00     0.00 -1 -4.05e-13      0.00 8.498e-01 1.499e-01 4.262e-05 1.174e-05 1.074e-04 -1.000 2.815e-04 3.497 3.768 3.957 3.598 3.333 3.074 2.762 2.512 2.493
0.00032462 -1.68000 10.00000 0.8283696175 2.4282565117    0.827  0.561  3.8173  4.015    1  0.000  0.529     0.00     0.00     0.00     0.00     0.00 -1  -4.9e-13      0.00 8.484e-01 1.513e-01 4.298e-05 1.184e-05 1.083e-04 -1.000 2.857e-04 3.367 3.648 3.835 3.469 3.199 2.935 2.615 2.358 2.339
0.00032462 -1.68000 10.00000 0.8291223645 2.4284994602    0.828  0.571  3.8164  4.003    1  0.000  0.529     0.00     0.00     0.00     0.00     0.00 -1  -5.1e-13      0.00 8.482e-01 1.515e-01 4.305e-05 1.186e-05 1.085e-04 -1.000 2.863e-04 3.343 3.627 3.813 3.445 3.174 2.909 2.587 2.328 2.308
0.00032462 -1.68000 10.00000 0.8298506141 2.4287335873    0.828  0.581  3.8152  3.988    1  0.000  0.529     0.00     0.00     0.00     0.00     0.00 -1 -5.32e-13      0.00 8.480e-01 1.518e-01 4.310e-05 1.187e-05 1.086e-04 -1.000 2.870e-04 3.317 3.605 3.791 3.420 3.147 2.880 2.555 2.294 2.274
0.00032462 -1.68000 10.00000 0.8322964907 2.4295172691    0.831  0.618  3.8097  3.930    2  0.000  0.529     0.00     0.00     0.00     0.00     0.00 -1 -6.15e-13      0.00 8.472e-01 1.525e-01 4.330e-05 1.193e-05 1.091e-04 -1.000 2.894e-04 3.225 3.527 3.714 3.331 3.048 2.772 2.435 2.163 2.141
0.00032462 -1.68000 10.00000 0.8341593742 2.4301104546    0.832  0.650  3.8031  3.872    2  0.000  0.529     0.00     0.00     0.00     0.00     0.00 -1 -7.07e-13      0.00 8.466e-01 1.531e-01 4.345e-05 1.197e-05 1.095e-04 -1.000 2.910e-04 3.144 3.467 3.656 3.255 2.961 2.674 2.321 2.037 2.012
0.00032462 -1.68000 10.00000 0.8356123567 2.4305710793    0.834  0.679  3.7952  3.813    2  0.000  0.529     0.00     0.00     0.00     0.00     0.00 -1 -8.07e-13      0.00 8.461e-01 1.536e-01 4.357e-05 1.200e-05 1.098e-04 -1.000 2.925e-04 3.073 3.422 3.613 3.191 2.882 2.583 2.212 1.913 1.884
0.00032462 -1.68000 10.00000 0.8367806673 2.4309401512    0.835  0.704  3.7867  3.755    2  0.000  0.530     0.00     0.00     0.00     0.00     0.00 -1 -9.14e-13      0.00 8.425e-01 1.572e-01 4.467e-05 1.230e-05 1.124e-04 -1.000 2.863e-04 3.011 3.393 3.583 3.136 2.812 2.499 2.108 1.793 1.759
0.00032462 -1.68000 10.00000 0.8377532959 2.4312465191    0.836  0.726  3.7777  3.697    2  0.000  0.530     0.00     0.00     0.00     0.00     0.00 -1 -1.03e-12      0.00 8.327e-01 1.670e-01 4.708e-05 1.295e-05 1.183e-04 -1.000 2.659e-04 2.956 3.377 3.564 3.090 2.750 2.422 2.010 1.678 1.639
0.00032462 -1.68000 10.00000 0.8386003971 2.4315125942    0.837  0.746  3.7692  3.643    2  0.000  0.533     0.00     0.00     0.00     0.00     0.00 -1 -1.15e-12      0.00 8.121e-01 1.876e-01 5.127e-05 1.407e-05 1.283e-04 -1.000 2.872e-04 2.905 3.371 3.550 3.049 2.692 2.350 1.919 1.571 1.527
0.00032462 -1.68000 10.00000 0.8393816948 2.4317576885    0.837  0.768  3.7612  3.590    2  0.000  0.535     0.00     0.00     0.00     0.00     0.00 -1 -1.28e-12      0.00 7.918e-01 2.078e-01 5.520e-05 1.512e-05 1.376e-04 -1.000 3.102e-04 2.850 3.361 3.530 3.003 2.632 2.277 1.827 1.464 1.415
0.00032462 -1.68000 10.00000 0.8401657343 2.4320027828    0.838  0.798  3.7536  3.530    2  0.000  0.536     0.00     0.00     0.00     0.00     0.00 -1 -1.47e-12      0.00 7.784e-01 2.213e-01 5.777e-05 1.581e-05 1.438e-04 -1.000 3.310e-04 2.774 3.336 3.492 2.939 2.553 2.185 1.717 1.342 1.287
0.00032462 -1.68000 10.00000 0.8407787085 2.4321942329    0.839  0.831  3.7486  3.477    2  0.000  0.536     0.00     0.00     0.00     0.00     0.00 -1 -1.68e-12      0.00 7.724e-01 2.273e-01 5.896e-05 1.612e-05 1.466e-04 -1.000 3.322e-04 2.692 3.288 3.433 2.864 2.469 2.093 1.613 1.229 1.170
0.00032462 -1.68000 10.00000 0.8413853645 2.4323832989    0.839  0.870  3.7444  3.421    2  0.000  0.537     0.00     0.00     0.00     0.00     0.00 -1 -1.96e-12      0.00 7.682e-01 2.315e-01 5.980e-05 1.635e-05 1.486e-04 -1.000 3.057e-04 2.594 3.223 3.357 2.773 2.370 1.987 1.497 1.105 1.043
0.00032462 -1.68000 10.00000 0.8415731192 2.4324417114    0.839  0.885  3.7434  3.402    3  0.000  0.537     0.00     0.00     0.00     0.00     0.00 -1 -2.08e-12      0.00 7.673e-01 2.324e-01 5.996e-05 1.639e-05 1.490e-04 -1.000 3.159e-04 2.557 3.193 3.324 2.738 2.333 1.948 1.455 1.062 0.999
0.00032462 -1.68000 10.00000 0.8420771360 2.4325985909    0.840  0.927  3.7410  3.351    3  0.000  0.537     0.00     0.00     0.00     0.00     0.00 -1 -2.42e-12      0.00 7.650e-01 2.347e-01 6.035e-05 1.649e-05 1.499e-04 -1.000 3.516e-04 2.452 3.107 3.232 2.637 2.228 1.839 1.340 0.942 0.877
0.00032462 -1.68000 10.00000 0.8426282406 2.4327697754    0.840  0.976  3.7385  3.292    3  0.000  0.537     0.00     0.00     0.00     0.00     0.00 -1  -2.9e-12      0.00 7.627e-01 2.369e-01 6.069e-05 1.659e-05 1.507e-04 -1.000 3.546e-04 2.329 3.005 3.122 2.519 2.105 1.712 1.206 0.803 0.737
0.00032462 -1.68000 10.00000 0.8430960774 2.4329147339    0.841  1.022  3.7367  3.240    3  0.000  0.537     0.00     0.00     0.00     0.00     0.00 -1 -3.42e-12      0.00 7.609e-01 2.388e-01 6.093e-05 1.665e-05 1.513e-04 -1.000 3.549e-04 2.216 2.909 3.018 2.409 1.992 1.596 1.084 0.677 0.610
0.00032462 -1.68000 10.00000 0.8435431123 2.4330532551    0.841  1.068  3.7350  3.187    3  0.000  0.537     0.00     0.00     0.00     0.00     0.00 -1 -4.04e-12      0.00 7.592e-01 2.405e-01 6.112e-05 1.671e-05 1.518e-04 -1.000 3.586e-04 2.100 2.808 2.911 2.296 1.876 1.478 0.961 0.549 0.482
0.00032462 -1.68000 10.00000 0.8439971805 2.4331936836    0.842  1.119  3.7333  3.130    3  0.000  0.536     0.00     0.00     0.00     0.00     0.00 -1 -4.85e-12      0.00 7.574e-01 2.423e-01 6.124e-05 1.676e-05 1.522e-04 -1.000 3.411e-04 1.974 2.697 2.793 2.173 1.750 1.349 0.827 0.411 0.343
0.00032462 -1.68000 10.00000 0.8444144130 2.4333226681    0.842  1.169  3.7317  3.073    3  0.000  0.536     0.00     0.00     0.00     0.00     0.00 -1 -5.81e-12      0.00 7.557e-01 2.439e-01 6.126e-05 1.683e-05 1.526e-04 -1.000 3.244e-04 1.848 2.585 2.676 2.051 1.625 1.221 0.695 0.274 0.205
0.00032462 -1.68000 10.00000 0.8447889090 2.4334383011    0.842  1.218  3.7301  3.018    3  0.000  0.534     0.00     0.00     0.00     0.00     0.00 -1 -6.92e-12      0.00 7.542e-01 2.455e-01 6.117e-05 1.693e-05 1.528e-04 -1.000 3.232e-04 1.726 2.476 2.562 1.932 1.504 1.098 0.566 0.141 0.072
0.00032462 -1.68000 10.00000 0.8451163173 2.4335393906    0.842  1.264  3.7286  2.966    3  0.000  0.532     0.00     0.00     0.00     0.00     0.00 -1 -8.17e-12      0.00 7.529e-01 2.468e-01 6.097e-05 1.709e-05 1.530e-04 -1.000 3.554e-04 1.611 2.375 2.455 1.820 1.389 0.981 0.444 0.016 -0.054
0.00032462 -1.68000 10.00000 0.8454352617 2.4336376190    0.843  1.313  3.7271  2.911    3  0.000  0.529     0.00     0.00     0.00     0.00     0.00 -1 -9.74e-12      0.00 7.516e-01 2.480e-01 6.065e-05 1.737e-05 1.532e-04 -1.000 3.584e-04 1.488 2.269 2.341 1.701 1.268 0.857 0.316 -0.116 -0.187
0.00032462 -1.68000 10.00000 0.8457412124 2.4337317944    0.843  1.364  3.7255  2.854    3  0.000  0.525     0.00     0.00     0.00     0.00     0.00 -1 -1.17e-11      0.00 7.505e-01 2.492e-01 6.023e-05 1.778e-05 1.533e-04 -1.000 3.568e-04 1.361 2.157 2.222 1.577 1.141 0.727 0.181 -0.255 -0.326
0.00032462 -1.68000 10.00000 0.8459976912 2.4338107109    0.843  1.410  3.7239  2.801    3  0.000  0.521     0.00     0.00     0.00     0.00     0.00 -1 -1.39e-11      0.00 7.496e-01 2.500e-01 5.982e-05 1.821e-05 1.534e-04 -1.000 3.556e-04 1.244 2.056 2.114 1.464 1.025 0.608 0.058 -0.382 -0.454
0.00032462 -1.68000 10.00000 0.8462316394 2.4338824749    0.843  1.457  3.7224  2.749    3  0.000  0.518     0.00     0.00     0.00     0.00     0.00 -1 -1.64e-11      0.00 7.489e-01 2.507e-01 5.944e-05 1.864e-05 1.535e-04 -1.000 3.554e-04 1.129 1.955 2.007 1.352 0.910 0.491 -0.064 -0.508 -0.580
0.00032462 -1.68000 10.00000 0.8464516401 2.4339501858    0.843  1.504  3.7207  2.695    3  0.000  0.515     0.00     0.00     0.00     0.00     0.00 -1 -1.94e-11      0.00 7.484e-01 2.513e-01 5.911e-05 1.903e-05 1.535e-04 -1.000 3.444e-04 1.010 1.853 1.898 1.237 0.792 0.371 -0.189 -0.637 -0.710
0.00032462 -1.68000 10.00000 0.8466461301 2.4340097904    0.843  1.549  3.7191  2.643    3  0.000  0.513     0.00     0.00     0.00     0.00     0.00 -1 -2.29e-11      0.00 7.480e-01 2.517e-01 5.887e-05 1.931e-05 1.536e-04 -1.000 3.372e-04 0.897 1.756 1.794 1.127 0.680 0.256 -0.309 -0.761 -0.835
0.00032462 -1.68000 10.00000 0.8468310237 2.4340665340    0.843  1.596  3.7174  2.589    3  0.000  0.511     0.00     0.00     0.00     0.00     0.00 -1 -2.71e-11      0.00 7.477e-01 2.520e-01 5.870e-05 1.952e-05 1.536e-04 -1.000 3.482e-04 0.779 1.655 1.687 1.014 0.563 0.136 -0.434 -0.890 -0.965
0.00032462 -1.68000 10.00000 0.8469941020 2.4341166019    0.843  1.642  3.7158  2.537    3  0.000  0.510     0.00     0.00     0.00     0.00     0.00 -1  -3.2e-11      0.00 7.475e-01 2.521e-01 5.858e-05 1.967e-05 1.536e-04 -1.000 3.587e-04 0.666 1.559 1.584 0.905 0.451 0.022 -0.553 -1.015 -1.090
0.00032462 -1.68000 10.00000 0.8471391797 2.4341611862    0.843  1.685  3.7141  2.487    3  0.000  0.510     0.00     0.00     0.00     0.00     0.00 -1 -3.75e-11      0.00 7.474e-01 2.522e-01 5.853e-05 1.974e-05 1.537e-04 -1.000 3.585e-04 0.556 1.468 1.485 0.800 0.343 -0.090 -0.669 -1.135 -1.211
0.00032462 -1.68000 10.00000 0.8472773433 2.4342033863    0.843  1.731  3.7124  2.434    3  0.000  0.509     0.00     0.00     0.00     0.00     0.00 -1 -4.42e-11      0.00 7.474e-01 2.523e-01 5.851e-05 1.976e-05 1.537e-04 -1.000 3.586e-04 0.443 1.377 1.383 0.690 0.230 -0.205 -0.790 -1.259 -1.336
0.00032462 -1.68000 10.00000 0.8474025130 2.4342417717    0.843  1.775  3.7106  2.383    3  0.000  0.509     0.00     0.00     0.00     0.00     0.00 -1  -5.2e-11      0.00 7.474e-01 2.523e-01 5.850e-05 1.977e-05 1.537e-04 -1.000 3.586e-04 0.332 1.287 1.283 0.583 0.119 -0.319 -0.909 -1.382 -1.459
0.00032462 -1.68000 10.00000 0.8475126624 2.4342756271    0.843  1.818  3.7089  2.333    3  0.000  0.509     0.00     0.00     0.00     0.00     0.00 -1 -6.07e-11      0.00 7.474e-01 2.523e-01 5.850e-05 1.977e-05 1.537e-04 -1.000 3.586e-04 0.226 1.204 1.189 0.481 0.014 -0.427 -1.022 -1.499 -1.577
0.00032462 -1.68000 10.00000 0.8476138711 2.4343066216    0.842  1.860  3.7072  2.285    3  0.000  0.509     0.00     0.00     0.00     0.00     0.00 -1 -7.07e-11      0.00 7.473e-01 2.523e-01 5.850e-05 1.978e-05 1.537e-04 -1.000 3.586e-04 0.121 1.122 1.097 0.381 -0.090 -0.534 -1.134 -1.615 -1.694
0.00032462 -1.68000 10.00000 0.8477118015 2.4343366623    0.842  1.903  3.7054  2.234    3  0.000  0.509     0.00     0.00     0.00     0.00     0.00 -1  -8.3e-11      0.00 7.473e-01 2.523e-01 5.849e-05 1.978e-05 1.537e-04 -1.000 3.586e-04 0.011 1.037 1.000 0.276 -0.198 -0.646 -1.251 -1.737 -1.816
0.00032462 -1.68000 10.00000 0.8477974534 2.4343626499    0.842  1.945  3.7036  2.185    3  0.000  0.509     0.00     0.00     0.00     0.00     0.00 -1 -9.65e-11      0.00 7.473e-01 2.523e-01 5.849e-05 1.979e-05 1.537e-04 -1.000 3.586e-04 -0.092 0.959 0.910 0.178 -0.300 -0.751 -1.361 -1.851 -1.931
0.00032462 -1.68000 10.00000 0.8478763700 2.4343869686    0.842  1.985  3.7019  2.137    3  0.000  0.509     0.00     0.00     0.00     0.00     0.00 -1 -1.12e-10      0.00 7.473e-01 2.523e-01 5.849e-05 1.979e-05 1.537e-04 -1.000 3.586e-04 -0.193 0.881 0.822 0.082 -0.401 -0.855 -1.470 -1.964 -2.045
0.00032462 -1.68000 10.00000 0.8479509950 2.4344098568    0.841  2.026  3.7001  2.089    3  0.000  0.509     0.00     0.00     0.00     0.00     0.00 -1  -1.3e-10      0.00 7.473e-01 2.523e-01 5.849e-05 1.979e-05 1.537e-04 -1.000 3.586e-04 -0.296 0.803 0.733 -0.016 -0.502 -0.959 -1.580 -2.079 -2.161
0.00032462 -1.68000 10.00000 0.8480166793 2.4344298840    0.841  2.065  3.6983  2.043    3  0.000  0.509     0.00     0.00     0.00     0.00     0.00 -1  -1.5e-10      0.00 7.473e-01 2.523e-01 5.848e-05 1.980e-05 1.537e-04 -1.000 3.585e-04 -0.392 0.733 0.651 -0.106 -0.596 -1.057 -1.683 -2.187 -2.269
0.00032462 -1.68000 10.00000 0.8480799794 2.4344491959    0.841  2.102  3.6966  1.999    3  0.000  0.509     0.00     0.00     0.00     0.00     0.00 -1 -1.72e-10      0.00 7.473e-01 2.523e-01 5.848e-05 1.980e-05 1.537e-04 -1.000 3.586e-04 -0.486 0.664 0.572 -0.194 -0.688 -1.152 -1.783 -2.292 -2.375
0.00032462 -1.68000 10.00000 0.8481456637 2.4344692230    0.840  2.135  3.6952  1.960    3  0.000  0.509     0.00     0.00     0.00     0.00     0.00 -1 -1.94e-10      0.00 7.473e-01 2.523e-01 5.848e-05 1.980e-05 1.537e-04 -1.000 3.586e-04 -0.567 0.608 0.503 -0.271 -0.768 -1.235 -1.871 -2.383 -2.467
0.00032462 -1.68000 10.00000 0.8482043743 2.4344873428    0.840  2.160  3.6941  1.931    3  0.000  0.509     0.00     0.00     0.00     0.00     0.00 -1 -2.14e-10      0.00 7.473e-01 2.523e-01 5.848e-05 1.981e-05 1.537e-04 -1.000 3.586e-04 -0.629 0.564 0.451 -0.329 -0.829 -1.297 -1.937 -2.452 -2.536
0.00032462 -1.68000 10.00000 0.8482530713 2.4345021248    0.839  2.142  3.6953  1.953    3  0.000  0.509     0.00     0.00     0.00     0.00     0.00 -1 -2.02e-10      0.00 7.473e-01 2.523e-01 5.848e-05 1.981e-05 1.537e-04 -1.000 3.586e-04 -0.586 0.589 0.484 -0.290 -0.787 -1.253 -1.889 -2.401 -2.485
0.00032462 -1.68000 10.00000 0.8482595682 2.4345040321    0.839  2.140  3.6954  1.956    3  0.000  0.509     0.00     0.00     0.00     0.00     0.00 -1    -2e-10      0.00 7.473e-01 2.523e-01 5.847e-05 1.981e-05 1.537e-04 -1.000 3.586e-04 -0.580 0.592 0.488 -0.284 -0.781 -1.247 -1.883 -2.395 -2.478
0.00032462 -1.68000 10.00000 0.8482925892 2.4345142841    0.839  2.167  3.6942  1.924    3  0.000  0.509     0.00     0.00     0.00     0.00     0.00 -1 -2.19e-10      0.00 7.473e-01 2.523e-01 5.847e-05 1.981e-05 1.537e-04 -1.000 3.586e-04 -0.647 0.547 0.433 -0.347 -0.847 -1.316 -1.955 -2.470 -2.554
0.00032462 -1.68000 10.00000 0.8483426571 2.4345295429    0.839  2.209  3.6921  1.873    3  0.000  0.509     0.00     0.00     0.00     0.00     0.00 -1 -2.55e-10      0.00 7.473e-01 2.524e-01 5.847e-05 1.981e-05 1.537e-04 -1.000 3.586e-04 -0.753 0.477 0.345 -0.445 -0.951 -1.423 -2.069 -2.590 -2.675
0.00032462 -1.68000 10.00000 0.8483892083 2.4345436096    0.838  2.251  3.6901  1.823    3  0.000  0.509     0.00     0.00     0.00     0.00     0.00 -1 -2.97e-10      0.00 7.473e-01 2.524e-01 5.847e-05 1.981e-05 1.537e-04 -1.000 3.586e-04 -0.857 0.408 0.260 -0.542 -1.053 -1.529 -2.182 -2.708 -2.794
0.00032462 -1.68000 10.00000 0.8484321833 2.4345569611    0.838  2.292  3.6880  1.774    3  0.000  0.509     0.00     0.00     0.00     0.00     0.00 -1 -3.45e-10      0.00 7.473e-01 2.524e-01 5.847e-05 1.982e-05 1.537e-04 -1.000 3.586e-04 -0.959 0.343 0.177 -0.637 -1.152 -1.632 -2.292 -2.825 -2.911
0.00032462 -1.68000 10.00000 0.8484699726 2.4345684052    0.837  2.330  3.6861  1.727    3  0.000  0.509     0.00     0.00     0.00     0.00     0.00 -1 -3.98e-10      0.00 7.473e-01 2.524e-01 5.847e-05 1.982e-05 1.537e-04 -1.000 3.585e-04 -1.055 0.284 0.101 -0.725 -1.245 -1.729 -2.396 -2.935 -3.022
0.00032462 -1.68000 10.00000 0.8485067487 2.4345796108    0.837  2.370  3.6840  1.678    3  0.000  0.509     0.00     0.00     0.00     0.00     0.00 -1 -4.62e-10      0.00 7.473e-01 2.524e-01 5.847e-05 1.982e-05 1.537e-04 -1.000 3.586e-04 -1.155 0.237 0.025 -0.818 -1.344 -1.832 -2.506 -3.051 -3.138
0.00032462 -1.68000 10.00000 0.8485391140 2.4345896244    0.836  2.408  3.6820  1.632    3  0.000  0.509     0.00     0.00     0.00     0.00     0.00 -1 -5.32e-10      0.00 7.473e-01 2.524e-01 5.847e-05 1.982e-05 1.537e-04 -1.000 3.585e-04 -1.250 0.199 -0.043 -0.905 -1.437 -1.929 -2.610 -3.161 -3.247
0.00032462 -1.68000 10.00000 0.8485705256 2.4345991611    0.835  2.447  3.6800  1.585    3  0.000  0.509     0.00     0.00     0.00     0.00     0.00 -1 -6.14e-10      0.00 7.473e-01 2.524e-01 5.846e-05 1.982e-05 1.537e-04 -1.000 3.586e-04 -1.347 0.160 -0.114 -0.995 -1.534 -2.029 -2.717 -3.274 -3.359
0.00032462 -1.68000 10.00000 0.8485983610 2.4346075058    0.835  2.484  3.6779  1.539    3  0.000  0.509     0.00     0.00     0.00     0.00     0.00 -1 -7.06e-10      0.00 7.473e-01 2.524e-01 5.846e-05 1.982e-05 1.537e-04 -1.000 3.586e-04 -1.440 0.132 -0.177 -1.079 -1.625 -2.124 -2.819 -3.382 -3.467
0.00032462 -1.68000 10.00000 0.8486308455 2.4346175194    0.834  2.530  3.6754  1.483    3  0.000  0.509     7.05     5.57     3.96     3.05     2.47  3 -8.38e-10      0.00 7.473e-01 2.524e-01 5.846e-05 1.983e-05 1.537e-04 -1.000 3.586e-04 -1.555 0.102 -0.253 -1.183 -1.738 -2.243 -2.946 -3.516 -3.600
0.00032462 -1.68000 10.00000 0.8486596942 2.4346263409    0.833  2.574  3.6729  1.427    3  0.000  0.509     7.92     6.15     4.35     3.36     2.72  3 -9.89e-10      0.00 7.473e-01 2.524e-01 5.846e-05 1.983e-05 1.537e-04 -1.000 3.585e-04 -1.666 0.084 -0.321 -1.281 -1.846 -2.357 -3.069 -3.645 -3.729
0.00032462 -1.68000 10.00000 0.8486824036 2.4346332550    0.832  2.612  3.6707  1.381    3  0.000  0.509     8.73     6.69     4.71     3.65     2.95  3 -1.14e-09      0.00 7.473e-01 2.524e-01 5.846e-05 1.983e-05 1.537e-04 -1.000 3.586e-04 -1.759 0.074 -0.376 -1.363 -1.938 -2.453 -3.172 -3.754 -3.838
0.00032462 -1.68000 10.00000 0.8487064838 2.4346406460    0.830  2.654  3.6683  1.328    3  0.000  0.509     9.76     7.36     5.16     4.00     3.24  3 -1.34e-09      0.00 7.473e-01 2.524e-01 5.846e-05 1.983e-05 1.537e-04 -1.000 3.585e-04 -1.866 0.069 -0.435 -1.454 -2.040 -2.562 -3.290 -3.879 -3.961
0.00032462 -1.68000 10.00000 0.8487257957 2.4346466064    0.829  2.691  3.6661  1.283    3  0.000  0.509    10.74     7.99     5.58     4.33     3.51  3 -1.53e-09      0.00 7.473e-01 2.524e-01 5.846e-05 1.983e-05 1.537e-04 -1.000 3.586e-04 -1.957 0.072 -0.482 -1.532 -2.128 -2.656 -3.391 -3.985 -4.068
0.00032462 -1.68000 10.00000 0.8487460613 2.4346528053    0.828  2.732  3.6637  1.231    3  0.000  0.509    11.97     8.76     6.10     4.74     3.84  3 -1.78e-09      0.00 7.473e-01 2.524e-01 5.846e-05 1.983e-05 1.537e-04 -1.000 3.585e-04 -2.059 0.082 -0.532 -1.617 -2.226 -2.760 -3.504 -4.105 -4.187
0.00032462 -1.68000 10.00000 0.8487655520 2.4346585274    0.827  2.774  3.6611  1.178    3  0.000  0.509    13.38     9.64     6.68     5.20     4.21  3 -2.09e-09      0.00 7.473e-01 2.524e-01 5.846e-05 1.983e-05 1.537e-04 -1.000 3.586e-04 -2.164 0.101 -0.579 -1.704 -2.326 -2.868 -3.622 -4.229 -4.311
0.00032462 -1.68000 10.00000 0.8487837315 2.4346642494    0.825  2.816  3.6584  1.125    3  0.000  0.509    14.98    10.61     7.32     5.71     4.62  2 -2.45e-09      0.00 7.473e-01 2.524e-01 5.846e-05 1.983e-05 1.537e-04 -1.000 3.587e-04 -2.269 0.135 -0.618 -1.788 -2.425 -2.975 -3.739 -4.354 -4.435
0.00032462 -1.68000 10.00000 0.8487995267 2.4346690178    0.823  2.854  3.6560  1.075    3  0.000  0.509    16.62    11.60     7.97     6.22     5.04  2 -2.84e-09      0.00 7.473e-01 2.524e-01 5.846e-05 1.983e-05 1.537e-04 -1.000 3.586e-04 -2.366 0.137 -0.666 -1.865 -2.514 -3.071 -3.845 -4.468 -4.549
0.00032462 -1.68000 10.00000 0.8488150239 2.4346737862    0.821  2.895  3.6534  1.023    3  0.000  0.509    18.55    12.74     8.72     6.81     5.52  2 -3.32e-09      0.00 7.473e-01 2.524e-01 5.846e-05 1.983e-05 1.537e-04 -1.000 3.586e-04 -2.468 0.135 -0.717 -1.945 -2.606 -3.171 -3.957 -4.587 -4.670
0.00032462 -1.68000 10.00000 0.8488284349 2.4346778393    0.819  2.933  3.6509  0.974    3  0.000  0.509    20.53    13.90     9.47     7.41     6.01  2 -3.83e-09      0.00 7.473e-01 2.524e-01 5.846e-05 1.983e-05 1.537e-04 -1.000 3.586e-04 -2.562 0.140 -0.759 -2.017 -2.691 -3.264 -4.060 -4.698 -4.781
0.00032462 -1.68000 10.00000 0.8488414288 2.4346818924    0.817  2.972  3.6485  0.925    3  0.000  0.509    22.79    15.19    10.31     8.08     6.56  2 -4.44e-09      0.00 7.473e-01 2.524e-01 5.846e-05 1.983e-05 1.537e-04 -1.000 3.586e-04 -2.659 0.150 -0.800 -2.089 -2.777 -3.359 -4.165 -4.811 -4.896
0.00032462 -1.68000 10.00000 0.8488535881 2.4346854687    0.815  3.010  3.6457  0.874    3  0.000  0.509    25.37    16.65    11.25     8.83     7.17  2 -5.16e-09      0.00 7.472e-01 2.524e-01 5.846e-05 1.984e-05 1.537e-04 -1.000 3.586e-04 -2.756 0.169 -0.835 -2.158 -2.861 -3.452 -4.272 -4.925 -5.012
0.00032462 -1.68000 10.00000 0.8488642573 2.4346888065    0.813  3.046  3.6434  0.827    3  0.000  0.509    27.97    18.10    12.19     9.58     7.77  1 -5.92e-09      0.00 7.472e-01 2.524e-01 5.845e-05 1.984e-05 1.537e-04 -1.000 3.586e-04 -2.846 0.182 -0.871 -2.224 -2.940 -3.540 -4.369 -5.031 -5.118
0.00032462 -1.68000 10.00000 0.8488745689 2.4346919060    0.810  3.083  3.6409  0.779    3  0.000  0.509    30.93    19.72    13.22    10.41     8.45  1 -6.82e-09      0.00 7.472e-01 2.524e-01 5.845e-05 1.984e-05 1.537e-04 -1.000 3.585e-04 -2.937 0.197 -0.906 -2.290 -3.020 -3.628 -4.469 -5.138 -5.227
0.00032462 -1.68000 10.00000 0.8488842249 2.4346947670    0.807  3.119  3.6382  0.731    3  0.000  0.509    34.25    21.51    14.37    11.32     9.19  1 -7.86e-09      0.00 7.472e-01 2.524e-01 5.845e-05 1.984e-05 1.537e-04 -1.000 3.586e-04 -3.028 0.224 -0.934 -2.351 -3.097 -3.715 -4.569 -5.246 -5.337
0.00032462 -1.68000 10.00000 0.8488930464 2.4346976280    0.804  3.154  3.6359  0.685    3  0.000  0.509    37.69    23.33    15.53    12.26     9.95  1 -8.98e-09      0.00 7.472e-01 2.524e-01 5.845e-05 1.984e-05 1.537e-04 -1.000 3.586e-04 -3.115 0.246 -0.963 -2.410 -3.170 -3.798 -4.663 -5.348 -5.440
0.00032462 -1.68000 10.00000 0.8489017487 2.4347002506    0.800  3.190  3.6334  0.636    3  0.000  0.509    41.73    25.45    16.87    13.33    10.83  1 -1.04e-08      0.00 7.472e-01 2.524e-01 5.845e-05 1.984e-05 1.537e-04 -1.000 3.586e-04 -3.206 0.275 -0.989 -2.471 -3.247 -3.884 -4.762 -5.456 -5.550
0.00032462 -1.68000 10.00000 0.8489095569 2.4347026348    0.797  3.224  3.6310  0.591    3  0.000  0.509    45.91    27.60    18.23    14.43    11.72  1 -1.18e-08      0.00 7.472e-01 2.524e-01 5.845e-05 1.984e-05 1.537e-04 -1.000 3.586e-04 -3.291 0.303 -1.013 -2.527 -3.318 -3.965 -4.855 -5.556 -5.652
0.00032462 -1.68000 10.00000 0.8489171267 2.4347047806    0.793  3.258  3.6286  0.546    3  0.000  0.509    50.48    29.92    19.68    15.60    12.67  1 -1.35e-08      0.00 7.472e-01 2.524e-01 5.845e-05 1.984e-05 1.537e-04 -1.000 3.585e-04 -3.376 0.330 -1.037 -2.581 -3.387 -4.044 -4.946 -5.656 -5.753
0.00032462 -1.68000 10.00000 0.8489234447 2.4347069263    0.789  3.285  3.6268  0.509    3  0.000  0.509    54.47    31.91    20.93    16.61    13.49  1 -1.51e-08      0.00 7.472e-01 2.524e-01 5.845e-05 1.984e-05 1.537e-04 -1.000 3.585e-04 -3.443 0.352 -1.055 -2.624 -3.443 -4.107 -5.018 -5.735 -5.833
0.00032462 -1.68000 10.00000 0.8489234447 2.4347069263    0.789  1.742  3.7766  2.652    4  0.000  0.527     0.00     0.00     0.00     0.00     0.00 -1    -1e-30      0.00 7.472e-01 2.524e-01 6.135e-05 1.790e-05 1.556e-04 -1.000 3.586e-04 0.415 0.889 0.972 0.521 0.192 -0.129 -0.544 -0.870 -0.909
0.00032462 -1.68000 10.00000 0.8489820957 2.4347248077    0.789  1.762  3.7711  2.609    4  0.000  0.527     0.00     0.00     0.00     0.00     0.00 -1    -1e-30      0.00 7.472e-01 2.524e-01 6.135e-05 1.790e-05 1.556e-04 -1.000 3.585e-04 0.364 0.866 0.949 0.481 0.140 -0.190 -0.620 -0.960 -1.001
0.00032462 -1.68000 10.00000 0.8490392566 2.4347422123    0.789  1.764  3.7711  2.607    4  0.000  0.527     0.00     0.00     0.00     0.00     0.00 -1    -1e-30      0.00 7.472e-01 2.524e-01 6.135e-05 1.790e-05 1.556e-04 -1.000 3.586e-04 0.359 0.861 0.944 0.475 0.135 -0.196 -0.626 -0.966 -1.007
0.00032462 -1.68000 10.00000 0.8490983248 2.4347600937    0.789  1.765  3.7715  2.608    4  0.000  0.527     0.00     0.00     0.00     0.00     0.00 -1    -1e-30      0.00 7.472e-01 2.524e-01 6.135e-05 1.790e-05 1.556e-04 -1.000 3.585e-04 0.356 0.857 0.939 0.472 0.132 -0.198 -0.627 -0.966 -1.007
0.00032462 -1.68000 10.00000 0.8491569161 2.4347779751    0.789  1.766  3.7721  2.610    4  0.000  0.527     0.00     0.00     0.00     0.00     0.00 -1    -1e-30      0.00 7.472e-01 2.524e-01 6.135e-05 1.790e-05 1.556e-04 -1.000 3.586e-04 0.355 0.852 0.933 0.469 0.130 -0.198 -0.625 -0.963 -1.003
0.00032462 -1.68000 10.00000 0.8492159843 2.4347960949    0.790  1.766  3.7731  2.613    4  0.000  0.527     0.00     0.00     0.00     0.00     0.00 -1    -1e-30      0.00 7.472e-01 2.524e-01 6.135e-05 1.790e-05 1.556e-04 -1.000 3.586e-04 0.354 0.846 0.928 0.466 0.130 -0.197 -0.622 -0.957 -0.997
0.00032462 -1.68000 10.00000 0.8492757678 2.4348142147    0.790  1.766  3.7742  2.618    4  0.000  0.527     0.00     0.00     0.00     0.00     0.00 -1    -1e-30      0.00 7.472e-01 2.524e-01 6.135e-05 1.790e-05 1.556e-04 -1.000 3.586e-04 0.354 0.841 0.922 0.464 0.130 -0.195 -0.616 -0.948 -0.988
0.00032462 -1.68000 10.00000 0.8493350148 2.4348323345    0.790  1.766  3.7756  2.624    4  0.000  0.527     0.00     0.00     0.00     0.00     0.00 -1    -1e-30      0.00 7.472e-01 2.524e-01 6.135e-05 1.790e-05 1.556e-04 -1.000 3.586e-04 0.355 0.835 0.916 0.462 0.131 -0.191 -0.609 -0.938 -0.977
0.00032462 -1.68000 10.00000 0.8493955731 2.4348506927    0.790  1.766  3.7770  2.630    4  0.000  0.527     0.00     0.00     0.00     0.00     0.00 -1    -1e-30      0.00 7.472e-01 2.524e-01 6.135e-05 1.790e-05 1.556e-04 -1.000 3.586e-04 0.356 0.829 0.910 0.461 0.132 -0.187 -0.601 -0.926 -0.965
0.00032462 -1.68000 10.00000 0.8494551182 2.4348688126    0.790  1.765  3.7785  2.636    4  0.000  0.527     0.00     0.00     0.00     0.00     0.00 -1    -1e-30      0.00 7.472e-01 2.524e-01 6.135e-05 1.790e-05 1.556e-04 -1.000 3.586e-04 0.357 0.824 0.903 0.459 0.134 -0.183 -0.593 -0.914 -0.953
0.00032462 -1.68000 10.00000 0.8495103121 2.4348857403    0.790  1.765  3.7797  2.642    4  0.000  0.527     0.00     0.00     0.00     0.00     0.00 -1    -1e-30      0.00 7.472e-01 2.524e-01 6.135e-05 1.790e-05 1.556e-04 -1.000 3.586e-04 0.358 0.819 0.898 0.458 0.135 -0.179 -0.586 -0.904 -0.942
0.00032462 -1.68000 10.00000 0.8495722413 2.4349045753    0.790  1.764  3.7810  2.647    4  0.000  0.527     0.00     0.00     0.00     0.00     0.00 -1    -1e-30      0.00 7.472e-01 2.524e-01 6.135e-05 1.790e-05 1.556e-04 -1.000 3.586e-04 0.359 0.815 0.892 0.457 0.136 -0.176 -0.579 -0.894 -0.932
0.00032462 -1.68000 10.00000 0.8496336937 2.4349234104    0.790  1.764  3.7821  2.652    4  0.000  0.527     0.00     0.00     0.00     0.00     0.00 -1    -1e-30      0.00 7.472e-01 2.524e-01 6.135e-05 1.790e-05 1.556e-04 -1.000 3.585e-04 0.360 0.811 0.888 0.455 0.137 -0.173 -0.574 -0.886 -0.923
0.00032462 -1.68000 10.00000 0.8496933579 2.4349415302    0.790  1.764  3.7829  2.655    4  0.000  0.527     0.00     0.00     0.00     0.00     0.00 -1    -1e-30      0.00 7.472e-01 2.524e-01 6.135e-05 1.790e-05 1.556e-04 -1.000 3.586e-04 0.360 0.809 0.884 0.454 0.137 -0.171 -0.570 -0.880 -0.917
0.00032462 -1.68000 10.00000 0.8497533202 2.4349596500    0.790  1.764  3.7834  2.657    4  0.000  0.527     0.00     0.00     0.00     0.00     0.00 -1    -1e-30      0.00 7.472e-01 2.524e-01 6.135e-05 1.790e-05 1.556e-04 -1.000 3.586e-04 0.360 0.807 0.881 0.453 0.137 -0.170 -0.568 -0.877 -0.913
0.00032462 -1.68000 10.00000 0.8497599959 2.4349617958    0.790  1.764  3.7835  2.658    4  0.000  0.527     0.00     0.00     0.00     0.00     0.00 -1    -1e-30      0.00 7.472e-01 2.524e-01 6.135e-05 1.790e-05 1.556e-04 -1.000 3.586e-04 0.360 0.807 0.881 0.453 0.137 -0.170 -0.567 -0.877 -0.913
0.00032462 -1.68000 10.00000 0.8498148322 2.4349784851    0.790  1.764  3.7834  2.657    4  0.000  0.527     0.00     0.00     0.00     0.00     0.00 -1    -1e-30      0.00 7.472e-01 2.524e-01 6.135e-05 1.790e-05 1.556e-04 -1.000 3.586e-04 0.359 0.806 0.880 0.452 0.136 -0.171 -0.569 -0.878 -0.915
0.00032462 -1.68000 10.00000 0.8498745561 2.4349966049    0.790  1.765  3.7831  2.655    4  0.000  0.527     0.00     0.00     0.00     0.00     0.00 -1    -1e-30      0.00 7.472e-01 2.524e-01 6.135e-05 1.790e-05 1.556e-04 -1.000 3.586e-04 0.357 0.805 0.880 0.451 0.135 -0.173 -0.572 -0.882 -0.918
0.00032462 -1.68000 10.00000 0.8499329090 2.4350144863    0.790  1.766  3.7825  2.652    4  0.000  0.527     0.00     0.00     0.00     0.00     0.00 -1    -1e-30      0.00 7.472e-01 2.524e-01 6.135e-05 1.790e-05 1.556e-04 -1.000 3.586e-04 0.355 0.805 0.881 0.450 0.132 -0.177 -0.577 -0.889 -0.926
0.00032462 -1.68000 10.00000 0.8499884605 2.4350311756    0.790  1.767  3.7814  2.646    4  0.000  0.527     0.00     0.00     0.00     0.00     0.00 -1    -1e-30      0.00 7.472e-01 2.524e-01 6.135e-05 1.790e-05 1.556e-04 -1.000 3.586e-04 0.352 0.806 0.883 0.448 0.129 -0.182 -0.585 -0.899 -0.936
0.00032462 -1.68000 10.00000 0.8500458598 2.4350488186    0.790  1.769  3.7800  2.639    4  0.000  0.527     0.00     0.00     0.00     0.00     0.00 -1    -1e-30      0.00 7.472e-01 2.525e-01 6.135e-05 1.790e-05 1.556e-04 -1.000 3.587e-04 0.348 0.807 0.886 0.447 0.124 -0.189 -0.595 -0.913 -0.951
0.00032462 -1.68000 10.00000 0.8501069546 2.4350674152    0.791  1.771  3.7781  2.629    4  0.000  0.527     0.00     0.00     0.00     0.00     0.00 -1    -1e-30      0.00 7.472e-01 2.525e-01 6.135e-05 1.791e-05 1.556e-04 -1.000 3.585e-04 0.343 0.811 0.890 0.445 0.119 -0.198 -0.610 -0.932 -0.970
0.00032462 -1.68000 10.00000 0.8501642346 2.4350848198    0.791  1.773  3.7759  2.618    4  0.000  0.527     0.00     0.00     0.00     0.00     0.00 -1    -1e-30      0.00 7.472e-01 2.525e-01 6.135e-05 1.791e-05 1.556e-04 -1.000 3.586e-04 0.337 0.816 0.895 0.443 0.113 -0.209 -0.625 -0.953 -0.992
0.00032462 -1.68000 10.00000 0.8501908183 2.4350929260    0.791  1.775  3.7749  2.613    4  0.000  0.527     0.00     0.00     0.00     0.00     0.00 -1    -1e-30      0.00 7.472e-01 2.525e-01 6.135e-05 1.791e-05 1.556e-04 -1.000 3.586e-04 0.334 0.818 0.898 0.442 0.109 -0.214 -0.633 -0.964 -1.003
0.00032462 -1.68000 10.00000 0.8502423167 2.4351084232    0.791  1.777  3.7727  2.601    4  0.000  0.527     0.00     0.00     0.00     0.00     0.00 -1    -1e-30      0.00 7.472e-01 2.525e-01 6.135e-05 1.791e-05 1.556e-04 -1.000 3.586e-04 0.327 0.822 0.902 0.439 0.102 -0.225 -0.651 -0.987 -1.027
0.00032462 -1.68000 10.00000 0.8502968550 2.4351251125    0.791  1.780  3.7702  2.589    4  0.000  0.527     0.00     0.00     0.00     0.00     0.00 -1    -1e-30      0.00 7.472e-01 2.525e-01 6.135e-05 1.791e-05 1.556e-04 -1.000 3.585e-04 0.319 0.826 0.907 0.436 0.094 -0.238 -0.670 -1.012 -1.053
0.00032462 -1.68000 10.00000 0.8503507376 2.4351413250    0.791  1.784  3.7680  2.576    4  0.000  0.527     0.00     0.00     0.00     0.00     0.00 -1    -1e-30      0.00 7.472e-01 2.525e-01 6.135e-05 1.791e-05 1.556e-04 -1.000 3.586e-04 0.310 0.829 0.910 0.432 0.085 -0.251 -0.689 -1.036 -1.078
0.00032462 -1.68000 10.00000 0.8504058719 2.4351582527    0.791  1.788  3.7656  2.563    4  0.000  0.527     0.00     0.00     0.00     0.00     0.00 -1    -1e-30      0.00 7.472e-01 2.525e-01 6.135e-05 1.791e-05 1.556e-04 -1.000 3.586e-04 0.300 0.830 0.913 0.427 0.075 -0.265 -0.709 -1.062 -1.106
0.00032462 -1.68000 10.00000 0.8504585028 2.4351742268    0.791  1.792  3.7636  2.550    4  0.000  0.527     0.00     0.00     0.00     0.00     0.00 -1    -1e-30      0.00 7.472e-01 2.525e-01 6.135e-05 1.791e-05 1.556e-04 -1.000 3.586e-04 0.290 0.830 0.914 0.420 0.065 -0.279 -0.728 -1.086 -1.131
0.00032462 -1.68000 10.00000 0.8505110741 2.4351902008    0.791  1.796  3.7618  2.539    4  0.000  0.527     0.00     0.00     0.00     0.00     0.00 -1    -1e-30      0.00 7.472e-01 2.525e-01 6.135e-05 1.791e-05 1.556e-04 -1.000 3.586e-04 0.280 0.828 0.913 0.414 0.055 -0.292 -0.747 -1.108 -1.154
0.00032462 -1.68000 10.00000 0.8505630493 2.4352059364    0.791  1.801  3.7596  2.526    4  0.000  0.527     0.00     0.00     0.00     0.00     0.00 -1    -1e-30      0.00 7.472e-01 2.525e-01 6.135e-05 1.791e-05 1.556e-04 -1.000 3.586e-04 0.267 0.826 0.911 0.405 0.042 -0.309 -0.769 -1.135 -1.182
0.00032462 -1.68000 10.00000 0.8506157398 2.4352219105    0.791  1.808  3.7573  2.510    4  0.000  0.527     0.00     0.00     0.00     0.00     0.00 -1    -1e-30      0.00 7.472e-01 2.525e-01 6.135e-05 1.791e-05 1.556e-04 -1.000 3.586e-04 0.251 0.824 0.908 0.393 0.026 -0.330 -0.795 -1.167 -1.215
0.00032462 -1.68000 10.00000 0.8506681323 2.4352378845    0.791  1.815  3.7550  2.493    4  0.000  0.527     0.00     0.00     0.00     0.00     0.00 -1    -1e-30      0.00 7.472e-01 2.525e-01 6.135e-05 1.791e-05 1.556e-04 -1.000 3.586e-04 0.232 0.819 0.903 0.380 0.007 -0.352 -0.824 -1.201 -1.250
0.00032462 -1.68000 10.00000 0.8507024050 2.4352483749    0.791  1.818  3.7546  2.489    4  0.000  0.527     0.00     0.00     0.00     0.00     0.00 -1    -1e-30      0.00 7.472e-01 2.525e-01 6.135e-05 1.791e-05 1.556e-04 -1.000 3.586e-04 0.225 0.815 0.898 0.374 0.000 -0.360 -0.832 -1.210 -1.260
0.00032462 -1.68000 10.00000 0.8507540226 2.4352638721    0.791  1.830  3.7512  2.464    4  0.000  0.527     0.00     0.00     0.00     0.00     0.00 -1    -1e-30      0.00 7.472e-01 2.525e-01 6.135e-05 1.791e-05 1.556e-04 -1.000 3.586e-04 0.196 0.805 0.887 0.351 -0.029 -0.395 -0.876 -1.262 -1.313
0.00032462 -1.68000 10.00000 0.8508074284 2.4352800846    0.791  1.846  3.7473  2.432    4  0.000  0.527     0.00     0.00     0.00     0.00     0.00 -1    -1e-30      0.00 7.472e-01 2.525e-01 6.135e-05 1.791e-05 1.556e-04 -1.000 3.585e-04 0.155 0.789 0.868 0.318 -0.070 -0.443 -0.934 -1.327 -1.382
0.00032462 -1.68000 10.00000 0.8508596420 2.4352960587    0.791  1.873  3.7419  2.383    4  0.000  0.527     0.00     0.00     0.00     0.00     0.00 -1    -1e-30      0.00 7.471e-01 2.525e-01 6.135e-05 1.791e-05 1.556e-04 -1.000 3.586e-04 0.087 0.758 0.830 0.261 -0.138 -0.520 -1.025 -1.429 -1.487
0.00032462 -1.68000 10.00000 0.8508912325 2.4353055954    0.791  1.904  3.7364  2.330    4  0.000  0.527     0.00     0.00     0.00     0.00     0.00 -1    -1e-30      0.00 7.471e-01 2.525e-01 6.135e-05 1.791e-05 1.556e-04 -1.000 3.586e-04 0.009 0.725 0.784 0.194 -0.216 -0.607 -1.126 -1.542 -1.603
0.00032462 -1.68000 10.00000 0.8509070277 2.4353103638    0.791  1.939  3.7311  2.274    4  0.000  0.527     0.00     0.00     0.00     0.00     0.00 -1    -1e-30      0.00 7.471e-01 2.525e-01 6.135e-05 1.791e-05 1.556e-04 -1.000 3.586e-04 -0.076 0.686 0.730 0.119 -0.301 -0.702 -1.235 -1.662 -1.726
0.00032462 -1.68000 10.00000 0.8509137630 2.4353125095    0.791  1.973  3.7264  2.221    4  0.000  0.527     0.00     0.00     0.00     0.00     0.00 -1    -1e-30      0.00 7.471e-01 2.525e-01 6.135e-05 1.791e-05 1.556e-04 -1.000 3.586e-04 -0.162 0.646 0.674 0.044 -0.385 -0.795 -1.340 -1.778 -1.844
0.00032462 -1.68000 10.00000 0.8509168625 2.4353134632    0.791  2.008  3.7222  2.170    4  0.000  0.527     0.00     0.00     0.00     0.00     0.00 -1    -1e-30      0.00 7.471e-01 2.525e-01 6.135e-05 1.791e-05 1.556e-04 -1.000 3.586e-04 -0.249 0.601 0.614 -0.033 -0.471 -0.887 -1.444 -1.891 -1.960
0.00032462 -1.68000 10.00000 0.8509184718 2.4353139400    0.791  2.040  3.7188  2.124    4  0.000  0.527     0.00     0.00     0.00     0.00     0.00 -1    -1e-30      0.00 7.471e-01 2.525e-01 6.135e-05 1.791e-05 1.556e-04 -1.000 3.586e-04 -0.330 0.556 0.556 -0.106 -0.551 -0.973 -1.540 -1.995 -2.065
0.00032462 -1.68000 10.00000 0.8509185314 2.4353139400    0.791  2.042  3.7186  2.120    7  0.000  0.527     0.00     0.00     0.00     0.00     0.00 -1    -1e-30      0.00 7.471e-01 2.525e-01 6.135e-05 1.791e-05 1.556e-04 -1.000 3.586e-04 -0.336 0.553 0.552 -0.111 -0.557 -0.979 -1.546 -2.002 -2.072
0.00032462 -1.68000 10.00000 0.8509191871 2.4353141785    0.791  2.065  3.7166  2.090    7  0.000  0.527     0.00     0.00     0.00     0.00     0.00 -1    -1e-30      0.00 7.471e-01 2.525e-01 6.135e-05 1.791e-05 1.556e-04 -1.000 3.585e-04 -0.392 0.520 0.510 -0.162 -0.612 -1.038 -1.610 -2.070 -2.142
0.00032462 -1.68000 10.00000 0.8509204388 2.4353144169    0.791  2.111  3.7128  2.029    7  0.000  0.527     0.00     0.00     0.00     0.00     0.00 -1    -1e-30      0.00 7.471e-01 2.525e-01 6.135e-05 1.791e-05 1.556e-04 -1.000 3.586e-04 -0.508 0.448 0.421 -0.268 -0.726 -1.159 -1.742 -2.211 -2.284
0.00032462 -1.68000 10.00000 0.8509215117 2.4353148937    0.791  2.149  3.7099  1.979    7  0.000  0.527     0.00     0.00     0.00     0.00     0.00 -1    -1e-30      0.00 7.471e-01 2.525e-01 6.135e-05 1.791e-05 1.556e-04 -1.000 3.586e-04 -0.602 0.389 0.348 -0.354 -0.819 -1.257 -1.849 -2.324 -2.399
0.00032462 -1.68000 10.00000 0.8509225249 2.4353151321    0.791  2.185  3.7073  1.933    7  0.000  0.527     0.00     0.00     0.00     0.00     0.00 -1    -1e-30      0.00 7.471e-01 2.525e-01 6.135e-05 1.791e-05 1.556e-04 -1.000 3.586e-04 -0.691 0.337 0.279 -0.436 -0.906 -1.350 -1.949 -2.431 -2.507
0.00032462 -1.68000 10.00000 0.8509250283 2.4353158474    0.791  2.204  3.7061  1.909    7  0.000  0.527     0.00     0.00     0.00     0.00     0.00 -1    -1e-30      0.00 7.471e-01 2.525e-01 6.135e-05 1.791e-05 1.556e-04 -1.000 3.586e-04 -0.740 0.307 0.241 -0.481 -0.954 -1.400 -2.003 -2.489 -2.565
0.00032462 -1.68000 10.00000 0.8509270549 2.4353165627    0.791  2.184  3.7077  1.935    7  0.000  0.527     0.00     0.00     0.00     0.00     0.00 -1    -1e-30      0.00 7.471e-01 2.525e-01 6.135e-05 1.791e-05 1.556e-04 -1.000 3.586e-04 -0.690 0.334 0.278 -0.436 -0.906 -1.348 -1.946 -2.428 -2.504
0.00032462 -1.68000 10.00000 0.8509349227 2.4353189468    0.791  2.158  3.7095  1.968    7  0.000  0.527     0.00     0.00     0.00     0.00     0.00 -1    -1e-30      0.00 7.471e-01 2.525e-01 6.135e-05 1.791e-05 1.556e-04 -1.000 3.586e-04 -0.625 0.372 0.328 -0.377 -0.842 -1.281 -1.874 -2.351 -2.425
0.00032462 -1.68000 10.00000 0.8509684801 2.4353289604    0.791  2.183  3.7073  1.935    7  0.000  0.527     0.00     0.00     0.00     0.00     0.00 -1    -1e-30      0.00 7.471e-01 2.525e-01 6.135e-05 1.791e-05 1.556e-04 -1.000 3.586e-04 -0.687 0.341 0.283 -0.432 -0.903 -1.346 -1.945 -2.427 -2.503
0.00032462 -1.68000 10.00000 0.8509887457 2.4353351593    0.791  2.226  3.7041  1.879    7  0.000  0.527     0.00     0.00     0.00     0.00     0.00 -1    -1e-30      0.00 7.471e-01 2.525e-01 6.135e-05 1.791e-05 1.556e-04 -1.000 3.586e-04 -0.794 0.281 0.203 -0.529 -1.007 -1.456 -2.065 -2.555 -2.633
0.00032462 -1.68000 10.00000 0.8510045409 2.4353399277    0.791  2.262  3.7015  1.832    7  0.000  0.527     0.00     0.00     0.00     0.00     0.00 -1    -1e-30      0.00 7.471e-01 2.525e-01 6.135e-05 1.791e-05 1.556e-04 -1.000 3.586e-04 -0.885 0.228 0.134 -0.612 -1.096 -1.550 -2.168 -2.665 -2.744
0.00032462 -1.68000 10.00000 0.8510230184 2.4353456497    0.792  2.304  3.6986  1.779    7  0.000  0.527     0.00     0.00     0.00     0.00     0.00 -1    -1e-30      0.00 7.471e-01 2.525e-01 6.135e-05 1.791e-05 1.556e-04 -1.000 3.586e-04 -0.989 0.169 0.054 -0.706 -1.197 -1.657 -2.284 -2.788 -2.869
0.00032462 -1.68000 10.00000 0.8510407805 2.4353508949    0.792  2.345  3.6958  1.727    7  0.000  0.527     0.00     0.00     0.00     0.00     0.00 -1    -1e-30      0.00 7.471e-01 2.525e-01 6.135e-05 1.791e-05 1.556e-04 -1.000 3.586e-04 -1.093 0.110 -0.025 -0.801 -1.299 -1.764 -2.399 -2.912 -2.993
0.00032462 -1.68000 10.00000 0.8510566950 2.4353559017    0.792  2.387  3.6931  1.674    7  0.000  0.527     0.00     0.00     0.00     0.00     0.00 -1    -1e-30      0.00 7.471e-01 2.525e-01 6.135e-05 1.791e-05 1.556e-04 -1.000 3.586e-04 -1.197 0.052 -0.102 -0.894 -1.399 -1.869 -2.514 -3.034 -3.116
0.00032462 -1.68000 10.00000 0.8510708809 2.4353601933    0.792  2.428  3.6903  1.622    7  0.000  0.526     0.00     0.00     0.00     0.00     0.00 -1    -1e-30      0.00 7.471e-01 2.525e-01 6.132e-05 1.792e-05 1.556e-04 -1.000 3.586e-04 -1.299 -0.005 -0.180 -0.987 -1.498 -1.974 -2.628 -3.155 -3.239
0.00032462 -1.68000 10.00000 0.8510835171 2.4353640079    0.792  2.469  3.6876  1.570    7  0.000  0.525     0.00     0.00     0.00     0.00     0.00 -1    -1e-30      0.00 7.471e-01 2.525e-01 6.120e-05 1.797e-05 1.556e-04 -1.000 3.586e-04 -1.402 -0.059 -0.255 -1.078 -1.596 -2.078 -2.741 -3.277 -3.361
0.00032462 -1.68000 10.00000 0.8510949612 2.4353673458    0.792  2.510  3.6849  1.518    7  0.000  0.521     6.42     5.15     3.67     2.83     2.29  3    -1e-30      0.00 7.471e-01 2.526e-01 6.084e-05 1.823e-05 1.556e-04 -1.000 3.586e-04 -1.504 -0.104 -0.329 -1.170 -1.696 -2.182 -2.855 -3.399 -3.484
0.00032462 -1.68000 10.00000 0.8511052728 2.4353704453    0.792  2.551  3.6822  1.467    7  0.000  0.513     7.17     5.66     4.01     3.10     2.51  3    -1e-30      0.00 7.470e-01 2.527e-01 6.004e-05 1.899e-05 1.556e-04 -1.000 3.586e-04 -1.607 -0.128 -0.394 -1.262 -1.796 -2.288 -2.969 -3.521 -3.606
0.00032462 -1.68000 10.00000 0.8511146903 2.4353733063    0.792  2.591  3.6795  1.415    7  0.000  0.502     7.99     6.21     4.38     3.40     2.75  3    -1e-30      0.00 7.469e-01 2.528e-01 5.881e-05 2.041e-05 1.556e-04 -1.000 3.560e-04 -1.708 -0.145 -0.457 -1.353 -1.896 -2.394 -3.084 -3.643 -3.727
0.00032462 -1.68000 10.00000 0.8511232734 2.4353759289    0.792  2.632  3.6767  1.364    7  0.000  0.491     8.91     6.81     4.79     3.72     3.01  3    -1e-30      0.00 7.468e-01 2.529e-01 5.752e-05 2.198e-05 1.556e-04 -1.000 3.496e-04 -1.809 -0.153 -0.514 -1.441 -1.995 -2.499 -3.198 -3.763 -3.847
0.00032462 -1.68000 10.00000 0.8511313200 2.4353783131    0.792  2.672  3.6740  1.312    7  0.000  0.481     9.94     7.48     5.24     4.07     3.29  3    -1e-30      0.00 7.466e-01 2.530e-01 5.638e-05 2.338e-05 1.557e-04 -1.000 3.502e-04 -1.910 -0.152 -0.567 -1.528 -2.093 -2.603 -3.311 -3.884 -3.968
0.00032462 -1.68000 10.00000 0.8511390090 2.4353806973    0.792  2.712  3.6712  1.261    7  0.000  0.472    11.08     8.20     5.72     4.45     3.60  3    -1e-30      0.00 7.465e-01 2.531e-01 5.534e-05 2.465e-05 1.557e-04 -1.000 3.566e-04 -2.010 -0.143 -0.616 -1.613 -2.190 -2.707 -3.425 -4.005 -4.088
0.00032462 -1.68000 10.00000 0.8511464000 2.4353830814    0.792  2.752  3.6684  1.210    7  0.000  0.464    12.35     9.00     6.25     4.87     3.94  2    -1e-30      0.00 7.464e-01 2.533e-01 5.448e-05 2.572e-05 1.557e-04 -1.000 3.406e-04 -2.110 -0.126 -0.662 -1.696 -2.286 -2.810 -3.538 -4.125 -4.207
0.00032462 -1.68000 10.00000 0.8511535525 2.4353852272    0.792  2.793  3.6655  1.158    7  0.000  0.458    13.79     9.89     6.84     5.33     4.32  2    -1e-30      0.00 7.463e-01 2.534e-01 5.371e-05 2.667e-05 1.557e-04 -1.000 3.308e-04 -2.212 -0.100 -0.704 -1.779 -2.383 -2.915 -3.653 -4.248 -4.329
0.00032462 -1.68000 10.00000 0.8511601090 2.4353871346    0.792  2.834  3.6626  1.105    7  0.000  0.452    15.42    10.88     7.49     5.85     4.74  2    -1e-30      0.00 7.461e-01 2.535e-01 5.303e-05 2.751e-05 1.556e-04 -1.000 3.580e-04 -2.314 -0.064 -0.741 -1.861 -2.481 -3.021 -3.769 -4.372 -4.453
0.00032462 -1.68000 10.00000 0.8511661887 2.4353890419    0.792  2.876  3.6595  1.051    7  0.000  0.447    17.30    12.00     8.22     6.43     5.21  2    -1e-30      0.00 7.460e-01 2.537e-01 5.243e-05 2.826e-05 1.556e-04 -1.000 3.586e-04 -2.420 -0.013 -0.773 -1.942 -2.580 -3.129 -3.889 -4.499 -4.580
0.00032462 -1.68000 10.00000 0.8511714935 2.4353907108    0.792  2.919  3.6563  0.994    7  0.000  0.443    19.49    13.28     9.06     7.10     5.75  2    -1e-30      0.00 7.458e-01 2.539e-01 5.190e-05 2.893e-05 1.555e-04 -1.000 3.587e-04 -2.528 0.023 -0.810 -2.024 -2.678 -3.237 -4.010 -4.630 -4.711
0.00032462 -1.68000 10.00000 0.8511756063 2.4353919029    0.792  2.961  3.6532  0.940    7  0.000  0.439    21.86    14.65     9.95     7.81     6.33  2    -1e-30      0.00 7.456e-01 2.540e-01 5.147e-05 2.950e-05 1.553e-04 -1.000 3.585e-04 -2.633 0.043 -0.848 -2.100 -2.770 -3.339 -4.126 -4.755 -4.838
0.00032462 -1.68000 10.00000 0.8511790633 2.4353928566    0.792  2.999  3.6504  0.890    7  0.000  0.437    24.30    16.03    10.85     8.52     6.91  2    -1e-30      0.00 7.455e-01 2.541e-01 5.113e-05 2.998e-05 1.551e-04 -1.000 3.586e-04 -2.729 0.065 -0.882 -2.169 -2.855 -3.433 -4.233 -4.870 -4.954
0.00032462 -1.68000 10.00000 0.8511825204 2.4353940487    0.792  3.039  3.6473  0.839    7  0.000  0.435    27.11    17.60    11.86     9.33     7.57  1    -1e-30      0.00 7.454e-01 2.543e-01 5.086e-05 3.041e-05 1.549e-04 -1.000 3.586e-04 -2.828 0.089 -0.915 -2.238 -2.940 -3.529 -4.342 -4.989 -5.074
0.00032462 -1.68000 10.00000 0.8511855602 2.4353947639    0.792  3.091  3.6433  0.771    7  0.000  0.434    31.32    19.90    13.34    10.51     8.53  1    -1e-30      0.00 7.453e-01 2.544e-01 5.065e-05 3.080e-05 1.547e-04 -1.000 3.586e-04 -2.958 0.123 -0.958 -2.328 -3.051 -3.654 -4.485 -5.145 -5.232
0.00032462 -1.68000 10.00000 0.8511883616 2.4353957176    0.792  3.182  3.6362  0.651    7  0.000  0.433    40.36    24.72    16.40    12.96    10.52  1    -1e-30      0.00 7.448e-01 2.548e-01 5.027e-05 3.187e-05 1.540e-04 -1.000 3.581e-04 -3.186 0.201 -1.022 -2.479 -3.242 -3.871 -4.736 -5.419 -5.511
0.00032462 -1.68000 10.00000 0.8511886001 2.4353957176    0.792  3.202  3.6345  0.624    7  0.000  0.433    42.71    25.94    17.18    13.58    11.03  1    -1e-30      0.00 7.448e-01 2.548e-01 5.026e-05 3.192e-05 1.540e-04 -1.000 3.579e-04 -3.236 0.225 -1.032 -2.509 -3.282 -3.917 -4.790 -5.479 -5.572
0.00032462 -1.68000 10.00000 0.8511887789 2.4353959560    0.792  3.227  3.6323  0.590    7  0.000  0.431    45.89    27.58    18.21    14.42    11.71  1    -1e-30      0.00 7.446e-01 2.550e-01 4.984e-05 3.292e-05 1.534e-04 -1.000 3.580e-04 -3.299 0.257 -1.043 -2.547 -3.333 -3.976 -4.860 -5.556 -5.650
0.00032462 -1.68000 10.00000 0.8511890769 2.4353959560    0.792  3.262  3.6294  0.544    7  0.000  0.430    50.61    29.98    19.72    15.63    12.70  1    -1e-30      0.00 7.445e-01 2.552e-01 4.949e-05 3.387e-05 1.528e-04 -1.000 3.582e-04 -3.385 0.300 -1.058 -2.598 -3.401 -4.056 -4.954 -5.661 -5.757
0.00032462 -1.68000 10.00000 0.8511896729 2.4353961945    0.792  3.301  3.6262  0.492    7  0.000  0.430    56.50    32.93    21.57    17.12    13.91  1    -1e-30      0.00 7.443e-01 2.553e-01 4.928e-05 3.454e-05 1.523e-04 -1.000 3.584e-04 -3.483 0.347 -1.076 -2.655 -3.478 -4.145 -5.060 -5.778 -5.877
0.00032462 -1.68000 10.00000 0.8511897922 2.4353961945    0.792  3.309  3.6256  0.482    7  0.543  0.430    57.73    33.54    21.95    17.43    14.16  1    -1e-30      0.00 7.443e-01 2.554e-01 4.924e-05 3.466e-05 1.522e-04 -1.000 3.585e-04 -3.502 0.356 -1.079 -2.666 -3.493 -4.163 -5.081 -5.802 -5.901
0.00032462 -1.68000 10.00000 0.8511899114 2.4353961945    0.792  3.367  3.6203  0.402    8  0.538  0.414    68.36    38.75    25.20    20.05    16.29  1 -7.39e-07      0.00 7.385e-01 2.612e-01 4.661e-05 4.116e-05 1.541e-04 -1.000 2.705e-04 -3.648 0.455 -1.080 -2.735 -3.601 -4.295 -5.243 -5.981 -6.085
0.00032462 -1.68000 10.00000 0.8511899710 2.4353961945    0.790  3.195  3.6335  0.627    8  0.538  0.403    42.49    25.82    17.10    13.52    10.98  1 -3.41e-07      0.00 7.385e-01 2.612e-01 4.661e-05 4.116e-05 1.541e-04 -1.000 2.705e-04 -3.218 0.270 -0.998 -2.482 -3.259 -3.897 -4.774 -5.467 -5.561
0.00032462 -1.68000 10.00000 0.8511900902 2.4353961945    0.788  3.052  3.6454  0.816    8  0.538  0.403    28.39    18.30    12.31     9.69     7.86  1 -1.81e-07      0.00 7.385e-01 2.612e-01 4.661e-05 4.116e-05 1.541e-04 -1.000 2.705e-04 -2.859 0.127 -0.909 -2.251 -2.962 -3.557 -4.379 -5.032 -5.119
0.00032462 -1.68000 10.00000 0.8511902690 2.4353961945    0.784  2.847  3.6623  1.087    8  0.538  0.403    15.99    11.21     7.71     6.02     4.88  2 -7.55e-08      0.00 7.385e-01 2.612e-01 4.661e-05 4.116e-05 1.541e-04 -1.000 2.705e-04 -2.347 -0.076 -0.764 -1.890 -2.513 -3.054 -3.803 -4.406 -4.487
0.00032462 -1.68000 10.00000 0.8511905670 2.4353964329    0.778  2.852  3.6617  1.076    8  0.538  0.403    16.32    11.41     7.84     6.13     4.97  2 -7.85e-08      0.00 7.385e-01 2.612e-01 4.661e-05 4.116e-05 1.541e-04 -1.000 2.705e-04 -2.359 -0.059 -0.763 -1.899 -2.524 -3.067 -3.819 -4.423 -4.504
0.00032462 -1.68000 10.00000 0.8511909246 2.4353964329    0.770  2.943  3.6539  0.949    8  0.539  0.403    21.30    14.31     9.73     7.63     6.19  2 -1.19e-07      0.00 7.385e-01 2.612e-01 4.661e-05 4.116e-05 1.541e-04 -1.000 2.705e-04 -2.587 0.064 -0.816 -2.060 -2.728 -3.295 -4.078 -4.705 -4.787
0.00032462 -1.68000 10.00000 0.8511914015 2.4353966713    0.761  3.106  3.6401  0.725    8  0.539  0.403    34.16    21.39    14.27    11.27     9.15  1 -2.52e-07      0.00 7.385e-01 2.612e-01 4.661e-05 4.116e-05 1.541e-04 -1.000 2.705e-04 -2.996 0.210 -0.929 -2.335 -3.074 -3.688 -4.533 -5.203 -5.293
0.00032462 -1.68000 10.00000 0.8511918783 2.4353966713    0.750  3.250  3.6278  0.526    8  0.539  0.403    51.97    30.53    20.04    15.92    12.93  1 -4.98e-07      0.00 7.385e-01 2.612e-01 4.661e-05 4.116e-05 1.541e-04 -1.000 2.705e-04 -3.355 0.393 -0.993 -2.549 -3.361 -4.021 -4.928 -5.640 -5.738
0.00032462 -1.68000 10.00000 0.8511924744 2.4353969097    0.738  3.345  3.6195  0.391    8  0.540  0.403    69.11    38.84    25.21    20.11    16.34  1    -8e-07      0.00 7.385e-01 2.612e-01 4.661e-05 4.116e-05 1.541e-04 -1.000 2.705e-04 -3.593 0.545 -1.004 -2.669 -3.540 -4.237 -5.189 -5.930 -6.034
0.00032462 -1.68000 10.00000 0.8511931896 2.4353971481    0.725  3.398  3.6148  0.312    8  0.540  0.403    81.53    44.60    28.76    23.01    18.69  1 -1.06e-06      0.00 7.385e-01 2.612e-01 4.661e-05 4.116e-05 1.541e-04 -1.000 2.705e-04 -3.724 0.645 -0.996 -2.724 -3.632 -4.353 -5.332 -6.089 -6.199
0.00032462 -1.68000 10.00000 0.8511939049 2.4353973866    0.710  3.424  3.6122  0.266    8  0.541  0.403    89.57    48.18    30.95    24.80    20.15  1 -1.27e-06      0.00 7.385e-01 2.612e-01 4.661e-05 4.116e-05 1.541e-04 -1.000 2.706e-04 -3.790 0.709 -0.983 -2.747 -3.676 -4.410 -5.405 -6.171 -6.284
0.00032462 -1.68000 10.00000 0.8511947393 2.4353976250    0.695  3.440  3.6104  0.233    8  0.541  0.403    95.77    50.86    32.57    26.14    21.24  1 -1.45e-06      0.00 7.385e-01 2.612e-01 4.661e-05 4.116e-05 1.541e-04 -1.000 2.705e-04 -3.830 0.762 -0.967 -2.757 -3.700 -4.445 -5.450 -6.223 -6.337
0.00032462 -1.68000 10.00000 0.8511984348 2.4353988171    0.543 -9.999  4.0000  1.771    9  0.544  0.000     0.00     0.00     0.00     0.00     0.00 -1    -1e-30      0.00 7.385e-01 2.612e-01 4.661e-05 4.116e-05 1.541e-04 -1.000 2.705e-04 29.767 29.816 30.061 30.103 30.089 30.076 30.110 30.102 30.115
#isochrone terminated
