# File generated by CMD 3.3 (http://stev.oapd.inaf.it/cmd) on Wed Jul  8 19:17:57 CEST 2020
# isochrones based on PARSEC release v1.2S +  COLIBRI S_35
# Basic references: Bressan et al. (2012), MNRAS, 427, 127 + Chen et al. (2014, 2015), MNRAS, 444, 2525 + MNRAS, 452, 1068 + Tang et al. (2014), MNRAS, 445, 4287 + Marigo et al. (2017), ApJ, 835, 77 + Pastorelli al. (2019), MNRAS in press
# Thermal pulse cycles included 
# On RGB, assumed Reimers mass loss with efficiency eta=0.2
# Photometric system: WFIRST proposed filters, Vegamags
# Using YBC version of bolometric corrections as in Chen et al. (2019)
# O-rich circumstellar dpmod60alox40 dust from Groenewegen (2006)
# C-rich circumstellar AMCSIC15 dust from Groenewegen (2006)
# IMF: Kroupa (2001, 2002) + Kroupa et al. (2013) canonical two-part-power law IMF corrected for unresolved binaries 
# Kind of output: luminosity functions
# age     Z  magbinc 	 mbolmag  R062mag  Z087mag  Y106mag  J129mag  H158mag  F184mag  W149mag
1.2e+10 0.00016 -14.975         0        0        0        0        0        0        0        0
1.2e+10 0.00016 -14.925         0        0        0        0        0        0        0        0
1.2e+10 0.00016 -14.875         0        0        0        0        0        0        0        0
1.2e+10 0.00016 -14.825         0        0        0        0        0        0        0        0
1.2e+10 0.00016 -14.775         0        0        0        0        0        0        0        0
1.2e+10 0.00016 -14.725         0        0        0        0        0        0        0        0
1.2e+10 0.00016 -14.675         0        0        0        0        0        0        0        0
1.2e+10 0.00016 -14.625         0        0        0        0        0        0        0        0
1.2e+10 0.00016 -14.575         0        0        0        0        0        0        0        0
1.2e+10 0.00016 -14.525         0        0        0        0        0        0        0        0
1.2e+10 0.00016 -14.475         0        0        0        0        0        0        0        0
1.2e+10 0.00016 -14.425         0        0        0        0        0        0        0        0
1.2e+10 0.00016 -14.375         0        0        0        0        0        0        0        0
1.2e+10 0.00016 -14.325         0        0        0        0        0        0        0        0
1.2e+10 0.00016 -14.275         0        0        0        0        0        0        0        0
1.2e+10 0.00016 -14.225         0        0        0        0        0        0        0        0
1.2e+10 0.00016 -14.175         0        0        0        0        0        0        0        0
1.2e+10 0.00016 -14.125         0        0        0        0        0        0        0        0
1.2e+10 0.00016 -14.075         0        0        0        0        0        0        0        0
1.2e+10 0.00016 -14.025         0        0        0        0        0        0        0        0
1.2e+10 0.00016 -13.975         0        0        0        0        0        0        0        0
1.2e+10 0.00016 -13.925         0        0        0        0        0        0        0        0
1.2e+10 0.00016 -13.875         0        0        0        0        0        0        0        0
1.2e+10 0.00016 -13.825         0        0        0        0        0        0        0        0
1.2e+10 0.00016 -13.775         0        0        0        0        0        0        0        0
1.2e+10 0.00016 -13.725         0        0        0        0        0        0        0        0
1.2e+10 0.00016 -13.675         0        0        0        0        0        0        0        0
1.2e+10 0.00016 -13.625         0        0        0        0        0        0        0        0
1.2e+10 0.00016 -13.575         0        0        0        0        0        0        0        0
1.2e+10 0.00016 -13.525         0        0        0        0        0        0        0        0
1.2e+10 0.00016 -13.475         0        0        0        0        0        0        0        0
1.2e+10 0.00016 -13.425         0        0        0        0        0        0        0        0
1.2e+10 0.00016 -13.375         0        0        0        0        0        0        0        0
1.2e+10 0.00016 -13.325         0        0        0        0        0        0        0        0
1.2e+10 0.00016 -13.275         0        0        0        0        0        0        0        0
1.2e+10 0.00016 -13.225         0        0        0        0        0        0        0        0
1.2e+10 0.00016 -13.175         0        0        0        0        0        0        0        0
1.2e+10 0.00016 -13.125         0        0        0        0        0        0        0        0
1.2e+10 0.00016 -13.075         0        0        0        0        0        0        0        0
1.2e+10 0.00016 -13.025         0        0        0        0        0        0        0        0
1.2e+10 0.00016 -12.975         0        0        0        0        0        0        0        0
1.2e+10 0.00016 -12.925         0        0        0        0        0        0        0        0
1.2e+10 0.00016 -12.875         0        0        0        0        0        0        0        0
1.2e+10 0.00016 -12.825         0        0        0        0        0        0        0        0
1.2e+10 0.00016 -12.775         0        0        0        0        0        0        0        0
1.2e+10 0.00016 -12.725         0        0        0        0        0        0        0        0
1.2e+10 0.00016 -12.675         0        0        0        0        0        0        0        0
1.2e+10 0.00016 -12.625         0        0        0        0        0        0        0        0
1.2e+10 0.00016 -12.575         0        0        0        0        0        0        0        0
1.2e+10 0.00016 -12.525         0        0        0        0        0        0        0        0
1.2e+10 0.00016 -12.475         0        0        0        0        0        0        0        0
1.2e+10 0.00016 -12.425         0        0        0        0        0        0        0        0
1.2e+10 0.00016 -12.375         0        0        0        0        0        0        0        0
1.2e+10 0.00016 -12.325         0        0        0        0        0        0        0        0
1.2e+10 0.00016 -12.275         0        0        0        0        0        0        0        0
1.2e+10 0.00016 -12.225         0        0        0        0        0        0        0        0
1.2e+10 0.00016 -12.175         0        0        0        0        0        0        0        0
1.2e+10 0.00016 -12.125         0        0        0        0        0        0        0        0
1.2e+10 0.00016 -12.075         0        0        0        0        0        0        0        0
1.2e+10 0.00016 -12.025         0        0        0        0        0        0        0        0
1.2e+10 0.00016 -11.975         0        0        0        0        0        0        0        0
1.2e+10 0.00016 -11.925         0        0        0        0        0        0        0        0
1.2e+10 0.00016 -11.875         0        0        0        0        0        0        0        0
1.2e+10 0.00016 -11.825         0        0        0        0        0        0        0        0
1.2e+10 0.00016 -11.775         0        0        0        0        0        0        0        0
1.2e+10 0.00016 -11.725         0        0        0        0        0        0        0        0
1.2e+10 0.00016 -11.675         0        0        0        0        0        0        0        0
1.2e+10 0.00016 -11.625         0        0        0        0        0        0        0        0
1.2e+10 0.00016 -11.575         0        0        0        0        0        0        0        0
1.2e+10 0.00016 -11.525         0        0        0        0        0        0        0        0
1.2e+10 0.00016 -11.475         0        0        0        0        0        0        0        0
1.2e+10 0.00016 -11.425         0        0        0        0        0        0        0        0
1.2e+10 0.00016 -11.375         0        0        0        0        0        0        0        0
1.2e+10 0.00016 -11.325         0        0        0        0        0        0        0        0
1.2e+10 0.00016 -11.275         0        0        0        0        0        0        0        0
1.2e+10 0.00016 -11.225         0        0        0        0        0        0        0        0
1.2e+10 0.00016 -11.175         0        0        0        0        0        0        0        0
1.2e+10 0.00016 -11.125         0        0        0        0        0        0        0        0
1.2e+10 0.00016 -11.075         0        0        0        0        0        0        0        0
1.2e+10 0.00016 -11.025         0        0        0        0        0        0        0        0
1.2e+10 0.00016 -10.975         0        0        0        0        0        0        0        0
1.2e+10 0.00016 -10.925         0        0        0        0        0        0        0        0
1.2e+10 0.00016 -10.875         0        0        0        0        0        0        0        0
1.2e+10 0.00016 -10.825         0        0        0        0        0        0        0        0
1.2e+10 0.00016 -10.775         0        0        0        0        0        0        0        0
1.2e+10 0.00016 -10.725         0        0        0        0        0        0        0        0
1.2e+10 0.00016 -10.675         0        0        0        0        0        0        0        0
1.2e+10 0.00016 -10.625         0        0        0        0        0        0        0        0
1.2e+10 0.00016 -10.575         0        0        0        0        0        0        0        0
1.2e+10 0.00016 -10.525         0        0        0        0        0        0        0        0
1.2e+10 0.00016 -10.475         0        0        0        0        0        0        0        0
1.2e+10 0.00016 -10.425         0        0        0        0        0        0        0        0
1.2e+10 0.00016 -10.375         0        0        0        0        0        0        0        0
1.2e+10 0.00016 -10.325         0        0        0        0        0        0        0        0
1.2e+10 0.00016 -10.275         0        0        0        0        0        0        0        0
1.2e+10 0.00016 -10.225         0        0        0        0        0        0        0        0
1.2e+10 0.00016 -10.175         0        0        0        0        0        0        0        0
1.2e+10 0.00016 -10.125         0        0        0        0        0        0        0        0
1.2e+10 0.00016 -10.075         0        0        0        0        0        0        0        0
1.2e+10 0.00016 -10.025         0        0        0        0        0        0        0        0
1.2e+10 0.00016 -9.975         0        0        0        0        0        0        0        0
1.2e+10 0.00016 -9.925         0        0        0        0        0        0        0        0
1.2e+10 0.00016 -9.875         0        0        0        0        0        0        0        0
1.2e+10 0.00016 -9.825         0        0        0        0        0        0        0        0
1.2e+10 0.00016 -9.775         0        0        0        0        0        0        0        0
1.2e+10 0.00016 -9.725         0        0        0        0        0        0        0        0
1.2e+10 0.00016 -9.675         0        0        0        0        0        0        0        0
1.2e+10 0.00016 -9.625         0        0        0        0        0        0        0        0
1.2e+10 0.00016 -9.575         0        0        0        0        0        0        0        0
1.2e+10 0.00016 -9.525         0        0        0        0        0        0        0        0
1.2e+10 0.00016 -9.475         0        0        0        0        0        0        0        0
1.2e+10 0.00016 -9.425         0        0        0        0        0        0        0        0
1.2e+10 0.00016 -9.375         0        0        0        0        0        0        0        0
1.2e+10 0.00016 -9.325         0        0        0        0        0        0        0        0
1.2e+10 0.00016 -9.275         0        0        0        0        0        0        0        0
1.2e+10 0.00016 -9.225         0        0        0        0        0        0        0        0
1.2e+10 0.00016 -9.175         0        0        0        0        0        0        0        0
1.2e+10 0.00016 -9.125         0        0        0        0        0        0        0        0
1.2e+10 0.00016 -9.075         0        0        0        0        0        0        0        0
1.2e+10 0.00016 -9.025         0        0        0        0        0        0        0        0
1.2e+10 0.00016 -8.975         0        0        0        0        0        0        0        0
1.2e+10 0.00016 -8.925         0        0        0        0        0        0        0        0
1.2e+10 0.00016 -8.875         0        0        0        0        0        0        0        0
1.2e+10 0.00016 -8.825         0        0        0        0        0        0        0        0
1.2e+10 0.00016 -8.775         0        0        0        0        0        0        0        0
1.2e+10 0.00016 -8.725         0        0        0        0        0        0        0        0
1.2e+10 0.00016 -8.675         0        0        0        0        0        0        0        0
1.2e+10 0.00016 -8.625         0        0        0        0        0        0        0        0
1.2e+10 0.00016 -8.575         0        0        0        0        0        0        0        0
1.2e+10 0.00016 -8.525         0        0        0        0        0        0        0        0
1.2e+10 0.00016 -8.475         0        0        0        0        0        0        0        0
1.2e+10 0.00016 -8.425         0        0        0        0        0        0        0        0
1.2e+10 0.00016 -8.375         0        0        0        0        0        0        0        0
1.2e+10 0.00016 -8.325         0        0        0        0        0        0        0        0
1.2e+10 0.00016 -8.275         0        0        0        0        0        0        0        0
1.2e+10 0.00016 -8.225         0        0        0        0        0        0        0        0
1.2e+10 0.00016 -8.175         0        0        0        0        0        0        0        0
1.2e+10 0.00016 -8.125         0        0        0        0        0        0        0        0
1.2e+10 0.00016 -8.075         0        0        0        0        0        0        0        0
1.2e+10 0.00016 -8.025         0        0        0        0        0        0        0        0
1.2e+10 0.00016 -7.975         0        0        0        0        0        0        0        0
1.2e+10 0.00016 -7.925         0        0        0        0        0        0        0        0
1.2e+10 0.00016 -7.875         0        0        0        0        0        0        0        0
1.2e+10 0.00016 -7.825         0        0        0        0        0        0        0        0
1.2e+10 0.00016 -7.775         0        0        0        0        0        0        0        0
1.2e+10 0.00016 -7.725         0        0        0        0        0        0        0        0
1.2e+10 0.00016 -7.675         0        0        0        0        0        0        0        0
1.2e+10 0.00016 -7.625         0        0        0        0        0        0        0        0
1.2e+10 0.00016 -7.575         0        0        0        0        0        0        0        0
1.2e+10 0.00016 -7.525         0        0        0        0        0        0        0        0
1.2e+10 0.00016 -7.475         0        0        0        0        0        0        0        0
1.2e+10 0.00016 -7.425         0        0        0        0        0        0        0        0
1.2e+10 0.00016 -7.375         0        0        0        0        0        0        0        0
1.2e+10 0.00016 -7.325         0        0        0        0        0        0        0        0
1.2e+10 0.00016 -7.275         0        0        0        0        0        0        0        0
1.2e+10 0.00016 -7.225         0        0        0        0        0        0        0        0
1.2e+10 0.00016 -7.175         0        0        0        0        0        0        0        0
1.2e+10 0.00016 -7.125         0        0        0        0        0        0        0        0
1.2e+10 0.00016 -7.075         0        0        0        0        0        0        0        0
1.2e+10 0.00016 -7.025         0        0        0        0        0        0        0        0
1.2e+10 0.00016 -6.975         0        0        0        0        0        0        0        0
1.2e+10 0.00016 -6.925         0        0        0        0        0        0        0        0
1.2e+10 0.00016 -6.875         0        0        0        0        0        0        0        0
1.2e+10 0.00016 -6.825         0        0        0        0        0        0        0        0
1.2e+10 0.00016 -6.775         0        0        0        0        0        0        0        0
1.2e+10 0.00016 -6.725         0        0        0        0        0        0        0        0
1.2e+10 0.00016 -6.675         0        0        0        0        0        0        0        0
1.2e+10 0.00016 -6.625         0        0        0        0        0        0        0        0
1.2e+10 0.00016 -6.575         0        0        0        0        0        0        0        0
1.2e+10 0.00016 -6.525         0        0        0        0        0        0 2.07e-08        0
1.2e+10 0.00016 -6.475         0        0        0        0        0        0 2.07e-08        0
1.2e+10 0.00016 -6.425         0        0        0        0        0        0 2.07e-08        0
1.2e+10 0.00016 -6.375         0        0        0        0        0        0 2.07e-08        0
1.2e+10 0.00016 -6.325         0        0        0        0        0 2.07e-08 2.07e-08        0
1.2e+10 0.00016 -6.275         0        0        0        0        0 2.07e-08 2.07e-08        0
1.2e+10 0.00016 -6.225         0        0        0        0        0 2.07e-08 2.07e-08        0
1.2e+10 0.00016 -6.175         0        0        0        0        0 2.07e-08 2.07e-08        0
1.2e+10 0.00016 -6.125         0        0        0        0        0 2.07e-08 2.07e-08        0
1.2e+10 0.00016 -6.075         0        0        0        0        0 2.07e-08 2.07e-08        0
1.2e+10 0.00016 -6.025         0        0        0        0        0 2.07e-08 2.07e-08        0
1.2e+10 0.00016 -5.975         0        0        0        0        0 2.07e-08 2.07e-08        0
1.2e+10 0.00016 -5.925         0        0        0        0        0 2.07e-08 2.07e-08        0
1.2e+10 0.00016 -5.875         0        0        0        0        0 2.07e-08 2.07e-08 2.07e-08
1.2e+10 0.00016 -5.825         0        0        0        0        0 2.07e-08 2.07e-08 2.07e-08
1.2e+10 0.00016 -5.775         0        0        0        0        0 2.07e-08 2.07e-08 2.07e-08
1.2e+10 0.00016 -5.725         0        0        0        0 4.14e-08 2.07e-08 2.07e-08 2.07e-08
1.2e+10 0.00016 -5.675         0        0        0        0 2.07e-08 4.14e-08 4.79e-07 4.14e-08
1.2e+10 0.00016 -5.625         0        0        0        0 2.07e-08 2.07e-08 1.15e-06 2.07e-08
1.2e+10 0.00016 -5.575         0        0        0        0 4.14e-08 2.07e-08 1.15e-06 2.07e-08
1.2e+10 0.00016 -5.525         0        0        0        0 2.07e-08 4.79e-07 1.06e-06 2.07e-08
1.2e+10 0.00016 -5.475         0        0        0        0 2.07e-08 1.21e-06 1.02e-06 4.14e-08
1.2e+10 0.00016 -5.425         0        0        0        0 4.14e-08 1.08e-06 1.06e-06 2.07e-08
1.2e+10 0.00016 -5.375         0        0        0        0 2.07e-08 1.15e-06 1.06e-06 2.07e-08
1.2e+10 0.00016 -5.325         0        0        0        0 2.07e-08 1.02e-06 1.08e-06 2.07e-08
1.2e+10 0.00016 -5.275         0        0        0        0 4.14e-08 1.08e-06 1.33e-06 4.14e-08
1.2e+10 0.00016 -5.225         0        0        0        0 2.07e-08 1.08e-06 1.46e-06 2.07e-08
1.2e+10 0.00016 -5.175         0        0        0 4.14e-08 2.07e-08 1.15e-06 1.44e-06 2.07e-08
1.2e+10 0.00016 -5.125         0        0        0 4.14e-08 2.07e-08 1.40e-06 1.58e-06 6.04e-07
1.2e+10 0.00016 -5.075         0        0        0 4.14e-08 2.50e-07 1.46e-06 1.77e-06 1.23e-06
1.2e+10 0.00016 -5.025         0        0        0 2.07e-08 1.33e-06 1.52e-06 2.18e-06 1.15e-06
1.2e+10 0.00016 -4.975         0        0        0 4.14e-08 1.15e-06 1.65e-06 2.08e-06 1.13e-06
1.2e+10 0.00016 -4.925         0        0        0 4.14e-08 1.19e-06 1.96e-06 2.00e-06 1.08e-06
1.2e+10 0.00016 -4.875         0        0        0 4.14e-08 1.10e-06 2.19e-06 2.06e-06 1.13e-06
1.2e+10 0.00016 -4.825         0        0        0 2.07e-08 1.10e-06 2.08e-06 2.10e-06 1.08e-06
1.2e+10 0.00016 -4.775         0        0        0 4.14e-08 1.17e-06 2.06e-06 2.25e-06 1.21e-06
1.2e+10 0.00016 -4.725         0        0 4.14e-08 4.14e-08 1.15e-06 2.06e-06 2.37e-06 1.54e-06
1.2e+10 0.00016 -4.675         0        0 6.22e-08 4.14e-08 1.52e-06 2.16e-06 2.46e-06 1.52e-06
1.2e+10 0.00016 -4.625         0        0 4.14e-08 3.96e-07 1.60e-06 2.35e-06 2.44e-06 1.58e-06
1.2e+10 0.00016 -4.575         0        0 6.22e-08 1.38e-06 1.58e-06 2.37e-06 2.54e-06 1.75e-06
1.2e+10 0.00016 -4.525         0        0 4.14e-08 1.23e-06 1.73e-06 2.46e-06 2.21e-06 2.29e-06
1.2e+10 0.00016 -4.475         0        0 6.22e-08 1.19e-06 2.35e-06 2.54e-06 2.52e-06 2.12e-06
1.2e+10 0.00016 -4.425         0        0 4.14e-08 1.15e-06 2.12e-06 2.48e-06 2.54e-06 2.16e-06
1.2e+10 0.00016 -4.375         0        0 6.22e-08 1.21e-06 2.19e-06 2.33e-06 2.54e-06 2.12e-06
1.2e+10 0.00016 -4.325         0        0 4.14e-08 1.23e-06 2.16e-06 2.54e-06 2.46e-06 2.12e-06
1.2e+10 0.00016 -4.275         0        0 6.46e-07 1.35e-06 2.14e-06 2.54e-06 2.75e-06 2.35e-06
1.2e+10 0.00016 -4.225         0        0 1.35e-06 1.58e-06 2.37e-06 2.46e-06 3.22e-06 2.46e-06
1.2e+10 0.00016 -4.175         0        0 1.31e-06 1.67e-06 2.50e-06 2.62e-06 3.48e-06 2.48e-06
1.2e+10 0.00016 -4.125         0        0 1.27e-06 1.73e-06 2.48e-06 2.91e-06 3.43e-06 2.58e-06
1.2e+10 0.00016 -4.075         0        0 1.21e-06 2.27e-06 2.62e-06 3.39e-06 3.48e-06 2.54e-06
1.2e+10 0.00016 -4.025         0        0 1.29e-06 2.33e-06 2.56e-06 3.43e-06 3.81e-06 2.39e-06
1.2e+10 0.00016 -3.975         0        0 1.29e-06 2.21e-06 2.41e-06 3.48e-06 3.81e-06 2.56e-06
1.2e+10 0.00016 -3.925  4.14e-07        0 1.63e-06 2.27e-06 2.64e-06 3.64e-06 3.81e-06 2.64e-06
1.2e+10 0.00016 -3.875  4.35e-07        0 1.73e-06 2.25e-06 2.56e-06 3.79e-06 3.81e-06 2.56e-06
1.2e+10 0.00016 -3.825  3.94e-07        0 1.75e-06 2.41e-06 2.66e-06 3.89e-06 3.93e-06 2.62e-06
1.2e+10 0.00016 -3.775         0        0 2.14e-06 2.50e-06 2.60e-06 3.85e-06 3.77e-06 3.04e-06
1.2e+10 0.00016 -3.725         0        0 2.54e-06 2.60e-06 3.23e-06 3.93e-06 3.77e-06 3.35e-06
1.2e+10 0.00016 -3.675         0        0 2.33e-06 2.69e-06 3.37e-06 3.83e-06 4.06e-06 3.52e-06
1.2e+10 0.00016 -3.625         0        0 2.37e-06 2.75e-06 3.60e-06 3.77e-06 3.89e-06 3.64e-06
1.2e+10 0.00016 -3.575         0        0 2.33e-06 2.44e-06 3.64e-06 3.91e-06 4.25e-06 3.70e-06
1.2e+10 0.00016 -3.525         0 1.66e-07 2.48e-06 2.77e-06 3.70e-06 3.93e-06 4.48e-06 3.85e-06
1.2e+10 0.00016 -3.475         0 1.08e-06 2.58e-06 2.64e-06 3.95e-06 4.08e-06 4.64e-06 3.83e-06
1.2e+10 0.00016 -3.425         0        0 2.66e-06 2.71e-06 3.91e-06 4.62e-06 5.00e-06 3.96e-06
1.2e+10 0.00016 -3.375  1.15e-06        0 2.75e-06 2.64e-06 4.00e-06 4.46e-06 5.20e-06 4.00e-06
1.2e+10 0.00016 -3.325  1.25e-06        0 2.73e-06 3.35e-06 3.96e-06 4.79e-06 5.18e-06 3.93e-06
1.2e+10 0.00016 -3.275  1.27e-06 1.15e-06 2.58e-06 3.56e-06 4.00e-06 5.20e-06 5.37e-06 3.89e-06
1.2e+10 0.00016 -3.225  1.21e-06 1.50e-06 2.75e-06 3.60e-06 3.89e-06 5.27e-06 5.48e-06 4.00e-06
1.2e+10 0.00016 -3.175  1.15e-06 1.44e-06 2.83e-06 3.79e-06 3.98e-06 5.37e-06 5.89e-06 4.08e-06
1.2e+10 0.00016 -3.125  1.31e-06 1.42e-06 2.75e-06 3.93e-06 4.12e-06 5.18e-06 5.89e-06 4.14e-06
1.2e+10 0.00016 -3.075  1.31e-06 1.46e-06 2.79e-06 3.98e-06 4.39e-06 5.96e-06 5.91e-06 4.64e-06
1.2e+10 0.00016 -3.025  1.69e-06 1.50e-06 3.66e-06 4.08e-06 4.69e-06 5.89e-06 6.33e-06 4.69e-06
1.2e+10 0.00016 -2.975  1.69e-06 1.94e-06 3.62e-06 4.12e-06 4.85e-06 5.89e-06 6.77e-06 5.12e-06
1.2e+10 0.00016 -2.925  1.88e-06 2.00e-06 3.89e-06 4.16e-06 5.31e-06 6.41e-06 6.60e-06 5.33e-06
1.2e+10 0.00016 -2.875  2.46e-06 2.52e-06 3.79e-06 3.93e-06 5.41e-06 6.68e-06 7.16e-06 5.37e-06
1.2e+10 0.00016 -2.825  2.39e-06 2.81e-06 4.08e-06 4.04e-06 5.45e-06 6.87e-06 7.29e-06 5.43e-06
1.2e+10 0.00016 -2.775  2.35e-06 2.66e-06 4.23e-06 4.14e-06 5.43e-06 6.98e-06 7.50e-06 5.75e-06
1.2e+10 0.00016 -2.725  2.46e-06 2.79e-06 4.20e-06 4.33e-06 5.87e-06 7.25e-06 7.50e-06 5.96e-06
1.2e+10 0.00016 -2.675  2.44e-06 2.73e-06 4.16e-06 4.79e-06 5.96e-06 7.29e-06 8.71e-06 5.96e-06
1.2e+10 0.00016 -2.625  2.66e-06 3.04e-06 4.29e-06 4.91e-06 6.18e-06 7.81e-06 2.52e-05 6.33e-06
1.2e+10 0.00016 -2.575  2.79e-06 3.02e-06 4.08e-06 5.10e-06 6.54e-06 7.91e-06 1.25e-05 6.49e-06
1.2e+10 0.00016 -2.525  2.87e-06 3.16e-06 4.25e-06 5.68e-06 6.64e-06 2.40e-05 1.05e-05 7.08e-06
1.2e+10 0.00016 -2.475  2.94e-06 3.16e-06 4.37e-06 5.54e-06 6.95e-06 1.33e-05 1.05e-05 6.95e-06
1.2e+10 0.00016 -2.425  2.71e-06 2.91e-06 4.64e-06 5.50e-06 7.23e-06 1.10e-05 1.04e-05 7.16e-06
1.2e+10 0.00016 -2.375  2.85e-06 3.14e-06 4.91e-06 5.93e-06 7.58e-06 1.10e-05 1.37e-05 7.77e-06
1.2e+10 0.00016 -2.325  2.96e-06 3.06e-06 5.31e-06 6.18e-06 7.60e-06 9.98e-06 1.40e-05 7.60e-06
1.2e+10 0.00016 -2.275  2.94e-06 3.27e-06 5.68e-06 6.18e-06 8.02e-06 1.31e-05 8.27e-06 8.02e-06
1.2e+10 0.00016 -2.225  3.14e-06 3.91e-06 5.66e-06 6.81e-06 8.02e-06 1.52e-05 8.69e-06 1.38e-05
1.2e+10 0.00016 -2.175  3.75e-06 4.06e-06 5.70e-06 6.66e-06 2.36e-05 7.93e-06 8.69e-06 2.11e-05
1.2e+10 0.00016 -2.125  3.85e-06 4.22e-06 5.70e-06 7.27e-06 1.39e-05 9.19e-06 9.02e-06 1.24e-05
1.2e+10 0.00016 -2.075  4.06e-06 4.27e-06 6.62e-06 7.31e-06 1.17e-05 8.69e-06 9.02e-06 1.16e-05
1.2e+10 0.00016 -2.025  4.18e-06 4.52e-06 6.41e-06 7.64e-06 1.11e-05 9.02e-06 9.82e-06 1.05e-05
1.2e+10 0.00016 -1.975  4.37e-06 4.58e-06 6.89e-06 7.91e-06 1.16e-05 9.02e-06 9.78e-06 1.27e-05
1.2e+10 0.00016 -1.925  4.27e-06 4.66e-06 6.91e-06 8.12e-06 1.74e-05 9.52e-06 1.02e-05 1.63e-05
1.2e+10 0.00016 -1.875  4.45e-06 4.62e-06 7.37e-06 8.12e-06 9.24e-06 1.02e-05 1.04e-05 7.93e-06
1.2e+10 0.00016 -1.825  4.50e-06 4.48e-06 7.31e-06 2.23e-05 8.35e-06 1.04e-05 1.06e-05 8.77e-06
1.2e+10 0.00016 -1.775  4.33e-06 4.52e-06 8.00e-06 1.51e-05 9.02e-06 1.04e-05 1.17e-05 9.02e-06
1.2e+10 0.00016 -1.725  4.33e-06 4.66e-06 8.02e-06 1.18e-05 9.02e-06 1.06e-05 1.13e-05 9.02e-06
1.2e+10 0.00016 -1.675  4.66e-06 4.79e-06 8.33e-06 1.17e-05 9.36e-06 1.17e-05 1.27e-05 9.36e-06
1.2e+10 0.00016 -1.625  4.58e-06 5.41e-06 8.43e-06 1.25e-05 9.36e-06 1.18e-05 1.31e-05 9.57e-06
1.2e+10 0.00016 -1.575  4.91e-06 5.87e-06 2.16e-05 1.74e-05 1.01e-05 1.26e-05 1.32e-05 1.02e-05
1.2e+10 0.00016 -1.525  5.10e-06 6.16e-06 1.58e-05 8.35e-06 1.02e-05 1.26e-05 1.48e-05 1.05e-05
1.2e+10 0.00016 -1.475  6.12e-06 5.99e-06 1.23e-05 8.27e-06 1.07e-05 1.37e-05 1.43e-05 1.04e-05
1.2e+10 0.00016 -1.425  5.95e-06 6.25e-06 1.25e-05 9.36e-06 1.10e-05 1.49e-05 1.65e-05 1.11e-05
1.2e+10 0.00016 -1.375  6.08e-06 6.25e-06 1.58e-05 9.02e-06 1.09e-05 1.48e-05 1.75e-05 1.16e-05
1.2e+10 0.00016 -1.325  6.18e-06 6.77e-06 1.29e-05 9.69e-06 1.22e-05 1.72e-05 1.77e-05 1.19e-05
1.2e+10 0.00016 -1.275  6.56e-06 7.22e-06 8.77e-06 9.36e-06 1.26e-05 1.75e-05 2.08e-05 1.29e-05
1.2e+10 0.00016 -1.225  6.48e-06 7.49e-06 8.44e-06 1.06e-05 1.30e-05 1.85e-05 2.16e-05 1.32e-05
1.2e+10 0.00016 -1.175  7.24e-06 7.56e-06 9.69e-06 1.05e-05 1.42e-05 2.12e-05 2.24e-05 1.39e-05
1.2e+10 0.00016 -1.125  7.16e-06 7.75e-06 9.36e-06 1.09e-05 1.44e-05 2.22e-05 2.55e-05 1.50e-05
1.2e+10 0.00016 -1.075  7.45e-06 8.50e-06 9.69e-06 1.13e-05 1.61e-05 2.49e-05 2.70e-05 1.65e-05
1.2e+10 0.00016 -1.025  8.02e-06 8.54e-06 9.69e-06 1.19e-05 1.72e-05 2.72e-05 3.01e-05 1.77e-05
1.2e+10 0.00016 -0.975  8.08e-06 8.64e-06 1.09e-05 1.26e-05 1.88e-05 2.79e-05 3.80e-05 1.78e-05
1.2e+10 0.00016 -0.925  8.54e-06 8.95e-06 1.09e-05 1.28e-05 2.07e-05 3.71e-05 3.45e-05 2.20e-05
1.2e+10 0.00016 -0.875  8.54e-06 1.39e-05 1.16e-05 1.43e-05 2.30e-05 3.42e-05 3.46e-05 2.26e-05
1.2e+10 0.00016 -0.825  8.64e-06 2.34e-05 1.17e-05 1.45e-05 2.54e-05 3.63e-05 3.52e-05 2.51e-05
1.2e+10 0.00016 -0.775  2.48e-05 1.37e-05 1.24e-05 1.67e-05 2.80e-05 3.54e-05 3.69e-05 2.89e-05
1.2e+10 0.00016 -0.725  1.46e-05 1.67e-05 1.31e-05 1.79e-05 3.08e-05 3.67e-05 3.43e-05 2.92e-05
1.2e+10 0.00016 -0.675  1.23e-05 1.54e-05 1.44e-05 1.95e-05 4.20e-05 3.51e-05 3.73e-05 4.24e-05
1.2e+10 0.00016 -0.625  1.55e-05 8.37e-06 1.46e-05 2.27e-05 3.76e-05 3.63e-05 3.79e-05 3.68e-05
1.2e+10 0.00016 -0.575  1.57e-05 9.19e-06 1.73e-05 2.45e-05 3.77e-05 3.87e-05 3.89e-05 3.71e-05
1.2e+10 0.00016 -0.525  8.52e-06 9.35e-06 1.86e-05 2.93e-05 3.71e-05 3.75e-05 3.94e-05 3.77e-05
1.2e+10 0.00016 -0.475  8.77e-06 1.00e-05 2.17e-05 3.36e-05 3.80e-05 4.05e-05 4.08e-05 3.70e-05
1.2e+10 0.00016 -0.425  9.52e-06 1.00e-05 2.34e-05 4.46e-05 3.76e-05 4.08e-05 4.25e-05 3.87e-05
1.2e+10 0.00016 -0.375  9.69e-06 1.00e-05 3.01e-05 4.10e-05 4.00e-05 4.14e-05 4.36e-05 3.88e-05
1.2e+10 0.00016 -0.325  1.00e-05 1.04e-05 3.60e-05 4.04e-05 3.87e-05 4.47e-05 4.52e-05 3.92e-05
1.2e+10 0.00016 -0.275  1.00e-05 1.20e-05 4.80e-05 4.09e-05 4.18e-05 4.46e-05 4.68e-05 4.16e-05
1.2e+10 0.00016 -0.225  1.03e-05 1.18e-05 4.50e-05 4.04e-05 4.29e-05 4.78e-05 4.89e-05 4.26e-05
1.2e+10 0.00016 -0.175  1.15e-05 1.27e-05 4.32e-05 4.21e-05 4.54e-05 4.92e-05 5.26e-05 4.51e-05
1.2e+10 0.00016 -0.125  1.19e-05 1.31e-05 4.33e-05 4.34e-05 4.63e-05 5.15e-05 5.58e-05 4.71e-05
1.2e+10 0.00016 -0.075  1.20e-05 1.48e-05 4.43e-05 4.68e-05 4.81e-05 5.81e-05 5.84e-05 4.87e-05
1.2e+10 0.00016 -0.025  1.28e-05 1.73e-05 4.56e-05 4.62e-05 5.42e-05 6.23e-05 6.90e-05 5.42e-05
1.2e+10 0.00016  0.025  1.41e-05 2.09e-05 4.90e-05 5.13e-05 5.89e-05 7.39e-05 1.40e-04 5.74e-05
1.2e+10 0.00016  0.075  1.54e-05 2.55e-05 5.06e-05 5.57e-05 7.08e-05 2.48e-04 1.75e-04 6.93e-05
1.2e+10 0.00016  0.125  1.84e-05 3.77e-05 5.40e-05 6.36e-05 2.51e-04 4.97e-05 4.82e-05 2.58e-04
1.2e+10 0.00016  0.175  2.16e-05 7.29e-05 6.28e-05 1.40e-04 4.36e-05 4.13e-05 4.27e-05 4.49e-05
1.2e+10 0.00016  0.225  2.72e-05 7.50e-05 9.35e-05 1.70e-04 3.72e-05 4.25e-05 4.51e-05 3.75e-05
1.2e+10 0.00016  0.275  3.79e-05 7.74e-05 2.20e-04 3.45e-05 3.63e-05 4.25e-05 4.54e-05 3.64e-05
1.2e+10 0.00016  0.325  6.97e-05 8.01e-05 3.22e-05 3.09e-05 3.65e-05 4.52e-05 4.54e-05 3.86e-05
1.2e+10 0.00016  0.375  7.27e-05 9.72e-05 2.85e-05 3.09e-05 3.94e-05 4.54e-05 4.91e-05 3.94e-05
1.2e+10 0.00016  0.425  8.49e-05 2.51e-04 2.88e-05 3.38e-05 4.10e-05 4.75e-05 4.91e-05 3.94e-05
1.2e+10 0.00016  0.475  1.14e-04 2.60e-05 2.97e-05 3.38e-05 4.18e-05 4.91e-05 5.07e-05 4.24e-05
1.2e+10 0.00016  0.525  2.92e-04 2.00e-05 3.20e-05 3.60e-05 4.24e-05 4.91e-05 5.14e-05 4.24e-05
1.2e+10 0.00016  0.575  2.70e-05 2.09e-05 3.07e-05 3.78e-05 4.45e-05 5.23e-05 5.39e-05 4.46e-05
1.2e+10 0.00016  0.625  1.99e-05 2.09e-05 3.47e-05 3.63e-05 4.53e-05 5.14e-05 5.42e-05 4.54e-05
1.2e+10 0.00016  0.675  2.09e-05 2.31e-05 3.38e-05 4.10e-05 4.75e-05 5.39e-05 5.53e-05 4.75e-05
1.2e+10 0.00016  0.725  2.01e-05 2.32e-05 3.53e-05 3.94e-05 4.74e-05 5.59e-05 5.56e-05 4.93e-05
1.2e+10 0.00016  0.775  2.29e-05 2.43e-05 3.78e-05 4.23e-05 5.11e-05 5.76e-05 6.03e-05 4.91e-05
1.2e+10 0.00016  0.825  2.23e-05 2.51e-05 3.78e-05 4.45e-05 5.12e-05 5.63e-05 5.79e-05 5.20e-05
1.2e+10 0.00016  0.875  2.40e-05 2.54e-05 4.08e-05 4.45e-05 5.23e-05 6.03e-05 6.24e-05 5.39e-05
1.2e+10 0.00016  0.925  2.41e-05 2.73e-05 4.10e-05 4.73e-05 5.63e-05 5.79e-05 5.99e-05 5.39e-05
1.2e+10 0.00016  0.975  2.59e-05 2.84e-05 4.15e-05 4.75e-05 5.35e-05 6.23e-05 6.26e-05 5.50e-05
1.2e+10 0.00016  1.025  2.73e-05 3.00e-05 4.65e-05 4.74e-05 5.76e-05 6.23e-05 6.29e-05 5.76e-05
1.2e+10 0.00016  1.075  2.73e-05 3.00e-05 4.45e-05 5.32e-05 5.76e-05 6.50e-05 6.83e-05 5.76e-05
1.2e+10 0.00016  1.125  2.86e-05 3.11e-05 4.73e-05 5.12e-05 5.96e-05 6.30e-05 6.87e-05 6.02e-05
1.2e+10 0.00016  1.175  3.00e-05 3.33e-05 4.75e-05 5.47e-05 6.27e-05 7.10e-05 7.19e-05 6.03e-05
1.2e+10 0.00016  1.225  3.18e-05 3.31e-05 5.15e-05 5.39e-05 6.26e-05 6.85e-05 7.31e-05 6.25e-05
1.2e+10 0.00016  1.275  3.20e-05 3.66e-05 5.11e-05 5.81e-05 6.23e-05 7.77e-05 7.92e-05 6.47e-05
1.2e+10 0.00016  1.325  3.25e-05 3.52e-05 5.32e-05 5.76e-05 6.57e-05 7.32e-05 8.11e-05 6.23e-05
1.2e+10 0.00016  1.375  3.52e-05 3.78e-05 5.51e-05 5.99e-05 6.57e-05 8.65e-05 8.11e-05 6.57e-05
1.2e+10 0.00016  1.425  3.52e-05 3.94e-05 5.63e-05 6.23e-05 6.99e-05 8.11e-05 9.34e-05 7.14e-05
1.2e+10 0.00016  1.475  3.84e-05 4.03e-05 5.78e-05 6.03e-05 7.18e-05 8.69e-05 9.39e-05 7.18e-05
1.2e+10 0.00016  1.525  3.78e-05 4.27e-05 5.99e-05 6.49e-05 7.81e-05 9.97e-05 9.47e-05 7.48e-05
1.2e+10 0.00016  1.575  3.99e-05 4.29e-05 5.99e-05 6.47e-05 7.77e-05 9.98e-05 1.06e-04 7.77e-05
1.2e+10 0.00016  1.625  4.10e-05 4.65e-05 6.50e-05 6.74e-05 8.05e-05 1.08e-04 1.13e-04 8.29e-05
1.2e+10 0.00016  1.675  4.27e-05 4.65e-05 6.28e-05 6.84e-05 9.27e-05 1.13e-04 1.15e-04 9.27e-05
1.2e+10 0.00016  1.725  4.61e-05 4.92e-05 6.48e-05 7.22e-05 8.69e-05 1.17e-04 1.13e-04 8.69e-05
1.2e+10 0.00016  1.775  4.45e-05 4.96e-05 6.71e-05 7.18e-05 1.05e-04 1.20e-04 1.22e-04 1.05e-04
1.2e+10 0.00016  1.825  4.68e-05 5.16e-05 6.94e-05 8.22e-05 1.06e-04 1.28e-04 1.35e-04 1.06e-04
1.2e+10 0.00016  1.875  4.96e-05 5.32e-05 6.84e-05 8.23e-05 1.21e-04 1.32e-04 1.35e-04 1.15e-04
1.2e+10 0.00016  1.925  5.16e-05 5.53e-05 7.76e-05 9.36e-05 1.19e-04 1.44e-04 1.48e-04 1.19e-04
1.2e+10 0.00016  1.975  5.33e-05 5.76e-05 8.19e-05 9.27e-05 1.34e-04 1.55e-04 1.67e-04 1.27e-04
1.2e+10 0.00016  2.025  5.32e-05 5.88e-05 8.23e-05 1.05e-04 1.35e-04 1.67e-04 1.56e-04 1.35e-04
1.2e+10 0.00016  2.075  5.64e-05 5.98e-05 9.17e-05 1.11e-04 1.43e-04 1.68e-04 1.99e-04 1.34e-04
1.2e+10 0.00016  2.125  5.63e-05 6.22e-05 9.84e-05 1.22e-04 1.53e-04 1.99e-04 2.15e-04 1.53e-04
1.2e+10 0.00016  2.175  5.88e-05 6.27e-05 9.85e-05 1.33e-04 1.53e-04 2.15e-04 2.15e-04 1.53e-04
1.2e+10 0.00016  2.225  6.22e-05 6.76e-05 1.23e-04 1.38e-04 1.76e-04 2.34e-04 2.62e-04 1.74e-04
1.2e+10 0.00016  2.275  6.22e-05 6.52e-05 1.23e-04 1.50e-04 1.90e-04 2.81e-04 2.82e-04 1.79e-04
1.2e+10 0.00016  2.325  6.45e-05 7.18e-05 1.46e-04 1.50e-04 2.04e-04 2.82e-04 2.85e-04 2.12e-04
1.2e+10 0.00016  2.375  6.52e-05 6.95e-05 1.49e-04 1.71e-04 2.43e-04 2.93e-04 3.58e-04 2.29e-04
1.2e+10 0.00016  2.425  6.97e-05 7.32e-05 1.58e-04 1.66e-04 2.34e-04 3.73e-04 4.30e-04 2.29e-04
1.2e+10 0.00016  2.475  6.94e-05 7.85e-05 1.67e-04 2.01e-04 3.00e-04 4.43e-04 4.26e-04 2.77e-04
1.2e+10 0.00016  2.525  7.18e-05 8.74e-05 1.89e-04 2.01e-04 3.01e-04 4.26e-04 4.65e-04 3.01e-04
1.2e+10 0.00016  2.575  7.43e-05 9.14e-05 1.84e-04 2.37e-04 3.22e-04 4.97e-04 5.34e-04 3.23e-04
1.2e+10 0.00016  2.625  8.43e-05 9.72e-05 2.23e-04 2.58e-04 3.98e-04 5.34e-04 5.36e-04 3.80e-04
1.2e+10 0.00016  2.675  8.77e-05 1.22e-04 2.28e-04 2.88e-04 4.62e-04 5.36e-04 5.58e-04 4.43e-04
1.2e+10 0.00016  2.725  9.60e-05 1.22e-04 2.57e-04 3.00e-04 4.45e-04 5.70e-04 6.49e-04 4.63e-04
1.2e+10 0.00016  2.775  1.06e-04 1.53e-04 2.62e-04 3.31e-04 5.27e-04 6.87e-04 7.35e-04 4.95e-04
1.2e+10 0.00016  2.825  1.22e-04 1.71e-04 3.38e-04 3.92e-04 5.35e-04 7.36e-04 7.74e-04 5.34e-04
1.2e+10 0.00016  2.875  1.40e-04 1.89e-04 3.20e-04 4.61e-04 5.37e-04 8.11e-04 8.45e-04 5.64e-04
1.2e+10 0.00016  2.925  1.61e-04 2.11e-04 3.82e-04 4.63e-04 6.17e-04 8.46e-04 8.83e-04 5.78e-04
1.2e+10 0.00016  2.975  1.92e-04 2.31e-04 4.48e-04 5.05e-04 7.14e-04 8.59e-04 9.36e-04 7.02e-04
1.2e+10 0.00016  3.025  2.12e-04 2.44e-04 4.81e-04 5.34e-04 7.37e-04 9.39e-04 9.45e-04 7.36e-04
1.2e+10 0.00016  3.075  2.34e-04 2.68e-04 4.94e-04 5.63e-04 8.01e-04 9.11e-04 1.04e-03 7.70e-04
1.2e+10 0.00016  3.125  2.43e-04 2.94e-04 5.60e-04 6.05e-04 8.15e-04 1.06e-03 1.09e-03 8.46e-04
1.2e+10 0.00016  3.175  2.75e-04 3.15e-04 5.36e-04 6.76e-04 8.71e-04 1.09e-03 1.09e-03 8.63e-04
1.2e+10 0.00016  3.225  2.90e-04 3.48e-04 5.88e-04 7.36e-04 9.06e-04 1.05e-03 1.21e-03 9.05e-04
1.2e+10 0.00016  3.275  3.29e-04 3.76e-04 6.72e-04 7.64e-04 9.22e-04 1.23e-03 1.29e-03 9.11e-04
1.2e+10 0.00016  3.325  3.49e-04 4.08e-04 7.09e-04 8.14e-04 1.04e-03 1.28e-03 1.29e-03 1.03e-03
1.2e+10 0.00016  3.375  3.94e-04 4.78e-04 7.48e-04 8.24e-04 1.05e-03 1.29e-03 1.40e-03 1.05e-03
1.2e+10 0.00016  3.425  4.10e-04 5.00e-04 8.12e-04 9.04e-04 1.06e-03 1.36e-03 1.47e-03 1.05e-03
1.2e+10 0.00016  3.475  4.95e-04 5.37e-04 8.17e-04 8.76e-04 1.20e-03 1.47e-03 1.60e-03 1.18e-03
1.2e+10 0.00016  3.525  5.18e-04 5.61e-04 8.61e-04 9.69e-04 1.20e-03 1.55e-03 1.65e-03 1.23e-03
1.2e+10 0.00016  3.575  5.37e-04 5.90e-04 8.74e-04 1.00e-03 1.25e-03 1.60e-03 1.72e-03 1.25e-03
1.2e+10 0.00016  3.625  5.61e-04 6.02e-04 9.30e-04 1.01e-03 1.31e-03 1.72e-03 1.85e-03 1.31e-03
1.2e+10 0.00016  3.675  5.90e-04 6.54e-04 9.61e-04 1.12e-03 1.42e-03 1.79e-03 1.95e-03 1.42e-03
1.2e+10 0.00016  3.725  6.02e-04 7.09e-04 1.01e-03 1.15e-03 1.44e-03 1.88e-03 2.06e-03 1.43e-03
1.2e+10 0.00016  3.775  7.06e-04 7.46e-04 1.03e-03 1.24e-03 1.60e-03 1.99e-03 2.18e-03 1.60e-03
1.2e+10 0.00016  3.825  7.10e-04 7.80e-04 1.12e-03 1.20e-03 1.56e-03 2.09e-03 2.22e-03 1.59e-03
1.2e+10 0.00016  3.875  7.58e-04 7.85e-04 1.19e-03 1.36e-03 1.72e-03 2.22e-03 2.47e-03 1.72e-03
1.2e+10 0.00016  3.925  7.81e-04 8.30e-04 1.20e-03 1.38e-03 1.81e-03 2.31e-03 2.57e-03 1.80e-03
1.2e+10 0.00016  3.975  7.86e-04 8.39e-04 1.21e-03 1.42e-03 1.85e-03 2.48e-03 2.62e-03 1.85e-03
1.2e+10 0.00016  4.025  8.34e-04 8.50e-04 1.32e-03 1.55e-03 1.95e-03 2.54e-03 2.80e-03 1.94e-03
1.2e+10 0.00016  4.075  8.39e-04 9.61e-04 1.39e-03 1.60e-03 2.06e-03 2.63e-03 2.86e-03 2.13e-03
1.2e+10 0.00016  4.125  8.60e-04 9.27e-04 1.44e-03 1.67e-03 2.09e-03 2.72e-03 3.04e-03 2.16e-03
1.2e+10 0.00016  4.175  9.61e-04 9.34e-04 1.46e-03 1.69e-03 2.38e-03 2.85e-03 3.17e-03 2.31e-03
1.2e+10 0.00016  4.225  9.28e-04 1.06e-03 1.64e-03 1.86e-03 2.34e-03 3.00e-03 3.28e-03 2.40e-03
1.2e+10 0.00016  4.275  9.49e-04 1.09e-03 1.61e-03 1.85e-03 2.45e-03 3.12e-03 3.45e-03 2.53e-03
1.2e+10 0.00016  4.325  1.05e-03 1.10e-03 1.71e-03 2.07e-03 2.57e-03 3.24e-03 3.62e-03 2.57e-03
1.2e+10 0.00016  4.375  1.05e-03 1.16e-03 1.80e-03 1.98e-03 2.70e-03 3.33e-03 3.73e-03 2.70e-03
1.2e+10 0.00016  4.425  1.15e-03 1.17e-03 1.83e-03 2.26e-03 2.70e-03 3.58e-03 3.91e-03 2.79e-03
1.2e+10 0.00016  4.475  1.11e-03 1.28e-03 1.93e-03 2.34e-03 2.87e-03 3.61e-03 4.07e-03 2.88e-03
1.2e+10 0.00016  4.525  1.17e-03 1.25e-03 1.98e-03 2.32e-03 2.95e-03 3.75e-03 4.15e-03 3.02e-03
1.2e+10 0.00016  4.575  1.23e-03 1.39e-03 2.17e-03 2.49e-03 3.11e-03 3.84e-03 4.27e-03 3.10e-03
1.2e+10 0.00016  4.625  1.31e-03 1.32e-03 2.21e-03 2.53e-03 3.19e-03 3.97e-03 4.44e-03 3.26e-03
1.2e+10 0.00016  4.675  1.29e-03 1.47e-03 2.26e-03 2.61e-03 3.36e-03 4.18e-03 4.53e-03 3.37e-03
1.2e+10 0.00016  4.725  1.37e-03 1.49e-03 2.33e-03 2.75e-03 3.44e-03 4.19e-03 4.69e-03 3.49e-03
1.2e+10 0.00016  4.775  1.41e-03 1.58e-03 2.44e-03 2.84e-03 3.55e-03 4.40e-03 4.81e-03 3.66e-03
1.2e+10 0.00016  4.825  1.49e-03 1.60e-03 2.52e-03 2.93e-03 3.61e-03 4.54e-03 4.94e-03 3.63e-03
1.2e+10 0.00016  4.875  1.51e-03 1.65e-03 2.55e-03 2.96e-03 3.63e-03 4.49e-03 5.08e-03 3.82e-03
1.2e+10 0.00016  4.925  1.54e-03 1.71e-03 2.65e-03 3.12e-03 3.79e-03 4.77e-03 5.22e-03 3.81e-03
1.2e+10 0.00016  4.975  1.56e-03 1.80e-03 2.76e-03 3.30e-03 3.97e-03 4.90e-03 5.36e-03 3.96e-03
1.2e+10 0.00016  5.025  1.70e-03 1.86e-03 2.80e-03 3.25e-03 3.95e-03 4.86e-03 5.51e-03 4.12e-03
1.2e+10 0.00016  5.075  1.73e-03 1.95e-03 2.92e-03 3.42e-03 4.14e-03 5.16e-03 5.29e-03 4.19e-03
1.2e+10 0.00016  5.125  1.77e-03 1.95e-03 3.05e-03 3.47e-03 4.27e-03 5.30e-03 5.43e-03 4.29e-03
1.2e+10 0.00016  5.175  1.86e-03 2.01e-03 3.06e-03 3.51e-03 4.21e-03 5.07e-03 5.58e-03 4.56e-03
1.2e+10 0.00016  5.225  1.87e-03 2.10e-03 3.17e-03 3.58e-03 4.48e-03 5.20e-03 5.74e-03 4.51e-03
1.2e+10 0.00016  5.275  1.92e-03 2.10e-03 3.20e-03 3.72e-03 4.59e-03 5.34e-03 5.68e-03 4.62e-03
1.2e+10 0.00016  5.325  2.01e-03 2.26e-03 3.19e-03 3.77e-03 4.53e-03 5.48e-03 6.06e-03 4.74e-03
1.2e+10 0.00016  5.375  2.05e-03 2.24e-03 3.31e-03 3.88e-03 4.82e-03 5.63e-03 6.23e-03 4.86e-03
1.2e+10 0.00016  5.425  2.08e-03 2.27e-03 3.36e-03 3.97e-03 4.94e-03 5.78e-03 6.57e-03 4.98e-03
1.2e+10 0.00016  5.475  2.11e-03 2.39e-03 3.47e-03 4.05e-03 4.87e-03 5.94e-03 7.75e-03 4.92e-03
1.2e+10 0.00016  5.525  2.22e-03 2.39e-03 3.41e-03 4.15e-03 4.80e-03 6.11e-03 7.61e-03 5.04e-03
1.2e+10 0.00016  5.575  2.28e-03 2.48e-03 3.72e-03 4.24e-03 5.12e-03 6.87e-03 8.06e-03 5.17e-03
1.2e+10 0.00016  5.625  2.30e-03 2.48e-03 3.64e-03 4.34e-03 5.04e-03 7.53e-03 8.23e-03 5.30e-03
1.2e+10 0.00016  5.675  2.37e-03 2.61e-03 3.88e-03 4.62e-03 5.38e-03 7.38e-03 8.40e-03 5.44e-03
1.2e+10 0.00016  5.725  2.36e-03 2.57e-03 3.80e-03 4.55e-03 5.31e-03 7.82e-03 8.25e-03 5.58e-03
1.2e+10 0.00016  5.775  2.58e-03 2.67e-03 4.05e-03 4.47e-03 5.66e-03 7.98e-03 9.16e-03 5.73e-03
1.2e+10 0.00016  5.825  2.52e-03 2.72e-03 3.96e-03 4.76e-03 5.59e-03 8.14e-03 9.33e-03 5.65e-03
1.2e+10 0.00016  5.875  2.54e-03 2.74e-03 4.22e-03 4.68e-03 6.12e-03 8.31e-03 9.93e-03 6.81e-03
1.2e+10 0.00016  5.925  2.68e-03 2.78e-03 4.14e-03 4.79e-03 6.88e-03 8.81e-03 1.02e-02 7.24e-03
1.2e+10 0.00016  5.975  2.65e-03 2.88e-03 4.41e-03 5.11e-03 7.30e-03 9.38e-03 1.00e-02 7.07e-03
1.2e+10 0.00016  6.025  2.75e-03 2.87e-03 4.32e-03 5.03e-03 7.14e-03 9.60e-03 1.07e-02 7.50e-03
1.2e+10 0.00016  6.075  2.72e-03 2.89e-03 4.42e-03 5.15e-03 7.57e-03 9.83e-03 1.12e-02 7.65e-03
1.2e+10 0.00016  6.125  2.96e-03 2.99e-03 4.52e-03 5.50e-03 7.40e-03 1.01e-02 1.24e-02 7.79e-03
1.2e+10 0.00016  6.175  2.89e-03 3.00e-03 4.62e-03 5.41e-03 7.86e-03 9.89e-03 1.33e-02 7.95e-03
1.2e+10 0.00016  6.225  2.99e-03 3.28e-03 4.72e-03 6.01e-03 7.69e-03 1.09e-02 1.32e-02 8.47e-03
1.2e+10 0.00016  6.275  3.03e-03 3.18e-03 4.83e-03 6.62e-03 8.58e-03 1.24e-02 1.41e-02 8.94e-03
1.2e+10 0.00016  6.325  3.24e-03 3.24e-03 4.94e-03 7.03e-03 9.02e-03 1.33e-02 1.40e-02 9.14e-03
1.2e+10 0.00016  6.375  3.30e-03 3.29e-03 5.06e-03 6.86e-03 9.22e-03 1.32e-02 1.51e-02 9.35e-03
1.2e+10 0.00016  6.425  3.36e-03 3.52e-03 5.18e-03 7.28e-03 9.43e-03 1.36e-02 1.50e-02 9.56e-03
1.2e+10 0.00016  6.475  3.43e-03 3.42e-03 5.38e-03 7.10e-03 9.65e-03 1.40e-02 1.55e-02 1.02e-02
1.2e+10 0.00016  6.525  3.49e-03 3.48e-03 6.32e-03 7.23e-03 9.87e-03 1.45e-02 1.61e-02 1.00e-02
1.2e+10 0.00016  6.575  3.73e-03 3.72e-03 6.72e-03 7.68e-03 1.02e-02 1.44e-02 1.67e-02 1.14e-02
1.2e+10 0.00016  6.625  3.63e-03 3.62e-03 6.53e-03 8.16e-03 1.19e-02 1.55e-02 1.65e-02 1.26e-02
1.2e+10 0.00016  6.675  3.70e-03 3.68e-03 6.64e-03 8.62e-03 1.27e-02 1.60e-02 1.50e-02 1.30e-02
1.2e+10 0.00016  6.725  3.77e-03 3.94e-03 6.75e-03 8.81e-03 1.31e-02 1.60e-02 1.49e-02 1.28e-02
1.2e+10 0.00016  6.775  3.85e-03 3.83e-03 6.87e-03 9.00e-03 1.30e-02 1.72e-02 1.54e-02 1.38e-02
1.2e+10 0.00016  6.825  3.92e-03 3.90e-03 6.98e-03 8.79e-03 1.39e-02 1.45e-02 1.59e-02 1.42e-02
1.2e+10 0.00016  6.875  4.20e-03 3.98e-03 7.23e-03 9.39e-03 1.38e-02 1.48e-02 1.64e-02 1.41e-02
1.2e+10 0.00016  6.925  4.29e-03 4.26e-03 8.15e-03 9.61e-03 1.42e-02 1.53e-02 1.70e-02 1.46e-02
1.2e+10 0.00016  6.975  4.18e-03 4.14e-03 7.93e-03 1.13e-02 1.47e-02 1.58e-02 1.72e-02 1.51e-02
1.2e+10 0.00016  7.025  4.47e-03 4.23e-03 8.47e-03 1.21e-02 1.59e-02 1.64e-02 1.39e-02 1.63e-02
1.2e+10 0.00016  7.075  4.36e-03 4.53e-03 8.65e-03 1.19e-02 1.58e-02 1.69e-02 1.43e-02 1.62e-02
1.2e+10 0.00016  7.125  4.66e-03 4.40e-03 8.43e-03 1.28e-02 1.63e-02 1.76e-02 1.48e-02 1.61e-02
1.2e+10 0.00016  7.175  4.55e-03 4.49e-03 9.02e-03 1.32e-02 1.51e-02 1.39e-02 1.45e-02 1.45e-02
1.2e+10 0.00016  7.225  4.87e-03 4.87e-03 9.21e-03 1.36e-02 1.46e-02 1.43e-02 1.57e-02 1.43e-02
1.2e+10 0.00016  7.275  4.75e-03 5.43e-03 1.05e-02 1.40e-02 1.51e-02 1.47e-02 1.62e-02 1.55e-02
1.2e+10 0.00016  7.325  5.55e-03 5.51e-03 1.16e-02 1.38e-02 1.56e-02 1.52e-02 1.67e-02 1.60e-02
1.2e+10 0.00016  7.375  6.04e-03 5.88e-03 1.19e-02 1.49e-02 1.54e-02 1.49e-02 1.73e-02 1.65e-02
1.2e+10 0.00016  7.425  6.14e-03 5.67e-03 1.22e-02 1.48e-02 1.67e-02 1.61e-02 1.71e-02 1.64e-02
1.2e+10 0.00016  7.475  6.23e-03 5.75e-03 1.26e-02 1.60e-02 1.73e-02 1.66e-02 1.36e-02 1.68e-02
1.2e+10 0.00016  7.525  6.33e-03 6.14e-03 1.24e-02 1.58e-02 1.52e-02 1.72e-02 1.31e-02 1.33e-02
1.2e+10 0.00016  7.575  6.43e-03 5.92e-03 1.33e-02 1.46e-02 1.41e-02 1.78e-02 1.41e-02 1.44e-02
1.2e+10 0.00016  7.625  6.54e-03 6.01e-03 1.37e-02 1.41e-02 1.45e-02 1.40e-02 1.45e-02 1.48e-02
1.2e+10 0.00016  7.675  6.64e-03 6.42e-03 1.42e-02 1.46e-02 1.43e-02 1.31e-02 1.42e-02 1.46e-02
1.2e+10 0.00016  7.725  6.75e-03 6.77e-03 1.40e-02 1.57e-02 1.54e-02 1.41e-02 1.53e-02 1.57e-02
1.2e+10 0.00016  7.775  7.61e-03 7.10e-03 1.51e-02 1.56e-02 1.59e-02 1.44e-02 1.50e-02 1.62e-02
1.2e+10 0.00016  7.825  7.88e-03 7.22e-03 1.56e-02 1.61e-02 1.64e-02 1.48e-02 1.62e-02 1.60e-02
1.2e+10 0.00016  7.875  8.03e-03 7.35e-03 1.46e-02 1.66e-02 1.69e-02 1.53e-02 1.59e-02 1.73e-02
1.2e+10 0.00016  7.925  8.19e-03 7.08e-03 1.33e-02 1.48e-02 1.67e-02 1.57e-02 1.72e-02 1.77e-02
1.2e+10 0.00016  7.975  8.36e-03 7.61e-03 1.43e-02 1.35e-02 1.63e-02 1.62e-02 1.41e-02 1.28e-02
1.2e+10 0.00016  8.025  8.12e-03 7.75e-03 1.41e-02 1.39e-02 1.35e-02 1.59e-02 1.36e-02 1.38e-02
1.2e+10 0.00016  8.075  8.70e-03 7.90e-03 1.53e-02 1.50e-02 1.39e-02 1.72e-02 1.39e-02 1.41e-02
1.2e+10 0.00016  8.125  9.61e-03 8.84e-03 1.50e-02 1.47e-02 1.43e-02 1.47e-02 1.50e-02 1.45e-02
1.2e+10 0.00016  8.175  1.09e-02 9.91e-03 1.63e-02 1.52e-02 1.47e-02 1.43e-02 1.47e-02 1.42e-02
1.2e+10 0.00016  8.225  1.12e-02 1.07e-02 1.61e-02 1.64e-02 1.51e-02 1.39e-02 1.50e-02 1.53e-02
1.2e+10 0.00016  8.275  1.20e-02 1.09e-02 1.32e-02 1.62e-02 1.55e-02 1.50e-02 1.50e-02 1.58e-02
1.2e+10 0.00016  8.325  1.18e-02 1.07e-02 1.36e-02 1.75e-02 1.60e-02 1.54e-02 1.23e-02 1.62e-02
1.2e+10 0.00016  8.375  1.27e-02 1.15e-02 1.33e-02 1.57e-02 1.64e-02 1.51e-02 1.26e-02 1.60e-02
1.2e+10 0.00016  8.425  1.25e-02 1.18e-02 1.44e-02 1.29e-02 1.70e-02 1.51e-02 1.28e-02 1.72e-02
1.2e+10 0.00016  8.475  1.29e-02 1.15e-02 1.48e-02 1.39e-02 1.61e-02 1.29e-02 1.31e-02 1.43e-02
1.2e+10 0.00016  8.525  1.39e-02 1.25e-02 1.45e-02 1.42e-02 1.41e-02 1.32e-02 1.34e-02 1.36e-02
1.2e+10 0.00016  8.575  1.37e-02 1.22e-02 1.57e-02 1.39e-02 1.51e-02 1.35e-02 1.37e-02 1.47e-02
1.2e+10 0.00016  8.625  1.41e-02 1.32e-02 1.62e-02 1.50e-02 1.49e-02 1.39e-02 1.41e-02 1.50e-02
1.2e+10 0.00016  8.675  1.52e-02 1.36e-02 1.59e-02 1.47e-02 1.53e-02 1.35e-02 1.44e-02 1.47e-02
1.2e+10 0.00016  8.725  1.51e-02 1.33e-02 1.57e-02 1.59e-02 1.57e-02 1.45e-02 1.13e-02 1.59e-02
1.2e+10 0.00016  8.775  1.36e-02 1.44e-02 1.29e-02 1.56e-02 1.60e-02 1.49e-02 9.62e-03 1.46e-02
1.2e+10 0.00016  8.825  1.40e-02 1.29e-02 1.32e-02 1.68e-02 1.29e-02 1.48e-02 9.31e-03 1.30e-02
1.2e+10 0.00016  8.875  1.38e-02 1.21e-02 1.29e-02 1.62e-02 1.38e-02 1.00e-02 9.93e-03 1.27e-02
1.2e+10 0.00016  8.925  1.42e-02 1.31e-02 1.39e-02 1.40e-02 1.41e-02 1.02e-02 9.61e-03 1.36e-02
1.2e+10 0.00016  8.975  1.46e-02 1.34e-02 1.43e-02 1.37e-02 1.38e-02 9.88e-03 1.03e-02 1.39e-02
1.2e+10 0.00016  9.025  1.51e-02 1.31e-02 1.47e-02 1.47e-02 1.48e-02 1.05e-02 9.93e-03 1.42e-02
1.2e+10 0.00016  9.075  1.56e-02 1.42e-02 1.51e-02 1.44e-02 1.52e-02 1.07e-02 1.06e-02 1.46e-02
1.2e+10 0.00016  9.125  1.58e-02 1.39e-02 1.55e-02 1.55e-02 1.49e-02 1.09e-02 1.03e-02 1.49e-02
1.2e+10 0.00016  9.175  1.33e-02 1.51e-02 1.59e-02 1.59e-02 1.55e-02 1.06e-02 1.10e-02 1.41e-02
1.2e+10 0.00016  9.225  1.30e-02 1.32e-02 1.56e-02 1.35e-02 1.09e-02 1.13e-02 1.06e-02 1.00e-02
1.2e+10 0.00016  9.275  1.40e-02 1.21e-02 1.41e-02 1.30e-02 1.07e-02 1.15e-02 1.14e-02 1.02e-02
1.2e+10 0.00016  9.325  1.37e-02 1.24e-02 1.36e-02 1.33e-02 1.09e-02 1.17e-02 1.10e-02 1.04e-02
1.2e+10 0.00016  9.375  1.41e-02 1.27e-02 1.39e-02 1.36e-02 1.15e-02 1.14e-02 1.18e-02 1.10e-02
1.2e+10 0.00016  9.425  1.53e-02 1.31e-02 1.36e-02 1.40e-02 1.13e-02 1.22e-02 5.64e-03 1.08e-02
1.2e+10 0.00016  9.475  1.50e-02 1.34e-02 1.46e-02 1.43e-02 1.20e-02 1.08e-02 5.55e-03 1.09e-02
1.2e+10 0.00016  9.525  1.54e-02 1.38e-02 1.50e-02 1.46e-02 1.17e-02 5.77e-03 5.34e-03 1.11e-02
1.2e+10 0.00016  9.575  1.67e-02 1.42e-02 1.52e-02 1.50e-02 1.25e-02 5.83e-03 5.39e-03 1.13e-02
1.2e+10 0.00016  9.625  1.51e-02 1.46e-02 1.23e-02 1.36e-02 1.22e-02 5.88e-03 5.43e-03 1.16e-02
1.2e+10 0.00016  9.675  1.29e-02 1.50e-02 1.25e-02 1.01e-02 1.30e-02 5.94e-03 5.48e-03 1.23e-02
1.2e+10 0.00016  9.725  1.26e-02 1.55e-02 1.28e-02 1.07e-02 1.27e-02 5.99e-03 5.53e-03 1.20e-02
1.2e+10 0.00016  9.775  1.35e-02 1.16e-02 1.31e-02 1.09e-02 1.22e-02 6.05e-03 5.58e-03 1.22e-02
1.2e+10 0.00016  9.825  1.32e-02 1.18e-02 1.34e-02 1.06e-02 6.78e-03 6.10e-03 5.33e-03 8.58e-03
1.2e+10 0.00016  9.875  1.42e-02 1.21e-02 1.37e-02 1.13e-02 6.85e-03 6.13e-03 5.05e-03 6.30e-03
1.2e+10 0.00016  9.925  1.39e-02 1.24e-02 1.40e-02 1.15e-02 6.93e-03 5.59e-03 5.09e-03 6.11e-03
1.2e+10 0.00016  9.975  1.50e-02 1.27e-02 1.44e-02 1.17e-02 6.74e-03 5.64e-03 5.13e-03 6.17e-03
1.2e+10 0.00016 10.025  1.47e-02 1.30e-02 1.22e-02 1.14e-02 7.08e-03 5.69e-03 5.17e-03 6.49e-03
1.2e+10 0.00016 10.075  1.59e-02 1.33e-02 9.61e-03 1.22e-02 7.16e-03 5.74e-03 5.21e-03 6.29e-03
1.2e+10 0.00016 10.125  1.55e-02 1.36e-02 1.02e-02 1.24e-02 6.92e-03 5.79e-03 5.26e-03 6.35e-03
1.2e+10 0.00016 10.175  1.47e-02 1.40e-02 9.94e-03 1.21e-02 6.67e-03 5.84e-03 5.30e-03 6.40e-03
1.2e+10 0.00016 10.225  1.29e-02 1.43e-02 1.01e-02 1.25e-02 7.01e-03 1.40e-03 2.80e-04 6.12e-03
1.2e+10 0.00016 10.275  1.32e-02 1.47e-02 1.08e-02 6.53e-03 6.81e-03        0        0 6.17e-03
1.2e+10 0.00016 10.325  1.42e-02 1.38e-02 1.05e-02 6.59e-03 6.88e-03        0        0 6.23e-03
1.2e+10 0.00016 10.375  1.38e-02 1.15e-02 1.11e-02 6.66e-03 6.96e-03        0        0 6.29e-03
1.2e+10 0.00016 10.425  1.42e-02 1.24e-02 1.08e-02 6.73e-03 8.40e-04        0        0 6.35e-03
1.2e+10 0.00016 10.475  1.53e-02 1.27e-02 1.15e-02 6.80e-03        0        0        0 5.86e-03
1.2e+10 0.00016 10.525  1.26e-02 1.23e-02 1.12e-02 6.88e-03        0        0        0        0
1.2e+10 0.00016 10.575  1.18e-02 1.33e-02 1.14e-02 6.93e-03        0        0        0        0
1.2e+10 0.00016 10.625  1.27e-02 1.29e-02 1.22e-02 6.65e-03        0        0        0        0
1.2e+10 0.00016 10.675  1.23e-02 1.39e-02 9.57e-03 6.99e-03        0        0        0        0
1.2e+10 0.00016 10.725  1.33e-02 1.08e-02 6.29e-03 6.79e-03        0        0        0        0
1.2e+10 0.00016 10.775  1.29e-02 1.07e-02 6.10e-03 7.14e-03        0        0        0        0
1.2e+10 0.00016 10.825  1.32e-02 1.09e-02 6.16e-03 6.94e-03        0        0        0        0
1.2e+10 0.00016 10.875  1.42e-02 1.11e-02 6.22e-03 2.24e-03        0        0        0        0
1.2e+10 0.00016 10.925  1.38e-02 1.13e-02 6.54e-03        0        0        0        0        0
1.2e+10 0.00016 10.975  9.81e-03 1.21e-02 6.34e-03        0        0        0        0        0
1.2e+10 0.00016 11.025  9.67e-03 1.17e-02 6.40e-03        0        0        0        0        0
1.2e+10 0.00016 11.075  9.35e-03 1.20e-02 6.37e-03        0        0        0        0        0
1.2e+10 0.00016 11.125  9.50e-03 1.22e-02 6.43e-03        0        0        0        0        0
1.2e+10 0.00016 11.175  1.01e-02 1.25e-02 6.50e-03        0        0        0        0        0
1.2e+10 0.00016 11.225  9.81e-03 7.96e-03 6.56e-03        0        0        0        0        0
1.2e+10 0.00016 11.275  9.97e-03 7.81e-03 6.63e-03        0        0        0        0        0
1.2e+10 0.00016 11.325  1.06e-02 7.44e-03 5.86e-03        0        0        0        0        0
1.2e+10 0.00016 11.375  1.03e-02 8.01e-03        0        0        0        0        0        0
1.2e+10 0.00016 11.425  1.05e-02 8.11e-03        0        0        0        0        0        0
1.2e+10 0.00016 11.475  1.07e-02 8.22e-03        0        0        0        0        0        0
1.2e+10 0.00016 11.525  1.14e-02 7.84e-03        0        0        0        0        0        0
1.2e+10 0.00016 11.575  1.10e-02 8.44e-03        0        0        0        0        0        0
1.2e+10 0.00016 11.625  1.12e-02 8.56e-03        0        0        0        0        0        0
1.2e+10 0.00016 11.675  5.26e-03 8.16e-03        0        0        0        0        0        0
1.2e+10 0.00016 11.725  5.56e-03 8.79e-03        0        0        0        0        0        0
1.2e+10 0.00016 11.775  5.61e-03 8.92e-03        0        0        0        0        0        0
1.2e+10 0.00016 11.825  5.66e-03 9.05e-03        0        0        0        0        0        0
1.2e+10 0.00016 11.875  5.71e-03 8.64e-03        0        0        0        0        0        0
1.2e+10 0.00016 11.925  5.76e-03 9.31e-03        0        0        0        0        0        0
1.2e+10 0.00016 11.975  5.81e-03 9.45e-03        0        0        0        0        0        0
1.2e+10 0.00016 12.025  5.60e-03 8.07e-03        0        0        0        0        0        0
1.2e+10 0.00016 12.075  5.85e-03 4.01e-03        0        0        0        0        0        0
1.2e+10 0.00016 12.125  5.61e-03 4.03e-03        0        0        0        0        0        0
1.2e+10 0.00016 12.175  5.66e-03 4.06e-03        0        0        0        0        0        0
1.2e+10 0.00016 12.225  5.71e-03 4.09e-03        0        0        0        0        0        0
1.2e+10 0.00016 12.275  5.76e-03 4.11e-03        0        0        0        0        0        0
1.2e+10 0.00016 12.325  5.81e-03 3.88e-03        0        0        0        0        0        0
1.2e+10 0.00016 12.375  4.74e-03 4.16e-03        0        0        0        0        0        0
1.2e+10 0.00016 12.425         0 4.19e-03        0        0        0        0        0        0
1.2e+10 0.00016 12.475         0 4.22e-03        0        0        0        0        0        0
1.2e+10 0.00016 12.525         0 4.25e-03        0        0        0        0        0        0
1.2e+10 0.00016 12.575         0 4.27e-03        0        0        0        0        0        0
1.2e+10 0.00016 12.625         0 3.98e-03        0        0        0        0        0        0
1.2e+10 0.00016 12.675         0 4.00e-03        0        0        0        0        0        0
1.2e+10 0.00016 12.725         0 4.02e-03        0        0        0        0        0        0
1.2e+10 0.00016 12.775         0 4.05e-03        0        0        0        0        0        0
1.2e+10 0.00016 12.825         0 4.07e-03        0        0        0        0        0        0
1.2e+10 0.00016 12.875         0 4.10e-03        0        0        0        0        0        0
1.2e+10 0.00016 12.925         0 3.85e-03        0        0        0        0        0        0
1.2e+10 0.00016 12.975         0 4.15e-03        0        0        0        0        0        0
1.2e+10 0.00016 13.025         0 4.17e-03        0        0        0        0        0        0
1.2e+10 0.00016 13.075         0 2.24e-03        0        0        0        0        0        0
1.2e+10 0.00016 13.125         0        0        0        0        0        0        0        0
1.2e+10 0.00016 13.175         0        0        0        0        0        0        0        0
1.2e+10 0.00016 13.225         0        0        0        0        0        0        0        0
1.2e+10 0.00016 13.275         0        0        0        0        0        0        0        0
1.2e+10 0.00016 13.325         0        0        0        0        0        0        0        0
1.2e+10 0.00016 13.375         0        0        0        0        0        0        0        0
1.2e+10 0.00016 13.425         0        0        0        0        0        0        0        0
1.2e+10 0.00016 13.475         0        0        0        0        0        0        0        0
1.2e+10 0.00016 13.525         0        0        0        0        0        0        0        0
1.2e+10 0.00016 13.575         0        0        0        0        0        0        0        0
1.2e+10 0.00016 13.625         0        0        0        0        0        0        0        0
1.2e+10 0.00016 13.675         0        0        0        0        0        0        0        0
1.2e+10 0.00016 13.725         0        0        0        0        0        0        0        0
1.2e+10 0.00016 13.775         0        0        0        0        0        0        0        0
1.2e+10 0.00016 13.825         0        0        0        0        0        0        0        0
1.2e+10 0.00016 13.875         0        0        0        0        0        0        0        0
1.2e+10 0.00016 13.925         0        0        0        0        0        0        0        0
1.2e+10 0.00016 13.975         0        0        0        0        0        0        0        0
1.2e+10 0.00016 14.025         0        0        0        0        0        0        0        0
1.2e+10 0.00016 14.075         0        0        0        0        0        0        0        0
1.2e+10 0.00016 14.125         0        0        0        0        0        0        0        0
1.2e+10 0.00016 14.175         0        0        0        0        0        0        0        0
1.2e+10 0.00016 14.225         0        0        0        0        0        0        0        0
1.2e+10 0.00016 14.275         0        0        0        0        0        0        0        0
1.2e+10 0.00016 14.325         0        0        0        0        0        0        0        0
1.2e+10 0.00016 14.375         0        0        0        0        0        0        0        0
1.2e+10 0.00016 14.425         0        0        0        0        0        0        0        0
1.2e+10 0.00016 14.475         0        0        0        0        0        0        0        0
1.2e+10 0.00016 14.525         0        0        0        0        0        0        0        0
1.2e+10 0.00016 14.575         0        0        0        0        0        0        0        0
1.2e+10 0.00016 14.625         0        0        0        0        0        0        0        0
1.2e+10 0.00016 14.675         0        0        0        0        0        0        0        0
1.2e+10 0.00016 14.725         0        0        0        0        0        0        0        0
1.2e+10 0.00016 14.775         0        0        0        0        0        0        0        0
1.2e+10 0.00016 14.825         0        0        0        0        0        0        0        0
1.2e+10 0.00016 14.875         0        0        0        0        0        0        0        0
1.2e+10 0.00016 14.925         0        0        0        0        0        0        0        0
1.2e+10 0.00016 14.975         0        0        0        0        0        0        0        0
1.2e+10 0.00016 15.025         0        0        0        0        0        0        0        0
1.2e+10 0.00016 15.075         0        0        0        0        0        0        0        0
1.2e+10 0.00016 15.125         0        0        0        0        0        0        0        0
1.2e+10 0.00016 15.175         0        0        0        0        0        0        0        0
1.2e+10 0.00016 15.225         0        0        0        0        0        0        0        0
1.2e+10 0.00016 15.275         0        0        0        0        0        0        0        0
1.2e+10 0.00016 15.325         0        0        0        0        0        0        0        0
1.2e+10 0.00016 15.375         0        0        0        0        0        0        0        0
1.2e+10 0.00016 15.425         0        0        0        0        0        0        0        0
1.2e+10 0.00016 15.475         0        0        0        0        0        0        0        0
1.2e+10 0.00016 15.525         0        0        0        0        0        0        0        0
1.2e+10 0.00016 15.575         0        0        0        0        0        0        0        0
1.2e+10 0.00016 15.625         0        0        0        0        0        0        0        0
1.2e+10 0.00016 15.675         0        0        0        0        0        0        0        0
1.2e+10 0.00016 15.725         0        0        0        0        0        0        0        0
1.2e+10 0.00016 15.775         0        0        0        0        0        0        0        0
1.2e+10 0.00016 15.825         0        0        0        0        0        0        0        0
1.2e+10 0.00016 15.875         0        0        0        0        0        0        0        0
1.2e+10 0.00016 15.925         0        0        0        0        0        0        0        0
1.2e+10 0.00016 15.975         0        0        0        0        0        0        0        0
1.2e+10 0.00016 16.025         0        0        0        0        0        0        0        0
1.2e+10 0.00016 16.075         0        0        0        0        0        0        0        0
1.2e+10 0.00016 16.125         0        0        0        0        0        0        0        0
1.2e+10 0.00016 16.175         0        0        0        0        0        0        0        0
1.2e+10 0.00016 16.225         0        0        0        0        0        0        0        0
1.2e+10 0.00016 16.275         0        0        0        0        0        0        0        0
1.2e+10 0.00016 16.325         0        0        0        0        0        0        0        0
1.2e+10 0.00016 16.375         0        0        0        0        0        0        0        0
1.2e+10 0.00016 16.425         0        0        0        0        0        0        0        0
1.2e+10 0.00016 16.475         0        0        0        0        0        0        0        0
1.2e+10 0.00016 16.525         0        0        0        0        0        0        0        0
1.2e+10 0.00016 16.575         0        0        0        0        0        0        0        0
1.2e+10 0.00016 16.625         0        0        0        0        0        0        0        0
1.2e+10 0.00016 16.675         0        0        0        0        0        0        0        0
1.2e+10 0.00016 16.725         0        0        0        0        0        0        0        0
1.2e+10 0.00016 16.775         0        0        0        0        0        0        0        0
1.2e+10 0.00016 16.825         0        0        0        0        0        0        0        0
1.2e+10 0.00016 16.875         0        0        0        0        0        0        0        0
1.2e+10 0.00016 16.925         0        0        0        0        0        0        0        0
1.2e+10 0.00016 16.975         0        0        0        0        0        0        0        0
1.2e+10 0.00016 17.025         0        0        0        0        0        0        0        0
1.2e+10 0.00016 17.075         0        0        0        0        0        0        0        0
1.2e+10 0.00016 17.125         0        0        0        0        0        0        0        0
1.2e+10 0.00016 17.175         0        0        0        0        0        0        0        0
1.2e+10 0.00016 17.225         0        0        0        0        0        0        0        0
1.2e+10 0.00016 17.275         0        0        0        0        0        0        0        0
1.2e+10 0.00016 17.325         0        0        0        0        0        0        0        0
1.2e+10 0.00016 17.375         0        0        0        0        0        0        0        0
1.2e+10 0.00016 17.425         0        0        0        0        0        0        0        0
1.2e+10 0.00016 17.475         0        0        0        0        0        0        0        0
1.2e+10 0.00016 17.525         0        0        0        0        0        0        0        0
1.2e+10 0.00016 17.575         0        0        0        0        0        0        0        0
1.2e+10 0.00016 17.625         0        0        0        0        0        0        0        0
1.2e+10 0.00016 17.675         0        0        0        0        0        0        0        0
1.2e+10 0.00016 17.725         0        0        0        0        0        0        0        0
1.2e+10 0.00016 17.775         0        0        0        0        0        0        0        0
1.2e+10 0.00016 17.825         0        0        0        0        0        0        0        0
1.2e+10 0.00016 17.875         0        0        0        0        0        0        0        0
1.2e+10 0.00016 17.925         0        0        0        0        0        0        0        0
1.2e+10 0.00016 17.975         0        0        0        0        0        0        0        0
1.2e+10 0.00016 18.025         0        0        0        0        0        0        0        0
1.2e+10 0.00016 18.075         0        0        0        0        0        0        0        0
1.2e+10 0.00016 18.125         0        0        0        0        0        0        0        0
1.2e+10 0.00016 18.175         0        0        0        0        0        0        0        0
1.2e+10 0.00016 18.225         0        0        0        0        0        0        0        0
1.2e+10 0.00016 18.275         0        0        0        0        0        0        0        0
1.2e+10 0.00016 18.325         0        0        0        0        0        0        0        0
1.2e+10 0.00016 18.375         0        0        0        0        0        0        0        0
1.2e+10 0.00016 18.425         0        0        0        0        0        0        0        0
1.2e+10 0.00016 18.475         0        0        0        0        0        0        0        0
1.2e+10 0.00016 18.525         0        0        0        0        0        0        0        0
1.2e+10 0.00016 18.575         0        0        0        0        0        0        0        0
1.2e+10 0.00016 18.625         0        0        0        0        0        0        0        0
1.2e+10 0.00016 18.675         0        0        0        0        0        0        0        0
1.2e+10 0.00016 18.725         0        0        0        0        0        0        0        0
1.2e+10 0.00016 18.775         0        0        0        0        0        0        0        0
1.2e+10 0.00016 18.825         0        0        0        0        0        0        0        0
1.2e+10 0.00016 18.875         0        0        0        0        0        0        0        0
1.2e+10 0.00016 18.925         0        0        0        0        0        0        0        0
1.2e+10 0.00016 18.975         0        0        0        0        0        0        0        0
1.2e+10 0.00016 19.025         0        0        0        0        0        0        0        0
1.2e+10 0.00016 19.075         0        0        0        0        0        0        0        0
1.2e+10 0.00016 19.125         0        0        0        0        0        0        0        0
1.2e+10 0.00016 19.175         0        0        0        0        0        0        0        0
1.2e+10 0.00016 19.225         0        0        0        0        0        0        0        0
1.2e+10 0.00016 19.275         0        0        0        0        0        0        0        0
1.2e+10 0.00016 19.325         0        0        0        0        0        0        0        0
1.2e+10 0.00016 19.375         0        0        0        0        0        0        0        0
1.2e+10 0.00016 19.425         0        0        0        0        0        0        0        0
1.2e+10 0.00016 19.475         0        0        0        0        0        0        0        0
1.2e+10 0.00016 19.525         0        0        0        0        0        0        0        0
1.2e+10 0.00016 19.575         0        0        0        0        0        0        0        0
1.2e+10 0.00016 19.625         0        0        0        0        0        0        0        0
1.2e+10 0.00016 19.675         0        0        0        0        0        0        0        0
1.2e+10 0.00016 19.725         0        0        0        0        0        0        0        0
1.2e+10 0.00016 19.775         0        0        0        0        0        0        0        0
1.2e+10 0.00016 19.825         0        0        0        0        0        0        0        0
1.2e+10 0.00016 19.875         0        0        0        0        0        0        0        0
1.2e+10 0.00016 19.925         0        0        0        0        0        0        0        0
1.2e+10 0.00016 19.975         0        0        0        0        0        0        0        0
#isochrone terminated
