# File generated by CMD 3.3 (http://stev.oapd.inaf.it/cmd) on Fri Nov 20 18:08:26 CET 2020
# isochrones based on PARSEC release v1.2S +  COLIBRI S_35
# Basic references: Bressan et al. (2012), MNRAS, 427, 127 + Chen et al. (2014, 2015), MNRAS, 444, 2525 + MNRAS, 452, 1068 + Tang et al. (2014), MNRAS, 445, 4287 + Marigo et al. (2017), ApJ, 835, 77 + Pastorelli al. (2019), MNRAS in press
# Thermal pulse cycles included 
# On RGB, assumed Reimers mass loss with efficiency eta=0.2
# Photometric system: JWST NIRCam wide+verywide+medium filters, Vegamags
# Using OBC version of bolometric corrections as detailed in Marigo et al. (2008, A&A 482, 883) and Girardi et al. (2008, PASP 120, 583
# O-rich circumstellar dpmod60alox40 dust from Groenewegen (2006)
# C-rich circumstellar AMCSIC15 dust from Groenewegen (2006)
# IMF: Kroupa (2001, 2002) + Kroupa et al. (2013) canonical two-part-power law IMF corrected for unresolved binaries 
# Kind of output: isochrone tables
# Zini     MH   logAge Mini        int_IMF         Mass   logL    logTe  logg  label   McoreTP C_O  period0 period1 pmode  Mloss  tau1m   X   Y   Xc  Xn  Xo  Cexcess  Z 	 mbolmag  F070Wmag  F090Wmag  F115Wmag  F150Wmag  F200Wmag  F277Wmag  F356Wmag  F444Wmag  F150W2mag  F322W2mag  F140Mmag  F162Mmag  F182Mmag  F210Mmag  F250Mmag  F300Mmag  F335Mmag  F360Mmag  F410Mmag  F430Mmag  F460Mmag  F480Mmag  F150WS60mag
0.00018264 -1.93000 10.11394 0.0913096443 1.0941179991    0.091 -3.144  3.4974  5.484    1  0.000  0.545     0.00     0.00 -1 -5.41e-17      0.00 7.478e-01 2.520e-01 3.361e-05 9.067e-06 8.223e-05 -1.000 1.869e-04 12.630 12.793 11.643 10.940 10.386 10.256 10.062 9.701 9.647 10.528 9.893 10.496 10.245 10.281 10.216 10.158 9.960 9.746 9.666 9.613 9.630 9.690 9.635 10.327
0.00018264 -1.93000 10.11394 0.0967894346 1.1437137127    0.097 -2.946  3.5261  5.426    1  0.000  0.545     0.00     0.00 -1 -8.86e-17      0.00 7.462e-01 2.536e-01 3.361e-05 9.067e-06 8.223e-05 -1.000 1.869e-04 12.135 12.146 11.176 10.531 9.949 9.733 9.565 9.284 9.224 10.068 9.436 10.074 9.782 9.767 9.688 9.634 9.498 9.328 9.253 9.196 9.209 9.263 9.215 9.878
0.00018264 -1.93000 10.11394 0.1012862623 1.1817619801    0.101 -2.793  3.5484  5.381    1  0.000  0.545     0.00     0.00 -1  -1.3e-16      0.00 7.449e-01 2.549e-01 3.361e-05 9.067e-06 8.224e-05 -1.000 1.869e-04 11.751 11.651 10.803 10.204 9.621 9.364 9.208 8.981 8.920 9.726 9.105 9.750 9.448 9.401 9.321 9.265 9.158 9.022 8.952 8.896 8.905 8.954 8.911 9.547
0.00018264 -1.93000 10.11394 0.1212394834 1.3274300098    0.121 -2.504  3.5780  5.290    1  0.000  0.545     0.00     0.00 -1 -2.56e-16      0.00 7.414e-01 2.584e-01 3.361e-05 9.068e-06 8.224e-05 -1.000 1.869e-04 11.031 10.808 10.082 9.539 8.975 8.700 8.577 8.377 8.317 9.069 8.486 9.106 8.797 8.736 8.660 8.622 8.542 8.419 8.348 8.293 8.302 8.349 8.319 8.899
0.00018264 -1.93000 10.11394 0.1411927044 1.4448504448    0.141 -2.322  3.5923  5.231    1  0.000  0.545     0.00     0.00 -1 -3.58e-16      0.00 7.391e-01 2.607e-01 3.361e-05 9.068e-06 8.224e-05 -1.000 1.869e-04 10.575 10.286 9.613 9.103 8.550 8.286 8.203 7.994 7.936 8.645 8.108 8.686 8.369 8.319 8.249 8.236 8.181 8.037 7.961 7.909 7.919 7.968 7.951 8.474
0.00018264 -1.93000 10.11394 0.1611459404 1.5424650908    0.161 -2.179  3.6016  5.182    1  0.000  0.545     0.00     0.00 -1 -5.32e-16      0.00 7.378e-01 2.621e-01 3.361e-05 9.068e-06 8.224e-05 -1.000 1.869e-04 10.218 9.893 9.254 8.768 8.221 7.957 7.885 7.692 7.638 8.314 7.797 8.357 8.039 7.989 7.922 7.912 7.869 7.731 7.661 7.613 7.622 7.667 7.656 8.145
0.00018264 -1.93000 10.11394 0.2010523975 1.6974372864    0.201 -1.961  3.6135  5.108    1  0.000  0.545     0.00     0.00 -1 -8.56e-16      0.00 7.371e-01 2.627e-01 3.361e-05 9.068e-06 8.224e-05 -1.000 1.869e-04 9.673 9.328 8.719 8.252 7.712 7.441 7.351 7.202 7.158 7.802 7.284 7.845 7.535 7.471 7.408 7.378 7.334 7.232 7.179 7.138 7.145 7.182 7.169 7.637
0.00018264 -1.93000 10.11394 0.2509354949 1.8426946402    0.251 -1.762  3.6243  5.049    1  0.000  0.545     0.00     0.00 -1 -1.09e-15      0.00 7.374e-01 2.624e-01 3.361e-05 9.068e-06 8.224e-05 -1.000 1.868e-04 9.176 8.813 8.230 7.783 7.249 6.975 6.866 6.757 6.723 7.338 6.818 7.379 7.077 7.004 6.945 6.896 6.847 6.779 6.742 6.708 6.712 6.741 6.727 7.175
0.00018264 -1.93000 10.11394 0.3008185625 1.9545503855    0.301 -1.610  3.6334  5.011    1  0.000  0.545     0.00     0.00 -1 -1.71e-15      0.00 7.374e-01 2.624e-01 3.360e-05 9.069e-06 8.224e-05 -1.000 1.869e-04 8.794 8.416 7.855 7.423 6.898 6.631 6.519 6.428 6.398 6.988 6.478 7.025 6.732 6.658 6.602 6.548 6.498 6.445 6.416 6.385 6.389 6.414 6.401 6.827
0.00018264 -1.93000 10.11394 0.3507016301 2.0445659161    0.351 -1.484  3.6417  4.985    1  0.000  0.544     0.00     0.00 -1 -2.23e-15      0.00 7.372e-01 2.626e-01 3.357e-05 9.070e-06 8.224e-05 -1.000 1.868e-04 8.479 8.086 7.546 7.127 6.611 6.351 6.239 6.163 6.136 6.702 6.205 6.735 6.449 6.377 6.325 6.268 6.219 6.177 6.152 6.125 6.128 6.151 6.138 6.543
0.00018264 -1.93000 10.11394 0.4005846977 2.1193072796    0.400 -1.356  3.6509  4.952    1  0.000  0.545     0.00     0.00 -1 -2.93e-15      0.00 7.502e-01 2.496e-01 3.361e-05 9.067e-06 8.223e-05 -1.000 1.869e-04 8.159 7.752 7.234 6.830 6.324 6.073 5.965 5.899 5.877 6.415 5.936 6.444 6.166 6.097 6.049 5.992 5.945 5.912 5.891 5.867 5.870 5.891 5.879 6.256
0.00018264 -1.93000 10.11394 0.4504677355 2.1828336716    0.450 -1.198  3.6663  4.907    1  0.000  0.545     0.00     0.00 -1 -4.17e-15      0.00 7.507e-01 2.491e-01 3.361e-05 9.067e-06 8.223e-05 -1.000 1.869e-04 7.766 7.341 6.860 6.480 5.992 5.760 5.660 5.608 5.591 6.085 5.638 6.107 5.842 5.780 5.738 5.684 5.643 5.618 5.602 5.582 5.585 5.602 5.592 5.928
0.00018264 -1.93000 10.11394 0.5003507733 2.2378156185    0.500 -1.023  3.6845  4.850    1  0.000  0.545     0.00     0.00 -1 -6.34e-15      0.00 7.510e-01 2.488e-01 3.359e-05 9.062e-06 8.219e-05 -1.000 1.869e-04 7.326 6.888 6.447 6.095 5.631 5.421 5.333 5.293 5.280 5.726 5.315 5.739 5.491 5.438 5.403 5.354 5.318 5.301 5.289 5.272 5.275 5.287 5.281 5.571
0.00018264 -1.93000 10.11394 0.5502339005 2.2838518620    0.550 -0.812  3.7054  4.764    1  0.000  0.544     0.00     0.00 -1 -1.08e-14      0.00 7.876e-01 2.123e-01 2.895e-05 7.817e-06 7.094e-05 -1.000 9.969e-05 6.799 6.361 5.961 5.640 5.204 5.018 4.945 4.915 4.903 5.299 4.932 5.304 5.076 5.032 5.004 4.962 4.934 4.921 4.912 4.899 4.900 4.905 4.903 5.149
0.00018264 -1.93000 10.11394 0.6001169682 2.3212006092    0.600 -0.597  3.7317  4.691    1  0.000  0.543     0.00     0.00 -1 -1.85e-14      0.00 8.011e-01 1.988e-01 2.732e-05 7.381e-06 6.701e-05 -1.000 1.669e-04 6.261 5.843 5.491 5.205 4.803 4.646 4.590 4.572 4.561 4.898 4.583 4.893 4.688 4.655 4.635 4.603 4.584 4.576 4.570 4.561 4.560 4.557 4.560 4.753
0.00018264 -1.93000 10.11394 0.6045736670 2.3241944313    0.604 -0.576  3.7344  4.685    1  0.000  0.543     0.00     0.00 -1 -1.95e-14      0.00 8.025e-01 1.973e-01 2.714e-05 7.334e-06 6.659e-05 -1.000 1.833e-04 6.210 5.795 5.448 5.166 4.766 4.612 4.559 4.542 4.531 4.861 4.552 4.856 4.653 4.621 4.603 4.571 4.553 4.545 4.540 4.531 4.530 4.527 4.530 4.718
0.00018264 -1.93000 10.11394 0.6142701507 2.3305354118    0.614 -0.532  3.7403  4.671    1  0.000  0.543     0.00     0.00 -1 -2.17e-14      0.00 8.058e-01 1.940e-01 2.674e-05 7.227e-06 6.563e-05 -1.000 1.799e-04 6.099 5.691 5.354 5.079 4.687 4.539 4.490 4.475 4.465 4.782 4.483 4.775 4.576 4.547 4.530 4.501 4.485 4.478 4.473 4.466 4.465 4.460 4.464 4.640
0.00018264 -1.93000 10.11394 0.6236804724 2.3364732265    0.623 -0.488  3.7460  4.657    1  0.000  0.543     0.00     0.00 -1 -1.94e-18      0.00 8.092e-01 1.906e-01 2.634e-05 7.120e-06 6.467e-05 -1.000 1.729e-04 5.990 5.591 5.263 4.995 4.610 4.467 4.422 4.409 4.400 4.705 4.416 4.695 4.501 4.475 4.459 4.432 4.418 4.412 4.407 4.401 4.399 4.395 4.399 4.563
0.00018264 -1.93000 10.11394 0.6347634196 2.3432073593    0.634 -0.436  3.7526  4.638    1  0.000  0.543     0.00     0.00 -1 -3.99e-19      0.00 8.134e-01 1.865e-01 2.584e-05 6.987e-06 6.348e-05 -1.000 1.308e-04 5.859 5.471 5.154 4.894 4.516 4.381 4.339 4.329 4.321 4.611 4.335 4.599 4.411 4.387 4.373 4.348 4.337 4.332 4.328 4.322 4.321 4.316 4.320 4.471
0.00018264 -1.93000 10.11394 0.6445862651 2.3489537239    0.644 -0.389  3.7583  4.621    1  0.000  0.542     0.00     0.00 -1 -6.09e-16      0.00 8.173e-01 1.826e-01 2.537e-05 6.863e-06 6.237e-05 -1.000 1.386e-04 5.742 5.364 5.056 4.803 4.432 4.303 4.265 4.256 4.249 4.527 4.261 4.513 4.329 4.308 4.296 4.273 4.263 4.259 4.255 4.250 4.249 4.244 4.248 4.388
0.00018264 -1.93000 10.11394 0.6499999762 2.3520355225    0.650 -0.363  3.7614  4.611    1  0.000  0.542     0.00     0.00 -1 -3.34e-14      0.00 8.195e-01 1.803e-01 2.511e-05 6.792e-06 6.173e-05 -1.000 1.706e-04 5.677 5.303 5.001 4.751 4.384 4.258 4.222 4.215 4.207 4.479 4.219 4.465 4.283 4.263 4.252 4.230 4.221 4.217 4.214 4.208 4.207 4.203 4.207 4.341
0.00018264 -1.93000 10.11394 0.6541188359 2.3543407917    0.654 -0.343  3.7637  4.603    1  0.000  0.542     0.00     0.00 -1 -3.52e-14      0.00 8.216e-01 1.782e-01 2.486e-05 6.725e-06 6.113e-05 -1.000 1.613e-04 5.627 5.257 4.958 4.711 4.347 4.224 4.189 4.182 4.175 4.442 4.186 4.427 4.247 4.228 4.217 4.196 4.187 4.185 4.181 4.176 4.175 4.170 4.175 4.304
0.00018264 -1.93000 10.11394 0.6636009812 2.3595232964    0.663 -0.295  3.7688  4.583    1  0.000  0.542     0.00     0.00 -1 -1.91e-14      0.00 8.267e-01 1.732e-01 2.426e-05 6.565e-06 5.969e-05 -1.000 1.292e-04 5.509 5.148 4.858 4.617 4.259 4.141 4.110 4.104 4.098 4.353 4.107 4.337 4.161 4.145 4.135 4.115 4.109 4.107 4.103 4.099 4.098 4.093 4.098 4.217
0.00018264 -1.93000 10.11394 0.6726536155 2.3643145561    0.672 -0.249  3.7737  4.562    1  0.000  0.541     0.00     0.00 -1 -9.94e-16      0.00 8.318e-01 1.681e-01 2.365e-05 6.402e-06 5.822e-05 -1.000 1.363e-04 5.393 5.041 4.758 4.523 4.172 4.059 4.030 4.026 4.020 4.266 4.028 4.248 4.077 4.062 4.054 4.035 4.030 4.028 4.025 4.021 4.020 4.015 4.020 4.131
0.00018264 -1.93000 10.11394 0.6806874871 2.3684442043    0.680 -0.206  3.7780  4.541    1  0.000  0.541     0.00     0.00 -1 -5.37e-19      0.00 8.366e-01 1.633e-01 2.307e-05 6.249e-06 5.685e-05 -1.000 1.395e-04 5.286 4.942 4.666 4.436 4.091 3.982 3.956 3.952 3.946 4.184 3.954 4.165 3.998 3.985 3.977 3.960 3.956 3.954 3.952 3.947 3.946 3.942 3.946 4.050
0.00018264 -1.93000 10.11394 0.6884717345 2.3723399639    0.688 -0.164  3.7821  4.520    1  0.000  0.541     0.00     0.00 -1 -1.06e-17      0.00 8.415e-01 1.583e-01 2.248e-05 6.093e-06 5.545e-05 -1.000 1.635e-04 5.179 4.842 4.573 4.348 4.008 3.904 3.880 3.877 3.871 4.101 3.878 4.081 3.918 3.906 3.900 3.884 3.880 3.879 3.876 3.872 3.871 3.867 3.871 3.969
0.00018264 -1.93000 10.11394 0.6976857185 2.3768222332    0.697 -0.111  3.7869  4.492    1  0.000  0.540     0.00     0.00 -1 -1.18e-14      0.00 8.476e-01 1.522e-01 2.175e-05 5.898e-06 5.370e-05 -1.000 1.805e-04 5.047 4.718 4.457 4.238 3.905 3.806 3.784 3.782 3.776 3.997 3.783 3.976 3.818 3.808 3.802 3.787 3.785 3.784 3.781 3.777 3.776 3.772 3.776 3.867
0.00018264 -1.93000 10.11394 0.6999999881 2.3779268265    0.700 -0.097  3.7881  4.484    1  0.000  0.540     0.00     0.00 -1 -6.85e-14      0.00 8.492e-01 1.506e-01 2.156e-05 5.847e-06 5.324e-05 -1.000 1.842e-04 5.013 4.686 4.427 4.209 3.878 3.780 3.758 3.757 3.751 3.970 3.758 3.949 3.792 3.782 3.776 3.762 3.760 3.759 3.756 3.752 3.751 3.747 3.751 3.841
0.00018264 -1.93000 10.11394 0.7019529343 2.3788523674    0.702 -0.086  3.7891  4.478    1  0.000  0.539     0.00     0.00 -1 -7.08e-14      0.00 8.503e-01 1.495e-01 2.143e-05 5.814e-06 5.295e-05 -1.000 1.828e-04 4.984 4.659 4.401 4.184 3.855 3.758 3.737 3.735 3.729 3.947 3.736 3.925 3.769 3.760 3.754 3.740 3.738 3.737 3.734 3.730 3.729 3.725 3.729 3.818
0.00018264 -1.93000 10.11394 0.7101283073 2.3826634884    0.710 -0.034  3.7931  4.448    1  0.000  0.538     0.00     0.00 -1  -8.2e-14      0.00 8.548e-01 1.451e-01 2.091e-05 5.690e-06 5.187e-05 -1.000 9.504e-05 4.855 4.537 4.285 4.073 3.751 3.658 3.638 3.637 3.631 3.842 3.638 3.819 3.667 3.660 3.654 3.641 3.640 3.639 3.636 3.632 3.631 3.627 3.631 3.715
0.00018264 -1.93000 10.11394 0.7171500921 2.3858571053    0.717  0.013  3.7965  4.418    1  0.000  0.536     0.00     0.00 -1 -9.39e-14      0.00 8.582e-01 1.417e-01 2.055e-05 5.604e-06 5.113e-05 -1.000 9.024e-05 4.738 4.425 4.179 3.971 3.655 3.565 3.546 3.545 3.540 3.745 3.546 3.721 3.573 3.567 3.561 3.549 3.548 3.547 3.545 3.541 3.540 3.536 3.540 3.619
0.00018264 -1.93000 10.11394 0.7239529490 2.3888833523    0.723  0.061  3.7996  4.387    1  0.000  0.534     0.00     0.00 -1 -9.67e-14      0.00 8.611e-01 1.388e-01 2.025e-05 5.535e-06 5.053e-05 -1.000 1.640e-04 4.617 4.309 4.068 3.864 3.554 3.466 3.449 3.448 3.443 3.643 3.449 3.618 3.474 3.468 3.463 3.451 3.451 3.450 3.447 3.443 3.443 3.439 3.443 3.519
0.00018264 -1.93000 10.11394 0.7307565212 2.3918452263    0.730  0.113  3.8026  4.351    1  0.000  0.533     0.00     0.00 -1 -6.02e-20      0.00 8.637e-01 1.361e-01 1.999e-05 5.475e-06 5.001e-05 -1.000 1.467e-04 4.487 4.183 3.948 3.747 3.443 3.358 3.341 3.341 3.335 3.531 3.341 3.505 3.365 3.360 3.355 3.344 3.343 3.342 3.340 3.336 3.335 3.331 3.335 3.409
0.00018264 -1.93000 10.11394 0.7386181355 2.3951895237    0.738  0.179  3.8058  4.303    1  0.000  0.531     0.00     0.00 -1 -2.51e-17      0.00 8.665e-01 1.334e-01 1.972e-05 5.415e-06 4.950e-05 -1.000 1.304e-04 4.324 4.023 3.794 3.597 3.299 3.217 3.202 3.201 3.196 3.386 3.201 3.359 3.223 3.219 3.214 3.204 3.203 3.202 3.200 3.196 3.196 3.192 3.196 3.266
0.00018264 -1.93000 10.11394 0.7459663749 2.3982424736    0.745  0.246  3.8083  4.250    1  0.000  0.529     0.00     0.00 -1 -8.68e-15      0.00 8.686e-01 1.313e-01 1.951e-05 5.370e-06 4.912e-05 -1.000 9.573e-05 4.155 3.858 3.633 3.439 3.146 3.066 3.052 3.051 3.046 3.232 3.051 3.205 3.072 3.068 3.064 3.054 3.053 3.052 3.050 3.046 3.046 3.042 3.046 3.114
0.00018264 -1.93000 10.11394 0.7500000000 2.3998889923    0.749  0.286  3.8094  4.216    1  0.000  0.529     0.00     0.00 -1 -2.17e-13      0.00 8.696e-01 1.303e-01 1.942e-05 5.351e-06 4.897e-05 -1.000 1.000e-04 4.054 3.758 3.535 3.343 3.052 2.974 2.959 2.958 2.953 3.138 2.959 3.111 2.980 2.976 2.971 2.961 2.961 2.960 2.957 2.954 2.953 2.949 2.953 3.020
0.00018264 -1.93000 10.11394 0.7527175546 2.4009869099    0.752  0.314  3.8102  4.193    1  0.000  0.529     0.00     0.00 -1 -2.37e-13      0.00 8.692e-01 1.307e-01 1.950e-05 5.376e-06 4.919e-05 -1.000 1.000e-04 3.986 3.690 3.469 3.278 2.989 2.911 2.897 2.896 2.891 3.074 2.896 3.047 2.917 2.913 2.908 2.899 2.898 2.897 2.895 2.891 2.891 2.887 2.891 2.957
0.00018264 -1.93000 10.11394 0.7567679286 2.4026064873    0.756  0.359  3.8108  4.153    1  0.000  0.529     0.00     0.00 -1 -2.75e-13      0.00 8.682e-01 1.317e-01 1.967e-05 5.422e-06 4.962e-05 -1.000 9.994e-05 3.874 3.579 3.358 3.168 2.881 2.803 2.789 2.788 2.783 2.965 2.789 2.938 2.809 2.805 2.801 2.791 2.791 2.790 2.787 2.784 2.783 2.779 2.783 2.849
0.00018264 -1.93000 10.11394 0.7583237290 2.4032232761    0.757  0.377  3.8107  4.135    1  0.000  0.529     0.00     0.00 -1 -2.94e-13      0.00 8.678e-01 1.321e-01 1.974e-05 5.441e-06 4.979e-05 -1.000 9.999e-05 3.827 3.531 3.311 3.120 2.833 2.755 2.741 2.740 2.735 2.917 2.741 2.890 2.761 2.757 2.753 2.743 2.743 2.742 2.739 2.736 2.735 2.731 2.735 2.802
0.00018264 -1.93000 10.11394 0.7625508904 2.4048845768    0.761  0.433  3.8091  4.075    1  0.000  0.529     0.00     0.00 -1 -3.54e-13      0.00 8.666e-01 1.333e-01 1.991e-05 5.490e-06 5.024e-05 -1.000 9.996e-05 3.688 3.389 3.166 2.974 2.684 2.605 2.591 2.589 2.584 2.769 2.590 2.742 2.611 2.607 2.603 2.593 2.592 2.591 2.588 2.585 2.584 2.580 2.584 2.652
0.00018264 -1.93000 10.11394 0.7655088305 2.4060344696    0.764  0.477  3.8065  4.022    1  0.000  0.529     0.00     0.00 -1 -4.17e-13      0.00 8.659e-01 1.340e-01 2.004e-05 5.524e-06 5.055e-05 -1.000 9.996e-05 3.577 3.273 3.047 2.851 2.556 2.475 2.460 2.459 2.453 2.642 2.459 2.615 2.482 2.477 2.473 2.463 2.461 2.460 2.458 2.454 2.453 2.449 2.453 2.524
0.00018264 -1.93000 10.11394 0.7661395669 2.4062783718    0.765  0.488  3.8057  4.009    1  0.000  0.529     0.00     0.00 -1 -4.36e-13      0.00 8.657e-01 1.342e-01 2.007e-05 5.532e-06 5.062e-05 -1.000 1.000e-04 3.551 3.246 3.018 2.821 2.525 2.443 2.429 2.427 2.421 2.611 2.428 2.585 2.451 2.445 2.441 2.431 2.430 2.429 2.426 2.422 2.421 2.417 2.421 2.493
0.00018264 -1.93000 10.11394 0.7667362094 2.4065086842    0.765  0.498  3.8046  3.994    1  0.000  0.529     0.00     0.00 -1 -4.54e-13      0.00 8.656e-01 1.343e-01 2.009e-05 5.538e-06 5.068e-05 -1.000 9.991e-05 3.524 3.218 2.988 2.789 2.492 2.409 2.394 2.392 2.386 2.578 2.393 2.552 2.416 2.410 2.406 2.396 2.395 2.394 2.391 2.387 2.386 2.382 2.386 2.459
0.00018264 -1.93000 10.11394 0.7687447071 2.4072806835    0.767  0.538  3.7996  3.936    2  0.000  0.528     0.00     0.00 -1 -5.28e-13      0.00 8.650e-01 1.349e-01 2.017e-05 5.562e-06 5.090e-05 -1.000 9.996e-05 3.426 3.112 2.874 2.669 2.362 2.275 2.259 2.257 2.251 2.450 2.258 2.425 2.284 2.277 2.273 2.262 2.260 2.259 2.256 2.252 2.251 2.247 2.251 2.328
0.00018264 -1.93000 10.11394 0.7702835202 2.4078691006    0.769  0.573  3.7934  3.877    2  0.000  0.528     0.00     0.00 -1 -6.13e-13      0.00 8.646e-01 1.353e-01 2.024e-05 5.579e-06 5.106e-05 -1.000 1.000e-04 3.338 3.014 2.766 2.554 2.235 2.143 2.125 2.123 2.117 2.325 2.124 2.301 2.153 2.144 2.140 2.128 2.126 2.125 2.122 2.117 2.117 2.112 2.116 2.199
0.00018264 -1.93000 10.11394 0.7714900374 2.4083287716    0.770  0.605  3.7862  3.816    2  0.000  0.529     0.00     0.00 -1 -7.07e-13      0.00 8.637e-01 1.361e-01 2.038e-05 5.618e-06 5.142e-05 -1.000 1.261e-04 3.257 2.923 2.663 2.441 2.109 2.010 1.990 1.988 1.981 2.201 1.989 2.179 2.022 2.011 2.007 1.994 1.991 1.990 1.987 1.982 1.981 1.976 1.980 2.071
0.00018264 -1.93000 10.11394 0.7724635005 2.4086983204    0.771  0.635  3.7784  3.756    2  0.000  0.529     0.00     0.00 -1 -8.11e-13      0.00 8.549e-01 1.450e-01 2.151e-05 5.925e-06 5.419e-05 -1.000 1.388e-04 3.183 2.839 2.566 2.334 1.987 1.880 1.859 1.856 1.849 2.081 1.857 2.061 1.894 1.882 1.877 1.863 1.859 1.858 1.855 1.849 1.849 1.844 1.848 1.947
0.00018264 -1.93000 10.11394 0.7732807398 2.4090075493    0.772  0.662  3.7708  3.698    2  0.000  0.531     0.00     0.00 -1 -9.22e-13      0.00 8.342e-01 1.657e-01 2.394e-05 6.582e-06 6.012e-05 -1.000 1.349e-04 3.115 2.761 2.475 2.232 1.872 1.757 1.734 1.730 1.723 1.968 1.732 1.950 1.774 1.759 1.753 1.739 1.734 1.732 1.729 1.723 1.723 1.718 1.722 1.829
0.00018264 -1.93000 10.11394 0.7740020156 2.4092800617    0.772  0.690  3.7634  3.641    2  0.000  0.533     0.00     0.00 -1 -1.05e-12      0.00 8.084e-01 1.915e-01 2.678e-05 7.343e-06 6.693e-05 -1.000 1.248e-04 3.044 2.681 2.384 2.131 1.757 1.635 1.609 1.605 1.597 1.855 1.607 1.838 1.654 1.637 1.630 1.614 1.609 1.607 1.603 1.598 1.597 1.592 1.596 1.712
0.00018264 -1.93000 10.11394 0.7746422291 2.4095213413    0.773  0.721  3.7568  3.584    2  0.000  0.535     0.00     0.00 -1 -1.21e-12      0.00 7.919e-01 2.080e-01 2.856e-05 7.822e-06 7.121e-05 -1.000 1.190e-04 2.966 2.596 2.287 2.025 1.638 1.510 1.482 1.476 1.468 1.738 1.480 1.724 1.531 1.513 1.505 1.488 1.482 1.479 1.475 1.469 1.468 1.463 1.467 1.592
0.00018264 -1.93000 10.11394 0.7752765417 2.4097602367    0.774  0.762  3.7508  3.520    2  0.000  0.536     0.00     0.00 -1 -1.42e-12      0.00 7.816e-01 2.182e-01 2.968e-05 8.120e-06 7.387e-05 -1.000 1.796e-04 2.866 2.489 2.170 1.900 1.502 1.367 1.338 1.332 1.324 1.603 1.336 1.591 1.391 1.371 1.362 1.344 1.338 1.334 1.331 1.325 1.324 1.319 1.323 1.455
0.00018264 -1.93000 10.11394 0.7757773399 2.4099483490    0.774  0.801  3.7469  3.466    2  0.000  0.536     0.00     0.00 -1 -1.65e-12      0.00 7.765e-01 2.233e-01 3.024e-05 8.270e-06 7.520e-05 -1.000 1.869e-04 2.769 2.388 2.062 1.786 1.381 1.242 1.212 1.204 1.196 1.483 1.209 1.472 1.267 1.246 1.237 1.218 1.211 1.207 1.203 1.197 1.196 1.191 1.195 1.332
0.00018264 -1.93000 10.11394 0.7761198282 2.4100766182    0.774  0.830  3.7446  3.427    2  0.000  0.536     0.00     0.00 -1 -1.86e-12      0.00 7.738e-01 2.260e-01 3.052e-05 8.347e-06 7.589e-05 -1.000 1.869e-04 2.694 2.311 1.981 1.701 1.292 1.151 1.120 1.112 1.104 1.395 1.117 1.385 1.177 1.155 1.145 1.126 1.119 1.115 1.111 1.105 1.104 1.099 1.103 1.243
0.00018264 -1.93000 10.11394 0.7764220834 2.4101901054    0.775  0.860  3.7429  3.391    3  0.000  0.536     0.00     0.00 -1 -2.07e-12      0.00 7.720e-01 2.279e-01 3.071e-05 8.397e-06 7.634e-05 -1.000 1.712e-04 2.620 2.235 1.902 1.621 1.209 1.065 1.034 1.026 1.018 1.311 1.030 1.301 1.092 1.069 1.060 1.040 1.033 1.029 1.025 1.019 1.018 1.013 1.017 1.159
0.00018264 -1.93000 10.11394 0.7768183947 2.4103384018    0.775  0.900  3.7409  3.342    3  0.000  0.537     0.00     0.00 -1  -2.4e-12      0.00 7.698e-01 2.301e-01 3.092e-05 8.453e-06 7.685e-05 -1.000 1.781e-04 2.519 2.131 1.795 1.510 1.095 0.949 0.917 0.909 0.901 1.198 0.914 1.189 0.977 0.954 0.944 0.924 0.916 0.912 0.908 0.902 0.901 0.896 0.900 1.044
0.00018264 -1.93000 10.11394 0.7772176862 2.4104876518    0.775  0.944  3.7390  3.292    3  0.000  0.537     0.00     0.00 -1 -2.81e-12      0.00 7.678e-01 2.321e-01 3.110e-05 8.501e-06 7.727e-05 -1.000 1.767e-04 2.410 2.021 1.681 1.394 0.974 0.827 0.795 0.787 0.778 1.078 0.791 1.069 0.855 0.831 0.821 0.802 0.793 0.789 0.786 0.779 0.778 0.773 0.777 0.923
0.00018264 -1.93000 10.11394 0.7776001692 2.4106307030    0.776  0.988  3.7374  3.241    3  0.000  0.537     0.00     0.00 -1 -3.29e-12      0.00 7.660e-01 2.338e-01 3.124e-05 8.538e-06 7.760e-05 -1.000 1.866e-04 2.299 1.908 1.565 1.276 0.853 0.705 0.672 0.663 0.655 0.957 0.668 0.949 0.733 0.709 0.699 0.679 0.670 0.666 0.662 0.656 0.655 0.650 0.653 0.802
0.00018264 -1.93000 10.11394 0.7780066729 2.4107823372    0.776  1.039  3.7357  3.184    3  0.000  0.537     0.00     0.00 -1 -3.95e-12      0.00 7.643e-01 2.355e-01 3.137e-05 8.573e-06 7.791e-05 -1.000 1.869e-04 2.173 1.780 1.435 1.143 0.717 0.566 0.533 0.524 0.516 0.821 0.529 0.814 0.595 0.570 0.560 0.540 0.531 0.527 0.523 0.516 0.515 0.511 0.514 0.664
0.00018264 -1.93000 10.11394 0.7783478498 2.4109094143    0.776  1.084  3.7342  3.133    3  0.000  0.537     0.00     0.00 -1 -4.65e-12      0.00 7.628e-01 2.370e-01 3.146e-05 8.599e-06 7.815e-05 -1.000 1.868e-04 2.060 1.666 1.318 1.023 0.594 0.442 0.409 0.400 0.391 0.699 0.405 0.692 0.472 0.446 0.436 0.416 0.407 0.403 0.399 0.392 0.391 0.387 0.390 0.541
0.00018264 -1.93000 10.11394 0.7786929607 2.4110379219    0.776  1.134  3.7327  3.077    3  0.000  0.537     0.00     0.00 -1 -5.55e-12      0.00 7.614e-01 2.384e-01 3.153e-05 8.623e-06 7.835e-05 -1.000 1.830e-04 1.936 1.541 1.190 0.894 0.461 0.308 0.274 0.265 0.256 0.567 0.270 0.560 0.337 0.312 0.301 0.281 0.272 0.268 0.264 0.257 0.256 0.252 0.255 0.408
0.00018264 -1.93000 10.11394 0.7790316343 2.4111638069    0.777  1.187  3.7311  3.018    3  0.000  0.537     0.00     0.00 -1 -6.71e-12      0.00 7.601e-01 2.397e-01 3.160e-05 8.645e-06 7.853e-05 -1.000 1.839e-04 1.803 1.408 1.054 0.755 0.319 0.164 0.130 0.121 0.112 0.425 0.126 0.419 0.194 0.168 0.157 0.138 0.128 0.124 0.120 0.113 0.112 0.108 0.111 0.265
0.00018264 -1.93000 10.11394 0.7793049812 2.4112653732    0.777  1.233  3.7297  2.966    3  0.000  0.536     0.00     0.00 -1 -7.94e-12      0.00 7.590e-01 2.408e-01 3.163e-05 8.663e-06 7.865e-05 -1.000 1.864e-04 1.687 1.289 0.933 0.632 0.193 0.036 0.002 -0.007 -0.016 0.300 -0.002 0.294 0.067 0.041 0.030 0.010 0.000 -0.004 -0.008 -0.015 -0.016 -0.020 -0.017 0.139
0.00018264 -1.93000 10.11394 0.7795686126 2.4113633633    0.777  1.282  3.7283  2.911    3  0.000  0.536     0.00     0.00 -1 -9.47e-12      0.00 7.580e-01 2.418e-01 3.164e-05 8.682e-06 7.876e-05 -1.000 1.869e-04 1.564 1.165 0.807 0.503 0.062 -0.097 -0.131 -0.140 -0.150 0.168 -0.136 0.163 -0.066 -0.093 -0.103 -0.123 -0.133 -0.137 -0.142 -0.149 -0.150 -0.154 -0.151 0.007
0.00018264 -1.93000 10.11394 0.7798055410 2.4114513397    0.777  1.330  3.7268  2.857    3  0.000  0.535     0.00     0.00 -1 -1.13e-11      0.00 7.572e-01 2.426e-01 3.164e-05 8.702e-06 7.884e-05 -1.000 1.833e-04 1.444 1.044 0.682 0.377 -0.067 -0.227 -0.262 -0.271 -0.281 0.040 -0.266 0.035 -0.196 -0.223 -0.234 -0.254 -0.264 -0.268 -0.273 -0.280 -0.281 -0.285 -0.282 -0.122
0.00018264 -1.93000 10.11394 0.7800201774 2.4115307331    0.777  1.378  3.7253  2.804    3  0.000  0.534     0.00     0.00 -1 -1.34e-11      0.00 7.565e-01 2.433e-01 3.162e-05 8.726e-06 7.891e-05 -1.000 1.670e-04 1.325 0.924 0.559 0.251 -0.196 -0.357 -0.392 -0.402 -0.411 -0.088 -0.397 -0.092 -0.325 -0.353 -0.364 -0.384 -0.395 -0.399 -0.403 -0.410 -0.411 -0.415 -0.412 -0.251
0.00018264 -1.93000 10.11394 0.7802122235 2.4116020203    0.777  1.425  3.7238  2.751    3  0.000  0.534     0.00     0.00 -1 -1.58e-11      0.00 7.559e-01 2.439e-01 3.160e-05 8.751e-06 7.896e-05 -1.000 1.760e-04 1.208 0.806 0.439 0.129 -0.321 -0.485 -0.520 -0.529 -0.539 -0.214 -0.524 -0.217 -0.452 -0.480 -0.491 -0.512 -0.522 -0.526 -0.531 -0.538 -0.539 -0.543 -0.540 -0.377
0.00018264 -1.93000 10.11394 0.7803939581 2.4116692543    0.777  1.473  3.7223  2.697    3  0.000  0.533     0.00     0.00 -1 -1.88e-11      0.00 7.554e-01 2.444e-01 3.158e-05 8.778e-06 7.900e-05 -1.000 1.869e-04 1.088 0.684 0.315 0.002 -0.451 -0.616 -0.651 -0.661 -0.671 -0.343 -0.656 -0.346 -0.583 -0.611 -0.623 -0.643 -0.654 -0.658 -0.663 -0.670 -0.671 -0.674 -0.671 -0.508
0.00018264 -1.93000 10.11394 0.7805553675 2.4117290974    0.777  1.520  3.7207  2.644    3  0.000  0.532     0.00     0.00 -1 -2.23e-11      0.00 7.550e-01 2.448e-01 3.155e-05 8.804e-06 7.904e-05 -1.000 1.869e-04 0.970 0.566 0.193 -0.122 -0.578 -0.745 -0.780 -0.791 -0.800 -0.470 -0.785 -0.472 -0.711 -0.740 -0.751 -0.772 -0.783 -0.788 -0.793 -0.800 -0.800 -0.803 -0.801 -0.635
0.00018264 -1.93000 10.11394 0.7806987762 2.4117820263    0.777  1.566  3.7192  2.592    3  0.000  0.532     0.00     0.00 -1 -2.62e-11      0.00 7.548e-01 2.450e-01 3.153e-05 8.823e-06 7.906e-05 -1.000 1.869e-04 0.856 0.451 0.075 -0.242 -0.702 -0.870 -0.906 -0.917 -0.925 -0.593 -0.911 -0.594 -0.836 -0.866 -0.877 -0.898 -0.909 -0.914 -0.919 -0.926 -0.926 -0.928 -0.926 -0.760
0.00018264 -1.93000 10.11394 0.7808287740 2.4118301868    0.777  1.611  3.7177  2.540    3  0.000  0.532     0.00     0.00 -1 -3.09e-11      0.00 7.547e-01 2.452e-01 3.152e-05 8.835e-06 7.907e-05 -1.000 1.820e-04 0.743 0.338 -0.041 -0.361 -0.824 -0.994 -1.030 -1.041 -1.049 -0.715 -1.035 -0.715 -0.959 -0.989 -1.001 -1.022 -1.033 -1.038 -1.043 -1.050 -1.050 -1.052 -1.050 -0.882
0.00018264 -1.93000 10.11394 0.7809505463 2.4118752480    0.777  1.657  3.7161  2.488    3  0.000  0.531     0.00     0.00 -1 -3.65e-11      0.00 7.546e-01 2.453e-01 3.151e-05 8.842e-06 7.907e-05 -1.000 1.869e-04 0.628 0.222 -0.161 -0.483 -0.949 -1.121 -1.157 -1.168 -1.177 -0.840 -1.162 -0.839 -1.086 -1.116 -1.128 -1.149 -1.160 -1.165 -1.170 -1.178 -1.178 -1.179 -1.177 -1.008
0.00018264 -1.93000 10.11394 0.7810581923 2.4119150639    0.777  1.701  3.7145  2.437    3  0.000  0.531     0.00     0.00 -1 -4.29e-11      0.00 7.545e-01 2.453e-01 3.150e-05 8.846e-06 7.908e-05 -1.000 1.869e-04 0.517 0.110 -0.276 -0.600 -1.070 -1.244 -1.280 -1.291 -1.300 -0.960 -1.285 -0.959 -1.208 -1.238 -1.250 -1.272 -1.283 -1.288 -1.293 -1.301 -1.301 -1.302 -1.300 -1.129
0.00018264 -1.93000 10.11394 0.7811575532 2.4119517803    0.777  1.746  3.7129  2.386    3  0.000  0.531     0.00     0.00 -1 -5.04e-11      0.00 7.545e-01 2.453e-01 3.150e-05 8.847e-06 7.908e-05 -1.000 1.870e-04 0.406 -0.003 -0.392 -0.718 -1.191 -1.367 -1.403 -1.415 -1.423 -1.081 -1.408 -1.080 -1.330 -1.361 -1.373 -1.395 -1.406 -1.412 -1.417 -1.425 -1.424 -1.425 -1.423 -1.251
0.00018264 -1.93000 10.11394 0.7812488079 2.4119853973    0.776  1.790  3.7113  2.335    3  0.000  0.531     0.00     0.00 -1 -5.92e-11      0.00 7.545e-01 2.453e-01 3.150e-05 8.847e-06 7.908e-05 -1.000 1.869e-04 0.294 -0.115 -0.507 -0.836 -1.312 -1.490 -1.527 -1.539 -1.547 -1.202 -1.532 -1.200 -1.453 -1.485 -1.496 -1.518 -1.530 -1.536 -1.541 -1.549 -1.548 -1.548 -1.547 -1.373
0.00018264 -1.93000 10.11394 0.7813298702 2.4120154381    0.776  1.833  3.7096  2.285    3  0.000  0.531     0.00     0.00 -1 -1.55e-14      0.00 7.545e-01 2.453e-01 3.150e-05 8.847e-06 7.908e-05 -1.000 1.869e-04 0.187 -0.224 -0.619 -0.950 -1.429 -1.609 -1.646 -1.658 -1.666 -1.319 -1.652 -1.316 -1.572 -1.604 -1.616 -1.637 -1.650 -1.655 -1.660 -1.668 -1.668 -1.667 -1.666 -1.490
0.00018264 -1.93000 10.11394 0.7814047933 2.4120430946    0.776  1.876  3.7080  2.236    3  0.000  0.531     0.00     0.00 -1  -1.3e-16      0.00 7.545e-01 2.453e-01 3.150e-05 8.848e-06 7.908e-05 -1.000 1.869e-04 0.080 -0.331 -0.729 -1.064 -1.546 -1.727 -1.765 -1.778 -1.785 -1.436 -1.771 -1.432 -1.690 -1.722 -1.734 -1.756 -1.769 -1.774 -1.780 -1.788 -1.787 -1.786 -1.785 -1.608
0.00018264 -1.93000 10.11394 0.7814767957 2.4120695591    0.776  1.920  3.7063  2.185    3  0.000  0.531     0.00     0.00 -1 -4.94e-17      0.00 7.545e-01 2.453e-01 3.150e-05 8.848e-06 7.909e-05 -1.000 1.868e-04 -0.031 -0.443 -0.844 -1.182 -1.667 -1.851 -1.889 -1.901 -1.909 -1.557 -1.895 -1.552 -1.812 -1.845 -1.857 -1.879 -1.893 -1.898 -1.903 -1.911 -1.911 -1.909 -1.908 -1.729
0.00018264 -1.93000 10.11394 0.7815384269 2.4120924473    0.776  1.961  3.7047  2.137    3  0.000  0.531     0.00     0.00 -1 -5.74e-17      0.00 7.545e-01 2.453e-01 3.150e-05 8.849e-06 7.909e-05 -1.000 1.869e-04 -0.134 -0.546 -0.951 -1.291 -1.780 -1.965 -2.004 -2.017 -2.024 -1.669 -2.010 -1.664 -1.926 -1.960 -1.972 -1.994 -2.008 -2.013 -2.019 -2.027 -2.026 -2.023 -2.023 -1.843
0.00018264 -1.93000 10.11394 0.7815954089 2.4121134281    0.775  2.002  3.7031  2.090    3  0.000  0.531     0.00     0.00 -1 -6.64e-17      0.00 7.545e-01 2.453e-01 3.150e-05 8.849e-06 7.909e-05 -1.000 1.869e-04 -0.236 -0.649 -1.057 -1.399 -1.892 -2.079 -2.118 -2.131 -2.138 -1.781 -2.124 -1.775 -2.040 -2.074 -2.086 -2.108 -2.122 -2.128 -2.133 -2.141 -2.140 -2.137 -2.137 -1.955
0.00018264 -1.93000 10.11394 0.7816498280 2.4121334553    0.775  2.044  3.7015  2.041    3  0.000  0.531     0.00     0.00 -1 -7.68e-17      0.00 7.545e-01 2.453e-01 3.150e-05 8.849e-06 7.909e-05 -1.000 1.869e-04 -0.341 -0.754 -1.166 -1.511 -2.007 -2.196 -2.235 -2.248 -2.255 -1.895 -2.241 -1.888 -2.156 -2.190 -2.203 -2.225 -2.239 -2.245 -2.250 -2.258 -2.257 -2.254 -2.254 -2.071
0.00018264 -1.93000 10.11394 0.7816973925 2.4121510983    0.775  2.083  3.6998  1.996    3  0.000  0.531     0.00     0.00 -1 -8.78e-17      0.00 7.545e-01 2.453e-01 3.150e-05 8.850e-06 7.909e-05 -1.000 1.869e-04 -0.437 -0.851 -1.266 -1.614 -2.114 -2.305 -2.344 -2.358 -2.364 -2.002 -2.350 -1.994 -2.264 -2.299 -2.312 -2.334 -2.348 -2.354 -2.360 -2.368 -2.366 -2.362 -2.363 -2.178
0.00018264 -1.93000 10.11394 0.7817418575 2.4121673107    0.775  2.121  3.6983  1.951    3  0.000  0.531     0.00     0.00 -1 -9.99e-17      0.00 7.545e-01 2.453e-01 3.150e-05 8.850e-06 7.909e-05 -1.000 1.869e-04 -0.532 -0.946 -1.364 -1.715 -2.218 -2.410 -2.450 -2.464 -2.470 -2.106 -2.456 -2.097 -2.369 -2.405 -2.418 -2.440 -2.454 -2.460 -2.466 -2.474 -2.473 -2.468 -2.468 -2.282
0.00018264 -1.93000 10.11394 0.7817881703 2.4121844769    0.774  2.157  3.6969  1.910    3  0.000  0.531     0.00     0.00 -1 -1.13e-16      0.00 7.545e-01 2.453e-01 3.150e-05 8.850e-06 7.909e-05 -1.000 1.869e-04 -0.622 -1.037 -1.458 -1.811 -2.317 -2.511 -2.551 -2.565 -2.571 -2.204 -2.557 -2.195 -2.469 -2.505 -2.518 -2.540 -2.555 -2.561 -2.567 -2.575 -2.573 -2.568 -2.569 -2.382
0.00018264 -1.93000 10.11394 0.7818395495 2.4122033119    0.774  2.186  3.6957  1.875    3  0.000  0.531     0.00     0.00 -1 -1.27e-16      0.00 7.545e-01 2.453e-01 3.150e-05 8.850e-06 7.909e-05 -1.000 1.869e-04 -0.695 -1.110 -1.534 -1.888 -2.397 -2.592 -2.633 -2.647 -2.652 -2.284 -2.639 -2.274 -2.550 -2.586 -2.600 -2.622 -2.637 -2.643 -2.649 -2.657 -2.655 -2.650 -2.651 -2.462
0.00018264 -1.93000 10.11394 0.7818657160 2.4122130871    0.774  2.179  3.6962  1.884    3  0.000  0.531     0.00     0.00 -1 -1.28e-16      0.00 7.545e-01 2.453e-01 3.150e-05 8.850e-06 7.909e-05 -1.000 1.869e-04 -0.678 -1.093 -1.515 -1.869 -2.377 -2.571 -2.612 -2.626 -2.631 -2.264 -2.618 -2.254 -2.529 -2.565 -2.579 -2.601 -2.616 -2.622 -2.628 -2.636 -2.634 -2.629 -2.630 -2.442
0.00018264 -1.93000 10.11394 0.7818719149 2.4122152328    0.774  2.185  3.6959  1.877    3  0.000  0.531     0.00     0.00 -1 -1.31e-16      0.00 7.545e-01 2.453e-01 3.150e-05 8.851e-06 7.909e-05 -1.000 1.869e-04 -0.694 -1.109 -1.532 -1.886 -2.394 -2.589 -2.630 -2.644 -2.649 -2.282 -2.636 -2.272 -2.547 -2.583 -2.597 -2.619 -2.634 -2.640 -2.646 -2.654 -2.652 -2.647 -2.648 -2.459
0.00018264 -1.93000 10.11394 0.7819064856 2.4122281075    0.773  2.227  3.6940  1.827    3  0.000  0.531     0.00     0.00 -1 -1.49e-16      0.00 7.545e-01 2.453e-01 3.150e-05 8.851e-06 7.909e-05 -1.000 1.869e-04 -0.798 -1.213 -1.640 -1.998 -2.510 -2.707 -2.748 -2.763 -2.767 -2.397 -2.754 -2.386 -2.664 -2.701 -2.715 -2.737 -2.752 -2.759 -2.765 -2.773 -2.771 -2.763 -2.765 -2.576
0.00018264 -1.93000 10.11394 0.7819412947 2.4122409821    0.773  2.272  3.6922  1.776    3  0.000  0.531     0.00     0.00 -1 -1.71e-16      0.00 7.545e-01 2.453e-01 3.150e-05 8.851e-06 7.909e-05 -1.000 1.869e-04 -0.909 -1.324 -1.755 -2.116 -2.632 -2.831 -2.872 -2.887 -2.891 -2.518 -2.879 -2.507 -2.787 -2.825 -2.838 -2.861 -2.877 -2.883 -2.889 -2.898 -2.895 -2.886 -2.888 -2.698
0.00018264 -1.93000 10.11394 0.7819709182 2.4122517109    0.772  2.312  3.6903  1.727    3  0.000  0.531     0.00     0.00 -1 -1.94e-16      0.00 7.545e-01 2.453e-01 3.150e-05 8.851e-06 7.909e-05 -1.000 1.869e-04 -1.010 -1.424 -1.860 -2.224 -2.744 -2.945 -2.987 -3.002 -3.006 -2.630 -2.994 -2.618 -2.901 -2.939 -2.953 -2.975 -2.992 -2.998 -3.005 -3.013 -3.010 -3.000 -3.002 -2.811
0.00018264 -1.93000 10.11394 0.7820000648 2.4122626781    0.772  2.354  3.6884  1.677    3  0.000  0.531     0.00     0.00 -1 -2.21e-16      0.00 7.545e-01 2.454e-01 3.150e-05 8.851e-06 7.909e-05 -1.000 1.869e-04 -1.115 -1.530 -1.970 -2.337 -2.861 -3.065 -3.107 -3.123 -3.126 -2.748 -3.114 -2.734 -3.020 -3.059 -3.073 -3.095 -3.112 -3.119 -3.125 -3.134 -3.130 -3.118 -3.121 -2.929
0.00018264 -1.93000 10.11394 0.7820271850 2.4122724533    0.771  2.397  3.6866  1.627    3  0.000  0.531     0.00     0.00 -1 -2.52e-16      0.00 7.545e-01 2.454e-01 3.150e-05 8.851e-06 7.909e-05 -1.000 1.869e-04 -1.221 -1.636 -2.079 -2.450 -2.978 -3.184 -3.227 -3.243 -3.245 -2.864 -3.234 -2.850 -3.139 -3.178 -3.192 -3.214 -3.232 -3.239 -3.245 -3.254 -3.250 -3.236 -3.240 -3.047
0.00018264 -1.93000 10.11394 0.7820509672 2.4122812748    0.771  2.436  3.6845  1.579    3  0.000  0.531     0.00     0.00 -1 -2.84e-16      0.00 7.545e-01 2.454e-01 3.150e-05 8.852e-06 7.910e-05 -1.000 1.869e-04 -1.321 -1.735 -2.183 -2.557 -3.090 -3.298 -3.341 -3.358 -3.360 -2.976 -3.349 -2.960 -3.252 -3.292 -3.306 -3.329 -3.347 -3.354 -3.360 -3.369 -3.364 -3.349 -3.353 -3.159
0.00018264 -1.93000 10.11394 0.7820745707 2.4122900963    0.770  2.479  3.6826  1.528    3  0.000  0.531     0.00     0.00 -1 -3.23e-16      0.00 7.545e-01 2.454e-01 3.150e-05 8.852e-06 7.910e-05 -1.000 1.869e-04 -1.427 -1.841 -2.293 -2.670 -3.208 -3.418 -3.461 -3.478 -3.480 -3.093 -3.469 -3.076 -3.371 -3.412 -3.426 -3.449 -3.467 -3.474 -3.481 -3.490 -3.485 -3.468 -3.472 -3.278
0.00018264 -1.93000 10.11394 0.7820954919 2.4122977257    0.770  2.519  3.6807  1.479    3  0.000  0.531     0.00     0.00 -1 -3.64e-16      0.00 7.545e-01 2.454e-01 3.150e-05 8.852e-06 7.910e-05 -1.000 1.869e-04 -1.529 -1.941 -2.398 -2.779 -3.321 -3.534 -3.577 -3.595 -3.595 -3.206 -3.585 -3.188 -3.486 -3.528 -3.542 -3.564 -3.584 -3.591 -3.598 -3.607 -3.601 -3.582 -3.587 -3.392
0.00018264 -1.93000 10.11394 0.7821149826 2.4123048782    0.769  2.560  3.6787  1.431    3  0.000  0.531     0.00     0.00 -1  -4.1e-16      0.00 7.545e-01 2.454e-01 3.150e-05 8.852e-06 7.910e-05 -1.000 1.869e-04 -1.630 -2.041 -2.503 -2.887 -3.434 -3.649 -3.693 -3.711 -3.710 -3.318 -3.701 -3.300 -3.601 -3.643 -3.658 -3.679 -3.700 -3.707 -3.714 -3.723 -3.717 -3.695 -3.701 -3.505
0.00018264 -1.93000 10.11394 0.7821335196 2.4123117924    0.768  2.601  3.6767  1.381    3  0.000  0.531     0.00     0.00 -1 -4.63e-16      0.00 7.544e-01 2.454e-01 3.150e-05 8.852e-06 7.910e-05 -1.000 1.869e-04 -1.733 -2.142 -2.610 -2.998 -3.549 -3.766 -3.810 -3.829 -3.827 -3.433 -3.819 -3.413 -3.717 -3.759 -3.775 -3.796 -3.818 -3.825 -3.832 -3.841 -3.835 -3.811 -3.817 -3.620
0.00018264 -1.93000 10.11394 0.7821535468 2.4123191833    0.767  2.649  3.6741  1.323    3  0.000  0.531     0.00     0.00 -1 -5.32e-16      0.00 7.544e-01 2.454e-01 3.150e-05 8.852e-06 7.910e-05 -1.000 1.869e-04 -1.852 -2.260 -2.734 -3.127 -3.683 -3.904 -3.949 -3.968 -3.965 -3.567 -3.958 -3.546 -3.854 -3.897 -3.913 -3.933 -3.957 -3.964 -3.971 -3.981 -3.973 -3.946 -3.953 -3.756
0.00018264 -1.93000 10.11394 0.7821696401 2.4123251438    0.766  2.690  3.6722  1.273    3  0.000  0.531     0.00     0.00 -1    -6e-16      0.00 7.544e-01 2.454e-01 3.150e-05 8.852e-06 7.910e-05 -1.000 1.869e-04 -1.956 -2.363 -2.842 -3.238 -3.799 -4.022 -4.067 -4.088 -4.083 -3.682 -4.076 -3.661 -3.971 -4.015 -4.031 -4.051 -4.076 -4.083 -4.090 -4.100 -4.092 -4.062 -4.070 -3.873
0.00018264 -1.93000 10.11394 0.7821862102 2.4123311043    0.765  2.737  3.6696  1.215    3  0.000  0.531     0.00     0.00 -1 -6.85e-16      0.00 7.544e-01 2.454e-01 3.150e-05 8.852e-06 7.910e-05 -1.000 1.869e-04 -2.071 -2.476 -2.962 -3.363 -3.930 -4.156 -4.202 -4.223 -4.217 -3.813 -4.211 -3.790 -4.104 -4.149 -4.165 -4.185 -4.211 -4.219 -4.225 -4.235 -4.227 -4.194 -4.202 -4.004
0.00018264 -1.93000 10.11394 0.7821999192 2.4123361111    0.764  2.778  3.6676  1.166    3  0.000  0.531     0.00     0.00 -1  -7.7e-16      0.00 7.544e-01 2.454e-01 3.150e-05 8.852e-06 7.910e-05 -1.000 1.869e-04 -2.174 -2.577 -3.069 -3.474 -4.045 -4.273 -4.319 -4.341 -4.334 -3.927 -4.329 -3.903 -4.220 -4.266 -4.283 -4.301 -4.329 -4.336 -4.343 -4.353 -4.345 -4.308 -4.318 -4.120
0.00018264 -1.93000 10.11394 0.7822138667 2.4123413563    0.763  2.822  3.6649  1.110    3  0.000  0.531     0.00     0.00 -1 -8.75e-16      0.00 7.544e-01 2.454e-01 3.150e-05 8.852e-06 7.910e-05 -1.000 1.869e-04 -2.286 -2.686 -3.185 -3.595 -4.173 -4.404 -4.451 -4.473 -4.465 -4.055 -4.461 -4.030 -4.350 -4.397 -4.414 -4.431 -4.461 -4.469 -4.476 -4.486 -4.476 -4.436 -4.446 -4.249
0.00018264 -1.93000 10.11394 0.7822254896 2.4123456478    0.761  2.863  3.6629  1.061    3  0.000  0.531     0.00     0.00 -1  -9.8e-16      0.00 7.544e-01 2.454e-01 3.150e-05 8.853e-06 7.910e-05 -1.000 1.869e-04 -2.386 -2.784 -3.288 -3.702 -4.285 -4.519 -4.565 -4.589 -4.579 -4.167 -4.575 -4.141 -4.464 -4.511 -4.529 -4.544 -4.576 -4.584 -4.592 -4.602 -4.592 -4.547 -4.559 -4.362
0.00018264 -1.93000 10.11394 0.7822375894 2.4123501778    0.760  2.907  3.6602  1.004    3  0.000  0.531     0.00     0.00 -1 -1.11e-15      0.00 7.544e-01 2.454e-01 3.150e-05 8.853e-06 7.910e-05 -1.000 1.869e-04 -2.499 -2.892 -3.405 -3.824 -4.413 -4.651 -4.697 -4.722 -4.711 -4.295 -4.708 -4.267 -4.594 -4.643 -4.660 -4.674 -4.709 -4.717 -4.725 -4.735 -4.724 -4.675 -4.688 -4.491
0.00018264 -1.93000 10.11394 0.7822499275 2.4123547077    0.758  2.957  3.6576  0.943    3  0.000  0.531     0.00     0.00 -1 -1.27e-15      0.00 7.544e-01 2.454e-01 3.150e-05 8.853e-06 7.910e-05 -1.000 1.869e-04 -2.622 -3.013 -3.533 -3.958 -4.553 -4.793 -4.839 -4.866 -4.853 -4.433 -4.851 -4.405 -4.735 -4.785 -4.803 -4.815 -4.853 -4.861 -4.869 -4.879 -4.867 -4.814 -4.828 -4.631
0.00018264 -1.93000 10.11394 0.7822599411 2.4123582840    0.756  3.000  3.6549  0.888    3  0.000  0.531     0.00     0.00 -1 -1.44e-15      0.00 7.544e-01 2.454e-01 3.150e-05 8.853e-06 7.910e-05 -1.000 1.869e-04 -2.730 -3.116 -3.645 -4.076 -4.677 -4.920 -4.967 -4.995 -4.980 -4.557 -4.979 -4.528 -4.861 -4.912 -4.931 -4.941 -4.982 -4.990 -4.998 -5.009 -4.996 -4.937 -4.953 -4.756
0.00018264 -1.93000 10.11394 0.7822685242 2.4123613834    0.754  3.039  3.6528  0.840    3  0.000  0.531     0.00     0.00 -1 -1.61e-15      0.00 7.544e-01 2.454e-01 3.150e-05 8.853e-06 7.910e-05 -1.000 1.869e-04 -2.828 -3.210 -3.746 -4.181 -4.788 -5.034 -5.080 -5.110 -5.093 -4.668 -5.093 -4.637 -4.974 -5.025 -5.044 -5.053 -5.096 -5.104 -5.112 -5.124 -5.110 -5.047 -5.064 -4.868
0.00018264 -1.93000 10.11394 0.7822774053 2.4123647213    0.752  3.082  3.6500  0.784    3  0.000  0.531     0.00     0.00 -1 -1.81e-15      0.00 7.544e-01 2.454e-01 3.150e-05 8.853e-06 7.910e-05 -1.000 1.869e-04 -2.936 -3.310 -3.856 -4.298 -4.912 -5.161 -5.208 -5.239 -5.221 -4.791 -5.221 -4.759 -5.099 -5.152 -5.172 -5.177 -5.225 -5.233 -5.242 -5.254 -5.239 -5.171 -5.190 -4.993
0.00018264 -1.93000 10.11394 0.7822864652 2.4123680592    0.749  3.130  3.6473  0.724    3  0.000  0.531     0.00     0.00 -1 -2.06e-15      0.00 7.544e-01 2.454e-01 3.150e-05 8.853e-06 7.910e-05 -1.000 1.869e-04 -3.054 -3.421 -3.977 -4.426 -5.046 -5.299 -5.345 -5.379 -5.359 -4.925 -5.360 -4.892 -5.236 -5.290 -5.310 -5.313 -5.364 -5.373 -5.381 -5.394 -5.379 -5.305 -5.325 -5.128
0.00018264 -1.93000 10.11394 0.7822940946 2.4123709202    0.747  3.172  3.6446  0.669    3  0.000  0.531     0.00     0.00 -1 -2.32e-15      0.00 7.544e-01 2.454e-01 3.150e-05 8.853e-06 7.910e-05 -1.000 1.869e-04 -3.160 -3.519 -4.085 -4.541 -5.168 -5.425 -5.471 -5.506 -5.484 -5.047 -5.486 -5.012 -5.360 -5.416 -5.437 -5.435 -5.491 -5.500 -5.509 -5.522 -5.506 -5.427 -5.448 -5.252
0.00018264 -1.93000 10.11394 0.7823017240 2.4123737812    0.743  3.217  3.6419  0.612    3  0.000  0.531     0.00     0.00 -1 -2.63e-15      0.00 7.544e-01 2.454e-01 3.150e-05 8.853e-06 7.910e-05 -1.000 1.869e-04 -3.273 -3.624 -4.200 -4.663 -5.297 -5.557 -5.603 -5.641 -5.616 -5.175 -5.619 -5.139 -5.491 -5.548 -5.569 -5.564 -5.625 -5.634 -5.643 -5.656 -5.640 -5.555 -5.577 -5.381
0.00018264 -1.93000 10.11394 0.7823088765 2.4123764038    0.740  3.260  3.6393  0.557    3  0.000  0.531     0.00     0.00 -1 -2.96e-15      0.00 7.544e-01 2.454e-01 3.150e-05 8.853e-06 7.910e-05 -1.000 1.869e-04 -3.380 -3.722 -4.308 -4.778 -5.419 -5.683 -5.728 -5.768 -5.742 -5.297 -5.745 -5.259 -5.615 -5.673 -5.695 -5.687 -5.752 -5.761 -5.770 -5.784 -5.767 -5.677 -5.700 -5.505
0.00018264 -1.93000 10.11394 0.7823108435 2.4123771191    0.739  3.271  3.6387  0.543    3  0.000  0.531     0.00     0.00 -1 -3.07e-15      0.00 7.544e-01 2.454e-01 3.150e-05 8.853e-06 7.910e-05 -1.000 1.869e-04 -3.407 -3.747 -4.335 -4.806 -5.449 -5.714 -5.759 -5.800 -5.773 -5.327 -5.776 -5.289 -5.646 -5.704 -5.726 -5.717 -5.784 -5.793 -5.802 -5.816 -5.799 -5.707 -5.731 -5.535
0.00018264 -1.93000 10.11394 0.7823108435 2.4123771191    0.720  1.658  3.9179  3.261    4  0.000  0.531     0.00     0.00 -1    -1e-30      0.00 7.544e-01 2.454e-01 3.151e-05 8.855e-06 7.910e-05 -1.000 1.868e-04 0.624 0.540 0.470 0.424 0.377 0.354 0.346 0.343 0.337 0.390 0.344 0.387 0.361 0.354 0.354 0.350 0.343 0.344 0.343 0.338 0.337 0.335 0.336 0.371
0.00018264 -1.93000 10.11394 0.7823123336 2.4123775959    0.720  1.668  3.9126  3.230    4  0.000  0.531     0.00     0.00 -1    -1e-30      0.00 7.544e-01 2.454e-01 3.151e-05 8.855e-06 7.910e-05 -1.000 1.868e-04 0.600 0.498 0.421 0.370 0.316 0.290 0.281 0.278 0.273 0.330 0.280 0.326 0.298 0.291 0.290 0.286 0.279 0.280 0.278 0.274 0.272 0.270 0.271 0.309
0.00018264 -1.93000 10.11394 0.7823640108 2.4123966694    0.720  1.681  3.9063  3.192    4  0.000  0.531     0.00     0.00 -1    -1e-30      0.00 7.544e-01 2.454e-01 3.151e-05 8.855e-06 7.910e-05 -1.000 1.869e-04 0.568 0.443 0.359 0.302 0.239 0.211 0.201 0.198 0.192 0.256 0.199 0.250 0.220 0.212 0.210 0.206 0.199 0.199 0.198 0.193 0.191 0.190 0.191 0.231
0.00018264 -1.93000 10.11394 0.7824169993 2.4124162197    0.721  1.682  3.9068  3.193    4  0.000  0.531     0.00     0.00 -1    -1e-30      0.00 7.544e-01 2.454e-01 3.151e-05 8.855e-06 7.910e-05 -1.000 1.868e-04 0.566 0.443 0.359 0.303 0.241 0.213 0.203 0.200 0.194 0.258 0.201 0.252 0.222 0.214 0.212 0.208 0.201 0.201 0.200 0.195 0.193 0.192 0.193 0.233
0.00018264 -1.93000 10.11394 0.7824717164 2.4124362469    0.721  1.681  3.9076  3.197    4  0.000  0.531     0.00     0.00 -1    -1e-30      0.00 7.544e-01 2.454e-01 3.151e-05 8.855e-06 7.910e-05 -1.000 1.868e-04 0.567 0.446 0.364 0.308 0.247 0.220 0.210 0.207 0.201 0.264 0.208 0.258 0.228 0.220 0.219 0.215 0.208 0.208 0.207 0.202 0.200 0.199 0.200 0.239
0.00018264 -1.93000 10.11394 0.7825266123 2.4124565125    0.721  1.681  3.9084  3.200    4  0.000  0.531     0.00     0.00 -1    -1e-30      0.00 7.544e-01 2.454e-01 3.151e-05 8.855e-06 7.910e-05 -1.000 1.868e-04 0.567 0.450 0.368 0.313 0.253 0.226 0.217 0.213 0.208 0.269 0.215 0.264 0.235 0.227 0.225 0.221 0.214 0.215 0.213 0.209 0.207 0.205 0.206 0.246
0.00018264 -1.93000 10.11394 0.7825816870 2.4124767780    0.721  1.681  3.9090  3.203    4  0.000  0.531     0.00     0.00 -1    -1e-30      0.00 7.544e-01 2.454e-01 3.151e-05 8.855e-06 7.910e-05 -1.000 1.868e-04 0.568 0.452 0.371 0.317 0.258 0.231 0.222 0.218 0.213 0.274 0.220 0.269 0.240 0.232 0.230 0.227 0.219 0.220 0.218 0.214 0.212 0.210 0.211 0.250
0.00018264 -1.93000 10.11394 0.7826326489 2.4124953747    0.721  1.681  3.9093  3.204    4  0.000  0.531     0.00     0.00 -1    -1e-30      0.00 7.544e-01 2.454e-01 3.151e-05 8.855e-06 7.910e-05 -1.000 1.868e-04 0.568 0.454 0.373 0.319 0.261 0.234 0.225 0.221 0.216 0.277 0.223 0.272 0.243 0.235 0.233 0.230 0.222 0.223 0.221 0.217 0.215 0.213 0.214 0.253
0.00018264 -1.93000 10.11394 0.7826389670 2.4124977589    0.721  1.681  3.9094  3.205    4  0.000  0.531     0.00     0.00 -1    -1e-30      0.00 7.544e-01 2.454e-01 3.151e-05 8.855e-06 7.910e-05 -1.000 1.868e-04 0.568 0.454 0.374 0.320 0.261 0.235 0.225 0.222 0.216 0.277 0.223 0.272 0.243 0.235 0.234 0.230 0.223 0.223 0.222 0.217 0.216 0.214 0.215 0.254
0.00018264 -1.93000 10.11394 0.7826861143 2.4125151634    0.721  1.681  3.9095  3.205    4  0.000  0.531     0.00     0.00 -1    -1e-30      0.00 7.544e-01 2.454e-01 3.151e-05 8.855e-06 7.910e-05 -1.000 1.868e-04 0.568 0.455 0.374 0.320 0.262 0.236 0.226 0.223 0.217 0.278 0.224 0.273 0.244 0.236 0.235 0.231 0.224 0.224 0.223 0.218 0.217 0.215 0.216 0.255
0.00018264 -1.93000 10.11394 0.7827371359 2.4125339985    0.721  1.681  3.9093  3.204    4  0.000  0.531     0.00     0.00 -1    -1e-30      0.00 7.544e-01 2.454e-01 3.151e-05 8.855e-06 7.910e-05 -1.000 1.869e-04 0.568 0.454 0.373 0.319 0.261 0.234 0.225 0.221 0.216 0.277 0.223 0.272 0.242 0.235 0.233 0.229 0.222 0.223 0.221 0.217 0.215 0.213 0.214 0.253
0.00018264 -1.93000 10.11394 0.7827841043 2.4125511646    0.721  1.681  3.9087  3.201    4  0.000  0.531     0.00     0.00 -1    -1e-30      0.00 7.544e-01 2.454e-01 3.151e-05 8.855e-06 7.910e-05 -1.000 1.868e-04 0.567 0.450 0.369 0.314 0.255 0.228 0.218 0.215 0.209 0.271 0.216 0.266 0.236 0.228 0.227 0.223 0.216 0.216 0.215 0.210 0.209 0.207 0.208 0.247
0.00018264 -1.93000 10.11394 0.7828317285 2.4125685692    0.721  1.682  3.9078  3.197    4  0.000  0.531     0.00     0.00 -1    -1e-30      0.00 7.544e-01 2.454e-01 3.151e-05 8.855e-06 7.910e-05 -1.000 1.869e-04 0.565 0.445 0.363 0.307 0.246 0.219 0.210 0.206 0.200 0.263 0.208 0.258 0.228 0.220 0.218 0.214 0.207 0.208 0.206 0.201 0.200 0.198 0.199 0.239
0.00018264 -1.93000 10.11394 0.7828816772 2.4125869274    0.721  1.683  3.9064  3.190    4  0.000  0.531     0.00     0.00 -1    -1e-30      0.00 7.544e-01 2.454e-01 3.151e-05 8.855e-06 7.910e-05 -1.000 1.868e-04 0.562 0.438 0.354 0.297 0.234 0.206 0.197 0.193 0.187 0.251 0.195 0.246 0.215 0.207 0.205 0.201 0.194 0.195 0.193 0.188 0.187 0.185 0.186 0.226
0.00018264 -1.93000 10.11394 0.7829336524 2.4126062393    0.721  1.684  3.9042  3.180    4  0.000  0.531     0.00     0.00 -1    -1e-30      0.00 7.544e-01 2.454e-01 3.151e-05 8.855e-06 7.910e-05 -1.000 1.868e-04 0.559 0.427 0.341 0.281 0.215 0.187 0.177 0.173 0.168 0.234 0.175 0.228 0.196 0.188 0.186 0.182 0.174 0.175 0.173 0.169 0.167 0.165 0.166 0.207
0.00018264 -1.93000 10.11394 0.7829821110 2.4126238823    0.721  1.686  3.9016  3.168    4  0.000  0.531     0.00     0.00 -1    -1e-30      0.00 7.544e-01 2.454e-01 3.151e-05 8.855e-06 7.910e-05 -1.000 1.868e-04 0.554 0.415 0.325 0.263 0.192 0.163 0.152 0.149 0.143 0.212 0.151 0.205 0.172 0.164 0.162 0.157 0.150 0.151 0.149 0.144 0.143 0.141 0.142 0.184
0.00018264 -1.93000 10.11394 0.7830294967 2.4126412868    0.721  1.688  3.8985  3.154    4  0.000  0.531     0.00     0.00 -1    -1e-30      0.00 7.544e-01 2.454e-01 3.151e-05 8.855e-06 7.910e-05 -1.000 1.868e-04 0.549 0.399 0.307 0.240 0.165 0.134 0.124 0.121 0.115 0.186 0.122 0.179 0.143 0.135 0.133 0.129 0.121 0.122 0.121 0.115 0.114 0.112 0.113 0.156
0.00018264 -1.93000 10.11394 0.7830793262 2.4126596451    0.721  1.691  3.8945  3.135    4  0.000  0.531     0.00     0.00 -1    -1e-30      0.00 7.544e-01 2.454e-01 3.151e-05 8.855e-06 7.910e-05 -1.000 1.868e-04 0.543 0.380 0.283 0.212 0.130 0.098 0.087 0.084 0.078 0.153 0.086 0.145 0.107 0.099 0.097 0.092 0.085 0.085 0.084 0.078 0.077 0.075 0.076 0.121
0.00018264 -1.93000 10.11394 0.7831263542 2.4126770496    0.721  1.694  3.8902  3.115    4  0.000  0.531     0.00     0.00 -1    -1e-30      0.00 7.544e-01 2.454e-01 3.151e-05 8.855e-06 7.910e-05 -1.000 1.868e-04 0.535 0.360 0.257 0.181 0.092 0.058 0.046 0.044 0.037 0.117 0.045 0.108 0.067 0.059 0.056 0.052 0.044 0.045 0.044 0.038 0.037 0.035 0.036 0.082
0.00018264 -1.93000 10.11394 0.7831736207 2.4126942158    0.721  1.697  3.8854  3.093    4  0.000  0.531     0.00     0.00 -1    -1e-30      0.00 7.544e-01 2.454e-01 3.151e-05 8.855e-06 7.910e-05 -1.000 1.868e-04 0.527 0.338 0.230 0.148 0.050 0.014 0.002 -0.001 -0.007 0.078 0.001 0.068 0.024 0.015 0.013 0.008 0.000 0.000 -0.001 -0.006 -0.007 -0.009 -0.008 0.039
0.00018264 -1.93000 10.11394 0.7832223177 2.4127120972    0.721  1.701  3.8797  3.066    4  0.000  0.531     0.00     0.00 -1    -1e-30      0.00 7.544e-01 2.454e-01 3.151e-05 8.855e-06 7.910e-05 -1.000 1.869e-04 0.518 0.313 0.198 0.107 -0.000 -0.039 -0.051 -0.054 -0.061 0.031 -0.052 0.019 -0.029 -0.038 -0.040 -0.045 -0.053 -0.053 -0.054 -0.060 -0.061 -0.063 -0.062 -0.013
0.00018264 -1.93000 10.11394 0.7832722068 2.4127304554    0.721  1.705  3.8733  3.036    4  0.000  0.531     0.00     0.00 -1    -1e-30      0.00 7.544e-01 2.454e-01 3.151e-05 8.855e-06 7.910e-05 -1.000 1.868e-04 0.507 0.286 0.163 0.065 -0.056 -0.098 -0.110 -0.113 -0.119 -0.020 -0.111 -0.034 -0.087 -0.097 -0.099 -0.104 -0.112 -0.111 -0.113 -0.118 -0.119 -0.122 -0.121 -0.070
0.00018264 -1.93000 10.11394 0.7833186984 2.4127476215    0.722  1.710  3.8667  3.005    4  0.000  0.531     0.00     0.00 -1    -1e-30      0.00 7.544e-01 2.454e-01 3.151e-05 8.855e-06 7.910e-05 -1.000 1.868e-04 0.496 0.259 0.128 0.020 -0.114 -0.159 -0.171 -0.175 -0.181 -0.074 -0.173 -0.090 -0.148 -0.158 -0.160 -0.166 -0.173 -0.173 -0.175 -0.180 -0.181 -0.184 -0.183 -0.129
0.00018264 -1.93000 10.11394 0.7833231091 2.4127492905    0.722  1.710  3.8660  3.002    4  0.000  0.531     0.00     0.00 -1    -1e-30      0.00 7.544e-01 2.454e-01 3.151e-05 8.855e-06 7.910e-05 -1.000 1.868e-04 0.495 0.256 0.124 0.016 -0.120 -0.165 -0.177 -0.181 -0.187 -0.079 -0.179 -0.095 -0.154 -0.164 -0.166 -0.172 -0.179 -0.179 -0.181 -0.186 -0.187 -0.190 -0.189 -0.134
0.00018264 -1.93000 10.11394 0.7833312750 2.4127521515    0.722  1.711  3.8648  2.997    4  0.000  0.531     0.00     0.00 -1    -1e-30      0.00 7.544e-01 2.454e-01 3.151e-05 8.855e-06 7.910e-05 -1.000 1.868e-04 0.493 0.251 0.118 0.008 -0.130 -0.176 -0.188 -0.192 -0.198 -0.089 -0.190 -0.105 -0.165 -0.175 -0.177 -0.183 -0.190 -0.190 -0.192 -0.197 -0.198 -0.201 -0.200 -0.145
0.00018264 -1.93000 10.11394 0.7833792567 2.4127697945    0.722  1.716  3.8577  2.964    4  0.000  0.531     0.00     0.00 -1    -1e-30      0.00 7.544e-01 2.454e-01 3.151e-05 8.855e-06 7.910e-05 -1.000 1.868e-04 0.481 0.225 0.082 -0.038 -0.191 -0.241 -0.253 -0.257 -0.263 -0.145 -0.255 -0.163 -0.229 -0.240 -0.242 -0.248 -0.255 -0.255 -0.257 -0.262 -0.263 -0.266 -0.265 -0.208
0.00018264 -1.93000 10.11394 0.7834259868 2.4127869606    0.722  1.721  3.8506  2.930    4  0.000  0.531     0.00     0.00 -1    -1e-30      0.00 7.544e-01 2.454e-01 3.151e-05 8.855e-06 7.910e-05 -1.000 1.868e-04 0.469 0.199 0.045 -0.084 -0.253 -0.306 -0.319 -0.323 -0.330 -0.202 -0.321 -0.222 -0.295 -0.305 -0.308 -0.315 -0.321 -0.322 -0.324 -0.329 -0.329 -0.333 -0.331 -0.272
0.00018264 -1.93000 10.11394 0.7834759951 2.4128053188    0.722  1.726  3.8423  2.891    4  0.000  0.531     0.00     0.00 -1    -1e-30      0.00 7.544e-01 2.454e-01 3.151e-05 8.855e-06 7.910e-05 -1.000 1.868e-04 0.455 0.170 0.004 -0.136 -0.323 -0.382 -0.396 -0.399 -0.406 -0.268 -0.398 -0.289 -0.370 -0.380 -0.383 -0.391 -0.397 -0.398 -0.400 -0.405 -0.405 -0.410 -0.407 -0.344
0.00018264 -1.93000 10.11394 0.7835236192 2.4128227234    0.722  1.732  3.8337  2.851    4  0.000  0.531     0.00     0.00 -1    -1e-30      0.00 7.544e-01 2.454e-01 3.151e-05 8.855e-06 7.910e-05 -1.000 1.869e-04 0.440 0.141 -0.038 -0.189 -0.396 -0.460 -0.474 -0.478 -0.485 -0.335 -0.476 -0.357 -0.447 -0.458 -0.461 -0.469 -0.475 -0.476 -0.479 -0.484 -0.484 -0.489 -0.486 -0.419
0.00018264 -1.93000 10.11394 0.7835692763 2.4128394127    0.722  1.737  3.8262  2.816    4  0.000  0.531     0.00     0.00 -1    -1e-30      0.00 7.544e-01 2.454e-01 3.151e-05 8.855e-06 7.910e-05 -1.000 1.869e-04 0.426 0.116 -0.074 -0.236 -0.460 -0.529 -0.544 -0.548 -0.555 -0.395 -0.546 -0.417 -0.516 -0.528 -0.531 -0.539 -0.545 -0.546 -0.549 -0.554 -0.554 -0.559 -0.556 -0.484
0.00018264 -1.93000 10.11394 0.7836163640 2.4128568172    0.722  1.744  3.8176  2.775    4  0.000  0.531     0.00     0.00 -1    -1e-30      0.00 7.544e-01 2.454e-01 3.151e-05 8.855e-06 7.910e-05 -1.000 1.868e-04 0.411 0.088 -0.116 -0.290 -0.533 -0.608 -0.624 -0.628 -0.635 -0.463 -0.626 -0.486 -0.595 -0.607 -0.610 -0.619 -0.625 -0.626 -0.629 -0.633 -0.634 -0.639 -0.636 -0.560
0.00018264 -1.93000 10.11394 0.7836626172 2.4128737450    0.722  1.750  3.8093  2.736    4  0.000  0.531     0.00     0.00 -1    -1e-30      0.00 7.544e-01 2.454e-01 3.151e-05 8.855e-06 7.910e-05 -1.000 1.868e-04 0.396 0.061 -0.156 -0.341 -0.603 -0.684 -0.701 -0.705 -0.712 -0.529 -0.703 -0.552 -0.670 -0.683 -0.686 -0.696 -0.702 -0.703 -0.706 -0.711 -0.712 -0.717 -0.713 -0.632
0.00018264 -1.93000 10.11394 0.7837093472 2.4128909111    0.722  1.756  3.8016  2.699    4  0.000  0.531     0.00     0.00 -1    -1e-30      0.00 7.544e-01 2.454e-01 3.151e-05 8.855e-06 7.910e-05 -1.000 1.868e-04 0.380 0.036 -0.194 -0.389 -0.669 -0.755 -0.773 -0.778 -0.785 -0.590 -0.776 -0.613 -0.741 -0.754 -0.758 -0.768 -0.774 -0.776 -0.779 -0.784 -0.785 -0.790 -0.786 -0.700
0.00018264 -1.93000 10.11394 0.7837561369 2.4129080772    0.722  1.763  3.7943  2.663    4  0.000  0.531     0.00     0.00 -1    -1e-30      0.00 7.544e-01 2.454e-01 3.151e-05 8.855e-06 7.910e-05 -1.000 1.868e-04 0.363 0.010 -0.231 -0.437 -0.733 -0.825 -0.844 -0.849 -0.856 -0.650 -0.847 -0.673 -0.810 -0.824 -0.828 -0.839 -0.845 -0.847 -0.850 -0.855 -0.856 -0.861 -0.857 -0.766
0.00018264 -1.93000 10.11394 0.7838032246 2.4129252434    0.722  1.771  3.7867  2.624    4  0.000  0.531     0.00     0.00 -1    -1e-30      0.00 7.544e-01 2.454e-01 3.151e-05 8.855e-06 7.910e-05 -1.000 1.869e-04 0.342 -0.019 -0.273 -0.490 -0.803 -0.902 -0.922 -0.927 -0.934 -0.717 -0.925 -0.739 -0.885 -0.901 -0.905 -0.916 -0.923 -0.925 -0.928 -0.933 -0.934 -0.940 -0.936 -0.839
0.00018264 -1.93000 10.11394 0.7838126421 2.4129288197    0.722  1.772  3.7854  2.618    4  0.000  0.531     0.00     0.00 -1    -1e-30      0.00 7.544e-01 2.454e-01 3.151e-05 8.855e-06 7.910e-05 -1.000 1.868e-04 0.339 -0.024 -0.280 -0.498 -0.814 -0.914 -0.934 -0.940 -0.947 -0.728 -0.937 -0.749 -0.898 -0.913 -0.917 -0.929 -0.935 -0.938 -0.941 -0.946 -0.947 -0.952 -0.948 -0.850
0.00018264 -1.93000 10.11394 0.7838609815 2.4129464626    0.722  1.783  3.7780  2.577    4  0.000  0.531     0.00     0.00 -1    -1e-30      0.00 7.544e-01 2.454e-01 3.151e-05 8.855e-06 7.910e-05 -1.000 1.869e-04 0.312 -0.058 -0.327 -0.556 -0.889 -0.995 -1.016 -1.022 -1.029 -0.799 -1.019 -0.820 -0.977 -0.994 -0.998 -1.010 -1.017 -1.020 -1.023 -1.028 -1.029 -1.035 -1.031 -0.927
0.00018264 -1.93000 10.11394 0.7839086056 2.4129638672    0.722  1.799  3.7699  2.529    4  0.000  0.531     0.00     0.00 -1    -1e-30      0.00 7.544e-01 2.454e-01 3.151e-05 8.855e-06 7.910e-05 -1.000 1.869e-04 0.271 -0.106 -0.390 -0.630 -0.980 -1.094 -1.116 -1.123 -1.131 -0.887 -1.119 -0.906 -1.075 -1.093 -1.098 -1.111 -1.118 -1.121 -1.124 -1.130 -1.131 -1.137 -1.133 -1.021
0.00018264 -1.93000 10.11394 0.7839486599 2.4129786491    0.722  1.827  3.7601  2.463    4  0.000  0.531     0.00     0.00 -1    -1e-30      0.00 7.544e-01 2.454e-01 3.151e-05 8.855e-06 7.910e-05 -1.000 1.868e-04 0.203 -0.183 -0.483 -0.739 -1.110 -1.233 -1.257 -1.264 -1.273 -1.013 -1.260 -1.029 -1.212 -1.231 -1.237 -1.251 -1.259 -1.262 -1.266 -1.272 -1.273 -1.279 -1.275 -1.154
0.00018264 -1.93000 10.11394 0.7839704156 2.4129865170    0.722  1.859  3.7507  2.392    4  0.000  0.531     0.00     0.00 -1    -1e-30      0.00 7.544e-01 2.454e-01 3.151e-05 8.855e-06 7.910e-05 -1.000 1.868e-04 0.121 -0.274 -0.590 -0.859 -1.250 -1.383 -1.409 -1.417 -1.426 -1.151 -1.412 -1.164 -1.359 -1.381 -1.387 -1.402 -1.411 -1.415 -1.418 -1.425 -1.426 -1.432 -1.428 -1.297
0.00018264 -1.93000 10.11394 0.7839801908 2.4129900932    0.722  1.895  3.7424  2.324    4  0.000  0.531     0.00     0.00 -1    -1e-30      0.00 7.544e-01 2.454e-01 3.151e-05 8.855e-06 7.910e-05 -1.000 1.868e-04 0.033 -0.368 -0.699 -0.980 -1.389 -1.531 -1.559 -1.567 -1.577 -1.287 -1.562 -1.298 -1.505 -1.528 -1.535 -1.552 -1.561 -1.565 -1.569 -1.576 -1.577 -1.582 -1.579 -1.439
0.00018264 -1.93000 10.11394 0.7839846015 2.4129917622    0.722  1.932  3.7351  2.257    4  0.000  0.531     0.00     0.00 -1    -1e-30      0.00 7.544e-01 2.454e-01 3.151e-05 8.855e-06 7.910e-05 -1.000 1.868e-04 -0.060 -0.467 -0.811 -1.104 -1.528 -1.677 -1.706 -1.716 -1.725 -1.423 -1.711 -1.432 -1.649 -1.674 -1.681 -1.699 -1.709 -1.713 -1.717 -1.724 -1.725 -1.731 -1.727 -1.580
0.00018264 -1.93000 10.11394 0.7839866877 2.4129924774    0.722  1.969  3.7295  2.198    4  0.000  0.531     0.00     0.00 -1    -1e-30      0.00 7.544e-01 2.454e-01 3.151e-05 8.855e-06 7.910e-05 -1.000 1.868e-04 -0.152 -0.561 -0.917 -1.218 -1.654 -1.809 -1.840 -1.850 -1.860 -1.548 -1.844 -1.554 -1.779 -1.805 -1.814 -1.833 -1.842 -1.847 -1.851 -1.859 -1.860 -1.865 -1.861 -1.708
0.00018264 -1.93000 10.11394 0.7839875221 2.4129929543    0.722  1.992  3.7264  2.162    7  0.000  0.531     0.00     0.00 -1    -1e-30      0.00 7.544e-01 2.454e-01 3.151e-05 8.855e-06 7.910e-05 -1.000 1.868e-04 -0.210 -0.622 -0.983 -1.288 -1.730 -1.889 -1.921 -1.931 -1.941 -1.624 -1.926 -1.629 -1.859 -1.886 -1.894 -1.914 -1.924 -1.928 -1.933 -1.940 -1.941 -1.946 -1.943 -1.786
0.00018264 -1.93000 10.11394 0.7839877605 2.4129929543    0.722  2.003  3.7253  2.147    7  0.000  0.531     0.00     0.00 -1    -1e-30      0.00 7.544e-01 2.454e-01 3.151e-05 8.855e-06 7.910e-05 -1.000 1.869e-04 -0.237 -0.649 -1.012 -1.319 -1.764 -1.924 -1.956 -1.966 -1.976 -1.657 -1.961 -1.661 -1.893 -1.920 -1.929 -1.949 -1.959 -1.963 -1.968 -1.975 -1.976 -1.981 -1.978 -1.819
0.00018264 -1.93000 10.11394 0.7839886546 2.4129931927    0.722  2.044  3.7212  2.089    7  0.000  0.531     0.00     0.00 -1    -1e-30      0.00 7.544e-01 2.454e-01 3.151e-05 8.855e-06 7.910e-05 -1.000 1.869e-04 -0.340 -0.754 -1.125 -1.439 -1.892 -2.057 -2.090 -2.101 -2.110 -1.784 -2.095 -1.787 -2.024 -2.053 -2.062 -2.082 -2.093 -2.098 -2.102 -2.110 -2.111 -2.115 -2.112 -1.949
0.00018264 -1.93000 10.11394 0.7839895487 2.4129936695    0.722  2.084  3.7177  2.035    7  0.000  0.531     0.00     0.00 -1    -1e-30      0.00 7.544e-01 2.454e-01 3.151e-05 8.855e-06 7.910e-05 -1.000 1.868e-04 -0.441 -0.856 -1.234 -1.553 -2.013 -2.182 -2.216 -2.227 -2.237 -1.905 -2.222 -1.906 -2.149 -2.179 -2.188 -2.208 -2.219 -2.224 -2.229 -2.237 -2.237 -2.240 -2.238 -2.072
0.00018264 -1.93000 10.11394 0.7839903831 2.4129939079    0.722  2.124  3.7146  1.984    7  0.000  0.531     0.00     0.00 -1    -1e-30      0.00 7.544e-01 2.454e-01 3.151e-05 8.855e-06 7.910e-05 -1.000 1.868e-04 -0.539 -0.955 -1.340 -1.663 -2.130 -2.302 -2.337 -2.349 -2.358 -2.021 -2.343 -2.021 -2.268 -2.299 -2.308 -2.329 -2.341 -2.346 -2.350 -2.358 -2.359 -2.361 -2.359 -2.189
0.00018264 -1.93000 10.11394 0.7839912176 2.4129941463    0.722  2.161  3.7119  1.936    7  0.000  0.531     0.00     0.00 -1    -1e-30      0.00 7.544e-01 2.454e-01 3.151e-05 8.855e-06 7.910e-05 -1.000 1.868e-04 -0.631 -1.048 -1.438 -1.766 -2.238 -2.414 -2.449 -2.461 -2.470 -2.129 -2.455 -2.128 -2.379 -2.410 -2.420 -2.441 -2.453 -2.458 -2.463 -2.471 -2.471 -2.472 -2.471 -2.299
0.00018264 -1.93000 10.11394 0.7839925885 2.4129946232    0.722  2.188  3.7101  1.901    7  0.000  0.531     0.00     0.00 -1    -1e-30      0.00 7.544e-01 2.454e-01 3.151e-05 8.855e-06 7.910e-05 -1.000 1.868e-04 -0.700 -1.117 -1.511 -1.842 -2.318 -2.495 -2.531 -2.543 -2.552 -2.208 -2.537 -2.206 -2.459 -2.491 -2.501 -2.522 -2.535 -2.540 -2.545 -2.553 -2.553 -2.554 -2.553 -2.379
0.00018264 -1.93000 10.11394 0.7839952111 2.4129955769    0.722  2.159  3.7124  1.939    7  0.000  0.531     0.00     0.00 -1    -1e-30      0.00 7.544e-01 2.454e-01 3.151e-05 8.855e-06 7.910e-05 -1.000 1.869e-04 -0.628 -1.045 -1.434 -1.761 -2.232 -2.407 -2.443 -2.455 -2.464 -2.123 -2.448 -2.122 -2.372 -2.403 -2.413 -2.434 -2.446 -2.452 -2.456 -2.464 -2.465 -2.466 -2.464 -2.293
0.00018264 -1.93000 10.11394 0.7840114832 2.4130015373    0.722  2.141  3.7133  1.960    7  0.000  0.531     0.00     0.00 -1    -1e-30      0.00 7.544e-01 2.454e-01 3.151e-05 8.855e-06 7.910e-05 -1.000 1.868e-04 -0.583 -1.000 -1.387 -1.713 -2.183 -2.356 -2.392 -2.403 -2.413 -2.073 -2.397 -2.073 -2.322 -2.353 -2.362 -2.383 -2.395 -2.400 -2.405 -2.413 -2.413 -2.415 -2.413 -2.242
0.00018264 -1.93000 10.11394 0.7840268612 2.4130072594    0.722  2.165  3.7112  1.928    7  0.000  0.531     0.00     0.00 -1    -1e-30      0.00 7.544e-01 2.454e-01 3.151e-05 8.855e-06 7.910e-05 -1.000 1.868e-04 -0.643 -1.061 -1.452 -1.781 -2.255 -2.431 -2.467 -2.479 -2.488 -2.145 -2.473 -2.144 -2.396 -2.427 -2.437 -2.458 -2.471 -2.476 -2.481 -2.489 -2.489 -2.490 -2.489 -2.315
0.00018264 -1.93000 10.11394 0.7840454578 2.4130141735    0.722  2.212  3.7078  1.868    7  0.000  0.531     0.00     0.00 -1    -1e-30      0.00 7.544e-01 2.454e-01 3.151e-05 8.855e-06 7.910e-05 -1.000 1.868e-04 -0.760 -1.178 -1.577 -1.911 -2.392 -2.572 -2.609 -2.621 -2.630 -2.282 -2.615 -2.278 -2.535 -2.567 -2.578 -2.599 -2.613 -2.618 -2.623 -2.631 -2.631 -2.631 -2.630 -2.453
0.00018264 -1.93000 10.11394 0.7840632200 2.4130206108    0.722  2.253  3.7051  1.816    7  0.000  0.531     0.00     0.00 -1    -1e-30      0.00 7.544e-01 2.454e-01 3.151e-05 8.855e-06 7.910e-05 -1.000 1.868e-04 -0.863 -1.282 -1.686 -2.025 -2.512 -2.695 -2.733 -2.746 -2.753 -2.401 -2.739 -2.397 -2.657 -2.690 -2.702 -2.723 -2.737 -2.742 -2.748 -2.756 -2.755 -2.754 -2.753 -2.574
0.00018264 -1.93000 10.11394 0.7840796113 2.4130265713    0.722  2.294  3.7024  1.764    7  0.000  0.531     0.00     0.00 -1    -1e-30      0.00 7.544e-01 2.454e-01 3.151e-05 8.855e-06 7.910e-05 -1.000 1.868e-04 -0.966 -1.385 -1.795 -2.138 -2.630 -2.817 -2.855 -2.868 -2.876 -2.519 -2.861 -2.513 -2.778 -2.812 -2.823 -2.845 -2.859 -2.865 -2.870 -2.878 -2.878 -2.875 -2.875 -2.693
0.00018264 -1.93000 10.11394 0.7840942740 2.4130320549    0.722  2.335  3.6999  1.713    7  0.000  0.531     0.00     0.00 -1    -1e-30      0.00 7.544e-01 2.454e-01 3.150e-05 8.855e-06 7.910e-05 -1.000 1.867e-04 -1.068 -1.488 -1.903 -2.250 -2.748 -2.937 -2.977 -2.990 -2.997 -2.637 -2.982 -2.629 -2.897 -2.932 -2.944 -2.966 -2.980 -2.986 -2.992 -3.000 -2.999 -2.996 -2.996 -2.812
0.00018264 -1.93000 10.11394 0.7841073871 2.4130368233    0.722  2.376  3.6973  1.662    7  0.000  0.531     0.00     0.00 -1    -1e-30      0.00 7.544e-01 2.454e-01 3.149e-05 8.857e-06 7.910e-05 -1.000 1.843e-04 -1.171 -1.591 -2.011 -2.363 -2.866 -3.058 -3.098 -3.112 -3.118 -2.754 -3.104 -2.746 -3.017 -3.053 -3.065 -3.087 -3.102 -3.108 -3.114 -3.122 -3.121 -3.117 -3.117 -2.931
0.00018264 -1.93000 10.11394 0.7841188312 2.4130408764    0.722  2.417  3.6949  1.612    7  0.000  0.530     0.00     0.00 -1    -1e-30      0.00 7.545e-01 2.454e-01 3.144e-05 8.871e-06 7.910e-05 -1.000 1.857e-04 -1.272 -1.692 -2.118 -2.474 -2.982 -3.177 -3.218 -3.232 -3.238 -2.870 -3.224 -2.860 -3.136 -3.172 -3.185 -3.207 -3.222 -3.228 -3.234 -3.242 -3.241 -3.235 -3.236 -3.048
0.00018264 -1.93000 10.11394 0.7841289639 2.4130446911    0.722  2.457  3.6925  1.561    7  0.000  0.527     0.00     0.00 -1    -1e-30      0.00 7.545e-01 2.454e-01 3.125e-05 8.973e-06 7.910e-05 -1.000 1.841e-04 -1.373 -1.793 -2.224 -2.584 -3.098 -3.296 -3.337 -3.351 -3.356 -2.985 -3.343 -2.974 -3.253 -3.290 -3.303 -3.325 -3.341 -3.347 -3.354 -3.362 -3.360 -3.352 -3.353 -3.164
0.00018264 -1.93000 10.11394 0.7841381431 2.4130480289    0.722  2.498  3.6901  1.511    7  0.000  0.518     0.00     0.00 -1    -1e-30      0.00 7.544e-01 2.454e-01 3.076e-05 9.414e-06 7.910e-05 -1.000 1.863e-04 -1.475 -1.894 -2.330 -2.694 -3.214 -3.414 -3.456 -3.471 -3.475 -3.100 -3.463 -3.088 -3.371 -3.409 -3.422 -3.444 -3.461 -3.467 -3.474 -3.482 -3.479 -3.469 -3.471 -3.281
0.00018264 -1.93000 10.11394 0.7841464877 2.4130511284    0.722  2.538  3.6877  1.461    7  0.000  0.504     0.00     0.00 -1    -1e-30      0.00 7.544e-01 2.455e-01 2.996e-05 1.030e-05 7.910e-05 -1.000 1.868e-04 -1.575 -1.994 -2.436 -2.804 -3.329 -3.532 -3.574 -3.590 -3.593 -3.215 -3.581 -3.201 -3.488 -3.526 -3.540 -3.562 -3.579 -3.586 -3.592 -3.601 -3.597 -3.585 -3.588 -3.396
0.00018264 -1.93000 10.11394 0.7841541767 2.4130539894    0.722  2.578  3.6853  1.412    7  0.000  0.489     0.00     0.00 -1    -1e-30      0.00 7.543e-01 2.455e-01 2.907e-05 1.138e-05 7.911e-05 -1.000 1.869e-04 -1.675 -2.094 -2.541 -2.913 -3.443 -3.650 -3.692 -3.708 -3.711 -3.329 -3.699 -3.314 -3.604 -3.644 -3.657 -3.680 -3.697 -3.704 -3.711 -3.720 -3.715 -3.701 -3.705 -3.512
0.00018264 -1.93000 10.11394 0.7841613293 2.4130566120    0.722  2.618  3.6829  1.362    7  0.000  0.476     0.00     0.00 -1    -1e-30      0.00 7.543e-01 2.456e-01 2.828e-05 1.235e-05 7.911e-05 -1.000 1.537e-04 -1.775 -2.193 -2.646 -3.022 -3.557 -3.766 -3.809 -3.826 -3.828 -3.443 -3.817 -3.427 -3.720 -3.761 -3.774 -3.797 -3.815 -3.822 -3.829 -3.838 -3.833 -3.817 -3.821 -3.627
0.00018264 -1.93000 10.11394 0.7841680646 2.4130589962    0.722  2.658  3.6805  1.313    7  0.000  0.464     0.00     0.00 -1    -1e-30      0.00 7.541e-01 2.458e-01 2.759e-05 1.320e-05 7.911e-05 -1.000 1.351e-04 -1.875 -2.291 -2.750 -3.131 -3.671 -3.883 -3.927 -3.944 -3.945 -3.556 -3.935 -3.539 -3.836 -3.877 -3.891 -3.914 -3.933 -3.940 -3.947 -3.956 -3.951 -3.932 -3.937 -3.742
0.00018264 -1.93000 10.11394 0.7841745019 2.4130613804    0.722  2.698  3.6781  1.263    7  0.000  0.454     0.00     0.00 -1    -1e-30      0.00 7.539e-01 2.459e-01 2.697e-05 1.396e-05 7.912e-05 -1.000 1.869e-04 -1.974 -2.389 -2.854 -3.239 -3.785 -4.000 -4.044 -4.062 -4.062 -3.669 -4.052 -3.651 -3.952 -3.994 -4.008 -4.030 -4.051 -4.058 -4.065 -4.074 -4.068 -4.046 -4.052 -3.856
0.00018264 -1.93000 10.11394 0.7841807008 2.4130635262    0.722  2.738  3.6757  1.214    7  0.000  0.445     0.00     0.00 -1    -1e-30      0.00 7.538e-01 2.460e-01 2.643e-05 1.462e-05 7.911e-05 -1.000 1.869e-04 -2.074 -2.487 -2.958 -3.348 -3.899 -4.117 -4.161 -4.181 -4.179 -3.783 -4.170 -3.764 -4.068 -4.110 -4.126 -4.147 -4.169 -4.177 -4.183 -4.193 -4.186 -4.161 -4.168 -3.971
0.00018264 -1.93000 10.11394 0.7841864824 2.4130656719    0.722  2.778  3.6732  1.163    7  0.000  0.437     0.00     0.00 -1    -1e-30      0.00 7.536e-01 2.462e-01 2.596e-05 1.520e-05 7.909e-05 -1.000 1.870e-04 -2.175 -2.586 -3.064 -3.458 -4.015 -4.236 -4.281 -4.301 -4.298 -3.899 -4.290 -3.878 -4.186 -4.229 -4.245 -4.265 -4.289 -4.297 -4.304 -4.313 -4.306 -4.278 -4.285 -4.088
0.00018264 -1.93000 10.11394 0.7841916084 2.4130675793    0.722  2.819  3.6706  1.112    7  0.000  0.430     0.00     0.00 -1    -1e-30      0.00 7.534e-01 2.464e-01 2.554e-05 1.572e-05 7.906e-05 -1.000 1.869e-04 -2.277 -2.686 -3.170 -3.569 -4.132 -4.356 -4.402 -4.422 -4.418 -4.015 -4.411 -3.993 -4.305 -4.349 -4.365 -4.385 -4.410 -4.418 -4.425 -4.435 -4.427 -4.395 -4.403 -4.206
0.00018264 -1.93000 10.11394 0.7841959000 2.4130692482    0.722  2.860  3.6680  1.061    7  0.000  0.424     0.00     0.00 -1    -1e-30      0.00 7.532e-01 2.466e-01 2.520e-05 1.615e-05 7.900e-05 -1.000 1.869e-04 -2.379 -2.786 -3.277 -3.681 -4.250 -4.477 -4.523 -4.544 -4.538 -4.132 -4.532 -4.109 -4.425 -4.470 -4.486 -4.505 -4.532 -4.540 -4.547 -4.557 -4.548 -4.513 -4.522 -4.325
0.00018264 -1.93000 10.11394 0.7841995358 2.4130704403    0.722  2.901  3.6654  1.010    7  0.000  0.420     0.00     0.00 -1    -1e-30      0.00 7.530e-01 2.469e-01 2.489e-05 1.655e-05 7.891e-05 -1.000 1.645e-04 -2.482 -2.885 -3.383 -3.792 -4.368 -4.598 -4.644 -4.667 -4.659 -4.250 -4.654 -4.225 -4.545 -4.591 -4.607 -4.625 -4.654 -4.662 -4.669 -4.680 -4.670 -4.630 -4.640 -4.443
0.00018264 -1.93000 10.11394 0.7842028141 2.4130716324    0.722  2.942  3.6627  0.958    7  0.000  0.416     0.00     0.00 -1    -1e-30      0.00 7.528e-01 2.471e-01 2.463e-05 1.691e-05 7.877e-05 -1.000 1.252e-04 -2.584 -2.983 -3.490 -3.904 -4.486 -4.719 -4.766 -4.789 -4.780 -4.368 -4.776 -4.342 -4.665 -4.712 -4.729 -4.745 -4.777 -4.785 -4.792 -4.803 -4.792 -4.748 -4.759 -4.563
0.00018264 -1.93000 10.11394 0.7842062116 2.4130728245    0.722  2.985  3.6599  0.904    7  0.000  0.414     0.00     0.00 -1    -1e-30      0.00 7.525e-01 2.473e-01 2.443e-05 1.724e-05 7.861e-05 -1.000 1.869e-04 -2.692 -3.087 -3.603 -4.023 -4.611 -4.848 -4.894 -4.920 -4.908 -4.492 -4.905 -4.465 -4.791 -4.840 -4.857 -4.871 -4.907 -4.915 -4.922 -4.933 -4.922 -4.872 -4.885 -4.688
0.00018264 -1.93000 10.11394 0.7842093110 2.4130740166    0.722  3.028  3.6570  0.848    7  0.000  0.412     0.00     0.00 -1    -1e-30      0.00 7.523e-01 2.475e-01 2.426e-05 1.753e-05 7.845e-05 -1.000 1.869e-04 -2.801 -3.192 -3.717 -4.143 -4.738 -4.978 -5.025 -5.052 -5.038 -4.619 -5.037 -4.591 -4.920 -4.970 -4.988 -5.000 -5.039 -5.047 -5.055 -5.066 -5.053 -4.998 -5.013 -4.817
0.00018264 -1.93000 10.11394 0.7842107415 2.4130744934    0.722  3.051  3.6554  0.819    7  0.000  0.411     0.00     0.00 -1    -1e-30      0.00 7.522e-01 2.476e-01 2.419e-05 1.769e-05 7.835e-05 -1.000 1.868e-04 -2.858 -3.247 -3.776 -4.206 -4.804 -5.046 -5.093 -5.121 -5.106 -4.684 -5.105 -4.656 -4.988 -5.038 -5.056 -5.067 -5.107 -5.116 -5.123 -5.135 -5.122 -5.064 -5.080 -4.883
0.00018264 -1.93000 10.11394 0.7842112184 2.4130747318    0.722  3.054  3.6552  0.815    7  0.000  0.411     0.00     0.00 -1    -1e-30      0.00 7.522e-01 2.476e-01 2.416e-05 1.774e-05 7.832e-05 -1.000 1.870e-04 -2.866 -3.255 -3.785 -4.215 -4.814 -5.056 -5.103 -5.131 -5.116 -4.694 -5.115 -4.665 -4.997 -5.047 -5.066 -5.077 -5.117 -5.125 -5.133 -5.145 -5.132 -5.073 -5.089 -4.893
0.00018264 -1.93000 10.11394 0.7842113376 2.4130747318    0.722  3.054  3.6553  0.816    7  0.000  0.411     0.00     0.00 -1    -1e-30      0.00 7.522e-01 2.476e-01 2.416e-05 1.774e-05 7.832e-05 -1.000 1.869e-04 -2.865 -3.253 -3.783 -4.213 -4.812 -5.054 -5.101 -5.129 -5.114 -4.692 -5.113 -4.663 -4.995 -5.045 -5.064 -5.075 -5.115 -5.124 -5.131 -5.143 -5.130 -5.072 -5.087 -4.891
0.00018264 -1.93000 10.11394 0.7842114568 2.4130749702    0.722  3.055  3.6552  0.815    7  0.000  0.411     0.00     0.00 -1    -1e-30      0.00 7.522e-01 2.476e-01 2.415e-05 1.775e-05 7.831e-05 -1.000 1.869e-04 -2.868 -3.256 -3.786 -4.216 -4.815 -5.057 -5.104 -5.132 -5.118 -4.696 -5.116 -4.667 -4.999 -5.049 -5.068 -5.079 -5.119 -5.127 -5.135 -5.146 -5.133 -5.075 -5.091 -4.894
0.00018264 -1.93000 10.11394 0.7842115164 2.4130749702    0.722  3.056  3.6552  0.813    7  0.000  0.410     0.00     0.00 -1    -1e-30      0.00 7.522e-01 2.476e-01 2.415e-05 1.776e-05 7.831e-05 -1.000 1.869e-04 -2.870 -3.259 -3.789 -4.219 -4.818 -5.061 -5.107 -5.136 -5.121 -4.699 -5.120 -4.670 -5.002 -5.052 -5.071 -5.082 -5.122 -5.130 -5.138 -5.149 -5.136 -5.078 -5.094 -4.898
0.00018264 -1.93000 10.11394 0.7842116952 2.4130749702    0.722  3.058  3.6551  0.812    7  0.000  0.410     0.00     0.00 -1    -1e-30      0.00 7.522e-01 2.476e-01 2.415e-05 1.777e-05 7.830e-05 -1.000 1.869e-04 -2.874 -3.263 -3.793 -4.223 -4.823 -5.065 -5.112 -5.140 -5.125 -4.703 -5.124 -4.674 -5.006 -5.056 -5.075 -5.086 -5.126 -5.135 -5.143 -5.154 -5.141 -5.082 -5.098 -4.902
0.00018264 -1.93000 10.11394 0.7842118740 2.4130749702    0.722  3.063  3.6548  0.805    7  0.000  0.410     0.00     0.00 -1    -1e-30      0.00 7.521e-01 2.477e-01 2.411e-05 1.787e-05 7.823e-05 -1.000 1.868e-04 -2.887 -3.275 -3.806 -4.237 -4.837 -5.080 -5.127 -5.155 -5.140 -4.717 -5.139 -4.688 -5.021 -5.071 -5.090 -5.101 -5.141 -5.150 -5.158 -5.169 -5.156 -5.097 -5.113 -4.916
0.00018264 -1.93000 10.11394 0.7842122316 2.4130752087    0.722  3.113  3.6512  0.741    7  0.000  0.409     0.00     0.00 -1    -1e-30      0.00 7.519e-01 2.479e-01 2.395e-05 1.827e-05 7.795e-05 -1.000 1.870e-04 -3.011 -3.390 -3.934 -4.373 -4.983 -5.230 -5.277 -5.307 -5.290 -4.862 -5.290 -4.831 -5.169 -5.221 -5.241 -5.248 -5.293 -5.302 -5.310 -5.322 -5.308 -5.242 -5.260 -5.063
0.00018264 -1.93000 10.11394 0.7842128277 2.4130754471    0.722  3.185  3.6459  0.647    7  0.549  0.407     0.00     0.00 -1    -1e-30      0.00 7.513e-01 2.485e-01 2.358e-05 1.937e-05 7.719e-05 -1.000 1.870e-04 -3.193 -3.556 -4.119 -4.572 -5.195 -5.449 -5.495 -5.530 -5.509 -5.073 -5.510 -5.040 -5.385 -5.440 -5.461 -5.461 -5.515 -5.524 -5.532 -5.545 -5.530 -5.453 -5.474 -5.277
0.00018264 -1.93000 10.11394 0.7842131257 2.4130754471    0.722  3.414  3.6091  0.271    8  0.549  0.390    95.49    44.75  1 -1.42e-06      0.00 7.290e-01 2.706e-01 6.375e-05 5.931e-05 2.177e-04 -1.000 3.690e-04 -3.766 -3.949 -4.661 -5.221 -5.960 -6.280 -6.314 -6.382 -6.346 -5.835 -6.345 -5.772 -6.185 -6.266 -6.297 -6.246 -6.362 -6.373 -6.385 -6.404 -6.382 -6.250 -6.281 -6.058
0.00018264 -1.93000 10.11394 0.7842131853 2.4130754471    0.722  3.283  3.6167  0.433    8  0.549  0.390    67.34    33.08  1 -7.76e-07      0.00 7.290e-01 2.706e-01 6.375e-05 5.931e-05 2.177e-04 -1.000 3.690e-04 -3.437 -3.672 -4.340 -4.874 -5.590 -5.895 -5.932 -5.991 -5.956 -5.465 -5.958 -5.409 -5.809 -5.883 -5.911 -5.871 -5.973 -5.983 -5.993 -6.011 -5.989 -5.866 -5.896 -5.685
0.00018264 -1.93000 10.11394 0.7842132449 2.4130754471    0.722  3.136  3.6300  0.633    8  0.549  0.390    43.75    22.78  1 -3.89e-07      0.00 7.290e-01 2.706e-01 6.375e-05 5.931e-05 2.177e-04 -1.000 3.690e-04 -3.070 -3.374 -3.985 -4.479 -5.153 -5.434 -5.476 -5.523 -5.492 -5.029 -5.496 -4.984 -5.359 -5.423 -5.448 -5.427 -5.506 -5.515 -5.525 -5.540 -5.521 -5.417 -5.443 -5.242
0.00018264 -1.93000 10.11394 0.7842133641 2.4130754471    0.722  2.928  3.6490  0.917    8  0.549  0.390    23.70    13.41  1  -1.4e-07      0.00 7.290e-01 2.706e-01 6.375e-05 5.931e-05 2.177e-04 -1.000 3.690e-04 -2.549 -2.918 -3.463 -3.907 -4.526 -4.779 -4.825 -4.856 -4.838 -4.405 -4.838 -4.372 -4.716 -4.770 -4.790 -4.794 -4.843 -4.851 -4.859 -4.871 -4.856 -4.788 -4.806 -4.608
0.00018264 -1.93000 10.11394 0.7842136025 2.4130756855    0.722  2.933  3.6485  0.910    8  0.549  0.390    24.06    13.58  1 -1.44e-07      0.00 7.290e-01 2.706e-01 6.375e-05 5.931e-05 2.177e-04 -1.000 3.690e-04 -2.562 -2.930 -3.476 -3.921 -4.541 -4.795 -4.841 -4.873 -4.853 -4.420 -4.854 -4.387 -4.732 -4.786 -4.806 -4.809 -4.859 -4.867 -4.875 -4.887 -4.872 -4.803 -4.821 -4.624
0.00018264 -1.93000 10.11394 0.7842138410 2.4130756855    0.722  3.014  3.6411  0.798    8  0.550  0.390    30.61    16.72  1 -2.16e-07      0.00 7.290e-01 2.706e-01 6.375e-05 5.931e-05 2.177e-04 -1.000 3.690e-04 -2.766 -3.112 -3.683 -4.147 -4.788 -5.052 -5.096 -5.134 -5.110 -4.665 -5.112 -4.627 -4.984 -5.042 -5.063 -5.058 -5.119 -5.127 -5.136 -5.150 -5.133 -5.049 -5.071 -4.873
0.00018264 -1.93000 10.11394 0.7842141390 2.4130759239    0.722  3.168  3.6270  0.588    8  0.550  0.390    48.20    24.74  1 -4.55e-07      0.00 7.290e-01 2.706e-01 6.375e-05 5.931e-05 2.177e-04 -1.000 3.690e-04 -3.151 -3.442 -4.065 -4.567 -5.250 -5.536 -5.577 -5.626 -5.594 -5.125 -5.598 -5.078 -5.459 -5.524 -5.550 -5.525 -5.610 -5.619 -5.628 -5.644 -5.625 -5.515 -5.542 -5.341
0.00018264 -1.93000 10.11394 0.7842144370 2.4130759239    0.722  3.305  3.6146  0.402    8  0.550  0.390    72.04    34.99  1 -8.63e-07      0.00 7.290e-01 2.706e-01 6.375e-05 5.931e-05 2.177e-04 -1.000 3.690e-04 -3.492 -3.715 -4.393 -4.933 -5.656 -5.965 -6.001 -6.062 -6.026 -5.531 -6.029 -5.473 -5.876 -5.952 -5.981 -5.938 -6.044 -6.054 -6.064 -6.082 -6.060 -5.935 -5.965 -5.752
0.00018264 -1.93000 10.11394 0.7842148542 2.4130761623    0.721  3.395  3.6063  0.278    8  0.551  0.390    94.12    44.06  1 -1.31e-06      0.00 7.290e-01 2.706e-01 6.375e-05 5.931e-05 2.177e-04 -1.000 3.690e-04 -3.718 -3.884 -4.605 -5.173 -5.923 -6.249 -6.283 -6.352 -6.316 -5.799 -6.314 -5.731 -6.152 -6.235 -6.267 -6.213 -6.332 -6.343 -6.355 -6.374 -6.352 -6.219 -6.249 -6.023
0.00018264 -1.93000 10.11394 0.7842153311 2.4130761623    0.721  3.445  3.6018  0.210    8  0.551  0.390   109.12    50.03  1 -1.65e-06      0.00 7.290e-01 2.706e-01 6.375e-05 5.931e-05 2.177e-04 -1.000 3.690e-04 -3.843 -3.975 -4.721 -5.305 -6.069 -6.406 -6.438 -6.512 -6.476 -5.946 -6.472 -5.873 -6.304 -6.391 -6.425 -6.365 -6.490 -6.503 -6.516 -6.536 -6.513 -6.376 -6.407 -6.172
0.00018264 -1.93000 10.11394 0.7842158079 2.4130764008    0.721  3.471  3.5994  0.175    8  0.552  0.390   117.76    53.40  0 -1.85e-06      0.00 7.290e-01 2.706e-01 6.375e-05 5.931e-05 2.177e-04 -1.000 3.690e-04 -3.907 -4.021 -4.780 -5.372 -6.144 -6.487 -6.518 -6.594 -6.559 -6.021 -6.553 -5.945 -6.382 -6.471 -6.505 -6.443 -6.571 -6.585 -6.598 -6.619 -6.596 -6.457 -6.488 -6.248
0.00018264 -1.93000 10.11394 0.7842163444 2.4130766392    0.720  3.487  3.5984  0.154    8  0.552  0.390   123.23    55.48  0    -2e-06      0.00 7.290e-01 2.706e-01 6.375e-05 5.931e-05 2.177e-04 -1.000 3.690e-04 -3.948 -4.053 -4.818 -5.415 -6.190 -6.536 -6.566 -6.643 -6.609 -6.068 -6.602 -5.990 -6.429 -6.520 -6.554 -6.490 -6.621 -6.634 -6.648 -6.669 -6.646 -6.506 -6.537 -6.295
0.00018264 -1.93000 10.11394 0.7842184305 2.4130773544    0.554 -9.999  4.0000  1.705    9  0.554  0.000     0.00     0.00 -1    -1e-30      0.00 7.290e-01 2.706e-01 6.375e-05 5.931e-05 2.177e-04 -1.000 3.690e-04 29.767 30.069 30.055 30.103 30.106 30.109 30.108 30.114 30.109 30.104 30.110 30.113 30.093 30.102 30.113 30.114 30.110 30.114 30.114 30.109 30.109 30.107 30.111 30.104
#isochrone terminated
