# File generated by CMD 3.3 (http://stev.oapd.inaf.it/cmd) on Wed Jul  8 19:32:27 CEST 2020
# isochrones based on PARSEC release v1.2S +  COLIBRI S_35
# Basic references: Bressan et al. (2012), MNRAS, 427, 127 + Chen et al. (2014, 2015), MNRAS, 444, 2525 + MNRAS, 452, 1068 + Tang et al. (2014), MNRAS, 445, 4287 + Marigo et al. (2017), ApJ, 835, 77 + Pastorelli al. (2019), MNRAS in press
# Thermal pulse cycles included 
# On RGB, assumed Reimers mass loss with efficiency eta=0.2
# Photometric system: WFIRST proposed filters, Vegamags
# Using YBC version of bolometric corrections as in Chen et al. (2019)
# O-rich circumstellar dpmod60alox40 dust from Groenewegen (2006)
# C-rich circumstellar AMCSIC15 dust from Groenewegen (2006)
# IMF: Kroupa (2001, 2002) + Kroupa et al. (2013) canonical two-part-power law IMF corrected for unresolved binaries 
# Kind of output: luminosity functions
# age     Z  magbinc 	 mbolmag  R062mag  Z087mag  Y106mag  J129mag  H158mag  F184mag  W149mag
1.16e+10 0.00012 -14.975         0        0        0        0        0        0        0        0
1.16e+10 0.00012 -14.925         0        0        0        0        0        0        0        0
1.16e+10 0.00012 -14.875         0        0        0        0        0        0        0        0
1.16e+10 0.00012 -14.825         0        0        0        0        0        0        0        0
1.16e+10 0.00012 -14.775         0        0        0        0        0        0        0        0
1.16e+10 0.00012 -14.725         0        0        0        0        0        0        0        0
1.16e+10 0.00012 -14.675         0        0        0        0        0        0        0        0
1.16e+10 0.00012 -14.625         0        0        0        0        0        0        0        0
1.16e+10 0.00012 -14.575         0        0        0        0        0        0        0        0
1.16e+10 0.00012 -14.525         0        0        0        0        0        0        0        0
1.16e+10 0.00012 -14.475         0        0        0        0        0        0        0        0
1.16e+10 0.00012 -14.425         0        0        0        0        0        0        0        0
1.16e+10 0.00012 -14.375         0        0        0        0        0        0        0        0
1.16e+10 0.00012 -14.325         0        0        0        0        0        0        0        0
1.16e+10 0.00012 -14.275         0        0        0        0        0        0        0        0
1.16e+10 0.00012 -14.225         0        0        0        0        0        0        0        0
1.16e+10 0.00012 -14.175         0        0        0        0        0        0        0        0
1.16e+10 0.00012 -14.125         0        0        0        0        0        0        0        0
1.16e+10 0.00012 -14.075         0        0        0        0        0        0        0        0
1.16e+10 0.00012 -14.025         0        0        0        0        0        0        0        0
1.16e+10 0.00012 -13.975         0        0        0        0        0        0        0        0
1.16e+10 0.00012 -13.925         0        0        0        0        0        0        0        0
1.16e+10 0.00012 -13.875         0        0        0        0        0        0        0        0
1.16e+10 0.00012 -13.825         0        0        0        0        0        0        0        0
1.16e+10 0.00012 -13.775         0        0        0        0        0        0        0        0
1.16e+10 0.00012 -13.725         0        0        0        0        0        0        0        0
1.16e+10 0.00012 -13.675         0        0        0        0        0        0        0        0
1.16e+10 0.00012 -13.625         0        0        0        0        0        0        0        0
1.16e+10 0.00012 -13.575         0        0        0        0        0        0        0        0
1.16e+10 0.00012 -13.525         0        0        0        0        0        0        0        0
1.16e+10 0.00012 -13.475         0        0        0        0        0        0        0        0
1.16e+10 0.00012 -13.425         0        0        0        0        0        0        0        0
1.16e+10 0.00012 -13.375         0        0        0        0        0        0        0        0
1.16e+10 0.00012 -13.325         0        0        0        0        0        0        0        0
1.16e+10 0.00012 -13.275         0        0        0        0        0        0        0        0
1.16e+10 0.00012 -13.225         0        0        0        0        0        0        0        0
1.16e+10 0.00012 -13.175         0        0        0        0        0        0        0        0
1.16e+10 0.00012 -13.125         0        0        0        0        0        0        0        0
1.16e+10 0.00012 -13.075         0        0        0        0        0        0        0        0
1.16e+10 0.00012 -13.025         0        0        0        0        0        0        0        0
1.16e+10 0.00012 -12.975         0        0        0        0        0        0        0        0
1.16e+10 0.00012 -12.925         0        0        0        0        0        0        0        0
1.16e+10 0.00012 -12.875         0        0        0        0        0        0        0        0
1.16e+10 0.00012 -12.825         0        0        0        0        0        0        0        0
1.16e+10 0.00012 -12.775         0        0        0        0        0        0        0        0
1.16e+10 0.00012 -12.725         0        0        0        0        0        0        0        0
1.16e+10 0.00012 -12.675         0        0        0        0        0        0        0        0
1.16e+10 0.00012 -12.625         0        0        0        0        0        0        0        0
1.16e+10 0.00012 -12.575         0        0        0        0        0        0        0        0
1.16e+10 0.00012 -12.525         0        0        0        0        0        0        0        0
1.16e+10 0.00012 -12.475         0        0        0        0        0        0        0        0
1.16e+10 0.00012 -12.425         0        0        0        0        0        0        0        0
1.16e+10 0.00012 -12.375         0        0        0        0        0        0        0        0
1.16e+10 0.00012 -12.325         0        0        0        0        0        0        0        0
1.16e+10 0.00012 -12.275         0        0        0        0        0        0        0        0
1.16e+10 0.00012 -12.225         0        0        0        0        0        0        0        0
1.16e+10 0.00012 -12.175         0        0        0        0        0        0        0        0
1.16e+10 0.00012 -12.125         0        0        0        0        0        0        0        0
1.16e+10 0.00012 -12.075         0        0        0        0        0        0        0        0
1.16e+10 0.00012 -12.025         0        0        0        0        0        0        0        0
1.16e+10 0.00012 -11.975         0        0        0        0        0        0        0        0
1.16e+10 0.00012 -11.925         0        0        0        0        0        0        0        0
1.16e+10 0.00012 -11.875         0        0        0        0        0        0        0        0
1.16e+10 0.00012 -11.825         0        0        0        0        0        0        0        0
1.16e+10 0.00012 -11.775         0        0        0        0        0        0        0        0
1.16e+10 0.00012 -11.725         0        0        0        0        0        0        0        0
1.16e+10 0.00012 -11.675         0        0        0        0        0        0        0        0
1.16e+10 0.00012 -11.625         0        0        0        0        0        0        0        0
1.16e+10 0.00012 -11.575         0        0        0        0        0        0        0        0
1.16e+10 0.00012 -11.525         0        0        0        0        0        0        0        0
1.16e+10 0.00012 -11.475         0        0        0        0        0        0        0        0
1.16e+10 0.00012 -11.425         0        0        0        0        0        0        0        0
1.16e+10 0.00012 -11.375         0        0        0        0        0        0        0        0
1.16e+10 0.00012 -11.325         0        0        0        0        0        0        0        0
1.16e+10 0.00012 -11.275         0        0        0        0        0        0        0        0
1.16e+10 0.00012 -11.225         0        0        0        0        0        0        0        0
1.16e+10 0.00012 -11.175         0        0        0        0        0        0        0        0
1.16e+10 0.00012 -11.125         0        0        0        0        0        0        0        0
1.16e+10 0.00012 -11.075         0        0        0        0        0        0        0        0
1.16e+10 0.00012 -11.025         0        0        0        0        0        0        0        0
1.16e+10 0.00012 -10.975         0        0        0        0        0        0        0        0
1.16e+10 0.00012 -10.925         0        0        0        0        0        0        0        0
1.16e+10 0.00012 -10.875         0        0        0        0        0        0        0        0
1.16e+10 0.00012 -10.825         0        0        0        0        0        0        0        0
1.16e+10 0.00012 -10.775         0        0        0        0        0        0        0        0
1.16e+10 0.00012 -10.725         0        0        0        0        0        0        0        0
1.16e+10 0.00012 -10.675         0        0        0        0        0        0        0        0
1.16e+10 0.00012 -10.625         0        0        0        0        0        0        0        0
1.16e+10 0.00012 -10.575         0        0        0        0        0        0        0        0
1.16e+10 0.00012 -10.525         0        0        0        0        0        0        0        0
1.16e+10 0.00012 -10.475         0        0        0        0        0        0        0        0
1.16e+10 0.00012 -10.425         0        0        0        0        0        0        0        0
1.16e+10 0.00012 -10.375         0        0        0        0        0        0        0        0
1.16e+10 0.00012 -10.325         0        0        0        0        0        0        0        0
1.16e+10 0.00012 -10.275         0        0        0        0        0        0        0        0
1.16e+10 0.00012 -10.225         0        0        0        0        0        0        0        0
1.16e+10 0.00012 -10.175         0        0        0        0        0        0        0        0
1.16e+10 0.00012 -10.125         0        0        0        0        0        0        0        0
1.16e+10 0.00012 -10.075         0        0        0        0        0        0        0        0
1.16e+10 0.00012 -10.025         0        0        0        0        0        0        0        0
1.16e+10 0.00012 -9.975         0        0        0        0        0        0        0        0
1.16e+10 0.00012 -9.925         0        0        0        0        0        0        0        0
1.16e+10 0.00012 -9.875         0        0        0        0        0        0        0        0
1.16e+10 0.00012 -9.825         0        0        0        0        0        0        0        0
1.16e+10 0.00012 -9.775         0        0        0        0        0        0        0        0
1.16e+10 0.00012 -9.725         0        0        0        0        0        0        0        0
1.16e+10 0.00012 -9.675         0        0        0        0        0        0        0        0
1.16e+10 0.00012 -9.625         0        0        0        0        0        0        0        0
1.16e+10 0.00012 -9.575         0        0        0        0        0        0        0        0
1.16e+10 0.00012 -9.525         0        0        0        0        0        0        0        0
1.16e+10 0.00012 -9.475         0        0        0        0        0        0        0        0
1.16e+10 0.00012 -9.425         0        0        0        0        0        0        0        0
1.16e+10 0.00012 -9.375         0        0        0        0        0        0        0        0
1.16e+10 0.00012 -9.325         0        0        0        0        0        0        0        0
1.16e+10 0.00012 -9.275         0        0        0        0        0        0        0        0
1.16e+10 0.00012 -9.225         0        0        0        0        0        0        0        0
1.16e+10 0.00012 -9.175         0        0        0        0        0        0        0        0
1.16e+10 0.00012 -9.125         0        0        0        0        0        0        0        0
1.16e+10 0.00012 -9.075         0        0        0        0        0        0        0        0
1.16e+10 0.00012 -9.025         0        0        0        0        0        0        0        0
1.16e+10 0.00012 -8.975         0        0        0        0        0        0        0        0
1.16e+10 0.00012 -8.925         0        0        0        0        0        0        0        0
1.16e+10 0.00012 -8.875         0        0        0        0        0        0        0        0
1.16e+10 0.00012 -8.825         0        0        0        0        0        0        0        0
1.16e+10 0.00012 -8.775         0        0        0        0        0        0        0        0
1.16e+10 0.00012 -8.725         0        0        0        0        0        0        0        0
1.16e+10 0.00012 -8.675         0        0        0        0        0        0        0        0
1.16e+10 0.00012 -8.625         0        0        0        0        0        0        0        0
1.16e+10 0.00012 -8.575         0        0        0        0        0        0        0        0
1.16e+10 0.00012 -8.525         0        0        0        0        0        0        0        0
1.16e+10 0.00012 -8.475         0        0        0        0        0        0        0        0
1.16e+10 0.00012 -8.425         0        0        0        0        0        0        0        0
1.16e+10 0.00012 -8.375         0        0        0        0        0        0        0        0
1.16e+10 0.00012 -8.325         0        0        0        0        0        0        0        0
1.16e+10 0.00012 -8.275         0        0        0        0        0        0        0        0
1.16e+10 0.00012 -8.225         0        0        0        0        0        0        0        0
1.16e+10 0.00012 -8.175         0        0        0        0        0        0        0        0
1.16e+10 0.00012 -8.125         0        0        0        0        0        0        0        0
1.16e+10 0.00012 -8.075         0        0        0        0        0        0        0        0
1.16e+10 0.00012 -8.025         0        0        0        0        0        0        0        0
1.16e+10 0.00012 -7.975         0        0        0        0        0        0        0        0
1.16e+10 0.00012 -7.925         0        0        0        0        0        0        0        0
1.16e+10 0.00012 -7.875         0        0        0        0        0        0        0        0
1.16e+10 0.00012 -7.825         0        0        0        0        0        0        0        0
1.16e+10 0.00012 -7.775         0        0        0        0        0        0        0        0
1.16e+10 0.00012 -7.725         0        0        0        0        0        0        0        0
1.16e+10 0.00012 -7.675         0        0        0        0        0        0        0        0
1.16e+10 0.00012 -7.625         0        0        0        0        0        0        0        0
1.16e+10 0.00012 -7.575         0        0        0        0        0        0        0        0
1.16e+10 0.00012 -7.525         0        0        0        0        0        0        0        0
1.16e+10 0.00012 -7.475         0        0        0        0        0        0        0        0
1.16e+10 0.00012 -7.425         0        0        0        0        0        0        0        0
1.16e+10 0.00012 -7.375         0        0        0        0        0        0        0        0
1.16e+10 0.00012 -7.325         0        0        0        0        0        0        0        0
1.16e+10 0.00012 -7.275         0        0        0        0        0        0        0        0
1.16e+10 0.00012 -7.225         0        0        0        0        0        0        0        0
1.16e+10 0.00012 -7.175         0        0        0        0        0        0        0        0
1.16e+10 0.00012 -7.125         0        0        0        0        0        0        0        0
1.16e+10 0.00012 -7.075         0        0        0        0        0        0        0        0
1.16e+10 0.00012 -7.025         0        0        0        0        0        0        0        0
1.16e+10 0.00012 -6.975         0        0        0        0        0        0        0        0
1.16e+10 0.00012 -6.925         0        0        0        0        0        0        0        0
1.16e+10 0.00012 -6.875         0        0        0        0        0        0        0        0
1.16e+10 0.00012 -6.825         0        0        0        0        0        0        0        0
1.16e+10 0.00012 -6.775         0        0        0        0        0        0        0        0
1.16e+10 0.00012 -6.725         0        0        0        0        0        0        0        0
1.16e+10 0.00012 -6.675         0        0        0        0        0        0        0        0
1.16e+10 0.00012 -6.625         0        0        0        0        0        0        0        0
1.16e+10 0.00012 -6.575         0        0        0        0        0        0        0        0
1.16e+10 0.00012 -6.525         0        0        0        0        0        0 2.03e-08        0
1.16e+10 0.00012 -6.475         0        0        0        0        0        0 2.03e-08        0
1.16e+10 0.00012 -6.425         0        0        0        0        0        0 2.03e-08        0
1.16e+10 0.00012 -6.375         0        0        0        0        0        0 2.03e-08        0
1.16e+10 0.00012 -6.325         0        0        0        0        0 2.03e-08 2.03e-08        0
1.16e+10 0.00012 -6.275         0        0        0        0        0 2.03e-08 2.03e-08        0
1.16e+10 0.00012 -6.225         0        0        0        0        0 2.03e-08 2.03e-08        0
1.16e+10 0.00012 -6.175         0        0        0        0        0 2.03e-08 2.03e-08        0
1.16e+10 0.00012 -6.125         0        0        0        0        0 2.03e-08 2.03e-08        0
1.16e+10 0.00012 -6.075         0        0        0        0        0 2.03e-08 2.03e-08        0
1.16e+10 0.00012 -6.025         0        0        0        0        0 2.03e-08 2.03e-08        0
1.16e+10 0.00012 -5.975         0        0        0        0        0 2.03e-08 2.03e-08        0
1.16e+10 0.00012 -5.925         0        0        0        0        0 2.03e-08 2.03e-08        0
1.16e+10 0.00012 -5.875         0        0        0        0        0 2.03e-08 2.03e-08 2.03e-08
1.16e+10 0.00012 -5.825         0        0        0        0        0 2.03e-08 2.03e-08 2.03e-08
1.16e+10 0.00012 -5.775         0        0        0        0        0 2.03e-08 2.03e-08 2.03e-08
1.16e+10 0.00012 -5.725         0        0        0        0 4.06e-08 4.06e-08 2.03e-08 2.03e-08
1.16e+10 0.00012 -5.675         0        0        0        0 2.03e-08 2.03e-08 2.03e-08 4.06e-08
1.16e+10 0.00012 -5.625         0        0        0        0 2.03e-08 2.03e-08 4.29e-07 2.03e-08
1.16e+10 0.00012 -5.575         0        0        0        0 4.06e-08 2.03e-08 1.29e-06 2.03e-08
1.16e+10 0.00012 -5.525         0        0        0        0 2.03e-08 2.03e-08 1.18e-06 2.03e-08
1.16e+10 0.00012 -5.475         0        0        0        0 2.03e-08 6.33e-07 1.12e-06 4.06e-08
1.16e+10 0.00012 -5.425         0        0        0        0 4.06e-08 1.27e-06 1.12e-06 2.03e-08
1.16e+10 0.00012 -5.375         0        0        0        0 2.03e-08 1.18e-06 1.12e-06 2.03e-08
1.16e+10 0.00012 -5.325         0        0        0        0 2.03e-08 1.12e-06 1.12e-06 2.03e-08
1.16e+10 0.00012 -5.275         0        0        0        0 4.06e-08 1.12e-06 1.25e-06 4.06e-08
1.16e+10 0.00012 -5.225         0        0        0 2.03e-08 2.03e-08 1.18e-06 1.55e-06 2.03e-08
1.16e+10 0.00012 -5.175         0        0        0 2.03e-08 2.03e-08 1.12e-06 1.47e-06 2.03e-08
1.16e+10 0.00012 -5.125         0        0        0 4.06e-08 4.06e-08 1.37e-06 1.53e-06 4.06e-08
1.16e+10 0.00012 -5.075         0        0        0 4.06e-08 2.03e-08 1.55e-06 1.65e-06 8.98e-07
1.16e+10 0.00012 -5.025         0        0        0 4.06e-08 7.15e-07 1.57e-06 2.16e-06 1.25e-06
1.16e+10 0.00012 -4.975         0        0        0 2.03e-08 1.31e-06 1.49e-06 2.04e-06 1.25e-06
1.16e+10 0.00012 -4.925         0        0        0 4.06e-08 1.27e-06 1.86e-06 2.02e-06 1.14e-06
1.16e+10 0.00012 -4.875         0        0        0 4.06e-08 1.18e-06 2.20e-06 1.88e-06 1.18e-06
1.16e+10 0.00012 -4.825         0        0        0 4.06e-08 1.12e-06 2.12e-06 2.08e-06 1.18e-06
1.16e+10 0.00012 -4.775         0        0        0 2.03e-08 1.27e-06 1.88e-06 2.39e-06 1.18e-06
1.16e+10 0.00012 -4.725         0        0 6.09e-08 4.06e-08 1.18e-06 1.98e-06 2.41e-06 1.57e-06
1.16e+10 0.00012 -4.675         0        0 4.06e-08 4.06e-08 1.55e-06 2.24e-06 2.18e-06 1.61e-06
1.16e+10 0.00012 -4.625         0        0 6.09e-08 2.03e-08 1.63e-06 2.39e-06 2.06e-06 1.55e-06
1.16e+10 0.00012 -4.575         0        0 4.06e-08 1.16e-06 1.53e-06 2.43e-06 2.16e-06 1.67e-06
1.16e+10 0.00012 -4.525         0        0 4.06e-08 1.33e-06 1.69e-06 2.08e-06 2.35e-06 2.20e-06
1.16e+10 0.00012 -4.475         0        0 6.09e-08 1.27e-06 2.28e-06 2.06e-06 2.53e-06 2.14e-06
1.16e+10 0.00012 -4.425         0        0 4.06e-08 1.25e-06 2.14e-06 2.22e-06 2.57e-06 2.04e-06
1.16e+10 0.00012 -4.375         0        0 6.09e-08 1.20e-06 2.12e-06 2.57e-06 2.49e-06 1.96e-06
1.16e+10 0.00012 -4.325         0        0 4.06e-08 1.33e-06 2.00e-06 2.45e-06 2.73e-06 2.12e-06
1.16e+10 0.00012 -4.275         0        0 6.09e-08 1.39e-06 2.10e-06 2.57e-06 2.75e-06 2.49e-06
1.16e+10 0.00012 -4.225         0        0 1.53e-06 1.67e-06 2.49e-06 2.47e-06 3.38e-06 2.51e-06
1.16e+10 0.00012 -4.175         0        0 1.47e-06 1.65e-06 2.53e-06 2.86e-06 3.49e-06 2.26e-06
1.16e+10 0.00012 -4.125         0        0 1.27e-06 1.67e-06 2.24e-06 3.00e-06 3.49e-06 2.10e-06
1.16e+10 0.00012 -4.075         0        0 1.33e-06 2.28e-06 2.14e-06 3.55e-06 3.61e-06 2.20e-06
1.16e+10 0.00012 -4.025         0        0 1.35e-06 2.26e-06 2.30e-06 3.49e-06 3.61e-06 2.59e-06
1.16e+10 0.00012 -3.975         0        0 1.33e-06 2.24e-06 2.51e-06 3.47e-06 3.87e-06 2.49e-06
1.16e+10 0.00012 -3.925  4.06e-07        0 1.71e-06 2.02e-06 2.63e-06 3.61e-06 3.85e-06 2.67e-06
1.16e+10 0.00012 -3.875  4.26e-07        0 1.76e-06 2.12e-06 2.67e-06 3.75e-06 3.81e-06 2.57e-06
1.16e+10 0.00012 -3.825  3.86e-07        0 1.78e-06 2.59e-06 2.59e-06 3.85e-06 4.02e-06 2.84e-06
1.16e+10 0.00012 -3.775         0        0 2.16e-06 2.55e-06 2.84e-06 4.02e-06 3.98e-06 3.12e-06
1.16e+10 0.00012 -3.725         0        0 2.45e-06 2.43e-06 3.22e-06 3.90e-06 4.02e-06 3.53e-06
1.16e+10 0.00012 -3.675         0        0 2.35e-06 2.22e-06 3.61e-06 4.02e-06 4.14e-06 3.63e-06
1.16e+10 0.00012 -3.625         0        0 2.20e-06 2.39e-06 3.63e-06 4.02e-06 4.28e-06 3.53e-06
1.16e+10 0.00012 -3.575         0        0 2.16e-06 2.63e-06 3.69e-06 4.14e-06 4.35e-06 3.81e-06
1.16e+10 0.00012 -3.525         0 1.02e-07 2.61e-06 2.65e-06 3.81e-06 4.08e-06 4.73e-06 3.77e-06
1.16e+10 0.00012 -3.475         0 1.12e-06 2.71e-06 2.73e-06 3.77e-06 4.37e-06 4.73e-06 4.00e-06
1.16e+10 0.00012 -3.425         0        0 2.39e-06 2.75e-06 4.04e-06 4.37e-06 5.02e-06 3.88e-06
1.16e+10 0.00012 -3.375  5.31e-07        0 2.26e-06 2.86e-06 4.00e-06 4.96e-06 5.20e-06 4.08e-06
1.16e+10 0.00012 -3.325  1.39e-06        0 2.43e-06 3.49e-06 4.16e-06 4.98e-06 5.36e-06 4.00e-06
1.16e+10 0.00012 -3.275  1.41e-06 1.06e-06 2.71e-06 3.65e-06 4.00e-06 5.18e-06 5.83e-06 4.16e-06
1.16e+10 0.00012 -3.225  1.23e-06 1.65e-06 2.73e-06 3.75e-06 4.20e-06 5.26e-06 5.77e-06 4.20e-06
1.16e+10 0.00012 -3.175  1.29e-06 1.47e-06 2.77e-06 3.77e-06 4.16e-06 5.71e-06 5.77e-06 4.10e-06
1.16e+10 0.00012 -3.125  1.29e-06 1.47e-06 2.79e-06 3.81e-06 4.41e-06 5.77e-06 5.77e-06 4.59e-06
1.16e+10 0.00012 -3.075  1.47e-06 1.53e-06 3.14e-06 4.00e-06 4.59e-06 6.00e-06 6.30e-06 4.57e-06
1.16e+10 0.00012 -3.025  1.78e-06 1.72e-06 3.69e-06 4.16e-06 4.69e-06 5.77e-06 6.81e-06 5.10e-06
1.16e+10 0.00012 -2.975  1.72e-06 2.02e-06 3.89e-06 4.16e-06 5.10e-06 5.88e-06 6.90e-06 5.16e-06
1.16e+10 0.00012 -2.925  1.86e-06 1.98e-06 3.79e-06 4.20e-06 5.30e-06 6.98e-06 7.06e-06 5.47e-06
1.16e+10 0.00012 -2.875  2.49e-06 2.73e-06 3.85e-06 4.20e-06 5.53e-06 6.81e-06 7.14e-06 5.26e-06
1.16e+10 0.00012 -2.825  2.35e-06 2.65e-06 4.00e-06 4.24e-06 5.39e-06 7.10e-06 7.41e-06 6.00e-06
1.16e+10 0.00012 -2.775  2.35e-06 2.67e-06 4.22e-06 4.37e-06 6.22e-06 7.35e-06 7.65e-06 6.06e-06
1.16e+10 0.00012 -2.725  2.28e-06 2.61e-06 4.32e-06 4.63e-06 6.06e-06 7.16e-06 2.47e-05 6.00e-06
1.16e+10 0.00012 -2.675  2.57e-06 2.86e-06 4.16e-06 4.63e-06 6.00e-06 7.86e-06 1.13e-05 5.84e-06
1.16e+10 0.00012 -2.625  2.79e-06 3.04e-06 4.41e-06 5.18e-06 6.00e-06 1.73e-05 1.04e-05 6.37e-06
1.16e+10 0.00012 -2.575  2.69e-06 2.81e-06 4.45e-06 5.45e-06 7.04e-06 1.80e-05 1.01e-05 7.16e-06
1.16e+10 0.00012 -2.525  2.39e-06 2.61e-06 4.41e-06 5.57e-06 7.16e-06 1.05e-05 9.76e-06 7.24e-06
1.16e+10 0.00012 -2.475  2.49e-06 2.77e-06 4.45e-06 5.53e-06 7.22e-06 1.04e-05 9.76e-06 7.22e-06
1.16e+10 0.00012 -2.425  2.84e-06 3.08e-06 4.86e-06 6.20e-06 7.22e-06 9.86e-06 1.09e-05 7.35e-06
1.16e+10 0.00012 -2.375  2.90e-06 3.10e-06 5.12e-06 6.22e-06 7.71e-06 9.76e-06 1.59e-05 7.90e-06
1.16e+10 0.00012 -2.325  2.96e-06 3.16e-06 5.53e-06 6.22e-06 7.96e-06 1.09e-05 1.08e-05 7.96e-06
1.16e+10 0.00012 -2.275  2.92e-06 3.59e-06 5.83e-06 6.22e-06 1.30e-05 1.49e-05 8.35e-06 2.57e-05
1.16e+10 0.00012 -2.225  3.51e-06 4.08e-06 5.59e-06 6.89e-06 2.22e-05 1.23e-05 8.00e-06 1.11e-05
1.16e+10 0.00012 -2.175  3.98e-06 4.22e-06 6.12e-06 7.24e-06 1.09e-05 8.35e-06 9.09e-06 1.08e-05
1.16e+10 0.00012 -2.125  3.98e-06 4.24e-06 6.34e-06 7.41e-06 1.08e-05 8.35e-06 9.33e-06 1.02e-05
1.16e+10 0.00012 -2.075  4.12e-06 4.26e-06 6.45e-06 7.63e-06 9.86e-06 8.84e-06 9.45e-06 9.86e-06
1.16e+10 0.00012 -2.025  4.18e-06 4.40e-06 6.22e-06 7.63e-06 1.02e-05 9.33e-06 9.82e-06 1.06e-05
1.16e+10 0.00012 -1.975  4.18e-06 4.65e-06 7.06e-06 8.47e-06 1.25e-05 9.33e-06 9.82e-06 1.49e-05
1.16e+10 0.00012 -1.925  4.53e-06 4.65e-06 7.51e-06 9.10e-06 1.73e-05 1.02e-05 1.05e-05 1.34e-05
1.16e+10 0.00012 -1.875  4.45e-06 4.65e-06 7.47e-06 2.62e-05 8.22e-06 9.82e-06 1.13e-05 8.51e-06
1.16e+10 0.00012 -1.825  4.49e-06 4.69e-06 7.71e-06 1.09e-05 8.70e-06 1.06e-05 1.11e-05 8.35e-06
1.16e+10 0.00012 -1.775  4.61e-06 4.85e-06 8.00e-06 1.09e-05 8.35e-06 1.08e-05 1.21e-05 8.51e-06
1.16e+10 0.00012 -1.725  4.65e-06 4.79e-06 8.47e-06 1.06e-05 9.35e-06 1.14e-05 1.21e-05 9.72e-06
1.16e+10 0.00012 -1.675  4.71e-06 5.12e-06 8.57e-06 1.03e-05 9.72e-06 1.21e-05 1.34e-05 9.72e-06
1.16e+10 0.00012 -1.625  4.90e-06 5.47e-06 2.72e-05 1.40e-05 9.43e-06 1.21e-05 1.33e-05 9.70e-06
1.16e+10 0.00012 -1.575  5.22e-06 6.14e-06 1.14e-05 1.54e-05 1.02e-05 1.33e-05 1.41e-05 1.02e-05
1.16e+10 0.00012 -1.525  5.59e-06 6.28e-06 1.10e-05 8.24e-06 1.02e-05 1.34e-05 1.48e-05 1.03e-05
1.16e+10 0.00012 -1.475  5.94e-06 5.91e-06 1.07e-05 8.70e-06 1.10e-05 1.42e-05 1.49e-05 1.13e-05
1.16e+10 0.00012 -1.425  6.06e-06 6.61e-06 1.18e-05 8.70e-06 1.14e-05 1.54e-05 1.69e-05 1.15e-05
1.16e+10 0.00012 -1.375  6.26e-06 6.73e-06 1.79e-05 9.43e-06 1.20e-05 1.50e-05 1.76e-05 1.24e-05
1.16e+10 0.00012 -1.325  6.57e-06 6.90e-06 9.79e-06 1.01e-05 1.27e-05 1.71e-05 1.76e-05 1.28e-05
1.16e+10 0.00012 -1.275  6.67e-06 7.24e-06 8.63e-06 9.91e-06 1.30e-05 1.78e-05 2.06e-05 1.33e-05
1.16e+10 0.00012 -1.225  6.63e-06 7.61e-06 9.04e-06 1.06e-05 1.38e-05 1.88e-05 2.19e-05 1.39e-05
1.16e+10 0.00012 -1.175  7.20e-06 8.02e-06 8.70e-06 1.02e-05 1.50e-05 2.17e-05 2.21e-05 1.46e-05
1.16e+10 0.00012 -1.125  7.94e-06 8.24e-06 9.99e-06 1.18e-05 1.50e-05 2.19e-05 2.66e-05 1.54e-05
1.16e+10 0.00012 -1.075  7.63e-06 8.43e-06 1.01e-05 1.17e-05 1.64e-05 2.42e-05 2.59e-05 1.65e-05
1.16e+10 0.00012 -1.025  8.00e-06 8.87e-06 1.04e-05 1.27e-05 1.72e-05 2.67e-05 3.02e-05 1.76e-05
1.16e+10 0.00012 -0.975  8.45e-06 9.18e-06 1.06e-05 1.30e-05 1.84e-05 2.92e-05 3.53e-05 1.88e-05
1.16e+10 0.00012 -0.925  8.88e-06 2.69e-05 1.06e-05 1.31e-05 2.18e-05 3.50e-05 3.24e-05 2.10e-05
1.16e+10 0.00012 -0.875  1.56e-05 1.19e-05 1.21e-05 1.52e-05 2.19e-05 3.27e-05 3.50e-05 2.27e-05
1.16e+10 0.00012 -0.825  2.11e-05 1.19e-05 1.22e-05 1.53e-05 2.63e-05 3.40e-05 3.42e-05 2.56e-05
1.16e+10 0.00012 -0.775  1.18e-05 1.17e-05 1.34e-05 1.73e-05 2.70e-05 3.58e-05 3.61e-05 2.74e-05
1.16e+10 0.00012 -0.725  1.15e-05 1.77e-05 1.36e-05 1.76e-05 3.16e-05 3.50e-05 3.45e-05 3.09e-05
1.16e+10 0.00012 -0.675  1.15e-05 1.18e-05 1.49e-05 2.02e-05 3.90e-05 3.59e-05 3.67e-05 3.82e-05
1.16e+10 0.00012 -0.625  1.72e-05 9.16e-06 1.60e-05 2.23e-05 3.66e-05 3.48e-05 3.75e-05 3.58e-05
1.16e+10 0.00012 -0.575  1.21e-05 9.04e-06 1.75e-05 2.57e-05 3.60e-05 3.73e-05 3.74e-05 3.69e-05
1.16e+10 0.00012 -0.525  8.84e-06 9.04e-06 1.85e-05 2.85e-05 3.58e-05 3.84e-05 3.93e-05 3.56e-05
1.16e+10 0.00012 -0.475  8.88e-06 9.51e-06 2.23e-05 3.51e-05 3.74e-05 3.91e-05 4.09e-05 3.65e-05
1.16e+10 0.00012 -0.425  9.04e-06 1.05e-05 2.42e-05 3.98e-05 3.66e-05 4.07e-05 4.03e-05 3.67e-05
1.16e+10 0.00012 -0.375  9.45e-06 1.05e-05 3.09e-05 4.06e-05 3.80e-05 4.16e-05 4.49e-05 3.88e-05
1.16e+10 0.00012 -0.325  1.05e-05 1.10e-05 3.90e-05 3.87e-05 3.98e-05 4.36e-05 4.52e-05 3.87e-05
1.16e+10 0.00012 -0.275  1.06e-05 1.18e-05 4.13e-05 4.00e-05 4.06e-05 4.64e-05 4.77e-05 4.07e-05
1.16e+10 0.00012 -0.225  1.06e-05 1.23e-05 4.16e-05 3.90e-05 4.38e-05 4.58e-05 4.79e-05 4.41e-05
1.16e+10 0.00012 -0.175  1.12e-05 1.33e-05 4.25e-05 4.15e-05 4.47e-05 4.75e-05 4.91e-05 4.41e-05
1.16e+10 0.00012 -0.125  1.26e-05 1.41e-05 4.20e-05 4.22e-05 4.46e-05 5.19e-05 5.45e-05 4.56e-05
1.16e+10 0.00012 -0.075  1.26e-05 1.54e-05 4.38e-05 4.50e-05 4.72e-05 5.32e-05 5.67e-05 4.69e-05
1.16e+10 0.00012 -0.025  1.38e-05 1.80e-05 4.47e-05 4.74e-05 5.05e-05 5.99e-05 6.14e-05 5.16e-05
1.16e+10 0.00012  0.025  1.53e-05 2.27e-05 4.67e-05 4.87e-05 5.55e-05 6.35e-05 6.95e-05 5.48e-05
1.16e+10 0.00012  0.075  1.60e-05 2.68e-05 4.91e-05 5.19e-05 6.20e-05 7.68e-05 8.46e-05 6.05e-05
1.16e+10 0.00012  0.125  1.89e-05 4.32e-05 5.09e-05 5.89e-05 7.44e-05 2.30e-04 2.17e-04 7.33e-05
1.16e+10 0.00012  0.175  2.34e-05 7.39e-05 5.92e-05 6.87e-05 2.28e-04 4.92e-05 5.18e-05 2.34e-04
1.16e+10 0.00012  0.225  2.97e-05 7.16e-05 6.88e-05 2.37e-04 4.48e-05 5.00e-05 4.75e-05 4.58e-05
1.16e+10 0.00012  0.275  4.93e-05 7.47e-05 2.38e-04 4.06e-05 4.41e-05 4.40e-05 4.77e-05 4.50e-05
1.16e+10 0.00012  0.325  6.32e-05 7.29e-05 3.88e-05 3.81e-05 3.72e-05 4.56e-05 4.75e-05 3.72e-05
1.16e+10 0.00012  0.375  7.24e-05 8.66e-05 3.31e-05 3.31e-05 4.05e-05 4.75e-05 4.81e-05 4.07e-05
1.16e+10 0.00012  0.425  8.79e-05 2.41e-04 2.99e-05 3.47e-05 4.07e-05 4.79e-05 5.01e-05 4.07e-05
1.16e+10 0.00012  0.475  1.23e-04 3.30e-05 2.98e-05 3.51e-05 4.26e-05 5.01e-05 5.03e-05 4.26e-05
1.16e+10 0.00012  0.525  2.54e-04 2.01e-05 3.31e-05 3.51e-05 4.37e-05 4.81e-05 5.43e-05 4.56e-05
1.16e+10 0.00012  0.575  2.71e-05 2.20e-05 3.29e-05 3.86e-05 4.56e-05 5.31e-05 5.23e-05 4.37e-05
1.16e+10 0.00012  0.625  1.97e-05 2.19e-05 3.39e-05 3.86e-05 4.75e-05 5.43e-05 5.64e-05 4.75e-05
1.16e+10 0.00012  0.675  2.11e-05 2.25e-05 3.65e-05 4.05e-05 4.75e-05 5.28e-05 5.42e-05 4.94e-05
1.16e+10 0.00012  0.725  2.19e-05 2.44e-05 3.65e-05 4.23e-05 4.85e-05 5.64e-05 5.78e-05 4.92e-05
1.16e+10 0.00012  0.775  2.24e-05 2.38e-05 3.81e-05 4.18e-05 5.21e-05 5.65e-05 5.89e-05 5.01e-05
1.16e+10 0.00012  0.825  2.35e-05 2.62e-05 3.86e-05 4.56e-05 5.02e-05 5.76e-05 5.89e-05 5.12e-05
1.16e+10 0.00012  0.875  2.36e-05 2.62e-05 4.04e-05 4.56e-05 5.43e-05 5.89e-05 6.12e-05 5.43e-05
1.16e+10 0.00012  0.925  2.62e-05 2.88e-05 4.23e-05 4.75e-05 5.43e-05 6.06e-05 6.08e-05 5.43e-05
1.16e+10 0.00012  0.975  2.62e-05 2.83e-05 4.29e-05 4.94e-05 5.79e-05 6.32e-05 6.16e-05 5.84e-05
1.16e+10 0.00012  1.025  2.74e-05 3.01e-05 4.75e-05 5.04e-05 5.65e-05 6.08e-05 6.70e-05 5.65e-05
1.16e+10 0.00012  1.075  2.83e-05 3.10e-05 4.56e-05 5.21e-05 5.90e-05 6.50e-05 6.70e-05 5.88e-05
1.16e+10 0.00012  1.125  2.88e-05 3.15e-05 4.94e-05 5.23e-05 5.89e-05 6.99e-05 6.93e-05 5.89e-05
1.16e+10 0.00012  1.175  3.10e-05 3.42e-05 4.94e-05 5.43e-05 6.16e-05 6.70e-05 7.24e-05 5.89e-05
1.16e+10 0.00012  1.225  3.10e-05 3.42e-05 5.04e-05 5.65e-05 6.30e-05 7.26e-05 7.53e-05 6.44e-05
1.16e+10 0.00012  1.275  3.42e-05 3.74e-05 5.21e-05 5.80e-05 6.32e-05 7.63e-05 7.88e-05 6.32e-05
1.16e+10 0.00012  1.325  3.42e-05 3.80e-05 5.45e-05 5.87e-05 6.50e-05 7.92e-05 8.37e-05 6.40e-05
1.16e+10 0.00012  1.375  3.68e-05 3.84e-05 5.65e-05 6.02e-05 6.94e-05 8.37e-05 9.01e-05 6.99e-05
1.16e+10 0.00012  1.425  3.65e-05 4.02e-05 5.65e-05 6.15e-05 6.99e-05 8.90e-05 9.10e-05 6.99e-05
1.16e+10 0.00012  1.475  3.77e-05 4.19e-05 5.82e-05 6.16e-05 7.51e-05 9.09e-05 9.60e-05 7.49e-05
1.16e+10 0.00012  1.525  4.02e-05 4.23e-05 6.10e-05 6.44e-05 7.62e-05 9.67e-05 9.61e-05 7.62e-05
1.16e+10 0.00012  1.575  4.02e-05 4.40e-05 6.15e-05 6.56e-05 8.13e-05 1.02e-04 1.03e-04 8.46e-05
1.16e+10 0.00012  1.625  4.39e-05 4.85e-05 6.15e-05 6.74e-05 8.86e-05 1.09e-04 1.15e-04 8.37e-05
1.16e+10 0.00012  1.675  4.24e-05 4.75e-05 6.43e-05 7.28e-05 9.17e-05 1.10e-04 1.09e-04 9.32e-05
1.16e+10 0.00012  1.725  4.69e-05 4.94e-05 6.83e-05 7.28e-05 1.02e-04 1.16e-04 1.15e-04 1.02e-04
1.16e+10 0.00012  1.775  4.75e-05 5.13e-05 6.56e-05 7.85e-05 1.02e-04 1.18e-04 1.30e-04 9.74e-05
1.16e+10 0.00012  1.825  4.75e-05 5.22e-05 7.03e-05 8.01e-05 1.15e-04 1.30e-04 1.22e-04 1.15e-04
1.16e+10 0.00012  1.875  5.13e-05 5.61e-05 7.57e-05 9.02e-05 1.15e-04 1.30e-04 1.37e-04 1.09e-04
1.16e+10 0.00012  1.925  5.14e-05 5.47e-05 7.75e-05 9.36e-05 1.28e-04 1.43e-04 1.62e-04 1.28e-04
1.16e+10 0.00012  1.975  5.41e-05 5.87e-05 8.38e-05 1.04e-04 1.24e-04 1.62e-04 1.52e-04 1.24e-04
1.16e+10 0.00012  2.025  5.42e-05 5.87e-05 8.56e-05 1.08e-04 1.35e-04 1.63e-04 1.96e-04 1.35e-04
1.16e+10 0.00012  2.075  5.78e-05 6.30e-05 1.03e-04 1.23e-04 1.48e-04 1.96e-04 1.94e-04 1.39e-04
1.16e+10 0.00012  2.125  5.87e-05 6.10e-05 1.03e-04 1.22e-04 1.52e-04 2.08e-04 1.94e-04 1.39e-04
1.16e+10 0.00012  2.175  6.00e-05 6.62e-05 1.14e-04 1.39e-04 1.73e-04 2.12e-04 2.68e-04 1.73e-04
1.16e+10 0.00012  2.225  6.10e-05 6.69e-05 1.24e-04 1.38e-04 1.73e-04 2.54e-04 2.55e-04 1.73e-04
1.16e+10 0.00012  2.275  6.25e-05 6.74e-05 1.41e-04 1.52e-04 2.03e-04 2.73e-04 2.62e-04 1.97e-04
1.16e+10 0.00012  2.325  6.69e-05 7.05e-05 1.43e-04 1.56e-04 2.22e-04 2.80e-04 3.32e-04 2.22e-04
1.16e+10 0.00012  2.375  6.69e-05 7.21e-05 1.53e-04 1.69e-04 2.31e-04 3.45e-04 4.03e-04 2.22e-04
1.16e+10 0.00012  2.425  7.07e-05 8.08e-05 1.61e-04 1.84e-04 2.91e-04 4.24e-04 4.25e-04 2.72e-04
1.16e+10 0.00012  2.475  7.05e-05 8.16e-05 1.74e-04 1.98e-04 2.73e-04 4.26e-04 4.29e-04 2.73e-04
1.16e+10 0.00012  2.525  7.47e-05 9.28e-05 1.97e-04 2.35e-04 3.01e-04 4.68e-04 5.10e-04 3.02e-04
1.16e+10 0.00012  2.575  8.15e-05 9.98e-05 1.95e-04 2.36e-04 3.92e-04 5.11e-04 5.12e-04 3.76e-04
1.16e+10 0.00012  2.625  8.67e-05 1.18e-04 2.30e-04 2.87e-04 4.42e-04 5.13e-04 5.28e-04 4.24e-04
1.16e+10 0.00012  2.675  9.53e-05 1.27e-04 2.49e-04 2.91e-04 4.44e-04 5.42e-04 6.09e-04 4.44e-04
1.16e+10 0.00012  2.725  1.11e-04 1.48e-04 2.67e-04 3.06e-04 4.87e-04 6.48e-04 7.27e-04 4.73e-04
1.16e+10 0.00012  2.775  1.20e-04 1.78e-04 3.09e-04 3.91e-04 5.37e-04 7.29e-04 7.49e-04 5.37e-04
1.16e+10 0.00012  2.825  1.48e-04 1.84e-04 3.10e-04 4.42e-04 5.14e-04 7.59e-04 8.04e-04 5.13e-04
1.16e+10 0.00012  2.875  1.64e-04 2.05e-04 3.78e-04 4.44e-04 5.65e-04 8.05e-04 8.41e-04 5.53e-04
1.16e+10 0.00012  2.925  1.89e-04 2.35e-04 4.37e-04 4.99e-04 7.32e-04 8.43e-04 8.83e-04 6.90e-04
1.16e+10 0.00012  2.975  2.11e-04 2.45e-04 4.61e-04 5.37e-04 7.04e-04 8.95e-04 9.35e-04 7.03e-04
1.16e+10 0.00012  3.025  2.33e-04 2.49e-04 4.96e-04 5.13e-04 7.93e-04 9.01e-04 9.66e-04 7.57e-04
1.16e+10 0.00012  3.075  2.41e-04 2.93e-04 5.36e-04 5.85e-04 8.07e-04 1.03e-03 1.07e-03 8.06e-04
1.16e+10 0.00012  3.125  2.71e-04 3.05e-04 5.39e-04 6.85e-04 8.28e-04 1.03e-03 1.04e-03 8.51e-04
1.16e+10 0.00012  3.175  3.08e-04 3.63e-04 5.45e-04 7.04e-04 8.63e-04 1.04e-03 1.20e-03 8.61e-04
1.16e+10 0.00012  3.225  3.05e-04 3.46e-04 6.71e-04 7.69e-04 9.03e-04 1.17e-03 1.24e-03 9.02e-04
1.16e+10 0.00012  3.275  3.73e-04 4.27e-04 7.03e-04 7.74e-04 9.89e-04 1.24e-03 1.29e-03 1.00e-03
1.16e+10 0.00012  3.325  3.64e-04 4.76e-04 7.33e-04 8.18e-04 1.04e-03 1.29e-03 1.35e-03 9.95e-04
1.16e+10 0.00012  3.375  4.27e-04 4.79e-04 7.73e-04 8.61e-04 1.00e-03 1.31e-03 1.44e-03 1.00e-03
1.16e+10 0.00012  3.425  4.94e-04 5.50e-04 8.10e-04 8.67e-04 1.14e-03 1.45e-03 1.51e-03 1.17e-03
1.16e+10 0.00012  3.475  4.97e-04 5.37e-04 8.22e-04 9.60e-04 1.20e-03 1.46e-03 1.63e-03 1.20e-03
1.16e+10 0.00012  3.525  5.40e-04 5.65e-04 8.66e-04 9.55e-04 1.21e-03 1.63e-03 1.67e-03 1.21e-03
1.16e+10 0.00012  3.575  5.63e-04 5.96e-04 8.87e-04 1.00e-03 1.32e-03 1.63e-03 1.82e-03 1.31e-03
1.16e+10 0.00012  3.625  5.68e-04 6.74e-04 9.52e-04 1.08e-03 1.40e-03 1.76e-03 1.85e-03 1.39e-03
1.16e+10 0.00012  3.675  6.19e-04 7.04e-04 9.59e-04 1.15e-03 1.37e-03 1.79e-03 2.02e-03 1.41e-03
1.16e+10 0.00012  3.725  6.75e-04 7.29e-04 1.01e-03 1.16e-03 1.58e-03 1.96e-03 2.04e-03 1.52e-03
1.16e+10 0.00012  3.775  7.05e-04 7.42e-04 1.10e-03 1.23e-03 1.54e-03 2.02e-03 2.23e-03 1.54e-03
1.16e+10 0.00012  3.825  7.47e-04 7.86e-04 1.16e-03 1.29e-03 1.64e-03 2.15e-03 2.30e-03 1.72e-03
1.16e+10 0.00012  3.875  7.75e-04 7.92e-04 1.14e-03 1.36e-03 1.72e-03 2.17e-03 2.41e-03 1.72e-03
1.16e+10 0.00012  3.925  7.94e-04 8.32e-04 1.22e-03 1.39e-03 1.89e-03 2.34e-03 2.59e-03 1.82e-03
1.16e+10 0.00012  3.975  7.93e-04 8.66e-04 1.30e-03 1.48e-03 1.85e-03 2.48e-03 2.75e-03 1.91e-03
1.16e+10 0.00012  4.025  8.33e-04 9.13e-04 1.32e-03 1.53e-03 2.01e-03 2.66e-03 2.85e-03 1.99e-03
1.16e+10 0.00012  4.075  8.85e-04 8.80e-04 1.47e-03 1.64e-03 2.10e-03 2.64e-03 2.91e-03 2.09e-03
1.16e+10 0.00012  4.125  8.74e-04 9.30e-04 1.44e-03 1.67e-03 2.17e-03 2.81e-03 2.98e-03 2.25e-03
1.16e+10 0.00012  4.175  9.21e-04 1.06e-03 1.53e-03 1.83e-03 2.33e-03 2.91e-03 3.18e-03 2.27e-03
1.16e+10 0.00012  4.225  9.81e-04 1.07e-03 1.59e-03 1.80e-03 2.36e-03 2.98e-03 3.30e-03 2.49e-03
1.16e+10 0.00012  4.275  1.02e-03 1.04e-03 1.68e-03 2.00e-03 2.53e-03 3.07e-03 3.47e-03 2.53e-03
1.16e+10 0.00012  4.325  1.03e-03 1.15e-03 1.71e-03 1.95e-03 2.63e-03 3.25e-03 3.61e-03 2.63e-03
1.16e+10 0.00012  4.375  1.08e-03 1.22e-03 1.81e-03 2.15e-03 2.66e-03 3.44e-03 3.84e-03 2.66e-03
1.16e+10 0.00012  4.425  1.15e-03 1.21e-03 1.93e-03 2.24e-03 2.79e-03 3.49e-03 3.93e-03 2.88e-03
1.16e+10 0.00012  4.475  1.19e-03 1.24e-03 1.88e-03 2.32e-03 2.90e-03 3.67e-03 4.03e-03 2.90e-03
1.16e+10 0.00012  4.525  1.22e-03 1.33e-03 2.13e-03 2.38e-03 3.00e-03 3.82e-03 4.23e-03 3.00e-03
1.16e+10 0.00012  4.575  1.25e-03 1.37e-03 2.14e-03 2.55e-03 3.07e-03 3.86e-03 4.28e-03 3.17e-03
1.16e+10 0.00012  4.625  1.33e-03 1.46e-03 2.22e-03 2.57e-03 3.22e-03 4.06e-03 4.37e-03 3.27e-03
1.16e+10 0.00012  4.675  1.33e-03 1.47e-03 2.30e-03 2.60e-03 3.33e-03 4.17e-03 4.61e-03 3.45e-03
1.16e+10 0.00012  4.725  1.40e-03 1.50e-03 2.39e-03 2.80e-03 3.48e-03 4.12e-03 4.63e-03 3.49e-03
1.16e+10 0.00012  4.775  1.41e-03 1.59e-03 2.49e-03 2.79e-03 3.60e-03 4.38e-03 4.75e-03 3.62e-03
1.16e+10 0.00012  4.825  1.50e-03 1.65e-03 2.50e-03 2.96e-03 3.64e-03 4.48e-03 5.04e-03 3.76e-03
1.16e+10 0.00012  4.875  1.59e-03 1.70e-03 2.62e-03 3.05e-03 3.73e-03 4.60e-03 5.01e-03 3.81e-03
1.16e+10 0.00012  4.925  1.58e-03 1.73e-03 2.68e-03 3.16e-03 3.80e-03 4.72e-03 5.15e-03 3.84e-03
1.16e+10 0.00012  4.975  1.63e-03 1.81e-03 2.76e-03 3.26e-03 3.90e-03 4.84e-03 5.47e-03 3.96e-03
1.16e+10 0.00012  5.025  1.72e-03 1.84e-03 2.86e-03 3.34e-03 4.04e-03 4.97e-03 5.45e-03 4.14e-03
1.16e+10 0.00012  5.075  1.68e-03 1.93e-03 2.89e-03 3.41e-03 4.01e-03 5.10e-03 5.23e-03 4.15e-03
1.16e+10 0.00012  5.125  1.85e-03 2.04e-03 3.09e-03 3.46e-03 4.38e-03 5.24e-03 5.56e-03 4.40e-03
1.16e+10 0.00012  5.175  1.88e-03 2.08e-03 3.02e-03 3.64e-03 4.33e-03 5.20e-03 5.52e-03 4.51e-03
1.16e+10 0.00012  5.225  1.91e-03 2.08e-03 3.22e-03 3.57e-03 4.43e-03 5.14e-03 5.67e-03 4.46e-03
1.16e+10 0.00012  5.275  1.92e-03 2.15e-03 3.23e-03 3.70e-03 4.54e-03 5.47e-03 5.83e-03 4.74e-03
1.16e+10 0.00012  5.325  2.04e-03 2.21e-03 3.31e-03 3.73e-03 4.65e-03 5.42e-03 5.99e-03 4.69e-03
1.16e+10 0.00012  5.375  2.06e-03 2.33e-03 3.30e-03 3.99e-03 4.77e-03 5.57e-03 6.38e-03 4.98e-03
1.16e+10 0.00012  5.425  2.18e-03 2.28e-03 3.42e-03 4.08e-03 4.89e-03 5.72e-03 6.45e-03 4.93e-03
1.16e+10 0.00012  5.475  2.12e-03 2.44e-03 3.44e-03 4.01e-03 5.01e-03 6.09e-03 7.68e-03 5.06e-03
1.16e+10 0.00012  5.525  2.26e-03 2.39e-03 3.46e-03 4.27e-03 4.95e-03 6.04e-03 7.83e-03 4.99e-03
1.16e+10 0.00012  5.575  2.31e-03 2.47e-03 3.68e-03 4.37e-03 5.07e-03 7.03e-03 7.99e-03 5.12e-03
1.16e+10 0.00012  5.625  2.28e-03 2.59e-03 3.76e-03 4.30e-03 5.20e-03 7.47e-03 8.15e-03 5.45e-03
1.16e+10 0.00012  5.675  2.41e-03 2.54e-03 3.84e-03 4.58e-03 5.34e-03 7.61e-03 8.32e-03 5.39e-03
1.16e+10 0.00012  5.725  2.41e-03 2.63e-03 3.92e-03 4.51e-03 5.26e-03 7.76e-03 8.50e-03 5.53e-03
1.16e+10 0.00012  5.775  2.48e-03 2.68e-03 4.01e-03 4.80e-03 5.61e-03 7.91e-03 9.12e-03 5.90e-03
1.16e+10 0.00012  5.825  2.58e-03 2.70e-03 4.10e-03 4.53e-03 5.76e-03 8.39e-03 9.62e-03 5.83e-03
1.16e+10 0.00012  5.875  2.65e-03 2.75e-03 4.19e-03 4.83e-03 6.17e-03 8.24e-03 9.85e-03 6.86e-03
1.16e+10 0.00012  5.925  2.63e-03 2.84e-03 4.28e-03 4.95e-03 7.12e-03 8.82e-03 1.05e-02 7.19e-03
1.16e+10 0.00012  5.975  2.72e-03 2.83e-03 4.38e-03 5.07e-03 7.25e-03 9.68e-03 1.04e-02 7.32e-03
1.16e+10 0.00012  6.025  2.71e-03 2.86e-03 4.29e-03 5.20e-03 7.39e-03 9.92e-03 1.06e-02 7.76e-03
1.16e+10 0.00012  6.075  2.80e-03 3.01e-03 4.57e-03 5.33e-03 7.53e-03 9.76e-03 1.18e-02 7.60e-03
1.16e+10 0.00012  6.125  2.97e-03 2.92e-03 4.48e-03 5.24e-03 7.67e-03 1.04e-02 1.31e-02 7.75e-03
1.16e+10 0.00012  6.175  2.87e-03 3.18e-03 4.78e-03 5.60e-03 8.13e-03 1.03e-02 1.41e-02 8.22e-03
1.16e+10 0.00012  6.225  3.03e-03 3.09e-03 4.69e-03 6.47e-03 8.02e-03 1.17e-02 1.38e-02 8.63e-03
1.16e+10 0.00012  6.275  3.08e-03 3.30e-03 5.01e-03 6.88e-03 8.80e-03 1.31e-02 1.36e-02 9.27e-03
1.16e+10 0.00012  6.325  3.29e-03 3.37e-03 4.91e-03 7.00e-03 9.37e-03 1.35e-02 1.45e-02 9.10e-03
1.16e+10 0.00012  6.375  3.27e-03 3.43e-03 5.25e-03 7.13e-03 9.20e-03 1.36e-02 1.45e-02 9.70e-03
1.16e+10 0.00012  6.425  3.49e-03 3.33e-03 5.15e-03 7.26e-03 9.80e-03 1.36e-02 1.50e-02 9.93e-03
1.16e+10 0.00012  6.475  3.40e-03 3.56e-03 6.12e-03 7.39e-03 9.63e-03 1.35e-02 1.61e-02 1.02e-02
1.16e+10 0.00012  6.525  3.63e-03 3.62e-03 6.29e-03 7.53e-03 1.03e-02 1.51e-02 1.61e-02 1.02e-02
1.16e+10 0.00012  6.575  3.53e-03 3.69e-03 6.69e-03 7.75e-03 1.14e-02 1.50e-02 1.73e-02 1.30e-02
1.16e+10 0.00012  6.625  3.77e-03 3.59e-03 6.80e-03 8.43e-03 1.26e-02 1.55e-02 1.56e-02 1.28e-02
1.16e+10 0.00012  6.675  3.67e-03 3.84e-03 6.92e-03 8.99e-03 1.30e-02 1.61e-02 1.50e-02 1.38e-02
1.16e+10 0.00012  6.725  3.92e-03 3.91e-03 6.73e-03 8.80e-03 1.37e-02 1.67e-02 1.49e-02 1.34e-02
1.16e+10 0.00012  6.775  3.82e-03 3.99e-03 7.16e-03 9.39e-03 1.31e-02 1.57e-02 1.60e-02 1.34e-02
1.16e+10 0.00012  6.825  4.08e-03 3.88e-03 7.29e-03 9.20e-03 1.35e-02 1.50e-02 1.66e-02 1.39e-02
1.16e+10 0.00012  6.875  4.17e-03 4.15e-03 7.62e-03 9.82e-03 1.43e-02 1.48e-02 1.65e-02 1.42e-02
1.16e+10 0.00012  6.925  4.26e-03 4.24e-03 8.52e-03 1.03e-02 1.43e-02 1.60e-02 1.78e-02 1.52e-02
1.16e+10 0.00012  6.975  4.35e-03 4.32e-03 8.31e-03 1.25e-02 1.54e-02 1.59e-02 1.52e-02 1.58e-02
1.16e+10 0.00012  7.025  4.44e-03 4.20e-03 8.49e-03 1.23e-02 1.53e-02 1.71e-02 1.39e-02 1.57e-02
1.16e+10 0.00012  7.075  4.54e-03 4.50e-03 8.66e-03 1.33e-02 1.65e-02 1.70e-02 1.50e-02 1.69e-02
1.16e+10 0.00012  7.125  4.64e-03 4.60e-03 9.25e-03 1.28e-02 1.60e-02 1.55e-02 1.48e-02 1.44e-02
1.16e+10 0.00012  7.175  4.74e-03 4.70e-03 9.05e-03 1.29e-02 1.43e-02 1.39e-02 1.52e-02 1.46e-02
1.16e+10 0.00012  7.225  4.85e-03 4.88e-03 1.02e-02 1.32e-02 1.47e-02 1.49e-02 1.64e-02 1.57e-02
1.16e+10 0.00012  7.275  4.96e-03 5.69e-03 1.20e-02 1.41e-02 1.52e-02 1.47e-02 1.62e-02 1.55e-02
1.16e+10 0.00012  7.325  5.56e-03 6.07e-03 1.18e-02 1.46e-02 1.64e-02 1.52e-02 1.68e-02 1.61e-02
1.16e+10 0.00012  7.375  6.30e-03 5.87e-03 1.27e-02 1.51e-02 1.63e-02 1.64e-02 1.81e-02 1.66e-02
1.16e+10 0.00012  7.425  6.40e-03 5.95e-03 1.23e-02 1.56e-02 1.68e-02 1.62e-02 1.41e-02 1.72e-02
1.16e+10 0.00012  7.475  6.21e-03 6.04e-03 1.24e-02 1.55e-02 1.64e-02 1.67e-02 1.34e-02 1.38e-02
1.16e+10 0.00012  7.525  6.61e-03 6.13e-03 1.30e-02 1.48e-02 1.38e-02 1.81e-02 1.37e-02 1.46e-02
1.16e+10 0.00012  7.575  6.72e-03 6.23e-03 1.35e-02 1.44e-02 1.41e-02 1.45e-02 1.47e-02 1.44e-02
1.16e+10 0.00012  7.625  6.52e-03 6.33e-03 1.39e-02 1.49e-02 1.52e-02 1.39e-02 1.45e-02 1.49e-02
1.16e+10 0.00012  7.675  6.95e-03 6.71e-03 1.44e-02 1.47e-02 1.50e-02 1.37e-02 1.49e-02 1.53e-02
1.16e+10 0.00012  7.725  7.39e-03 7.36e-03 1.48e-02 1.59e-02 1.55e-02 1.47e-02 1.53e-02 1.58e-02
1.16e+10 0.00012  7.775  7.73e-03 7.11e-03 1.47e-02 1.64e-02 1.60e-02 1.45e-02 1.65e-02 1.63e-02
1.16e+10 0.00012  7.825  7.88e-03 7.62e-03 1.52e-02 1.63e-02 1.65e-02 1.55e-02 1.62e-02 1.76e-02
1.16e+10 0.00012  7.875  8.42e-03 7.76e-03 1.37e-02 1.50e-02 1.78e-02 1.53e-02 1.67e-02 1.75e-02
1.16e+10 0.00012  7.925  8.20e-03 7.51e-03 1.41e-02 1.38e-02 1.61e-02 1.65e-02 1.40e-02 1.33e-02
1.16e+10 0.00012  7.975  8.77e-03 8.06e-03 1.45e-02 1.42e-02 1.38e-02 1.62e-02 1.45e-02 1.34e-02
1.16e+10 0.00012  8.025  8.55e-03 7.80e-03 1.50e-02 1.47e-02 1.36e-02 1.75e-02 1.42e-02 1.44e-02
1.16e+10 0.00012  8.075  9.14e-03 8.81e-03 1.48e-02 1.44e-02 1.46e-02 1.45e-02 1.46e-02 1.42e-02
1.16e+10 0.00012  8.125  1.11e-02 1.08e-02 1.60e-02 1.56e-02 1.43e-02 1.39e-02 1.50e-02 1.52e-02
1.16e+10 0.00012  8.175  1.16e-02 1.05e-02 1.65e-02 1.61e-02 1.54e-02 1.49e-02 1.54e-02 1.50e-02
1.16e+10 0.00012  8.225  1.25e-02 1.14e-02 1.30e-02 1.66e-02 1.58e-02 1.53e-02 1.39e-02 1.54e-02
1.16e+10 0.00012  8.275  1.23e-02 1.18e-02 1.34e-02 1.63e-02 1.56e-02 1.50e-02 1.32e-02 1.66e-02
1.16e+10 0.00012  8.325  1.17e-02 1.07e-02 1.37e-02 1.59e-02 1.68e-02 1.62e-02 1.29e-02 1.63e-02
1.16e+10 0.00012  8.375  1.25e-02 1.15e-02 1.41e-02 1.32e-02 1.66e-02 1.39e-02 1.32e-02 1.65e-02
1.16e+10 0.00012  8.425  1.28e-02 1.19e-02 1.52e-02 1.42e-02 1.57e-02 1.32e-02 1.41e-02 1.42e-02
1.16e+10 0.00012  8.475  1.30e-02 1.18e-02 1.50e-02 1.39e-02 1.44e-02 1.36e-02 1.38e-02 1.46e-02
1.16e+10 0.00012  8.525  1.40e-02 1.27e-02 1.54e-02 1.43e-02 1.48e-02 1.39e-02 1.41e-02 1.43e-02
1.16e+10 0.00012  8.575  1.39e-02 1.31e-02 1.59e-02 1.47e-02 1.52e-02 1.48e-02 1.37e-02 1.54e-02
1.16e+10 0.00012  8.625  1.50e-02 1.34e-02 1.64e-02 1.51e-02 1.56e-02 1.46e-02 1.20e-02 1.51e-02
1.16e+10 0.00012  8.675  1.55e-02 1.39e-02 1.45e-02 1.56e-02 1.61e-02 1.42e-02 1.00e-02 1.62e-02
1.16e+10 0.00012  8.725  1.42e-02 1.43e-02 1.33e-02 1.60e-02 1.53e-02 1.39e-02 1.02e-02 1.33e-02
1.16e+10 0.00012  8.775  1.31e-02 1.24e-02 1.30e-02 1.65e-02 1.38e-02 1.17e-02 1.04e-02 1.33e-02
1.16e+10 0.00012  8.825  1.42e-02 1.26e-02 1.33e-02 1.61e-02 1.41e-02 1.06e-02 1.06e-02 1.36e-02
1.16e+10 0.00012  8.875  1.40e-02 1.29e-02 1.43e-02 1.37e-02 1.38e-02 1.08e-02 1.08e-02 1.45e-02
1.16e+10 0.00012  8.925  1.51e-02 1.33e-02 1.40e-02 1.47e-02 1.48e-02 1.10e-02 1.09e-02 1.43e-02
1.16e+10 0.00012  8.975  1.48e-02 1.37e-02 1.51e-02 1.45e-02 1.52e-02 1.12e-02 1.11e-02 1.46e-02
1.16e+10 0.00012  9.025  1.61e-02 1.41e-02 1.48e-02 1.55e-02 1.48e-02 1.20e-02 1.07e-02 1.43e-02
1.16e+10 0.00012  9.075  1.54e-02 1.45e-02 1.52e-02 1.53e-02 1.45e-02 1.17e-02 1.03e-02 1.39e-02
1.16e+10 0.00012  9.125  1.30e-02 1.50e-02 1.64e-02 1.56e-02 1.22e-02 1.13e-02 1.04e-02 1.09e-02
1.16e+10 0.00012  9.175  1.34e-02 1.26e-02 1.53e-02 1.31e-02 1.16e-02 1.07e-02 1.06e-02 1.07e-02
1.16e+10 0.00012  9.225  1.38e-02 1.20e-02 1.36e-02 1.34e-02 1.13e-02 1.14e-02 1.13e-02 1.14e-02
1.16e+10 0.00012  9.275  1.35e-02 1.30e-02 1.40e-02 1.37e-02 1.21e-02 1.16e-02 8.65e-03 1.11e-02
1.16e+10 0.00012  9.325  1.46e-02 1.27e-02 1.37e-02 1.40e-02 1.23e-02 1.18e-02 7.24e-03 1.18e-02
1.16e+10 0.00012  9.375  1.50e-02 1.30e-02 1.47e-02 1.50e-02 1.26e-02 8.37e-03 7.02e-03 1.15e-02
1.16e+10 0.00012  9.425  1.55e-02 1.40e-02 1.51e-02 1.41e-02 1.25e-02 7.87e-03 6.98e-03 1.22e-02
1.16e+10 0.00012  9.475  1.52e-02 1.37e-02 1.55e-02 1.43e-02 1.15e-02 7.59e-03 6.72e-03 1.12e-02
1.16e+10 0.00012  9.525  1.64e-02 1.49e-02 1.30e-02 1.33e-02 1.22e-02 7.35e-03 6.79e-03 1.12e-02
1.16e+10 0.00012  9.575  1.45e-02 1.45e-02 1.27e-02 1.10e-02 1.24e-02 7.44e-03 6.87e-03 1.19e-02
1.16e+10 0.00012  9.625  1.27e-02 1.49e-02 1.30e-02 1.12e-02 1.27e-02 7.53e-03 7.29e-03 1.16e-02
1.16e+10 0.00012  9.675  1.30e-02 1.35e-02 1.33e-02 1.14e-02 1.01e-02 7.62e-03 7.02e-03 1.14e-02
1.16e+10 0.00012  9.725  1.33e-02 1.14e-02 1.36e-02 1.16e-02 8.78e-03 7.71e-03 7.10e-03 7.82e-03
1.16e+10 0.00012  9.775  1.36e-02 1.23e-02 1.39e-02 1.19e-02 8.62e-03 7.80e-03 7.54e-03 8.22e-03
1.16e+10 0.00012  9.825  1.47e-02 1.26e-02 1.42e-02 1.21e-02 8.72e-03 7.90e-03 6.17e-03 7.59e-03
1.16e+10 0.00012  9.875  1.44e-02 1.23e-02 1.38e-02 1.20e-02 8.50e-03 5.81e-03        0 8.07e-03
1.16e+10 0.00012  9.925  1.48e-02 1.32e-02 1.17e-02 1.16e-02 8.96e-03        0        0 7.83e-03
1.16e+10 0.00012  9.975  1.52e-02 1.36e-02 1.06e-02 1.18e-02 8.73e-03        0        0 7.93e-03
1.16e+10 0.00012 10.025  1.56e-02 1.32e-02 1.03e-02 1.20e-02 9.21e-03        0        0 8.38e-03
1.16e+10 0.00012 10.075  1.58e-02 1.43e-02 1.09e-02 1.22e-02 8.98e-03        0        0 8.14e-03
1.16e+10 0.00012 10.125  1.30e-02 1.39e-02 1.11e-02 9.63e-03 4.72e-03        0        0 8.24e-03
1.16e+10 0.00012 10.175  1.33e-02 1.50e-02 1.08e-02 8.49e-03        0        0        0 6.89e-03
1.16e+10 0.00012 10.225  1.43e-02 1.41e-02 1.16e-02 8.34e-03        0        0        0        0
1.16e+10 0.00012 10.275  1.40e-02 1.18e-02 1.14e-02 8.39e-03        0        0        0        0
1.16e+10 0.00012 10.325  1.43e-02 1.27e-02 1.11e-02 8.50e-03        0        0        0        0
1.16e+10 0.00012 10.375  1.47e-02 1.23e-02 1.08e-02 8.61e-03        0        0        0        0
1.16e+10 0.00012 10.425  1.40e-02 1.33e-02 1.15e-02 8.73e-03        0        0        0        0
1.16e+10 0.00012 10.475  1.20e-02 1.29e-02 1.17e-02 8.85e-03        0        0        0        0
1.16e+10 0.00012 10.525  1.29e-02 1.39e-02 1.05e-02 8.97e-03        0        0        0        0
1.16e+10 0.00012 10.575  1.31e-02 1.35e-02 7.83e-03 5.44e-03        0        0        0        0
1.16e+10 0.00012 10.625  1.28e-02 1.08e-02 7.92e-03        0        0        0        0        0
1.16e+10 0.00012 10.675  1.37e-02 1.16e-02 7.98e-03        0        0        0        0        0
1.16e+10 0.00012 10.725  1.34e-02 1.12e-02 7.75e-03        0        0        0        0        0
1.16e+10 0.00012 10.775  1.36e-02 1.20e-02 8.19e-03        0        0        0        0        0
1.16e+10 0.00012 10.825  1.31e-02 1.17e-02 7.94e-03        0        0        0        0        0
1.16e+10 0.00012 10.875  9.52e-03 1.25e-02 8.04e-03        0        0        0        0        0
1.16e+10 0.00012 10.925  1.02e-02 1.22e-02 8.50e-03        0        0        0        0        0
1.16e+10 0.00012 10.975  1.03e-02 1.17e-02 8.25e-03        0        0        0        0        0
1.16e+10 0.00012 11.025  1.00e-02 1.19e-02 5.81e-03        0        0        0        0        0
1.16e+10 0.00012 11.075  1.07e-02 9.13e-03        0        0        0        0        0        0
1.16e+10 0.00012 11.125  1.09e-02 8.65e-03        0        0        0        0        0        0
1.16e+10 0.00012 11.175  1.05e-02 8.78e-03        0        0        0        0        0        0
1.16e+10 0.00012 11.225  1.11e-02 8.41e-03        0        0        0        0        0        0
1.16e+10 0.00012 11.275  1.02e-02 9.03e-03        0        0        0        0        0        0
1.16e+10 0.00012 11.325  1.04e-02 9.17e-03        0        0        0        0        0        0
1.16e+10 0.00012 11.375  1.10e-02 8.79e-03        0        0        0        0        0        0
1.16e+10 0.00012 11.425  1.07e-02 9.44e-03        0        0        0        0        0        0
1.16e+10 0.00012 11.475  1.04e-02 9.59e-03        0        0        0        0        0        0
1.16e+10 0.00012 11.525  7.20e-03 8.65e-03        0        0        0        0        0        0
1.16e+10 0.00012 11.575  7.29e-03 8.91e-03        0        0        0        0        0        0
1.16e+10 0.00012 11.625  7.40e-03 8.59e-03        0        0        0        0        0        0
1.16e+10 0.00012 11.675  7.03e-03 9.17e-03        0        0        0        0        0        0
1.16e+10 0.00012 11.725  7.11e-03 8.84e-03        0        0        0        0        0        0
1.16e+10 0.00012 11.775  7.19e-03 9.44e-03        0        0        0        0        0        0
1.16e+10 0.00012 11.825  7.27e-03 6.75e-03        0        0        0        0        0        0
1.16e+10 0.00012 11.875  7.36e-03 5.42e-03        0        0        0        0        0        0
1.16e+10 0.00012 11.925  7.80e-03 5.77e-03        0        0        0        0        0        0
1.16e+10 0.00012 11.975  7.53e-03 5.38e-03        0        0        0        0        0        0
1.16e+10 0.00012 12.025  6.53e-03 5.33e-03        0        0        0        0        0        0
1.16e+10 0.00012 12.075         0 5.38e-03        0        0        0        0        0        0
1.16e+10 0.00012 12.125         0 5.42e-03        0        0        0        0        0        0
1.16e+10 0.00012 12.175         0 5.47e-03        0        0        0        0        0        0
1.16e+10 0.00012 12.225         0 5.52e-03        0        0        0        0        0        0
1.16e+10 0.00012 12.275         0 5.56e-03        0        0        0        0        0        0
1.16e+10 0.00012 12.325         0 5.61e-03        0        0        0        0        0        0
1.16e+10 0.00012 12.375         0 6.02e-03        0        0        0        0        0        0
1.16e+10 0.00012 12.425         0 5.72e-03        0        0        0        0        0        0
1.16e+10 0.00012 12.475         0 5.77e-03        0        0        0        0        0        0
1.16e+10 0.00012 12.525         0 4.36e-03        0        0        0        0        0        0
1.16e+10 0.00012 12.575         0        0        0        0        0        0        0        0
1.16e+10 0.00012 12.625         0        0        0        0        0        0        0        0
1.16e+10 0.00012 12.675         0        0        0        0        0        0        0        0
1.16e+10 0.00012 12.725         0        0        0        0        0        0        0        0
1.16e+10 0.00012 12.775         0        0        0        0        0        0        0        0
1.16e+10 0.00012 12.825         0        0        0        0        0        0        0        0
1.16e+10 0.00012 12.875         0        0        0        0        0        0        0        0
1.16e+10 0.00012 12.925         0        0        0        0        0        0        0        0
1.16e+10 0.00012 12.975         0        0        0        0        0        0        0        0
1.16e+10 0.00012 13.025         0        0        0        0        0        0        0        0
1.16e+10 0.00012 13.075         0        0        0        0        0        0        0        0
1.16e+10 0.00012 13.125         0        0        0        0        0        0        0        0
1.16e+10 0.00012 13.175         0        0        0        0        0        0        0        0
1.16e+10 0.00012 13.225         0        0        0        0        0        0        0        0
1.16e+10 0.00012 13.275         0        0        0        0        0        0        0        0
1.16e+10 0.00012 13.325         0        0        0        0        0        0        0        0
1.16e+10 0.00012 13.375         0        0        0        0        0        0        0        0
1.16e+10 0.00012 13.425         0        0        0        0        0        0        0        0
1.16e+10 0.00012 13.475         0        0        0        0        0        0        0        0
1.16e+10 0.00012 13.525         0        0        0        0        0        0        0        0
1.16e+10 0.00012 13.575         0        0        0        0        0        0        0        0
1.16e+10 0.00012 13.625         0        0        0        0        0        0        0        0
1.16e+10 0.00012 13.675         0        0        0        0        0        0        0        0
1.16e+10 0.00012 13.725         0        0        0        0        0        0        0        0
1.16e+10 0.00012 13.775         0        0        0        0        0        0        0        0
1.16e+10 0.00012 13.825         0        0        0        0        0        0        0        0
1.16e+10 0.00012 13.875         0        0        0        0        0        0        0        0
1.16e+10 0.00012 13.925         0        0        0        0        0        0        0        0
1.16e+10 0.00012 13.975         0        0        0        0        0        0        0        0
1.16e+10 0.00012 14.025         0        0        0        0        0        0        0        0
1.16e+10 0.00012 14.075         0        0        0        0        0        0        0        0
1.16e+10 0.00012 14.125         0        0        0        0        0        0        0        0
1.16e+10 0.00012 14.175         0        0        0        0        0        0        0        0
1.16e+10 0.00012 14.225         0        0        0        0        0        0        0        0
1.16e+10 0.00012 14.275         0        0        0        0        0        0        0        0
1.16e+10 0.00012 14.325         0        0        0        0        0        0        0        0
1.16e+10 0.00012 14.375         0        0        0        0        0        0        0        0
1.16e+10 0.00012 14.425         0        0        0        0        0        0        0        0
1.16e+10 0.00012 14.475         0        0        0        0        0        0        0        0
1.16e+10 0.00012 14.525         0        0        0        0        0        0        0        0
1.16e+10 0.00012 14.575         0        0        0        0        0        0        0        0
1.16e+10 0.00012 14.625         0        0        0        0        0        0        0        0
1.16e+10 0.00012 14.675         0        0        0        0        0        0        0        0
1.16e+10 0.00012 14.725         0        0        0        0        0        0        0        0
1.16e+10 0.00012 14.775         0        0        0        0        0        0        0        0
1.16e+10 0.00012 14.825         0        0        0        0        0        0        0        0
1.16e+10 0.00012 14.875         0        0        0        0        0        0        0        0
1.16e+10 0.00012 14.925         0        0        0        0        0        0        0        0
1.16e+10 0.00012 14.975         0        0        0        0        0        0        0        0
1.16e+10 0.00012 15.025         0        0        0        0        0        0        0        0
1.16e+10 0.00012 15.075         0        0        0        0        0        0        0        0
1.16e+10 0.00012 15.125         0        0        0        0        0        0        0        0
1.16e+10 0.00012 15.175         0        0        0        0        0        0        0        0
1.16e+10 0.00012 15.225         0        0        0        0        0        0        0        0
1.16e+10 0.00012 15.275         0        0        0        0        0        0        0        0
1.16e+10 0.00012 15.325         0        0        0        0        0        0        0        0
1.16e+10 0.00012 15.375         0        0        0        0        0        0        0        0
1.16e+10 0.00012 15.425         0        0        0        0        0        0        0        0
1.16e+10 0.00012 15.475         0        0        0        0        0        0        0        0
1.16e+10 0.00012 15.525         0        0        0        0        0        0        0        0
1.16e+10 0.00012 15.575         0        0        0        0        0        0        0        0
1.16e+10 0.00012 15.625         0        0        0        0        0        0        0        0
1.16e+10 0.00012 15.675         0        0        0        0        0        0        0        0
1.16e+10 0.00012 15.725         0        0        0        0        0        0        0        0
1.16e+10 0.00012 15.775         0        0        0        0        0        0        0        0
1.16e+10 0.00012 15.825         0        0        0        0        0        0        0        0
1.16e+10 0.00012 15.875         0        0        0        0        0        0        0        0
1.16e+10 0.00012 15.925         0        0        0        0        0        0        0        0
1.16e+10 0.00012 15.975         0        0        0        0        0        0        0        0
1.16e+10 0.00012 16.025         0        0        0        0        0        0        0        0
1.16e+10 0.00012 16.075         0        0        0        0        0        0        0        0
1.16e+10 0.00012 16.125         0        0        0        0        0        0        0        0
1.16e+10 0.00012 16.175         0        0        0        0        0        0        0        0
1.16e+10 0.00012 16.225         0        0        0        0        0        0        0        0
1.16e+10 0.00012 16.275         0        0        0        0        0        0        0        0
1.16e+10 0.00012 16.325         0        0        0        0        0        0        0        0
1.16e+10 0.00012 16.375         0        0        0        0        0        0        0        0
1.16e+10 0.00012 16.425         0        0        0        0        0        0        0        0
1.16e+10 0.00012 16.475         0        0        0        0        0        0        0        0
1.16e+10 0.00012 16.525         0        0        0        0        0        0        0        0
1.16e+10 0.00012 16.575         0        0        0        0        0        0        0        0
1.16e+10 0.00012 16.625         0        0        0        0        0        0        0        0
1.16e+10 0.00012 16.675         0        0        0        0        0        0        0        0
1.16e+10 0.00012 16.725         0        0        0        0        0        0        0        0
1.16e+10 0.00012 16.775         0        0        0        0        0        0        0        0
1.16e+10 0.00012 16.825         0        0        0        0        0        0        0        0
1.16e+10 0.00012 16.875         0        0        0        0        0        0        0        0
1.16e+10 0.00012 16.925         0        0        0        0        0        0        0        0
1.16e+10 0.00012 16.975         0        0        0        0        0        0        0        0
1.16e+10 0.00012 17.025         0        0        0        0        0        0        0        0
1.16e+10 0.00012 17.075         0        0        0        0        0        0        0        0
1.16e+10 0.00012 17.125         0        0        0        0        0        0        0        0
1.16e+10 0.00012 17.175         0        0        0        0        0        0        0        0
1.16e+10 0.00012 17.225         0        0        0        0        0        0        0        0
1.16e+10 0.00012 17.275         0        0        0        0        0        0        0        0
1.16e+10 0.00012 17.325         0        0        0        0        0        0        0        0
1.16e+10 0.00012 17.375         0        0        0        0        0        0        0        0
1.16e+10 0.00012 17.425         0        0        0        0        0        0        0        0
1.16e+10 0.00012 17.475         0        0        0        0        0        0        0        0
1.16e+10 0.00012 17.525         0        0        0        0        0        0        0        0
1.16e+10 0.00012 17.575         0        0        0        0        0        0        0        0
1.16e+10 0.00012 17.625         0        0        0        0        0        0        0        0
1.16e+10 0.00012 17.675         0        0        0        0        0        0        0        0
1.16e+10 0.00012 17.725         0        0        0        0        0        0        0        0
1.16e+10 0.00012 17.775         0        0        0        0        0        0        0        0
1.16e+10 0.00012 17.825         0        0        0        0        0        0        0        0
1.16e+10 0.00012 17.875         0        0        0        0        0        0        0        0
1.16e+10 0.00012 17.925         0        0        0        0        0        0        0        0
1.16e+10 0.00012 17.975         0        0        0        0        0        0        0        0
1.16e+10 0.00012 18.025         0        0        0        0        0        0        0        0
1.16e+10 0.00012 18.075         0        0        0        0        0        0        0        0
1.16e+10 0.00012 18.125         0        0        0        0        0        0        0        0
1.16e+10 0.00012 18.175         0        0        0        0        0        0        0        0
1.16e+10 0.00012 18.225         0        0        0        0        0        0        0        0
1.16e+10 0.00012 18.275         0        0        0        0        0        0        0        0
1.16e+10 0.00012 18.325         0        0        0        0        0        0        0        0
1.16e+10 0.00012 18.375         0        0        0        0        0        0        0        0
1.16e+10 0.00012 18.425         0        0        0        0        0        0        0        0
1.16e+10 0.00012 18.475         0        0        0        0        0        0        0        0
1.16e+10 0.00012 18.525         0        0        0        0        0        0        0        0
1.16e+10 0.00012 18.575         0        0        0        0        0        0        0        0
1.16e+10 0.00012 18.625         0        0        0        0        0        0        0        0
1.16e+10 0.00012 18.675         0        0        0        0        0        0        0        0
1.16e+10 0.00012 18.725         0        0        0        0        0        0        0        0
1.16e+10 0.00012 18.775         0        0        0        0        0        0        0        0
1.16e+10 0.00012 18.825         0        0        0        0        0        0        0        0
1.16e+10 0.00012 18.875         0        0        0        0        0        0        0        0
1.16e+10 0.00012 18.925         0        0        0        0        0        0        0        0
1.16e+10 0.00012 18.975         0        0        0        0        0        0        0        0
1.16e+10 0.00012 19.025         0        0        0        0        0        0        0        0
1.16e+10 0.00012 19.075         0        0        0        0        0        0        0        0
1.16e+10 0.00012 19.125         0        0        0        0        0        0        0        0
1.16e+10 0.00012 19.175         0        0        0        0        0        0        0        0
1.16e+10 0.00012 19.225         0        0        0        0        0        0        0        0
1.16e+10 0.00012 19.275         0        0        0        0        0        0        0        0
1.16e+10 0.00012 19.325         0        0        0        0        0        0        0        0
1.16e+10 0.00012 19.375         0        0        0        0        0        0        0        0
1.16e+10 0.00012 19.425         0        0        0        0        0        0        0        0
1.16e+10 0.00012 19.475         0        0        0        0        0        0        0        0
1.16e+10 0.00012 19.525         0        0        0        0        0        0        0        0
1.16e+10 0.00012 19.575         0        0        0        0        0        0        0        0
1.16e+10 0.00012 19.625         0        0        0        0        0        0        0        0
1.16e+10 0.00012 19.675         0        0        0        0        0        0        0        0
1.16e+10 0.00012 19.725         0        0        0        0        0        0        0        0
1.16e+10 0.00012 19.775         0        0        0        0        0        0        0        0
1.16e+10 0.00012 19.825         0        0        0        0        0        0        0        0
1.16e+10 0.00012 19.875         0        0        0        0        0        0        0        0
1.16e+10 0.00012 19.925         0        0        0        0        0        0        0        0
1.16e+10 0.00012 19.975         0        0        0        0        0        0        0        0
#isochrone terminated
