# File generated by CMD 3.3 (http://stev.oapd.inaf.it/cmd) on Fri Nov 20 18:19:03 CET 2020
# isochrones based on PARSEC release v1.2S +  COLIBRI S_35
# Basic references: Bressan et al. (2012), MNRAS, 427, 127 + Chen et al. (2014, 2015), MNRAS, 444, 2525 + MNRAS, 452, 1068 + Tang et al. (2014), MNRAS, 445, 4287 + Marigo et al. (2017), ApJ, 835, 77 + Pastorelli al. (2019), MNRAS in press
# Thermal pulse cycles included 
# On RGB, assumed Reimers mass loss with efficiency eta=0.2
# Photometric system: JWST NIRCam wide+verywide+medium filters, Vegamags
# Using OBC version of bolometric corrections as detailed in Marigo et al. (2008, A&A 482, 883) and Girardi et al. (2008, PASP 120, 583
# O-rich circumstellar dpmod60alox40 dust from Groenewegen (2006)
# C-rich circumstellar AMCSIC15 dust from Groenewegen (2006)
# IMF: Kroupa (2001, 2002) + Kroupa et al. (2013) canonical two-part-power law IMF corrected for unresolved binaries 
# Kind of output: isochrone tables
# Zini     MH   logAge Mini        int_IMF         Mass   logL    logTe  logg  label   McoreTP C_O  period0 period1 pmode  Mloss  tau1m   X   Y   Xc  Xn  Xo  Cexcess  Z 	 mbolmag  F070Wmag  F090Wmag  F115Wmag  F150Wmag  F200Wmag  F277Wmag  F356Wmag  F444Wmag  F150W2mag  F322W2mag  F140Mmag  F162Mmag  F182Mmag  F210Mmag  F250Mmag  F300Mmag  F335Mmag  F360Mmag  F410Mmag  F430Mmag  F460Mmag  F480Mmag  F150WS60mag
0.00012351 -2.10000 10.03743 0.0969537646 1.1451442242    0.097 -2.910  3.5370  5.434    1  0.000  0.545     0.00     0.00 -1 -9.55e-17      0.00 7.468e-01 2.531e-01 2.346e-05 6.329e-06 5.740e-05 -1.000 1.305e-04 12.044 11.999 11.089 10.467 9.883 9.648 9.484 9.232 9.171 9.996 9.369 10.010 9.714 9.683 9.604 9.547 9.426 9.274 9.202 9.146 9.156 9.207 9.161 9.811
0.00012351 -2.10000 10.03743 0.0992197245 1.1645553112    0.099 -2.857  3.5436  5.417    1  0.000  0.545     0.00     0.00 -1 -1.09e-16      0.00 7.463e-01 2.536e-01 2.346e-05 6.329e-06 5.740e-05 -1.000 1.304e-04 11.913 11.835 10.961 10.353 9.769 9.521 9.361 9.124 9.064 9.878 9.253 9.897 9.598 9.557 9.478 9.420 9.308 9.166 9.095 9.040 9.049 9.098 9.054 9.696
0.00012351 -2.10000 10.03743 0.1068295985 1.2257492542    0.106 -2.689  3.5648  5.366    1  0.000  0.545     0.00     0.00 -1 -1.64e-16      0.00 7.448e-01 2.551e-01 2.346e-05 6.329e-06 5.740e-05 -1.000 1.304e-04 11.494 11.323 10.551 9.987 9.412 9.135 8.986 8.794 8.736 9.508 8.899 9.541 9.238 9.172 9.094 9.037 8.944 8.833 8.768 8.715 8.722 8.766 8.728 9.338
0.00012351 -2.10000 10.03743 0.1265812516 1.3612058163    0.126 -2.432  3.5899  5.282    1  0.000  0.545     0.00     0.00 -1 -2.99e-16      0.00 7.420e-01 2.579e-01 2.346e-05 6.329e-06 5.740e-05 -1.000 1.305e-04 10.849 10.568 9.886 9.370 8.821 8.567 8.462 8.255 8.195 8.919 8.368 8.950 8.648 8.599 8.532 8.502 8.432 8.296 8.225 8.173 8.180 8.224 8.204 8.748
0.00012351 -2.10000 10.03743 0.1463329047 1.4716402292    0.146 -2.263  3.6022  5.226    1  0.000  0.545     0.00     0.00 -1 -4.38e-16      0.00 7.401e-01 2.598e-01 2.346e-05 6.329e-06 5.740e-05 -1.000 1.305e-04 10.428 10.098 9.461 8.977 8.437 8.186 8.095 7.907 7.853 8.534 8.010 8.568 8.264 8.214 8.154 8.128 8.072 7.943 7.880 7.833 7.839 7.876 7.864 8.364
0.00012351 -2.10000 10.03743 0.1660845429 1.5642192364    0.166 -2.132  3.6103  5.181    1  0.000  0.545     0.00     0.00 -1 -5.86e-16      0.00 7.391e-01 2.607e-01 2.346e-05 6.329e-06 5.740e-05 -1.000 1.304e-04 10.099 9.756 9.140 8.669 8.133 7.873 7.774 7.615 7.567 8.226 7.703 8.262 7.961 7.902 7.842 7.807 7.752 7.646 7.592 7.550 7.554 7.587 7.574 8.060
0.00012351 -2.10000 10.03743 0.2055878639 1.7124989033    0.205 -1.923  3.6216  5.111    1  0.000  0.545     0.00     0.00 -1 -9.23e-16      0.00 7.385e-01 2.613e-01 2.346e-05 6.329e-06 5.740e-05 -1.000 1.304e-04 9.577 9.216 8.627 8.176 7.646 7.380 7.266 7.147 7.107 7.737 7.213 7.773 7.479 7.409 7.350 7.299 7.244 7.169 7.131 7.094 7.097 7.122 7.109 7.575
0.00012351 -2.10000 10.03743 0.2549670041 1.8527730703    0.255 -1.730  3.6319  5.053    1  0.000  0.545     0.00     0.00 -1 -1.38e-15      0.00 7.387e-01 2.612e-01 2.346e-05 6.330e-06 5.740e-05 -1.000 1.304e-04 9.094 8.716 8.151 7.718 7.199 6.935 6.815 6.720 6.686 7.288 6.773 7.323 7.036 6.962 6.906 6.847 6.793 6.738 6.708 6.677 6.678 6.698 6.686 7.129
0.00012351 -2.10000 10.03743 0.3043461442 1.9615367651    0.304 -1.581  3.6405  5.016    1  0.000  0.545     0.00     0.00 -1 -1.86e-15      0.00 7.388e-01 2.611e-01 2.345e-05 6.330e-06 5.740e-05 -1.000 1.304e-04 8.722 8.329 7.785 7.367 6.858 6.600 6.481 6.400 6.369 6.947 6.445 6.979 6.700 6.626 6.572 6.511 6.459 6.415 6.389 6.361 6.362 6.379 6.368 6.791
0.00012351 -2.10000 10.03743 0.3537252545 2.0494811535    0.354 -1.457  3.6485  4.989    1  0.000  0.544     0.00     0.00 -1 -2.37e-15      0.00 7.394e-01 2.604e-01 2.344e-05 6.331e-06 5.740e-05 -1.000 1.304e-04 8.411 8.005 7.481 7.076 6.577 6.327 6.210 6.139 6.112 6.666 6.179 6.695 6.423 6.352 6.301 6.239 6.189 6.152 6.130 6.104 6.105 6.120 6.109 6.511
0.00012351 -2.10000 10.03743 0.4031043947 2.1227581501    0.403 -1.335  3.6570  4.958    1  0.000  0.545     0.00     0.00 -1 -3.04e-15      0.00 7.502e-01 2.497e-01 2.346e-05 6.329e-06 5.740e-05 -1.000 1.304e-04 8.108 7.690 7.186 6.795 6.306 6.064 5.952 5.890 5.866 6.396 5.925 6.421 6.156 6.088 6.040 5.979 5.932 5.902 5.882 5.859 5.860 5.873 5.864 6.242
0.00012351 -2.10000 10.03743 0.4524835348 2.1852064133    0.452 -1.187  3.6708  4.916    1  0.000  0.545     0.00     0.00 -1 -4.23e-15      0.00 7.507e-01 2.492e-01 2.346e-05 6.329e-06 5.740e-05 -1.000 1.304e-04 7.738 7.308 6.835 6.465 5.993 5.767 5.664 5.612 5.592 6.084 5.642 6.103 5.849 5.787 5.745 5.689 5.646 5.622 5.606 5.586 5.587 5.597 5.590 5.931
0.00012351 -2.10000 10.03743 0.5018626451 2.2393662930    0.502 -1.023  3.6864  4.858    1  0.000  0.545     0.00     0.00 -1 -6.27e-15      0.00 7.519e-01 2.480e-01 2.338e-05 6.308e-06 5.721e-05 -1.000 1.304e-04 7.326 6.888 6.449 6.102 5.649 5.441 5.349 5.308 5.290 5.741 5.331 5.754 5.512 5.458 5.422 5.371 5.334 5.316 5.303 5.286 5.286 5.293 5.288 5.590
0.00012351 -2.10000 10.03743 0.5512418151 2.2846839428    0.551 -0.826  3.7056  4.779    1  0.000  0.544     0.00     0.00 -1 -1.03e-14      0.00 7.818e-01 2.181e-01 2.072e-05 5.593e-06 5.075e-05 -1.000 9.996e-05 6.834 6.398 5.997 5.678 5.247 5.061 4.984 4.953 4.937 5.340 4.970 5.345 5.120 5.075 5.046 5.002 4.973 4.959 4.949 4.936 4.935 4.936 4.935 5.192
0.00012351 -2.10000 10.03743 0.5569418073 2.2893233299    0.556 -0.802  3.7085  4.771    1  0.000  0.544     0.00     0.00 -1 -1.09e-14      0.00 7.832e-01 2.167e-01 2.060e-05 5.562e-06 5.047e-05 -1.000 1.036e-04 6.774 6.339 5.944 5.628 5.201 5.018 4.943 4.914 4.898 5.294 4.930 5.299 5.075 5.032 5.003 4.961 4.933 4.920 4.910 4.897 4.897 4.897 4.896 5.147
0.00012351 -2.10000 10.03743 0.6006208658 2.3215417862    0.600 -0.625  3.7297  4.712    1  0.000  0.544     0.00     0.00 -1 -1.69e-14      0.00 7.934e-01 2.064e-01 1.973e-05 5.331e-06 4.839e-05 -1.000 1.262e-04 6.332 5.915 5.558 5.270 4.867 4.707 4.648 4.628 4.616 4.961 4.640 4.958 4.751 4.717 4.696 4.662 4.642 4.632 4.626 4.616 4.615 4.611 4.614 4.817
0.00012351 -2.10000 10.03743 0.6116279364 2.3288304806    0.611 -0.578  3.7359  4.698    1  0.000  0.544     0.00     0.00 -1  -1.9e-14      0.00 7.967e-01 2.032e-01 1.946e-05 5.258e-06 4.774e-05 -1.000 1.163e-04 6.214 5.805 5.459 5.179 4.782 4.629 4.575 4.558 4.546 4.877 4.568 4.871 4.670 4.638 4.619 4.587 4.569 4.561 4.556 4.547 4.546 4.541 4.545 4.734
0.00012351 -2.10000 10.03743 0.6243990660 2.3369181156    0.624 -0.523  3.7432  4.681    1  0.000  0.543     0.00     0.00 -1 -2.18e-14      0.00 8.007e-01 1.992e-01 1.913e-05 5.170e-06 4.694e-05 -1.000 8.410e-05 6.077 5.678 5.345 5.073 4.685 4.539 4.490 4.476 4.466 4.779 4.484 4.771 4.575 4.547 4.530 4.501 4.486 4.479 4.474 4.467 4.465 4.461 4.464 4.638
0.00012351 -2.10000 10.03743 0.6358016729 2.3438243866    0.636 -0.473  3.7497  4.665    1  0.000  0.543     0.00     0.00 -1 -2.46e-14      0.00 8.045e-01 1.954e-01 1.882e-05 5.086e-06 4.619e-05 -1.000 1.204e-04 5.953 5.565 5.242 4.978 4.597 4.459 4.414 4.402 4.393 4.692 4.409 4.682 4.491 4.465 4.450 4.424 4.410 4.405 4.401 4.394 4.393 4.388 4.392 4.552
0.00012351 -2.10000 10.03743 0.6459626555 2.3497428894    0.646 -0.429  3.7554  4.651    1  0.000  0.543     0.00     0.00 -1 -2.75e-14      0.00 8.080e-01 1.919e-01 1.852e-05 5.008e-06 4.549e-05 -1.000 7.674e-05 5.842 5.463 5.150 4.893 4.519 4.386 4.345 4.335 4.327 4.613 4.341 4.601 4.414 4.392 4.378 4.354 4.342 4.338 4.334 4.328 4.327 4.322 4.326 4.474
0.00012351 -2.10000 10.03743 0.6499999762 2.3520355225    0.650 -0.411  3.7577  4.645    1  0.000  0.543     0.00     0.00 -1 -2.87e-14      0.00 8.095e-01 1.904e-01 1.841e-05 4.975e-06 4.520e-05 -1.000 1.156e-04 5.798 5.423 5.113 4.859 4.487 4.356 4.317 4.308 4.300 4.581 4.313 4.568 4.384 4.362 4.349 4.325 4.315 4.311 4.307 4.301 4.300 4.295 4.299 4.443
0.00012351 -2.10000 10.03743 0.6542572975 2.3544178009    0.654 -0.392  3.7600  4.638    1  0.000  0.543     0.00     0.00 -1 -3.01e-14      0.00 8.114e-01 1.885e-01 1.825e-05 4.934e-06 4.482e-05 -1.000 1.110e-04 5.751 5.380 5.074 4.822 4.453 4.325 4.287 4.279 4.271 4.547 4.284 4.534 4.351 4.330 4.318 4.295 4.285 4.282 4.278 4.272 4.271 4.266 4.270 4.409
0.00012351 -2.10000 10.03743 0.6663030982 2.3609693050    0.666 -0.338  3.7664  4.617    1  0.000  0.542     0.00     0.00 -1 -3.46e-14      0.00 8.170e-01 1.829e-01 1.778e-05 4.810e-06 4.371e-05 -1.000 1.253e-04 5.616 5.255 4.960 4.716 4.355 4.233 4.200 4.194 4.187 4.449 4.197 4.433 4.256 4.238 4.227 4.206 4.199 4.196 4.193 4.187 4.187 4.182 4.186 4.312
0.00012351 -2.10000 10.03743 0.6770058274 2.3665657043    0.677 -0.290  3.7720  4.598    1  0.000  0.542     0.00     0.00 -1 -3.93e-14      0.00 8.224e-01 1.775e-01 1.734e-05 4.692e-06 4.265e-05 -1.000 1.304e-04 5.494 5.143 4.857 4.620 4.266 4.150 4.120 4.115 4.108 4.359 4.118 4.343 4.169 4.154 4.145 4.125 4.119 4.117 4.114 4.109 4.108 4.104 4.108 4.224
0.00012351 -2.10000 10.03743 0.6875122786 2.3718652725    0.687 -0.241  3.7774  4.578    1  0.000  0.541     0.00     0.00 -1 -4.46e-14      0.00 8.280e-01 1.719e-01 1.687e-05 4.568e-06 4.154e-05 -1.000 1.280e-04 5.372 5.031 4.754 4.523 4.176 4.065 4.039 4.035 4.029 4.269 4.037 4.251 4.082 4.069 4.061 4.043 4.039 4.037 4.034 4.030 4.029 4.024 4.029 4.135
0.00012351 -2.10000 10.03743 0.6975062490 2.3767364025    0.697 -0.194  3.7824  4.557    1  0.000  0.541     0.00     0.00 -1 -4.97e-14      0.00 8.337e-01 1.662e-01 1.640e-05 4.442e-06 4.041e-05 -1.000 1.252e-04 5.254 4.922 4.652 4.427 4.087 3.982 3.958 3.955 3.950 4.180 3.957 4.160 3.997 3.985 3.978 3.962 3.959 3.957 3.954 3.950 3.949 3.945 3.950 4.048
0.00012351 -2.10000 10.03743 0.6999999881 2.3779268265    0.700 -0.181  3.7837  4.551    1  0.000  0.541     0.00     0.00 -1 -5.23e-14      0.00 8.352e-01 1.647e-01 1.628e-05 4.410e-06 4.012e-05 -1.000 1.202e-04 5.224 4.894 4.626 4.402 4.065 3.961 3.937 3.935 3.929 4.157 3.936 4.137 3.975 3.964 3.957 3.941 3.938 3.936 3.934 3.930 3.929 3.925 3.929 4.026
0.00012351 -2.10000 10.03743 0.7078185678 2.3815970421    0.708 -0.143  3.7874  4.532    1  0.000  0.539     0.00     0.00 -1  -5.8e-14      0.00 8.397e-01 1.602e-01 1.590e-05 4.318e-06 3.931e-05 -1.000 8.874e-05 5.128 4.804 4.543 4.323 3.991 3.891 3.869 3.867 3.861 4.083 3.868 4.062 3.903 3.894 3.887 3.872 3.870 3.869 3.866 3.862 3.861 3.857 3.861 3.953
0.00012351 -2.10000 10.03743 0.7183532119 2.3863971233    0.718 -0.089  3.7923  4.505    1  0.000  0.537     0.00     0.00 -1 -6.72e-14      0.00 8.454e-01 1.545e-01 1.543e-05 4.205e-06 3.831e-05 -1.000 7.224e-05 4.993 4.678 4.425 4.211 3.886 3.792 3.771 3.770 3.765 3.978 3.771 3.955 3.802 3.794 3.788 3.774 3.773 3.772 3.770 3.766 3.765 3.761 3.765 3.850
0.00012351 -2.10000 10.03743 0.7282810807 2.3907749653    0.728 -0.036  3.7968  4.476    1  0.000  0.535     0.00     0.00 -1  -7.8e-14      0.00 8.503e-01 1.496e-01 1.505e-05 4.112e-06 3.750e-05 -1.000 5.385e-05 4.860 4.553 4.307 4.098 3.781 3.691 3.672 3.672 3.666 3.872 3.672 3.848 3.700 3.693 3.688 3.675 3.674 3.673 3.671 3.667 3.666 3.662 3.666 3.746
0.00012351 -2.10000 10.03743 0.7369924188 2.3945047855    0.737  0.013  3.8008  4.447    1  0.000  0.533     0.00     0.00 -1 -8.96e-14      0.00 8.541e-01 1.459e-01 1.476e-05 4.045e-06 3.692e-05 -1.000 5.579e-05 4.738 4.436 4.197 3.993 3.684 3.597 3.579 3.579 3.574 3.773 3.579 3.748 3.604 3.599 3.594 3.582 3.581 3.580 3.578 3.574 3.574 3.570 3.574 3.649
0.00012351 -2.10000 10.03743 0.7455917001 2.3980884552    0.745  0.064  3.8046  4.417    1  0.000  0.531     0.00     0.00 -1 -1.04e-13      0.00 8.574e-01 1.426e-01 1.452e-05 3.990e-06 3.645e-05 -1.000 3.509e-05 4.611 4.315 4.082 3.883 3.580 3.497 3.481 3.480 3.475 3.668 3.481 3.642 3.503 3.499 3.494 3.483 3.483 3.482 3.479 3.475 3.475 3.471 3.475 3.546
0.00012351 -2.10000 10.03743 0.7500000000 2.3998889923    0.749  0.091  3.8065  4.400    1  0.000  0.530     0.00     0.00 -1 -1.12e-13      0.00 8.590e-01 1.410e-01 1.441e-05 3.966e-06 3.625e-05 -1.000 5.174e-05 4.542 4.249 4.019 3.823 3.523 3.442 3.426 3.426 3.421 3.611 3.426 3.584 3.448 3.444 3.439 3.429 3.428 3.427 3.425 3.421 3.421 3.417 3.421 3.490
0.00012351 -2.10000 10.03743 0.7555286288 2.4021129608    0.755  0.126  3.8091  4.378    1  0.000  0.530     0.00     0.00 -1 -1.25e-13      0.00 8.593e-01 1.406e-01 1.443e-05 3.974e-06 3.633e-05 -1.000 1.018e-04 4.454 4.164 3.939 3.746 3.451 3.372 3.357 3.357 3.352 3.538 3.357 3.511 3.377 3.374 3.369 3.359 3.359 3.358 3.356 3.352 3.352 3.348 3.352 3.419
0.00012351 -2.10000 10.03743 0.7630125880 2.4050645828    0.762  0.178  3.8125  4.345    1  0.000  0.529     0.00     0.00 -1 -1.45e-13      0.00 8.597e-01 1.402e-01 1.447e-05 3.986e-06 3.645e-05 -1.000 1.192e-04 4.326 4.041 3.821 3.633 3.345 3.269 3.255 3.255 3.250 3.430 3.255 3.403 3.274 3.271 3.266 3.257 3.257 3.256 3.254 3.250 3.250 3.246 3.250 3.314
0.00012351 -2.10000 10.03743 0.7720248699 2.4085319042    0.771  0.245  3.8166  4.299    1  0.000  0.529     0.00     0.00 -1 -1.77e-13      0.00 8.600e-01 1.399e-01 1.453e-05 4.003e-06 3.662e-05 -1.000 1.168e-04 4.158 3.878 3.665 3.482 3.203 3.130 3.117 3.117 3.112 3.286 3.117 3.258 3.134 3.132 3.128 3.119 3.119 3.118 3.116 3.112 3.112 3.108 3.112 3.173
0.00012351 -2.10000 10.03743 0.7803457379 2.4116513729    0.779  0.314  3.8200  4.248    1  0.000  0.529     0.00     0.00 -1 -2.19e-13      0.00 8.602e-01 1.397e-01 1.458e-05 4.020e-06 3.678e-05 -1.000 3.813e-05 3.984 3.709 3.502 3.323 3.051 2.982 2.969 2.969 2.964 3.133 2.968 3.105 2.986 2.983 2.979 2.971 2.971 2.970 2.968 2.965 2.964 2.960 2.964 3.022
0.00012351 -2.10000 10.03743 0.7858668566 2.4136793613    0.785  0.364  3.8220  4.209    1  0.000  0.528     0.00     0.00 -1 -2.56e-13      0.00 8.602e-01 1.397e-01 1.463e-05 4.033e-06 3.691e-05 -1.000 8.428e-05 3.860 3.586 3.383 3.207 2.939 2.872 2.859 2.859 2.854 3.020 2.859 2.992 2.875 2.873 2.869 2.861 2.861 2.860 2.858 2.855 2.854 2.850 2.854 2.911
0.00012351 -2.10000 10.03743 0.7911013961 2.4155721664    0.790  0.414  3.8233  4.167    1  0.000  0.528     0.00     0.00 -1    -3e-13      0.00 8.592e-01 1.407e-01 1.475e-05 4.067e-06 3.723e-05 -1.000 9.996e-05 3.735 3.462 3.262 3.087 2.823 2.756 2.744 2.744 2.739 2.903 2.743 2.875 2.760 2.758 2.754 2.746 2.746 2.745 2.743 2.740 2.739 2.735 2.739 2.795
0.00012351 -2.10000 10.03743 0.7953807712 2.4170982838    0.794  0.457  3.8239  4.128    1  0.000  0.528     0.00     0.00 -1 -3.48e-13      0.00 8.580e-01 1.419e-01 1.488e-05 4.102e-06 3.755e-05 -1.000 9.999e-05 3.627 3.354 3.154 2.981 2.718 2.652 2.640 2.639 2.635 2.798 2.639 2.769 2.656 2.653 2.649 2.641 2.641 2.641 2.639 2.635 2.635 2.631 2.635 2.691
0.00012351 -2.10000 10.03743 0.7969837785 2.4176650047    0.796  0.476  3.8235  4.109    1  0.000  0.528     0.00     0.00 -1 -3.71e-13      0.00 8.576e-01 1.423e-01 1.493e-05 4.115e-06 3.767e-05 -1.000 9.996e-05 3.579 3.305 3.105 2.931 2.668 2.602 2.589 2.589 2.584 2.748 2.589 2.719 2.606 2.603 2.599 2.591 2.591 2.590 2.588 2.585 2.584 2.580 2.584 2.641
0.00012351 -2.10000 10.03743 0.8000000715 2.4187245369    0.799  0.513  3.8225  4.070    1  0.000  0.528     0.00     0.00 -1 -4.19e-13      0.00 8.567e-01 1.432e-01 1.502e-05 4.140e-06 3.790e-05 -1.000 9.994e-05 3.488 3.212 3.011 2.835 2.571 2.503 2.491 2.490 2.486 2.651 2.490 2.622 2.508 2.505 2.501 2.493 2.493 2.492 2.490 2.486 2.486 2.482 2.485 2.543
0.00012351 -2.10000 10.03743 0.8003027439 2.4188303947    0.799  0.516  3.8224  4.066    1  0.000  0.528     0.00     0.00 -1 -4.24e-13      0.00 8.566e-01 1.433e-01 1.502e-05 4.142e-06 3.792e-05 -1.000 1.002e-04 3.479 3.203 3.001 2.826 2.561 2.494 2.481 2.481 2.476 2.641 2.481 2.613 2.498 2.495 2.491 2.483 2.483 2.482 2.480 2.477 2.476 2.472 2.476 2.533
0.00012351 -2.10000 10.03743 0.8043190241 2.4202256203    0.803  0.572  3.8189  3.998    1  0.000  0.528     0.00     0.00 -1  -5.2e-13      0.00 8.554e-01 1.445e-01 1.513e-05 4.171e-06 3.818e-05 -1.000 1.027e-04 3.339 3.056 2.849 2.669 2.399 2.328 2.315 2.314 2.309 2.480 2.315 2.452 2.334 2.330 2.326 2.317 2.317 2.316 2.313 2.310 2.309 2.305 2.309 2.370
0.00012351 -2.10000 10.03743 0.8050308824 2.4204714298    0.804  0.583  3.8180  3.984    1  0.000  0.528     0.00     0.00 -1 -5.42e-13      0.00 8.551e-01 1.448e-01 1.515e-05 4.176e-06 3.822e-05 -1.000 1.030e-04 3.313 3.028 2.820 2.639 2.367 2.295 2.282 2.281 2.276 2.448 2.282 2.420 2.301 2.297 2.293 2.284 2.284 2.283 2.280 2.277 2.276 2.272 2.276 2.338
0.00012351 -2.10000 10.03743 0.8056530952 2.4206855297    0.804  0.594  3.8167  3.968    1  0.000  0.528     0.00     0.00 -1 -5.67e-13      0.00 8.549e-01 1.449e-01 1.516e-05 4.180e-06 3.826e-05 -1.000 1.035e-04 3.286 2.999 2.789 2.606 2.331 2.259 2.246 2.244 2.240 2.413 2.245 2.386 2.265 2.260 2.256 2.248 2.247 2.246 2.244 2.240 2.240 2.236 2.239 2.302
0.00012351 -2.10000 10.03743 0.8077428341 2.4214024544    0.806  0.632  3.8109  3.908    2  0.000  0.528     0.00     0.00 -1 -6.62e-13      0.00 8.543e-01 1.456e-01 1.522e-05 4.195e-06 3.839e-05 -1.000 1.048e-04 3.189 2.893 2.673 2.483 2.198 2.120 2.106 2.105 2.099 2.282 2.105 2.255 2.127 2.122 2.118 2.109 2.107 2.106 2.104 2.100 2.099 2.095 2.099 2.167
0.00012351 -2.10000 10.03743 0.8093345761 2.4219458103    0.808  0.667  3.8038  3.846    2  0.000  0.529     0.00     0.00 -1 -7.68e-13      0.00 8.538e-01 1.461e-01 1.526e-05 4.206e-06 3.850e-05 -1.000 1.058e-04 3.104 2.797 2.566 2.366 2.068 1.984 1.969 1.967 1.961 2.154 1.968 2.128 1.993 1.985 1.982 1.971 1.970 1.968 1.966 1.962 1.961 1.957 1.961 2.035
0.00012351 -2.10000 10.03743 0.8105762601 2.4223678112    0.809  0.697  3.7955  3.782    2  0.000  0.529     0.00     0.00 -1 -8.86e-13      0.00 8.534e-01 1.465e-01 1.529e-05 4.215e-06 3.858e-05 -1.000 1.066e-04 3.027 2.708 2.463 2.253 1.938 1.847 1.830 1.828 1.822 2.028 1.829 2.003 1.858 1.849 1.844 1.833 1.831 1.830 1.827 1.823 1.822 1.817 1.821 1.903
0.00012351 -2.10000 10.03743 0.8115747571 2.4227061272    0.810  0.725  3.7862  3.718    2  0.000  0.529     0.00     0.00 -1 -1.02e-12      0.00 8.531e-01 1.469e-01 1.533e-05 4.224e-06 3.866e-05 -1.000 8.725e-05 2.957 2.626 2.365 2.143 1.810 1.711 1.692 1.689 1.682 1.903 1.690 1.880 1.723 1.712 1.708 1.695 1.692 1.691 1.688 1.683 1.682 1.678 1.682 1.773
0.00012351 -2.10000 10.03743 0.8124060631 2.4229872227    0.811  0.751  3.7769  3.655    2  0.000  0.529     0.00     0.00 -1 -1.16e-12      0.00 8.444e-01 1.556e-01 1.601e-05 4.409e-06 4.032e-05 -1.000 5.916e-05 2.892 2.549 2.274 2.038 1.688 1.580 1.558 1.555 1.548 1.783 1.557 1.763 1.595 1.581 1.576 1.563 1.559 1.557 1.554 1.549 1.548 1.543 1.547 1.648
0.00012351 -2.10000 10.03743 0.8131300807 2.4232313633    0.811  0.777  3.7684  3.596    2  0.000  0.532     0.00     0.00 -1 -1.32e-12      0.00 8.194e-01 1.805e-01 1.792e-05 4.921e-06 4.490e-05 -1.000 7.650e-05 2.829 2.476 2.186 1.939 1.573 1.455 1.432 1.428 1.420 1.670 1.430 1.652 1.473 1.458 1.452 1.437 1.432 1.430 1.426 1.421 1.420 1.415 1.419 1.529
0.00012351 -2.10000 10.03743 0.8137978911 2.4234559536    0.812  0.804  3.7605  3.537    2  0.000  0.534     0.00     0.00 -1  -1.5e-12      0.00 7.968e-01 2.031e-01 1.961e-05 5.374e-06 4.894e-05 -1.000 9.647e-05 2.760 2.398 2.095 1.837 1.456 1.331 1.304 1.299 1.292 1.555 1.302 1.540 1.351 1.333 1.326 1.310 1.304 1.302 1.298 1.292 1.292 1.287 1.291 1.410
0.00012351 -2.10000 10.03743 0.8144681454 2.4236812592    0.813  0.840  3.7534  3.473    2  0.000  0.536     0.00     0.00 -1 -1.75e-12      0.00 7.818e-01 2.180e-01 2.073e-05 5.672e-06 5.160e-05 -1.000 1.254e-04 2.669 2.300 1.984 1.716 1.322 1.189 1.161 1.155 1.147 1.423 1.159 1.410 1.212 1.192 1.185 1.167 1.161 1.158 1.154 1.148 1.147 1.142 1.146 1.275
0.00012351 -2.10000 10.03743 0.8149921894 2.4238569736    0.813  0.877  3.7487  3.418    2  0.000  0.536     0.00     0.00 -1 -2.03e-12      0.00 7.752e-01 2.246e-01 2.123e-05 5.805e-06 5.279e-05 -1.000 1.305e-04 2.578 2.204 1.880 1.606 1.203 1.065 1.035 1.028 1.020 1.305 1.033 1.293 1.090 1.069 1.060 1.042 1.035 1.031 1.027 1.021 1.020 1.015 1.019 1.154
0.00012351 -2.10000 10.03743 0.8155107498 2.4240305424    0.813  0.920  3.7448  3.360    2  0.000  0.536     0.00     0.00 -1  -2.4e-12      0.00 7.711e-01 2.288e-01 2.154e-05 5.888e-06 5.353e-05 -1.000 1.304e-04 2.471 2.092 1.762 1.482 1.073 0.931 0.900 0.892 0.884 1.175 0.897 1.165 0.957 0.935 0.926 0.906 0.899 0.895 0.891 0.885 0.884 0.879 0.883 1.023
0.00012351 -2.10000 10.03743 0.8155884743 2.4240565300    0.814  0.927  3.7444  3.351    2  0.000  0.536     0.00     0.00 -1 -2.47e-12      0.00 7.706e-01 2.293e-01 2.157e-05 5.897e-06 5.361e-05 -1.000 9.847e-05 2.453 2.074 1.742 1.462 1.052 0.910 0.878 0.871 0.862 1.154 0.875 1.144 0.936 0.913 0.904 0.885 0.877 0.874 0.870 0.863 0.862 0.857 0.861 1.002
0.00012351 -2.10000 10.03743 0.8160156608 2.4241993427    0.814  0.968  3.7421  3.301    3  0.000  0.537     0.00     0.00 -1 -2.87e-12      0.00 7.683e-01 2.316e-01 2.173e-05 5.940e-06 5.399e-05 -1.000 1.259e-04 2.349 1.968 1.632 1.349 0.934 0.790 0.758 0.750 0.741 1.037 0.754 1.028 0.816 0.793 0.784 0.764 0.757 0.753 0.749 0.742 0.741 0.736 0.740 0.884
0.00012351 -2.10000 10.03743 0.8164876699 2.4243569374    0.814  1.017  3.7397  3.242    3  0.000  0.537     0.00     0.00 -1 -3.43e-12      0.00 7.660e-01 2.339e-01 2.187e-05 5.977e-06 5.433e-05 -1.000 8.629e-05 2.227 1.843 1.503 1.216 0.797 0.650 0.618 0.610 0.601 0.901 0.614 0.892 0.678 0.654 0.644 0.625 0.616 0.612 0.609 0.602 0.601 0.596 0.599 0.746
0.00012351 -2.10000 10.03743 0.8168861270 2.4244899750    0.815  1.061  3.7380  3.191    3  0.000  0.537     0.00     0.00 -1 -4.03e-12      0.00 7.643e-01 2.356e-01 2.197e-05 6.003e-06 5.456e-05 -1.000 1.273e-04 2.117 1.731 1.388 1.099 0.676 0.527 0.495 0.486 0.477 0.780 0.491 0.772 0.555 0.531 0.521 0.502 0.493 0.489 0.485 0.479 0.478 0.472 0.476 0.624
0.00012351 -2.10000 10.03743 0.8172698021 2.4246177673    0.815  1.106  3.7364  3.140    3  0.000  0.537     0.00     0.00 -1 -4.74e-12      0.00 7.627e-01 2.371e-01 2.204e-05 6.024e-06 5.475e-05 -1.000 1.304e-04 2.004 1.617 1.272 0.980 0.554 0.403 0.371 0.362 0.353 0.659 0.366 0.651 0.432 0.407 0.397 0.378 0.369 0.365 0.361 0.354 0.353 0.348 0.352 0.501
0.00012351 -2.10000 10.03743 0.8176270723 2.4247367382    0.815  1.151  3.7348  3.090    3  0.000  0.537     0.00     0.00 -1 -5.56e-12      0.00 7.613e-01 2.386e-01 2.210e-05 6.042e-06 5.490e-05 -1.000 1.305e-04 1.893 1.505 1.157 0.862 0.433 0.281 0.248 0.239 0.230 0.538 0.244 0.531 0.310 0.285 0.275 0.255 0.246 0.242 0.238 0.231 0.230 0.225 0.228 0.380
0.00012351 -2.10000 10.03743 0.8179637194 2.4248485565    0.815  1.196  3.7334  3.039    3  0.000  0.537     0.00     0.00 -1 -6.53e-12      0.00 7.600e-01 2.399e-01 2.215e-05 6.057e-06 5.503e-05 -1.000 1.292e-04 1.781 1.392 1.041 0.745 0.312 0.158 0.125 0.116 0.107 0.418 0.121 0.411 0.188 0.163 0.152 0.133 0.124 0.119 0.115 0.108 0.107 0.102 0.106 0.259
0.00012351 -2.10000 10.03743 0.8183006048 2.4249603748    0.816  1.244  3.7319  2.985    3  0.000  0.536     0.00     0.00 -1 -7.77e-12      0.00 7.587e-01 2.412e-01 2.218e-05 6.072e-06 5.514e-05 -1.000 8.936e-05 1.660 1.270 0.916 0.618 0.182 0.027 -0.007 -0.016 -0.025 0.288 -0.011 0.282 0.057 0.031 0.021 0.001 -0.008 -0.013 -0.017 -0.024 -0.025 -0.030 -0.026 0.128
0.00012351 -2.10000 10.03743 0.8185917735 2.4250571728    0.816  1.289  3.7304  2.934    3  0.000  0.536     0.00     0.00 -1 -9.14e-12      0.00 7.576e-01 2.423e-01 2.219e-05 6.088e-06 5.523e-05 -1.000 1.141e-04 1.547 1.155 0.799 0.498 0.060 -0.097 -0.130 -0.139 -0.149 0.166 -0.135 0.161 -0.066 -0.092 -0.103 -0.123 -0.132 -0.136 -0.141 -0.148 -0.149 -0.154 -0.150 0.006
0.00012351 -2.10000 10.03743 0.8188781738 2.4251520634    0.816  1.337  3.7289  2.880    3  0.000  0.535     0.00     0.00 -1 -1.09e-11      0.00 7.565e-01 2.434e-01 2.218e-05 6.110e-06 5.530e-05 -1.000 1.304e-04 1.427 1.034 0.675 0.372 -0.069 -0.228 -0.262 -0.271 -0.281 0.037 -0.266 0.032 -0.197 -0.223 -0.234 -0.254 -0.264 -0.268 -0.273 -0.280 -0.281 -0.286 -0.282 -0.124
0.00012351 -2.10000 10.03743 0.8191381097 2.4252381325    0.816  1.385  3.7275  2.827    3  0.000  0.534     0.00     0.00 -1 -1.29e-11      0.00 7.556e-01 2.443e-01 2.215e-05 6.141e-06 5.536e-05 -1.000 1.305e-04 1.309 0.914 0.552 0.247 -0.197 -0.357 -0.391 -0.400 -0.410 -0.090 -0.395 -0.094 -0.325 -0.352 -0.363 -0.383 -0.393 -0.397 -0.402 -0.409 -0.410 -0.415 -0.411 -0.252
0.00012351 -2.10000 10.03743 0.8193732500 2.4253160954    0.816  1.431  3.7260  2.775    3  0.000  0.532     0.00     0.00 -1 -1.52e-11      0.00 7.547e-01 2.451e-01 2.211e-05 6.182e-06 5.540e-05 -1.000 1.304e-04 1.192 0.796 0.432 0.125 -0.322 -0.484 -0.518 -0.528 -0.538 -0.215 -0.523 -0.219 -0.452 -0.479 -0.490 -0.510 -0.521 -0.525 -0.529 -0.536 -0.538 -0.542 -0.539 -0.378
0.00012351 -2.10000 10.03743 0.8195877075 2.4253869057    0.816  1.477  3.7245  2.723    3  0.000  0.531     0.00     0.00 -1  -1.8e-11      0.00 7.541e-01 2.458e-01 2.205e-05 6.231e-06 5.544e-05 -1.000 1.304e-04 1.077 0.680 0.313 0.003 -0.447 -0.610 -0.645 -0.655 -0.665 -0.340 -0.649 -0.342 -0.578 -0.606 -0.616 -0.637 -0.647 -0.652 -0.656 -0.663 -0.665 -0.669 -0.666 -0.503
0.00012351 -2.10000 10.03743 0.8197902441 2.4254539013    0.816  1.525  3.7230  2.669    3  0.000  0.529     0.00     0.00 -1 -2.13e-11      0.00 7.535e-01 2.464e-01 2.200e-05 6.282e-06 5.547e-05 -1.000 1.304e-04 0.958 0.559 0.189 -0.123 -0.576 -0.740 -0.775 -0.785 -0.795 -0.468 -0.780 -0.470 -0.707 -0.736 -0.746 -0.767 -0.778 -0.782 -0.787 -0.794 -0.795 -0.800 -0.796 -0.632
0.00012351 -2.10000 10.03743 0.8199712634 2.4255137444    0.816  1.571  3.7214  2.616    3  0.000  0.528     0.00     0.00 -1 -2.52e-11      0.00 7.531e-01 2.468e-01 2.195e-05 6.335e-06 5.550e-05 -1.000 1.305e-04 0.842 0.442 0.069 -0.245 -0.701 -0.868 -0.903 -0.913 -0.923 -0.593 -0.908 -0.595 -0.834 -0.863 -0.874 -0.895 -0.906 -0.910 -0.915 -0.922 -0.923 -0.927 -0.924 -0.758
0.00012351 -2.10000 10.03743 0.8201335073 2.4255673885    0.816  1.617  3.7199  2.564    3  0.000  0.527     0.00     0.00 -1 -2.97e-11      0.00 7.527e-01 2.471e-01 2.191e-05 6.378e-06 5.551e-05 -1.000 1.304e-04 0.728 0.328 -0.048 -0.365 -0.824 -0.993 -1.028 -1.039 -1.048 -0.716 -1.033 -0.717 -0.958 -0.988 -0.999 -1.020 -1.031 -1.036 -1.041 -1.048 -1.049 -1.052 -1.049 -0.882
0.00012351 -2.10000 10.03743 0.8202856183 2.4256176949    0.816  1.663  3.7183  2.512    3  0.000  0.526     0.00     0.00 -1 -3.52e-11      0.00 7.525e-01 2.474e-01 2.187e-05 6.410e-06 5.552e-05 -1.000 1.305e-04 0.612 0.211 -0.168 -0.487 -0.950 -1.120 -1.156 -1.167 -1.176 -0.841 -1.161 -0.841 -1.085 -1.115 -1.126 -1.148 -1.159 -1.164 -1.168 -1.176 -1.177 -1.180 -1.177 -1.008
0.00012351 -2.10000 10.03743 0.8204206824 2.4256622791    0.816  1.708  3.7167  2.461    3  0.000  0.525     0.00     0.00 -1 -4.14e-11      0.00 7.524e-01 2.475e-01 2.185e-05 6.430e-06 5.553e-05 -1.000 1.304e-04 0.500 0.097 -0.285 -0.606 -1.072 -1.244 -1.280 -1.291 -1.300 -0.963 -1.285 -0.962 -1.208 -1.239 -1.250 -1.272 -1.283 -1.288 -1.293 -1.300 -1.301 -1.304 -1.301 -1.130
0.00012351 -2.10000 10.03743 0.8205468059 2.4257037640    0.816  1.754  3.7151  2.408    3  0.000  0.525     0.00     0.00 -1 -4.88e-11      0.00 7.523e-01 2.476e-01 2.184e-05 6.441e-06 5.553e-05 -1.000 1.305e-04 0.385 -0.018 -0.403 -0.727 -1.196 -1.370 -1.406 -1.418 -1.427 -1.087 -1.411 -1.086 -1.334 -1.365 -1.376 -1.398 -1.409 -1.415 -1.420 -1.427 -1.428 -1.430 -1.428 -1.255
0.00012351 -2.10000 10.03743 0.8206640482 2.4257423878    0.816  1.800  3.7134  2.355    3  0.000  0.525     0.00     0.00 -1 -5.77e-11      0.00 7.523e-01 2.476e-01 2.184e-05 6.444e-06 5.554e-05 -1.000 1.305e-04 0.270 -0.135 -0.523 -0.850 -1.322 -1.497 -1.534 -1.546 -1.555 -1.213 -1.540 -1.211 -1.461 -1.493 -1.504 -1.526 -1.538 -1.543 -1.548 -1.556 -1.556 -1.558 -1.556 -1.382
0.00012351 -2.10000 10.03743 0.8207716346 2.4257779121    0.816  1.846  3.7118  2.302    3  0.000  0.525     0.00     0.00 -1 -6.83e-11      0.00 7.523e-01 2.476e-01 2.184e-05 6.445e-06 5.554e-05 -1.000 1.304e-04 0.154 -0.252 -0.643 -0.972 -1.447 -1.625 -1.662 -1.674 -1.683 -1.338 -1.668 -1.335 -1.588 -1.620 -1.631 -1.654 -1.665 -1.671 -1.676 -1.684 -1.684 -1.686 -1.684 -1.508
0.00012351 -2.10000 10.03743 0.8208694458 2.4258100986    0.815  1.892  3.7101  2.250    3  0.000  0.525     0.00     0.00 -1 -8.06e-11      0.00 7.523e-01 2.476e-01 2.184e-05 6.447e-06 5.554e-05 -1.000 1.305e-04 0.040 -0.367 -0.762 -1.093 -1.572 -1.751 -1.789 -1.801 -1.810 -1.462 -1.795 -1.459 -1.714 -1.746 -1.758 -1.780 -1.792 -1.798 -1.803 -1.811 -1.811 -1.813 -1.811 -1.633
0.00012351 -2.10000 10.03743 0.8209608793 2.4258403778    0.815  1.938  3.7083  2.196    3  0.000  0.525     0.00     0.00 -1 -9.53e-11      0.00 7.523e-01 2.476e-01 2.184e-05 6.448e-06 5.554e-05 -1.000 1.304e-04 -0.075 -0.483 -0.882 -1.216 -1.698 -1.880 -1.918 -1.930 -1.939 -1.588 -1.924 -1.584 -1.842 -1.875 -1.886 -1.909 -1.921 -1.927 -1.932 -1.940 -1.940 -1.941 -1.940 -1.760
0.00012351 -2.10000 10.03743 0.8210443258 2.4258677959    0.815  1.984  3.7067  2.143    3  0.000  0.525     0.00     0.00 -1 -1.13e-10      0.00 7.523e-01 2.476e-01 2.184e-05 6.449e-06 5.554e-05 -1.000 1.305e-04 -0.190 -0.599 -1.001 -1.338 -1.824 -2.007 -2.045 -2.058 -2.067 -1.713 -2.051 -1.708 -1.968 -2.002 -2.014 -2.036 -2.049 -2.055 -2.060 -2.068 -2.068 -2.069 -2.067 -1.886
0.00012351 -2.10000 10.03743 0.8211183548 2.4258921146    0.814  2.029  3.7049  2.092    3  0.000  0.525     0.00     0.00 -1 -1.32e-10      0.00 7.523e-01 2.476e-01 2.184e-05 6.449e-06 5.554e-05 -1.000 1.304e-04 -0.301 -0.710 -1.116 -1.456 -1.945 -2.131 -2.170 -2.182 -2.191 -1.835 -2.176 -1.829 -2.092 -2.125 -2.138 -2.160 -2.173 -2.179 -2.184 -2.192 -2.193 -2.193 -2.191 -2.008
0.00012351 -2.10000 10.03743 0.8211866021 2.4259147644    0.814  2.073  3.7032  2.040    3  0.000  0.525     0.00     0.00 -1 -1.56e-10      0.00 7.523e-01 2.476e-01 2.184e-05 6.450e-06 5.554e-05 -1.000 1.305e-04 -0.412 -0.821 -1.231 -1.574 -2.067 -2.254 -2.293 -2.306 -2.315 -1.956 -2.299 -1.949 -2.214 -2.249 -2.261 -2.284 -2.297 -2.303 -2.308 -2.316 -2.316 -2.316 -2.315 -2.130
0.00012351 -2.10000 10.03743 0.8212505579 2.4259357452    0.814  2.118  3.7014  1.988    3  0.000  0.525     0.00     0.00 -1 -1.84e-10      0.00 7.522e-01 2.476e-01 2.184e-05 6.451e-06 5.554e-05 -1.000 1.304e-04 -0.525 -0.935 -1.348 -1.694 -2.191 -2.380 -2.419 -2.432 -2.441 -2.079 -2.425 -2.072 -2.339 -2.374 -2.387 -2.409 -2.423 -2.429 -2.434 -2.443 -2.442 -2.442 -2.441 -2.254
0.00012351 -2.10000 10.03743 0.8213079572 2.4259545803    0.813  2.162  3.6996  1.937    3  0.000  0.525     0.00     0.00 -1 -2.15e-10      0.00 7.522e-01 2.476e-01 2.184e-05 6.452e-06 5.554e-05 -1.000 1.304e-04 -0.634 -1.045 -1.462 -1.810 -2.311 -2.502 -2.542 -2.556 -2.564 -2.199 -2.548 -2.191 -2.462 -2.497 -2.510 -2.532 -2.546 -2.552 -2.558 -2.566 -2.566 -2.565 -2.564 -2.375
0.00012351 -2.10000 10.03743 0.8213655949 2.4259736538    0.813  2.208  3.6978  1.883    3  0.000  0.525     0.00     0.00 -1 -2.55e-10      0.00 7.522e-01 2.476e-01 2.184e-05 6.452e-06 5.554e-05 -1.000 1.305e-04 -0.749 -1.161 -1.581 -1.933 -2.437 -2.630 -2.671 -2.685 -2.693 -2.325 -2.677 -2.316 -2.589 -2.625 -2.638 -2.661 -2.675 -2.681 -2.687 -2.695 -2.695 -2.693 -2.693 -2.502
0.00012351 -2.10000 10.03743 0.8214260340 2.4259934425    0.812  2.250  3.6961  1.834    3  0.000  0.525     0.00     0.00 -1 -2.98e-10      0.00 7.522e-01 2.476e-01 2.183e-05 6.453e-06 5.554e-05 -1.000 1.304e-04 -0.855 -1.267 -1.691 -2.046 -2.553 -2.748 -2.789 -2.803 -2.811 -2.441 -2.795 -2.431 -2.706 -2.743 -2.756 -2.779 -2.793 -2.800 -2.805 -2.814 -2.813 -2.811 -2.811 -2.619
0.00012351 -2.10000 10.03743 0.8214576840 2.4260039330    0.811  2.264  3.6956  1.818    3  0.000  0.525     0.00     0.00 -1 -3.15e-10      0.00 7.522e-01 2.476e-01 2.183e-05 6.453e-06 5.554e-05 -1.000 1.304e-04 -0.889 -1.301 -1.726 -2.082 -2.591 -2.786 -2.827 -2.842 -2.849 -2.478 -2.833 -2.468 -2.744 -2.780 -2.794 -2.817 -2.831 -2.838 -2.844 -2.852 -2.851 -2.849 -2.849 -2.656
0.00012351 -2.10000 10.03743 0.8214890957 2.4260141850    0.811  2.254  3.6962  1.830    3  0.000  0.525     0.00     0.00 -1 -3.06e-10      0.00 7.522e-01 2.476e-01 2.183e-05 6.454e-06 5.554e-05 -1.000 1.305e-04 -0.865 -1.278 -1.702 -2.056 -2.563 -2.758 -2.799 -2.813 -2.821 -2.451 -2.805 -2.441 -2.716 -2.752 -2.766 -2.788 -2.803 -2.809 -2.815 -2.823 -2.823 -2.821 -2.821 -2.628
0.00012351 -2.10000 10.03743 0.8214957714 2.4260165691    0.811  2.261  3.6959  1.821    3  0.000  0.525     0.00     0.00 -1 -3.13e-10      0.00 7.522e-01 2.476e-01 2.183e-05 6.454e-06 5.554e-05 -1.000 1.304e-04 -0.883 -1.295 -1.720 -2.074 -2.582 -2.777 -2.819 -2.833 -2.840 -2.470 -2.825 -2.460 -2.735 -2.772 -2.785 -2.808 -2.823 -2.829 -2.835 -2.843 -2.842 -2.840 -2.840 -2.648
0.00012351 -2.10000 10.03743 0.8215329051 2.4260287285    0.810  2.301  3.6941  1.774    3  0.000  0.525     0.00     0.00 -1  -3.6e-10      0.00 7.522e-01 2.476e-01 2.183e-05 6.454e-06 5.554e-05 -1.000 1.305e-04 -0.984 -1.396 -1.824 -2.182 -2.694 -2.891 -2.933 -2.947 -2.954 -2.581 -2.939 -2.570 -2.848 -2.885 -2.899 -2.922 -2.937 -2.943 -2.949 -2.958 -2.957 -2.953 -2.953 -2.760
0.00012351 -2.10000 10.03743 0.8215703964 2.4260411263    0.810  2.345  3.6924  1.723    3  0.000  0.525     0.00     0.00 -1  -4.2e-10      0.00 7.522e-01 2.476e-01 2.183e-05 6.455e-06 5.554e-05 -1.000 1.305e-04 -1.091 -1.504 -1.936 -2.297 -2.812 -3.011 -3.053 -3.068 -3.075 -2.699 -3.060 -2.687 -2.968 -3.005 -3.019 -3.042 -3.058 -3.064 -3.070 -3.079 -3.077 -3.072 -3.073 -2.879
0.00012351 -2.10000 10.03743 0.8216022253 2.4260513783    0.809  2.383  3.6907  1.677    3  0.000  0.525     0.00     0.00 -1 -4.85e-10      0.00 7.522e-01 2.476e-01 2.183e-05 6.455e-06 5.554e-05 -1.000 1.304e-04 -1.188 -1.601 -2.037 -2.400 -2.919 -3.121 -3.163 -3.178 -3.185 -2.806 -3.170 -2.794 -3.077 -3.115 -3.128 -3.152 -3.168 -3.175 -3.180 -3.189 -3.187 -3.181 -3.182 -2.987
0.00012351 -2.10000 10.03743 0.8216335177 2.4260618687    0.808  2.424  3.6888  1.629    3  0.000  0.525     0.00     0.00 -1 -5.64e-10      0.00 7.522e-01 2.477e-01 2.183e-05 6.455e-06 5.554e-05 -1.000 1.304e-04 -1.290 -1.703 -2.143 -2.509 -3.032 -3.236 -3.279 -3.294 -3.300 -2.919 -3.286 -2.906 -3.191 -3.230 -3.244 -3.267 -3.284 -3.290 -3.296 -3.305 -3.303 -3.296 -3.297 -3.100
0.00012351 -2.10000 10.03743 0.8216627836 2.4260714054    0.808  2.465  3.6871  1.581    3  0.000  0.525     0.00     0.00 -1 -6.55e-10      0.00 7.522e-01 2.477e-01 2.183e-05 6.456e-06 5.554e-05 -1.000 1.304e-04 -1.392 -1.805 -2.249 -2.618 -3.145 -3.350 -3.394 -3.409 -3.415 -3.031 -3.401 -3.017 -3.305 -3.345 -3.358 -3.382 -3.399 -3.406 -3.412 -3.421 -3.418 -3.409 -3.412 -3.214
0.00012351 -2.10000 10.03743 0.8216883540 2.4260797501    0.807  2.503  3.6853  1.535    3  0.000  0.525     0.00     0.00 -1 -7.54e-10      0.00 7.522e-01 2.477e-01 2.183e-05 6.456e-06 5.554e-05 -1.000 1.304e-04 -1.487 -1.900 -2.348 -2.720 -3.251 -3.459 -3.502 -3.518 -3.523 -3.137 -3.510 -3.122 -3.413 -3.453 -3.467 -3.490 -3.508 -3.514 -3.521 -3.530 -3.527 -3.517 -3.519 -3.320
0.00012351 -2.10000 10.03743 0.8217136860 2.4260880947    0.806  2.543  3.6835  1.487    3  0.000  0.525     0.00     0.00 -1 -8.75e-10      0.00 7.522e-01 2.477e-01 2.183e-05 6.456e-06 5.554e-05 -1.000 1.304e-04 -1.589 -2.001 -2.453 -2.829 -3.364 -3.573 -3.617 -3.633 -3.638 -3.249 -3.625 -3.233 -3.527 -3.567 -3.581 -3.605 -3.623 -3.630 -3.636 -3.645 -3.642 -3.630 -3.634 -3.433
0.00012351 -2.10000 10.03743 0.8217361569 2.4260954857    0.805  2.582  3.6817  1.441    3  0.000  0.525     0.00     0.00 -1 -1.01e-09      0.00 7.522e-01 2.477e-01 2.183e-05 6.456e-06 5.554e-05 -1.000 1.305e-04 -1.684 -2.096 -2.553 -2.931 -3.470 -3.681 -3.726 -3.743 -3.747 -3.355 -3.734 -3.338 -3.634 -3.675 -3.690 -3.713 -3.732 -3.739 -3.745 -3.755 -3.751 -3.738 -3.742 -3.540
0.00012351 -2.10000 10.03743 0.8217571378 2.4261023998    0.804  2.620  3.6799  1.395    3  0.000  0.525     0.00     0.00 -1 -1.16e-09      0.00 7.522e-01 2.477e-01 2.183e-05 6.457e-06 5.554e-05 -1.000 1.304e-04 -1.779 -2.190 -2.652 -3.033 -3.576 -3.789 -3.834 -3.852 -3.855 -3.461 -3.842 -3.443 -3.741 -3.783 -3.798 -3.821 -3.840 -3.848 -3.854 -3.864 -3.859 -3.845 -3.849 -3.647
0.00012351 -2.10000 10.03743 0.8217771053 2.4261090755    0.803  2.658  3.6781  1.349    3  0.000  0.525     0.00     0.00 -1 -1.34e-09      0.00 7.522e-01 2.477e-01 2.183e-05 6.457e-06 5.554e-05 -1.000 1.304e-04 -1.876 -2.286 -2.752 -3.137 -3.683 -3.899 -3.944 -3.962 -3.964 -3.568 -3.953 -3.550 -3.850 -3.893 -3.908 -3.931 -3.951 -3.958 -3.965 -3.974 -3.970 -3.953 -3.958 -3.755
0.00012351 -2.10000 10.03743 0.8217986226 2.4261159897    0.801  2.703  3.6760  1.295    3  0.000  0.525     0.00     0.00 -1 -1.58e-09      0.00 7.522e-01 2.477e-01 2.183e-05 6.457e-06 5.554e-05 -1.000 1.304e-04 -1.988 -2.397 -2.868 -3.257 -3.808 -4.026 -4.072 -4.091 -4.091 -3.692 -4.080 -3.673 -3.976 -4.019 -4.035 -4.057 -4.079 -4.086 -4.093 -4.103 -4.098 -4.078 -4.083 -3.880
0.00012351 -2.10000 10.03743 0.8218159676 2.4261217117    0.800  2.742  3.6741  1.248    3  0.000  0.525     0.00     0.00 -1 -1.82e-09      0.00 7.522e-01 2.477e-01 2.183e-05 6.457e-06 5.554e-05 -1.000 1.305e-04 -2.084 -2.492 -2.968 -3.361 -3.916 -4.136 -4.183 -4.202 -4.202 -3.800 -4.191 -3.780 -4.086 -4.129 -4.145 -4.168 -4.190 -4.198 -4.204 -4.214 -4.209 -4.187 -4.193 -3.989
0.00012351 -2.10000 10.03743 0.8218337893 2.4261276722    0.799  2.784  3.6719  1.196    3  0.000  0.525     0.00     0.00 -1 -2.14e-09      0.00 7.522e-01 2.477e-01 2.183e-05 6.458e-06 5.554e-05 -1.000 1.305e-04 -2.191 -2.597 -3.079 -3.476 -4.036 -4.259 -4.305 -4.325 -4.324 -3.919 -4.314 -3.898 -4.207 -4.252 -4.268 -4.290 -4.313 -4.321 -4.328 -4.338 -4.332 -4.307 -4.313 -4.109
0.00012351 -2.10000 10.03743 0.8218485117 2.4261324406    0.797  2.822  3.6701  1.150    3  0.000  0.525     0.00     0.00 -1 -2.46e-09      0.00 7.522e-01 2.477e-01 2.183e-05 6.458e-06 5.555e-05 -1.000 1.304e-04 -2.285 -2.690 -3.177 -3.577 -4.141 -4.366 -4.413 -4.433 -4.431 -4.024 -4.422 -4.002 -4.314 -4.359 -4.375 -4.397 -4.421 -4.429 -4.436 -4.446 -4.439 -4.413 -4.420 -4.215
0.00012351 -2.10000 10.03743 0.8218635321 2.4261374474    0.795  2.863  3.6679  1.099    3  0.000  0.525     0.00     0.00 -1 -2.87e-09      0.00 7.522e-01 2.477e-01 2.183e-05 6.458e-06 5.555e-05 -1.000 1.305e-04 -2.388 -2.791 -3.284 -3.689 -4.257 -4.485 -4.532 -4.553 -4.550 -4.140 -4.541 -4.117 -4.432 -4.477 -4.494 -4.515 -4.541 -4.549 -4.556 -4.566 -4.559 -4.529 -4.537 -4.332
0.00012351 -2.10000 10.03743 0.8218759894 2.4261415005    0.793  2.899  3.6661  1.055    3  0.000  0.525     0.00     0.00 -1 -3.29e-09      0.00 7.522e-01 2.477e-01 2.183e-05 6.458e-06 5.555e-05 -1.000 1.304e-04 -2.478 -2.880 -3.378 -3.785 -4.358 -4.588 -4.635 -4.657 -4.653 -4.241 -4.645 -4.217 -4.534 -4.580 -4.597 -4.617 -4.644 -4.653 -4.660 -4.670 -4.662 -4.629 -4.638 -4.434
0.00012351 -2.10000 10.03743 0.8218890429 2.4261457920    0.791  2.940  3.6639  1.004    3  0.000  0.525     0.00     0.00 -1 -3.83e-09      0.00 7.522e-01 2.477e-01 2.183e-05 6.458e-06 5.555e-05 -1.000 1.305e-04 -2.579 -2.979 -3.483 -3.895 -4.473 -4.705 -4.753 -4.775 -4.770 -4.355 -4.762 -4.330 -4.651 -4.697 -4.715 -4.733 -4.763 -4.771 -4.778 -4.789 -4.780 -4.743 -4.753 -4.549
0.00012351 -2.10000 10.03743 0.8219022751 2.4261500835    0.789  2.984  3.6616  0.950    3  0.000  0.525     0.00     0.00 -1 -4.52e-09      0.00 7.522e-01 2.477e-01 2.183e-05 6.458e-06 5.555e-05 -1.000 1.304e-04 -2.689 -3.085 -3.596 -4.013 -4.596 -4.831 -4.879 -4.903 -4.896 -4.478 -4.889 -4.452 -4.776 -4.823 -4.841 -4.859 -4.890 -4.898 -4.905 -4.916 -4.907 -4.866 -4.877 -4.674
0.00012351 -2.10000 10.03743 0.8219130635 2.4261536598    0.786  3.022  3.6595  0.902    3  0.000  0.525     0.00     0.00 -1 -5.22e-09      0.00 7.522e-01 2.477e-01 2.183e-05 6.458e-06 5.555e-05 -1.000 1.304e-04 -2.784 -3.178 -3.696 -4.117 -4.705 -4.942 -4.990 -5.015 -5.006 -4.586 -5.001 -4.559 -4.885 -4.934 -4.952 -4.968 -5.002 -5.010 -5.018 -5.029 -5.019 -4.974 -4.986 -4.783
0.00012351 -2.10000 10.03743 0.8219223022 2.4261567593    0.784  3.056  3.6576  0.859    3  0.000  0.525     0.00     0.00 -1 -5.95e-09      0.00 7.522e-01 2.477e-01 2.183e-05 6.459e-06 5.555e-05 -1.000 1.304e-04 -2.870 -3.261 -3.785 -4.210 -4.802 -5.042 -5.090 -5.116 -5.106 -4.684 -5.101 -4.656 -4.984 -5.033 -5.052 -5.067 -5.102 -5.111 -5.119 -5.130 -5.119 -5.071 -5.084 -4.881
0.00012351 -2.10000 10.03743 0.8219318390 2.4261598587    0.781  3.093  3.6556  0.812    3  0.000  0.525     0.00     0.00 -1 -6.86e-09      0.00 7.522e-01 2.477e-01 2.183e-05 6.459e-06 5.555e-05 -1.000 1.305e-04 -2.964 -3.352 -3.883 -4.312 -4.909 -5.150 -5.199 -5.226 -5.214 -4.790 -5.211 -4.761 -5.092 -5.142 -5.161 -5.175 -5.212 -5.221 -5.229 -5.240 -5.229 -5.177 -5.191 -4.988
0.00012351 -2.10000 10.03743 0.8219415545 2.4261629581    0.778  3.134  3.6532  0.760    3  0.000  0.525     0.00     0.00 -1 -8.01e-09      0.00 7.522e-01 2.477e-01 2.183e-05 6.459e-06 5.555e-05 -1.000 1.304e-04 -3.065 -3.450 -3.989 -4.423 -5.025 -5.269 -5.318 -5.346 -5.333 -4.905 -5.330 -4.876 -5.210 -5.260 -5.280 -5.292 -5.332 -5.341 -5.349 -5.361 -5.349 -5.292 -5.308 -5.105
0.00012351 -2.10000 10.03743 0.8219497800 2.4261658192    0.775  3.170  3.6511  0.713    3  0.000  0.525     0.00     0.00 -1  -9.2e-09      0.00 7.522e-01 2.477e-01 2.183e-05 6.459e-06 5.555e-05 -1.000 1.304e-04 -3.156 -3.534 -4.081 -4.521 -5.128 -5.375 -5.423 -5.453 -5.438 -5.008 -5.436 -4.977 -5.314 -5.366 -5.386 -5.396 -5.439 -5.448 -5.456 -5.468 -5.455 -5.394 -5.411 -5.209
0.00012351 -2.10000 10.03743 0.8219580054 2.4261684418    0.771  3.208  3.6490  0.665    3  0.000  0.525     0.00     0.00 -1 -1.06e-08      0.00 7.522e-01 2.477e-01 2.183e-05 6.459e-06 5.555e-05 -1.000 1.304e-04 -3.251 -3.623 -4.177 -4.623 -5.236 -5.485 -5.533 -5.565 -5.549 -5.115 -5.547 -5.083 -5.423 -5.476 -5.496 -5.504 -5.550 -5.559 -5.567 -5.580 -5.567 -5.501 -5.519 -5.317
0.00012351 -2.10000 10.03743 0.8219656944 2.4261710644    0.767  3.243  3.6470  0.620    3  0.000  0.525     0.00     0.00 -1 -1.22e-08      0.00 7.522e-01 2.477e-01 2.183e-05 6.459e-06 5.555e-05 -1.000 1.304e-04 -3.338 -3.705 -4.267 -4.717 -5.335 -5.587 -5.635 -5.668 -5.650 -5.214 -5.649 -5.181 -5.524 -5.578 -5.599 -5.603 -5.653 -5.662 -5.671 -5.684 -5.670 -5.600 -5.619 -5.417
0.00012351 -2.10000 10.03743 0.8219677806 2.4261717796    0.766  3.252  3.6465  0.608    3  0.000  0.525     0.00     0.00 -1 -1.27e-08      0.00 7.522e-01 2.477e-01 2.183e-05 6.459e-06 5.555e-05 -1.000 1.305e-04 -3.360 -3.726 -4.289 -4.741 -5.360 -5.613 -5.661 -5.695 -5.676 -5.239 -5.675 -5.206 -5.550 -5.604 -5.625 -5.629 -5.680 -5.689 -5.697 -5.710 -5.696 -5.625 -5.644 -5.443
0.00012351 -2.10000 10.03743 0.8219677806 2.4261717796    0.766  1.689  3.8909  3.149    4  0.000  0.532     0.00     0.00 -1    -1e-30      0.00 7.555e-01 2.443e-01 2.201e-05 6.147e-06 5.515e-05 -1.000 1.303e-04 0.547 0.375 0.274 0.198 0.109 0.075 0.064 0.061 0.055 0.134 0.063 0.125 0.085 0.076 0.074 0.069 0.062 0.062 0.061 0.056 0.055 0.053 0.054 0.099
0.00012351 -2.10000 10.03743 0.8219687343 2.4261720181    0.766  1.700  3.8847  3.113    4  0.000  0.532     0.00     0.00 -1    -1e-30      0.00 7.555e-01 2.443e-01 2.201e-05 6.147e-06 5.515e-05 -1.000 1.303e-04 0.521 0.332 0.223 0.139 0.039 0.002 -0.009 -0.012 -0.019 0.068 -0.010 0.057 0.012 0.003 0.001 -0.004 -0.011 -0.011 -0.012 -0.018 -0.019 -0.021 -0.020 0.027
0.00012351 -2.10000 10.03743 0.8220230341 2.4261898994    0.766  1.715  3.8773  3.068    4  0.000  0.532     0.00     0.00 -1    -1e-30      0.00 7.555e-01 2.443e-01 2.201e-05 6.147e-06 5.515e-05 -1.000 1.303e-04 0.482 0.272 0.155 0.061 -0.053 -0.093 -0.104 -0.107 -0.114 -0.019 -0.105 -0.032 -0.082 -0.092 -0.094 -0.099 -0.106 -0.106 -0.108 -0.113 -0.114 -0.116 -0.115 -0.066
0.00012351 -2.10000 10.03743 0.8220769167 2.4262075424    0.766  1.716  3.8777  3.069    4  0.000  0.532     0.00     0.00 -1    -1e-30      0.00 7.555e-01 2.443e-01 2.201e-05 6.147e-06 5.515e-05 -1.000 1.305e-04 0.481 0.272 0.155 0.062 -0.051 -0.091 -0.102 -0.105 -0.112 -0.018 -0.103 -0.031 -0.080 -0.089 -0.092 -0.097 -0.104 -0.104 -0.105 -0.111 -0.112 -0.114 -0.113 -0.064
0.00012351 -2.10000 10.03743 0.8221315742 2.4262254238    0.766  1.716  3.8785  3.073    4  0.000  0.532     0.00     0.00 -1    -1e-30      0.00 7.555e-01 2.443e-01 2.201e-05 6.147e-06 5.515e-05 -1.000 1.303e-04 0.480 0.274 0.158 0.065 -0.046 -0.085 -0.096 -0.099 -0.106 -0.013 -0.097 -0.026 -0.074 -0.084 -0.086 -0.091 -0.098 -0.098 -0.100 -0.105 -0.106 -0.108 -0.107 -0.058
0.00012351 -2.10000 10.03743 0.8221870661 2.4262437820    0.766  1.716  3.8794  3.076    4  0.000  0.532     0.00     0.00 -1    -1e-30      0.00 7.555e-01 2.443e-01 2.201e-05 6.147e-06 5.515e-05 -1.000 1.303e-04 0.480 0.276 0.161 0.069 -0.040 -0.079 -0.090 -0.093 -0.100 -0.008 -0.091 -0.020 -0.068 -0.078 -0.080 -0.085 -0.092 -0.092 -0.094 -0.099 -0.100 -0.102 -0.101 -0.052
0.00012351 -2.10000 10.03743 0.8222425580 2.4262619019    0.766  1.716  3.8801  3.079    4  0.000  0.532     0.00     0.00 -1    -1e-30      0.00 7.555e-01 2.443e-01 2.201e-05 6.147e-06 5.515e-05 -1.000 1.304e-04 0.480 0.278 0.163 0.073 -0.035 -0.074 -0.085 -0.088 -0.095 -0.003 -0.086 -0.016 -0.063 -0.073 -0.075 -0.080 -0.087 -0.087 -0.088 -0.094 -0.095 -0.097 -0.096 -0.047
0.00012351 -2.10000 10.03743 0.8222980499 2.4262802601    0.766  1.716  3.8807  3.081    4  0.000  0.532     0.00     0.00 -1    -1e-30      0.00 7.555e-01 2.443e-01 2.201e-05 6.147e-06 5.515e-05 -1.000 1.304e-04 0.480 0.279 0.166 0.076 -0.031 -0.069 -0.081 -0.084 -0.090 0.000 -0.082 -0.012 -0.059 -0.068 -0.070 -0.075 -0.083 -0.083 -0.084 -0.089 -0.091 -0.093 -0.091 -0.043
0.00012351 -2.10000 10.03743 0.8223500848 2.4262971878    0.766  1.716  3.8810  3.082    4  0.000  0.532     0.00     0.00 -1    -1e-30      0.00 7.555e-01 2.443e-01 2.201e-05 6.147e-06 5.515e-05 -1.000 1.304e-04 0.480 0.280 0.167 0.078 -0.029 -0.067 -0.078 -0.081 -0.088 0.003 -0.079 -0.009 -0.056 -0.066 -0.068 -0.073 -0.080 -0.080 -0.081 -0.087 -0.088 -0.090 -0.089 -0.041
0.00012351 -2.10000 10.03743 0.8224064708 2.4263157845    0.766  1.716  3.8812  3.083    4  0.000  0.532     0.00     0.00 -1    -1e-30      0.00 7.555e-01 2.444e-01 2.201e-05 6.147e-06 5.515e-05 -1.000 1.304e-04 0.479 0.280 0.167 0.078 -0.028 -0.066 -0.078 -0.081 -0.087 0.003 -0.079 -0.009 -0.056 -0.065 -0.067 -0.072 -0.080 -0.080 -0.081 -0.086 -0.087 -0.090 -0.088 -0.040
0.00012351 -2.10000 10.03743 0.8224583864 2.4263327122    0.766  1.717  3.8810  3.082    4  0.000  0.532     0.00     0.00 -1    -1e-30      0.00 7.555e-01 2.444e-01 2.201e-05 6.147e-06 5.515e-05 -1.000 1.303e-04 0.478 0.278 0.165 0.076 -0.031 -0.069 -0.080 -0.083 -0.090 0.001 -0.081 -0.011 -0.058 -0.068 -0.070 -0.075 -0.082 -0.082 -0.083 -0.089 -0.090 -0.092 -0.091 -0.043
0.00012351 -2.10000 10.03743 0.8225113153 2.4263501167    0.766  1.718  3.8804  3.078    4  0.000  0.532     0.00     0.00 -1    -1e-30      0.00 7.555e-01 2.444e-01 2.201e-05 6.147e-06 5.515e-05 -1.000 1.304e-04 0.476 0.275 0.161 0.071 -0.037 -0.075 -0.087 -0.090 -0.096 -0.005 -0.088 -0.017 -0.065 -0.074 -0.076 -0.081 -0.089 -0.088 -0.090 -0.095 -0.096 -0.099 -0.097 -0.049
0.00012351 -2.10000 10.03743 0.8225631714 2.4263670444    0.766  1.718  3.8794  3.074    4  0.000  0.532     0.00     0.00 -1    -1e-30      0.00 7.555e-01 2.444e-01 2.201e-05 6.147e-06 5.515e-05 -1.000 1.304e-04 0.474 0.270 0.154 0.063 -0.046 -0.085 -0.097 -0.100 -0.106 -0.014 -0.098 -0.026 -0.075 -0.084 -0.086 -0.091 -0.099 -0.098 -0.100 -0.105 -0.106 -0.109 -0.107 -0.059
0.00012351 -2.10000 10.03743 0.8226158023 2.4263844490    0.767  1.720  3.8778  3.066    4  0.000  0.532     0.00     0.00 -1    -1e-30      0.00 7.555e-01 2.444e-01 2.201e-05 6.147e-06 5.515e-05 -1.000 1.304e-04 0.471 0.262 0.146 0.052 -0.060 -0.099 -0.111 -0.114 -0.121 -0.027 -0.112 -0.040 -0.089 -0.098 -0.100 -0.105 -0.113 -0.113 -0.114 -0.120 -0.121 -0.123 -0.122 -0.072
0.00012351 -2.10000 10.03743 0.8226667643 2.4264011383    0.767  1.721  3.8759  3.057    4  0.000  0.532     0.00     0.00 -1    -1e-30      0.00 7.555e-01 2.444e-01 2.201e-05 6.147e-06 5.515e-05 -1.000 1.304e-04 0.468 0.255 0.135 0.039 -0.077 -0.117 -0.129 -0.132 -0.138 -0.042 -0.130 -0.056 -0.106 -0.116 -0.118 -0.123 -0.131 -0.131 -0.132 -0.137 -0.138 -0.141 -0.140 -0.090
0.00012351 -2.10000 10.03743 0.8226724863 2.4264030457    0.767  1.721  3.8757  3.056    4  0.000  0.532     0.00     0.00 -1    -1e-30      0.00 7.555e-01 2.444e-01 2.201e-05 6.147e-06 5.515e-05 -1.000 1.304e-04 0.467 0.254 0.134 0.038 -0.079 -0.119 -0.131 -0.134 -0.140 -0.044 -0.132 -0.058 -0.108 -0.118 -0.120 -0.125 -0.133 -0.133 -0.134 -0.139 -0.140 -0.143 -0.142 -0.092
0.00012351 -2.10000 10.03743 0.8227220178 2.4264192581    0.767  1.723  3.8733  3.045    4  0.000  0.532     0.00     0.00 -1    -1e-30      0.00 7.555e-01 2.444e-01 2.201e-05 6.147e-06 5.515e-05 -1.000 1.304e-04 0.463 0.244 0.121 0.022 -0.100 -0.142 -0.153 -0.157 -0.163 -0.064 -0.155 -0.078 -0.131 -0.141 -0.143 -0.148 -0.155 -0.155 -0.157 -0.162 -0.163 -0.166 -0.165 -0.113
0.00012351 -2.10000 10.03743 0.8227775693 2.4264373779    0.767  1.725  3.8699  3.029    4  0.000  0.532     0.00     0.00 -1    -1e-30      0.00 7.555e-01 2.444e-01 2.201e-05 6.147e-06 5.515e-05 -1.000 1.303e-04 0.457 0.230 0.103 -0.001 -0.130 -0.173 -0.185 -0.188 -0.195 -0.091 -0.186 -0.106 -0.162 -0.172 -0.174 -0.180 -0.187 -0.187 -0.188 -0.194 -0.195 -0.197 -0.196 -0.144
0.00012351 -2.10000 10.03743 0.8228308558 2.4264550209    0.767  1.728  3.8659  3.011    4  0.000  0.532     0.00     0.00 -1    -1e-30      0.00 7.555e-01 2.444e-01 2.201e-05 6.147e-06 5.515e-05 -1.000 1.304e-04 0.451 0.214 0.082 -0.027 -0.164 -0.209 -0.221 -0.225 -0.231 -0.123 -0.223 -0.139 -0.198 -0.208 -0.210 -0.216 -0.223 -0.223 -0.225 -0.230 -0.231 -0.234 -0.233 -0.178
0.00012351 -2.10000 10.03743 0.8228845596 2.4264724255    0.767  1.731  3.8614  2.990    4  0.000  0.532     0.00     0.00 -1    -1e-30      0.00 7.555e-01 2.444e-01 2.201e-05 6.147e-06 5.515e-05 -1.000 1.304e-04 0.444 0.197 0.059 -0.056 -0.203 -0.250 -0.262 -0.266 -0.272 -0.159 -0.264 -0.176 -0.239 -0.249 -0.251 -0.257 -0.264 -0.264 -0.266 -0.271 -0.272 -0.275 -0.274 -0.218
0.00012351 -2.10000 10.03743 0.8229383230 2.4264900684    0.767  1.734  3.8561  2.965    4  0.000  0.532     0.00     0.00 -1    -1e-30      0.00 7.555e-01 2.444e-01 2.201e-05 6.147e-06 5.515e-05 -1.000 1.304e-04 0.435 0.179 0.033 -0.090 -0.247 -0.298 -0.310 -0.314 -0.320 -0.200 -0.312 -0.219 -0.286 -0.297 -0.299 -0.306 -0.312 -0.312 -0.314 -0.319 -0.320 -0.324 -0.322 -0.264
0.00012351 -2.10000 10.03743 0.8229902387 2.4265072346    0.767  1.738  3.8503  2.939    4  0.000  0.532     0.00     0.00 -1    -1e-30      0.00 7.555e-01 2.444e-01 2.201e-05 6.147e-06 5.515e-05 -1.000 1.304e-04 0.426 0.158 0.004 -0.126 -0.296 -0.350 -0.363 -0.366 -0.373 -0.245 -0.365 -0.265 -0.339 -0.349 -0.351 -0.358 -0.364 -0.365 -0.367 -0.372 -0.373 -0.377 -0.375 -0.315
0.00012351 -2.10000 10.03743 0.8230417371 2.4265241623    0.767  1.742  3.8440  2.909    4  0.000  0.532     0.00     0.00 -1    -1e-30      0.00 7.555e-01 2.444e-01 2.201e-05 6.147e-06 5.515e-05 -1.000 1.304e-04 0.416 0.138 -0.026 -0.165 -0.349 -0.407 -0.420 -0.424 -0.431 -0.294 -0.422 -0.315 -0.395 -0.405 -0.408 -0.416 -0.421 -0.422 -0.424 -0.429 -0.430 -0.434 -0.432 -0.369
0.00012351 -2.10000 10.03743 0.8230466843 2.4265255928    0.767  1.742  3.8434  2.906    4  0.000  0.532     0.00     0.00 -1    -1e-30      0.00 7.555e-01 2.444e-01 2.201e-05 6.147e-06 5.515e-05 -1.000 1.304e-04 0.415 0.136 -0.029 -0.168 -0.354 -0.412 -0.426 -0.429 -0.436 -0.299 -0.428 -0.320 -0.400 -0.411 -0.414 -0.421 -0.427 -0.428 -0.430 -0.435 -0.436 -0.440 -0.437 -0.375
0.00012351 -2.10000 10.03743 0.8230554461 2.4265284538    0.767  1.743  3.8423  2.901    4  0.000  0.532     0.00     0.00 -1    -1e-30      0.00 7.555e-01 2.444e-01 2.201e-05 6.147e-06 5.515e-05 -1.000 1.304e-04 0.413 0.132 -0.035 -0.175 -0.364 -0.422 -0.436 -0.439 -0.446 -0.308 -0.438 -0.329 -0.410 -0.421 -0.424 -0.431 -0.437 -0.438 -0.440 -0.445 -0.446 -0.450 -0.448 -0.384
0.00012351 -2.10000 10.03743 0.8231073022 2.4265456200    0.767  1.747  3.8357  2.870    4  0.000  0.532     0.00     0.00 -1    -1e-30      0.00 7.555e-01 2.444e-01 2.201e-05 6.147e-06 5.515e-05 -1.000 1.303e-04 0.402 0.110 -0.067 -0.216 -0.420 -0.482 -0.496 -0.500 -0.507 -0.360 -0.498 -0.382 -0.470 -0.481 -0.484 -0.492 -0.498 -0.499 -0.501 -0.506 -0.507 -0.511 -0.508 -0.442
0.00012351 -2.10000 10.03743 0.8231578469 2.4265620708    0.767  1.751  3.8290  2.839    4  0.000  0.532     0.00     0.00 -1    -1e-30      0.00 7.555e-01 2.444e-01 2.201e-05 6.147e-06 5.515e-05 -1.000 1.303e-04 0.392 0.089 -0.098 -0.257 -0.475 -0.542 -0.557 -0.561 -0.568 -0.411 -0.559 -0.434 -0.530 -0.541 -0.544 -0.552 -0.558 -0.559 -0.562 -0.567 -0.567 -0.572 -0.569 -0.499
0.00012351 -2.10000 10.03743 0.8232119083 2.4265797138    0.767  1.757  3.8213  2.803    4  0.000  0.532     0.00     0.00 -1    -1e-30      0.00 7.555e-01 2.444e-01 2.201e-05 6.147e-06 5.515e-05 -1.000 1.303e-04 0.379 0.064 -0.134 -0.304 -0.540 -0.612 -0.627 -0.632 -0.638 -0.471 -0.629 -0.494 -0.599 -0.611 -0.614 -0.623 -0.629 -0.630 -0.633 -0.637 -0.638 -0.643 -0.639 -0.566
0.00012351 -2.10000 10.03743 0.8232633471 2.4265966415    0.767  1.762  3.8134  2.767    4  0.000  0.532     0.00     0.00 -1    -1e-30      0.00 7.555e-01 2.444e-01 2.201e-05 6.147e-06 5.515e-05 -1.000 1.303e-04 0.365 0.040 -0.171 -0.351 -0.605 -0.683 -0.699 -0.704 -0.710 -0.532 -0.701 -0.555 -0.669 -0.682 -0.685 -0.694 -0.700 -0.702 -0.705 -0.709 -0.710 -0.715 -0.712 -0.633
0.00012351 -2.10000 10.03743 0.8233126402 2.4266128540    0.767  1.768  3.8059  2.731    4  0.000  0.532     0.00     0.00 -1    -1e-30      0.00 7.555e-01 2.444e-01 2.201e-05 6.147e-06 5.515e-05 -1.000 1.303e-04 0.351 0.016 -0.207 -0.398 -0.668 -0.752 -0.769 -0.774 -0.781 -0.592 -0.771 -0.615 -0.738 -0.751 -0.754 -0.764 -0.770 -0.772 -0.775 -0.780 -0.780 -0.785 -0.782 -0.699
0.00012351 -2.10000 10.03743 0.8233634830 2.4266293049    0.767  1.774  3.7984  2.695    4  0.000  0.532     0.00     0.00 -1    -1e-30      0.00 7.555e-01 2.444e-01 2.201e-05 6.147e-06 5.515e-05 -1.000 1.303e-04 0.336 -0.008 -0.244 -0.445 -0.733 -0.822 -0.840 -0.845 -0.852 -0.652 -0.843 -0.675 -0.807 -0.821 -0.825 -0.835 -0.841 -0.843 -0.846 -0.851 -0.852 -0.857 -0.853 -0.765
0.00012351 -2.10000 10.03743 0.8234134316 2.4266457558    0.767  1.780  3.7918  2.663    4  0.000  0.532     0.00     0.00 -1    -1e-30      0.00 7.555e-01 2.444e-01 2.201e-05 6.147e-06 5.515e-05 -1.000 1.304e-04 0.321 -0.031 -0.277 -0.487 -0.790 -0.885 -0.904 -0.910 -0.916 -0.706 -0.907 -0.728 -0.869 -0.884 -0.888 -0.899 -0.905 -0.907 -0.911 -0.915 -0.916 -0.921 -0.918 -0.824
0.00012351 -2.10000 10.03743 0.8234638572 2.4266622066    0.767  1.786  3.7855  2.631    4  0.000  0.532     0.00     0.00 -1    -1e-30      0.00 7.555e-01 2.444e-01 2.201e-05 6.147e-06 5.515e-05 -1.000 1.304e-04 0.305 -0.053 -0.310 -0.529 -0.846 -0.947 -0.966 -0.972 -0.979 -0.759 -0.969 -0.781 -0.930 -0.945 -0.949 -0.961 -0.967 -0.970 -0.973 -0.978 -0.979 -0.984 -0.980 -0.882
0.00012351 -2.10000 10.03743 0.8235144019 2.4266788960    0.768  1.792  3.7800  2.603    4  0.000  0.532     0.00     0.00 -1    -1e-30      0.00 7.555e-01 2.444e-01 2.201e-05 6.147e-06 5.515e-05 -1.000 1.304e-04 0.289 -0.075 -0.341 -0.568 -0.897 -1.003 -1.023 -1.029 -1.036 -0.808 -1.026 -0.829 -0.985 -1.002 -1.006 -1.018 -1.024 -1.027 -1.030 -1.035 -1.036 -1.042 -1.038 -0.935
0.00012351 -2.10000 10.03743 0.8235652447 2.4266953468    0.768  1.800  3.7747  2.574    4  0.000  0.532     0.00     0.00 -1    -1e-30      0.00 7.555e-01 2.444e-01 2.201e-05 6.147e-06 5.515e-05 -1.000 1.304e-04 0.270 -0.099 -0.375 -0.609 -0.950 -1.060 -1.082 -1.088 -1.095 -0.859 -1.085 -0.878 -1.042 -1.059 -1.063 -1.076 -1.083 -1.086 -1.089 -1.094 -1.095 -1.101 -1.097 -0.990
0.00012351 -2.10000 10.03743 0.8235753179 2.4266986847    0.768  1.797  3.7756  2.581    4  0.000  0.532     0.00     0.00 -1    -1e-30      0.00 7.555e-01 2.444e-01 2.201e-05 6.147e-06 5.515e-05 -1.000 1.303e-04 0.278 -0.090 -0.364 -0.598 -0.936 -1.046 -1.067 -1.073 -1.081 -0.845 -1.070 -0.865 -1.027 -1.045 -1.049 -1.061 -1.068 -1.071 -1.074 -1.079 -1.080 -1.086 -1.082 -0.976
0.00012351 -2.10000 10.03743 0.8236275315 2.4267158508    0.768  1.810  3.7688  2.541    4  0.000  0.532     0.00     0.00 -1    -1e-30      0.00 7.555e-01 2.444e-01 2.201e-05 6.147e-06 5.515e-05 -1.000 1.304e-04 0.246 -0.129 -0.415 -0.658 -1.012 -1.127 -1.150 -1.156 -1.164 -0.918 -1.152 -0.936 -1.108 -1.126 -1.130 -1.144 -1.151 -1.154 -1.157 -1.163 -1.164 -1.170 -1.166 -1.053
0.00012351 -2.10000 10.03743 0.8236789107 2.4267325401    0.768  1.828  3.7620  2.495    4  0.000  0.532     0.00     0.00 -1    -1e-30      0.00 7.555e-01 2.444e-01 2.201e-05 6.147e-06 5.515e-05 -1.000 1.303e-04 0.200 -0.180 -0.478 -0.731 -1.100 -1.221 -1.245 -1.252 -1.261 -1.003 -1.248 -1.020 -1.201 -1.220 -1.225 -1.239 -1.247 -1.250 -1.254 -1.259 -1.260 -1.266 -1.262 -1.143
0.00012351 -2.10000 10.03743 0.8237220645 2.4267466068    0.768  1.856  3.7538  2.435    4  0.000  0.532     0.00     0.00 -1    -1e-30      0.00 7.555e-01 2.444e-01 2.201e-05 6.147e-06 5.515e-05 -1.000 1.304e-04 0.131 -0.257 -0.569 -0.834 -1.220 -1.350 -1.376 -1.383 -1.392 -1.121 -1.379 -1.135 -1.327 -1.348 -1.354 -1.369 -1.377 -1.381 -1.385 -1.391 -1.392 -1.398 -1.394 -1.266
0.00012351 -2.10000 10.03743 0.8237455487 2.4267544746    0.768  1.887  3.7459  2.372    4  0.000  0.532     0.00     0.00 -1    -1e-30      0.00 7.555e-01 2.444e-01 2.201e-05 6.147e-06 5.515e-05 -1.000 1.303e-04 0.052 -0.341 -0.667 -0.944 -1.347 -1.485 -1.512 -1.520 -1.530 -1.245 -1.516 -1.257 -1.460 -1.482 -1.489 -1.505 -1.514 -1.518 -1.522 -1.528 -1.529 -1.535 -1.531 -1.395
0.00012351 -2.10000 10.03743 0.8237560987 2.4267578125    0.768  1.919  3.7390  2.312    4  0.000  0.532     0.00     0.00 -1    -1e-30      0.00 7.555e-01 2.444e-01 2.201e-05 6.147e-06 5.515e-05 -1.000 1.303e-04 -0.029 -0.428 -0.766 -1.053 -1.471 -1.616 -1.645 -1.654 -1.663 -1.367 -1.649 -1.377 -1.589 -1.613 -1.621 -1.638 -1.647 -1.651 -1.655 -1.662 -1.663 -1.669 -1.665 -1.522
0.00012351 -2.10000 10.03743 0.8237608075 2.4267594814    0.768  1.953  3.7330  2.254    4  0.000  0.532     0.00     0.00 -1    -1e-30      0.00 7.555e-01 2.444e-01 2.201e-05 6.147e-06 5.515e-05 -1.000 1.303e-04 -0.112 -0.515 -0.865 -1.161 -1.591 -1.743 -1.773 -1.783 -1.792 -1.486 -1.777 -1.493 -1.714 -1.740 -1.748 -1.766 -1.775 -1.780 -1.784 -1.791 -1.792 -1.798 -1.794 -1.644
0.00012351 -2.10000 10.03743 0.8237630725 2.4267601967    0.768  1.986  3.7282  2.203    4  0.000  0.532     0.00     0.00 -1    -1e-30      0.00 7.555e-01 2.444e-01 2.201e-05 6.147e-06 5.515e-05 -1.000 1.303e-04 -0.194 -0.599 -0.958 -1.261 -1.701 -1.858 -1.890 -1.900 -1.910 -1.595 -1.895 -1.600 -1.828 -1.855 -1.863 -1.883 -1.893 -1.897 -1.901 -1.909 -1.910 -1.915 -1.912 -1.756
0.00012351 -2.10000 10.03743 0.8237639666 2.4267604351    0.768  2.006  3.7257  2.172    7  0.000  0.532     0.00     0.00 -1    -1e-30      0.00 7.555e-01 2.444e-01 2.201e-05 6.147e-06 5.515e-05 -1.000 1.303e-04 -0.244 -0.651 -1.015 -1.322 -1.767 -1.927 -1.959 -1.970 -1.980 -1.660 -1.964 -1.664 -1.896 -1.924 -1.932 -1.952 -1.962 -1.967 -1.971 -1.978 -1.980 -1.985 -1.982 -1.823
0.00012351 -2.10000 10.03743 0.8237643242 2.4267604351    0.768  2.018  3.7243  2.154    7  0.000  0.532     0.00     0.00 -1    -1e-30      0.00 7.555e-01 2.444e-01 2.201e-05 6.147e-06 5.515e-05 -1.000 1.303e-04 -0.276 -0.684 -1.050 -1.359 -1.807 -1.968 -2.001 -2.012 -2.022 -1.700 -2.006 -1.703 -1.937 -1.965 -1.974 -1.994 -2.004 -2.009 -2.013 -2.020 -2.022 -2.027 -2.024 -1.863
0.00012351 -2.10000 10.03743 0.8237654567 2.4267609119    0.768  2.063  3.7203  2.093    7  0.000  0.532     0.00     0.00 -1    -1e-30      0.00 7.555e-01 2.444e-01 2.201e-05 6.147e-06 5.515e-05 -1.000 1.304e-04 -0.388 -0.797 -1.171 -1.487 -1.943 -2.109 -2.143 -2.154 -2.164 -1.835 -2.148 -1.837 -2.077 -2.106 -2.115 -2.135 -2.146 -2.151 -2.156 -2.163 -2.164 -2.169 -2.166 -2.001
0.00012351 -2.10000 10.03743 0.8237664104 2.4267611504    0.768  2.102  3.7172  2.042    7  0.000  0.532     0.00     0.00 -1    -1e-30      0.00 7.555e-01 2.444e-01 2.201e-05 6.147e-06 5.515e-05 -1.000 1.305e-04 -0.485 -0.895 -1.275 -1.596 -2.058 -2.228 -2.263 -2.274 -2.284 -1.950 -2.268 -1.950 -2.194 -2.224 -2.234 -2.255 -2.266 -2.271 -2.276 -2.284 -2.284 -2.288 -2.286 -2.117
0.00012351 -2.10000 10.03743 0.8237672448 2.4267613888    0.768  2.134  3.7148  2.001    7  0.000  0.532     0.00     0.00 -1    -1e-30      0.00 7.555e-01 2.444e-01 2.201e-05 6.147e-06 5.515e-05 -1.000 1.303e-04 -0.565 -0.976 -1.361 -1.685 -2.152 -2.325 -2.360 -2.371 -2.382 -2.043 -2.365 -2.043 -2.290 -2.321 -2.331 -2.352 -2.363 -2.368 -2.373 -2.381 -2.382 -2.385 -2.383 -2.212
0.00012351 -2.10000 10.03743 0.8237681985 2.4267618656    0.768  2.162  3.7130  1.965    7  0.000  0.532     0.00     0.00 -1    -1e-30      0.00 7.555e-01 2.444e-01 2.201e-05 6.147e-06 5.515e-05 -1.000 1.304e-04 -0.634 -1.046 -1.435 -1.762 -2.234 -2.408 -2.444 -2.456 -2.466 -2.124 -2.450 -2.123 -2.373 -2.404 -2.414 -2.435 -2.447 -2.453 -2.457 -2.465 -2.466 -2.469 -2.467 -2.294
0.00012351 -2.10000 10.03743 0.8237704635 2.4267625809    0.768  2.176  3.7122  1.948    7  0.000  0.532     0.00     0.00 -1    -1e-30      0.00 7.555e-01 2.444e-01 2.201e-05 6.147e-06 5.515e-05 -1.000 1.304e-04 -0.671 -1.084 -1.474 -1.802 -2.275 -2.451 -2.486 -2.498 -2.508 -2.166 -2.492 -2.164 -2.415 -2.446 -2.456 -2.478 -2.490 -2.495 -2.500 -2.508 -2.509 -2.511 -2.509 -2.335
0.00012351 -2.10000 10.03743 0.8237726092 2.4267632961    0.768  2.155  3.7137  1.976    7  0.000  0.532     0.00     0.00 -1    -1e-30      0.00 7.555e-01 2.444e-01 2.201e-05 6.147e-06 5.515e-05 -1.000 1.304e-04 -0.616 -1.028 -1.416 -1.741 -2.211 -2.385 -2.420 -2.432 -2.442 -2.102 -2.426 -2.101 -2.350 -2.381 -2.391 -2.412 -2.424 -2.429 -2.434 -2.442 -2.442 -2.445 -2.443 -2.271
0.00012351 -2.10000 10.03743 0.8237929940 2.4267699718    0.768  2.147  3.7139  1.984    7  0.000  0.532     0.00     0.00 -1    -1e-30      0.00 7.555e-01 2.444e-01 2.201e-05 6.147e-06 5.515e-05 -1.000 1.303e-04 -0.598 -1.009 -1.396 -1.722 -2.191 -2.365 -2.400 -2.412 -2.422 -2.082 -2.406 -2.081 -2.330 -2.361 -2.371 -2.392 -2.404 -2.409 -2.414 -2.422 -2.423 -2.426 -2.423 -2.251
0.00012351 -2.10000 10.03743 0.8238089085 2.4267752171    0.768  2.181  3.7113  1.940    7  0.000  0.532     0.00     0.00 -1    -1e-30      0.00 7.555e-01 2.444e-01 2.201e-05 6.147e-06 5.515e-05 -1.000 1.303e-04 -0.682 -1.094 -1.487 -1.816 -2.291 -2.467 -2.503 -2.515 -2.525 -2.181 -2.509 -2.179 -2.431 -2.463 -2.473 -2.494 -2.507 -2.512 -2.517 -2.525 -2.526 -2.528 -2.526 -2.351
0.00012351 -2.10000 10.03743 0.8238298893 2.4267818928    0.768  2.229  3.7081  1.879    7  0.000  0.532     0.00     0.00 -1    -1e-30      0.00 7.555e-01 2.444e-01 2.201e-05 6.147e-06 5.515e-05 -1.000 1.304e-04 -0.803 -1.217 -1.616 -1.950 -2.431 -2.612 -2.649 -2.661 -2.671 -2.321 -2.655 -2.318 -2.575 -2.607 -2.618 -2.640 -2.652 -2.658 -2.663 -2.671 -2.672 -2.673 -2.672 -2.493
0.00012351 -2.10000 10.03743 0.8238486648 2.4267880917    0.768  2.277  3.7050  1.818    7  0.000  0.532     0.00     0.00 -1    -1e-30      0.00 7.555e-01 2.444e-01 2.201e-05 6.147e-06 5.515e-05 -1.000 1.304e-04 -0.922 -1.337 -1.742 -2.082 -2.569 -2.753 -2.791 -2.804 -2.813 -2.459 -2.797 -2.453 -2.715 -2.748 -2.760 -2.782 -2.795 -2.801 -2.806 -2.814 -2.814 -2.815 -2.814 -2.632
0.00012351 -2.10000 10.03743 0.8238657713 2.4267938137    0.768  2.322  3.7023  1.762    7  0.000  0.532     0.00     0.00 -1    -1e-30      0.00 7.555e-01 2.444e-01 2.201e-05 6.148e-06 5.515e-05 -1.000 1.304e-04 -1.036 -1.451 -1.862 -2.206 -2.700 -2.887 -2.926 -2.939 -2.947 -2.589 -2.931 -2.582 -2.847 -2.881 -2.893 -2.916 -2.929 -2.935 -2.941 -2.949 -2.949 -2.949 -2.948 -2.763
0.00012351 -2.10000 10.03743 0.8238810897 2.4267988205    0.768  2.365  3.6998  1.710    7  0.000  0.532     0.00     0.00 -1    -1e-30      0.00 7.555e-01 2.444e-01 2.200e-05 6.148e-06 5.515e-05 -1.000 1.291e-04 -1.142 -1.558 -1.975 -2.323 -2.821 -3.011 -3.051 -3.064 -3.072 -2.710 -3.056 -2.702 -2.971 -3.006 -3.018 -3.040 -3.054 -3.061 -3.066 -3.074 -3.074 -3.074 -3.073 -2.885
0.00012351 -2.10000 10.03743 0.8238946795 2.4268031120    0.768  2.407  3.6974  1.658    7  0.000  0.532     0.00     0.00 -1    -1e-30      0.00 7.555e-01 2.444e-01 2.199e-05 6.153e-06 5.516e-05 -1.000 1.096e-04 -1.247 -1.664 -2.085 -2.437 -2.941 -3.133 -3.174 -3.188 -3.196 -2.829 -3.180 -2.820 -3.092 -3.128 -3.141 -3.163 -3.178 -3.184 -3.190 -3.198 -3.198 -3.196 -3.196 -3.006
0.00012351 -2.10000 10.03743 0.8239065409 2.4268069267    0.768  2.448  3.6951  1.607    7  0.000  0.530     0.00     0.00 -1    -1e-30      0.00 7.555e-01 2.444e-01 2.190e-05 6.191e-06 5.516e-05 -1.000 1.146e-04 -1.351 -1.768 -2.194 -2.550 -3.058 -3.254 -3.294 -3.309 -3.316 -2.946 -3.301 -2.936 -3.212 -3.248 -3.261 -3.284 -3.299 -3.305 -3.311 -3.319 -3.319 -3.316 -3.316 -3.124
0.00012351 -2.10000 10.03743 0.8239170909 2.4268105030    0.768  2.489  3.6928  1.557    7  0.000  0.522     0.00     0.00 -1    -1e-30      0.00 7.554e-01 2.445e-01 2.164e-05 6.405e-06 5.517e-05 -1.000 9.702e-05 -1.453 -1.869 -2.301 -2.660 -3.174 -3.372 -3.413 -3.428 -3.435 -3.061 -3.420 -3.050 -3.329 -3.366 -3.379 -3.402 -3.418 -3.424 -3.430 -3.439 -3.437 -3.433 -3.434 -3.241
0.00012351 -2.10000 10.03743 0.8239266276 2.4268136024    0.768  2.530  3.6905  1.508    7  0.000  0.508     0.00     0.00 -1    -1e-30      0.00 7.552e-01 2.447e-01 2.110e-05 6.990e-06 5.518e-05 -1.000 1.297e-04 -1.554 -1.971 -2.407 -2.771 -3.289 -3.490 -3.532 -3.547 -3.553 -3.176 -3.538 -3.164 -3.446 -3.484 -3.497 -3.520 -3.536 -3.543 -3.549 -3.558 -3.556 -3.550 -3.552 -3.357
0.00012351 -2.10000 10.03743 0.8239353895 2.4268164635    0.768  2.570  3.6883  1.458    7  0.000  0.492     0.00     0.00 -1    -1e-30      0.00 7.550e-01 2.449e-01 2.047e-05 7.758e-06 5.520e-05 -1.000 1.302e-04 -1.656 -2.072 -2.514 -2.881 -3.404 -3.607 -3.650 -3.665 -3.671 -3.291 -3.657 -3.277 -3.563 -3.602 -3.615 -3.638 -3.655 -3.662 -3.668 -3.677 -3.674 -3.667 -3.669 -3.472
0.00012351 -2.10000 10.03743 0.8239434958 2.4268190861    0.768  2.611  3.6860  1.408    7  0.000  0.478     0.00     0.00 -1    -1e-30      0.00 7.548e-01 2.450e-01 1.990e-05 8.464e-06 5.521e-05 -1.000 1.280e-04 -1.758 -2.174 -2.621 -2.992 -3.520 -3.726 -3.769 -3.785 -3.790 -3.406 -3.776 -3.392 -3.680 -3.720 -3.734 -3.757 -3.774 -3.781 -3.787 -3.796 -3.794 -3.785 -3.787 -3.589
0.00012351 -2.10000 10.03743 0.8239508867 2.4268214703    0.768  2.652  3.6838  1.359    7  0.000  0.466     0.00     0.00 -1    -1e-30      0.00 7.546e-01 2.452e-01 1.940e-05 9.076e-06 5.523e-05 -1.000 1.265e-04 -1.859 -2.275 -2.727 -3.102 -3.635 -3.843 -3.887 -3.903 -3.908 -3.521 -3.894 -3.505 -3.797 -3.837 -3.851 -3.875 -3.892 -3.899 -3.906 -3.915 -3.912 -3.902 -3.904 -3.704
0.00012351 -2.10000 10.03743 0.8239580393 2.4268238544    0.768  2.692  3.6815  1.309    7  0.000  0.456     0.00     0.00 -1    -1e-30      0.00 7.544e-01 2.454e-01 1.898e-05 9.598e-06 5.524e-05 -1.000 1.301e-04 -1.960 -2.375 -2.833 -3.212 -3.749 -3.960 -4.005 -4.022 -4.026 -3.635 -4.012 -3.618 -3.913 -3.954 -3.968 -3.992 -4.010 -4.018 -4.024 -4.033 -4.030 -4.018 -4.021 -3.820
0.00012351 -2.10000 10.03743 0.8239647746 2.4268260002    0.768  2.732  3.6793  1.261    7  0.000  0.447     0.00     0.00 -1    -1e-30      0.00 7.542e-01 2.457e-01 1.861e-05 1.005e-05 5.523e-05 -1.000 1.282e-04 -2.060 -2.474 -2.937 -3.320 -3.863 -4.076 -4.121 -4.139 -4.142 -3.747 -4.129 -3.730 -4.028 -4.070 -4.085 -4.108 -4.127 -4.135 -4.141 -4.151 -4.147 -4.132 -4.136 -3.934
0.00012351 -2.10000 10.03743 0.8239713311 2.4268281460    0.768  2.772  3.6770  1.211    7  0.000  0.439     0.00     0.00 -1    -1e-30      0.00 7.539e-01 2.459e-01 1.830e-05 1.044e-05 5.523e-05 -1.000 1.260e-04 -2.160 -2.572 -3.042 -3.429 -3.976 -4.192 -4.238 -4.256 -4.258 -3.861 -4.246 -3.842 -4.144 -4.186 -4.201 -4.224 -4.245 -4.252 -4.259 -4.268 -4.264 -4.246 -4.251 -4.048
0.00012351 -2.10000 10.03743 0.8239774108 2.4268302917    0.768  2.813  3.6747  1.161    7  0.000  0.433     0.00     0.00 -1    -1e-30      0.00 7.537e-01 2.462e-01 1.802e-05 1.079e-05 5.520e-05 -1.000 1.305e-04 -2.262 -2.672 -3.148 -3.540 -4.092 -4.311 -4.357 -4.376 -4.376 -3.976 -4.365 -3.956 -4.261 -4.304 -4.320 -4.342 -4.364 -4.372 -4.378 -4.388 -4.383 -4.362 -4.368 -4.165
0.00012351 -2.10000 10.03743 0.8239826560 2.4268319607    0.768  2.854  3.6724  1.111    7  0.000  0.428     0.00     0.00 -1    -1e-30      0.00 7.535e-01 2.464e-01 1.778e-05 1.109e-05 5.514e-05 -1.000 1.304e-04 -2.364 -2.773 -3.255 -3.650 -4.208 -4.430 -4.476 -4.496 -4.495 -4.092 -4.485 -4.071 -4.379 -4.423 -4.439 -4.461 -4.484 -4.492 -4.498 -4.508 -4.503 -4.479 -4.485 -4.281
0.00012351 -2.10000 10.03743 0.8239871264 2.4268333912    0.768  2.894  3.6700  1.061    7  0.000  0.423     0.00     0.00 -1    -1e-30      0.00 7.532e-01 2.467e-01 1.758e-05 1.137e-05 5.505e-05 -1.000 1.304e-04 -2.465 -2.872 -3.360 -3.761 -4.324 -4.548 -4.595 -4.615 -4.614 -4.207 -4.604 -4.185 -4.497 -4.541 -4.557 -4.579 -4.603 -4.611 -4.618 -4.628 -4.622 -4.595 -4.602 -4.398
0.00012351 -2.10000 10.03743 0.8239909410 2.4268345833    0.768  2.934  3.6676  1.011    7  0.000  0.420     0.00     0.00 -1    -1e-30      0.00 7.530e-01 2.469e-01 1.740e-05 1.165e-05 5.492e-05 -1.000 1.304e-04 -2.566 -2.971 -3.466 -3.871 -4.439 -4.666 -4.714 -4.735 -4.732 -4.322 -4.723 -4.299 -4.614 -4.659 -4.676 -4.697 -4.722 -4.731 -4.737 -4.748 -4.741 -4.710 -4.718 -4.514
0.00012351 -2.10000 10.03743 0.8239943981 2.4268357754    0.768  2.974  3.6652  0.962    7  0.000  0.418     0.00     0.00 -1    -1e-30      0.00 7.527e-01 2.471e-01 1.726e-05 1.193e-05 5.477e-05 -1.000 1.304e-04 -2.666 -3.068 -3.570 -3.979 -4.553 -4.783 -4.831 -4.853 -4.848 -4.436 -4.841 -4.411 -4.730 -4.776 -4.793 -4.812 -4.840 -4.849 -4.856 -4.866 -4.858 -4.824 -4.833 -4.629
0.00012351 -2.10000 10.03743 0.8239980936 2.4268369675    0.768  3.016  3.6627  0.910    7  0.000  0.416     0.00     0.00 -1    -1e-30      0.00 7.525e-01 2.473e-01 1.713e-05 1.220e-05 5.460e-05 -1.000 1.302e-04 -2.769 -3.168 -3.678 -4.092 -4.672 -4.905 -4.953 -4.976 -4.970 -4.554 -4.963 -4.529 -4.850 -4.897 -4.915 -4.933 -4.963 -4.972 -4.979 -4.990 -4.981 -4.942 -4.953 -4.749
0.00012351 -2.10000 10.03743 0.8240011334 2.4268379211    0.768  3.057  3.6601  0.858    7  0.000  0.415     0.00     0.00 -1    -1e-30      0.00 7.523e-01 2.476e-01 1.704e-05 1.244e-05 5.444e-05 -1.000 1.269e-04 -2.873 -3.269 -3.787 -4.207 -4.792 -5.028 -5.076 -5.101 -5.093 -4.674 -5.087 -4.647 -4.972 -5.020 -5.038 -5.055 -5.088 -5.096 -5.104 -5.115 -5.105 -5.061 -5.073 -4.870
0.00012351 -2.10000 10.03743 0.8240025640 2.4268383980    0.768  3.088  3.6581  0.820    7  0.000  0.415     0.00     0.00 -1    -1e-30      0.00 7.521e-01 2.478e-01 1.697e-05 1.266e-05 5.429e-05 -1.000 1.299e-04 -2.951 -3.344 -3.868 -4.292 -4.882 -5.120 -5.168 -5.194 -5.184 -4.763 -5.179 -4.736 -5.063 -5.111 -5.130 -5.146 -5.180 -5.189 -5.196 -5.208 -5.197 -5.150 -5.163 -4.960
0.00012351 -2.10000 10.03743 0.8240031600 2.4268386364    0.768  3.049  3.6606  0.869    7  0.000  0.414     0.00     0.00 -1    -1e-30      0.00 7.520e-01 2.479e-01 1.691e-05 1.286e-05 5.414e-05 -1.000 1.305e-04 -2.852 -3.248 -3.764 -4.183 -4.768 -5.003 -5.051 -5.076 -5.068 -4.649 -5.062 -4.623 -4.947 -4.995 -5.013 -5.030 -5.062 -5.071 -5.078 -5.089 -5.080 -5.037 -5.049 -4.845
0.00012351 -2.10000 10.03743 0.8240032792 2.4268386364    0.768  3.051  3.6604  0.866    7  0.000  0.414     0.00     0.00 -1    -1e-30      0.00 7.519e-01 2.479e-01 1.691e-05 1.287e-05 5.413e-05 -1.000 1.303e-04 -2.858 -3.254 -3.770 -4.190 -4.775 -5.010 -5.058 -5.083 -5.075 -4.656 -5.069 -4.630 -4.954 -5.002 -5.020 -5.037 -5.070 -5.078 -5.085 -5.096 -5.087 -5.044 -5.056 -4.852
0.00012351 -2.10000 10.03743 0.8240035176 2.4268386364    0.768  3.075  3.6590  0.837    7  0.000  0.414     0.00     0.00 -1    -1e-30      0.00 7.519e-01 2.479e-01 1.690e-05 1.289e-05 5.412e-05 -1.000 1.304e-04 -2.916 -3.311 -3.832 -4.254 -4.842 -5.079 -5.127 -5.153 -5.144 -4.723 -5.138 -4.696 -5.022 -5.071 -5.089 -5.105 -5.139 -5.148 -5.155 -5.166 -5.156 -5.111 -5.123 -4.920
0.00012351 -2.10000 10.03743 0.8240036964 2.4268388748    0.768  3.095  3.6578  0.812    7  0.000  0.414     0.00     0.00 -1    -1e-30      0.00 7.519e-01 2.480e-01 1.689e-05 1.290e-05 5.411e-05 -1.000 1.304e-04 -2.966 -3.359 -3.884 -4.309 -4.900 -5.138 -5.187 -5.213 -5.203 -4.781 -5.198 -4.753 -5.081 -5.130 -5.148 -5.164 -5.199 -5.207 -5.215 -5.226 -5.216 -5.168 -5.181 -4.978
0.00012351 -2.10000 10.03743 0.8240038753 2.4268388748    0.768  3.116  3.6564  0.785    7  0.000  0.414     0.00     0.00 -1    -1e-30      0.00 7.519e-01 2.480e-01 1.688e-05 1.294e-05 5.408e-05 -1.000 1.303e-04 -3.019 -3.410 -3.939 -4.367 -4.961 -5.201 -5.250 -5.277 -5.265 -4.842 -5.261 -4.814 -5.143 -5.193 -5.211 -5.226 -5.263 -5.271 -5.279 -5.290 -5.279 -5.229 -5.243 -5.040
0.00012351 -2.10000 10.03743 0.8240041137 2.4268388748    0.768  3.148  3.6543  0.745    7  0.000  0.414     0.00     0.00 -1    -1e-30      0.00 7.518e-01 2.481e-01 1.683e-05 1.311e-05 5.396e-05 -1.000 1.304e-04 -3.100 -3.487 -4.023 -4.456 -5.054 -5.297 -5.345 -5.373 -5.361 -4.935 -5.358 -4.906 -5.238 -5.288 -5.307 -5.321 -5.359 -5.368 -5.376 -5.388 -5.376 -5.321 -5.337 -5.134
0.00012351 -2.10000 10.03743 0.8240044713 2.4268391132    0.768  3.191  3.6513  0.689    7  0.000  0.414     0.00     0.00 -1    -1e-30      0.00 7.514e-01 2.484e-01 1.671e-05 1.355e-05 5.364e-05 -1.000 1.304e-04 -3.209 -3.588 -4.135 -4.574 -5.181 -5.427 -5.475 -5.506 -5.491 -5.061 -5.489 -5.030 -5.366 -5.418 -5.438 -5.448 -5.491 -5.500 -5.508 -5.520 -5.508 -5.447 -5.464 -5.261
0.00012351 -2.10000 10.03743 0.8240051270 2.4268393517    0.768  3.244  3.6477  0.623    7  0.549  0.413     0.00     0.00 -1    -1e-30      0.00 7.509e-01 2.489e-01 1.655e-05 1.416e-05 5.318e-05 -1.000 1.305e-04 -3.339 -3.708 -4.267 -4.716 -5.332 -5.583 -5.631 -5.664 -5.646 -5.211 -5.645 -5.179 -5.520 -5.573 -5.594 -5.600 -5.649 -5.658 -5.666 -5.679 -5.665 -5.596 -5.615 -5.413
0.00012351 -2.10000 10.03743 0.8240051866 2.4268393517    0.768  3.414  3.6091  0.298    8  0.549  0.390    89.87    43.79  1 -1.17e-06      0.00 7.290e-01 2.706e-01 6.375e-05 5.931e-05 2.177e-04 -1.000 3.690e-04 -3.766 -3.951 -4.660 -5.219 -5.959 -6.279 -6.314 -6.379 -6.343 -5.834 -6.343 -5.771 -6.185 -6.265 -6.295 -6.246 -6.360 -6.371 -6.382 -6.401 -6.379 -6.248 -6.278 -6.057
0.00012351 -2.10000 10.03743 0.8240052462 2.4268393517    0.767  3.289  3.6171  0.455    8  0.549  0.390    64.00    32.64  1  -6.6e-07      0.00 7.290e-01 2.706e-01 6.375e-05 5.931e-05 2.177e-04 -1.000 3.689e-04 -3.451 -3.690 -4.355 -4.887 -5.602 -5.906 -5.944 -6.001 -5.967 -5.477 -5.969 -5.421 -5.820 -5.893 -5.921 -5.883 -5.983 -5.993 -6.004 -6.021 -6.000 -5.878 -5.907 -5.697
0.00012351 -2.10000 10.03743 0.8240053058 2.4268393517    0.766  3.146  3.6301  0.648    8  0.549  0.390    42.15    22.73  1 -3.39e-07      0.00 7.290e-01 2.706e-01 6.375e-05 5.931e-05 2.177e-04 -1.000 3.690e-04 -3.096 -3.399 -4.011 -4.504 -5.177 -5.458 -5.501 -5.547 -5.518 -5.053 -5.521 -5.008 -5.383 -5.447 -5.472 -5.453 -5.531 -5.540 -5.549 -5.565 -5.546 -5.445 -5.471 -5.267
0.00012351 -2.10000 10.03743 0.8240054846 2.4268393517    0.764  2.926  3.6501  0.948    8  0.549  0.390    22.11    13.00  1 -1.16e-07      0.00 7.290e-01 2.706e-01 6.375e-05 5.931e-05 2.177e-04 -1.000 3.690e-04 -2.545 -2.916 -3.458 -3.900 -4.515 -4.766 -4.814 -4.844 -4.828 -4.394 -4.827 -4.362 -4.704 -4.757 -4.777 -4.785 -4.830 -4.838 -4.846 -4.858 -4.845 -4.783 -4.800 -4.596
0.00012351 -2.10000 10.03743 0.8240057230 2.4268393517    0.762  2.931  3.6496  0.939    8  0.549  0.390    22.53    13.19  1  -1.2e-07      0.00 7.290e-01 2.706e-01 6.375e-05 5.931e-05 2.177e-04 -1.000 3.690e-04 -2.558 -2.927 -3.471 -3.914 -4.530 -4.782 -4.830 -4.860 -4.844 -4.410 -4.843 -4.377 -4.720 -4.773 -4.793 -4.801 -4.846 -4.855 -4.863 -4.875 -4.862 -4.799 -4.816 -4.612
0.00012351 -2.10000 10.03743 0.8240059614 2.4268395901    0.758  3.002  3.6430  0.839    8  0.550  0.390    27.94    15.85  1 -1.74e-07      0.00 7.290e-01 2.706e-01 6.375e-05 5.931e-05 2.177e-04 -1.000 3.690e-04 -2.736 -3.087 -3.652 -4.111 -4.746 -5.007 -5.053 -5.089 -5.068 -4.624 -5.069 -4.587 -4.940 -4.997 -5.019 -5.018 -5.074 -5.083 -5.091 -5.104 -5.089 -5.013 -5.033 -4.830
0.00012351 -2.10000 10.03743 0.8240063190 2.4268395901    0.754  3.157  3.6288  0.625    8  0.550  0.390    44.36    23.56  1 -3.76e-07      0.00 7.290e-01 2.706e-01 6.375e-05 5.931e-05 2.177e-04 -1.000 3.689e-04 -3.123 -3.421 -4.038 -4.535 -5.212 -5.495 -5.537 -5.584 -5.555 -5.088 -5.558 -5.042 -5.418 -5.483 -5.509 -5.488 -5.568 -5.577 -5.587 -5.602 -5.583 -5.479 -5.506 -5.302
0.00012351 -2.10000 10.03743 0.8240067363 2.4268398285    0.749  3.298  3.6159  0.430    8  0.550  0.390    67.62    33.79  1 -7.44e-07      0.00 7.290e-01 2.706e-01 6.375e-05 5.931e-05 2.177e-04 -1.000 3.689e-04 -3.474 -3.705 -4.376 -4.913 -5.631 -5.938 -5.975 -6.034 -5.999 -5.506 -6.001 -5.449 -5.851 -5.925 -5.953 -5.914 -6.016 -6.026 -6.036 -6.054 -6.033 -5.909 -5.939 -5.727
0.00012351 -2.10000 10.03743 0.8240071535 2.4268398285    0.743  3.392  3.6071  0.298    8  0.551  0.390    90.04    43.10  1 -1.18e-06      0.00 7.290e-01 2.706e-01 6.375e-05 5.931e-05 2.177e-04 -1.000 3.689e-04 -3.710 -3.882 -4.598 -5.163 -5.910 -6.235 -6.269 -6.336 -6.300 -5.787 -6.299 -5.720 -6.139 -6.221 -6.252 -6.200 -6.317 -6.328 -6.339 -6.358 -6.336 -6.204 -6.234 -6.010
0.00012351 -2.10000 10.03743 0.8240076900 2.4268400669    0.737  3.444  3.6022  0.222    8  0.551  0.390   106.03    49.40  1 -1.53e-06      0.00 7.290e-01 2.706e-01 6.375e-05 5.931e-05 2.177e-04 -1.000 3.689e-04 -3.840 -3.976 -4.718 -5.301 -6.064 -6.400 -6.432 -6.503 -6.467 -5.941 -6.464 -5.868 -6.299 -6.385 -6.418 -6.359 -6.483 -6.495 -6.507 -6.527 -6.504 -6.368 -6.399 -6.167
0.00012351 -2.10000 10.03743 0.8240082264 2.4268403053    0.730  3.470  3.5997  0.181    8  0.552  0.390   115.94    53.06  1 -1.78e-06      0.00 7.290e-01 2.706e-01 6.375e-05 5.931e-05 2.177e-04 -1.000 3.689e-04 -3.906 -4.022 -4.779 -5.371 -6.142 -6.484 -6.515 -6.590 -6.554 -6.020 -6.549 -5.944 -6.380 -6.469 -6.503 -6.440 -6.568 -6.581 -6.594 -6.614 -6.591 -6.452 -6.483 -6.246
0.00012351 -2.10000 10.03743 0.8240088820 2.4268405437    0.722  3.487  3.5984  0.155    8  0.552  0.390   122.91    55.44  0 -1.98e-06      0.00 7.290e-01 2.706e-01 6.375e-05 5.931e-05 2.177e-04 -1.000 3.689e-04 -3.948 -4.054 -4.819 -5.415 -6.190 -6.535 -6.566 -6.642 -6.606 -6.068 -6.601 -5.991 -6.430 -6.520 -6.554 -6.490 -6.620 -6.633 -6.646 -6.667 -6.644 -6.504 -6.535 -6.295
0.00012351 -2.10000 10.03743 0.8240112066 2.4268412590    0.554 -9.999  4.0000  1.705    9  0.554  0.000     0.00     0.00 -1    -1e-30      0.00 7.290e-01 2.706e-01 6.375e-05 5.931e-05 2.177e-04 -1.000 3.690e-04 29.767 30.071 30.057 30.104 30.108 30.110 30.109 30.115 30.110 30.105 30.111 30.115 30.095 30.103 30.115 30.115 30.111 30.115 30.115 30.110 30.110 30.108 30.112 30.105
#isochrone terminated
