# File generated by CMD 3.3 (http://stev.oapd.inaf.it/cmd) on Fri Nov 20 18:19:09 CET 2020
# isochrones based on PARSEC release v1.2S +  COLIBRI S_35
# Basic references: Bressan et al. (2012), MNRAS, 427, 127 + Chen et al. (2014, 2015), MNRAS, 444, 2525 + MNRAS, 452, 1068 + Tang et al. (2014), MNRAS, 445, 4287 + Marigo et al. (2017), ApJ, 835, 77 + Pastorelli al. (2019), MNRAS in press
# Thermal pulse cycles included 
# On RGB, assumed Reimers mass loss with efficiency eta=0.2
# Photometric system: JWST NIRCam wide+verywide+medium filters, Vegamags
# Using OBC version of bolometric corrections as detailed in Marigo et al. (2008, A&A 482, 883) and Girardi et al. (2008, PASP 120, 583
# O-rich circumstellar dpmod60alox40 dust from Groenewegen (2006)
# C-rich circumstellar AMCSIC15 dust from Groenewegen (2006)
# IMF: Kroupa (2001, 2002) + Kroupa et al. (2013) canonical two-part-power law IMF corrected for unresolved binaries 
# Kind of output: isochrone tables
# Zini     MH   logAge Mini        int_IMF         Mass   logL    logTe  logg  label   McoreTP C_O  period0 period1 pmode  Mloss  tau1m   X   Y   Xc  Xn  Xo  Cexcess  Z 	 mbolmag  F070Wmag  F090Wmag  F115Wmag  F150Wmag  F200Wmag  F277Wmag  F356Wmag  F444Wmag  F150W2mag  F322W2mag  F140Mmag  F162Mmag  F182Mmag  F210Mmag  F250Mmag  F300Mmag  F335Mmag  F360Mmag  F410Mmag  F430Mmag  F460Mmag  F480Mmag  F150WS60mag
0.00012351 -2.10000 10.06446 0.0969537646 1.1451442242    0.097 -2.909  3.5371  5.433    1  0.000  0.545     0.00     0.00 -1 -9.57e-17      0.00 7.465e-01 2.534e-01 2.346e-05 6.329e-06 5.740e-05 -1.000 1.305e-04 12.042 11.996 11.087 10.465 9.881 9.646 9.482 9.230 9.169 9.994 9.367 10.008 9.712 9.681 9.602 9.545 9.424 9.272 9.200 9.144 9.155 9.205 9.159 9.810
0.00012351 -2.10000 10.06446 0.1044971794 1.2076112032    0.104 -2.739  3.5586  5.381    1  0.000  0.545     0.00     0.00 -1 -1.45e-16      0.00 7.449e-01 2.550e-01 2.346e-05 6.329e-06 5.740e-05 -1.000 1.304e-04 11.617 11.471 10.672 10.095 9.516 9.246 9.094 8.890 8.830 9.616 9.002 9.645 9.342 9.283 9.204 9.147 9.049 8.929 8.863 8.808 8.816 8.862 8.821 9.442
0.00012351 -2.10000 10.06446 0.1068295985 1.2257492542    0.106 -2.689  3.5649  5.365    1  0.000  0.545     0.00     0.00 -1 -1.64e-16      0.00 7.444e-01 2.555e-01 2.346e-05 6.329e-06 5.740e-05 -1.000 1.304e-04 11.492 11.321 10.550 9.986 9.411 9.133 8.984 8.793 8.734 9.507 8.898 9.540 9.237 9.171 9.092 9.035 8.942 8.831 8.767 8.713 8.721 8.765 8.727 9.336
0.00012351 -2.10000 10.06446 0.1143080741 1.2806019783    0.114 -2.586  3.5749  5.332    1  0.000  0.545     0.00     0.00 -1 -2.09e-16      0.00 7.432e-01 2.567e-01 2.346e-05 6.329e-06 5.740e-05 -1.000 1.304e-04 11.235 11.023 10.288 9.741 9.176 8.901 8.765 8.574 8.515 9.271 8.678 9.305 9.002 8.938 8.862 8.812 8.726 8.613 8.547 8.493 8.501 8.545 8.512 9.102
0.00012351 -2.10000 10.06446 0.1265812516 1.3612058163    0.126 -2.431  3.5900  5.282    1  0.000  0.545     0.00     0.00 -1    -3e-16      0.00 7.414e-01 2.585e-01 2.346e-05 6.329e-06 5.740e-05 -1.000 1.304e-04 10.847 10.566 9.883 9.368 8.819 8.565 8.460 8.253 8.194 8.917 8.366 8.948 8.646 8.597 8.530 8.500 8.430 8.295 8.224 8.171 8.179 8.222 8.202 8.745
0.00012351 -2.10000 10.06446 0.1309445798 1.3874486685    0.131 -2.391  3.5929  5.268    1  0.000  0.545     0.00     0.00 -1 -3.28e-16      0.00 7.409e-01 2.589e-01 2.346e-05 6.329e-06 5.740e-05 -1.000 1.304e-04 10.748 10.452 9.782 9.275 8.729 8.478 8.379 8.174 8.115 8.827 8.286 8.859 8.556 8.508 8.443 8.417 8.352 8.214 8.144 8.093 8.100 8.142 8.125 8.656
0.00012351 -2.10000 10.06446 0.1463329047 1.4716402292    0.146 -2.262  3.6023  5.225    1  0.000  0.545     0.00     0.00 -1  -4.4e-16      0.00 7.395e-01 2.604e-01 2.346e-05 6.329e-06 5.740e-05 -1.000 1.304e-04 10.424 10.094 9.457 8.974 8.433 8.182 8.091 7.904 7.850 8.530 8.006 8.564 8.261 8.211 8.150 8.124 8.068 7.940 7.876 7.830 7.835 7.873 7.861 8.361
0.00012351 -2.10000 10.06446 0.1660845429 1.5642192364    0.166 -2.130  3.6103  5.180    1  0.000  0.545     0.00     0.00 -1 -5.89e-16      0.00 7.385e-01 2.614e-01 2.346e-05 6.329e-06 5.740e-05 -1.000 1.304e-04 10.094 9.752 9.135 8.665 8.128 7.869 7.769 7.611 7.563 8.222 7.698 8.258 7.957 7.898 7.838 7.802 7.748 7.641 7.588 7.545 7.550 7.583 7.570 8.056
0.00012351 -2.10000 10.06446 0.2055878639 1.7124989033    0.205 -1.921  3.6216  5.109    1  0.000  0.545     0.00     0.00 -1 -9.28e-16      0.00 7.379e-01 2.619e-01 2.346e-05 6.329e-06 5.740e-05 -1.000 1.304e-04 9.572 9.211 8.622 8.172 7.642 7.376 7.262 7.143 7.103 7.732 7.209 7.769 7.474 7.405 7.346 7.295 7.239 7.165 7.127 7.090 7.093 7.118 7.105 7.570
0.00012351 -2.10000 10.06446 0.2549670041 1.8527730703    0.255 -1.729  3.6320  5.052    1  0.000  0.545     0.00     0.00 -1 -1.39e-15      0.00 7.382e-01 2.617e-01 2.346e-05 6.330e-06 5.740e-05 -1.000 1.304e-04 9.091 8.713 8.149 7.716 7.196 6.932 6.813 6.718 6.684 7.286 6.771 7.320 7.033 6.960 6.903 6.844 6.790 6.736 6.706 6.674 6.676 6.696 6.684 7.127
0.00012351 -2.10000 10.06446 0.3043461442 1.9615367651    0.304 -1.580  3.6406  5.015    1  0.000  0.545     0.00     0.00 -1 -1.86e-15      0.00 7.382e-01 2.617e-01 2.345e-05 6.330e-06 5.740e-05 -1.000 1.304e-04 8.720 8.327 7.783 7.365 6.857 6.598 6.480 6.399 6.368 6.945 6.444 6.977 6.698 6.625 6.571 6.510 6.457 6.413 6.388 6.360 6.361 6.378 6.366 6.789
0.00012351 -2.10000 10.06446 0.3537252545 2.0494811535    0.354 -1.456  3.6486  4.989    1  0.000  0.544     0.00     0.00 -1 -2.37e-15      0.00 7.388e-01 2.610e-01 2.344e-05 6.331e-06 5.740e-05 -1.000 1.304e-04 8.410 8.004 7.479 7.075 6.576 6.326 6.209 6.138 6.111 6.665 6.178 6.694 6.422 6.351 6.300 6.238 6.188 6.152 6.129 6.103 6.104 6.120 6.109 6.510
0.00012351 -2.10000 10.06446 0.3719364107 2.0779728889    0.372 -1.409  3.6519  4.977    1  0.000  0.545     0.00     0.00 -1 -2.61e-15      0.00 7.432e-01 2.566e-01 2.344e-05 6.330e-06 5.740e-05 -1.000 1.304e-04 8.292 7.881 7.364 6.965 6.471 6.223 6.108 6.041 6.015 6.560 6.078 6.587 6.318 6.248 6.198 6.136 6.087 6.054 6.032 6.008 6.009 6.023 6.013 6.405
0.00012351 -2.10000 10.06446 0.4031043947 2.1227581501    0.403 -1.334  3.6572  4.957    1  0.000  0.545     0.00     0.00 -1 -3.05e-15      0.00 7.501e-01 2.497e-01 2.346e-05 6.329e-06 5.740e-05 -1.000 1.304e-04 8.104 7.686 7.182 6.792 6.303 6.061 5.949 5.887 5.863 6.392 5.922 6.418 6.153 6.085 6.037 5.976 5.929 5.899 5.879 5.856 5.857 5.870 5.861 6.239
0.00012351 -2.10000 10.06446 0.4524835348 2.1852064133    0.452 -1.185  3.6711  4.914    1  0.000  0.545     0.00     0.00 -1 -4.26e-15      0.00 7.507e-01 2.492e-01 2.346e-05 6.329e-06 5.740e-05 -1.000 1.304e-04 7.732 7.301 6.829 6.459 5.988 5.762 5.659 5.608 5.587 6.078 5.637 6.098 5.844 5.782 5.740 5.684 5.641 5.617 5.602 5.582 5.582 5.593 5.585 5.926
0.00012351 -2.10000 10.06446 0.5018626451 2.2393662930    0.502 -1.018  3.6868  4.856    1  0.000  0.545     0.00     0.00 -1 -6.35e-15      0.00 7.520e-01 2.479e-01 2.338e-05 6.307e-06 5.720e-05 -1.000 1.304e-04 7.316 6.877 6.439 6.093 5.640 5.433 5.341 5.300 5.283 5.732 5.323 5.745 5.504 5.450 5.414 5.363 5.327 5.308 5.296 5.279 5.279 5.285 5.281 5.582
0.00012351 -2.10000 10.06446 0.5512418151 2.2846839428    0.551 -0.818  3.7063  4.774    1  0.000  0.544     0.00     0.00 -1 -1.05e-14      0.00 7.838e-01 2.161e-01 2.054e-05 5.546e-06 5.033e-05 -1.000 1.000e-04 6.815 6.379 5.980 5.661 5.231 5.046 4.970 4.939 4.923 5.324 4.956 5.330 5.105 5.060 5.031 4.988 4.959 4.945 4.935 4.922 4.922 4.922 4.921 5.177
0.00012351 -2.10000 10.06446 0.6006208658 2.3215417862    0.600 -0.613  3.7308  4.705    1  0.000  0.544     0.00     0.00 -1 -1.75e-14      0.00 7.962e-01 2.037e-01 1.950e-05 5.268e-06 4.782e-05 -1.000 1.122e-04 6.304 5.888 5.533 5.247 4.844 4.686 4.628 4.609 4.596 4.939 4.620 4.935 4.730 4.696 4.675 4.641 4.622 4.613 4.606 4.597 4.596 4.592 4.595 4.795
0.00012351 -2.10000 10.06446 0.6007555723 2.3216328621    0.600 -0.613  3.7309  4.705    1  0.000  0.544     0.00     0.00 -1 -1.75e-14      0.00 7.962e-01 2.037e-01 1.949e-05 5.267e-06 4.781e-05 -1.000 1.120e-04 6.302 5.887 5.532 5.245 4.843 4.685 4.627 4.608 4.596 4.938 4.619 4.934 4.729 4.695 4.674 4.640 4.621 4.612 4.606 4.596 4.595 4.591 4.594 4.794
0.00012351 -2.10000 10.06446 0.6133084893 2.3299169540    0.613 -0.558  3.7382  4.688    1  0.000  0.544     0.00     0.00 -1 -2.01e-14      0.00 8.002e-01 1.997e-01 1.917e-05 5.179e-06 4.702e-05 -1.000 6.823e-05 6.164 5.758 5.416 5.139 4.745 4.594 4.542 4.525 4.514 4.839 4.535 4.833 4.633 4.603 4.584 4.553 4.536 4.529 4.523 4.515 4.514 4.509 4.513 4.697
0.00012351 -2.10000 10.06446 0.6245158911 2.3369903564    0.624 -0.508  3.7448  4.673    1  0.000  0.543     0.00     0.00 -1 -2.27e-14      0.00 8.039e-01 1.960e-01 1.886e-05 5.096e-06 4.627e-05 -1.000 1.236e-04 6.040 5.645 5.314 5.044 4.657 4.513 4.465 4.452 4.442 4.752 4.459 4.743 4.548 4.521 4.504 4.476 4.461 4.455 4.450 4.443 4.441 4.437 4.440 4.611
0.00012351 -2.10000 10.06446 0.6345026493 2.3430519104    0.634 -0.464  3.7506  4.658    1  0.000  0.543     0.00     0.00 -1 -2.54e-14      0.00 8.074e-01 1.925e-01 1.856e-05 5.018e-06 4.557e-05 -1.000 8.976e-05 5.929 5.542 5.221 4.958 4.578 4.440 4.396 4.385 4.376 4.673 4.391 4.662 4.472 4.447 4.432 4.406 4.393 4.388 4.383 4.377 4.375 4.371 4.374 4.532
0.00012351 -2.10000 10.06446 0.6441984773 2.3487305641    0.644 -0.420  3.7561  4.643    1  0.000  0.543     0.00     0.00 -1 -1.37e-14      0.00 8.110e-01 1.889e-01 1.827e-05 4.939e-06 4.487e-05 -1.000 6.376e-05 5.820 5.443 5.130 4.874 4.500 4.368 4.328 4.318 4.310 4.595 4.324 4.582 4.396 4.374 4.361 4.336 4.325 4.321 4.317 4.311 4.310 4.305 4.309 4.456
0.00012351 -2.10000 10.06446 0.6499999762 2.3520355225    0.650 -0.394  3.7594  4.634    1  0.000  0.543     0.00     0.00 -1 -3.03e-14      0.00 8.132e-01 1.867e-01 1.809e-05 4.889e-06 4.442e-05 -1.000 1.206e-04 5.754 5.382 5.075 4.823 4.453 4.324 4.286 4.278 4.270 4.547 4.283 4.534 4.351 4.330 4.317 4.294 4.284 4.280 4.277 4.271 4.270 4.265 4.269 4.409
0.00012351 -2.10000 10.06446 0.6545938253 2.3546044827    0.654 -0.373  3.7619  4.626    1  0.000  0.543     0.00     0.00 -1 -3.19e-14      0.00 8.154e-01 1.845e-01 1.791e-05 4.841e-06 4.399e-05 -1.000 1.260e-04 5.702 5.334 5.031 4.782 4.415 4.289 4.252 4.245 4.237 4.509 4.249 4.495 4.314 4.294 4.282 4.260 4.251 4.247 4.244 4.238 4.237 4.232 4.237 4.371
0.00012351 -2.10000 10.06446 0.6651082039 2.3603315353    0.665 -0.324  3.7675  4.607    1  0.000  0.542     0.00     0.00 -1 -3.63e-14      0.00 8.206e-01 1.792e-01 1.747e-05 4.726e-06 4.296e-05 -1.000 1.303e-04 5.580 5.222 4.928 4.685 4.325 4.205 4.172 4.166 4.160 4.419 4.170 4.404 4.227 4.209 4.199 4.179 4.171 4.169 4.165 4.160 4.159 4.155 4.159 4.283
0.00012351 -2.10000 10.06446 0.6754297018 2.3657543659    0.675 -0.275  3.7730  4.586    1  0.000  0.542     0.00     0.00 -1 -4.12e-14      0.00 8.262e-01 1.737e-01 1.701e-05 4.605e-06 4.187e-05 -1.000 1.257e-04 5.458 5.109 4.825 4.588 4.235 4.121 4.091 4.087 4.080 4.329 4.089 4.312 4.139 4.124 4.115 4.097 4.091 4.089 4.086 4.081 4.080 4.075 4.080 4.194
0.00012351 -2.10000 10.06446 0.6852478981 2.3707389832    0.685 -0.228  3.7781  4.566    1  0.000  0.541     0.00     0.00 -1 -4.21e-14      0.00 8.317e-01 1.682e-01 1.655e-05 4.482e-06 4.076e-05 -1.000 1.199e-04 5.339 4.999 4.723 4.493 4.147 4.037 4.011 4.007 4.001 4.240 4.009 4.221 4.053 4.040 4.033 4.015 4.011 4.009 4.006 4.002 4.001 3.997 4.001 4.106
0.00012351 -2.10000 10.06446 0.6946208477 2.3753464222    0.694 -0.181  3.7829  4.544    1  0.000  0.541     0.00     0.00 -1 -4.09e-14      0.00 8.374e-01 1.625e-01 1.609e-05 4.357e-06 3.964e-05 -1.000 1.044e-04 5.223 4.891 4.623 4.398 4.059 3.954 3.930 3.928 3.922 4.151 3.929 4.132 3.968 3.957 3.950 3.934 3.931 3.930 3.927 3.923 3.922 3.918 3.922 4.020
0.00012351 -2.10000 10.06446 0.6999999881 2.3779268265    0.700 -0.153  3.7856  4.531    1  0.000  0.541     0.00     0.00 -1  -5.7e-14      0.00 8.409e-01 1.591e-01 1.580e-05 4.282e-06 3.897e-05 -1.000 8.383e-05 5.153 4.827 4.563 4.341 4.006 3.905 3.882 3.879 3.874 4.099 3.881 4.078 3.917 3.907 3.901 3.885 3.883 3.881 3.879 3.875 3.874 3.870 3.874 3.968
0.00012351 -2.10000 10.06446 0.7060420513 2.3807711601    0.706 -0.122  3.7885  4.515    1  0.000  0.539     0.00     0.00 -1 -6.22e-14      0.00 8.443e-01 1.556e-01 1.551e-05 4.212e-06 3.835e-05 -1.000 6.469e-05 5.075 4.753 4.494 4.275 3.945 3.846 3.824 3.823 3.817 4.037 3.824 4.015 3.858 3.849 3.842 3.828 3.826 3.825 3.822 3.818 3.817 3.813 3.817 3.907
0.00012351 -2.10000 10.06446 0.7158008218 2.3852491379    0.715 -0.068  3.7932  4.486    1  0.000  0.537     0.00     0.00 -1 -7.22e-14      0.00 8.496e-01 1.504e-01 1.509e-05 4.109e-06 3.745e-05 -1.000 6.077e-05 4.941 4.627 4.375 4.163 3.839 3.746 3.725 3.725 3.719 3.931 3.725 3.908 3.755 3.748 3.742 3.728 3.727 3.726 3.724 3.720 3.719 3.715 3.719 3.803
0.00012351 -2.10000 10.06446 0.7243638635 2.3890640736    0.724 -0.019  3.7972  4.458    1  0.000  0.535     0.00     0.00 -1 -8.31e-14      0.00 8.537e-01 1.463e-01 1.477e-05 4.033e-06 3.679e-05 -1.000 8.088e-05 4.818 4.510 4.265 4.057 3.741 3.651 3.632 3.632 3.626 3.831 3.632 3.807 3.659 3.653 3.648 3.635 3.634 3.633 3.631 3.627 3.626 3.622 3.626 3.706
0.00012351 -2.10000 10.06446 0.7328166366 2.3927295208    0.732  0.032  3.8011  4.427    1  0.000  0.533     0.00     0.00 -1 -9.63e-14      0.00 8.572e-01 1.427e-01 1.450e-05 3.972e-06 3.626e-05 -1.000 4.879e-05 4.689 4.388 4.149 3.946 3.637 3.550 3.533 3.533 3.527 3.726 3.533 3.701 3.558 3.552 3.547 3.536 3.535 3.534 3.532 3.528 3.527 3.523 3.527 3.602
0.00012351 -2.10000 10.06446 0.7400748134 2.3958003521    0.740  0.079  3.8044  4.397    1  0.000  0.532     0.00     0.00 -1  -1.1e-13      0.00 8.600e-01 1.400e-01 1.431e-05 3.927e-06 3.588e-05 -1.000 6.919e-05 4.572 4.275 4.042 3.843 3.540 3.457 3.440 3.440 3.435 3.628 3.440 3.602 3.463 3.458 3.454 3.443 3.442 3.441 3.439 3.435 3.435 3.431 3.435 3.506
0.00012351 -2.10000 10.06446 0.7471050620 2.3987092972    0.747  0.128  3.8074  4.365    1  0.000  0.530     0.00     0.00 -1 -1.19e-13      0.00 8.623e-01 1.375e-01 1.414e-05 3.890e-06 3.557e-05 -1.000 1.149e-04 4.451 4.159 3.931 3.735 3.438 3.357 3.342 3.342 3.337 3.525 3.342 3.498 3.363 3.359 3.355 3.344 3.344 3.343 3.341 3.337 3.337 3.333 3.337 3.405
0.00012351 -2.10000 10.06446 0.7500000000 2.3998889923    0.749  0.148  3.8086  4.351    1  0.000  0.529     0.00     0.00 -1 -1.35e-13      0.00 8.633e-01 1.366e-01 1.408e-05 3.876e-06 3.545e-05 -1.000 1.222e-04 4.400 4.109 3.883 3.689 3.394 3.315 3.300 3.300 3.295 3.481 3.300 3.454 3.320 3.317 3.312 3.302 3.302 3.301 3.299 3.295 3.295 3.291 3.295 3.362
0.00012351 -2.10000 10.06446 0.7585538030 2.4033141136    0.758  0.214  3.8126  4.306    1  0.000  0.529     0.00     0.00 -1 -1.65e-13      0.00 8.637e-01 1.362e-01 1.413e-05 3.891e-06 3.559e-05 -1.000 1.251e-04 4.236 3.950 3.731 3.542 3.255 3.179 3.165 3.165 3.160 3.340 3.165 3.313 3.184 3.181 3.176 3.167 3.167 3.166 3.164 3.160 3.160 3.156 3.160 3.224
0.00012351 -2.10000 10.06446 0.7667280436 2.4065053463    0.766  0.284  3.8160  4.254    1  0.000  0.529     0.00     0.00 -1 -2.04e-13      0.00 8.640e-01 1.359e-01 1.417e-05 3.906e-06 3.574e-05 -1.000 3.465e-05 4.060 3.779 3.565 3.381 3.102 3.029 3.015 3.015 3.010 3.185 3.015 3.157 3.033 3.030 3.026 3.017 3.017 3.016 3.014 3.010 3.010 3.006 3.010 3.072
0.00012351 -2.10000 10.06446 0.7721519470 2.4085800648    0.771  0.335  3.8180  4.214    1  0.000  0.528     0.00     0.00 -1  -2.4e-13      0.00 8.641e-01 1.358e-01 1.421e-05 3.918e-06 3.586e-05 -1.000 9.027e-05 3.933 3.654 3.444 3.262 2.987 2.916 2.902 2.902 2.898 3.070 2.902 3.042 2.920 2.917 2.913 2.904 2.904 2.903 2.901 2.898 2.897 2.894 2.897 2.958
0.00012351 -2.10000 10.06446 0.7772942781 2.4105162621    0.776  0.386  3.8194  4.172    1  0.000  0.528     0.00     0.00 -1 -2.82e-13      0.00 8.631e-01 1.368e-01 1.433e-05 3.951e-06 3.617e-05 -1.000 9.993e-05 3.806 3.528 3.321 3.141 2.869 2.799 2.786 2.785 2.781 2.951 2.785 2.922 2.803 2.800 2.796 2.788 2.788 2.787 2.785 2.781 2.781 2.777 2.781 2.840
0.00012351 -2.10000 10.06446 0.7814983130 2.4120774269    0.780  0.430  3.8200  4.132    1  0.000  0.528     0.00     0.00 -1 -3.28e-13      0.00 8.619e-01 1.380e-01 1.446e-05 3.987e-06 3.649e-05 -1.000 9.999e-05 3.694 3.416 3.210 3.031 2.761 2.691 2.678 2.678 2.673 2.842 2.678 2.814 2.696 2.693 2.689 2.680 2.680 2.679 2.677 2.674 2.673 2.669 2.673 2.732
0.00012351 -2.10000 10.06446 0.7830467224 2.4126477242    0.782  0.449  3.8196  4.112    1  0.000  0.528     0.00     0.00 -1  -3.5e-13      0.00 8.615e-01 1.384e-01 1.451e-05 4.000e-06 3.661e-05 -1.000 9.997e-05 3.647 3.368 3.161 2.982 2.711 2.641 2.628 2.628 2.623 2.793 2.628 2.764 2.646 2.643 2.639 2.630 2.630 2.629 2.627 2.624 2.623 2.619 2.623 2.683
0.00012351 -2.10000 10.06446 0.7872534990 2.4141836166    0.786  0.504  3.8176  4.052    1  0.000  0.528     0.00     0.00 -1 -4.22e-13      0.00 8.603e-01 1.396e-01 1.463e-05 4.035e-06 3.693e-05 -1.000 1.000e-04 3.511 3.227 3.018 2.836 2.562 2.490 2.477 2.476 2.472 2.644 2.477 2.616 2.496 2.492 2.488 2.479 2.479 2.478 2.476 2.472 2.472 2.468 2.471 2.533
0.00012351 -2.10000 10.06446 0.7901967764 2.4152472019    0.789  0.547  3.8148  3.999    1  0.000  0.528     0.00     0.00 -1 -4.94e-13      0.00 8.594e-01 1.405e-01 1.472e-05 4.059e-06 3.716e-05 -1.000 9.994e-05 3.403 3.115 2.901 2.716 2.437 2.363 2.349 2.348 2.343 2.520 2.349 2.492 2.369 2.364 2.360 2.351 2.351 2.350 2.347 2.344 2.343 2.339 2.343 2.407
0.00012351 -2.10000 10.06446 0.7908244133 2.4154727459    0.789  0.556  3.8140  3.987    1  0.000  0.528     0.00     0.00 -1 -5.13e-13      0.00 8.593e-01 1.406e-01 1.474e-05 4.064e-06 3.720e-05 -1.000 1.000e-04 3.379 3.089 2.874 2.688 2.407 2.333 2.319 2.318 2.313 2.491 2.318 2.463 2.339 2.334 2.330 2.321 2.320 2.319 2.317 2.313 2.313 2.309 2.313 2.377
0.00012351 -2.10000 10.06446 0.7914298177 2.4156899452    0.790  0.567  3.8127  3.971    1  0.000  0.528     0.00     0.00 -1 -5.36e-13      0.00 8.591e-01 1.408e-01 1.476e-05 4.069e-06 3.725e-05 -1.000 9.999e-05 3.352 3.060 2.843 2.655 2.372 2.296 2.282 2.281 2.276 2.456 2.282 2.428 2.302 2.298 2.294 2.284 2.284 2.283 2.280 2.276 2.276 2.272 2.276 2.341
0.00012351 -2.10000 10.06446 0.7934667468 2.4164180756    0.792  0.607  3.8069  3.910    2  0.000  0.528     0.00     0.00 -1 -6.28e-13      0.00 8.585e-01 1.414e-01 1.482e-05 4.086e-06 3.740e-05 -1.000 9.996e-05 3.253 2.952 2.726 2.530 2.237 2.156 2.141 2.139 2.134 2.322 2.140 2.296 2.163 2.157 2.153 2.143 2.142 2.141 2.138 2.135 2.134 2.130 2.134 2.204
0.00012351 -2.10000 10.06446 0.7950262427 2.4169726372    0.793  0.642  3.7999  3.847    2  0.000  0.528     0.00     0.00 -1 -7.32e-13      0.00 8.581e-01 1.418e-01 1.487e-05 4.099e-06 3.752e-05 -1.000 9.996e-05 3.165 2.853 2.615 2.411 2.104 2.017 2.001 1.999 1.993 2.192 2.000 2.167 2.026 2.018 2.014 2.004 2.002 2.000 1.998 1.994 1.993 1.989 1.993 2.070
0.00012351 -2.10000 10.06446 0.7962481976 2.4174053669    0.795  0.674  3.7916  3.782    2  0.000  0.528     0.00     0.00 -1 -8.48e-13      0.00 8.577e-01 1.422e-01 1.491e-05 4.110e-06 3.763e-05 -1.000 9.954e-05 3.085 2.761 2.510 2.294 1.972 1.877 1.859 1.857 1.851 2.063 1.858 2.039 1.888 1.879 1.874 1.863 1.860 1.859 1.856 1.851 1.851 1.846 1.850 1.935
0.00012351 -2.10000 10.06446 0.7972338200 2.4177532196    0.796  0.703  3.7824  3.717    2  0.000  0.528     0.00     0.00 -1 -9.78e-13      0.00 8.556e-01 1.443e-01 1.509e-05 4.161e-06 3.809e-05 -1.000 7.008e-05 3.011 2.676 2.409 2.181 1.841 1.738 1.718 1.715 1.708 1.935 1.716 1.913 1.751 1.740 1.735 1.722 1.718 1.717 1.714 1.709 1.708 1.703 1.707 1.802
0.00012351 -2.10000 10.06446 0.7980608940 2.4180445671    0.796  0.731  3.7733  3.653    2  0.000  0.530     0.00     0.00 -1 -1.12e-12      0.00 8.407e-01 1.592e-01 1.625e-05 4.474e-06 4.089e-05 -1.000 4.563e-05 2.943 2.596 2.314 2.074 1.717 1.605 1.582 1.579 1.571 1.813 1.580 1.794 1.621 1.607 1.601 1.587 1.582 1.581 1.577 1.572 1.571 1.566 1.570 1.675
0.00012351 -2.10000 10.06446 0.7987906933 2.4183008671    0.797  0.759  3.7651  3.593    2  0.000  0.533     0.00     0.00 -1 -1.28e-12      0.00 8.125e-01 1.874e-01 1.841e-05 5.052e-06 4.606e-05 -1.000 8.072e-05 2.872 2.516 2.220 1.969 1.596 1.476 1.451 1.447 1.439 1.695 1.449 1.677 1.495 1.478 1.471 1.456 1.451 1.449 1.445 1.440 1.439 1.434 1.438 1.552
0.00012351 -2.10000 10.06446 0.7994382977 2.4185278416    0.798  0.790  3.7579  3.533    2  0.000  0.535     0.00     0.00 -1 -1.47e-12      0.00 7.924e-01 2.075e-01 1.992e-05 5.455e-06 4.967e-05 -1.000 1.026e-04 2.794 2.430 2.122 1.861 1.475 1.347 1.320 1.315 1.307 1.575 1.318 1.560 1.368 1.350 1.342 1.326 1.320 1.317 1.313 1.308 1.307 1.302 1.306 1.429
0.00012351 -2.10000 10.06446 0.8000000715 2.4187245369    0.798  0.824  3.7522  3.477    2  0.000  0.536     0.00     0.00 -1  -1.7e-12      0.00 7.814e-01 2.185e-01 2.075e-05 5.677e-06 5.164e-05 -1.000 1.244e-04 2.710 2.340 2.022 1.752 1.356 1.222 1.193 1.187 1.179 1.457 1.191 1.445 1.245 1.225 1.217 1.199 1.193 1.190 1.186 1.180 1.179 1.174 1.178 1.308
0.00012351 -2.10000 10.06446 0.8004357815 2.4188768864    0.799  0.856  3.7484  3.430    2  0.000  0.536     0.00     0.00 -1 -1.93e-12      0.00 7.761e-01 2.238e-01 2.115e-05 5.785e-06 5.261e-05 -1.000 1.304e-04 2.631 2.256 1.932 1.657 1.254 1.116 1.086 1.079 1.070 1.355 1.083 1.344 1.141 1.119 1.111 1.092 1.085 1.082 1.078 1.072 1.071 1.065 1.069 1.205
0.00012351 -2.10000 10.06446 0.8009360433 2.4190514088    0.799  0.899  3.7447  3.373    2  0.000  0.536     0.00     0.00 -1 -2.27e-12      0.00 7.720e-01 2.278e-01 2.146e-05 5.866e-06 5.333e-05 -1.000 1.304e-04 2.524 2.145 1.814 1.534 1.125 0.983 0.952 0.944 0.936 1.227 0.949 1.217 1.009 0.987 0.977 0.958 0.951 0.947 0.943 0.937 0.936 0.931 0.935 1.075
0.00012351 -2.10000 10.06446 0.8010118604 2.4190778732    0.799  0.906  3.7443  3.364    2  0.000  0.536     0.00     0.00 -1 -2.33e-12      0.00 7.716e-01 2.283e-01 2.149e-05 5.875e-06 5.341e-05 -1.000 1.148e-04 2.505 2.126 1.794 1.514 1.104 0.962 0.930 0.923 0.914 1.206 0.927 1.196 0.988 0.965 0.956 0.937 0.929 0.925 0.922 0.915 0.914 0.909 0.913 1.054
0.00012351 -2.10000 10.06446 0.8014286160 2.4192230701    0.799  0.947  3.7421  3.314    3  0.000  0.537     0.00     0.00 -1 -2.71e-12      0.00 7.692e-01 2.306e-01 2.166e-05 5.919e-06 5.381e-05 -1.000 1.238e-04 2.402 2.021 1.685 1.402 0.987 0.843 0.811 0.803 0.794 1.090 0.807 1.081 0.870 0.846 0.837 0.817 0.809 0.806 0.802 0.795 0.794 0.789 0.793 0.937
0.00012351 -2.10000 10.06446 0.8018890619 2.4193835258    0.800  0.996  3.7397  3.256    3  0.000  0.537     0.00     0.00 -1 -3.24e-12      0.00 7.670e-01 2.329e-01 2.179e-05 5.957e-06 5.415e-05 -1.000 6.644e-05 2.280 1.896 1.557 1.270 0.851 0.704 0.671 0.663 0.654 0.954 0.667 0.946 0.731 0.708 0.698 0.678 0.670 0.666 0.662 0.655 0.654 0.649 0.653 0.799
0.00012351 -2.10000 10.06446 0.8022777438 2.4195184708    0.800  1.040  3.7380  3.205    3  0.000  0.537     0.00     0.00 -1  -3.8e-12      0.00 7.652e-01 2.347e-01 2.190e-05 5.984e-06 5.439e-05 -1.000 1.258e-04 2.170 1.785 1.442 1.153 0.730 0.582 0.549 0.541 0.532 0.835 0.545 0.826 0.610 0.586 0.576 0.556 0.548 0.544 0.540 0.533 0.532 0.527 0.530 0.678
0.00012351 -2.10000 10.06446 0.8026520610 2.4196484089    0.800  1.085  3.7365  3.155    3  0.000  0.537     0.00     0.00 -1 -4.47e-12      0.00 7.637e-01 2.362e-01 2.198e-05 6.006e-06 5.458e-05 -1.000 1.305e-04 2.059 1.672 1.326 1.035 0.609 0.459 0.426 0.417 0.408 0.714 0.422 0.706 0.487 0.463 0.453 0.433 0.424 0.420 0.416 0.409 0.408 0.403 0.407 0.556
0.00012351 -2.10000 10.06446 0.8030005693 2.4197695255    0.801  1.129  3.7349  3.104    3  0.000  0.537     0.00     0.00 -1 -5.25e-12      0.00 7.622e-01 2.376e-01 2.204e-05 6.024e-06 5.474e-05 -1.000 1.305e-04 1.948 1.560 1.212 0.918 0.489 0.337 0.303 0.295 0.285 0.594 0.299 0.586 0.366 0.341 0.330 0.311 0.302 0.298 0.294 0.287 0.286 0.281 0.284 0.436
0.00012351 -2.10000 10.06446 0.8033289909 2.4198832512    0.801  1.174  3.7335  3.054    3  0.000  0.537     0.00     0.00 -1 -6.16e-12      0.00 7.610e-01 2.389e-01 2.209e-05 6.039e-06 5.487e-05 -1.000 1.303e-04 1.836 1.447 1.096 0.800 0.368 0.215 0.181 0.173 0.163 0.474 0.177 0.467 0.244 0.219 0.209 0.189 0.180 0.176 0.171 0.164 0.163 0.158 0.162 0.315
0.00012351 -2.10000 10.06446 0.8036575913 2.4199969769    0.801  1.222  3.7320  3.000    3  0.000  0.537     0.00     0.00 -1 -7.32e-12      0.00 7.597e-01 2.402e-01 2.213e-05 6.053e-06 5.499e-05 -1.000 7.936e-05 1.716 1.325 0.972 0.674 0.239 0.083 0.050 0.041 0.032 0.345 0.046 0.338 0.114 0.088 0.077 0.058 0.048 0.044 0.040 0.033 0.032 0.027 0.030 0.185
0.00012351 -2.10000 10.06446 0.8039416075 2.4200952053    0.801  1.267  3.7306  2.949    3  0.000  0.536     0.00     0.00 -1 -8.61e-12      0.00 7.586e-01 2.413e-01 2.215e-05 6.066e-06 5.508e-05 -1.000 1.106e-04 1.603 1.211 0.856 0.555 0.117 -0.039 -0.073 -0.082 -0.092 0.223 -0.078 0.218 -0.009 -0.035 -0.046 -0.066 -0.075 -0.079 -0.084 -0.091 -0.092 -0.097 -0.093 0.063
0.00012351 -2.10000 10.06446 0.8042210340 2.4201917648    0.801  1.315  3.7291  2.895    3  0.000  0.536     0.00     0.00 -1 -1.02e-11      0.00 7.576e-01 2.423e-01 2.216e-05 6.081e-06 5.516e-05 -1.000 1.304e-04 1.483 1.090 0.731 0.429 -0.012 -0.170 -0.205 -0.214 -0.223 0.094 -0.209 0.089 -0.139 -0.166 -0.177 -0.197 -0.207 -0.211 -0.215 -0.222 -0.223 -0.228 -0.225 -0.067
0.00012351 -2.10000 10.06446 0.8044745922 2.4202795029    0.802  1.362  3.7277  2.843    3  0.000  0.535     0.00     0.00 -1 -1.21e-11      0.00 7.567e-01 2.432e-01 2.216e-05 6.099e-06 5.522e-05 -1.000 1.304e-04 1.365 0.970 0.609 0.304 -0.139 -0.299 -0.334 -0.343 -0.352 -0.033 -0.338 -0.037 -0.267 -0.295 -0.305 -0.326 -0.336 -0.340 -0.344 -0.351 -0.353 -0.357 -0.354 -0.194
0.00012351 -2.10000 10.06446 0.8047040105 2.4203586578    0.802  1.409  3.7262  2.790    3  0.000  0.534     0.00     0.00 -1 -1.43e-11      0.00 7.559e-01 2.440e-01 2.214e-05 6.120e-06 5.527e-05 -1.000 1.303e-04 1.248 0.852 0.489 0.182 -0.265 -0.426 -0.461 -0.470 -0.480 -0.158 -0.465 -0.161 -0.394 -0.421 -0.432 -0.453 -0.463 -0.467 -0.472 -0.479 -0.480 -0.485 -0.481 -0.320
0.00012351 -2.10000 10.06446 0.8049132228 2.4204306602    0.802  1.455  3.7247  2.738    3  0.000  0.533     0.00     0.00 -1 -1.69e-11      0.00 7.552e-01 2.447e-01 2.211e-05 6.146e-06 5.531e-05 -1.000 1.304e-04 1.133 0.736 0.369 0.060 -0.390 -0.552 -0.587 -0.597 -0.607 -0.282 -0.592 -0.285 -0.520 -0.548 -0.559 -0.579 -0.590 -0.594 -0.599 -0.606 -0.607 -0.612 -0.608 -0.445
0.00012351 -2.10000 10.06446 0.8051108122 2.4204988480    0.802  1.503  3.7232  2.684    3  0.000  0.532     0.00     0.00 -1 -2.01e-11      0.00 7.547e-01 2.452e-01 2.208e-05 6.175e-06 5.534e-05 -1.000 1.304e-04 1.013 0.615 0.246 -0.066 -0.518 -0.683 -0.718 -0.728 -0.738 -0.411 -0.723 -0.413 -0.650 -0.678 -0.689 -0.710 -0.721 -0.725 -0.730 -0.737 -0.738 -0.742 -0.739 -0.575
0.00012351 -2.10000 10.06446 0.8052874207 2.4205596447    0.802  1.549  3.7217  2.631    3  0.000  0.531     0.00     0.00 -1 -2.38e-11      0.00 7.542e-01 2.457e-01 2.204e-05 6.205e-06 5.537e-05 -1.000 1.305e-04 0.897 0.498 0.125 -0.189 -0.644 -0.811 -0.846 -0.856 -0.866 -0.536 -0.851 -0.538 -0.777 -0.806 -0.817 -0.838 -0.849 -0.853 -0.858 -0.865 -0.866 -0.870 -0.867 -0.701
0.00012351 -2.10000 10.06446 0.8054457307 2.4206142426    0.802  1.595  3.7201  2.579    3  0.000  0.530     0.00     0.00 -1 -2.81e-11      0.00 7.539e-01 2.460e-01 2.201e-05 6.231e-06 5.539e-05 -1.000 1.304e-04 0.783 0.383 0.007 -0.309 -0.768 -0.936 -0.972 -0.982 -0.992 -0.660 -0.976 -0.661 -0.902 -0.931 -0.942 -0.964 -0.974 -0.979 -0.984 -0.991 -0.992 -0.996 -0.993 -0.826
0.00012351 -2.10000 10.06446 0.8055940866 2.4206652641    0.802  1.642  3.7185  2.526    3  0.000  0.530     0.00     0.00 -1 -3.32e-11      0.00 7.537e-01 2.462e-01 2.199e-05 6.252e-06 5.539e-05 -1.000 1.304e-04 0.666 0.265 -0.114 -0.432 -0.895 -1.064 -1.100 -1.111 -1.120 -0.786 -1.105 -0.786 -1.030 -1.060 -1.071 -1.092 -1.103 -1.108 -1.113 -1.120 -1.121 -1.124 -1.121 -0.952
0.00012351 -2.10000 10.06446 0.8057258725 2.4207105637    0.801  1.687  3.7170  2.475    3  0.000  0.529     0.00     0.00 -1 -3.91e-11      0.00 7.535e-01 2.463e-01 2.197e-05 6.265e-06 5.540e-05 -1.000 1.305e-04 0.553 0.151 -0.230 -0.551 -1.017 -1.188 -1.225 -1.236 -1.245 -0.908 -1.229 -0.908 -1.153 -1.184 -1.195 -1.216 -1.227 -1.233 -1.237 -1.245 -1.245 -1.248 -1.246 -1.075
0.00012351 -2.10000 10.06446 0.8058488965 2.4207530022    0.801  1.733  3.7154  2.422    3  0.000  0.529     0.00     0.00 -1 -4.62e-11      0.00 7.535e-01 2.464e-01 2.197e-05 6.272e-06 5.541e-05 -1.000 1.304e-04 0.438 0.035 -0.350 -0.673 -1.142 -1.315 -1.352 -1.363 -1.372 -1.033 -1.357 -1.032 -1.280 -1.310 -1.322 -1.343 -1.355 -1.360 -1.365 -1.372 -1.373 -1.376 -1.373 -1.201
0.00012351 -2.10000 10.06446 0.8059633374 2.4207923412    0.801  1.780  3.7137  2.369    3  0.000  0.529     0.00     0.00 -1 -5.47e-11      0.00 7.534e-01 2.464e-01 2.196e-05 6.275e-06 5.541e-05 -1.000 1.304e-04 0.321 -0.083 -0.471 -0.797 -1.269 -1.444 -1.481 -1.493 -1.502 -1.159 -1.486 -1.158 -1.408 -1.439 -1.451 -1.473 -1.484 -1.490 -1.494 -1.502 -1.503 -1.505 -1.503 -1.329
0.00012351 -2.10000 10.06446 0.8060682416 2.4208283424    0.801  1.826  3.7121  2.316    3  0.000  0.529     0.00     0.00 -1 -6.48e-11      0.00 7.534e-01 2.464e-01 2.196e-05 6.276e-06 5.541e-05 -1.000 1.305e-04 0.204 -0.201 -0.592 -0.921 -1.396 -1.573 -1.610 -1.622 -1.631 -1.286 -1.615 -1.284 -1.536 -1.568 -1.579 -1.601 -1.613 -1.619 -1.624 -1.631 -1.632 -1.634 -1.632 -1.456
0.00012351 -2.10000 10.06446 0.8061636686 2.4208612442    0.801  1.872  3.7103  2.262    3  0.000  0.529     0.00     0.00 -1 -7.66e-11      0.00 7.534e-01 2.464e-01 2.196e-05 6.277e-06 5.541e-05 -1.000 1.305e-04 0.089 -0.318 -0.712 -1.043 -1.522 -1.701 -1.738 -1.750 -1.760 -1.412 -1.744 -1.409 -1.663 -1.696 -1.707 -1.730 -1.742 -1.747 -1.752 -1.760 -1.761 -1.762 -1.760 -1.583
0.00012351 -2.10000 10.06446 0.8062528968 2.4208917618    0.800  1.919  3.7086  2.208    3  0.000  0.529     0.00     0.00 -1 -9.09e-11      0.00 7.534e-01 2.464e-01 2.196e-05 6.279e-06 5.541e-05 -1.000 1.304e-04 -0.028 -0.436 -0.834 -1.168 -1.650 -1.831 -1.869 -1.881 -1.890 -1.540 -1.875 -1.536 -1.793 -1.826 -1.838 -1.860 -1.872 -1.878 -1.883 -1.891 -1.891 -1.892 -1.891 -1.711
0.00012351 -2.10000 10.06446 0.8063343167 2.4209198952    0.800  1.966  3.7069  2.155    3  0.000  0.529     0.00     0.00 -1 -1.08e-10      0.00 7.534e-01 2.465e-01 2.196e-05 6.279e-06 5.541e-05 -1.000 1.304e-04 -0.145 -0.553 -0.955 -1.291 -1.777 -1.960 -1.998 -2.011 -2.020 -1.666 -2.004 -1.662 -1.921 -1.954 -1.966 -1.989 -2.002 -2.007 -2.013 -2.021 -2.021 -2.021 -2.020 -1.839
0.00012351 -2.10000 10.06446 0.8064064980 2.4209446907    0.800  2.011  3.7051  2.102    3  0.000  0.529     0.00     0.00 -1 -1.27e-10      0.00 7.534e-01 2.465e-01 2.196e-05 6.280e-06 5.541e-05 -1.000 1.304e-04 -0.257 -0.666 -1.071 -1.411 -1.900 -2.085 -2.124 -2.137 -2.146 -1.789 -2.130 -1.784 -2.046 -2.080 -2.092 -2.115 -2.128 -2.134 -2.139 -2.147 -2.147 -2.147 -2.146 -1.963
0.00012351 -2.10000 10.06446 0.8064730763 2.4209673405    0.799  2.056  3.7033  2.050    3  0.000  0.529     0.00     0.00 -1 -1.49e-10      0.00 7.534e-01 2.465e-01 2.196e-05 6.281e-06 5.541e-05 -1.000 1.304e-04 -0.370 -0.779 -1.188 -1.531 -2.024 -2.210 -2.250 -2.263 -2.271 -1.912 -2.256 -1.906 -2.171 -2.205 -2.218 -2.240 -2.254 -2.259 -2.265 -2.273 -2.273 -2.272 -2.271 -2.087
0.00012351 -2.10000 10.06446 0.8065354824 2.4209887981    0.799  2.102  3.7016  1.997    3  0.000  0.529     0.00     0.00 -1 -1.77e-10      0.00 7.534e-01 2.465e-01 2.196e-05 6.282e-06 5.541e-05 -1.000 1.304e-04 -0.485 -0.895 -1.307 -1.653 -2.149 -2.338 -2.378 -2.391 -2.399 -2.038 -2.384 -2.030 -2.298 -2.333 -2.345 -2.368 -2.382 -2.388 -2.393 -2.401 -2.401 -2.400 -2.399 -2.213
0.00012351 -2.10000 10.06446 0.8065915108 2.4210081100    0.798  2.147  3.6997  1.944    3  0.000  0.529     0.00     0.00 -1 -2.08e-10      0.00 7.534e-01 2.465e-01 2.196e-05 6.282e-06 5.541e-05 -1.000 1.304e-04 -0.597 -1.007 -1.424 -1.772 -2.273 -2.463 -2.504 -2.517 -2.525 -2.161 -2.510 -2.152 -2.423 -2.458 -2.471 -2.494 -2.508 -2.514 -2.519 -2.527 -2.527 -2.526 -2.525 -2.337
0.00012351 -2.10000 10.06446 0.8066477180 2.4210274220    0.798  2.194  3.6978  1.889    3  0.000  0.529     0.00     0.00 -1 -2.47e-10      0.00 7.534e-01 2.465e-01 2.196e-05 6.283e-06 5.542e-05 -1.000 1.305e-04 -0.715 -1.126 -1.546 -1.898 -2.402 -2.595 -2.636 -2.650 -2.657 -2.290 -2.642 -2.281 -2.554 -2.589 -2.603 -2.625 -2.640 -2.646 -2.652 -2.660 -2.659 -2.658 -2.657 -2.467
0.00012351 -2.10000 10.06446 0.8067067266 2.4210476875    0.797  2.237  3.6961  1.839    3  0.000  0.529     0.00     0.00 -1  -2.9e-10      0.00 7.534e-01 2.465e-01 2.196e-05 6.284e-06 5.542e-05 -1.000 1.305e-04 -0.823 -1.235 -1.659 -2.013 -2.521 -2.716 -2.757 -2.771 -2.779 -2.409 -2.763 -2.399 -2.674 -2.710 -2.723 -2.746 -2.761 -2.767 -2.773 -2.781 -2.781 -2.779 -2.778 -2.586
0.00012351 -2.10000 10.06446 0.8067375422 2.4210581779    0.797  2.251  3.6956  1.822    3  0.000  0.529     0.00     0.00 -1 -3.07e-10      0.00 7.534e-01 2.465e-01 2.196e-05 6.284e-06 5.542e-05 -1.000 1.305e-04 -0.859 -1.271 -1.696 -2.051 -2.560 -2.755 -2.797 -2.811 -2.818 -2.448 -2.803 -2.437 -2.713 -2.750 -2.763 -2.786 -2.801 -2.807 -2.813 -2.821 -2.821 -2.818 -2.818 -2.626
0.00012351 -2.10000 10.06446 0.8067654371 2.4210677147    0.796  2.244  3.6961  1.832    3  0.000  0.529     0.00     0.00 -1 -3.01e-10      0.00 7.534e-01 2.465e-01 2.196e-05 6.284e-06 5.542e-05 -1.000 1.305e-04 -0.840 -1.252 -1.676 -2.030 -2.538 -2.733 -2.774 -2.788 -2.795 -2.425 -2.780 -2.415 -2.691 -2.727 -2.740 -2.763 -2.778 -2.784 -2.790 -2.798 -2.798 -2.795 -2.795 -2.603
0.00012351 -2.10000 10.06446 0.8067717552 2.4210698605    0.796  2.251  3.6958  1.824    3  0.000  0.529     0.00     0.00 -1 -3.07e-10      0.00 7.534e-01 2.465e-01 2.196e-05 6.285e-06 5.542e-05 -1.000 1.305e-04 -0.857 -1.269 -1.694 -2.049 -2.557 -2.752 -2.793 -2.807 -2.815 -2.444 -2.799 -2.434 -2.710 -2.746 -2.760 -2.783 -2.797 -2.804 -2.809 -2.818 -2.817 -2.815 -2.815 -2.622
0.00012351 -2.10000 10.06446 0.8068068624 2.4210820198    0.796  2.291  3.6941  1.776    3  0.000  0.529     0.00     0.00 -1 -3.54e-10      0.00 7.534e-01 2.465e-01 2.196e-05 6.285e-06 5.542e-05 -1.000 1.304e-04 -0.958 -1.370 -1.799 -2.157 -2.668 -2.866 -2.907 -2.922 -2.929 -2.556 -2.914 -2.545 -2.823 -2.860 -2.873 -2.896 -2.912 -2.918 -2.924 -2.932 -2.931 -2.928 -2.928 -2.734
0.00012351 -2.10000 10.06446 0.8068423271 2.4210941792    0.795  2.334  3.6924  1.726    3  0.000  0.529     0.00     0.00 -1 -4.13e-10      0.00 7.534e-01 2.465e-01 2.196e-05 6.285e-06 5.542e-05 -1.000 1.304e-04 -1.066 -1.479 -1.911 -2.271 -2.787 -2.986 -3.028 -3.043 -3.049 -2.674 -3.034 -2.662 -2.942 -2.980 -2.994 -3.017 -3.033 -3.039 -3.045 -3.054 -3.052 -3.047 -3.048 -2.853
0.00012351 -2.10000 10.06446 0.8068724275 2.4211044312    0.794  2.373  3.6906  1.679    3  0.000  0.529     0.00     0.00 -1 -4.77e-10      0.00 7.534e-01 2.465e-01 2.196e-05 6.286e-06 5.542e-05 -1.000 1.304e-04 -1.163 -1.576 -2.012 -2.375 -2.895 -3.096 -3.139 -3.154 -3.160 -2.782 -3.145 -2.769 -3.052 -3.090 -3.104 -3.127 -3.143 -3.150 -3.156 -3.165 -3.163 -3.157 -3.158 -2.962
0.00012351 -2.10000 10.06446 0.8069020510 2.4211146832    0.794  2.414  3.6888  1.631    3  0.000  0.529     0.00     0.00 -1 -5.55e-10      0.00 7.534e-01 2.465e-01 2.196e-05 6.286e-06 5.542e-05 -1.000 1.305e-04 -1.266 -1.678 -2.118 -2.485 -3.008 -3.211 -3.255 -3.270 -3.276 -2.895 -3.261 -2.881 -3.167 -3.206 -3.219 -3.243 -3.259 -3.266 -3.272 -3.281 -3.279 -3.271 -3.273 -3.076
0.00012351 -2.10000 10.06446 0.8069297075 2.4211242199    0.793  2.455  3.6870  1.582    3  0.000  0.529     0.00     0.00 -1 -6.45e-10      0.00 7.534e-01 2.465e-01 2.196e-05 6.286e-06 5.542e-05 -1.000 1.305e-04 -1.368 -1.781 -2.225 -2.594 -3.121 -3.326 -3.370 -3.386 -3.391 -3.008 -3.377 -2.993 -3.281 -3.321 -3.335 -3.358 -3.375 -3.382 -3.388 -3.397 -3.394 -3.386 -3.388 -3.190
0.00012351 -2.10000 10.06446 0.8069539070 2.4211323261    0.792  2.494  3.6852  1.536    3  0.000  0.529     0.00     0.00 -1 -7.43e-10      0.00 7.534e-01 2.465e-01 2.196e-05 6.287e-06 5.542e-05 -1.000 1.303e-04 -1.464 -1.876 -2.324 -2.697 -3.228 -3.435 -3.479 -3.495 -3.500 -3.114 -3.486 -3.099 -3.390 -3.430 -3.443 -3.467 -3.484 -3.491 -3.498 -3.507 -3.503 -3.494 -3.496 -3.297
0.00012351 -2.10000 10.06446 0.8069778681 2.4211406708    0.791  2.534  3.6834  1.488    3  0.000  0.529     0.00     0.00 -1 -8.64e-10      0.00 7.534e-01 2.465e-01 2.196e-05 6.287e-06 5.542e-05 -1.000 1.304e-04 -1.566 -1.978 -2.430 -2.806 -3.341 -3.551 -3.595 -3.611 -3.616 -3.227 -3.602 -3.211 -3.504 -3.545 -3.559 -3.582 -3.600 -3.607 -3.614 -3.623 -3.619 -3.608 -3.611 -3.411
0.00012351 -2.10000 10.06446 0.8069991469 2.4211478233    0.790  2.573  3.6817  1.442    3  0.000  0.529     0.00     0.00 -1 -9.96e-10      0.00 7.534e-01 2.465e-01 2.196e-05 6.287e-06 5.542e-05 -1.000 1.304e-04 -1.662 -2.074 -2.531 -2.909 -3.448 -3.660 -3.704 -3.721 -3.725 -3.334 -3.712 -3.317 -3.613 -3.654 -3.668 -3.692 -3.710 -3.717 -3.724 -3.733 -3.729 -3.716 -3.720 -3.519
0.00012351 -2.10000 10.06446 0.8070189953 2.4211547375    0.789  2.611  3.6798  1.395    3  0.000  0.529     0.00     0.00 -1 -1.15e-09      0.00 7.534e-01 2.465e-01 2.196e-05 6.287e-06 5.542e-05 -1.000 1.304e-04 -1.758 -2.169 -2.630 -3.012 -3.555 -3.768 -3.813 -3.831 -3.834 -3.440 -3.821 -3.422 -3.721 -3.762 -3.777 -3.800 -3.820 -3.827 -3.833 -3.843 -3.838 -3.824 -3.828 -3.626
0.00012351 -2.10000 10.06446 0.8070378900 2.4211611748    0.788  2.650  3.6780  1.348    3  0.000  0.529     0.00     0.00 -1 -1.33e-09      0.00 7.534e-01 2.465e-01 2.195e-05 6.288e-06 5.542e-05 -1.000 1.304e-04 -1.855 -2.265 -2.731 -3.117 -3.663 -3.879 -3.924 -3.942 -3.944 -3.548 -3.933 -3.529 -3.830 -3.872 -3.888 -3.911 -3.931 -3.938 -3.945 -3.954 -3.950 -3.933 -3.937 -3.735
0.00012351 -2.10000 10.06446 0.8070582151 2.4211680889    0.787  2.695  3.6759  1.294    3  0.000  0.529     0.00     0.00 -1 -1.57e-09      0.00 7.534e-01 2.465e-01 2.195e-05 6.288e-06 5.542e-05 -1.000 1.304e-04 -1.968 -2.377 -2.849 -3.238 -3.789 -4.007 -4.053 -4.072 -4.073 -3.673 -4.062 -3.654 -3.958 -4.001 -4.016 -4.039 -4.060 -4.068 -4.074 -4.084 -4.079 -4.059 -4.065 -3.861
0.00012351 -2.10000 10.06446 0.8070746064 2.4211738110    0.785  2.734  3.6739  1.247    3  0.000  0.529     0.00     0.00 -1 -1.81e-09      0.00 7.534e-01 2.465e-01 2.195e-05 6.288e-06 5.542e-05 -1.000 1.304e-04 -2.066 -2.473 -2.950 -3.343 -3.898 -4.119 -4.165 -4.184 -4.184 -3.782 -4.173 -3.761 -4.068 -4.112 -4.128 -4.150 -4.172 -4.180 -4.187 -4.196 -4.191 -4.169 -4.175 -3.971
0.00012351 -2.10000 10.06446 0.8070914745 2.4211795330    0.784  2.777  3.6718  1.194    3  0.000  0.529     0.00     0.00 -1 -2.13e-09      0.00 7.534e-01 2.465e-01 2.195e-05 6.288e-06 5.542e-05 -1.000 1.304e-04 -2.174 -2.580 -3.062 -3.459 -4.019 -4.242 -4.289 -4.309 -4.308 -3.903 -4.298 -3.881 -4.191 -4.235 -4.251 -4.273 -4.297 -4.305 -4.311 -4.321 -4.315 -4.290 -4.297 -4.093
0.00012351 -2.10000 10.06446 0.8071054220 2.4211843014    0.782  2.816  3.6700  1.148    3  0.000  0.529     0.00     0.00 -1 -2.46e-09      0.00 7.534e-01 2.465e-01 2.195e-05 6.288e-06 5.542e-05 -1.000 1.305e-04 -2.269 -2.674 -3.161 -3.562 -4.126 -4.351 -4.398 -4.418 -4.416 -4.009 -4.407 -3.986 -4.299 -4.343 -4.360 -4.382 -4.406 -4.414 -4.421 -4.431 -4.424 -4.397 -4.404 -4.200
0.00012351 -2.10000 10.06446 0.8071196079 2.4211893082    0.780  2.857  3.6677  1.096    3  0.000  0.529     0.00     0.00 -1 -2.87e-09      0.00 7.534e-01 2.465e-01 2.195e-05 6.289e-06 5.542e-05 -1.000 1.305e-04 -2.373 -2.776 -3.269 -3.674 -4.243 -4.471 -4.519 -4.540 -4.536 -4.126 -4.528 -4.103 -4.418 -4.464 -4.481 -4.502 -4.527 -4.536 -4.542 -4.553 -4.545 -4.515 -4.523 -4.319
0.00012351 -2.10000 10.06446 0.8071313500 2.4211931229    0.778  2.894  3.6659  1.051    3  0.000  0.529     0.00     0.00 -1 -3.29e-09      0.00 7.534e-01 2.465e-01 2.195e-05 6.289e-06 5.542e-05 -1.000 1.304e-04 -2.464 -2.866 -3.364 -3.773 -4.346 -4.576 -4.623 -4.645 -4.641 -4.228 -4.633 -4.204 -4.522 -4.568 -4.585 -4.605 -4.632 -4.641 -4.648 -4.658 -4.650 -4.617 -4.626 -4.422
0.00012351 -2.10000 10.06446 0.8071437478 2.4211974144    0.776  2.935  3.6637  1.000    3  0.000  0.529     0.00     0.00 -1 -3.84e-09      0.00 7.534e-01 2.465e-01 2.195e-05 6.289e-06 5.542e-05 -1.000 1.304e-04 -2.567 -2.966 -3.471 -3.884 -4.462 -4.695 -4.742 -4.765 -4.759 -4.344 -4.752 -4.319 -4.640 -4.687 -4.704 -4.723 -4.752 -4.761 -4.768 -4.778 -4.770 -4.733 -4.743 -4.539
0.00012351 -2.10000 10.06446 0.8071562648 2.4212017059    0.774  2.979  3.6614  0.945    3  0.000  0.529     0.00     0.00 -1 -4.54e-09      0.00 7.534e-01 2.465e-01 2.195e-05 6.289e-06 5.542e-05 -1.000 1.305e-04 -2.679 -3.075 -3.587 -4.004 -4.588 -4.823 -4.871 -4.895 -4.887 -4.470 -4.881 -4.443 -4.767 -4.815 -4.833 -4.850 -4.882 -4.890 -4.897 -4.908 -4.899 -4.857 -4.869 -4.665
0.00012351 -2.10000 10.06446 0.8071664572 2.4212052822    0.771  3.018  3.6592  0.896    3  0.000  0.529     0.00     0.00 -1 -5.27e-09      0.00 7.534e-01 2.465e-01 2.195e-05 6.289e-06 5.542e-05 -1.000 1.304e-04 -2.776 -3.169 -3.688 -4.110 -4.698 -4.936 -4.984 -5.009 -5.000 -4.580 -4.995 -4.552 -4.879 -4.927 -4.946 -4.962 -4.996 -5.004 -5.011 -5.023 -5.012 -4.967 -4.980 -4.776
0.00012351 -2.10000 10.06446 0.8071752191 2.4212081432    0.769  3.053  3.6573  0.852    3  0.000  0.529     0.00     0.00 -1 -6.02e-09      0.00 7.534e-01 2.465e-01 2.195e-05 6.289e-06 5.542e-05 -1.000 1.305e-04 -2.863 -3.254 -3.779 -4.205 -4.798 -5.037 -5.086 -5.112 -5.101 -4.679 -5.097 -4.651 -4.979 -5.029 -5.047 -5.062 -5.098 -5.107 -5.114 -5.126 -5.115 -5.066 -5.080 -4.876
0.00012351 -2.10000 10.06446 0.8071842194 2.4212112427    0.766  3.091  3.6552  0.804    3  0.000  0.529     0.00     0.00 -1 -6.96e-09      0.00 7.534e-01 2.465e-01 2.195e-05 6.289e-06 5.542e-05 -1.000 1.306e-04 -2.958 -3.346 -3.879 -4.309 -4.906 -5.148 -5.197 -5.224 -5.212 -4.787 -5.208 -4.758 -5.089 -5.139 -5.158 -5.172 -5.210 -5.218 -5.226 -5.238 -5.226 -5.174 -5.189 -4.985
0.00012351 -2.10000 10.06446 0.8071934581 2.4212145805    0.763  3.133  3.6528  0.751    3  0.000  0.529     0.00     0.00 -1 -8.15e-09      0.00 7.533e-01 2.465e-01 2.195e-05 6.289e-06 5.542e-05 -1.000 1.305e-04 -3.062 -3.446 -3.986 -4.421 -5.024 -5.269 -5.318 -5.346 -5.333 -4.905 -5.330 -4.875 -5.209 -5.260 -5.280 -5.292 -5.332 -5.341 -5.349 -5.361 -5.349 -5.291 -5.307 -5.104
0.00012351 -2.10000 10.06446 0.8072012067 2.4212172031    0.759  3.170  3.6507  0.703    3  0.000  0.529     0.00     0.00 -1  -9.4e-09      0.00 7.533e-01 2.465e-01 2.195e-05 6.289e-06 5.542e-05 -1.000 1.304e-04 -3.155 -3.532 -4.080 -4.521 -5.130 -5.377 -5.426 -5.456 -5.441 -5.010 -5.439 -4.979 -5.316 -5.368 -5.388 -5.398 -5.442 -5.450 -5.459 -5.471 -5.458 -5.396 -5.413 -5.211
0.00012351 -2.10000 10.06446 0.8072090149 2.4212198257    0.755  3.209  3.6485  0.653    3  0.000  0.529     0.00     0.00 -1 -1.09e-08      0.00 7.533e-01 2.465e-01 2.195e-05 6.290e-06 5.542e-05 -1.000 1.305e-04 -3.252 -3.623 -4.180 -4.626 -5.240 -5.490 -5.538 -5.571 -5.554 -5.120 -5.552 -5.088 -5.428 -5.481 -5.502 -5.508 -5.556 -5.565 -5.573 -5.586 -5.572 -5.505 -5.524 -5.322
0.00012351 -2.10000 10.06446 0.8072162271 2.4212222099    0.751  3.245  3.6464  0.606    3  0.000  0.529     0.00     0.00 -1 -1.26e-08      0.00 7.533e-01 2.465e-01 2.195e-05 6.290e-06 5.542e-05 -1.000 1.304e-04 -3.342 -3.707 -4.271 -4.723 -5.342 -5.595 -5.643 -5.677 -5.659 -5.221 -5.658 -5.189 -5.532 -5.586 -5.607 -5.611 -5.662 -5.671 -5.679 -5.692 -5.678 -5.607 -5.627 -5.425
0.00012351 -2.10000 10.06446 0.8072182536 2.4212229252    0.750  3.254  3.6459  0.595    3  0.000  0.529     0.00     0.00 -1 -1.31e-08      0.00 7.533e-01 2.465e-01 2.195e-05 6.290e-06 5.542e-05 -1.000 1.305e-04 -3.365 -3.728 -4.294 -4.747 -5.368 -5.622 -5.670 -5.704 -5.685 -5.247 -5.684 -5.214 -5.558 -5.613 -5.634 -5.637 -5.689 -5.698 -5.706 -5.719 -5.705 -5.633 -5.652 -5.451
0.00012351 -2.10000 10.06446 0.8072182536 2.4212229252    0.750  1.673  3.9136  3.246    4  0.000  0.532     0.00     0.00 -1    -1e-30      0.00 7.556e-01 2.443e-01 2.201e-05 6.146e-06 5.515e-05 -1.000 1.303e-04 0.587 0.489 0.414 0.363 0.310 0.285 0.276 0.273 0.268 0.324 0.275 0.320 0.293 0.286 0.285 0.281 0.274 0.275 0.273 0.269 0.267 0.266 0.267 0.303
0.00012351 -2.10000 10.06446 0.8072190285 2.4212231636    0.750  1.682  3.9083  3.216    4  0.000  0.532     0.00     0.00 -1    -1e-30      0.00 7.556e-01 2.443e-01 2.201e-05 6.146e-06 5.515e-05 -1.000 1.304e-04 0.564 0.448 0.366 0.310 0.250 0.223 0.213 0.210 0.204 0.267 0.212 0.261 0.231 0.224 0.222 0.218 0.211 0.212 0.210 0.205 0.204 0.202 0.203 0.242
0.00012351 -2.10000 10.06446 0.8072718978 2.4212412834    0.750  1.699  3.8999  3.165    4  0.000  0.532     0.00     0.00 -1    -1e-30      0.00 7.556e-01 2.443e-01 2.201e-05 6.146e-06 5.515e-05 -1.000 1.303e-04 0.521 0.377 0.286 0.221 0.148 0.117 0.107 0.103 0.097 0.168 0.105 0.161 0.126 0.118 0.116 0.112 0.104 0.105 0.103 0.098 0.097 0.095 0.096 0.139
0.00012351 -2.10000 10.06446 0.8073232770 2.4212589264    0.750  1.700  3.9004  3.167    4  0.000  0.532     0.00     0.00 -1    -1e-30      0.00 7.556e-01 2.443e-01 2.201e-05 6.146e-06 5.515e-05 -1.000 1.304e-04 0.521 0.378 0.287 0.223 0.150 0.120 0.110 0.106 0.100 0.170 0.108 0.164 0.129 0.121 0.119 0.115 0.107 0.108 0.106 0.101 0.100 0.098 0.099 0.141
0.00012351 -2.10000 10.06446 0.8073747754 2.4212765694    0.750  1.700  3.9010  3.169    4  0.000  0.532     0.00     0.00 -1    -1e-30      0.00 7.556e-01 2.443e-01 2.201e-05 6.146e-06 5.515e-05 -1.000 1.303e-04 0.520 0.380 0.290 0.226 0.154 0.124 0.114 0.111 0.105 0.174 0.113 0.168 0.133 0.125 0.123 0.119 0.111 0.112 0.111 0.106 0.104 0.103 0.104 0.146
0.00012351 -2.10000 10.06446 0.8074268103 2.4212944508    0.750  1.700  3.9015  3.171    4  0.000  0.532     0.00     0.00 -1    -1e-30      0.00 7.556e-01 2.443e-01 2.201e-05 6.146e-06 5.515e-05 -1.000 1.303e-04 0.520 0.382 0.292 0.229 0.158 0.129 0.118 0.115 0.109 0.178 0.117 0.171 0.137 0.129 0.128 0.123 0.116 0.116 0.115 0.110 0.109 0.107 0.108 0.150
0.00012351 -2.10000 10.06446 0.8074802756 2.4213128090    0.750  1.700  3.9019  3.173    4  0.000  0.532     0.00     0.00 -1    -1e-30      0.00 7.556e-01 2.443e-01 2.201e-05 6.146e-06 5.515e-05 -1.000 1.303e-04 0.520 0.383 0.294 0.231 0.161 0.131 0.121 0.118 0.112 0.180 0.119 0.174 0.140 0.132 0.130 0.126 0.118 0.119 0.118 0.113 0.111 0.109 0.110 0.152
0.00012351 -2.10000 10.06446 0.8075333238 2.4213309288    0.750  1.700  3.9021  3.173    4  0.000  0.532     0.00     0.00 -1    -1e-30      0.00 7.556e-01 2.443e-01 2.201e-05 6.146e-06 5.515e-05 -1.000 1.304e-04 0.520 0.383 0.294 0.231 0.162 0.132 0.122 0.119 0.113 0.181 0.120 0.175 0.141 0.133 0.131 0.127 0.119 0.120 0.119 0.114 0.112 0.110 0.112 0.153
0.00012351 -2.10000 10.06446 0.8075828552 2.4213478565    0.750  1.700  3.9020  3.173    4  0.000  0.532     0.00     0.00 -1    -1e-30      0.00 7.556e-01 2.443e-01 2.201e-05 6.146e-06 5.515e-05 -1.000 1.304e-04 0.519 0.382 0.293 0.231 0.161 0.131 0.121 0.118 0.112 0.180 0.120 0.174 0.140 0.132 0.130 0.126 0.118 0.119 0.118 0.113 0.111 0.110 0.111 0.152
0.00012351 -2.10000 10.06446 0.8076364398 2.4213662148    0.750  1.701  3.9017  3.171    4  0.000  0.532     0.00     0.00 -1    -1e-30      0.00 7.556e-01 2.443e-01 2.201e-05 6.146e-06 5.515e-05 -1.000 1.305e-04 0.518 0.380 0.291 0.228 0.158 0.128 0.118 0.115 0.109 0.177 0.116 0.171 0.137 0.129 0.127 0.123 0.115 0.116 0.115 0.110 0.108 0.106 0.107 0.149
0.00012351 -2.10000 10.06446 0.8076857924 2.4213831425    0.750  1.701  3.9011  3.168    4  0.000  0.532     0.00     0.00 -1    -1e-30      0.00 7.556e-01 2.443e-01 2.201e-05 6.146e-06 5.515e-05 -1.000 1.303e-04 0.517 0.377 0.287 0.223 0.152 0.122 0.111 0.108 0.102 0.171 0.110 0.165 0.130 0.122 0.121 0.116 0.109 0.109 0.108 0.103 0.102 0.100 0.101 0.143
0.00012351 -2.10000 10.06446 0.8077357411 2.4214000702    0.750  1.702  3.9000  3.163    4  0.000  0.532     0.00     0.00 -1    -1e-30      0.00 7.556e-01 2.443e-01 2.201e-05 6.146e-06 5.515e-05 -1.000 1.303e-04 0.515 0.371 0.280 0.215 0.142 0.112 0.101 0.098 0.092 0.162 0.100 0.155 0.121 0.112 0.111 0.106 0.099 0.099 0.098 0.093 0.091 0.090 0.091 0.133
0.00012351 -2.10000 10.06446 0.8077881932 2.4214181900    0.750  1.703  3.8985  3.156    4  0.000  0.532     0.00     0.00 -1    -1e-30      0.00 7.556e-01 2.443e-01 2.201e-05 6.146e-06 5.515e-05 -1.000 1.303e-04 0.512 0.363 0.270 0.203 0.128 0.097 0.086 0.083 0.077 0.149 0.085 0.142 0.106 0.098 0.096 0.092 0.084 0.085 0.083 0.078 0.077 0.075 0.076 0.119
0.00012351 -2.10000 10.06446 0.8078427911 2.4214367867    0.750  1.705  3.8963  3.146    4  0.000  0.532     0.00     0.00 -1    -1e-30      0.00 7.556e-01 2.443e-01 2.201e-05 6.146e-06 5.515e-05 -1.000 1.304e-04 0.508 0.353 0.257 0.188 0.109 0.077 0.066 0.063 0.057 0.131 0.065 0.123 0.086 0.078 0.076 0.071 0.064 0.064 0.063 0.058 0.057 0.055 0.056 0.099
0.00012351 -2.10000 10.06446 0.8078936934 2.4214541912    0.750  1.707  3.8938  3.134    4  0.000  0.532     0.00     0.00 -1    -1e-30      0.00 7.556e-01 2.443e-01 2.201e-05 6.146e-06 5.515e-05 -1.000 1.303e-04 0.504 0.340 0.242 0.170 0.087 0.054 0.043 0.040 0.034 0.110 0.042 0.102 0.063 0.055 0.053 0.048 0.040 0.041 0.040 0.034 0.033 0.031 0.032 0.077
0.00012351 -2.10000 10.06446 0.8079439998 2.4214713573    0.750  1.709  3.8908  3.120    4  0.000  0.532     0.00     0.00 -1    -1e-30      0.00 7.556e-01 2.443e-01 2.201e-05 6.146e-06 5.515e-05 -1.000 1.303e-04 0.498 0.326 0.224 0.148 0.060 0.026 0.014 0.011 0.005 0.085 0.013 0.076 0.035 0.027 0.024 0.020 0.012 0.013 0.011 0.006 0.005 0.003 0.004 0.049
0.00012351 -2.10000 10.06446 0.8079969287 2.4214894772    0.750  1.711  3.8869  3.102    4  0.000  0.532     0.00     0.00 -1    -1e-30      0.00 7.556e-01 2.443e-01 2.201e-05 6.146e-06 5.515e-05 -1.000 1.304e-04 0.492 0.309 0.202 0.121 0.026 -0.010 -0.021 -0.024 -0.031 0.053 -0.022 0.043 -0.000 -0.009 -0.011 -0.016 -0.023 -0.023 -0.024 -0.030 -0.031 -0.033 -0.032 0.015
0.00012351 -2.10000 10.06446 0.8080468178 2.4215064049    0.750  1.714  3.8828  3.082    4  0.000  0.532     0.00     0.00 -1    -1e-30      0.00 7.556e-01 2.443e-01 2.201e-05 6.146e-06 5.515e-05 -1.000 1.304e-04 0.485 0.290 0.179 0.092 -0.011 -0.049 -0.060 -0.063 -0.070 0.019 -0.061 0.007 -0.038 -0.048 -0.050 -0.055 -0.062 -0.062 -0.063 -0.069 -0.070 -0.072 -0.071 -0.023
0.00012351 -2.10000 10.06446 0.8080970049 2.4215235710    0.751  1.717  3.8780  3.060    4  0.000  0.532     0.00     0.00 -1    -1e-30      0.00 7.556e-01 2.443e-01 2.201e-05 6.146e-06 5.515e-05 -1.000 1.303e-04 0.477 0.268 0.151 0.058 -0.053 -0.093 -0.105 -0.107 -0.114 -0.020 -0.106 -0.033 -0.082 -0.092 -0.094 -0.099 -0.106 -0.106 -0.108 -0.113 -0.114 -0.116 -0.115 -0.066
0.00012351 -2.10000 10.06446 0.8081486821 2.4215412140    0.751  1.721  3.8724  3.034    4  0.000  0.532     0.00     0.00 -1    -1e-30      0.00 7.556e-01 2.443e-01 2.201e-05 6.146e-06 5.515e-05 -1.000 1.304e-04 0.467 0.246 0.122 0.022 -0.102 -0.144 -0.155 -0.159 -0.165 -0.065 -0.157 -0.079 -0.133 -0.143 -0.145 -0.150 -0.157 -0.157 -0.159 -0.164 -0.165 -0.168 -0.167 -0.115
0.00012351 -2.10000 10.06446 0.8082016110 2.4215593338    0.751  1.725  3.8660  3.004    4  0.000  0.532     0.00     0.00 -1    -1e-30      0.00 7.556e-01 2.443e-01 2.201e-05 6.146e-06 5.515e-05 -1.000 1.303e-04 0.457 0.220 0.088 -0.021 -0.157 -0.202 -0.214 -0.218 -0.224 -0.116 -0.216 -0.133 -0.191 -0.201 -0.203 -0.209 -0.216 -0.216 -0.218 -0.223 -0.224 -0.227 -0.226 -0.172
0.00012351 -2.10000 10.06446 0.8082510233 2.4215762615    0.751  1.730  3.8594  2.974    4  0.000  0.532     0.00     0.00 -1    -1e-30      0.00 7.556e-01 2.443e-01 2.201e-05 6.146e-06 5.515e-05 -1.000 1.303e-04 0.446 0.196 0.054 -0.063 -0.214 -0.262 -0.275 -0.278 -0.285 -0.168 -0.276 -0.186 -0.251 -0.261 -0.263 -0.270 -0.276 -0.277 -0.279 -0.284 -0.284 -0.288 -0.286 -0.230
0.00012351 -2.10000 10.06446 0.8082556725 2.4215779305    0.751  1.730  3.8588  2.971    4  0.000  0.532     0.00     0.00 -1    -1e-30      0.00 7.556e-01 2.443e-01 2.201e-05 6.146e-06 5.515e-05 -1.000 1.303e-04 0.445 0.194 0.051 -0.067 -0.219 -0.268 -0.280 -0.284 -0.290 -0.173 -0.282 -0.191 -0.257 -0.267 -0.269 -0.276 -0.282 -0.282 -0.284 -0.289 -0.290 -0.294 -0.292 -0.235
0.00012351 -2.10000 10.06446 0.8082641959 2.4215807915    0.751  1.731  3.8577  2.965    4  0.000  0.532     0.00     0.00 -1    -1e-30      0.00 7.556e-01 2.443e-01 2.201e-05 6.146e-06 5.515e-05 -1.000 1.303e-04 0.443 0.190 0.045 -0.074 -0.229 -0.278 -0.291 -0.294 -0.301 -0.182 -0.293 -0.201 -0.267 -0.277 -0.279 -0.286 -0.292 -0.293 -0.295 -0.300 -0.301 -0.304 -0.303 -0.245
0.00012351 -2.10000 10.06446 0.8083141446 2.4215977192    0.751  1.735  3.8509  2.934    4  0.000  0.532     0.00     0.00 -1    -1e-30      0.00 7.556e-01 2.443e-01 2.201e-05 6.146e-06 5.515e-05 -1.000 1.304e-04 0.432 0.165 0.011 -0.118 -0.286 -0.340 -0.353 -0.356 -0.363 -0.236 -0.355 -0.256 -0.328 -0.339 -0.341 -0.348 -0.354 -0.355 -0.357 -0.362 -0.362 -0.366 -0.364 -0.305
0.00012351 -2.10000 10.06446 0.8083628416 2.4216144085    0.751  1.740  3.8440  2.902    4  0.000  0.532     0.00     0.00 -1    -1e-30      0.00 7.556e-01 2.443e-01 2.201e-05 6.146e-06 5.515e-05 -1.000 1.304e-04 0.420 0.142 -0.023 -0.161 -0.345 -0.403 -0.416 -0.420 -0.427 -0.290 -0.418 -0.311 -0.391 -0.401 -0.404 -0.411 -0.417 -0.418 -0.420 -0.425 -0.426 -0.430 -0.428 -0.365
0.00012351 -2.10000 10.06446 0.8084149361 2.4216322899    0.751  1.745  3.8360  2.864    4  0.000  0.532     0.00     0.00 -1    -1e-30      0.00 7.556e-01 2.443e-01 2.201e-05 6.146e-06 5.515e-05 -1.000 1.304e-04 0.407 0.114 -0.062 -0.211 -0.413 -0.475 -0.489 -0.493 -0.500 -0.353 -0.491 -0.375 -0.463 -0.474 -0.477 -0.485 -0.491 -0.492 -0.494 -0.499 -0.500 -0.504 -0.501 -0.435
0.00012351 -2.10000 10.06446 0.8084644675 2.4216492176    0.751  1.751  3.8279  2.826    4  0.000  0.532     0.00     0.00 -1    -1e-30      0.00 7.556e-01 2.443e-01 2.201e-05 6.146e-06 5.515e-05 -1.000 1.304e-04 0.392 0.088 -0.100 -0.261 -0.481 -0.549 -0.564 -0.568 -0.575 -0.417 -0.566 -0.439 -0.536 -0.548 -0.551 -0.559 -0.565 -0.566 -0.569 -0.574 -0.574 -0.579 -0.576 -0.505
0.00012351 -2.10000 10.06446 0.8085119724 2.4216654301    0.751  1.757  3.8202  2.790    4  0.000  0.532     0.00     0.00 -1    -1e-30      0.00 7.556e-01 2.443e-01 2.201e-05 6.146e-06 5.515e-05 -1.000 1.303e-04 0.378 0.062 -0.138 -0.309 -0.547 -0.620 -0.636 -0.640 -0.647 -0.478 -0.638 -0.501 -0.607 -0.619 -0.622 -0.631 -0.637 -0.638 -0.641 -0.646 -0.647 -0.651 -0.648 -0.574
0.00012351 -2.10000 10.06446 0.8085610271 2.4216821194    0.751  1.763  3.8122  2.752    4  0.000  0.532     0.00     0.00 -1    -1e-30      0.00 7.556e-01 2.443e-01 2.201e-05 6.146e-06 5.515e-05 -1.000 1.304e-04 0.363 0.036 -0.177 -0.359 -0.615 -0.694 -0.711 -0.715 -0.722 -0.542 -0.713 -0.565 -0.680 -0.693 -0.696 -0.706 -0.712 -0.713 -0.716 -0.721 -0.722 -0.726 -0.723 -0.644
0.00012351 -2.10000 10.06446 0.8086091280 2.4216985703    0.751  1.769  3.8048  2.716    4  0.000  0.532     0.00     0.00 -1    -1e-30      0.00 7.556e-01 2.443e-01 2.201e-05 6.146e-06 5.515e-05 -1.000 1.304e-04 0.348 0.011 -0.214 -0.406 -0.679 -0.763 -0.781 -0.785 -0.792 -0.602 -0.783 -0.625 -0.749 -0.762 -0.766 -0.776 -0.782 -0.783 -0.786 -0.791 -0.792 -0.797 -0.794 -0.710
0.00012351 -2.10000 10.06446 0.8086577654 2.4217150211    0.751  1.775  3.7978  2.681    4  0.000  0.532     0.00     0.00 -1    -1e-30      0.00 7.556e-01 2.443e-01 2.201e-05 6.146e-06 5.515e-05 -1.000 1.303e-04 0.331 -0.014 -0.250 -0.452 -0.741 -0.831 -0.849 -0.854 -0.861 -0.660 -0.852 -0.683 -0.816 -0.830 -0.834 -0.844 -0.850 -0.852 -0.855 -0.860 -0.861 -0.866 -0.862 -0.774
0.00012351 -2.10000 10.06446 0.8087064624 2.4217317104    0.751  1.782  3.7914  2.649    4  0.000  0.532     0.00     0.00 -1    -1e-30      0.00 7.556e-01 2.443e-01 2.201e-05 6.146e-06 5.515e-05 -1.000 1.303e-04 0.315 -0.038 -0.285 -0.495 -0.799 -0.894 -0.913 -0.919 -0.925 -0.715 -0.916 -0.737 -0.878 -0.893 -0.897 -0.908 -0.914 -0.916 -0.920 -0.924 -0.925 -0.930 -0.927 -0.833
0.00012351 -2.10000 10.06446 0.8087554574 2.4217483997    0.751  1.791  3.7845  2.613    4  0.000  0.532     0.00     0.00 -1    -1e-30      0.00 7.556e-01 2.443e-01 2.201e-05 6.146e-06 5.515e-05 -1.000 1.304e-04 0.293 -0.067 -0.325 -0.546 -0.865 -0.966 -0.986 -0.992 -0.999 -0.778 -0.989 -0.799 -0.949 -0.965 -0.969 -0.981 -0.987 -0.990 -0.993 -0.998 -0.999 -1.004 -1.001 -0.902
0.00012351 -2.10000 10.06446 0.8087652326 2.4217517376    0.751  1.788  3.7848  2.617    4  0.000  0.532     0.00     0.00 -1    -1e-30      0.00 7.556e-01 2.443e-01 2.201e-05 6.146e-06 5.515e-05 -1.000 1.304e-04 0.300 -0.060 -0.317 -0.538 -0.856 -0.957 -0.977 -0.983 -0.990 -0.769 -0.979 -0.790 -0.940 -0.956 -0.960 -0.971 -0.978 -0.980 -0.984 -0.989 -0.990 -0.995 -0.991 -0.892
0.00012351 -2.10000 10.06446 0.8088155389 2.4217689037    0.751  1.800  3.7773  2.575    4  0.000  0.532     0.00     0.00 -1    -1e-30      0.00 7.556e-01 2.443e-01 2.201e-05 6.146e-06 5.515e-05 -1.000 1.303e-04 0.270 -0.097 -0.368 -0.599 -0.934 -1.042 -1.063 -1.069 -1.076 -0.844 -1.065 -0.864 -1.023 -1.041 -1.045 -1.057 -1.064 -1.067 -1.070 -1.075 -1.076 -1.082 -1.078 -0.973
0.00012351 -2.10000 10.06446 0.8088650703 2.4217858315    0.751  1.817  3.7692  2.526    4  0.000  0.532     0.00     0.00 -1    -1e-30      0.00 7.556e-01 2.443e-01 2.201e-05 6.146e-06 5.515e-05 -1.000 1.303e-04 0.228 -0.146 -0.431 -0.674 -1.027 -1.142 -1.164 -1.171 -1.179 -0.933 -1.167 -0.951 -1.122 -1.140 -1.145 -1.158 -1.165 -1.168 -1.172 -1.177 -1.178 -1.184 -1.180 -1.068
0.00012351 -2.10000 10.06446 0.8089067340 2.4218001366    0.751  1.844  3.7592  2.459    4  0.000  0.532     0.00     0.00 -1    -1e-30      0.00 7.556e-01 2.443e-01 2.201e-05 6.146e-06 5.515e-05 -1.000 1.305e-04 0.160 -0.223 -0.525 -0.783 -1.157 -1.281 -1.306 -1.313 -1.322 -1.060 -1.309 -1.075 -1.260 -1.280 -1.285 -1.300 -1.307 -1.311 -1.315 -1.320 -1.321 -1.327 -1.323 -1.201
0.00012351 -2.10000 10.06446 0.8089293242 2.4218077660    0.751  1.875  3.7499  2.390    4  0.000  0.532     0.00     0.00 -1    -1e-30      0.00 7.556e-01 2.443e-01 2.201e-05 6.146e-06 5.515e-05 -1.000 1.304e-04 0.082 -0.310 -0.628 -0.899 -1.293 -1.427 -1.454 -1.462 -1.471 -1.193 -1.458 -1.206 -1.404 -1.425 -1.432 -1.447 -1.455 -1.459 -1.463 -1.470 -1.471 -1.477 -1.473 -1.341
0.00012351 -2.10000 10.06446 0.8089395165 2.4218111038    0.751  1.908  3.7419  2.326    4  0.000  0.532     0.00     0.00 -1    -1e-30      0.00 7.556e-01 2.443e-01 2.201e-05 6.146e-06 5.515e-05 -1.000 1.304e-04 0.000 -0.397 -0.730 -1.013 -1.424 -1.566 -1.594 -1.603 -1.612 -1.321 -1.598 -1.332 -1.540 -1.563 -1.570 -1.587 -1.596 -1.600 -1.604 -1.611 -1.612 -1.618 -1.614 -1.474
0.00012351 -2.10000 10.06446 0.8089441061 2.4218127728    0.751  1.942  3.7351  2.264    4  0.000  0.532     0.00     0.00 -1    -1e-30      0.00 7.556e-01 2.443e-01 2.201e-05 6.146e-06 5.515e-05 -1.000 1.303e-04 -0.085 -0.487 -0.833 -1.125 -1.551 -1.700 -1.730 -1.739 -1.749 -1.446 -1.734 -1.454 -1.672 -1.697 -1.705 -1.723 -1.732 -1.737 -1.741 -1.748 -1.749 -1.755 -1.751 -1.603
0.00012351 -2.10000 10.06446 0.8089462519 2.4218134880    0.751  1.975  3.7298  2.210    4  0.000  0.532     0.00     0.00 -1    -1e-30      0.00 7.556e-01 2.443e-01 2.201e-05 6.146e-06 5.515e-05 -1.000 1.304e-04 -0.168 -0.573 -0.929 -1.230 -1.666 -1.821 -1.853 -1.863 -1.873 -1.560 -1.857 -1.566 -1.792 -1.818 -1.827 -1.845 -1.855 -1.860 -1.864 -1.871 -1.872 -1.878 -1.874 -1.720
0.00012351 -2.10000 10.06446 0.8089471459 2.4218137264    0.751  1.996  3.7270  2.177    7  0.000  0.532     0.00     0.00 -1    -1e-30      0.00 7.556e-01 2.443e-01 2.201e-05 6.146e-06 5.515e-05 -1.000 1.303e-04 -0.221 -0.627 -0.989 -1.294 -1.736 -1.895 -1.926 -1.937 -1.947 -1.629 -1.931 -1.634 -1.864 -1.891 -1.900 -1.919 -1.929 -1.934 -1.938 -1.946 -1.947 -1.952 -1.949 -1.791
0.00012351 -2.10000 10.06446 0.8089473844 2.4218139648    0.751  2.006  3.7260  2.164    7  0.000  0.532     0.00     0.00 -1    -1e-30      0.00 7.556e-01 2.443e-01 2.201e-05 6.146e-06 5.515e-05 -1.000 1.303e-04 -0.244 -0.651 -1.014 -1.321 -1.765 -1.924 -1.957 -1.967 -1.977 -1.658 -1.961 -1.662 -1.894 -1.921 -1.930 -1.949 -1.959 -1.964 -1.968 -1.976 -1.977 -1.983 -1.979 -1.820
0.00012351 -2.10000 10.06446 0.8089483380 2.4218142033    0.751  2.045  3.7221  2.109    7  0.000  0.532     0.00     0.00 -1    -1e-30      0.00 7.556e-01 2.443e-01 2.201e-05 6.146e-06 5.515e-05 -1.000 1.303e-04 -0.343 -0.751 -1.122 -1.435 -1.887 -2.051 -2.084 -2.095 -2.105 -1.779 -2.089 -1.782 -2.019 -2.048 -2.056 -2.077 -2.087 -2.092 -2.096 -2.104 -2.105 -2.110 -2.107 -1.944
0.00012351 -2.10000 10.06446 0.8089492917 2.4218144417    0.751  2.084  3.7187  2.056    7  0.000  0.532     0.00     0.00 -1    -1e-30      0.00 7.556e-01 2.443e-01 2.201e-05 6.146e-06 5.515e-05 -1.000 1.305e-04 -0.441 -0.851 -1.228 -1.546 -2.005 -2.173 -2.208 -2.219 -2.229 -1.897 -2.213 -1.898 -2.140 -2.170 -2.179 -2.200 -2.211 -2.216 -2.220 -2.228 -2.229 -2.233 -2.230 -2.064
0.00012351 -2.10000 10.06446 0.8089501262 2.4218149185    0.751  2.120  3.7160  2.010    7  0.000  0.532     0.00     0.00 -1    -1e-30      0.00 7.556e-01 2.443e-01 2.201e-05 6.146e-06 5.515e-05 -1.000 1.304e-04 -0.529 -0.940 -1.323 -1.645 -2.110 -2.281 -2.316 -2.328 -2.338 -2.002 -2.322 -2.001 -2.247 -2.278 -2.287 -2.308 -2.319 -2.325 -2.329 -2.337 -2.338 -2.342 -2.339 -2.169
0.00012351 -2.10000 10.06446 0.8089510202 2.4218151569    0.751  2.151  3.7137  1.969    7  0.000  0.532     0.00     0.00 -1    -1e-30      0.00 7.556e-01 2.443e-01 2.201e-05 6.146e-06 5.515e-05 -1.000 1.304e-04 -0.608 -1.020 -1.408 -1.733 -2.203 -2.377 -2.412 -2.424 -2.434 -2.094 -2.418 -2.093 -2.342 -2.373 -2.383 -2.404 -2.416 -2.421 -2.426 -2.434 -2.434 -2.437 -2.435 -2.263
0.00012351 -2.10000 10.06446 0.8089524508 2.4218156338    0.751  2.171  3.7125  1.944    7  0.000  0.532     0.00     0.00 -1    -1e-30      0.00 7.556e-01 2.443e-01 2.201e-05 6.146e-06 5.515e-05 -1.000 1.303e-04 -0.659 -1.071 -1.461 -1.789 -2.261 -2.436 -2.472 -2.484 -2.494 -2.152 -2.478 -2.150 -2.401 -2.432 -2.442 -2.463 -2.475 -2.481 -2.486 -2.494 -2.494 -2.497 -2.495 -2.321
0.00012351 -2.10000 10.06446 0.8089551330 2.4218165874    0.751  2.154  3.7138  1.967    7  0.000  0.532     0.00     0.00 -1    -1e-30      0.00 7.556e-01 2.443e-01 2.201e-05 6.146e-06 5.515e-05 -1.000 1.304e-04 -0.616 -1.028 -1.415 -1.741 -2.210 -2.384 -2.419 -2.431 -2.441 -2.101 -2.425 -2.100 -2.349 -2.380 -2.390 -2.411 -2.423 -2.428 -2.433 -2.441 -2.442 -2.445 -2.442 -2.270
0.00012351 -2.10000 10.06446 0.8089720607 2.4218223095    0.752  2.143  3.7142  1.979    7  0.000  0.532     0.00     0.00 -1    -1e-30      0.00 7.556e-01 2.443e-01 2.201e-05 6.146e-06 5.515e-05 -1.000 1.304e-04 -0.589 -1.000 -1.387 -1.712 -2.180 -2.354 -2.389 -2.401 -2.411 -2.071 -2.395 -2.071 -2.319 -2.350 -2.359 -2.381 -2.392 -2.398 -2.402 -2.410 -2.411 -2.414 -2.412 -2.240
0.00012351 -2.10000 10.06446 0.8089879751 2.4218277931    0.752  2.172  3.7120  1.942    7  0.000  0.532     0.00     0.00 -1    -1e-30      0.00 7.556e-01 2.443e-01 2.201e-05 6.146e-06 5.515e-05 -1.000 1.303e-04 -0.659 -1.072 -1.463 -1.792 -2.265 -2.441 -2.476 -2.488 -2.498 -2.155 -2.482 -2.153 -2.405 -2.436 -2.446 -2.468 -2.480 -2.485 -2.490 -2.498 -2.499 -2.501 -2.499 -2.325
0.00012351 -2.10000 10.06446 0.8090072870 2.4218342304    0.752  2.218  3.7088  1.883    7  0.000  0.532     0.00     0.00 -1    -1e-30      0.00 7.556e-01 2.443e-01 2.201e-05 6.146e-06 5.515e-05 -1.000 1.305e-04 -0.774 -1.188 -1.586 -1.919 -2.399 -2.578 -2.615 -2.627 -2.637 -2.289 -2.621 -2.286 -2.542 -2.574 -2.584 -2.606 -2.619 -2.624 -2.629 -2.637 -2.638 -2.640 -2.638 -2.460
0.00012351 -2.10000 10.06446 0.8090257049 2.4218406677    0.752  2.263  3.7058  1.826    7  0.000  0.532     0.00     0.00 -1    -1e-30      0.00 7.556e-01 2.443e-01 2.201e-05 6.146e-06 5.515e-05 -1.000 1.304e-04 -0.887 -1.302 -1.706 -2.044 -2.530 -2.712 -2.750 -2.763 -2.772 -2.419 -2.756 -2.414 -2.674 -2.708 -2.719 -2.741 -2.754 -2.760 -2.765 -2.773 -2.773 -2.774 -2.773 -2.592
0.00012351 -2.10000 10.06446 0.8090427518 2.4218463898    0.752  2.308  3.7031  1.771    7  0.000  0.532     0.00     0.00 -1    -1e-30      0.00 7.556e-01 2.443e-01 2.201e-05 6.146e-06 5.515e-05 -1.000 1.303e-04 -0.999 -1.414 -1.824 -2.166 -2.658 -2.844 -2.883 -2.896 -2.904 -2.547 -2.888 -2.541 -2.805 -2.839 -2.850 -2.873 -2.886 -2.892 -2.898 -2.906 -2.906 -2.906 -2.905 -2.721
0.00012351 -2.10000 10.06446 0.8090579510 2.4218516350    0.752  2.350  3.7005  1.718    7  0.000  0.532     0.00     0.00 -1    -1e-30      0.00 7.556e-01 2.443e-01 2.200e-05 6.147e-06 5.515e-05 -1.000 1.294e-04 -1.105 -1.521 -1.936 -2.283 -2.780 -2.968 -3.008 -3.021 -3.030 -2.668 -3.014 -2.661 -2.929 -2.963 -2.975 -2.998 -3.012 -3.018 -3.023 -3.031 -3.031 -3.031 -3.030 -2.843
0.00012351 -2.10000 10.06446 0.8090716004 2.4218561649    0.752  2.392  3.6981  1.666    7  0.000  0.532     0.00     0.00 -1    -1e-30      0.00 7.556e-01 2.443e-01 2.199e-05 6.149e-06 5.515e-05 -1.000 1.149e-04 -1.210 -1.627 -2.047 -2.398 -2.900 -3.091 -3.132 -3.145 -3.153 -2.788 -3.137 -2.779 -3.051 -3.086 -3.098 -3.121 -3.135 -3.142 -3.147 -3.156 -3.155 -3.154 -3.154 -2.964
0.00012351 -2.10000 10.06446 0.8090834618 2.4218602180    0.752  2.434  3.6958  1.615    7  0.000  0.530     0.00     0.00 -1    -1e-30      0.00 7.556e-01 2.443e-01 2.193e-05 6.174e-06 5.515e-05 -1.000 1.196e-04 -1.314 -1.731 -2.156 -2.511 -3.018 -3.212 -3.253 -3.267 -3.275 -2.905 -3.259 -2.896 -3.170 -3.207 -3.219 -3.242 -3.257 -3.263 -3.269 -3.277 -3.277 -3.275 -3.275 -3.083
0.00012351 -2.10000 10.06446 0.8090939522 2.4218637943    0.752  2.475  3.6934  1.565    7  0.000  0.525     0.00     0.00 -1    -1e-30      0.00 7.555e-01 2.444e-01 2.171e-05 6.332e-06 5.515e-05 -1.000 1.077e-04 -1.416 -1.833 -2.263 -2.622 -3.134 -3.331 -3.372 -3.387 -3.394 -3.021 -3.378 -3.010 -3.289 -3.325 -3.338 -3.361 -3.376 -3.383 -3.389 -3.397 -3.396 -3.393 -3.393 -3.200
0.00012351 -2.10000 10.06446 0.8091034889 2.4218671322    0.752  2.516  3.6912  1.515    7  0.000  0.512     0.00     0.00 -1    -1e-30      0.00 7.554e-01 2.445e-01 2.122e-05 6.838e-06 5.516e-05 -1.000 1.261e-04 -1.519 -1.935 -2.371 -2.733 -3.250 -3.450 -3.492 -3.507 -3.513 -3.137 -3.498 -3.125 -3.407 -3.444 -3.457 -3.480 -3.496 -3.503 -3.509 -3.517 -3.516 -3.511 -3.512 -3.317
0.00012351 -2.10000 10.06446 0.8091121316 2.4218699932    0.752  2.556  3.6889  1.465    7  0.000  0.496     0.00     0.00 -1    -1e-30      0.00 7.553e-01 2.446e-01 2.059e-05 7.590e-06 5.517e-05 -1.000 1.304e-04 -1.621 -2.037 -2.477 -2.843 -3.365 -3.568 -3.610 -3.626 -3.632 -3.252 -3.617 -3.239 -3.524 -3.562 -3.575 -3.599 -3.615 -3.622 -3.628 -3.637 -3.635 -3.628 -3.630 -3.433
0.00012351 -2.10000 10.06446 0.8091201186 2.4218728542    0.752  2.597  3.6866  1.416    7  0.000  0.481     0.00     0.00 -1    -1e-30      0.00 7.551e-01 2.448e-01 1.998e-05 8.334e-06 5.519e-05 -1.000 1.304e-04 -1.722 -2.138 -2.584 -2.954 -3.481 -3.686 -3.729 -3.745 -3.750 -3.367 -3.736 -3.353 -3.641 -3.680 -3.694 -3.717 -3.734 -3.741 -3.747 -3.756 -3.753 -3.745 -3.747 -3.549
0.00012351 -2.10000 10.06446 0.8091275692 2.4218752384    0.752  2.638  3.6844  1.366    7  0.000  0.467     0.00     0.00 -1    -1e-30      0.00 7.549e-01 2.450e-01 1.945e-05 8.994e-06 5.520e-05 -1.000 1.268e-04 -1.824 -2.240 -2.691 -3.065 -3.596 -3.804 -3.847 -3.864 -3.869 -3.482 -3.855 -3.467 -3.758 -3.798 -3.812 -3.835 -3.853 -3.860 -3.866 -3.876 -3.872 -3.863 -3.865 -3.665
0.00012351 -2.10000 10.06446 0.8091345429 2.4218776226    0.752  2.678  3.6821  1.316    7  0.000  0.456     0.00     0.00 -1    -1e-30      0.00 7.547e-01 2.452e-01 1.899e-05 9.558e-06 5.521e-05 -1.000 1.249e-04 -1.925 -2.341 -2.797 -3.175 -3.711 -3.921 -3.966 -3.983 -3.987 -3.597 -3.973 -3.580 -3.875 -3.915 -3.930 -3.953 -3.971 -3.979 -3.985 -3.994 -3.991 -3.979 -3.983 -3.781
0.00012351 -2.10000 10.06446 0.8091412783 2.4218800068    0.752  2.719  3.6798  1.267    7  0.000  0.447     0.00     0.00 -1    -1e-30      0.00 7.544e-01 2.454e-01 1.859e-05 1.005e-05 5.521e-05 -1.000 1.304e-04 -2.026 -2.440 -2.903 -3.285 -3.826 -4.039 -4.083 -4.101 -4.104 -3.711 -4.091 -3.694 -3.991 -4.032 -4.047 -4.071 -4.090 -4.097 -4.104 -4.113 -4.109 -4.095 -4.099 -3.897
0.00012351 -2.10000 10.06446 0.8091476560 2.4218821526    0.752  2.759  3.6775  1.217    7  0.000  0.438     0.00     0.00 -1    -1e-30      0.00 7.542e-01 2.456e-01 1.825e-05 1.047e-05 5.520e-05 -1.000 1.304e-04 -2.127 -2.539 -3.008 -3.394 -3.940 -4.156 -4.201 -4.219 -4.221 -3.825 -4.209 -3.806 -4.107 -4.149 -4.164 -4.187 -4.208 -4.215 -4.222 -4.231 -4.227 -4.210 -4.214 -4.012
0.00012351 -2.10000 10.06446 0.8091537356 2.4218842983    0.752  2.800  3.6752  1.167    7  0.000  0.431     0.00     0.00 -1    -1e-30      0.00 7.540e-01 2.459e-01 1.795e-05 1.085e-05 5.518e-05 -1.000 1.305e-04 -2.229 -2.640 -3.115 -3.505 -4.056 -4.275 -4.320 -4.339 -4.340 -3.940 -4.329 -3.921 -4.225 -4.268 -4.283 -4.306 -4.328 -4.335 -4.342 -4.352 -4.347 -4.327 -4.332 -4.129
0.00012351 -2.10000 10.06446 0.8091589808 2.4218859673    0.752  2.841  3.6728  1.116    7  0.000  0.425     0.00     0.00 -1    -1e-30      0.00 7.537e-01 2.461e-01 1.769e-05 1.118e-05 5.513e-05 -1.000 1.304e-04 -2.333 -2.743 -3.223 -3.618 -4.175 -4.396 -4.442 -4.462 -4.462 -4.059 -4.451 -4.038 -4.346 -4.389 -4.405 -4.427 -4.450 -4.458 -4.465 -4.474 -4.469 -4.446 -4.452 -4.248
0.00012351 -2.10000 10.06446 0.8091633916 2.4218873978    0.752  2.882  3.6704  1.066    7  0.000  0.421     0.00     0.00 -1    -1e-30      0.00 7.535e-01 2.464e-01 1.747e-05 1.147e-05 5.504e-05 -1.000 1.304e-04 -2.435 -2.843 -3.330 -3.729 -4.291 -4.515 -4.562 -4.582 -4.580 -4.174 -4.571 -4.153 -4.464 -4.508 -4.524 -4.546 -4.570 -4.578 -4.585 -4.595 -4.588 -4.562 -4.569 -4.365
0.00012351 -2.10000 10.06446 0.8091672659 2.4218888283    0.752  2.923  3.6680  1.015    7  0.000  0.417     0.00     0.00 -1    -1e-30      0.00 7.532e-01 2.466e-01 1.728e-05 1.176e-05 5.493e-05 -1.000 1.280e-04 -2.538 -2.944 -3.437 -3.841 -4.409 -4.636 -4.683 -4.704 -4.701 -4.292 -4.692 -4.269 -4.583 -4.629 -4.645 -4.666 -4.691 -4.700 -4.706 -4.717 -4.710 -4.680 -4.688 -4.484
0.00012351 -2.10000 10.06446 0.8091706634 2.4218900204    0.752  2.963  3.6656  0.965    7  0.000  0.414     0.00     0.00 -1    -1e-30      0.00 7.530e-01 2.469e-01 1.712e-05 1.204e-05 5.478e-05 -1.000 1.205e-04 -2.638 -3.041 -3.542 -3.951 -4.524 -4.753 -4.801 -4.823 -4.818 -4.406 -4.811 -4.382 -4.700 -4.746 -4.763 -4.783 -4.810 -4.819 -4.825 -4.836 -4.828 -4.794 -4.803 -4.599
0.00012351 -2.10000 10.06446 0.8091741800 2.4218912125    0.752  3.004  3.6630  0.914    7  0.000  0.413     0.00     0.00 -1    -1e-30      0.00 7.528e-01 2.471e-01 1.699e-05 1.231e-05 5.462e-05 -1.000 1.304e-04 -2.741 -3.140 -3.649 -4.063 -4.642 -4.874 -4.922 -4.945 -4.939 -4.524 -4.932 -4.498 -4.819 -4.866 -4.884 -4.902 -4.932 -4.941 -4.948 -4.959 -4.950 -4.911 -4.922 -4.718
0.00012351 -2.10000 10.06446 0.8091773987 2.4218921661    0.752  3.049  3.6603  0.858    7  0.000  0.411     0.00     0.00 -1    -1e-30      0.00 7.525e-01 2.473e-01 1.688e-05 1.257e-05 5.445e-05 -1.000 1.304e-04 -2.853 -3.249 -3.766 -4.185 -4.770 -5.006 -5.054 -5.079 -5.071 -4.652 -5.065 -4.626 -4.950 -4.998 -5.016 -5.033 -5.065 -5.074 -5.081 -5.092 -5.083 -5.039 -5.051 -4.848
0.00012351 -2.10000 10.06446 0.8091788888 2.4218928814    0.752  3.072  3.6588  0.829    7  0.000  0.411     0.00     0.00 -1    -1e-30      0.00 7.523e-01 2.476e-01 1.680e-05 1.282e-05 5.427e-05 -1.000 1.304e-04 -2.910 -3.304 -3.826 -4.249 -4.837 -5.074 -5.123 -5.148 -5.139 -4.718 -5.134 -4.691 -5.017 -5.066 -5.084 -5.100 -5.135 -5.143 -5.151 -5.162 -5.152 -5.106 -5.119 -4.915
0.00012351 -2.10000 10.06446 0.8091793060 2.4218928814    0.752  3.049  3.6603  0.858    7  0.000  0.410     0.00     0.00 -1    -1e-30      0.00 7.522e-01 2.477e-01 1.676e-05 1.295e-05 5.417e-05 -1.000 1.304e-04 -2.853 -3.248 -3.766 -4.185 -4.770 -5.006 -5.054 -5.079 -5.071 -4.652 -5.065 -4.626 -4.950 -4.998 -5.016 -5.033 -5.066 -5.074 -5.081 -5.092 -5.083 -5.039 -5.052 -4.848
0.00012351 -2.10000 10.06446 0.8091793656 2.4218928814    0.752  3.047  3.6604  0.860    7  0.000  0.410     0.00     0.00 -1    -1e-30      0.00 7.522e-01 2.477e-01 1.676e-05 1.296e-05 5.416e-05 -1.000 1.304e-04 -2.848 -3.244 -3.761 -4.180 -4.765 -5.001 -5.049 -5.073 -5.065 -4.647 -5.059 -4.620 -4.945 -4.993 -5.010 -5.028 -5.060 -5.069 -5.076 -5.087 -5.077 -5.034 -5.046 -4.842
0.00012351 -2.10000 10.06446 0.8091794848 2.4218928814    0.752  3.049  3.6602  0.858    7  0.000  0.410     0.00     0.00 -1    -1e-30      0.00 7.522e-01 2.477e-01 1.675e-05 1.297e-05 5.416e-05 -1.000 1.304e-04 -2.854 -3.249 -3.767 -4.186 -4.772 -5.007 -5.056 -5.080 -5.072 -4.653 -5.066 -4.627 -4.951 -4.999 -5.017 -5.034 -5.067 -5.075 -5.083 -5.094 -5.084 -5.041 -5.053 -4.849
0.00012351 -2.10000 10.06446 0.8091796041 2.4218931198    0.752  3.063  3.6594  0.840    7  0.000  0.410     0.00     0.00 -1    -1e-30      0.00 7.522e-01 2.477e-01 1.675e-05 1.298e-05 5.415e-05 -1.000 1.304e-04 -2.888 -3.283 -3.803 -4.225 -4.812 -5.048 -5.097 -5.122 -5.113 -4.693 -5.107 -4.666 -4.992 -5.040 -5.058 -5.075 -5.108 -5.117 -5.124 -5.135 -5.125 -5.080 -5.093 -4.889
0.00012351 -2.10000 10.06446 0.8091796637 2.4218931198    0.752  3.071  3.6589  0.830    7  0.000  0.410     0.00     0.00 -1    -1e-30      0.00 7.522e-01 2.477e-01 1.675e-05 1.299e-05 5.415e-05 -1.000 1.304e-04 -2.908 -3.302 -3.824 -4.246 -4.834 -5.071 -5.120 -5.145 -5.136 -4.716 -5.131 -4.689 -5.015 -5.063 -5.081 -5.098 -5.132 -5.140 -5.148 -5.159 -5.149 -5.103 -5.116 -4.912
0.00012351 -2.10000 10.06446 0.8091798425 2.4218931198    0.752  3.092  3.6576  0.804    7  0.000  0.410     0.00     0.00 -1    -1e-30      0.00 7.522e-01 2.477e-01 1.674e-05 1.301e-05 5.414e-05 -1.000 1.304e-04 -2.960 -3.353 -3.878 -4.304 -4.895 -5.133 -5.182 -5.208 -5.198 -4.776 -5.193 -4.748 -5.076 -5.125 -5.144 -5.159 -5.194 -5.203 -5.211 -5.222 -5.211 -5.163 -5.177 -4.973
0.00012351 -2.10000 10.06446 0.8091800213 2.4218931198    0.752  3.118  3.6559  0.772    7  0.000  0.410     0.00     0.00 -1    -1e-30      0.00 7.520e-01 2.478e-01 1.669e-05 1.317e-05 5.401e-05 -1.000 1.304e-04 -3.025 -3.415 -3.946 -4.375 -4.970 -5.210 -5.259 -5.286 -5.275 -4.850 -5.271 -4.822 -5.152 -5.202 -5.221 -5.235 -5.272 -5.281 -5.288 -5.300 -5.289 -5.237 -5.252 -5.048
0.00012351 -2.10000 10.06446 0.8091804385 2.4218933582    0.752  3.173  3.6523  0.702    7  0.000  0.409     0.00     0.00 -1    -1e-30      0.00 7.517e-01 2.482e-01 1.656e-05 1.361e-05 5.369e-05 -1.000 1.304e-04 -3.162 -3.544 -4.088 -4.525 -5.129 -5.374 -5.422 -5.452 -5.438 -5.009 -5.435 -4.979 -5.314 -5.365 -5.384 -5.396 -5.437 -5.446 -5.454 -5.466 -5.454 -5.395 -5.412 -5.209
0.00012351 -2.10000 10.06446 0.8091810346 2.4218935966    0.752  3.228  3.6485  0.632    7  0.549  0.409     0.00     0.00 -1    -1e-30      0.00 7.512e-01 2.487e-01 1.639e-05 1.421e-05 5.324e-05 -1.000 1.304e-04 -3.300 -3.672 -4.229 -4.675 -5.289 -5.539 -5.587 -5.619 -5.603 -5.168 -5.601 -5.137 -5.477 -5.530 -5.550 -5.557 -5.605 -5.613 -5.622 -5.634 -5.621 -5.554 -5.573 -5.370
0.00012351 -2.10000 10.06446 0.8091813326 2.4218935966    0.752  3.414  3.6091  0.288    8  0.549  0.390    91.76    44.14  1 -1.25e-06      0.00 7.290e-01 2.706e-01 6.375e-05 5.931e-05 2.177e-04 -1.000 3.690e-04 -3.766 -3.950 -4.660 -5.220 -5.959 -6.279 -6.314 -6.380 -6.344 -5.835 -6.344 -5.771 -6.185 -6.265 -6.296 -6.246 -6.361 -6.371 -6.382 -6.402 -6.379 -6.248 -6.279 -6.058
0.00012351 -2.10000 10.06446 0.8091813922 2.4218935966    0.751  3.289  3.6168  0.444    8  0.549  0.390    65.52    32.98  1 -7.05e-07      0.00 7.290e-01 2.706e-01 6.375e-05 5.931e-05 2.177e-04 -1.000 3.689e-04 -3.451 -3.688 -4.355 -4.888 -5.604 -5.909 -5.946 -6.004 -5.969 -5.479 -5.972 -5.422 -5.822 -5.896 -5.924 -5.886 -5.986 -5.996 -6.007 -6.024 -6.003 -5.881 -5.910 -5.699
0.00012351 -2.10000 10.06446 0.8091814518 2.4218935966    0.751  3.145  3.6299  0.640    8  0.549  0.390    42.94    22.88  1 -3.59e-07      0.00 7.290e-01 2.706e-01 6.375e-05 5.931e-05 2.177e-04 -1.000 3.690e-04 -3.092 -3.394 -4.007 -4.501 -5.175 -5.456 -5.499 -5.545 -5.516 -5.051 -5.519 -5.005 -5.380 -5.445 -5.470 -5.451 -5.529 -5.538 -5.547 -5.562 -5.544 -5.442 -5.468 -5.264
0.00012351 -2.10000 10.06446 0.8091816306 2.4218938351    0.749  2.926  3.6497  0.938    8  0.549  0.390    22.61    13.13  1 -1.23e-07      0.00 7.290e-01 2.706e-01 6.375e-05 5.931e-05 2.177e-04 -1.000 3.690e-04 -2.545 -2.916 -3.459 -3.901 -4.517 -4.769 -4.816 -4.847 -4.831 -4.397 -4.829 -4.363 -4.706 -4.759 -4.780 -4.788 -4.833 -4.841 -4.849 -4.861 -4.848 -4.785 -4.802 -4.599
0.00012351 -2.10000 10.06446 0.8091818094 2.4218938351    0.748  2.931  3.6492  0.930    8  0.549  0.390    23.01    13.31  1 -1.28e-07      0.00 7.290e-01 2.706e-01 6.375e-05 5.931e-05 2.177e-04 -1.000 3.690e-04 -2.558 -2.927 -3.471 -3.915 -4.532 -4.785 -4.832 -4.863 -4.847 -4.412 -4.845 -4.378 -4.722 -4.775 -4.796 -4.803 -4.849 -4.857 -4.866 -4.878 -4.864 -4.801 -4.818 -4.614
0.00012351 -2.10000 10.06446 0.8091820478 2.4218938351    0.745  3.003  3.6426  0.829    8  0.550  0.390    28.57    16.02  1 -1.85e-07      0.00 7.290e-01 2.706e-01 6.375e-05 5.931e-05 2.177e-04 -1.000 3.690e-04 -2.738 -3.088 -3.655 -4.115 -4.751 -5.012 -5.059 -5.094 -5.073 -4.629 -5.074 -4.592 -4.945 -5.002 -5.024 -5.023 -5.079 -5.088 -5.097 -5.110 -5.095 -5.018 -5.038 -4.835
0.00012351 -2.10000 10.06446 0.8091824055 2.4218940735    0.742  3.158  3.6284  0.616    8  0.550  0.390    45.27    23.80  1 -3.96e-07      0.00 7.290e-01 2.706e-01 6.375e-05 5.931e-05 2.177e-04 -1.000 3.690e-04 -3.125 -3.422 -4.041 -4.539 -5.216 -5.500 -5.542 -5.590 -5.560 -5.092 -5.563 -5.046 -5.424 -5.488 -5.514 -5.493 -5.573 -5.582 -5.592 -5.608 -5.589 -5.484 -5.510 -5.307
0.00012351 -2.10000 10.06446 0.8091827631 2.4218940735    0.739  3.298  3.6156  0.423    8  0.550  0.390    68.76    34.06  1 -7.77e-07      0.00 7.290e-01 2.706e-01 6.375e-05 5.931e-05 2.177e-04 -1.000 3.690e-04 -3.476 -3.705 -4.378 -4.915 -5.635 -5.942 -5.979 -6.038 -6.003 -5.510 -6.005 -5.452 -5.854 -5.929 -5.957 -5.917 -6.020 -6.030 -6.040 -6.058 -6.037 -5.913 -5.943 -5.730
0.00012351 -2.10000 10.06446 0.8091831803 2.4218943119    0.735  3.392  3.6069  0.292    8  0.551  0.390    91.20    43.35  1 -1.22e-06      0.00 7.290e-01 2.706e-01 6.375e-05 5.931e-05 2.177e-04 -1.000 3.690e-04 -3.711 -3.881 -4.599 -5.165 -5.912 -6.238 -6.272 -6.339 -6.303 -5.789 -6.302 -5.722 -6.142 -6.223 -6.255 -6.202 -6.319 -6.330 -6.341 -6.361 -6.339 -6.206 -6.237 -6.012
0.00012351 -2.10000 10.06446 0.8091836572 2.4218943119    0.731  3.444  3.6021  0.218    8  0.551  0.390   106.98    49.58  1 -1.57e-06      0.00 7.290e-01 2.706e-01 6.375e-05 5.931e-05 2.177e-04 -1.000 3.690e-04 -3.840 -3.975 -4.718 -5.301 -6.065 -6.401 -6.433 -6.505 -6.469 -5.942 -6.466 -5.869 -6.300 -6.386 -6.419 -6.360 -6.484 -6.497 -6.508 -6.529 -6.506 -6.369 -6.400 -6.168
0.00012351 -2.10000 10.06446 0.8091841936 2.4218945503    0.727  3.470  3.5996  0.179    8  0.552  0.390   116.52    53.17  1  -1.8e-06      0.00 7.290e-01 2.706e-01 6.375e-05 5.931e-05 2.177e-04 -1.000 3.690e-04 -3.906 -4.022 -4.779 -5.371 -6.143 -6.485 -6.516 -6.590 -6.555 -6.020 -6.550 -5.944 -6.381 -6.469 -6.503 -6.441 -6.569 -6.582 -6.594 -6.615 -6.592 -6.453 -6.484 -6.247
0.00012351 -2.10000 10.06446 0.8091847897 2.4218947887    0.722  3.487  3.5984  0.155    8  0.552  0.390   123.00    55.45  0 -1.99e-06      0.00 7.290e-01 2.706e-01 6.375e-05 5.931e-05 2.177e-04 -1.000 3.690e-04 -3.948 -4.054 -4.819 -5.415 -6.190 -6.535 -6.566 -6.642 -6.607 -6.068 -6.601 -5.991 -6.430 -6.520 -6.554 -6.490 -6.620 -6.633 -6.646 -6.667 -6.644 -6.504 -6.535 -6.295
0.00012351 -2.10000 10.06446 0.8091870546 2.4218955040    0.554 -9.999  4.0000  1.705    9  0.554  0.000     0.00     0.00 -1    -1e-30      0.00 7.290e-01 2.706e-01 6.375e-05 5.931e-05 2.177e-04 -1.000 3.690e-04 29.767 30.071 30.057 30.104 30.108 30.110 30.109 30.115 30.110 30.105 30.111 30.115 30.095 30.103 30.115 30.115 30.111 30.115 30.115 30.110 30.110 30.108 30.112 30.105
#isochrone terminated
