# File generated by CMD 3.3 (http://stev.oapd.inaf.it/cmd) on Mon Apr  6 22:30:42 CEST 2020
# isochrones based on PARSEC release v1.2S +  COLIBRI S_35
# Basic references: Bressan et al. (2012), MNRAS, 427, 127 + Chen et al. (2014, 2015), MNRAS, 444, 2525 + MNRAS, 452, 1068 + Tang et al. (2014), MNRAS, 445, 4287 + Marigo et al. (2017), ApJ, 835, 77 + Pastorelli al. (2019), MNRAS in press
# Thermal pulse cycles included 
# On RGB, assumed Reimers mass loss with efficiency eta=0.2
# Photometric system: <i>UBVRIJHK</i> (cf. Maiz-Apellaniz 2006 + Bessell 1990)
# Using YBC version of bolometric corrections as in Chen et al. (2019)
# O-rich circumstellar dpmod60alox40 dust from Groenewegen (2006)
# C-rich circumstellar AMCSIC15 dust from Groenewegen (2006)
# IMF: Kroupa (2001, 2002) + Kroupa et al. (2013) canonical two-part-power law IMF corrected for unresolved binaries 
# Kind of output: isochrone tables
# Zini     MH   logAge Mini        int_IMF         Mass   logL    logTe  logg  label   McoreTP C_O  period0 period1 pmode  Mloss  tau1m   X   Y   Xc  Xn  Xo  Cexcess  Z 	 mbolmag  Umag    Bmag    Vmag    Rmag    Imag    Jmag    Hmag    Kmag
0.00012351 -2.10000 10.06446 0.0969537646 1.1451442242    0.097 -2.909  3.5371  5.433    1  0.000  0.545     0.00     0.00 -1 -9.57e-17      0.00 7.465e-01 2.534e-01 2.346e-05 6.329e-06 5.740e-05 -1.000 1.305e-04 12.042 16.981 15.197 13.464 12.286 11.275 10.232 9.886 9.785
0.00012351 -2.10000 10.06446 0.1044971794 1.2076112032    0.104 -2.739  3.5586  5.381    1  0.000  0.545     0.00     0.00 -1 -1.45e-16      0.00 7.449e-01 2.550e-01 2.346e-05 6.329e-06 5.740e-05 -1.000 1.304e-04 11.617 15.798 14.363 12.808 11.737 10.873 9.885 9.462 9.339
0.00012351 -2.10000 10.06446 0.1068295985 1.2257492542    0.106 -2.689  3.5649  5.365    1  0.000  0.545     0.00     0.00 -1 -1.64e-16      0.00 7.444e-01 2.555e-01 2.346e-05 6.329e-06 5.740e-05 -1.000 1.304e-04 11.492 15.467 14.123 12.622 11.581 10.752 9.783 9.341 9.213
0.00012351 -2.10000 10.06446 0.1143080741 1.2806019783    0.114 -2.586  3.5749  5.332    1  0.000  0.545     0.00     0.00 -1 -2.09e-16      0.00 7.432e-01 2.567e-01 2.346e-05 6.329e-06 5.740e-05 -1.000 1.304e-04 11.235 14.903 13.693 12.273 11.282 10.502 9.561 9.092 8.957
0.00012351 -2.10000 10.06446 0.1265812516 1.3612058163    0.126 -2.431  3.5900  5.282    1  0.000  0.545     0.00     0.00 -1    -3e-16      0.00 7.414e-01 2.585e-01 2.346e-05 6.329e-06 5.740e-05 -1.000 1.304e-04 10.847 14.090 13.065 11.759 10.844 10.121 9.224 8.723 8.576
0.00012351 -2.10000 10.06446 0.1309445798 1.3874486685    0.131 -2.391  3.5929  5.268    1  0.000  0.545     0.00     0.00 -1 -3.28e-16      0.00 7.409e-01 2.589e-01 2.346e-05 6.329e-06 5.740e-05 -1.000 1.304e-04 10.748 13.918 12.924 11.638 10.737 10.022 9.135 8.630 8.479
0.00012351 -2.10000 10.06446 0.1463329047 1.4716402292    0.146 -2.262  3.6023  5.225    1  0.000  0.545     0.00     0.00 -1  -4.4e-16      0.00 7.395e-01 2.604e-01 2.346e-05 6.329e-06 5.740e-05 -1.000 1.304e-04 10.424 13.360 12.466 11.241 10.387 9.700 8.841 8.324 8.165
0.00012351 -2.10000 10.06446 0.1660845429 1.5642192364    0.166 -2.130  3.6103  5.180    1  0.000  0.545     0.00     0.00 -1 -5.89e-16      0.00 7.385e-01 2.614e-01 2.346e-05 6.329e-06 5.740e-05 -1.000 1.304e-04 10.094 12.843 12.029 10.854 10.037 9.371 8.536 8.013 7.849
0.00012351 -2.10000 10.06446 0.2055878639 1.7124989033    0.205 -1.921  3.6216  5.109    1  0.000  0.545     0.00     0.00 -1 -9.28e-16      0.00 7.379e-01 2.619e-01 2.346e-05 6.329e-06 5.740e-05 -1.000 1.304e-04 9.572 12.075 11.366 10.253 9.486 8.849 8.048 7.522 7.356
0.00012351 -2.10000 10.06446 0.2549670041 1.8527730703    0.255 -1.729  3.6320  5.052    1  0.000  0.545     0.00     0.00 -1 -1.39e-15      0.00 7.382e-01 2.617e-01 2.346e-05 6.330e-06 5.740e-05 -1.000 1.304e-04 9.091 11.382 10.765 9.703 8.980 8.368 7.597 7.075 6.911
0.00012351 -2.10000 10.06446 0.3043461442 1.9615367651    0.304 -1.580  3.6406  5.015    1  0.000  0.545     0.00     0.00 -1 -1.86e-15      0.00 7.382e-01 2.617e-01 2.345e-05 6.330e-06 5.740e-05 -1.000 1.304e-04 8.720 10.843 10.299 9.278 8.587 7.996 7.250 6.736 6.576
0.00012351 -2.10000 10.06446 0.3537252545 2.0494811535    0.354 -1.456  3.6486  4.989    1  0.000  0.544     0.00     0.00 -1 -2.37e-15      0.00 7.388e-01 2.610e-01 2.344e-05 6.331e-06 5.740e-05 -1.000 1.304e-04 8.410 10.386 9.908 8.921 8.259 7.685 6.963 6.458 6.304
0.00012351 -2.10000 10.06446 0.3719364107 2.0779728889    0.372 -1.409  3.6519  4.977    1  0.000  0.545     0.00     0.00 -1 -2.61e-15      0.00 7.432e-01 2.566e-01 2.344e-05 6.330e-06 5.740e-05 -1.000 1.304e-04 8.292 10.208 9.758 8.785 8.134 7.567 6.855 6.353 6.202
0.00012351 -2.10000 10.06446 0.4031043947 2.1227581501    0.403 -1.334  3.6572  4.957    1  0.000  0.545     0.00     0.00 -1 -3.05e-15      0.00 7.501e-01 2.497e-01 2.346e-05 6.329e-06 5.740e-05 -1.000 1.304e-04 8.104 9.925 9.519 8.568 7.935 7.380 6.682 6.187 6.041
0.00012351 -2.10000 10.06446 0.4524835348 2.1852064133    0.452 -1.185  3.6711  4.914    1  0.000  0.545     0.00     0.00 -1 -4.26e-15      0.00 7.507e-01 2.492e-01 2.346e-05 6.329e-06 5.740e-05 -1.000 1.304e-04 7.732 9.309 9.019 8.126 7.537 7.012 6.354 5.877 5.743
0.00012351 -2.10000 10.06446 0.5018626451 2.2393662930    0.502 -1.018  3.6868  4.856    1  0.000  0.545     0.00     0.00 -1 -6.35e-15      0.00 7.520e-01 2.479e-01 2.338e-05 6.307e-06 5.720e-05 -1.000 1.304e-04 7.316 8.637 8.471 7.644 7.100 6.606 5.991 5.537 5.418
0.00012351 -2.10000 10.06446 0.5512418151 2.2846839428    0.551 -0.818  3.7063  4.774    1  0.000  0.544     0.00     0.00 -1 -1.05e-14      0.00 7.838e-01 2.161e-01 2.054e-05 5.546e-06 5.033e-05 -1.000 1.000e-04 6.815 7.850 7.823 7.077 6.583 6.126 5.563 5.139 5.037
0.00012351 -2.10000 10.06446 0.6006208658 2.3215417862    0.600 -0.613  3.7308  4.705    1  0.000  0.544     0.00     0.00 -1 -1.75e-14      0.00 7.962e-01 2.037e-01 1.950e-05 5.268e-06 4.782e-05 -1.000 1.122e-04 6.304 7.042 7.154 6.505 6.067 5.654 5.153 4.766 4.684
0.00012351 -2.10000 10.06446 0.6007555723 2.3216328621    0.600 -0.613  3.7309  4.705    1  0.000  0.544     0.00     0.00 -1 -1.75e-14      0.00 7.962e-01 2.037e-01 1.949e-05 5.267e-06 4.781e-05 -1.000 1.120e-04 6.302 7.040 7.152 6.503 6.065 5.652 5.152 4.765 4.683
0.00012351 -2.10000 10.06446 0.6133084893 2.3299169540    0.613 -0.558  3.7382  4.688    1  0.000  0.544     0.00     0.00 -1 -2.01e-14      0.00 8.002e-01 1.997e-01 1.917e-05 5.179e-06 4.702e-05 -1.000 6.823e-05 6.164 6.829 6.974 6.352 5.929 5.529 5.045 4.670 4.593
0.00012351 -2.10000 10.06446 0.6245158911 2.3369903564    0.624 -0.508  3.7448  4.673    1  0.000  0.543     0.00     0.00 -1 -2.27e-14      0.00 8.039e-01 1.960e-01 1.886e-05 5.096e-06 4.627e-05 -1.000 1.236e-04 6.040 6.644 6.816 6.218 5.809 5.420 4.951 4.584 4.513
0.00012351 -2.10000 10.06446 0.6345026493 2.3430519104    0.634 -0.464  3.7506  4.658    1  0.000  0.543     0.00     0.00 -1 -2.54e-14      0.00 8.074e-01 1.925e-01 1.856e-05 5.018e-06 4.557e-05 -1.000 8.976e-05 5.929 6.482 6.676 6.099 5.702 5.323 4.867 4.507 4.441
0.00012351 -2.10000 10.06446 0.6441984773 2.3487305641    0.644 -0.420  3.7561  4.643    1  0.000  0.543     0.00     0.00 -1 -1.37e-14      0.00 8.110e-01 1.889e-01 1.827e-05 4.939e-06 4.487e-05 -1.000 6.376e-05 5.820 6.327 6.540 5.984 5.598 5.229 4.785 4.431 4.371
0.00012351 -2.10000 10.06446 0.6499999762 2.3520355225    0.650 -0.394  3.7594  4.634    1  0.000  0.543     0.00     0.00 -1 -3.03e-14      0.00 8.132e-01 1.867e-01 1.809e-05 4.889e-06 4.442e-05 -1.000 1.206e-04 5.754 6.234 6.459 5.914 5.535 5.172 4.735 4.385 4.328
0.00012351 -2.10000 10.06446 0.6545938253 2.3546044827    0.654 -0.373  3.7619  4.626    1  0.000  0.543     0.00     0.00 -1 -3.19e-14      0.00 8.154e-01 1.845e-01 1.791e-05 4.841e-06 4.399e-05 -1.000 1.260e-04 5.702 6.164 6.395 5.860 5.486 5.126 4.695 4.348 4.293
0.00012351 -2.10000 10.06446 0.6651082039 2.3603315353    0.665 -0.324  3.7675  4.607    1  0.000  0.542     0.00     0.00 -1 -3.63e-14      0.00 8.206e-01 1.792e-01 1.747e-05 4.726e-06 4.296e-05 -1.000 1.303e-04 5.580 6.004 6.250 5.733 5.371 5.021 4.601 4.261 4.211
0.00012351 -2.10000 10.06446 0.6754297018 2.3657543659    0.675 -0.275  3.7730  4.586    1  0.000  0.542     0.00     0.00 -1 -4.12e-14      0.00 8.262e-01 1.737e-01 1.701e-05 4.605e-06 4.187e-05 -1.000 1.257e-04 5.458 5.848 6.107 5.608 5.256 4.914 4.505 4.172 4.126
0.00012351 -2.10000 10.06446 0.6852478981 2.3707389832    0.685 -0.228  3.7781  4.566    1  0.000  0.541     0.00     0.00 -1 -4.21e-14      0.00 8.317e-01 1.682e-01 1.655e-05 4.482e-06 4.076e-05 -1.000 1.199e-04 5.339 5.700 5.968 5.487 5.144 4.811 4.412 4.084 4.043
0.00012351 -2.10000 10.06446 0.6946208477 2.3753464222    0.694 -0.181  3.7829  4.544    1  0.000  0.541     0.00     0.00 -1 -4.09e-14      0.00 8.374e-01 1.625e-01 1.609e-05 4.357e-06 3.964e-05 -1.000 1.044e-04 5.223 5.559 5.834 5.368 5.034 4.709 4.320 3.999 3.961
0.00012351 -2.10000 10.06446 0.6999999881 2.3779268265    0.700 -0.153  3.7856  4.531    1  0.000  0.541     0.00     0.00 -1  -5.7e-14      0.00 8.409e-01 1.591e-01 1.580e-05 4.282e-06 3.897e-05 -1.000 8.383e-05 5.153 5.477 5.754 5.298 4.969 4.649 4.265 3.948 3.913
0.00012351 -2.10000 10.06446 0.7060420513 2.3807711601    0.706 -0.122  3.7885  4.515    1  0.000  0.539     0.00     0.00 -1 -6.22e-14      0.00 8.443e-01 1.556e-01 1.551e-05 4.212e-06 3.835e-05 -1.000 6.469e-05 5.075 5.385 5.664 5.217 4.894 4.579 4.201 3.888 3.855
0.00012351 -2.10000 10.06446 0.7158008218 2.3852491379    0.715 -0.068  3.7932  4.486    1  0.000  0.537     0.00     0.00 -1 -7.22e-14      0.00 8.496e-01 1.504e-01 1.509e-05 4.109e-06 3.745e-05 -1.000 6.077e-05 4.941 5.233 5.513 5.081 4.767 4.460 4.092 3.786 3.756
0.00012351 -2.10000 10.06446 0.7243638635 2.3890640736    0.724 -0.019  3.7972  4.458    1  0.000  0.535     0.00     0.00 -1 -8.31e-14      0.00 8.537e-01 1.463e-01 1.477e-05 4.033e-06 3.679e-05 -1.000 8.088e-05 4.818 5.096 5.374 4.955 4.649 4.348 3.989 3.690 3.663
0.00012351 -2.10000 10.06446 0.7328166366 2.3927295208    0.732  0.032  3.8011  4.427    1  0.000  0.533     0.00     0.00 -1 -9.63e-14      0.00 8.572e-01 1.427e-01 1.450e-05 3.972e-06 3.626e-05 -1.000 4.879e-05 4.689 4.955 5.231 4.823 4.525 4.231 3.880 3.588 3.564
0.00012351 -2.10000 10.06446 0.7400748134 2.3958003521    0.740  0.079  3.8044  4.397    1  0.000  0.532     0.00     0.00 -1  -1.1e-13      0.00 8.600e-01 1.400e-01 1.431e-05 3.927e-06 3.588e-05 -1.000 6.919e-05 4.572 4.831 5.101 4.704 4.412 4.123 3.780 3.494 3.471
0.00012351 -2.10000 10.06446 0.7471050620 2.3987092972    0.747  0.128  3.8074  4.365    1  0.000  0.530     0.00     0.00 -1 -1.19e-13      0.00 8.623e-01 1.375e-01 1.414e-05 3.890e-06 3.557e-05 -1.000 1.149e-04 4.451 4.703 4.968 4.580 4.294 4.011 3.674 3.394 3.373
0.00012351 -2.10000 10.06446 0.7500000000 2.3998889923    0.749  0.148  3.8086  4.351    1  0.000  0.529     0.00     0.00 -1 -1.35e-13      0.00 8.633e-01 1.366e-01 1.408e-05 3.876e-06 3.545e-05 -1.000 1.222e-04 4.400 4.649 4.911 4.527 4.244 3.963 3.629 3.351 3.331
0.00012351 -2.10000 10.06446 0.7585538030 2.4033141136    0.758  0.214  3.8126  4.306    1  0.000  0.529     0.00     0.00 -1 -1.65e-13      0.00 8.637e-01 1.362e-01 1.413e-05 3.891e-06 3.559e-05 -1.000 1.251e-04 4.236 4.479 4.731 4.359 4.083 3.810 3.485 3.215 3.197
0.00012351 -2.10000 10.06446 0.7667280436 2.4065053463    0.766  0.284  3.8160  4.254    1  0.000  0.529     0.00     0.00 -1 -2.04e-13      0.00 8.640e-01 1.359e-01 1.417e-05 3.906e-06 3.574e-05 -1.000 3.465e-05 4.060 4.299 4.541 4.178 3.909 3.642 3.326 3.063 3.046
0.00012351 -2.10000 10.06446 0.7721519470 2.4085800648    0.771  0.335  3.8180  4.214    1  0.000  0.528     0.00     0.00 -1  -2.4e-13      0.00 8.641e-01 1.358e-01 1.421e-05 3.918e-06 3.586e-05 -1.000 9.027e-05 3.933 4.171 4.405 4.048 3.783 3.519 3.208 2.950 2.934
0.00012351 -2.10000 10.06446 0.7772942781 2.4105162621    0.776  0.386  3.8194  4.172    1  0.000  0.528     0.00     0.00 -1 -2.82e-13      0.00 8.631e-01 1.368e-01 1.433e-05 3.951e-06 3.617e-05 -1.000 9.993e-05 3.806 4.043 4.270 3.917 3.656 3.395 3.087 2.833 2.817
0.00012351 -2.10000 10.06446 0.7814983130 2.4120774269    0.780  0.430  3.8200  4.132    1  0.000  0.528     0.00     0.00 -1 -3.28e-13      0.00 8.619e-01 1.380e-01 1.446e-05 3.987e-06 3.649e-05 -1.000 9.999e-05 3.694 3.933 4.153 3.803 3.544 3.284 2.978 2.725 2.709
0.00012351 -2.10000 10.06446 0.7830467224 2.4126477242    0.782  0.449  3.8196  4.112    1  0.000  0.528     0.00     0.00 -1  -3.5e-13      0.00 8.615e-01 1.384e-01 1.451e-05 4.000e-06 3.661e-05 -1.000 9.997e-05 3.647 3.888 4.106 3.756 3.496 3.236 2.928 2.676 2.659
0.00012351 -2.10000 10.06446 0.7872534990 2.4141836166    0.786  0.504  3.8176  4.052    1  0.000  0.528     0.00     0.00 -1 -4.22e-13      0.00 8.603e-01 1.396e-01 1.463e-05 4.035e-06 3.693e-05 -1.000 1.000e-04 3.511 3.758 3.972 3.619 3.356 3.094 2.782 2.526 2.509
0.00012351 -2.10000 10.06446 0.7901967764 2.4152472019    0.789  0.547  3.8148  3.999    1  0.000  0.528     0.00     0.00 -1 -4.94e-13      0.00 8.594e-01 1.405e-01 1.472e-05 4.059e-06 3.716e-05 -1.000 9.994e-05 3.403 3.659 3.871 3.512 3.245 2.979 2.660 2.399 2.381
0.00012351 -2.10000 10.06446 0.7908244133 2.4154727459    0.789  0.556  3.8140  3.987    1  0.000  0.528     0.00     0.00 -1 -5.13e-13      0.00 8.593e-01 1.406e-01 1.474e-05 4.064e-06 3.720e-05 -1.000 1.000e-04 3.379 3.637 3.849 3.488 3.220 2.952 2.632 2.369 2.351
0.00012351 -2.10000 10.06446 0.7914298177 2.4156899452    0.790  0.567  3.8127  3.971    1  0.000  0.528     0.00     0.00 -1 -5.36e-13      0.00 8.591e-01 1.408e-01 1.476e-05 4.069e-06 3.725e-05 -1.000 9.999e-05 3.352 3.613 3.825 3.462 3.191 2.922 2.598 2.332 2.314
0.00012351 -2.10000 10.06446 0.7934667468 2.4164180756    0.792  0.607  3.8069  3.910    2  0.000  0.528     0.00     0.00 -1 -6.28e-13      0.00 8.585e-01 1.414e-01 1.482e-05 4.086e-06 3.740e-05 -1.000 9.996e-05 3.253 3.530 3.744 3.367 3.086 2.807 2.470 2.194 2.173
0.00012351 -2.10000 10.06446 0.7950262427 2.4169726372    0.793  0.642  3.7999  3.847    2  0.000  0.528     0.00     0.00 -1 -7.32e-13      0.00 8.581e-01 1.418e-01 1.487e-05 4.099e-06 3.752e-05 -1.000 9.996e-05 3.165 3.462 3.679 3.284 2.991 2.700 2.347 2.057 2.032
0.00012351 -2.10000 10.06446 0.7962481976 2.4174053669    0.795  0.674  3.7916  3.782    2  0.000  0.528     0.00     0.00 -1 -8.48e-13      0.00 8.577e-01 1.422e-01 1.491e-05 4.110e-06 3.763e-05 -1.000 9.954e-05 3.085 3.411 3.629 3.211 2.903 2.599 2.226 1.920 1.891
0.00012351 -2.10000 10.06446 0.7972338200 2.4177532196    0.796  0.703  3.7824  3.717    2  0.000  0.528     0.00     0.00 -1 -9.78e-13      0.00 8.556e-01 1.443e-01 1.509e-05 4.161e-06 3.809e-05 -1.000 7.008e-05 3.011 3.372 3.590 3.147 2.822 2.502 2.108 1.785 1.751
0.00012351 -2.10000 10.06446 0.7980608940 2.4180445671    0.796  0.731  3.7733  3.653    2  0.000  0.530     0.00     0.00 -1 -1.12e-12      0.00 8.407e-01 1.592e-01 1.625e-05 4.474e-06 4.089e-05 -1.000 4.563e-05 2.943 3.345 3.557 3.087 2.745 2.411 1.997 1.658 1.618
0.00012351 -2.10000 10.06446 0.7987906933 2.4183008671    0.797  0.759  3.7651  3.593    2  0.000  0.533     0.00     0.00 -1 -1.28e-12      0.00 8.125e-01 1.874e-01 1.841e-05 5.052e-06 4.606e-05 -1.000 8.072e-05 2.872 3.315 3.521 3.025 2.669 2.322 1.888 1.535 1.489
0.00012351 -2.10000 10.06446 0.7994382977 2.4185278416    0.798  0.790  3.7579  3.533    2  0.000  0.535     0.00     0.00 -1 -1.47e-12      0.00 7.924e-01 2.075e-01 1.992e-05 5.455e-06 4.967e-05 -1.000 1.026e-04 2.794 3.278 3.475 2.957 2.587 2.228 1.778 1.412 1.361
0.00012351 -2.10000 10.06446 0.8000000715 2.4187245369    0.798  0.824  3.7522  3.477    2  0.000  0.536     0.00     0.00 -1  -1.7e-12      0.00 7.814e-01 2.185e-01 2.075e-05 5.677e-06 5.164e-05 -1.000 1.244e-04 2.710 3.231 3.418 2.881 2.500 2.131 1.668 1.292 1.238
0.00012351 -2.10000 10.06446 0.8004357815 2.4188768864    0.799  0.856  3.7484  3.430    2  0.000  0.536     0.00     0.00 -1 -1.93e-12      0.00 7.761e-01 2.238e-01 2.115e-05 5.785e-06 5.261e-05 -1.000 1.304e-04 2.631 3.177 3.356 2.807 2.419 2.044 1.571 1.189 1.131
0.00012351 -2.10000 10.06446 0.8009360433 2.4190514088    0.799  0.899  3.7447  3.373    2  0.000  0.536     0.00     0.00 -1 -2.27e-12      0.00 7.720e-01 2.278e-01 2.146e-05 5.866e-06 5.333e-05 -1.000 1.304e-04 2.524 3.097 3.267 2.705 2.310 1.929 1.447 1.059 0.999
0.00012351 -2.10000 10.06446 0.8010118604 2.4190778732    0.799  0.906  3.7443  3.364    2  0.000  0.536     0.00     0.00 -1 -2.33e-12      0.00 7.716e-01 2.283e-01 2.149e-05 5.875e-06 5.341e-05 -1.000 1.148e-04 2.505 3.082 3.250 2.687 2.292 1.910 1.427 1.038 0.977
0.00012351 -2.10000 10.06446 0.8014286160 2.4192230701    0.799  0.947  3.7421  3.314    3  0.000  0.537     0.00     0.00 -1 -2.71e-12      0.00 7.692e-01 2.306e-01 2.166e-05 5.919e-06 5.381e-05 -1.000 1.238e-04 2.402 2.995 3.158 2.588 2.188 1.803 1.314 0.921 0.858
0.00012351 -2.10000 10.06446 0.8018890619 2.4193835258    0.800  0.996  3.7397  3.256    3  0.000  0.537     0.00     0.00 -1 -3.24e-12      0.00 7.670e-01 2.329e-01 2.179e-05 5.957e-06 5.415e-05 -1.000 6.644e-05 2.280 2.890 3.047 2.470 2.066 1.676 1.181 0.783 0.719
0.00012351 -2.10000 10.06446 0.8022777438 2.4195184708    0.800  1.040  3.7380  3.205    3  0.000  0.537     0.00     0.00 -1  -3.8e-12      0.00 7.652e-01 2.347e-01 2.190e-05 5.984e-06 5.439e-05 -1.000 1.258e-04 2.170 2.795 2.946 2.364 1.957 1.564 1.064 0.662 0.597
0.00012351 -2.10000 10.06446 0.8026520610 2.4196484089    0.800  1.085  3.7365  3.155    3  0.000  0.537     0.00     0.00 -1 -4.47e-12      0.00 7.637e-01 2.362e-01 2.198e-05 6.006e-06 5.458e-05 -1.000 1.305e-04 2.059 2.697 2.842 2.255 1.845 1.450 0.946 0.540 0.474
0.00012351 -2.10000 10.06446 0.8030005693 2.4197695255    0.801  1.129  3.7349  3.104    3  0.000  0.537     0.00     0.00 -1 -5.25e-12      0.00 7.622e-01 2.376e-01 2.204e-05 6.024e-06 5.474e-05 -1.000 1.305e-04 1.948 2.599 2.739 2.147 1.735 1.337 0.828 0.418 0.352
0.00012351 -2.10000 10.06446 0.8033289909 2.4198832512    0.801  1.174  3.7335  3.054    3  0.000  0.537     0.00     0.00 -1 -6.16e-12      0.00 7.610e-01 2.389e-01 2.209e-05 6.039e-06 5.487e-05 -1.000 1.303e-04 1.836 2.499 2.634 2.038 1.624 1.224 0.710 0.297 0.230
0.00012351 -2.10000 10.06446 0.8036575913 2.4199969769    0.801  1.222  3.7320  3.000    3  0.000  0.537     0.00     0.00 -1 -7.32e-12      0.00 7.597e-01 2.402e-01 2.213e-05 6.053e-06 5.499e-05 -1.000 7.936e-05 1.716 2.391 2.521 1.921 1.504 1.101 0.583 0.166 0.099
0.00012351 -2.10000 10.06446 0.8039416075 2.4200952053    0.801  1.267  3.7306  2.949    3  0.000  0.536     0.00     0.00 -1 -8.61e-12      0.00 7.586e-01 2.413e-01 2.215e-05 6.066e-06 5.508e-05 -1.000 1.106e-04 1.603 2.290 2.415 1.811 1.391 0.987 0.465 0.044 -0.024
0.00012351 -2.10000 10.06446 0.8042210340 2.4201917648    0.801  1.315  3.7291  2.895    3  0.000  0.536     0.00     0.00 -1 -1.02e-11      0.00 7.576e-01 2.423e-01 2.216e-05 6.081e-06 5.516e-05 -1.000 1.304e-04 1.483 2.184 2.302 1.693 1.271 0.865 0.338 -0.086 -0.155
0.00012351 -2.10000 10.06446 0.8044745922 2.4202795029    0.802  1.362  3.7277  2.843    3  0.000  0.535     0.00     0.00 -1 -1.21e-11      0.00 7.567e-01 2.432e-01 2.216e-05 6.099e-06 5.522e-05 -1.000 1.304e-04 1.365 2.079 2.191 1.578 1.153 0.744 0.214 -0.213 -0.283
0.00012351 -2.10000 10.06446 0.8047040105 2.4203586578    0.802  1.409  3.7262  2.790    3  0.000  0.534     0.00     0.00 -1 -1.43e-11      0.00 7.559e-01 2.440e-01 2.214e-05 6.120e-06 5.527e-05 -1.000 1.303e-04 1.248 1.977 2.082 1.465 1.038 0.626 0.092 -0.339 -0.409
0.00012351 -2.10000 10.06446 0.8049132228 2.4204306602    0.802  1.455  3.7247  2.738    3  0.000  0.533     0.00     0.00 -1 -1.69e-11      0.00 7.552e-01 2.447e-01 2.211e-05 6.146e-06 5.531e-05 -1.000 1.304e-04 1.133 1.875 1.975 1.352 0.923 0.509 -0.030 -0.464 -0.535
0.00012351 -2.10000 10.06446 0.8051108122 2.4204988480    0.802  1.503  3.7232  2.684    3  0.000  0.532     0.00     0.00 -1 -2.01e-11      0.00 7.547e-01 2.452e-01 2.208e-05 6.175e-06 5.534e-05 -1.000 1.304e-04 1.013 1.770 1.863 1.236 0.804 0.387 -0.156 -0.593 -0.665
0.00012351 -2.10000 10.06446 0.8052874207 2.4205596447    0.802  1.549  3.7217  2.631    3  0.000  0.531     0.00     0.00 -1 -2.38e-11      0.00 7.542e-01 2.457e-01 2.204e-05 6.205e-06 5.537e-05 -1.000 1.305e-04 0.897 1.666 1.754 1.123 0.688 0.269 -0.279 -0.720 -0.792
0.00012351 -2.10000 10.06446 0.8054457307 2.4206142426    0.802  1.595  3.7201  2.579    3  0.000  0.530     0.00     0.00 -1 -2.81e-11      0.00 7.539e-01 2.460e-01 2.201e-05 6.231e-06 5.539e-05 -1.000 1.304e-04 0.783 1.566 1.648 1.012 0.574 0.153 -0.399 -0.844 -0.917
0.00012351 -2.10000 10.06446 0.8055940866 2.4206652641    0.802  1.642  3.7185  2.526    3  0.000  0.530     0.00     0.00 -1 -3.32e-11      0.00 7.537e-01 2.462e-01 2.199e-05 6.252e-06 5.539e-05 -1.000 1.304e-04 0.666 1.465 1.541 0.899 0.459 0.034 -0.522 -0.971 -1.044
0.00012351 -2.10000 10.06446 0.8057258725 2.4207105637    0.801  1.687  3.7170  2.475    3  0.000  0.529     0.00     0.00 -1 -3.91e-11      0.00 7.535e-01 2.463e-01 2.197e-05 6.265e-06 5.540e-05 -1.000 1.305e-04 0.553 1.368 1.437 0.789 0.346 -0.080 -0.642 -1.094 -1.168
0.00012351 -2.10000 10.06446 0.8058488965 2.4207530022    0.801  1.733  3.7154  2.422    3  0.000  0.529     0.00     0.00 -1 -4.62e-11      0.00 7.535e-01 2.464e-01 2.197e-05 6.272e-06 5.541e-05 -1.000 1.304e-04 0.438 1.274 1.332 0.678 0.232 -0.198 -0.764 -1.220 -1.295
0.00012351 -2.10000 10.06446 0.8059633374 2.4207923412    0.801  1.780  3.7137  2.369    3  0.000  0.529     0.00     0.00 -1 -5.47e-11      0.00 7.534e-01 2.464e-01 2.196e-05 6.275e-06 5.541e-05 -1.000 1.304e-04 0.321 1.177 1.226 0.565 0.115 -0.317 -0.888 -1.348 -1.424
0.00012351 -2.10000 10.06446 0.8060682416 2.4208283424    0.801  1.826  3.7121  2.316    3  0.000  0.529     0.00     0.00 -1 -6.48e-11      0.00 7.534e-01 2.464e-01 2.196e-05 6.276e-06 5.541e-05 -1.000 1.305e-04 0.204 1.081 1.120 0.452 -0.001 -0.436 -1.012 -1.476 -1.553
0.00012351 -2.10000 10.06446 0.8061636686 2.4208612442    0.801  1.872  3.7103  2.262    3  0.000  0.529     0.00     0.00 -1 -7.66e-11      0.00 7.534e-01 2.464e-01 2.196e-05 6.277e-06 5.541e-05 -1.000 1.305e-04 0.089 0.986 1.016 0.341 -0.116 -0.554 -1.135 -1.603 -1.681
0.00012351 -2.10000 10.06446 0.8062528968 2.4208917618    0.800  1.919  3.7086  2.208    3  0.000  0.529     0.00     0.00 -1 -9.09e-11      0.00 7.534e-01 2.464e-01 2.196e-05 6.279e-06 5.541e-05 -1.000 1.304e-04 -0.028 0.892 0.911 0.228 -0.232 -0.674 -1.260 -1.733 -1.811
0.00012351 -2.10000 10.06446 0.8063343167 2.4209198952    0.800  1.966  3.7069  2.155    3  0.000  0.529     0.00     0.00 -1 -1.08e-10      0.00 7.534e-01 2.465e-01 2.196e-05 6.279e-06 5.541e-05 -1.000 1.304e-04 -0.145 0.798 0.806 0.116 -0.348 -0.792 -1.384 -1.861 -1.939
0.00012351 -2.10000 10.06446 0.8064064980 2.4209446907    0.800  2.011  3.7051  2.102    3  0.000  0.529     0.00     0.00 -1 -1.27e-10      0.00 7.534e-01 2.465e-01 2.196e-05 6.280e-06 5.541e-05 -1.000 1.304e-04 -0.257 0.710 0.707 0.009 -0.459 -0.907 -1.504 -1.986 -2.065
0.00012351 -2.10000 10.06446 0.8064730763 2.4209673405    0.799  2.056  3.7033  2.050    3  0.000  0.529     0.00     0.00 -1 -1.49e-10      0.00 7.534e-01 2.465e-01 2.196e-05 6.281e-06 5.541e-05 -1.000 1.304e-04 -0.370 0.620 0.607 -0.099 -0.571 -1.022 -1.624 -2.110 -2.190
0.00012351 -2.10000 10.06446 0.8065354824 2.4209887981    0.799  2.102  3.7016  1.997    3  0.000  0.529     0.00     0.00 -1 -1.77e-10      0.00 7.534e-01 2.465e-01 2.196e-05 6.282e-06 5.541e-05 -1.000 1.304e-04 -0.485 0.528 0.505 -0.209 -0.685 -1.139 -1.746 -2.237 -2.318
0.00012351 -2.10000 10.06446 0.8065915108 2.4210081100    0.798  2.147  3.6997  1.944    3  0.000  0.529     0.00     0.00 -1 -2.08e-10      0.00 7.534e-01 2.465e-01 2.196e-05 6.282e-06 5.541e-05 -1.000 1.304e-04 -0.597 0.446 0.409 -0.315 -0.795 -1.253 -1.866 -2.361 -2.444
0.00012351 -2.10000 10.06446 0.8066477180 2.4210274220    0.798  2.194  3.6978  1.889    3  0.000  0.529     0.00     0.00 -1 -2.47e-10      0.00 7.534e-01 2.465e-01 2.196e-05 6.283e-06 5.542e-05 -1.000 1.305e-04 -0.715 0.359 0.306 -0.427 -0.912 -1.373 -1.992 -2.492 -2.575
0.00012351 -2.10000 10.06446 0.8067067266 2.4210476875    0.797  2.237  3.6961  1.839    3  0.000  0.529     0.00     0.00 -1  -2.9e-10      0.00 7.534e-01 2.465e-01 2.196e-05 6.284e-06 5.542e-05 -1.000 1.305e-04 -0.823 0.279 0.212 -0.530 -1.019 -1.484 -2.108 -2.611 -2.695
0.00012351 -2.10000 10.06446 0.8067375422 2.4210581779    0.797  2.251  3.6956  1.822    3  0.000  0.529     0.00     0.00 -1 -3.07e-10      0.00 7.534e-01 2.465e-01 2.196e-05 6.284e-06 5.542e-05 -1.000 1.305e-04 -0.859 0.252 0.182 -0.564 -1.054 -1.520 -2.146 -2.651 -2.735
0.00012351 -2.10000 10.06446 0.8067654371 2.4210677147    0.796  2.244  3.6961  1.832    3  0.000  0.529     0.00     0.00 -1 -3.01e-10      0.00 7.534e-01 2.465e-01 2.196e-05 6.284e-06 5.542e-05 -1.000 1.305e-04 -0.840 0.263 0.196 -0.547 -1.036 -1.500 -2.124 -2.628 -2.712
0.00012351 -2.10000 10.06446 0.8067717552 2.4210698605    0.796  2.251  3.6958  1.824    3  0.000  0.529     0.00     0.00 -1 -3.07e-10      0.00 7.534e-01 2.465e-01 2.196e-05 6.285e-06 5.542e-05 -1.000 1.305e-04 -0.857 0.251 0.181 -0.563 -1.053 -1.518 -2.143 -2.647 -2.731
0.00012351 -2.10000 10.06446 0.8068068624 2.4210820198    0.796  2.291  3.6941  1.776    3  0.000  0.529     0.00     0.00 -1 -3.54e-10      0.00 7.534e-01 2.465e-01 2.196e-05 6.285e-06 5.542e-05 -1.000 1.304e-04 -0.958 0.179 0.095 -0.659 -1.152 -1.621 -2.251 -2.760 -2.845
0.00012351 -2.10000 10.06446 0.8068423271 2.4210941792    0.795  2.334  3.6924  1.726    3  0.000  0.529     0.00     0.00 -1 -4.13e-10      0.00 7.534e-01 2.465e-01 2.196e-05 6.285e-06 5.542e-05 -1.000 1.304e-04 -1.066 0.099 0.002 -0.761 -1.259 -1.731 -2.366 -2.880 -2.965
0.00012351 -2.10000 10.06446 0.8068724275 2.4211044312    0.794  2.373  3.6906  1.679    3  0.000  0.529     0.00     0.00 -1 -4.77e-10      0.00 7.534e-01 2.465e-01 2.196e-05 6.286e-06 5.542e-05 -1.000 1.304e-04 -1.163 0.031 -0.079 -0.852 -1.355 -1.830 -2.471 -2.989 -3.075
0.00012351 -2.10000 10.06446 0.8069020510 2.4211146832    0.794  2.414  3.6888  1.631    3  0.000  0.529     0.00     0.00 -1 -5.55e-10      0.00 7.534e-01 2.465e-01 2.196e-05 6.286e-06 5.542e-05 -1.000 1.305e-04 -1.266 -0.039 -0.164 -0.948 -1.455 -1.934 -2.581 -3.104 -3.191
0.00012351 -2.10000 10.06446 0.8069297075 2.4211242199    0.793  2.455  3.6870  1.582    3  0.000  0.529     0.00     0.00 -1 -6.45e-10      0.00 7.534e-01 2.465e-01 2.196e-05 6.286e-06 5.542e-05 -1.000 1.305e-04 -1.368 -0.109 -0.250 -1.044 -1.555 -2.038 -2.690 -3.218 -3.306
0.00012351 -2.10000 10.06446 0.8069539070 2.4211323261    0.792  2.494  3.6852  1.536    3  0.000  0.529     0.00     0.00 -1 -7.43e-10      0.00 7.534e-01 2.465e-01 2.196e-05 6.287e-06 5.542e-05 -1.000 1.303e-04 -1.464 -0.135 -0.318 -1.134 -1.653 -2.139 -2.796 -3.329 -3.415
0.00012351 -2.10000 10.06446 0.8069778681 2.4211406708    0.791  2.534  3.6834  1.488    3  0.000  0.529     0.00     0.00 -1 -8.64e-10      0.00 7.534e-01 2.465e-01 2.196e-05 6.287e-06 5.542e-05 -1.000 1.304e-04 -1.566 -0.213 -0.403 -1.228 -1.751 -2.241 -2.905 -3.442 -3.530
0.00012351 -2.10000 10.06446 0.8069991469 2.4211478233    0.790  2.573  3.6817  1.442    3  0.000  0.529     0.00     0.00 -1 -9.96e-10      0.00 7.534e-01 2.465e-01 2.196e-05 6.287e-06 5.542e-05 -1.000 1.304e-04 -1.662 -0.252 -0.474 -1.318 -1.847 -2.341 -3.010 -3.552 -3.640
0.00012351 -2.10000 10.06446 0.8070189953 2.4211547375    0.789  2.611  3.6798  1.395    3  0.000  0.529     0.00     0.00 -1 -1.15e-09      0.00 7.534e-01 2.465e-01 2.196e-05 6.287e-06 5.542e-05 -1.000 1.304e-04 -1.758 -0.284 -0.540 -1.406 -1.942 -2.440 -3.115 -3.661 -3.749
0.00012351 -2.10000 10.06446 0.8070378900 2.4211611748    0.788  2.650  3.6780  1.348    3  0.000  0.529     0.00     0.00 -1 -1.33e-09      0.00 7.534e-01 2.465e-01 2.195e-05 6.288e-06 5.542e-05 -1.000 1.304e-04 -1.855 -0.312 -0.606 -1.494 -2.038 -2.541 -3.222 -3.773 -3.860
0.00012351 -2.10000 10.06446 0.8070582151 2.4211680889    0.787  2.695  3.6759  1.294    3  0.000  0.529     0.00     0.00 -1 -1.57e-09      0.00 7.534e-01 2.465e-01 2.195e-05 6.288e-06 5.542e-05 -1.000 1.304e-04 -1.968 -0.339 -0.680 -1.596 -2.150 -2.658 -3.346 -3.902 -3.989
0.00012351 -2.10000 10.06446 0.8070746064 2.4211738110    0.785  2.734  3.6739  1.247    3  0.000  0.529     0.00     0.00 -1 -1.81e-09      0.00 7.534e-01 2.465e-01 2.195e-05 6.288e-06 5.542e-05 -1.000 1.304e-04 -2.066 -0.352 -0.738 -1.682 -2.245 -2.759 -3.453 -4.014 -4.101
0.00012351 -2.10000 10.06446 0.8070914745 2.4211795330    0.784  2.777  3.6718  1.194    3  0.000  0.529     0.00     0.00 -1 -2.13e-09      0.00 7.534e-01 2.465e-01 2.195e-05 6.288e-06 5.542e-05 -1.000 1.304e-04 -2.174 -0.362 -0.800 -1.777 -2.351 -2.871 -3.572 -4.139 -4.225
0.00012351 -2.10000 10.06446 0.8071054220 2.4211843014    0.782  2.816  3.6700  1.148    3  0.000  0.529     0.00     0.00 -1 -2.46e-09      0.00 7.534e-01 2.465e-01 2.195e-05 6.288e-06 5.542e-05 -1.000 1.305e-04 -2.269 -0.369 -0.854 -1.860 -2.444 -2.970 -3.677 -4.248 -4.334
0.00012351 -2.10000 10.06446 0.8071196079 2.4211893082    0.780  2.857  3.6677  1.096    3  0.000  0.529     0.00     0.00 -1 -2.87e-09      0.00 7.534e-01 2.465e-01 2.195e-05 6.289e-06 5.542e-05 -1.000 1.305e-04 -2.373 -0.354 -0.903 -1.947 -2.544 -3.077 -3.793 -4.370 -4.455
0.00012351 -2.10000 10.06446 0.8071313500 2.4211931229    0.778  2.894  3.6659  1.051    3  0.000  0.529     0.00     0.00 -1 -3.29e-09      0.00 7.534e-01 2.465e-01 2.195e-05 6.289e-06 5.542e-05 -1.000 1.304e-04 -2.464 -0.349 -0.949 -2.025 -2.633 -3.172 -3.894 -4.476 -4.560
0.00012351 -2.10000 10.06446 0.8071437478 2.4211974144    0.776  2.935  3.6637  1.000    3  0.000  0.529     0.00     0.00 -1 -3.84e-09      0.00 7.534e-01 2.465e-01 2.195e-05 6.289e-06 5.542e-05 -1.000 1.304e-04 -2.567 -0.320 -0.990 -2.108 -2.732 -3.278 -4.009 -4.596 -4.680
0.00012351 -2.10000 10.06446 0.8071562648 2.4212017059    0.774  2.979  3.6614  0.945    3  0.000  0.529     0.00     0.00 -1 -4.54e-09      0.00 7.534e-01 2.465e-01 2.195e-05 6.289e-06 5.542e-05 -1.000 1.305e-04 -2.679 -0.279 -1.027 -2.196 -2.838 -3.394 -4.133 -4.726 -4.809
0.00012351 -2.10000 10.06446 0.8071664572 2.4212052822    0.771  3.018  3.6592  0.896    3  0.000  0.529     0.00     0.00 -1 -5.27e-09      0.00 7.534e-01 2.465e-01 2.195e-05 6.289e-06 5.542e-05 -1.000 1.304e-04 -2.776 -0.223 -1.049 -2.267 -2.928 -3.494 -4.243 -4.841 -4.923
0.00012351 -2.10000 10.06446 0.8071752191 2.4212081432    0.769  3.053  3.6573  0.852    3  0.000  0.529     0.00     0.00 -1 -6.02e-09      0.00 7.534e-01 2.465e-01 2.195e-05 6.289e-06 5.542e-05 -1.000 1.305e-04 -2.863 -0.189 -1.074 -2.332 -3.009 -3.583 -4.340 -4.943 -5.025
0.00012351 -2.10000 10.06446 0.8071842194 2.4212112427    0.766  3.091  3.6552  0.804    3  0.000  0.529     0.00     0.00 -1 -6.96e-09      0.00 7.534e-01 2.465e-01 2.195e-05 6.289e-06 5.542e-05 -1.000 1.306e-04 -2.958 -0.182 -1.114 -2.405 -3.095 -3.679 -4.444 -5.053 -5.136
0.00012351 -2.10000 10.06446 0.8071934581 2.4212145805    0.763  3.133  3.6528  0.751    3  0.000  0.529     0.00     0.00 -1 -8.15e-09      0.00 7.533e-01 2.465e-01 2.195e-05 6.289e-06 5.542e-05 -1.000 1.305e-04 -3.062 -0.173 -1.156 -2.483 -3.189 -3.782 -4.558 -5.173 -5.257
0.00012351 -2.10000 10.06446 0.8072012067 2.4212172031    0.759  3.170  3.6507  0.703    3  0.000  0.529     0.00     0.00 -1  -9.4e-09      0.00 7.533e-01 2.465e-01 2.195e-05 6.289e-06 5.542e-05 -1.000 1.304e-04 -3.155 -0.160 -1.191 -2.552 -3.273 -3.875 -4.660 -5.281 -5.365
0.00012351 -2.10000 10.06446 0.8072090149 2.4212198257    0.755  3.209  3.6485  0.653    3  0.000  0.529     0.00     0.00 -1 -1.09e-08      0.00 7.533e-01 2.465e-01 2.195e-05 6.290e-06 5.542e-05 -1.000 1.305e-04 -3.252 -0.151 -1.229 -2.624 -3.360 -3.971 -4.766 -5.393 -5.478
0.00012351 -2.10000 10.06446 0.8072162271 2.4212222099    0.751  3.245  3.6464  0.606    3  0.000  0.529     0.00     0.00 -1 -1.26e-08      0.00 7.533e-01 2.465e-01 2.195e-05 6.290e-06 5.542e-05 -1.000 1.304e-04 -3.342 -0.137 -1.262 -2.689 -3.439 -4.059 -4.864 -5.497 -5.583
0.00012351 -2.10000 10.06446 0.8072182536 2.4212229252    0.750  3.254  3.6459  0.595    3  0.000  0.529     0.00     0.00 -1 -1.31e-08      0.00 7.533e-01 2.465e-01 2.195e-05 6.290e-06 5.542e-05 -1.000 1.305e-04 -3.365 -0.134 -1.270 -2.705 -3.459 -4.082 -4.889 -5.523 -5.609
0.00012351 -2.10000 10.06446 0.8072182536 2.4212229252    0.750  1.673  3.9136  3.246    4  0.000  0.532     0.00     0.00 -1    -1e-30      0.00 7.556e-01 2.443e-01 2.201e-05 6.146e-06 5.515e-05 -1.000 1.303e-04 0.587 0.753 0.662 0.595 0.538 0.468 0.369 0.318 0.306
0.00012351 -2.10000 10.06446 0.8072190285 2.4212231636    0.750  1.682  3.9083  3.216    4  0.000  0.532     0.00     0.00 -1    -1e-30      0.00 7.556e-01 2.443e-01 2.201e-05 6.146e-06 5.515e-05 -1.000 1.304e-04 0.564 0.734 0.642 0.564 0.500 0.423 0.314 0.256 0.244
0.00012351 -2.10000 10.06446 0.8072718978 2.4212412834    0.750  1.699  3.8999  3.165    4  0.000  0.532     0.00     0.00 -1    -1e-30      0.00 7.556e-01 2.443e-01 2.201e-05 6.146e-06 5.515e-05 -1.000 1.303e-04 0.521 0.699 0.606 0.511 0.434 0.344 0.220 0.151 0.138
0.00012351 -2.10000 10.06446 0.8073232770 2.4212589264    0.750  1.700  3.9004  3.167    4  0.000  0.532     0.00     0.00 -1    -1e-30      0.00 7.556e-01 2.443e-01 2.201e-05 6.146e-06 5.515e-05 -1.000 1.304e-04 0.521 0.698 0.605 0.511 0.435 0.346 0.223 0.154 0.141
0.00012351 -2.10000 10.06446 0.8073747754 2.4212765694    0.750  1.700  3.9010  3.169    4  0.000  0.532     0.00     0.00 -1    -1e-30      0.00 7.556e-01 2.443e-01 2.201e-05 6.146e-06 5.515e-05 -1.000 1.303e-04 0.520 0.697 0.604 0.512 0.436 0.348 0.226 0.158 0.145
0.00012351 -2.10000 10.06446 0.8074268103 2.4212944508    0.750  1.700  3.9015  3.171    4  0.000  0.532     0.00     0.00 -1    -1e-30      0.00 7.556e-01 2.443e-01 2.201e-05 6.146e-06 5.515e-05 -1.000 1.303e-04 0.520 0.697 0.604 0.512 0.438 0.350 0.229 0.162 0.149
0.00012351 -2.10000 10.06446 0.8074802756 2.4213128090    0.750  1.700  3.9019  3.173    4  0.000  0.532     0.00     0.00 -1    -1e-30      0.00 7.556e-01 2.443e-01 2.201e-05 6.146e-06 5.515e-05 -1.000 1.303e-04 0.520 0.696 0.603 0.512 0.438 0.352 0.231 0.165 0.152
0.00012351 -2.10000 10.06446 0.8075333238 2.4213309288    0.750  1.700  3.9021  3.173    4  0.000  0.532     0.00     0.00 -1    -1e-30      0.00 7.556e-01 2.443e-01 2.201e-05 6.146e-06 5.515e-05 -1.000 1.304e-04 0.520 0.696 0.603 0.512 0.439 0.352 0.232 0.166 0.153
0.00012351 -2.10000 10.06446 0.8075828552 2.4213478565    0.750  1.700  3.9020  3.173    4  0.000  0.532     0.00     0.00 -1    -1e-30      0.00 7.556e-01 2.443e-01 2.201e-05 6.146e-06 5.515e-05 -1.000 1.304e-04 0.519 0.695 0.602 0.512 0.438 0.351 0.231 0.165 0.152
0.00012351 -2.10000 10.06446 0.8076364398 2.4213662148    0.750  1.701  3.9017  3.171    4  0.000  0.532     0.00     0.00 -1    -1e-30      0.00 7.556e-01 2.443e-01 2.201e-05 6.146e-06 5.515e-05 -1.000 1.305e-04 0.518 0.694 0.601 0.510 0.436 0.349 0.229 0.162 0.149
0.00012351 -2.10000 10.06446 0.8076857924 2.4213831425    0.750  1.701  3.9011  3.168    4  0.000  0.532     0.00     0.00 -1    -1e-30      0.00 7.556e-01 2.443e-01 2.201e-05 6.146e-06 5.515e-05 -1.000 1.303e-04 0.517 0.694 0.601 0.508 0.433 0.345 0.223 0.155 0.142
0.00012351 -2.10000 10.06446 0.8077357411 2.4214000702    0.750  1.702  3.9000  3.163    4  0.000  0.532     0.00     0.00 -1    -1e-30      0.00 7.556e-01 2.443e-01 2.201e-05 6.146e-06 5.515e-05 -1.000 1.303e-04 0.515 0.693 0.599 0.505 0.428 0.338 0.215 0.146 0.132
0.00012351 -2.10000 10.06446 0.8077881932 2.4214181900    0.750  1.703  3.8985  3.156    4  0.000  0.532     0.00     0.00 -1    -1e-30      0.00 7.556e-01 2.443e-01 2.201e-05 6.146e-06 5.515e-05 -1.000 1.303e-04 0.512 0.691 0.599 0.501 0.421 0.329 0.202 0.131 0.118
0.00012351 -2.10000 10.06446 0.8078427911 2.4214367867    0.750  1.705  3.8963  3.146    4  0.000  0.532     0.00     0.00 -1    -1e-30      0.00 7.556e-01 2.443e-01 2.201e-05 6.146e-06 5.515e-05 -1.000 1.304e-04 0.508 0.690 0.599 0.495 0.412 0.316 0.186 0.111 0.098
0.00012351 -2.10000 10.06446 0.8078936934 2.4214541912    0.750  1.707  3.8938  3.134    4  0.000  0.532     0.00     0.00 -1    -1e-30      0.00 7.556e-01 2.443e-01 2.201e-05 6.146e-06 5.515e-05 -1.000 1.303e-04 0.504 0.688 0.599 0.489 0.401 0.302 0.166 0.088 0.075
0.00012351 -2.10000 10.06446 0.8079439998 2.4214713573    0.750  1.709  3.8908  3.120    4  0.000  0.532     0.00     0.00 -1    -1e-30      0.00 7.556e-01 2.443e-01 2.201e-05 6.146e-06 5.515e-05 -1.000 1.303e-04 0.498 0.687 0.599 0.481 0.389 0.284 0.143 0.060 0.046
0.00012351 -2.10000 10.06446 0.8079969287 2.4214894772    0.750  1.711  3.8869  3.102    4  0.000  0.532     0.00     0.00 -1    -1e-30      0.00 7.556e-01 2.443e-01 2.201e-05 6.146e-06 5.515e-05 -1.000 1.304e-04 0.492 0.685 0.603 0.474 0.374 0.263 0.114 0.025 0.011
0.00012351 -2.10000 10.06446 0.8080468178 2.4215064049    0.750  1.714  3.8828  3.082    4  0.000  0.532     0.00     0.00 -1    -1e-30      0.00 7.556e-01 2.443e-01 2.201e-05 6.146e-06 5.515e-05 -1.000 1.304e-04 0.485 0.684 0.607 0.467 0.359 0.240 0.082 -0.013 -0.028
0.00012351 -2.10000 10.06446 0.8080970049 2.4215235710    0.751  1.717  3.8780  3.060    4  0.000  0.532     0.00     0.00 -1    -1e-30      0.00 7.556e-01 2.443e-01 2.201e-05 6.146e-06 5.515e-05 -1.000 1.303e-04 0.477 0.682 0.612 0.459 0.342 0.214 0.047 -0.057 -0.072
0.00012351 -2.10000 10.06446 0.8081486821 2.4215412140    0.751  1.721  3.8724  3.034    4  0.000  0.532     0.00     0.00 -1    -1e-30      0.00 7.556e-01 2.443e-01 2.201e-05 6.146e-06 5.515e-05 -1.000 1.304e-04 0.467 0.681 0.620 0.451 0.323 0.185 0.006 -0.107 -0.123
0.00012351 -2.10000 10.06446 0.8082016110 2.4215593338    0.751  1.725  3.8660  3.004    4  0.000  0.532     0.00     0.00 -1    -1e-30      0.00 7.556e-01 2.443e-01 2.201e-05 6.146e-06 5.515e-05 -1.000 1.303e-04 0.457 0.680 0.629 0.443 0.302 0.153 -0.040 -0.166 -0.182
0.00012351 -2.10000 10.06446 0.8082510233 2.4215762615    0.751  1.730  3.8594  2.974    4  0.000  0.532     0.00     0.00 -1    -1e-30      0.00 7.556e-01 2.443e-01 2.201e-05 6.146e-06 5.515e-05 -1.000 1.303e-04 0.446 0.678 0.639 0.436 0.282 0.120 -0.087 -0.225 -0.242
0.00012351 -2.10000 10.06446 0.8082556725 2.4215779305    0.751  1.730  3.8588  2.971    4  0.000  0.532     0.00     0.00 -1    -1e-30      0.00 7.556e-01 2.443e-01 2.201e-05 6.146e-06 5.515e-05 -1.000 1.303e-04 0.445 0.678 0.640 0.436 0.281 0.117 -0.091 -0.231 -0.248
0.00012351 -2.10000 10.06446 0.8082641959 2.4215807915    0.751  1.731  3.8577  2.965    4  0.000  0.532     0.00     0.00 -1    -1e-30      0.00 7.556e-01 2.443e-01 2.201e-05 6.146e-06 5.515e-05 -1.000 1.303e-04 0.443 0.678 0.642 0.435 0.278 0.112 -0.099 -0.241 -0.258
0.00012351 -2.10000 10.06446 0.8083141446 2.4215977192    0.751  1.735  3.8509  2.934    4  0.000  0.532     0.00     0.00 -1    -1e-30      0.00 7.556e-01 2.443e-01 2.201e-05 6.146e-06 5.515e-05 -1.000 1.304e-04 0.432 0.677 0.654 0.430 0.259 0.080 -0.146 -0.302 -0.320
0.00012351 -2.10000 10.06446 0.8083628416 2.4216144085    0.751  1.740  3.8440  2.902    4  0.000  0.532     0.00     0.00 -1    -1e-30      0.00 7.556e-01 2.443e-01 2.201e-05 6.146e-06 5.515e-05 -1.000 1.304e-04 0.420 0.677 0.667 0.425 0.241 0.049 -0.193 -0.364 -0.383
0.00012351 -2.10000 10.06446 0.8084149361 2.4216322899    0.751  1.745  3.8360  2.864    4  0.000  0.532     0.00     0.00 -1    -1e-30      0.00 7.556e-01 2.443e-01 2.201e-05 6.146e-06 5.515e-05 -1.000 1.304e-04 0.407 0.677 0.682 0.421 0.220 0.013 -0.248 -0.436 -0.456
0.00012351 -2.10000 10.06446 0.8084644675 2.4216492176    0.751  1.751  3.8279  2.826    4  0.000  0.532     0.00     0.00 -1    -1e-30      0.00 7.556e-01 2.443e-01 2.201e-05 6.146e-06 5.515e-05 -1.000 1.304e-04 0.392 0.679 0.699 0.416 0.199 -0.023 -0.303 -0.509 -0.530
0.00012351 -2.10000 10.06446 0.8085119724 2.4216654301    0.751  1.757  3.8202  2.790    4  0.000  0.532     0.00     0.00 -1    -1e-30      0.00 7.556e-01 2.443e-01 2.201e-05 6.146e-06 5.515e-05 -1.000 1.303e-04 0.378 0.682 0.715 0.412 0.180 -0.058 -0.356 -0.579 -0.602
0.00012351 -2.10000 10.06446 0.8085610271 2.4216821194    0.751  1.763  3.8122  2.752    4  0.000  0.532     0.00     0.00 -1    -1e-30      0.00 7.556e-01 2.443e-01 2.201e-05 6.146e-06 5.515e-05 -1.000 1.304e-04 0.363 0.686 0.732 0.407 0.159 -0.093 -0.410 -0.652 -0.676
0.00012351 -2.10000 10.06446 0.8086091280 2.4216985703    0.751  1.769  3.8048  2.716    4  0.000  0.532     0.00     0.00 -1    -1e-30      0.00 7.556e-01 2.443e-01 2.201e-05 6.146e-06 5.515e-05 -1.000 1.304e-04 0.348 0.690 0.751 0.404 0.141 -0.125 -0.461 -0.719 -0.746
0.00012351 -2.10000 10.06446 0.8086577654 2.4217150211    0.751  1.775  3.7978  2.681    4  0.000  0.532     0.00     0.00 -1    -1e-30      0.00 7.556e-01 2.443e-01 2.201e-05 6.146e-06 5.515e-05 -1.000 1.303e-04 0.331 0.694 0.768 0.400 0.122 -0.157 -0.511 -0.785 -0.814
0.00012351 -2.10000 10.06446 0.8087064624 2.4217317104    0.751  1.782  3.7914  2.649    4  0.000  0.532     0.00     0.00 -1    -1e-30      0.00 7.556e-01 2.443e-01 2.201e-05 6.146e-06 5.515e-05 -1.000 1.303e-04 0.315 0.698 0.782 0.394 0.103 -0.188 -0.557 -0.846 -0.878
0.00012351 -2.10000 10.06446 0.8087554574 2.4217483997    0.751  1.791  3.7845  2.613    4  0.000  0.532     0.00     0.00 -1    -1e-30      0.00 7.556e-01 2.443e-01 2.201e-05 6.146e-06 5.515e-05 -1.000 1.304e-04 0.293 0.700 0.794 0.385 0.080 -0.224 -0.611 -0.916 -0.950
0.00012351 -2.10000 10.06446 0.8087652326 2.4217517376    0.751  1.788  3.7848  2.617    4  0.000  0.532     0.00     0.00 -1    -1e-30      0.00 7.556e-01 2.443e-01 2.201e-05 6.146e-06 5.515e-05 -1.000 1.304e-04 0.300 0.705 0.799 0.391 0.086 -0.216 -0.603 -0.907 -0.941
0.00012351 -2.10000 10.06446 0.8088155389 2.4217689037    0.751  1.800  3.7773  2.575    4  0.000  0.532     0.00     0.00 -1    -1e-30      0.00 7.556e-01 2.443e-01 2.201e-05 6.146e-06 5.515e-05 -1.000 1.303e-04 0.270 0.704 0.805 0.375 0.055 -0.262 -0.667 -0.989 -1.026
0.00012351 -2.10000 10.06446 0.8088650703 2.4217858315    0.751  1.817  3.7692  2.526    4  0.000  0.532     0.00     0.00 -1    -1e-30      0.00 7.556e-01 2.443e-01 2.201e-05 6.146e-06 5.515e-05 -1.000 1.303e-04 0.228 0.699 0.804 0.348 0.013 -0.319 -0.746 -1.088 -1.128
0.00012351 -2.10000 10.06446 0.8089067340 2.4218001366    0.751  1.844  3.7592  2.459    4  0.000  0.532     0.00     0.00 -1    -1e-30      0.00 7.556e-01 2.443e-01 2.201e-05 6.146e-06 5.515e-05 -1.000 1.305e-04 0.160 0.679 0.789 0.300 -0.056 -0.405 -0.858 -1.224 -1.269
0.00012351 -2.10000 10.06446 0.8089293242 2.4218077660    0.751  1.875  3.7499  2.390    4  0.000  0.532     0.00     0.00 -1    -1e-30      0.00 7.556e-01 2.443e-01 2.201e-05 6.146e-06 5.515e-05 -1.000 1.304e-04 0.082 0.652 0.760 0.240 -0.134 -0.500 -0.977 -1.363 -1.414
0.00012351 -2.10000 10.06446 0.8089395165 2.4218111038    0.751  1.908  3.7419  2.326    4  0.000  0.532     0.00     0.00 -1    -1e-30      0.00 7.556e-01 2.443e-01 2.201e-05 6.146e-06 5.515e-05 -1.000 1.304e-04 0.000 0.620 0.721 0.175 -0.215 -0.595 -1.092 -1.495 -1.550
0.00012351 -2.10000 10.06446 0.8089441061 2.4218127728    0.751  1.942  3.7351  2.264    4  0.000  0.532     0.00     0.00 -1    -1e-30      0.00 7.556e-01 2.443e-01 2.201e-05 6.146e-06 5.515e-05 -1.000 1.303e-04 -0.085 0.588 0.675 0.104 -0.300 -0.692 -1.207 -1.625 -1.684
0.00012351 -2.10000 10.06446 0.8089462519 2.4218134880    0.751  1.975  3.7298  2.210    4  0.000  0.532     0.00     0.00 -1    -1e-30      0.00 7.556e-01 2.443e-01 2.201e-05 6.146e-06 5.515e-05 -1.000 1.304e-04 -0.168 0.549 0.623 0.032 -0.382 -0.784 -1.313 -1.743 -1.805
0.00012351 -2.10000 10.06446 0.8089471459 2.4218137264    0.751  1.996  3.7270  2.177    7  0.000  0.532     0.00     0.00 -1    -1e-30      0.00 7.556e-01 2.443e-01 2.201e-05 6.146e-06 5.515e-05 -1.000 1.303e-04 -0.221 0.523 0.588 -0.014 -0.434 -0.841 -1.378 -1.814 -1.878
0.00012351 -2.10000 10.06446 0.8089473844 2.4218139648    0.751  2.006  3.7260  2.164    7  0.000  0.532     0.00     0.00 -1    -1e-30      0.00 7.556e-01 2.443e-01 2.201e-05 6.146e-06 5.515e-05 -1.000 1.303e-04 -0.244 0.509 0.572 -0.035 -0.457 -0.865 -1.405 -1.843 -1.908
0.00012351 -2.10000 10.06446 0.8089483380 2.4218142033    0.751  2.045  3.7221  2.109    7  0.000  0.532     0.00     0.00 -1    -1e-30      0.00 7.556e-01 2.443e-01 2.201e-05 6.146e-06 5.515e-05 -1.000 1.303e-04 -0.343 0.447 0.497 -0.125 -0.555 -0.970 -1.520 -1.967 -2.034
0.00012351 -2.10000 10.06446 0.8089492917 2.4218144417    0.751  2.084  3.7187  2.056    7  0.000  0.532     0.00     0.00 -1    -1e-30      0.00 7.556e-01 2.443e-01 2.201e-05 6.146e-06 5.515e-05 -1.000 1.305e-04 -0.441 0.383 0.420 -0.215 -0.652 -1.073 -1.633 -2.087 -2.156
0.00012351 -2.10000 10.06446 0.8089501262 2.4218149185    0.751  2.120  3.7160  2.010    7  0.000  0.532     0.00     0.00 -1    -1e-30      0.00 7.556e-01 2.443e-01 2.201e-05 6.146e-06 5.515e-05 -1.000 1.304e-04 -0.529 0.326 0.351 -0.296 -0.739 -1.165 -1.733 -2.193 -2.263
0.00012351 -2.10000 10.06446 0.8089510202 2.4218151569    0.751  2.151  3.7137  1.969    7  0.000  0.532     0.00     0.00 -1    -1e-30      0.00 7.556e-01 2.443e-01 2.201e-05 6.146e-06 5.515e-05 -1.000 1.304e-04 -0.608 0.274 0.288 -0.369 -0.817 -1.248 -1.822 -2.287 -2.359
0.00012351 -2.10000 10.06446 0.8089524508 2.4218156338    0.751  2.171  3.7125  1.944    7  0.000  0.532     0.00     0.00 -1    -1e-30      0.00 7.556e-01 2.443e-01 2.201e-05 6.146e-06 5.515e-05 -1.000 1.303e-04 -0.659 0.239 0.246 -0.417 -0.867 -1.300 -1.878 -2.346 -2.418
0.00012351 -2.10000 10.06446 0.8089551330 2.4218165874    0.751  2.154  3.7138  1.967    7  0.000  0.532     0.00     0.00 -1    -1e-30      0.00 7.556e-01 2.443e-01 2.201e-05 6.146e-06 5.515e-05 -1.000 1.304e-04 -0.616 0.265 0.279 -0.377 -0.825 -1.256 -1.829 -2.294 -2.366
0.00012351 -2.10000 10.06446 0.8089720607 2.4218223095    0.752  2.143  3.7142  1.979    7  0.000  0.532     0.00     0.00 -1    -1e-30      0.00 7.556e-01 2.443e-01 2.201e-05 6.146e-06 5.515e-05 -1.000 1.304e-04 -0.589 0.287 0.304 -0.351 -0.798 -1.227 -1.800 -2.264 -2.336
0.00012351 -2.10000 10.06446 0.8089879751 2.4218277931    0.752  2.172  3.7120  1.942    7  0.000  0.532     0.00     0.00 -1    -1e-30      0.00 7.556e-01 2.443e-01 2.201e-05 6.146e-06 5.515e-05 -1.000 1.303e-04 -0.659 0.244 0.249 -0.416 -0.868 -1.302 -1.880 -2.349 -2.422
0.00012351 -2.10000 10.06446 0.8090072870 2.4218342304    0.752  2.218  3.7088  1.883    7  0.000  0.532     0.00     0.00 -1    -1e-30      0.00 7.556e-01 2.443e-01 2.201e-05 6.146e-06 5.515e-05 -1.000 1.305e-04 -0.774 0.170 0.158 -0.522 -0.981 -1.421 -2.009 -2.485 -2.560
0.00012351 -2.10000 10.06446 0.8090257049 2.4218406677    0.752  2.263  3.7058  1.826    7  0.000  0.532     0.00     0.00 -1    -1e-30      0.00 7.556e-01 2.443e-01 2.201e-05 6.146e-06 5.515e-05 -1.000 1.304e-04 -0.887 0.098 0.068 -0.627 -1.093 -1.538 -2.135 -2.617 -2.694
0.00012351 -2.10000 10.06446 0.8090427518 2.4218463898    0.752  2.308  3.7031  1.771    7  0.000  0.532     0.00     0.00 -1    -1e-30      0.00 7.556e-01 2.443e-01 2.201e-05 6.146e-06 5.515e-05 -1.000 1.303e-04 -0.999 0.025 -0.022 -0.730 -1.203 -1.654 -2.258 -2.747 -2.825
0.00012351 -2.10000 10.06446 0.8090579510 2.4218516350    0.752  2.350  3.7005  1.718    7  0.000  0.532     0.00     0.00 -1    -1e-30      0.00 7.556e-01 2.443e-01 2.200e-05 6.147e-06 5.515e-05 -1.000 1.294e-04 -1.105 -0.045 -0.108 -0.829 -1.308 -1.763 -2.375 -2.870 -2.950
0.00012351 -2.10000 10.06446 0.8090716004 2.4218561649    0.752  2.392  3.6981  1.666    7  0.000  0.532     0.00     0.00 -1    -1e-30      0.00 7.556e-01 2.443e-01 2.199e-05 6.149e-06 5.515e-05 -1.000 1.149e-04 -1.210 -0.113 -0.192 -0.927 -1.411 -1.872 -2.490 -2.991 -3.072
0.00012351 -2.10000 10.06446 0.8090834618 2.4218602180    0.752  2.434  3.6958  1.615    7  0.000  0.530     0.00     0.00 -1    -1e-30      0.00 7.556e-01 2.443e-01 2.193e-05 6.174e-06 5.515e-05 -1.000 1.196e-04 -1.314 -0.179 -0.275 -1.022 -1.512 -1.977 -2.604 -3.110 -3.192
0.00012351 -2.10000 10.06446 0.8090939522 2.4218637943    0.752  2.475  3.6934  1.565    7  0.000  0.525     0.00     0.00 -1    -1e-30      0.00 7.555e-01 2.444e-01 2.171e-05 6.332e-06 5.515e-05 -1.000 1.077e-04 -1.416 -0.245 -0.357 -1.117 -1.613 -2.082 -2.715 -3.228 -3.311
0.00012351 -2.10000 10.06446 0.8091034889 2.4218671322    0.752  2.516  3.6912  1.515    7  0.000  0.512     0.00     0.00 -1    -1e-30      0.00 7.554e-01 2.445e-01 2.122e-05 6.838e-06 5.516e-05 -1.000 1.261e-04 -1.519 -0.311 -0.439 -1.211 -1.713 -2.187 -2.827 -3.346 -3.430
0.00012351 -2.10000 10.06446 0.8091121316 2.4218699932    0.752  2.556  3.6889  1.465    7  0.000  0.496     0.00     0.00 -1    -1e-30      0.00 7.553e-01 2.446e-01 2.059e-05 7.590e-06 5.517e-05 -1.000 1.304e-04 -1.621 -0.373 -0.519 -1.304 -1.812 -2.291 -2.938 -3.462 -3.548
0.00012351 -2.10000 10.06446 0.8091201186 2.4218728542    0.752  2.597  3.6866  1.416    7  0.000  0.481     0.00     0.00 -1    -1e-30      0.00 7.551e-01 2.448e-01 1.998e-05 8.334e-06 5.519e-05 -1.000 1.304e-04 -1.722 -0.432 -0.597 -1.397 -1.911 -2.395 -3.049 -3.579 -3.666
0.00012351 -2.10000 10.06446 0.8091275692 2.4218752384    0.752  2.638  3.6844  1.366    7  0.000  0.467     0.00     0.00 -1    -1e-30      0.00 7.549e-01 2.450e-01 1.945e-05 8.994e-06 5.520e-05 -1.000 1.268e-04 -1.824 -0.474 -0.670 -1.490 -2.011 -2.500 -3.162 -3.697 -3.784
0.00012351 -2.10000 10.06446 0.8091345429 2.4218776226    0.752  2.678  3.6821  1.316    7  0.000  0.456     0.00     0.00 -1    -1e-30      0.00 7.547e-01 2.452e-01 1.899e-05 9.558e-06 5.521e-05 -1.000 1.249e-04 -1.925 -0.500 -0.736 -1.582 -2.112 -2.606 -3.274 -3.815 -3.902
0.00012351 -2.10000 10.06446 0.8091412783 2.4218800068    0.752  2.719  3.6798  1.267    7  0.000  0.447     0.00     0.00 -1    -1e-30      0.00 7.544e-01 2.454e-01 1.859e-05 1.005e-05 5.521e-05 -1.000 1.304e-04 -2.026 -0.521 -0.800 -1.673 -2.212 -2.711 -3.387 -3.933 -4.020
0.00012351 -2.10000 10.06446 0.8091476560 2.4218821526    0.752  2.759  3.6775  1.217    7  0.000  0.438     0.00     0.00 -1    -1e-30      0.00 7.542e-01 2.456e-01 1.825e-05 1.047e-05 5.520e-05 -1.000 1.304e-04 -2.127 -0.531 -0.859 -1.762 -2.311 -2.816 -3.499 -4.051 -4.137
0.00012351 -2.10000 10.06446 0.8091537356 2.4218842983    0.752  2.800  3.6752  1.167    7  0.000  0.431     0.00     0.00 -1    -1e-30      0.00 7.540e-01 2.459e-01 1.795e-05 1.085e-05 5.518e-05 -1.000 1.305e-04 -2.229 -0.536 -0.916 -1.851 -2.411 -2.923 -3.613 -4.171 -4.257
0.00012351 -2.10000 10.06446 0.8091589808 2.4218859673    0.752  2.841  3.6728  1.116    7  0.000  0.425     0.00     0.00 -1    -1e-30      0.00 7.537e-01 2.461e-01 1.769e-05 1.118e-05 5.513e-05 -1.000 1.304e-04 -2.333 -0.532 -0.969 -1.940 -2.513 -3.031 -3.730 -4.293 -4.379
0.00012351 -2.10000 10.06446 0.8091633916 2.4218873978    0.752  2.882  3.6704  1.066    7  0.000  0.421     0.00     0.00 -1    -1e-30      0.00 7.535e-01 2.464e-01 1.747e-05 1.147e-05 5.504e-05 -1.000 1.304e-04 -2.435 -0.519 -1.018 -2.026 -2.612 -3.138 -3.844 -4.413 -4.498
0.00012351 -2.10000 10.06446 0.8091672659 2.4218888283    0.752  2.923  3.6680  1.015    7  0.000  0.417     0.00     0.00 -1    -1e-30      0.00 7.532e-01 2.466e-01 1.728e-05 1.176e-05 5.493e-05 -1.000 1.280e-04 -2.538 -0.496 -1.061 -2.111 -2.711 -3.245 -3.960 -4.535 -4.620
0.00012351 -2.10000 10.06446 0.8091706634 2.4218900204    0.752  2.963  3.6656  0.965    7  0.000  0.414     0.00     0.00 -1    -1e-30      0.00 7.530e-01 2.469e-01 1.712e-05 1.204e-05 5.478e-05 -1.000 1.205e-04 -2.638 -0.457 -1.095 -2.191 -2.807 -3.349 -4.073 -4.654 -4.738
0.00012351 -2.10000 10.06446 0.8091741800 2.4218912125    0.752  3.004  3.6630  0.914    7  0.000  0.413     0.00     0.00 -1    -1e-30      0.00 7.528e-01 2.471e-01 1.699e-05 1.231e-05 5.462e-05 -1.000 1.304e-04 -2.741 -0.401 -1.120 -2.268 -2.904 -3.456 -4.189 -4.777 -4.860
0.00012351 -2.10000 10.06446 0.8091773987 2.4218921661    0.752  3.049  3.6603  0.858    7  0.000  0.411     0.00     0.00 -1    -1e-30      0.00 7.525e-01 2.473e-01 1.688e-05 1.257e-05 5.445e-05 -1.000 1.304e-04 -2.853 -0.328 -1.141 -2.351 -3.008 -3.573 -4.317 -4.911 -4.993
0.00012351 -2.10000 10.06446 0.8091788888 2.4218928814    0.752  3.072  3.6588  0.829    7  0.000  0.411     0.00     0.00 -1    -1e-30      0.00 7.523e-01 2.476e-01 1.680e-05 1.282e-05 5.427e-05 -1.000 1.304e-04 -2.910 -0.283 -1.148 -2.391 -3.061 -3.632 -4.383 -4.980 -5.062
0.00012351 -2.10000 10.06446 0.8091793060 2.4218928814    0.752  3.049  3.6603  0.858    7  0.000  0.410     0.00     0.00 -1    -1e-30      0.00 7.522e-01 2.477e-01 1.676e-05 1.295e-05 5.417e-05 -1.000 1.304e-04 -2.853 -0.326 -1.140 -2.350 -3.008 -3.573 -4.317 -4.911 -4.993
0.00012351 -2.10000 10.06446 0.8091793656 2.4218928814    0.752  3.047  3.6604  0.860    7  0.000  0.410     0.00     0.00 -1    -1e-30      0.00 7.522e-01 2.477e-01 1.676e-05 1.296e-05 5.416e-05 -1.000 1.304e-04 -2.848 -0.329 -1.139 -2.347 -3.004 -3.568 -4.312 -4.905 -4.988
0.00012351 -2.10000 10.06446 0.8091794848 2.4218928814    0.752  3.049  3.6602  0.858    7  0.000  0.410     0.00     0.00 -1    -1e-30      0.00 7.522e-01 2.477e-01 1.675e-05 1.297e-05 5.416e-05 -1.000 1.304e-04 -2.854 -0.325 -1.140 -2.351 -3.009 -3.574 -4.318 -4.912 -4.995
0.00012351 -2.10000 10.06446 0.8091796041 2.4218931198    0.752  3.063  3.6594  0.840    7  0.000  0.410     0.00     0.00 -1    -1e-30      0.00 7.522e-01 2.477e-01 1.675e-05 1.298e-05 5.415e-05 -1.000 1.304e-04 -2.888 -0.300 -1.145 -2.376 -3.041 -3.610 -4.358 -4.954 -5.036
0.00012351 -2.10000 10.06446 0.8091796637 2.4218931198    0.752  3.071  3.6589  0.830    7  0.000  0.410     0.00     0.00 -1    -1e-30      0.00 7.522e-01 2.477e-01 1.675e-05 1.299e-05 5.415e-05 -1.000 1.304e-04 -2.908 -0.286 -1.147 -2.389 -3.059 -3.630 -4.380 -4.978 -5.059
0.00012351 -2.10000 10.06446 0.8091798425 2.4218931198    0.752  3.092  3.6576  0.804    7  0.000  0.410     0.00     0.00 -1    -1e-30      0.00 7.522e-01 2.477e-01 1.674e-05 1.301e-05 5.414e-05 -1.000 1.304e-04 -2.960 -0.254 -1.157 -2.426 -3.107 -3.683 -4.439 -5.040 -5.122
0.00012351 -2.10000 10.06446 0.8091800213 2.4218931198    0.752  3.118  3.6559  0.772    7  0.000  0.410     0.00     0.00 -1    -1e-30      0.00 7.520e-01 2.478e-01 1.669e-05 1.317e-05 5.401e-05 -1.000 1.304e-04 -3.025 -0.243 -1.180 -2.474 -3.164 -3.748 -4.511 -5.116 -5.198
0.00012351 -2.10000 10.06446 0.8091804385 2.4218933582    0.752  3.173  3.6523  0.702    7  0.000  0.409     0.00     0.00 -1    -1e-30      0.00 7.517e-01 2.482e-01 1.656e-05 1.361e-05 5.369e-05 -1.000 1.304e-04 -3.162 -0.214 -1.225 -2.572 -3.286 -3.884 -4.663 -5.278 -5.361
0.00012351 -2.10000 10.06446 0.8091810346 2.4218935966    0.752  3.228  3.6485  0.632    7  0.549  0.409     0.00     0.00 -1    -1e-30      0.00 7.512e-01 2.487e-01 1.639e-05 1.421e-05 5.324e-05 -1.000 1.304e-04 -3.300 -0.179 -1.267 -2.669 -3.407 -4.020 -4.816 -5.442 -5.527
0.00012351 -2.10000 10.06446 0.8091813326 2.4218935966    0.752  3.414  3.6091  0.288    8  0.549  0.390    91.76    44.14  1 -1.25e-06      0.00 7.290e-01 2.706e-01 6.375e-05 5.931e-05 2.177e-04 -1.000 3.690e-04 -3.766 0.909 -0.771 -2.623 -3.610 -4.385 -5.384 -6.152 -6.262
0.00012351 -2.10000 10.06446 0.8091813922 2.4218935966    0.751  3.289  3.6168  0.444    8  0.549  0.390    65.52    32.98  1 -7.05e-07      0.00 7.290e-01 2.706e-01 6.375e-05 5.931e-05 2.177e-04 -1.000 3.689e-04 -3.451 0.817 -0.724 -2.455 -3.367 -4.095 -5.047 -5.789 -5.893
0.00012351 -2.10000 10.06446 0.8091814518 2.4218935966    0.751  3.145  3.6299  0.640    8  0.549  0.390    42.94    22.88  1 -3.59e-07      0.00 7.290e-01 2.706e-01 6.375e-05 5.931e-05 2.177e-04 -1.000 3.690e-04 -3.092 0.570 -0.735 -2.288 -3.104 -3.771 -4.651 -5.345 -5.441
0.00012351 -2.10000 10.06446 0.8091816306 2.4218938351    0.749  2.926  3.6497  0.938    8  0.549  0.390    22.61    13.13  1 -1.23e-07      0.00 7.290e-01 2.706e-01 6.375e-05 5.931e-05 2.177e-04 -1.000 3.690e-04 -2.545 0.261 -0.671 -1.968 -2.663 -3.253 -4.040 -4.669 -4.755
0.00012351 -2.10000 10.06446 0.8091818094 2.4218938351    0.748  2.931  3.6492  0.930    8  0.549  0.390    23.01    13.31  1 -1.28e-07      0.00 7.290e-01 2.706e-01 6.375e-05 5.931e-05 2.177e-04 -1.000 3.690e-04 -2.558 0.270 -0.672 -1.975 -2.673 -3.265 -4.054 -4.685 -4.771
0.00012351 -2.10000 10.06446 0.8091820478 2.4218938351    0.745  3.003  3.6426  0.829    8  0.550  0.390    28.57    16.02  1 -1.85e-07      0.00 7.290e-01 2.706e-01 6.375e-05 5.931e-05 2.177e-04 -1.000 3.690e-04 -2.738 0.365 -0.700 -2.087 -2.822 -3.439 -4.257 -4.909 -4.998
0.00012351 -2.10000 10.06446 0.8091824055 2.4218940735    0.742  3.158  3.6284  0.616    8  0.550  0.390    45.27    23.80  1 -3.96e-07      0.00 7.290e-01 2.706e-01 6.375e-05 5.931e-05 2.177e-04 -1.000 3.690e-04 -3.125 0.605 -0.728 -2.302 -3.128 -3.802 -4.689 -5.388 -5.485
0.00012351 -2.10000 10.06446 0.8091827631 2.4218940735    0.739  3.298  3.6156  0.423    8  0.550  0.390    68.76    34.06  1 -7.77e-07      0.00 7.290e-01 2.706e-01 6.375e-05 5.931e-05 2.177e-04 -1.000 3.690e-04 -3.476 0.852 -0.709 -2.458 -3.381 -4.116 -5.075 -5.821 -5.926
0.00012351 -2.10000 10.06446 0.8091831803 2.4218943119    0.735  3.392  3.6069  0.292    8  0.551  0.390    91.20    43.35  1 -1.22e-06      0.00 7.290e-01 2.706e-01 6.375e-05 5.931e-05 2.177e-04 -1.000 3.690e-04 -3.711 1.027 -0.674 -2.540 -3.538 -4.319 -5.331 -6.109 -6.221
0.00012351 -2.10000 10.06446 0.8091836572 2.4218943119    0.731  3.444  3.6021  0.218    8  0.551  0.390   106.98    49.58  1 -1.57e-06      0.00 7.290e-01 2.706e-01 6.375e-05 5.931e-05 2.177e-04 -1.000 3.690e-04 -3.840 1.132 -0.644 -2.577 -3.619 -4.428 -5.471 -6.268 -6.385
0.00012351 -2.10000 10.06446 0.8091841936 2.4218945503    0.727  3.470  3.5996  0.179    8  0.552  0.390   116.52    53.17  1  -1.8e-06      0.00 7.290e-01 2.706e-01 6.375e-05 5.931e-05 2.177e-04 -1.000 3.690e-04 -3.906 1.191 -0.625 -2.592 -3.658 -4.483 -5.543 -6.349 -6.469
0.00012351 -2.10000 10.06446 0.8091847897 2.4218947887    0.722  3.487  3.5984  0.155    8  0.552  0.390   123.00    55.45  0 -1.99e-06      0.00 7.290e-01 2.706e-01 6.375e-05 5.931e-05 2.177e-04 -1.000 3.690e-04 -3.948 1.215 -0.622 -2.608 -3.687 -4.520 -5.588 -6.399 -6.520
0.00012351 -2.10000 10.06446 0.8091870546 2.4218955040    0.554 -9.999  4.0000  1.705    9  0.554  0.000     0.00     0.00 -1    -1e-30      0.00 7.290e-01 2.706e-01 6.375e-05 5.931e-05 2.177e-04 -1.000 3.690e-04 29.767 29.806 30.052 30.102 30.095 30.085 30.128 30.123 30.138
#isochrone terminated
