# File generated by CMD 3.3 (http://stev.oapd.inaf.it/cmd) on Mon Apr  6 22:29:56 CEST 2020
# isochrones based on PARSEC release v1.2S +  COLIBRI S_35
# Basic references: Bressan et al. (2012), MNRAS, 427, 127 + Chen et al. (2014, 2015), MNRAS, 444, 2525 + MNRAS, 452, 1068 + Tang et al. (2014), MNRAS, 445, 4287 + Marigo et al. (2017), ApJ, 835, 77 + Pastorelli al. (2019), MNRAS in press
# Thermal pulse cycles included 
# On RGB, assumed Reimers mass loss with efficiency eta=0.2
# Photometric system: <i>UBVRIJHK</i> (cf. Maiz-Apellaniz 2006 + Bessell 1990)
# Using YBC version of bolometric corrections as in Chen et al. (2019)
# O-rich circumstellar dpmod60alox40 dust from Groenewegen (2006)
# C-rich circumstellar AMCSIC15 dust from Groenewegen (2006)
# IMF: Kroupa (2001, 2002) + Kroupa et al. (2013) canonical two-part-power law IMF corrected for unresolved binaries 
# Kind of output: isochrone tables
# Zini     MH   logAge Mini        int_IMF         Mass   logL    logTe  logg  label   McoreTP C_O  period0 period1 pmode  Mloss  tau1m   X   Y   Xc  Xn  Xo  Cexcess  Z 	 mbolmag  Umag    Bmag    Vmag    Rmag    Imag    Jmag    Hmag    Kmag
0.00012351 -2.10000 10.03743 0.0969537646 1.1451442242    0.097 -2.910  3.5370  5.434    1  0.000  0.545     0.00     0.00 -1 -9.55e-17      0.00 7.468e-01 2.531e-01 2.346e-05 6.329e-06 5.740e-05 -1.000 1.305e-04 12.044 16.989 15.203 13.468 12.289 11.277 10.234 9.889 9.787
0.00012351 -2.10000 10.03743 0.0992197245 1.1645553112    0.099 -2.857  3.5436  5.417    1  0.000  0.545     0.00     0.00 -1 -1.09e-16      0.00 7.463e-01 2.536e-01 2.346e-05 6.329e-06 5.740e-05 -1.000 1.304e-04 11.913 16.611 14.942 13.261 12.117 11.154 10.127 9.756 9.645
0.00012351 -2.10000 10.03743 0.1068295985 1.2257492542    0.106 -2.689  3.5648  5.366    1  0.000  0.545     0.00     0.00 -1 -1.64e-16      0.00 7.448e-01 2.551e-01 2.346e-05 6.329e-06 5.740e-05 -1.000 1.304e-04 11.494 15.472 14.127 12.625 11.583 10.754 9.784 9.343 9.215
0.00012351 -2.10000 10.03743 0.1265812516 1.3612058163    0.126 -2.432  3.5899  5.282    1  0.000  0.545     0.00     0.00 -1 -2.99e-16      0.00 7.420e-01 2.579e-01 2.346e-05 6.329e-06 5.740e-05 -1.000 1.305e-04 10.849 14.095 13.069 11.762 10.847 10.123 9.226 8.726 8.578
0.00012351 -2.10000 10.03743 0.1463329047 1.4716402292    0.146 -2.263  3.6022  5.226    1  0.000  0.545     0.00     0.00 -1 -4.38e-16      0.00 7.401e-01 2.598e-01 2.346e-05 6.329e-06 5.740e-05 -1.000 1.305e-04 10.428 13.366 12.471 11.246 10.391 9.703 8.844 8.327 8.169
0.00012351 -2.10000 10.03743 0.1660845429 1.5642192364    0.166 -2.132  3.6103  5.181    1  0.000  0.545     0.00     0.00 -1 -5.86e-16      0.00 7.391e-01 2.607e-01 2.346e-05 6.329e-06 5.740e-05 -1.000 1.304e-04 10.099 12.850 12.035 10.859 10.042 9.376 8.540 8.017 7.853
0.00012351 -2.10000 10.03743 0.2055878639 1.7124989033    0.205 -1.923  3.6216  5.111    1  0.000  0.545     0.00     0.00 -1 -9.23e-16      0.00 7.385e-01 2.613e-01 2.346e-05 6.329e-06 5.740e-05 -1.000 1.304e-04 9.577 12.081 11.371 10.258 9.491 8.854 8.052 7.527 7.360
0.00012351 -2.10000 10.03743 0.2549670041 1.8527730703    0.255 -1.730  3.6319  5.053    1  0.000  0.545     0.00     0.00 -1 -1.38e-15      0.00 7.387e-01 2.612e-01 2.346e-05 6.330e-06 5.740e-05 -1.000 1.304e-04 9.094 11.386 10.768 9.707 8.982 8.370 7.599 7.078 6.913
0.00012351 -2.10000 10.03743 0.3043461442 1.9615367651    0.304 -1.581  3.6405  5.016    1  0.000  0.545     0.00     0.00 -1 -1.86e-15      0.00 7.388e-01 2.611e-01 2.345e-05 6.330e-06 5.740e-05 -1.000 1.304e-04 8.722 10.846 10.302 9.280 8.589 7.997 7.252 6.737 6.577
0.00012351 -2.10000 10.03743 0.3537252545 2.0494811535    0.354 -1.457  3.6485  4.989    1  0.000  0.544     0.00     0.00 -1 -2.37e-15      0.00 7.394e-01 2.604e-01 2.344e-05 6.331e-06 5.740e-05 -1.000 1.304e-04 8.411 10.389 9.910 8.923 8.261 7.687 6.964 6.459 6.305
0.00012351 -2.10000 10.03743 0.4031043947 2.1227581501    0.403 -1.335  3.6570  4.958    1  0.000  0.545     0.00     0.00 -1 -3.04e-15      0.00 7.502e-01 2.497e-01 2.346e-05 6.329e-06 5.740e-05 -1.000 1.304e-04 8.108 9.932 9.524 8.573 7.939 7.384 6.686 6.191 6.044
0.00012351 -2.10000 10.03743 0.4524835348 2.1852064133    0.452 -1.187  3.6708  4.916    1  0.000  0.545     0.00     0.00 -1 -4.23e-15      0.00 7.507e-01 2.492e-01 2.346e-05 6.329e-06 5.740e-05 -1.000 1.304e-04 7.738 9.320 9.027 8.134 7.544 7.018 6.359 5.882 5.748
0.00012351 -2.10000 10.03743 0.5018626451 2.2393662930    0.502 -1.023  3.6864  4.858    1  0.000  0.545     0.00     0.00 -1 -6.27e-15      0.00 7.519e-01 2.480e-01 2.338e-05 6.308e-06 5.721e-05 -1.000 1.304e-04 7.326 8.654 8.485 7.655 7.111 6.616 6.000 5.545 5.426
0.00012351 -2.10000 10.03743 0.5512418151 2.2846839428    0.551 -0.826  3.7056  4.779    1  0.000  0.544     0.00     0.00 -1 -1.03e-14      0.00 7.818e-01 2.181e-01 2.072e-05 5.593e-06 5.075e-05 -1.000 9.996e-05 6.834 7.879 7.847 7.098 6.603 6.144 5.580 5.154 5.051
0.00012351 -2.10000 10.03743 0.5569418073 2.2893233299    0.556 -0.802  3.7085  4.771    1  0.000  0.544     0.00     0.00 -1 -1.09e-14      0.00 7.832e-01 2.167e-01 2.060e-05 5.562e-06 5.047e-05 -1.000 1.036e-04 6.774 7.780 7.767 7.029 6.541 6.088 5.531 5.110 5.009
0.00012351 -2.10000 10.03743 0.6006208658 2.3215417862    0.600 -0.625  3.7297  4.712    1  0.000  0.544     0.00     0.00 -1 -1.69e-14      0.00 7.934e-01 2.064e-01 1.973e-05 5.331e-06 4.839e-05 -1.000 1.262e-04 6.332 7.083 7.189 6.535 6.095 5.680 5.176 4.787 4.704
0.00012351 -2.10000 10.03743 0.6116279364 2.3288304806    0.611 -0.578  3.7359  4.698    1  0.000  0.544     0.00     0.00 -1  -1.9e-14      0.00 7.967e-01 2.032e-01 1.946e-05 5.258e-06 4.774e-05 -1.000 1.163e-04 6.214 6.902 7.037 6.406 5.978 5.574 5.085 4.706 4.628
0.00012351 -2.10000 10.03743 0.6243990660 2.3369181156    0.624 -0.523  3.7432  4.681    1  0.000  0.543     0.00     0.00 -1 -2.18e-14      0.00 8.007e-01 1.992e-01 1.913e-05 5.170e-06 4.694e-05 -1.000 8.410e-05 6.077 6.695 6.860 6.257 5.844 5.452 4.980 4.611 4.539
0.00012351 -2.10000 10.03743 0.6358016729 2.3438243866    0.636 -0.473  3.7497  4.665    1  0.000  0.543     0.00     0.00 -1 -2.46e-14      0.00 8.045e-01 1.954e-01 1.882e-05 5.086e-06 4.619e-05 -1.000 1.204e-04 5.953 6.513 6.704 6.124 5.725 5.344 4.887 4.526 4.459
0.00012351 -2.10000 10.03743 0.6459626555 2.3497428894    0.646 -0.429  3.7554  4.651    1  0.000  0.543     0.00     0.00 -1 -2.75e-14      0.00 8.080e-01 1.919e-01 1.852e-05 5.008e-06 4.549e-05 -1.000 7.674e-05 5.842 6.354 6.566 6.006 5.619 5.249 4.804 4.449 4.388
0.00012351 -2.10000 10.03743 0.6499999762 2.3520355225    0.650 -0.411  3.7577  4.645    1  0.000  0.543     0.00     0.00 -1 -2.87e-14      0.00 8.095e-01 1.904e-01 1.841e-05 4.975e-06 4.520e-05 -1.000 1.156e-04 5.798 6.291 6.510 5.959 5.577 5.211 4.770 4.419 4.359
0.00012351 -2.10000 10.03743 0.6542572975 2.3544178009    0.654 -0.392  3.7600  4.638    1  0.000  0.543     0.00     0.00 -1 -3.01e-14      0.00 8.114e-01 1.885e-01 1.825e-05 4.934e-06 4.482e-05 -1.000 1.110e-04 5.751 6.225 6.452 5.910 5.532 5.170 4.735 4.385 4.328
0.00012351 -2.10000 10.03743 0.6663030982 2.3609693050    0.666 -0.338  3.7664  4.617    1  0.000  0.542     0.00     0.00 -1 -3.46e-14      0.00 8.170e-01 1.829e-01 1.778e-05 4.810e-06 4.371e-05 -1.000 1.253e-04 5.616 6.047 6.291 5.770 5.405 5.053 4.631 4.290 4.239
0.00012351 -2.10000 10.03743 0.6770058274 2.3665657043    0.677 -0.290  3.7720  4.598    1  0.000  0.542     0.00     0.00 -1 -3.93e-14      0.00 8.224e-01 1.775e-01 1.734e-05 4.692e-06 4.265e-05 -1.000 1.304e-04 5.494 5.890 6.146 5.645 5.290 4.948 4.537 4.202 4.156
0.00012351 -2.10000 10.03743 0.6875122786 2.3718652725    0.687 -0.241  3.7774  4.578    1  0.000  0.541     0.00     0.00 -1 -4.46e-14      0.00 8.280e-01 1.719e-01 1.687e-05 4.568e-06 4.154e-05 -1.000 1.280e-04 5.372 5.738 6.004 5.520 5.176 4.842 4.441 4.113 4.071
0.00012351 -2.10000 10.03743 0.6975062490 2.3767364025    0.697 -0.194  3.7824  4.557    1  0.000  0.541     0.00     0.00 -1 -4.97e-14      0.00 8.337e-01 1.662e-01 1.640e-05 4.442e-06 4.041e-05 -1.000 1.252e-04 5.254 5.592 5.867 5.399 5.065 4.739 4.349 4.027 3.989
0.00012351 -2.10000 10.03743 0.6999999881 2.3779268265    0.700 -0.181  3.7837  4.551    1  0.000  0.541     0.00     0.00 -1 -5.23e-14      0.00 8.352e-01 1.647e-01 1.628e-05 4.410e-06 4.012e-05 -1.000 1.202e-04 5.224 5.556 5.832 5.369 5.036 4.712 4.325 4.005 3.968
0.00012351 -2.10000 10.03743 0.7078185678 2.3815970421    0.708 -0.143  3.7874  4.532    1  0.000  0.539     0.00     0.00 -1  -5.8e-14      0.00 8.397e-01 1.602e-01 1.590e-05 4.318e-06 3.931e-05 -1.000 8.874e-05 5.128 5.443 5.722 5.271 4.946 4.628 4.248 3.934 3.900
0.00012351 -2.10000 10.03743 0.7183532119 2.3863971233    0.718 -0.089  3.7923  4.505    1  0.000  0.537     0.00     0.00 -1 -6.72e-14      0.00 8.454e-01 1.545e-01 1.543e-05 4.205e-06 3.831e-05 -1.000 7.224e-05 4.993 5.288 5.569 5.134 4.818 4.509 4.139 3.832 3.802
0.00012351 -2.10000 10.03743 0.7282810807 2.3907749653    0.728 -0.036  3.7968  4.476    1  0.000  0.535     0.00     0.00 -1  -7.8e-14      0.00 8.503e-01 1.496e-01 1.505e-05 4.112e-06 3.750e-05 -1.000 5.385e-05 4.860 5.139 5.419 4.998 4.691 4.390 4.030 3.730 3.703
0.00012351 -2.10000 10.03743 0.7369924188 2.3945047855    0.737  0.013  3.8008  4.447    1  0.000  0.533     0.00     0.00 -1 -8.96e-14      0.00 8.541e-01 1.459e-01 1.476e-05 4.045e-06 3.692e-05 -1.000 5.579e-05 4.738 5.004 5.282 4.873 4.574 4.279 3.928 3.635 3.610
0.00012351 -2.10000 10.03743 0.7455917001 2.3980884552    0.745  0.064  3.8046  4.417    1  0.000  0.531     0.00     0.00 -1 -1.04e-13      0.00 8.574e-01 1.426e-01 1.452e-05 3.990e-06 3.645e-05 -1.000 3.509e-05 4.611 4.868 5.140 4.743 4.451 4.163 3.820 3.534 3.512
0.00012351 -2.10000 10.03743 0.7500000000 2.3998889923    0.749  0.091  3.8065  4.400    1  0.000  0.530     0.00     0.00 -1 -1.12e-13      0.00 8.590e-01 1.410e-01 1.441e-05 3.966e-06 3.625e-05 -1.000 5.174e-05 4.542 4.795 5.064 4.672 4.384 4.100 3.761 3.478 3.458
0.00012351 -2.10000 10.03743 0.7555286288 2.4021129608    0.755  0.126  3.8091  4.378    1  0.000  0.530     0.00     0.00 -1 -1.25e-13      0.00 8.593e-01 1.406e-01 1.443e-05 3.974e-06 3.633e-05 -1.000 1.018e-04 4.454 4.701 4.966 4.582 4.299 4.019 3.686 3.408 3.389
0.00012351 -2.10000 10.03743 0.7630125880 2.4050645828    0.762  0.178  3.8125  4.345    1  0.000  0.529     0.00     0.00 -1 -1.45e-13      0.00 8.597e-01 1.402e-01 1.447e-05 3.986e-06 3.645e-05 -1.000 1.192e-04 4.326 4.567 4.824 4.450 4.174 3.900 3.575 3.304 3.287
0.00012351 -2.10000 10.03743 0.7720248699 2.4085319042    0.771  0.245  3.8166  4.299    1  0.000  0.529     0.00     0.00 -1 -1.77e-13      0.00 8.600e-01 1.399e-01 1.453e-05 4.003e-06 3.662e-05 -1.000 1.168e-04 4.158 4.393 4.639 4.277 4.009 3.742 3.426 3.165 3.148
0.00012351 -2.10000 10.03743 0.7803457379 2.4116513729    0.779  0.314  3.8200  4.248    1  0.000  0.529     0.00     0.00 -1 -2.19e-13      0.00 8.602e-01 1.397e-01 1.458e-05 4.020e-06 3.678e-05 -1.000 3.813e-05 3.984 4.216 4.451 4.098 3.837 3.576 3.269 3.015 3.000
0.00012351 -2.10000 10.03743 0.7858668566 2.4136793613    0.785  0.364  3.8220  4.209    1  0.000  0.528     0.00     0.00 -1 -2.56e-13      0.00 8.602e-01 1.397e-01 1.463e-05 4.033e-06 3.691e-05 -1.000 8.428e-05 3.860 4.091 4.318 3.970 3.713 3.456 3.154 2.905 2.890
0.00012351 -2.10000 10.03743 0.7911013961 2.4155721664    0.790  0.414  3.8233  4.167    1  0.000  0.528     0.00     0.00 -1    -3e-13      0.00 8.592e-01 1.407e-01 1.475e-05 4.067e-06 3.723e-05 -1.000 9.996e-05 3.735 3.966 4.185 3.842 3.588 3.334 3.035 2.790 2.774
0.00012351 -2.10000 10.03743 0.7953807712 2.4170982838    0.794  0.457  3.8239  4.128    1  0.000  0.528     0.00     0.00 -1 -3.48e-13      0.00 8.580e-01 1.419e-01 1.488e-05 4.102e-06 3.755e-05 -1.000 9.999e-05 3.627 3.859 4.072 3.731 3.479 3.226 2.929 2.685 2.670
0.00012351 -2.10000 10.03743 0.7969837785 2.4176650047    0.796  0.476  3.8235  4.109    1  0.000  0.528     0.00     0.00 -1 -3.71e-13      0.00 8.576e-01 1.423e-01 1.493e-05 4.115e-06 3.767e-05 -1.000 9.996e-05 3.579 3.813 4.024 3.683 3.431 3.178 2.879 2.635 2.620
0.00012351 -2.10000 10.03743 0.8000000715 2.4187245369    0.799  0.513  3.8225  4.070    1  0.000  0.528     0.00     0.00 -1 -4.19e-13      0.00 8.567e-01 1.432e-01 1.502e-05 4.140e-06 3.790e-05 -1.000 9.994e-05 3.488 3.726 3.934 3.592 3.338 3.084 2.783 2.537 2.522
0.00012351 -2.10000 10.03743 0.8003027439 2.4188303947    0.799  0.516  3.8224  4.066    1  0.000  0.528     0.00     0.00 -1 -4.24e-13      0.00 8.566e-01 1.433e-01 1.502e-05 4.142e-06 3.792e-05 -1.000 1.002e-04 3.479 3.718 3.925 3.583 3.328 3.074 2.774 2.528 2.512
0.00012351 -2.10000 10.03743 0.8043190241 2.4202256203    0.803  0.572  3.8189  3.998    1  0.000  0.528     0.00     0.00 -1  -5.2e-13      0.00 8.554e-01 1.445e-01 1.513e-05 4.171e-06 3.818e-05 -1.000 1.027e-04 3.339 3.588 3.792 3.444 3.184 2.925 2.616 2.363 2.346
0.00012351 -2.10000 10.03743 0.8050308824 2.4204714298    0.804  0.583  3.8180  3.984    1  0.000  0.528     0.00     0.00 -1 -5.42e-13      0.00 8.551e-01 1.448e-01 1.515e-05 4.176e-06 3.822e-05 -1.000 1.030e-04 3.313 3.563 3.768 3.417 3.156 2.896 2.585 2.331 2.313
0.00012351 -2.10000 10.03743 0.8056530952 2.4206855297    0.804  0.594  3.8167  3.968    1  0.000  0.528     0.00     0.00 -1 -5.67e-13      0.00 8.549e-01 1.449e-01 1.516e-05 4.180e-06 3.826e-05 -1.000 1.035e-04 3.286 3.540 3.744 3.391 3.128 2.865 2.551 2.295 2.277
0.00012351 -2.10000 10.03743 0.8077428341 2.4214024544    0.806  0.632  3.8109  3.908    2  0.000  0.528     0.00     0.00 -1 -6.62e-13      0.00 8.543e-01 1.456e-01 1.522e-05 4.195e-06 3.839e-05 -1.000 1.048e-04 3.189 3.457 3.664 3.298 3.025 2.753 2.426 2.157 2.138
0.00012351 -2.10000 10.03743 0.8093345761 2.4219458103    0.808  0.667  3.8038  3.846    2  0.000  0.529     0.00     0.00 -1 -7.68e-13      0.00 8.538e-01 1.461e-01 1.526e-05 4.206e-06 3.850e-05 -1.000 1.058e-04 3.104 3.392 3.602 3.218 2.932 2.649 2.305 2.023 2.000
0.00012351 -2.10000 10.03743 0.8105762601 2.4223678112    0.809  0.697  3.7955  3.782    2  0.000  0.529     0.00     0.00 -1 -8.86e-13      0.00 8.534e-01 1.465e-01 1.529e-05 4.215e-06 3.858e-05 -1.000 1.066e-04 3.027 3.341 3.555 3.148 2.848 2.550 2.187 1.889 1.862
0.00012351 -2.10000 10.03743 0.8115747571 2.4227061272    0.810  0.725  3.7862  3.718    2  0.000  0.529     0.00     0.00 -1 -1.02e-12      0.00 8.531e-01 1.469e-01 1.533e-05 4.224e-06 3.866e-05 -1.000 8.725e-05 2.957 3.304 3.519 3.087 2.769 2.457 2.072 1.756 1.725
0.00012351 -2.10000 10.03743 0.8124060631 2.4229872227    0.811  0.751  3.7769  3.655    2  0.000  0.529     0.00     0.00 -1 -1.16e-12      0.00 8.444e-01 1.556e-01 1.601e-05 4.409e-06 4.032e-05 -1.000 5.916e-05 2.892 3.277 3.491 3.032 2.697 2.369 1.963 1.630 1.593
0.00012351 -2.10000 10.03743 0.8131300807 2.4232313633    0.811  0.777  3.7684  3.596    2  0.000  0.532     0.00     0.00 -1 -1.32e-12      0.00 8.194e-01 1.805e-01 1.792e-05 4.921e-06 4.490e-05 -1.000 7.650e-05 2.829 3.255 3.463 2.978 2.628 2.286 1.860 1.512 1.469
0.00012351 -2.10000 10.03743 0.8137978911 2.4234559536    0.812  0.804  3.7605  3.537    2  0.000  0.534     0.00     0.00 -1  -1.5e-12      0.00 7.968e-01 2.031e-01 1.961e-05 5.374e-06 4.894e-05 -1.000 9.647e-05 2.760 3.227 3.428 2.918 2.554 2.199 1.755 1.393 1.345
0.00012351 -2.10000 10.03743 0.8144681454 2.4236812592    0.813  0.840  3.7534  3.473    2  0.000  0.536     0.00     0.00 -1 -1.75e-12      0.00 7.818e-01 2.180e-01 2.073e-05 5.672e-06 5.160e-05 -1.000 1.254e-04 2.669 3.182 3.371 2.838 2.460 2.093 1.632 1.258 1.205
0.00012351 -2.10000 10.03743 0.8149921894 2.4238569736    0.813  0.877  3.7487  3.418    2  0.000  0.536     0.00     0.00 -1 -2.03e-12      0.00 7.752e-01 2.246e-01 2.123e-05 5.805e-06 5.279e-05 -1.000 1.305e-04 2.578 3.123 3.302 2.754 2.367 1.992 1.520 1.138 1.081
0.00012351 -2.10000 10.03743 0.8155107498 2.4240305424    0.813  0.920  3.7448  3.360    2  0.000  0.536     0.00     0.00 -1  -2.4e-12      0.00 7.711e-01 2.288e-01 2.154e-05 5.888e-06 5.353e-05 -1.000 1.304e-04 2.471 3.044 3.213 2.652 2.258 1.877 1.395 1.007 0.947
0.00012351 -2.10000 10.03743 0.8155884743 2.4240565300    0.814  0.927  3.7444  3.351    2  0.000  0.536     0.00     0.00 -1 -2.47e-12      0.00 7.706e-01 2.293e-01 2.157e-05 5.897e-06 5.361e-05 -1.000 9.847e-05 2.453 3.029 3.197 2.635 2.240 1.858 1.375 0.986 0.925
0.00012351 -2.10000 10.03743 0.8160156608 2.4241993427    0.814  0.968  3.7421  3.301    3  0.000  0.537     0.00     0.00 -1 -2.87e-12      0.00 7.683e-01 2.316e-01 2.173e-05 5.940e-06 5.399e-05 -1.000 1.259e-04 2.349 2.942 3.104 2.535 2.136 1.750 1.261 0.868 0.805
0.00012351 -2.10000 10.03743 0.8164876699 2.4243569374    0.814  1.017  3.7397  3.242    3  0.000  0.537     0.00     0.00 -1 -3.43e-12      0.00 7.660e-01 2.339e-01 2.187e-05 5.977e-06 5.433e-05 -1.000 8.629e-05 2.227 2.837 2.993 2.417 2.013 1.623 1.128 0.730 0.666
0.00012351 -2.10000 10.03743 0.8168861270 2.4244899750    0.815  1.061  3.7380  3.191    3  0.000  0.537     0.00     0.00 -1 -4.03e-12      0.00 7.643e-01 2.356e-01 2.197e-05 6.003e-06 5.456e-05 -1.000 1.273e-04 2.117 2.742 2.892 2.310 1.903 1.510 1.010 0.608 0.543
0.00012351 -2.10000 10.03743 0.8172698021 2.4246177673    0.815  1.106  3.7364  3.140    3  0.000  0.537     0.00     0.00 -1 -4.74e-12      0.00 7.627e-01 2.371e-01 2.204e-05 6.024e-06 5.475e-05 -1.000 1.304e-04 2.004 2.643 2.788 2.201 1.791 1.396 0.891 0.485 0.419
0.00012351 -2.10000 10.03743 0.8176270723 2.4247367382    0.815  1.151  3.7348  3.090    3  0.000  0.537     0.00     0.00 -1 -5.56e-12      0.00 7.613e-01 2.386e-01 2.210e-05 6.042e-06 5.490e-05 -1.000 1.305e-04 1.893 2.545 2.684 2.093 1.680 1.282 0.773 0.363 0.296
0.00012351 -2.10000 10.03743 0.8179637194 2.4248485565    0.815  1.196  3.7334  3.039    3  0.000  0.537     0.00     0.00 -1 -6.53e-12      0.00 7.600e-01 2.399e-01 2.215e-05 6.057e-06 5.503e-05 -1.000 1.292e-04 1.781 2.445 2.579 1.983 1.569 1.169 0.654 0.241 0.174
0.00012351 -2.10000 10.03743 0.8183006048 2.4249603748    0.816  1.244  3.7319  2.985    3  0.000  0.536     0.00     0.00 -1 -7.77e-12      0.00 7.587e-01 2.412e-01 2.218e-05 6.072e-06 5.514e-05 -1.000 8.936e-05 1.660 2.336 2.466 1.865 1.448 1.046 0.527 0.110 0.042
0.00012351 -2.10000 10.03743 0.8185917735 2.4250571728    0.816  1.289  3.7304  2.934    3  0.000  0.536     0.00     0.00 -1 -9.14e-12      0.00 7.576e-01 2.423e-01 2.219e-05 6.088e-06 5.523e-05 -1.000 1.141e-04 1.547 2.236 2.359 1.755 1.335 0.931 0.408 -0.013 -0.081
0.00012351 -2.10000 10.03743 0.8188781738 2.4251520634    0.816  1.337  3.7289  2.880    3  0.000  0.535     0.00     0.00 -1 -1.09e-11      0.00 7.565e-01 2.434e-01 2.218e-05 6.110e-06 5.530e-05 -1.000 1.304e-04 1.427 2.130 2.247 1.638 1.216 0.808 0.281 -0.143 -0.212
0.00012351 -2.10000 10.03743 0.8191381097 2.4252381325    0.816  1.385  3.7275  2.827    3  0.000  0.534     0.00     0.00 -1 -1.29e-11      0.00 7.556e-01 2.443e-01 2.215e-05 6.141e-06 5.536e-05 -1.000 1.305e-04 1.309 2.025 2.136 1.522 1.098 0.688 0.157 -0.270 -0.340
0.00012351 -2.10000 10.03743 0.8193732500 2.4253160954    0.816  1.431  3.7260  2.775    3  0.000  0.532     0.00     0.00 -1 -1.52e-11      0.00 7.547e-01 2.451e-01 2.211e-05 6.182e-06 5.540e-05 -1.000 1.304e-04 1.192 1.923 2.027 1.409 0.982 0.570 0.035 -0.396 -0.467
0.00012351 -2.10000 10.03743 0.8195877075 2.4253869057    0.816  1.477  3.7245  2.723    3  0.000  0.531     0.00     0.00 -1  -1.8e-11      0.00 7.541e-01 2.458e-01 2.205e-05 6.231e-06 5.544e-05 -1.000 1.304e-04 1.077 1.822 1.920 1.297 0.867 0.453 -0.087 -0.522 -0.592
0.00012351 -2.10000 10.03743 0.8197902441 2.4254539013    0.816  1.525  3.7230  2.669    3  0.000  0.529     0.00     0.00 -1 -2.13e-11      0.00 7.535e-01 2.464e-01 2.200e-05 6.282e-06 5.547e-05 -1.000 1.304e-04 0.958 1.716 1.808 1.181 0.748 0.332 -0.212 -0.651 -0.722
0.00012351 -2.10000 10.03743 0.8199712634 2.4255137444    0.816  1.571  3.7214  2.616    3  0.000  0.528     0.00     0.00 -1 -2.52e-11      0.00 7.531e-01 2.468e-01 2.195e-05 6.335e-06 5.550e-05 -1.000 1.305e-04 0.842 1.613 1.700 1.068 0.633 0.213 -0.335 -0.777 -0.849
0.00012351 -2.10000 10.03743 0.8201335073 2.4255673885    0.816  1.617  3.7199  2.564    3  0.000  0.527     0.00     0.00 -1 -2.97e-11      0.00 7.527e-01 2.471e-01 2.191e-05 6.378e-06 5.551e-05 -1.000 1.304e-04 0.728 1.514 1.595 0.958 0.520 0.098 -0.455 -0.901 -0.973
0.00012351 -2.10000 10.03743 0.8202856183 2.4256176949    0.816  1.663  3.7183  2.512    3  0.000  0.526     0.00     0.00 -1 -3.52e-11      0.00 7.525e-01 2.474e-01 2.187e-05 6.410e-06 5.552e-05 -1.000 1.305e-04 0.612 1.413 1.488 0.846 0.405 -0.020 -0.577 -1.027 -1.100
0.00012351 -2.10000 10.03743 0.8204206824 2.4256622791    0.816  1.708  3.7167  2.461    3  0.000  0.525     0.00     0.00 -1 -4.14e-11      0.00 7.524e-01 2.475e-01 2.185e-05 6.430e-06 5.553e-05 -1.000 1.304e-04 0.500 1.319 1.385 0.737 0.293 -0.134 -0.696 -1.149 -1.223
0.00012351 -2.10000 10.03743 0.8205468059 2.4257037640    0.816  1.754  3.7151  2.408    3  0.000  0.525     0.00     0.00 -1 -4.88e-11      0.00 7.523e-01 2.476e-01 2.184e-05 6.441e-06 5.553e-05 -1.000 1.305e-04 0.385 1.225 1.281 0.626 0.179 -0.251 -0.818 -1.275 -1.350
0.00012351 -2.10000 10.03743 0.8206640482 2.4257423878    0.816  1.800  3.7134  2.355    3  0.000  0.525     0.00     0.00 -1 -5.77e-11      0.00 7.523e-01 2.476e-01 2.184e-05 6.444e-06 5.554e-05 -1.000 1.305e-04 0.270 1.129 1.176 0.514 0.064 -0.369 -0.941 -1.402 -1.477
0.00012351 -2.10000 10.03743 0.8207716346 2.4257779121    0.816  1.846  3.7118  2.302    3  0.000  0.525     0.00     0.00 -1 -6.83e-11      0.00 7.523e-01 2.476e-01 2.184e-05 6.445e-06 5.554e-05 -1.000 1.304e-04 0.154 1.034 1.071 0.403 -0.051 -0.487 -1.063 -1.528 -1.605
0.00012351 -2.10000 10.03743 0.8208694458 2.4258100986    0.815  1.892  3.7101  2.250    3  0.000  0.525     0.00     0.00 -1 -8.06e-11      0.00 7.523e-01 2.476e-01 2.184e-05 6.447e-06 5.554e-05 -1.000 1.305e-04 0.040 0.941 0.969 0.293 -0.165 -0.603 -1.185 -1.654 -1.731
0.00012351 -2.10000 10.03743 0.8209608793 2.4258403778    0.815  1.938  3.7083  2.196    3  0.000  0.525     0.00     0.00 -1 -9.53e-11      0.00 7.523e-01 2.476e-01 2.184e-05 6.448e-06 5.554e-05 -1.000 1.304e-04 -0.075 0.848 0.865 0.182 -0.279 -0.721 -1.308 -1.782 -1.860
0.00012351 -2.10000 10.03743 0.8210443258 2.4258677959    0.815  1.984  3.7067  2.143    3  0.000  0.525     0.00     0.00 -1 -1.13e-10      0.00 7.523e-01 2.476e-01 2.184e-05 6.449e-06 5.554e-05 -1.000 1.305e-04 -0.190 0.756 0.762 0.071 -0.393 -0.838 -1.430 -1.908 -1.987
0.00012351 -2.10000 10.03743 0.8211183548 2.4258921146    0.814  2.029  3.7049  2.092    3  0.000  0.525     0.00     0.00 -1 -1.32e-10      0.00 7.523e-01 2.476e-01 2.184e-05 6.449e-06 5.554e-05 -1.000 1.304e-04 -0.301 0.669 0.665 -0.034 -0.503 -0.951 -1.549 -2.031 -2.111
0.00012351 -2.10000 10.03743 0.8211866021 2.4259147644    0.814  2.073  3.7032  2.040    3  0.000  0.525     0.00     0.00 -1 -1.56e-10      0.00 7.523e-01 2.476e-01 2.184e-05 6.450e-06 5.554e-05 -1.000 1.305e-04 -0.412 0.581 0.567 -0.141 -0.613 -1.064 -1.667 -2.154 -2.234
0.00012351 -2.10000 10.03743 0.8212505579 2.4259357452    0.814  2.118  3.7014  1.988    3  0.000  0.525     0.00     0.00 -1 -1.84e-10      0.00 7.522e-01 2.476e-01 2.184e-05 6.451e-06 5.554e-05 -1.000 1.304e-04 -0.525 0.492 0.467 -0.249 -0.725 -1.179 -1.787 -2.278 -2.360
0.00012351 -2.10000 10.03743 0.8213079572 2.4259545803    0.813  2.162  3.6996  1.937    3  0.000  0.525     0.00     0.00 -1 -2.15e-10      0.00 7.522e-01 2.476e-01 2.184e-05 6.452e-06 5.554e-05 -1.000 1.304e-04 -0.634 0.411 0.372 -0.352 -0.833 -1.291 -1.904 -2.400 -2.482
0.00012351 -2.10000 10.03743 0.8213655949 2.4259736538    0.813  2.208  3.6978  1.883    3  0.000  0.525     0.00     0.00 -1 -2.55e-10      0.00 7.522e-01 2.476e-01 2.184e-05 6.452e-06 5.554e-05 -1.000 1.305e-04 -0.749 0.326 0.272 -0.462 -0.947 -1.408 -2.027 -2.527 -2.610
0.00012351 -2.10000 10.03743 0.8214260340 2.4259934425    0.812  2.250  3.6961  1.834    3  0.000  0.525     0.00     0.00 -1 -2.98e-10      0.00 7.522e-01 2.476e-01 2.183e-05 6.453e-06 5.554e-05 -1.000 1.304e-04 -0.855 0.248 0.181 -0.562 -1.051 -1.516 -2.140 -2.644 -2.728
0.00012351 -2.10000 10.03743 0.8214576840 2.4260039330    0.811  2.264  3.6956  1.818    3  0.000  0.525     0.00     0.00 -1 -3.15e-10      0.00 7.522e-01 2.476e-01 2.183e-05 6.453e-06 5.554e-05 -1.000 1.304e-04 -0.889 0.223 0.152 -0.594 -1.085 -1.550 -2.176 -2.681 -2.766
0.00012351 -2.10000 10.03743 0.8214890957 2.4260141850    0.811  2.254  3.6962  1.830    3  0.000  0.525     0.00     0.00 -1 -3.06e-10      0.00 7.522e-01 2.476e-01 2.183e-05 6.454e-06 5.554e-05 -1.000 1.305e-04 -0.865 0.237 0.170 -0.573 -1.062 -1.526 -2.150 -2.654 -2.737
0.00012351 -2.10000 10.03743 0.8214957714 2.4260165691    0.811  2.261  3.6959  1.821    3  0.000  0.525     0.00     0.00 -1 -3.13e-10      0.00 7.522e-01 2.476e-01 2.183e-05 6.454e-06 5.554e-05 -1.000 1.304e-04 -0.883 0.225 0.155 -0.589 -1.079 -1.544 -2.168 -2.673 -2.757
0.00012351 -2.10000 10.03743 0.8215329051 2.4260287285    0.810  2.301  3.6941  1.774    3  0.000  0.525     0.00     0.00 -1  -3.6e-10      0.00 7.522e-01 2.476e-01 2.183e-05 6.454e-06 5.554e-05 -1.000 1.305e-04 -0.984 0.153 0.069 -0.684 -1.178 -1.647 -2.277 -2.786 -2.871
0.00012351 -2.10000 10.03743 0.8215703964 2.4260411263    0.810  2.345  3.6924  1.723    3  0.000  0.525     0.00     0.00 -1  -4.2e-10      0.00 7.522e-01 2.476e-01 2.183e-05 6.455e-06 5.554e-05 -1.000 1.305e-04 -1.091 0.074 -0.023 -0.786 -1.285 -1.756 -2.392 -2.905 -2.991
0.00012351 -2.10000 10.03743 0.8216022253 2.4260513783    0.809  2.383  3.6907  1.677    3  0.000  0.525     0.00     0.00 -1 -4.85e-10      0.00 7.522e-01 2.476e-01 2.183e-05 6.455e-06 5.554e-05 -1.000 1.304e-04 -1.188 0.006 -0.105 -0.878 -1.380 -1.855 -2.496 -3.014 -3.100
0.00012351 -2.10000 10.03743 0.8216335177 2.4260618687    0.808  2.424  3.6888  1.629    3  0.000  0.525     0.00     0.00 -1 -5.64e-10      0.00 7.522e-01 2.477e-01 2.183e-05 6.455e-06 5.554e-05 -1.000 1.304e-04 -1.290 -0.064 -0.189 -0.973 -1.480 -1.959 -2.605 -3.128 -3.215
0.00012351 -2.10000 10.03743 0.8216627836 2.4260714054    0.808  2.465  3.6871  1.581    3  0.000  0.525     0.00     0.00 -1 -6.55e-10      0.00 7.522e-01 2.477e-01 2.183e-05 6.456e-06 5.554e-05 -1.000 1.304e-04 -1.392 -0.133 -0.274 -1.068 -1.580 -2.062 -2.714 -3.242 -3.330
0.00012351 -2.10000 10.03743 0.8216883540 2.4260797501    0.807  2.503  3.6853  1.535    3  0.000  0.525     0.00     0.00 -1 -7.54e-10      0.00 7.522e-01 2.477e-01 2.183e-05 6.456e-06 5.554e-05 -1.000 1.304e-04 -1.487 -0.161 -0.342 -1.158 -1.676 -2.162 -2.820 -3.352 -3.438
0.00012351 -2.10000 10.03743 0.8217136860 2.4260880947    0.806  2.543  3.6835  1.487    3  0.000  0.525     0.00     0.00 -1 -8.75e-10      0.00 7.522e-01 2.477e-01 2.183e-05 6.456e-06 5.554e-05 -1.000 1.304e-04 -1.589 -0.237 -0.427 -1.251 -1.774 -2.264 -2.927 -3.464 -3.553
0.00012351 -2.10000 10.03743 0.8217361569 2.4260954857    0.805  2.582  3.6817  1.441    3  0.000  0.525     0.00     0.00 -1 -1.01e-09      0.00 7.522e-01 2.477e-01 2.183e-05 6.456e-06 5.554e-05 -1.000 1.305e-04 -1.684 -0.276 -0.497 -1.340 -1.869 -2.363 -3.032 -3.573 -3.661
0.00012351 -2.10000 10.03743 0.8217571378 2.4261023998    0.804  2.620  3.6799  1.395    3  0.000  0.525     0.00     0.00 -1 -1.16e-09      0.00 7.522e-01 2.477e-01 2.183e-05 6.457e-06 5.554e-05 -1.000 1.304e-04 -1.779 -0.308 -0.563 -1.427 -1.964 -2.462 -3.136 -3.682 -3.770
0.00012351 -2.10000 10.03743 0.8217771053 2.4261090755    0.803  2.658  3.6781  1.349    3  0.000  0.525     0.00     0.00 -1 -1.34e-09      0.00 7.522e-01 2.477e-01 2.183e-05 6.457e-06 5.554e-05 -1.000 1.304e-04 -1.876 -0.335 -0.628 -1.515 -2.059 -2.562 -3.242 -3.793 -3.880
0.00012351 -2.10000 10.03743 0.8217986226 2.4261159897    0.801  2.703  3.6760  1.295    3  0.000  0.525     0.00     0.00 -1 -1.58e-09      0.00 7.522e-01 2.477e-01 2.183e-05 6.457e-06 5.554e-05 -1.000 1.304e-04 -1.988 -0.362 -0.701 -1.616 -2.169 -2.677 -3.365 -3.920 -4.007
0.00012351 -2.10000 10.03743 0.8218159676 2.4261217117    0.800  2.742  3.6741  1.248    3  0.000  0.525     0.00     0.00 -1 -1.82e-09      0.00 7.522e-01 2.477e-01 2.183e-05 6.457e-06 5.554e-05 -1.000 1.305e-04 -2.084 -0.376 -0.759 -1.701 -2.264 -2.777 -3.471 -4.032 -4.118
0.00012351 -2.10000 10.03743 0.8218337893 2.4261276722    0.799  2.784  3.6719  1.196    3  0.000  0.525     0.00     0.00 -1 -2.14e-09      0.00 7.522e-01 2.477e-01 2.183e-05 6.458e-06 5.554e-05 -1.000 1.305e-04 -2.191 -0.385 -0.821 -1.795 -2.369 -2.888 -3.589 -4.155 -4.241
0.00012351 -2.10000 10.03743 0.8218485117 2.4261324406    0.797  2.822  3.6701  1.150    3  0.000  0.525     0.00     0.00 -1 -2.46e-09      0.00 7.522e-01 2.477e-01 2.183e-05 6.458e-06 5.555e-05 -1.000 1.304e-04 -2.285 -0.391 -0.874 -1.877 -2.461 -2.986 -3.693 -4.263 -4.349
0.00012351 -2.10000 10.03743 0.8218635321 2.4261374474    0.795  2.863  3.6679  1.099    3  0.000  0.525     0.00     0.00 -1 -2.87e-09      0.00 7.522e-01 2.477e-01 2.183e-05 6.458e-06 5.555e-05 -1.000 1.305e-04 -2.388 -0.379 -0.923 -1.963 -2.560 -3.092 -3.807 -4.383 -4.468
0.00012351 -2.10000 10.03743 0.8218759894 2.4261415005    0.793  2.899  3.6661  1.055    3  0.000  0.525     0.00     0.00 -1 -3.29e-09      0.00 7.522e-01 2.477e-01 2.183e-05 6.458e-06 5.555e-05 -1.000 1.304e-04 -2.478 -0.372 -0.968 -2.040 -2.647 -3.185 -3.907 -4.488 -4.572
0.00012351 -2.10000 10.03743 0.8218890429 2.4261457920    0.791  2.940  3.6639  1.004    3  0.000  0.525     0.00     0.00 -1 -3.83e-09      0.00 7.522e-01 2.477e-01 2.183e-05 6.458e-06 5.555e-05 -1.000 1.305e-04 -2.579 -0.347 -1.009 -2.122 -2.744 -3.290 -4.020 -4.606 -4.690
0.00012351 -2.10000 10.03743 0.8219022751 2.4261500835    0.789  2.984  3.6616  0.950    3  0.000  0.525     0.00     0.00 -1 -4.52e-09      0.00 7.522e-01 2.477e-01 2.183e-05 6.458e-06 5.555e-05 -1.000 1.304e-04 -2.689 -0.306 -1.046 -2.209 -2.848 -3.404 -4.142 -4.734 -4.817
0.00012351 -2.10000 10.03743 0.8219130635 2.4261536598    0.786  3.022  3.6595  0.902    3  0.000  0.525     0.00     0.00 -1 -5.22e-09      0.00 7.522e-01 2.477e-01 2.183e-05 6.458e-06 5.555e-05 -1.000 1.304e-04 -2.784 -0.254 -1.068 -2.280 -2.938 -3.503 -4.250 -4.847 -4.929
0.00012351 -2.10000 10.03743 0.8219223022 2.4261567593    0.784  3.056  3.6576  0.859    3  0.000  0.525     0.00     0.00 -1 -5.95e-09      0.00 7.522e-01 2.477e-01 2.183e-05 6.459e-06 5.555e-05 -1.000 1.304e-04 -2.870 -0.212 -1.090 -2.343 -3.017 -3.590 -4.346 -4.948 -5.030
0.00012351 -2.10000 10.03743 0.8219318390 2.4261598587    0.781  3.093  3.6556  0.812    3  0.000  0.525     0.00     0.00 -1 -6.86e-09      0.00 7.522e-01 2.477e-01 2.183e-05 6.459e-06 5.555e-05 -1.000 1.305e-04 -2.964 -0.205 -1.129 -2.414 -3.102 -3.684 -4.448 -5.056 -5.138
0.00012351 -2.10000 10.03743 0.8219415545 2.4261629581    0.778  3.134  3.6532  0.760    3  0.000  0.525     0.00     0.00 -1 -8.01e-09      0.00 7.522e-01 2.477e-01 2.183e-05 6.459e-06 5.555e-05 -1.000 1.304e-04 -3.065 -0.195 -1.169 -2.491 -3.194 -3.785 -4.560 -5.174 -5.257
0.00012351 -2.10000 10.03743 0.8219497800 2.4261658192    0.775  3.170  3.6511  0.713    3  0.000  0.525     0.00     0.00 -1  -9.2e-09      0.00 7.522e-01 2.477e-01 2.183e-05 6.459e-06 5.555e-05 -1.000 1.304e-04 -3.156 -0.184 -1.204 -2.558 -3.275 -3.876 -4.659 -5.279 -5.362
0.00012351 -2.10000 10.03743 0.8219580054 2.4261684418    0.771  3.208  3.6490  0.665    3  0.000  0.525     0.00     0.00 -1 -1.06e-08      0.00 7.522e-01 2.477e-01 2.183e-05 6.459e-06 5.555e-05 -1.000 1.304e-04 -3.251 -0.174 -1.241 -2.628 -3.361 -3.970 -4.763 -5.388 -5.473
0.00012351 -2.10000 10.03743 0.8219656944 2.4261710644    0.767  3.243  3.6470  0.620    3  0.000  0.525     0.00     0.00 -1 -1.22e-08      0.00 7.522e-01 2.477e-01 2.183e-05 6.459e-06 5.555e-05 -1.000 1.304e-04 -3.338 -0.163 -1.274 -2.692 -3.438 -4.056 -4.858 -5.489 -5.575
0.00012351 -2.10000 10.03743 0.8219677806 2.4261717796    0.766  3.252  3.6465  0.608    3  0.000  0.525     0.00     0.00 -1 -1.27e-08      0.00 7.522e-01 2.477e-01 2.183e-05 6.459e-06 5.555e-05 -1.000 1.305e-04 -3.360 -0.159 -1.283 -2.708 -3.458 -4.078 -4.882 -5.515 -5.601
0.00012351 -2.10000 10.03743 0.8219677806 2.4261717796    0.766  1.689  3.8909  3.149    4  0.000  0.532     0.00     0.00 -1    -1e-30      0.00 7.555e-01 2.443e-01 2.201e-05 6.147e-06 5.515e-05 -1.000 1.303e-04 0.547 0.736 0.652 0.532 0.438 0.334 0.192 0.110 0.096
0.00012351 -2.10000 10.03743 0.8219687343 2.4261720181    0.766  1.700  3.8847  3.113    4  0.000  0.532     0.00     0.00 -1    -1e-30      0.00 7.555e-01 2.443e-01 2.201e-05 6.147e-06 5.515e-05 -1.000 1.303e-04 0.521 0.718 0.641 0.504 0.399 0.284 0.130 0.037 0.023
0.00012351 -2.10000 10.03743 0.8220230341 2.4261898994    0.766  1.715  3.8773  3.068    4  0.000  0.532     0.00     0.00 -1    -1e-30      0.00 7.555e-01 2.443e-01 2.201e-05 6.147e-06 5.515e-05 -1.000 1.303e-04 0.482 0.689 0.622 0.465 0.346 0.218 0.049 -0.057 -0.072
0.00012351 -2.10000 10.03743 0.8220769167 2.4262075424    0.766  1.716  3.8777  3.069    4  0.000  0.532     0.00     0.00 -1    -1e-30      0.00 7.555e-01 2.443e-01 2.201e-05 6.147e-06 5.515e-05 -1.000 1.305e-04 0.481 0.687 0.618 0.463 0.345 0.218 0.050 -0.055 -0.070
0.00012351 -2.10000 10.03743 0.8221315742 2.4262254238    0.766  1.716  3.8785  3.073    4  0.000  0.532     0.00     0.00 -1    -1e-30      0.00 7.555e-01 2.443e-01 2.201e-05 6.147e-06 5.515e-05 -1.000 1.303e-04 0.480 0.685 0.616 0.463 0.346 0.220 0.054 -0.049 -0.064
0.00012351 -2.10000 10.03743 0.8221870661 2.4262437820    0.766  1.716  3.8794  3.076    4  0.000  0.532     0.00     0.00 -1    -1e-30      0.00 7.555e-01 2.443e-01 2.201e-05 6.147e-06 5.515e-05 -1.000 1.303e-04 0.480 0.684 0.613 0.462 0.348 0.223 0.058 -0.043 -0.058
0.00012351 -2.10000 10.03743 0.8222425580 2.4262619019    0.766  1.716  3.8801  3.079    4  0.000  0.532     0.00     0.00 -1    -1e-30      0.00 7.555e-01 2.443e-01 2.201e-05 6.147e-06 5.515e-05 -1.000 1.304e-04 0.480 0.683 0.611 0.462 0.349 0.225 0.062 -0.038 -0.053
0.00012351 -2.10000 10.03743 0.8222980499 2.4262802601    0.766  1.716  3.8807  3.081    4  0.000  0.532     0.00     0.00 -1    -1e-30      0.00 7.555e-01 2.443e-01 2.201e-05 6.147e-06 5.515e-05 -1.000 1.304e-04 0.480 0.682 0.609 0.462 0.350 0.227 0.065 -0.034 -0.049
0.00012351 -2.10000 10.03743 0.8223500848 2.4262971878    0.766  1.716  3.8810  3.082    4  0.000  0.532     0.00     0.00 -1    -1e-30      0.00 7.555e-01 2.443e-01 2.201e-05 6.147e-06 5.515e-05 -1.000 1.304e-04 0.480 0.681 0.607 0.462 0.350 0.228 0.067 -0.031 -0.046
0.00012351 -2.10000 10.03743 0.8224064708 2.4263157845    0.766  1.716  3.8812  3.083    4  0.000  0.532     0.00     0.00 -1    -1e-30      0.00 7.555e-01 2.444e-01 2.201e-05 6.147e-06 5.515e-05 -1.000 1.304e-04 0.479 0.680 0.606 0.461 0.350 0.228 0.068 -0.031 -0.046
0.00012351 -2.10000 10.03743 0.8224583864 2.4263327122    0.766  1.717  3.8810  3.082    4  0.000  0.532     0.00     0.00 -1    -1e-30      0.00 7.555e-01 2.444e-01 2.201e-05 6.147e-06 5.515e-05 -1.000 1.303e-04 0.478 0.680 0.606 0.460 0.348 0.227 0.065 -0.033 -0.048
0.00012351 -2.10000 10.03743 0.8225113153 2.4263501167    0.766  1.718  3.8804  3.078    4  0.000  0.532     0.00     0.00 -1    -1e-30      0.00 7.555e-01 2.444e-01 2.201e-05 6.147e-06 5.515e-05 -1.000 1.304e-04 0.476 0.679 0.606 0.458 0.345 0.223 0.060 -0.040 -0.055
0.00012351 -2.10000 10.03743 0.8225631714 2.4263670444    0.766  1.718  3.8794  3.074    4  0.000  0.532     0.00     0.00 -1    -1e-30      0.00 7.555e-01 2.444e-01 2.201e-05 6.147e-06 5.515e-05 -1.000 1.304e-04 0.474 0.678 0.607 0.456 0.341 0.217 0.052 -0.049 -0.065
0.00012351 -2.10000 10.03743 0.8226158023 2.4263844490    0.767  1.720  3.8778  3.066    4  0.000  0.532     0.00     0.00 -1    -1e-30      0.00 7.555e-01 2.444e-01 2.201e-05 6.147e-06 5.515e-05 -1.000 1.304e-04 0.471 0.677 0.608 0.454 0.336 0.208 0.041 -0.063 -0.079
0.00012351 -2.10000 10.03743 0.8226667643 2.4264011383    0.767  1.721  3.8759  3.057    4  0.000  0.532     0.00     0.00 -1    -1e-30      0.00 7.555e-01 2.444e-01 2.201e-05 6.147e-06 5.515e-05 -1.000 1.304e-04 0.468 0.676 0.610 0.450 0.329 0.198 0.027 -0.081 -0.097
0.00012351 -2.10000 10.03743 0.8226724863 2.4264030457    0.767  1.721  3.8757  3.056    4  0.000  0.532     0.00     0.00 -1    -1e-30      0.00 7.555e-01 2.444e-01 2.201e-05 6.147e-06 5.515e-05 -1.000 1.304e-04 0.467 0.676 0.610 0.450 0.328 0.197 0.025 -0.083 -0.099
0.00012351 -2.10000 10.03743 0.8227220178 2.4264192581    0.767  1.723  3.8733  3.045    4  0.000  0.532     0.00     0.00 -1    -1e-30      0.00 7.555e-01 2.444e-01 2.201e-05 6.147e-06 5.515e-05 -1.000 1.304e-04 0.463 0.675 0.613 0.446 0.320 0.184 0.007 -0.106 -0.121
0.00012351 -2.10000 10.03743 0.8227775693 2.4264373779    0.767  1.725  3.8699  3.029    4  0.000  0.532     0.00     0.00 -1    -1e-30      0.00 7.555e-01 2.444e-01 2.201e-05 6.147e-06 5.515e-05 -1.000 1.303e-04 0.457 0.675 0.618 0.441 0.308 0.166 -0.018 -0.137 -0.153
0.00012351 -2.10000 10.03743 0.8228308558 2.4264550209    0.767  1.728  3.8659  3.011    4  0.000  0.532     0.00     0.00 -1    -1e-30      0.00 7.555e-01 2.444e-01 2.201e-05 6.147e-06 5.515e-05 -1.000 1.304e-04 0.451 0.674 0.624 0.437 0.296 0.147 -0.046 -0.172 -0.189
0.00012351 -2.10000 10.03743 0.8228845596 2.4264724255    0.767  1.731  3.8614  2.990    4  0.000  0.532     0.00     0.00 -1    -1e-30      0.00 7.555e-01 2.444e-01 2.201e-05 6.147e-06 5.515e-05 -1.000 1.304e-04 0.444 0.673 0.631 0.433 0.283 0.124 -0.079 -0.213 -0.230
0.00012351 -2.10000 10.03743 0.8229383230 2.4264900684    0.767  1.734  3.8561  2.965    4  0.000  0.532     0.00     0.00 -1    -1e-30      0.00 7.555e-01 2.444e-01 2.201e-05 6.147e-06 5.515e-05 -1.000 1.304e-04 0.435 0.672 0.640 0.429 0.268 0.100 -0.115 -0.260 -0.278
0.00012351 -2.10000 10.03743 0.8229902387 2.4265072346    0.767  1.738  3.8503  2.939    4  0.000  0.532     0.00     0.00 -1    -1e-30      0.00 7.555e-01 2.444e-01 2.201e-05 6.147e-06 5.515e-05 -1.000 1.304e-04 0.426 0.672 0.651 0.425 0.253 0.073 -0.155 -0.312 -0.330
0.00012351 -2.10000 10.03743 0.8230417371 2.4265241623    0.767  1.742  3.8440  2.909    4  0.000  0.532     0.00     0.00 -1    -1e-30      0.00 7.555e-01 2.444e-01 2.201e-05 6.147e-06 5.515e-05 -1.000 1.304e-04 0.416 0.672 0.663 0.422 0.237 0.045 -0.197 -0.368 -0.387
0.00012351 -2.10000 10.03743 0.8230466843 2.4265255928    0.767  1.742  3.8434  2.906    4  0.000  0.532     0.00     0.00 -1    -1e-30      0.00 7.555e-01 2.444e-01 2.201e-05 6.147e-06 5.515e-05 -1.000 1.304e-04 0.415 0.673 0.665 0.421 0.235 0.042 -0.201 -0.373 -0.393
0.00012351 -2.10000 10.03743 0.8230554461 2.4265284538    0.767  1.743  3.8423  2.901    4  0.000  0.532     0.00     0.00 -1    -1e-30      0.00 7.555e-01 2.444e-01 2.201e-05 6.147e-06 5.515e-05 -1.000 1.304e-04 0.413 0.673 0.667 0.421 0.232 0.037 -0.209 -0.383 -0.403
0.00012351 -2.10000 10.03743 0.8231073022 2.4265456200    0.767  1.747  3.8357  2.870    4  0.000  0.532     0.00     0.00 -1    -1e-30      0.00 7.555e-01 2.444e-01 2.201e-05 6.147e-06 5.515e-05 -1.000 1.303e-04 0.402 0.674 0.680 0.417 0.216 0.008 -0.254 -0.443 -0.463
0.00012351 -2.10000 10.03743 0.8231578469 2.4265620708    0.767  1.751  3.8290  2.839    4  0.000  0.532     0.00     0.00 -1    -1e-30      0.00 7.555e-01 2.444e-01 2.201e-05 6.147e-06 5.515e-05 -1.000 1.303e-04 0.392 0.676 0.695 0.414 0.199 -0.022 -0.299 -0.502 -0.523
0.00012351 -2.10000 10.03743 0.8232119083 2.4265797138    0.767  1.757  3.8213  2.803    4  0.000  0.532     0.00     0.00 -1    -1e-30      0.00 7.555e-01 2.444e-01 2.201e-05 6.147e-06 5.515e-05 -1.000 1.303e-04 0.379 0.680 0.712 0.411 0.181 -0.054 -0.350 -0.571 -0.593
0.00012351 -2.10000 10.03743 0.8232633471 2.4265966415    0.767  1.762  3.8134  2.767    4  0.000  0.532     0.00     0.00 -1    -1e-30      0.00 7.555e-01 2.444e-01 2.201e-05 6.147e-06 5.515e-05 -1.000 1.303e-04 0.365 0.685 0.730 0.408 0.163 -0.087 -0.402 -0.641 -0.665
0.00012351 -2.10000 10.03743 0.8233126402 2.4266128540    0.767  1.768  3.8059  2.731    4  0.000  0.532     0.00     0.00 -1    -1e-30      0.00 7.555e-01 2.444e-01 2.201e-05 6.147e-06 5.515e-05 -1.000 1.303e-04 0.351 0.690 0.750 0.406 0.145 -0.119 -0.452 -0.708 -0.734
0.00012351 -2.10000 10.03743 0.8233634830 2.4266293049    0.767  1.774  3.7984  2.695    4  0.000  0.532     0.00     0.00 -1    -1e-30      0.00 7.555e-01 2.444e-01 2.201e-05 6.147e-06 5.515e-05 -1.000 1.303e-04 0.336 0.696 0.770 0.404 0.127 -0.151 -0.503 -0.777 -0.805
0.00012351 -2.10000 10.03743 0.8234134316 2.4266457558    0.767  1.780  3.7918  2.663    4  0.000  0.532     0.00     0.00 -1    -1e-30      0.00 7.555e-01 2.444e-01 2.201e-05 6.147e-06 5.515e-05 -1.000 1.304e-04 0.321 0.702 0.787 0.401 0.110 -0.180 -0.549 -0.837 -0.869
0.00012351 -2.10000 10.03743 0.8234638572 2.4266622066    0.767  1.786  3.7855  2.631    4  0.000  0.532     0.00     0.00 -1    -1e-30      0.00 7.555e-01 2.444e-01 2.201e-05 6.147e-06 5.515e-05 -1.000 1.304e-04 0.305 0.708 0.802 0.396 0.093 -0.209 -0.594 -0.897 -0.930
0.00012351 -2.10000 10.03743 0.8235144019 2.4266788960    0.768  1.792  3.7800  2.603    4  0.000  0.532     0.00     0.00 -1    -1e-30      0.00 7.555e-01 2.444e-01 2.201e-05 6.147e-06 5.515e-05 -1.000 1.304e-04 0.289 0.710 0.812 0.390 0.075 -0.237 -0.635 -0.951 -0.987
0.00012351 -2.10000 10.03743 0.8235652447 2.4266953468    0.768  1.800  3.7747  2.574    4  0.000  0.532     0.00     0.00 -1    -1e-30      0.00 7.555e-01 2.444e-01 2.201e-05 6.147e-06 5.515e-05 -1.000 1.304e-04 0.270 0.715 0.820 0.380 0.055 -0.266 -0.679 -1.008 -1.046
0.00012351 -2.10000 10.03743 0.8235753179 2.4266986847    0.768  1.797  3.7756  2.581    4  0.000  0.532     0.00     0.00 -1    -1e-30      0.00 7.555e-01 2.444e-01 2.201e-05 6.147e-06 5.515e-05 -1.000 1.303e-04 0.278 0.719 0.824 0.387 0.064 -0.256 -0.667 -0.993 -1.031
0.00012351 -2.10000 10.03743 0.8236275315 2.4267158508    0.768  1.810  3.7688  2.541    4  0.000  0.532     0.00     0.00 -1    -1e-30      0.00 7.555e-01 2.444e-01 2.201e-05 6.147e-06 5.515e-05 -1.000 1.304e-04 0.246 0.718 0.825 0.367 0.030 -0.302 -0.730 -1.074 -1.114
0.00012351 -2.10000 10.03743 0.8236789107 2.4267325401    0.768  1.828  3.7620  2.495    4  0.000  0.532     0.00     0.00 -1    -1e-30      0.00 7.555e-01 2.444e-01 2.201e-05 6.147e-06 5.515e-05 -1.000 1.303e-04 0.200 0.704 0.815 0.336 -0.015 -0.360 -0.806 -1.165 -1.209
0.00012351 -2.10000 10.03743 0.8237220645 2.4267466068    0.768  1.856  3.7538  2.435    4  0.000  0.532     0.00     0.00 -1    -1e-30      0.00 7.555e-01 2.444e-01 2.201e-05 6.147e-06 5.515e-05 -1.000 1.304e-04 0.131 0.679 0.789 0.282 -0.085 -0.444 -0.911 -1.289 -1.337
0.00012351 -2.10000 10.03743 0.8237455487 2.4267544746    0.768  1.887  3.7459  2.372    4  0.000  0.532     0.00     0.00 -1    -1e-30      0.00 7.555e-01 2.444e-01 2.201e-05 6.147e-06 5.515e-05 -1.000 1.303e-04 0.052 0.647 0.753 0.220 -0.162 -0.536 -1.023 -1.417 -1.470
0.00012351 -2.10000 10.03743 0.8237560987 2.4267578125    0.768  1.919  3.7390  2.312    4  0.000  0.532     0.00     0.00 -1    -1e-30      0.00 7.555e-01 2.444e-01 2.201e-05 6.147e-06 5.515e-05 -1.000 1.303e-04 -0.029 0.611 0.710 0.153 -0.243 -0.628 -1.133 -1.543 -1.600
0.00012351 -2.10000 10.03743 0.8237608075 2.4267594814    0.768  1.953  3.7330  2.254    4  0.000  0.532     0.00     0.00 -1    -1e-30      0.00 7.555e-01 2.444e-01 2.201e-05 6.147e-06 5.515e-05 -1.000 1.303e-04 -0.112 0.577 0.661 0.082 -0.326 -0.722 -1.243 -1.666 -1.727
0.00012351 -2.10000 10.03743 0.8237630725 2.4267601967    0.768  1.986  3.7282  2.203    4  0.000  0.532     0.00     0.00 -1    -1e-30      0.00 7.555e-01 2.444e-01 2.201e-05 6.147e-06 5.515e-05 -1.000 1.303e-04 -0.194 0.538 0.608 0.011 -0.407 -0.812 -1.345 -1.778 -1.842
0.00012351 -2.10000 10.03743 0.8237639666 2.4267604351    0.768  2.006  3.7257  2.172    7  0.000  0.532     0.00     0.00 -1    -1e-30      0.00 7.555e-01 2.444e-01 2.201e-05 6.147e-06 5.515e-05 -1.000 1.303e-04 -0.244 0.511 0.574 -0.034 -0.457 -0.866 -1.407 -1.845 -1.910
0.00012351 -2.10000 10.03743 0.8237643242 2.4267604351    0.768  2.018  3.7243  2.154    7  0.000  0.532     0.00     0.00 -1    -1e-30      0.00 7.555e-01 2.444e-01 2.201e-05 6.147e-06 5.515e-05 -1.000 1.303e-04 -0.276 0.492 0.550 -0.063 -0.488 -0.900 -1.444 -1.885 -1.951
0.00012351 -2.10000 10.03743 0.8237654567 2.4267609119    0.768  2.063  3.7203  2.093    7  0.000  0.532     0.00     0.00 -1    -1e-30      0.00 7.555e-01 2.444e-01 2.201e-05 6.147e-06 5.515e-05 -1.000 1.304e-04 -0.388 0.418 0.463 -0.166 -0.599 -1.018 -1.573 -2.024 -2.092
0.00012351 -2.10000 10.03743 0.8237664104 2.4267611504    0.768  2.102  3.7172  2.042    7  0.000  0.532     0.00     0.00 -1    -1e-30      0.00 7.555e-01 2.444e-01 2.201e-05 6.147e-06 5.515e-05 -1.000 1.305e-04 -0.485 0.356 0.387 -0.254 -0.695 -1.119 -1.683 -2.140 -2.210
0.00012351 -2.10000 10.03743 0.8237672448 2.4267613888    0.768  2.134  3.7148  2.001    7  0.000  0.532     0.00     0.00 -1    -1e-30      0.00 7.555e-01 2.444e-01 2.201e-05 6.147e-06 5.515e-05 -1.000 1.303e-04 -0.565 0.302 0.324 -0.328 -0.774 -1.202 -1.773 -2.236 -2.307
0.00012351 -2.10000 10.03743 0.8237681985 2.4267618656    0.768  2.162  3.7130  1.965    7  0.000  0.532     0.00     0.00 -1    -1e-30      0.00 7.555e-01 2.444e-01 2.201e-05 6.147e-06 5.515e-05 -1.000 1.304e-04 -0.634 0.256 0.267 -0.393 -0.843 -1.275 -1.851 -2.318 -2.390
0.00012351 -2.10000 10.03743 0.8237704635 2.4267625809    0.768  2.176  3.7122  1.948    7  0.000  0.532     0.00     0.00 -1    -1e-30      0.00 7.555e-01 2.444e-01 2.201e-05 6.147e-06 5.515e-05 -1.000 1.304e-04 -0.671 0.229 0.236 -0.428 -0.880 -1.313 -1.891 -2.360 -2.432
0.00012351 -2.10000 10.03743 0.8237726092 2.4267632961    0.768  2.155  3.7137  1.976    7  0.000  0.532     0.00     0.00 -1    -1e-30      0.00 7.555e-01 2.444e-01 2.201e-05 6.147e-06 5.515e-05 -1.000 1.304e-04 -0.616 0.265 0.280 -0.377 -0.825 -1.256 -1.830 -2.295 -2.367
0.00012351 -2.10000 10.03743 0.8237929940 2.4267699718    0.768  2.147  3.7139  1.984    7  0.000  0.532     0.00     0.00 -1    -1e-30      0.00 7.555e-01 2.444e-01 2.201e-05 6.147e-06 5.515e-05 -1.000 1.303e-04 -0.598 0.281 0.298 -0.359 -0.806 -1.237 -1.810 -2.275 -2.347
0.00012351 -2.10000 10.03743 0.8238089085 2.4267752171    0.768  2.181  3.7113  1.940    7  0.000  0.532     0.00     0.00 -1    -1e-30      0.00 7.555e-01 2.444e-01 2.201e-05 6.147e-06 5.515e-05 -1.000 1.303e-04 -0.682 0.228 0.232 -0.436 -0.890 -1.325 -1.905 -2.375 -2.449
0.00012351 -2.10000 10.03743 0.8238298893 2.4267818928    0.768  2.229  3.7081  1.879    7  0.000  0.532     0.00     0.00 -1    -1e-30      0.00 7.555e-01 2.444e-01 2.201e-05 6.147e-06 5.515e-05 -1.000 1.304e-04 -0.803 0.150 0.135 -0.549 -1.009 -1.451 -2.040 -2.518 -2.593
0.00012351 -2.10000 10.03743 0.8238486648 2.4267880917    0.768  2.277  3.7050  1.818    7  0.000  0.532     0.00     0.00 -1    -1e-30      0.00 7.555e-01 2.444e-01 2.201e-05 6.147e-06 5.515e-05 -1.000 1.304e-04 -0.922 0.073 0.039 -0.659 -1.127 -1.574 -2.173 -2.657 -2.734
0.00012351 -2.10000 10.03743 0.8238657713 2.4267938137    0.768  2.322  3.7023  1.762    7  0.000  0.532     0.00     0.00 -1    -1e-30      0.00 7.555e-01 2.444e-01 2.201e-05 6.148e-06 5.515e-05 -1.000 1.304e-04 -1.036 -0.001 -0.052 -0.765 -1.239 -1.692 -2.298 -2.789 -2.868
0.00012351 -2.10000 10.03743 0.8238810897 2.4267988205    0.768  2.365  3.6998  1.710    7  0.000  0.532     0.00     0.00 -1    -1e-30      0.00 7.555e-01 2.444e-01 2.200e-05 6.148e-06 5.515e-05 -1.000 1.291e-04 -1.142 -0.072 -0.139 -0.864 -1.344 -1.801 -2.415 -2.912 -2.992
0.00012351 -2.10000 10.03743 0.8238946795 2.4268031120    0.768  2.407  3.6974  1.658    7  0.000  0.532     0.00     0.00 -1    -1e-30      0.00 7.555e-01 2.444e-01 2.199e-05 6.153e-06 5.516e-05 -1.000 1.096e-04 -1.247 -0.139 -0.223 -0.961 -1.447 -1.909 -2.530 -3.033 -3.114
0.00012351 -2.10000 10.03743 0.8239065409 2.4268069267    0.768  2.448  3.6951  1.607    7  0.000  0.530     0.00     0.00 -1    -1e-30      0.00 7.555e-01 2.444e-01 2.190e-05 6.191e-06 5.516e-05 -1.000 1.146e-04 -1.351 -0.206 -0.306 -1.056 -1.549 -2.015 -2.643 -3.152 -3.234
0.00012351 -2.10000 10.03743 0.8239170909 2.4268105030    0.768  2.489  3.6928  1.557    7  0.000  0.522     0.00     0.00 -1    -1e-30      0.00 7.554e-01 2.445e-01 2.164e-05 6.405e-06 5.517e-05 -1.000 9.702e-05 -1.453 -0.272 -0.388 -1.151 -1.648 -2.119 -2.754 -3.269 -3.352
0.00012351 -2.10000 10.03743 0.8239266276 2.4268136024    0.768  2.530  3.6905  1.508    7  0.000  0.508     0.00     0.00 -1    -1e-30      0.00 7.552e-01 2.447e-01 2.110e-05 6.990e-06 5.518e-05 -1.000 1.297e-04 -1.554 -0.337 -0.469 -1.245 -1.748 -2.223 -2.865 -3.385 -3.470
0.00012351 -2.10000 10.03743 0.8239353895 2.4268164635    0.768  2.570  3.6883  1.458    7  0.000  0.492     0.00     0.00 -1    -1e-30      0.00 7.550e-01 2.449e-01 2.047e-05 7.758e-06 5.520e-05 -1.000 1.302e-04 -1.656 -0.398 -0.548 -1.337 -1.847 -2.327 -2.976 -3.501 -3.587
0.00012351 -2.10000 10.03743 0.8239434958 2.4268190861    0.768  2.611  3.6860  1.408    7  0.000  0.478     0.00     0.00 -1    -1e-30      0.00 7.548e-01 2.450e-01 1.990e-05 8.464e-06 5.521e-05 -1.000 1.280e-04 -1.758 -0.458 -0.627 -1.430 -1.946 -2.431 -3.087 -3.618 -3.705
0.00012351 -2.10000 10.03743 0.8239508867 2.4268214703    0.768  2.652  3.6838  1.359    7  0.000  0.466     0.00     0.00 -1    -1e-30      0.00 7.546e-01 2.452e-01 1.940e-05 9.076e-06 5.523e-05 -1.000 1.265e-04 -1.859 -0.492 -0.697 -1.523 -2.046 -2.536 -3.199 -3.736 -3.823
0.00012351 -2.10000 10.03743 0.8239580393 2.4268238544    0.768  2.692  3.6815  1.309    7  0.000  0.456     0.00     0.00 -1    -1e-30      0.00 7.544e-01 2.454e-01 1.898e-05 9.598e-06 5.524e-05 -1.000 1.301e-04 -1.960 -0.517 -0.763 -1.614 -2.146 -2.642 -3.312 -3.854 -3.941
0.00012351 -2.10000 10.03743 0.8239647746 2.4268260002    0.768  2.732  3.6793  1.261    7  0.000  0.447     0.00     0.00 -1    -1e-30      0.00 7.542e-01 2.457e-01 1.861e-05 1.005e-05 5.523e-05 -1.000 1.282e-04 -2.060 -0.536 -0.825 -1.704 -2.245 -2.746 -3.423 -3.971 -4.057
0.00012351 -2.10000 10.03743 0.8239713311 2.4268281460    0.768  2.772  3.6770  1.211    7  0.000  0.439     0.00     0.00 -1    -1e-30      0.00 7.539e-01 2.459e-01 1.830e-05 1.044e-05 5.523e-05 -1.000 1.260e-04 -2.160 -0.545 -0.883 -1.792 -2.344 -2.850 -3.535 -4.088 -4.174
0.00012351 -2.10000 10.03743 0.8239774108 2.4268302917    0.768  2.813  3.6747  1.161    7  0.000  0.433     0.00     0.00 -1    -1e-30      0.00 7.537e-01 2.462e-01 1.802e-05 1.079e-05 5.520e-05 -1.000 1.305e-04 -2.262 -0.549 -0.939 -1.881 -2.443 -2.956 -3.648 -4.207 -4.293
0.00012351 -2.10000 10.03743 0.8239826560 2.4268319607    0.768  2.854  3.6724  1.111    7  0.000  0.428     0.00     0.00 -1    -1e-30      0.00 7.535e-01 2.464e-01 1.778e-05 1.109e-05 5.514e-05 -1.000 1.304e-04 -2.364 -0.543 -0.991 -1.968 -2.543 -3.063 -3.763 -4.327 -4.413
0.00012351 -2.10000 10.03743 0.8239871264 2.4268333912    0.768  2.894  3.6700  1.061    7  0.000  0.423     0.00     0.00 -1    -1e-30      0.00 7.532e-01 2.467e-01 1.758e-05 1.137e-05 5.505e-05 -1.000 1.304e-04 -2.465 -0.530 -1.038 -2.054 -2.642 -3.168 -3.876 -4.447 -4.532
0.00012351 -2.10000 10.03743 0.8239909410 2.4268345833    0.768  2.934  3.6676  1.011    7  0.000  0.420     0.00     0.00 -1    -1e-30      0.00 7.530e-01 2.469e-01 1.740e-05 1.165e-05 5.492e-05 -1.000 1.304e-04 -2.566 -0.505 -1.080 -2.136 -2.738 -3.273 -3.990 -4.566 -4.651
0.00012351 -2.10000 10.03743 0.8239943981 2.4268357754    0.768  2.974  3.6652  0.962    7  0.000  0.418     0.00     0.00 -1    -1e-30      0.00 7.527e-01 2.471e-01 1.726e-05 1.193e-05 5.477e-05 -1.000 1.304e-04 -2.666 -0.465 -1.113 -2.215 -2.833 -3.377 -4.102 -4.684 -4.768
0.00012351 -2.10000 10.03743 0.8239980936 2.4268369675    0.768  3.016  3.6627  0.910    7  0.000  0.416     0.00     0.00 -1    -1e-30      0.00 7.525e-01 2.473e-01 1.713e-05 1.220e-05 5.460e-05 -1.000 1.302e-04 -2.769 -0.407 -1.137 -2.293 -2.931 -3.485 -4.220 -4.808 -4.891
0.00012351 -2.10000 10.03743 0.8240011334 2.4268379211    0.768  3.057  3.6601  0.858    7  0.000  0.415     0.00     0.00 -1    -1e-30      0.00 7.523e-01 2.476e-01 1.704e-05 1.244e-05 5.444e-05 -1.000 1.269e-04 -2.873 -0.338 -1.156 -2.370 -3.029 -3.594 -4.339 -4.933 -5.015
0.00012351 -2.10000 10.03743 0.8240025640 2.4268383980    0.768  3.088  3.6581  0.820    7  0.000  0.415     0.00     0.00 -1    -1e-30      0.00 7.521e-01 2.478e-01 1.697e-05 1.266e-05 5.429e-05 -1.000 1.299e-04 -2.951 -0.277 -1.165 -2.423 -3.099 -3.673 -4.427 -5.026 -5.108
0.00012351 -2.10000 10.03743 0.8240031600 2.4268386364    0.768  3.049  3.6606  0.869    7  0.000  0.414     0.00     0.00 -1    -1e-30      0.00 7.520e-01 2.479e-01 1.691e-05 1.286e-05 5.414e-05 -1.000 1.305e-04 -2.852 -0.351 -1.152 -2.354 -3.008 -3.571 -4.314 -4.908 -4.990
0.00012351 -2.10000 10.03743 0.8240032792 2.4268386364    0.768  3.051  3.6604  0.866    7  0.000  0.414     0.00     0.00 -1    -1e-30      0.00 7.519e-01 2.479e-01 1.691e-05 1.287e-05 5.413e-05 -1.000 1.303e-04 -2.858 -0.346 -1.152 -2.358 -3.014 -3.578 -4.321 -4.915 -4.997
0.00012351 -2.10000 10.03743 0.8240035176 2.4268386364    0.768  3.075  3.6590  0.837    7  0.000  0.414     0.00     0.00 -1    -1e-30      0.00 7.519e-01 2.479e-01 1.690e-05 1.289e-05 5.412e-05 -1.000 1.304e-04 -2.916 -0.305 -1.161 -2.400 -3.068 -3.638 -4.388 -4.985 -5.067
0.00012351 -2.10000 10.03743 0.8240036964 2.4268388748    0.768  3.095  3.6578  0.812    7  0.000  0.414     0.00     0.00 -1    -1e-30      0.00 7.519e-01 2.480e-01 1.689e-05 1.290e-05 5.411e-05 -1.000 1.304e-04 -2.966 -0.271 -1.169 -2.435 -3.113 -3.689 -4.444 -5.045 -5.126
0.00012351 -2.10000 10.03743 0.8240038753 2.4268388748    0.768  3.116  3.6564  0.785    7  0.000  0.414     0.00     0.00 -1    -1e-30      0.00 7.519e-01 2.480e-01 1.688e-05 1.294e-05 5.408e-05 -1.000 1.303e-04 -3.019 -0.262 -1.188 -2.473 -3.161 -3.742 -4.503 -5.107 -5.189
0.00012351 -2.10000 10.03743 0.8240041137 2.4268388748    0.768  3.148  3.6543  0.745    7  0.000  0.414     0.00     0.00 -1    -1e-30      0.00 7.518e-01 2.481e-01 1.683e-05 1.311e-05 5.396e-05 -1.000 1.304e-04 -3.100 -0.246 -1.215 -2.531 -3.232 -3.821 -4.592 -5.202 -5.285
0.00012351 -2.10000 10.03743 0.8240044713 2.4268391132    0.768  3.191  3.6513  0.689    7  0.000  0.414     0.00     0.00 -1    -1e-30      0.00 7.514e-01 2.484e-01 1.671e-05 1.355e-05 5.364e-05 -1.000 1.304e-04 -3.209 -0.220 -1.249 -2.609 -3.329 -3.930 -4.713 -5.331 -5.415
0.00012351 -2.10000 10.03743 0.8240051270 2.4268393517    0.768  3.244  3.6477  0.623    7  0.549  0.413     0.00     0.00 -1    -1e-30      0.00 7.509e-01 2.489e-01 1.655e-05 1.416e-05 5.318e-05 -1.000 1.305e-04 -3.339 -0.187 -1.289 -2.699 -3.442 -4.058 -4.857 -5.485 -5.570
0.00012351 -2.10000 10.03743 0.8240051866 2.4268393517    0.768  3.414  3.6091  0.298    8  0.549  0.390    89.87    43.79  1 -1.17e-06      0.00 7.290e-01 2.706e-01 6.375e-05 5.931e-05 2.177e-04 -1.000 3.690e-04 -3.766 0.898 -0.778 -2.626 -3.612 -4.384 -5.384 -6.152 -6.262
0.00012351 -2.10000 10.03743 0.8240052462 2.4268393517    0.767  3.289  3.6171  0.455    8  0.549  0.390    64.00    32.64  1  -6.6e-07      0.00 7.290e-01 2.706e-01 6.375e-05 5.931e-05 2.177e-04 -1.000 3.689e-04 -3.451 0.794 -0.739 -2.463 -3.371 -4.096 -5.045 -5.786 -5.890
0.00012351 -2.10000 10.03743 0.8240053058 2.4268393517    0.766  3.146  3.6301  0.648    8  0.549  0.390    42.15    22.73  1 -3.39e-07      0.00 7.290e-01 2.706e-01 6.375e-05 5.931e-05 2.177e-04 -1.000 3.690e-04 -3.096 0.552 -0.747 -2.296 -3.110 -3.776 -4.654 -5.347 -5.443
0.00012351 -2.10000 10.03743 0.8240054846 2.4268393517    0.764  2.926  3.6501  0.948    8  0.549  0.390    22.11    13.00  1 -1.16e-07      0.00 7.290e-01 2.706e-01 6.375e-05 5.931e-05 2.177e-04 -1.000 3.690e-04 -2.545 0.243 -0.681 -1.972 -2.664 -3.253 -4.038 -4.667 -4.752
0.00012351 -2.10000 10.03743 0.8240057230 2.4268393517    0.762  2.931  3.6496  0.939    8  0.549  0.390    22.53    13.19  1  -1.2e-07      0.00 7.290e-01 2.706e-01 6.375e-05 5.931e-05 2.177e-04 -1.000 3.690e-04 -2.558 0.253 -0.681 -1.979 -2.674 -3.265 -4.052 -4.683 -4.769
0.00012351 -2.10000 10.03743 0.8240059614 2.4268395901    0.758  3.002  3.6430  0.839    8  0.550  0.390    27.94    15.85  1 -1.74e-07      0.00 7.290e-01 2.706e-01 6.375e-05 5.931e-05 2.177e-04 -1.000 3.690e-04 -2.736 0.348 -0.708 -2.089 -2.822 -3.436 -4.253 -4.904 -4.993
0.00012351 -2.10000 10.03743 0.8240063190 2.4268395901    0.754  3.157  3.6288  0.625    8  0.550  0.390    44.36    23.56  1 -3.76e-07      0.00 7.290e-01 2.706e-01 6.375e-05 5.931e-05 2.177e-04 -1.000 3.689e-04 -3.123 0.588 -0.737 -2.305 -3.128 -3.800 -4.685 -5.383 -5.479
0.00012351 -2.10000 10.03743 0.8240067363 2.4268398285    0.749  3.298  3.6159  0.430    8  0.550  0.390    67.62    33.79  1 -7.44e-07      0.00 7.290e-01 2.706e-01 6.375e-05 5.931e-05 2.177e-04 -1.000 3.689e-04 -3.474 0.837 -0.718 -2.462 -3.382 -4.115 -5.072 -5.817 -5.922
0.00012351 -2.10000 10.03743 0.8240071535 2.4268398285    0.743  3.392  3.6071  0.298    8  0.551  0.390    90.04    43.10  1 -1.18e-06      0.00 7.290e-01 2.706e-01 6.375e-05 5.931e-05 2.177e-04 -1.000 3.689e-04 -3.710 1.015 -0.682 -2.544 -3.539 -4.319 -5.329 -6.107 -6.219
0.00012351 -2.10000 10.03743 0.8240076900 2.4268400669    0.737  3.444  3.6022  0.222    8  0.551  0.390   106.03    49.40  1 -1.53e-06      0.00 7.290e-01 2.706e-01 6.375e-05 5.931e-05 2.177e-04 -1.000 3.689e-04 -3.840 1.124 -0.650 -2.580 -3.620 -4.429 -5.471 -6.267 -6.384
0.00012351 -2.10000 10.03743 0.8240082264 2.4268403053    0.730  3.470  3.5997  0.181    8  0.552  0.390   115.94    53.06  1 -1.78e-06      0.00 7.290e-01 2.706e-01 6.375e-05 5.931e-05 2.177e-04 -1.000 3.689e-04 -3.906 1.186 -0.628 -2.594 -3.659 -4.484 -5.543 -6.349 -6.468
0.00012351 -2.10000 10.03743 0.8240088820 2.4268405437    0.722  3.487  3.5984  0.155    8  0.552  0.390   122.91    55.44  0 -1.98e-06      0.00 7.290e-01 2.706e-01 6.375e-05 5.931e-05 2.177e-04 -1.000 3.689e-04 -3.948 1.215 -0.622 -2.608 -3.687 -4.520 -5.588 -6.399 -6.520
0.00012351 -2.10000 10.03743 0.8240112066 2.4268412590    0.554 -9.999  4.0000  1.705    9  0.554  0.000     0.00     0.00 -1    -1e-30      0.00 7.290e-01 2.706e-01 6.375e-05 5.931e-05 2.177e-04 -1.000 3.690e-04 29.767 29.806 30.052 30.102 30.095 30.085 30.128 30.123 30.138
#isochrone terminated
