# File generated by CMD 3.3 (http://stev.oapd.inaf.it/cmd) on Mon Apr  6 22:31:24 CEST 2020
# isochrones based on PARSEC release v1.2S +  COLIBRI S_35
# Basic references: Bressan et al. (2012), MNRAS, 427, 127 + Chen et al. (2014, 2015), MNRAS, 444, 2525 + MNRAS, 452, 1068 + Tang et al. (2014), MNRAS, 445, 4287 + Marigo et al. (2017), ApJ, 835, 77 + Pastorelli al. (2019), MNRAS in press
# Thermal pulse cycles included 
# On RGB, assumed Reimers mass loss with efficiency eta=0.2
# Photometric system: <i>UBVRIJHK</i> (cf. Maiz-Apellaniz 2006 + Bessell 1990)
# Using YBC version of bolometric corrections as in Chen et al. (2019)
# O-rich circumstellar dpmod60alox40 dust from Groenewegen (2006)
# C-rich circumstellar AMCSIC15 dust from Groenewegen (2006)
# IMF: Kroupa (2001, 2002) + Kroupa et al. (2013) canonical two-part-power law IMF corrected for unresolved binaries 
# Kind of output: isochrone tables
# Zini     MH   logAge Mini        int_IMF         Mass   logL    logTe  logg  label   McoreTP C_O  period0 period1 pmode  Mloss  tau1m   X   Y   Xc  Xn  Xo  Cexcess  Z 	 mbolmag  Umag    Bmag    Vmag    Rmag    Imag    Jmag    Hmag    Kmag
0.00039019 -1.60000 10.03743 0.0900000036 1.0816895962    0.090 -3.189  3.4781  5.445    1  0.000  0.545     0.00     0.00 -1 -5.14e-17      0.00 7.483e-01 2.513e-01 7.531e-05 2.032e-05 1.843e-04 -1.000 4.188e-04 12.742 20.089 17.322 15.316 13.633 12.042 10.758 10.474 10.381
0.00039019 -1.60000 10.03743 0.0973249748 1.1483643055    0.097 -2.956  3.5117  5.381    1  0.000  0.545     0.00     0.00 -1 -9.11e-17      0.00 7.470e-01 2.526e-01 7.531e-05 2.032e-05 1.843e-04 -1.000 4.188e-04 12.159 17.973 15.912 14.026 12.702 11.457 10.292 9.869 9.744
0.00039019 -1.60000 10.03743 0.1000000015 1.1711064577    0.100 -2.875  3.5233  5.358    1  0.000  0.545     0.00     0.00 -1 -1.11e-16      0.00 7.465e-01 2.531e-01 7.531e-05 2.032e-05 1.843e-04 -1.000 4.189e-04 11.957 17.313 15.453 13.639 12.397 11.255 10.130 9.672 9.536
0.00039019 -1.60000 10.03743 0.1002677381 1.1733390093    0.100 -2.871  3.5238  5.357    1  0.000  0.545     0.00     0.00 -1 -1.12e-16      0.00 7.464e-01 2.531e-01 7.531e-05 2.032e-05 1.843e-04 -1.000 4.189e-04 11.947 17.285 15.433 13.621 12.383 11.245 10.121 9.662 9.526
0.00039019 -1.60000 10.03743 0.1200000048 1.3193155527    0.120 -2.587  3.5544  5.273    1  0.000  0.545     0.00     0.00 -1 -2.17e-16      0.00 7.439e-01 2.557e-01 7.531e-05 2.032e-05 1.843e-04 -1.000 4.188e-04 11.237 15.540 14.110 12.526 11.444 10.532 9.512 8.991 8.831
0.00039019 -1.60000 10.03743 0.1400000006 1.4384527206    0.140 -2.405  3.5695  5.219    1  0.000  0.545     0.00     0.00 -1 -3.25e-16      0.00 7.421e-01 2.575e-01 7.531e-05 2.032e-05 1.843e-04 -1.000 4.188e-04 10.783 14.632 13.383 11.914 10.900 10.077 9.107 8.566 8.394
0.00039019 -1.60000 10.03743 0.1599999964 1.5372931957    0.160 -2.263  3.5796  5.176    1  0.000  0.545     0.00     0.00 -1 -4.43e-16      0.00 7.408e-01 2.588e-01 7.531e-05 2.032e-05 1.843e-04 -1.000 4.189e-04 10.428 14.009 12.863 11.466 10.496 9.720 8.783 8.232 8.053
0.00039019 -1.60000 10.03743 0.2000000179 1.6938792467    0.200 -2.043  3.5926  5.104    1  0.000  0.545     0.00     0.00 -1 -7.15e-16      0.00 7.396e-01 2.599e-01 7.531e-05 2.032e-05 1.843e-04 -1.000 4.189e-04 9.876 13.123 12.110 10.803 9.894 9.168 8.271 7.712 7.526
0.00039019 -1.60000 10.03743 0.2500000298 1.8403259516    0.250 -1.839  3.6036  5.041    1  0.000  0.545     0.00     0.00 -1  -1.1e-15      0.00 7.396e-01 2.600e-01 7.530e-05 2.032e-05 1.843e-04 -1.000 4.188e-04 9.366 12.357 11.441 10.206 9.346 8.655 7.793 7.230 7.044
0.00039019 -1.60000 10.03743 0.3000000417 1.9529141188    0.300 -1.683  3.6123  4.999    1  0.000  0.545     0.00     0.00 -1 -1.51e-15      0.00 7.398e-01 2.598e-01 7.529e-05 2.032e-05 1.843e-04 -1.000 4.188e-04 8.977 11.780 10.934 9.751 8.929 8.264 7.427 6.864 6.683
0.00039019 -1.60000 10.03743 0.3193132579 1.9900488853    0.319 -1.632  3.6154  4.987    1  0.000  0.545     0.00     0.00 -1 -1.67e-15      0.00 7.398e-01 2.598e-01 7.528e-05 2.032e-05 1.843e-04 -1.000 4.188e-04 8.849 11.591 10.768 9.602 8.792 8.135 7.308 6.745 6.566
0.00039019 -1.60000 10.03743 0.3500000238 2.0434176922    0.350 -1.556  3.6199  4.970    1  0.000  0.545     0.00     0.00 -1 -1.93e-15      0.00 7.398e-01 2.598e-01 7.526e-05 2.032e-05 1.843e-04 -1.000 4.188e-04 8.661 11.313 10.522 9.381 8.590 7.946 7.131 6.569 6.394
0.00039019 -1.60000 10.03743 0.4000000358 2.1185026169    0.400 -1.419  3.6305  4.933    1  0.000  0.545     0.00     0.00 -1 -2.59e-15      0.00 7.503e-01 2.493e-01 7.531e-05 2.032e-05 1.843e-04 -1.000 4.188e-04 8.317 10.762 10.049 8.964 8.217 7.602 6.817 6.256 6.094
0.00039019 -1.60000 10.03743 0.4499999881 2.1822810173    0.450 -1.251  3.6482  4.886    1  0.000  0.545     0.00     0.00 -1 -3.79e-15      0.00 7.505e-01 2.491e-01 7.531e-05 2.032e-05 1.843e-04 -1.000 4.189e-04 7.897 10.015 9.428 8.431 7.750 7.181 6.444 5.896 5.755
0.00039019 -1.60000 10.03743 0.5000000000 2.2374541759    0.500 -1.062  3.6720  4.839    1  0.000  0.545     0.00     0.00 -1 -5.86e-15      0.00 7.505e-01 2.491e-01 7.531e-05 2.032e-05 1.843e-04 -1.000 4.188e-04 7.426 9.112 8.714 7.825 7.228 6.715 6.046 5.533 5.414
0.00039019 -1.60000 10.03743 0.5500000715 2.2836585045    0.550 -0.855  3.6955  4.767    1  0.000  0.544     0.00     0.00 -1 -9.79e-15      0.00 7.817e-01 2.179e-01 6.647e-05 1.794e-05 1.628e-04 -1.000 3.291e-04 6.907 8.190 7.992 7.198 6.674 6.208 5.609 5.145 5.045
0.00039019 -1.60000 10.03743 0.5990505815 2.3204767704    0.599 -0.655  3.7214  4.707    1  0.000  0.544     0.00     0.00 -1 -1.59e-14      0.00 7.918e-01 2.079e-01 6.378e-05 1.723e-05 1.564e-04 -1.000 3.454e-04 6.406 7.322 7.313 6.615 6.156 5.735 5.210 4.800 4.716
0.00039019 -1.60000 10.03743 0.6000000238 2.3211214542    0.600 -0.651  3.7219  4.706    1  0.000  0.544     0.00     0.00 -1  -1.6e-14      0.00 7.920e-01 2.077e-01 6.373e-05 1.722e-05 1.563e-04 -1.000 3.458e-04 6.397 7.307 7.301 6.605 6.147 5.726 5.202 4.793 4.710
0.00039019 -1.60000 10.03743 0.6144579649 2.3306560516    0.614 -0.590  3.7306  4.690    1  0.000  0.544     0.00     0.00 -1 -1.86e-14      0.00 7.955e-01 2.041e-01 6.281e-05 1.697e-05 1.540e-04 -1.000 3.505e-04 6.244 7.048 7.095 6.431 5.992 5.586 5.085 4.693 4.615
0.00039019 -1.60000 10.03743 0.6278103590 2.3390145302    0.628 -0.533  3.7385  4.674    1  0.000  0.543     0.00     0.00 -1 -2.14e-14      0.00 7.990e-01 2.007e-01 6.191e-05 1.673e-05 1.519e-04 -1.000 3.358e-04 6.102 6.820 6.909 6.274 5.851 5.458 4.977 4.598 4.526
0.00039019 -1.60000 10.03743 0.6392369270 2.3458495140    0.639 -0.484  3.7452  4.660    1  0.000  0.543     0.00     0.00 -1 -2.41e-14      0.00 8.021e-01 1.976e-01 6.110e-05 1.651e-05 1.500e-04 -1.000 3.363e-04 5.979 6.632 6.752 6.141 5.732 5.349 4.884 4.515 4.448
0.00039019 -1.60000 10.03743 0.6499999762 2.3520355225    0.650 -0.437  3.7514  4.646    1  0.000  0.543     0.00     0.00 -1  -2.7e-14      0.00 8.051e-01 1.946e-01 6.031e-05 1.630e-05 1.481e-04 -1.000 3.357e-04 5.864 6.458 6.605 6.016 5.620 5.248 4.796 4.436 4.374
0.00039019 -1.60000 10.03743 0.6629166007 2.3591549397    0.663 -0.381  3.7583  4.625    1  0.000  0.543     0.00     0.00 -1 -3.12e-14      0.00 8.098e-01 1.899e-01 5.911e-05 1.598e-05 1.452e-04 -1.000 3.330e-04 5.723 6.255 6.430 5.867 5.485 5.125 4.689 4.339 4.283
0.00039019 -1.60000 10.03743 0.6763157845 2.3662111759    0.676 -0.322  3.7652  4.603    1  0.000  0.542     0.00     0.00 -1 -3.63e-14      0.00 8.149e-01 1.847e-01 5.777e-05 1.563e-05 1.420e-04 -1.000 3.459e-04 5.575 6.052 6.250 5.713 5.345 4.996 4.575 4.234 4.183
0.00039019 -1.60000 10.03743 0.6887204051 2.3724627495    0.689 -0.266  3.7715  4.580    1  0.000  0.542     0.00     0.00 -1  -4.2e-14      0.00 8.201e-01 1.796e-01 5.645e-05 1.527e-05 1.389e-04 -1.000 3.437e-04 5.436 5.868 6.084 5.569 5.213 4.874 4.466 4.133 4.088
0.00039019 -1.60000 10.03743 0.6999999881 2.3779268265    0.700 -0.214  3.7770  4.557    1  0.000  0.542     0.00     0.00 -1 -4.81e-14      0.00 8.251e-01 1.746e-01 5.516e-05 1.493e-05 1.358e-04 -1.000 3.305e-04 5.306 5.701 5.931 5.436 5.091 4.760 4.364 4.039 3.998
0.00039019 -1.60000 10.03743 0.7108024359 2.3829731941    0.711 -0.163  3.7820  4.532    1  0.000  0.539     0.00     0.00 -1 -5.53e-14      0.00 8.311e-01 1.686e-01 5.343e-05 1.451e-05 1.320e-04 -1.000 2.460e-04 5.177 5.542 5.782 5.304 4.969 4.647 4.260 3.942 3.905
0.00039019 -1.60000 10.03743 0.7213096023 2.3877153397    0.721 -0.111  3.7867  4.506    1  0.000  0.537     0.00     0.00 -1 -6.38e-14      0.00 8.370e-01 1.627e-01 5.175e-05 1.409e-05 1.284e-04 -1.000 2.612e-04 5.047 5.389 5.634 5.172 4.846 4.532 4.155 3.844 3.811
0.00039019 -1.60000 10.03743 0.7312147021 2.3920423985    0.731 -0.060  3.7911  4.478    1  0.000  0.535     0.00     0.00 -1 -7.35e-14      0.00 8.424e-01 1.573e-01 5.022e-05 1.372e-05 1.251e-04 -1.000 2.558e-04 4.920 5.242 5.489 5.042 4.725 4.417 4.050 3.745 3.715
0.00039019 -1.60000 10.03743 0.7399084568 2.3957307339    0.739 -0.013  3.7948  4.451    1  0.000  0.533     0.00     0.00 -1  -8.4e-14      0.00 8.470e-01 1.527e-01 4.897e-05 1.341e-05 1.223e-04 -1.000 2.511e-04 4.802 5.110 5.358 4.923 4.612 4.311 3.952 3.653 3.626
0.00039019 -1.60000 10.03743 0.7484922409 2.3992760181    0.748  0.036  3.7983  4.422    1  0.000  0.532     0.00     0.00 -1 -9.65e-14      0.00 8.513e-01 1.485e-01 4.782e-05 1.314e-05 1.199e-04 -1.000 2.477e-04 4.681 4.975 5.222 4.799 4.495 4.200 3.848 3.556 3.530
0.00039019 -1.60000 10.03743 0.7500000000 2.3998889923    0.749  0.044  3.7989  4.416    1  0.000  0.531     0.00     0.00 -1 -9.89e-14      0.00 8.520e-01 1.478e-01 4.762e-05 1.309e-05 1.195e-04 -1.000 2.460e-04 4.659 4.951 5.198 4.777 4.474 4.180 3.830 3.538 3.513
0.00039019 -1.60000 10.03743 0.7517012954 2.4005773067    0.751  0.054  3.7996  4.410    1  0.000  0.531     0.00     0.00 -1 -1.02e-13      0.00 8.524e-01 1.474e-01 4.756e-05 1.307e-05 1.193e-04 -1.000 2.459e-04 4.635 4.924 5.171 4.752 4.451 4.158 3.809 3.519 3.494
0.00039019 -1.60000 10.03743 0.7600684762 2.4039115906    0.759  0.105  3.8031  4.378    1  0.000  0.531     0.00     0.00 -1 -1.18e-13      0.00 8.542e-01 1.455e-01 4.731e-05 1.301e-05 1.188e-04 -1.000 2.512e-04 4.508 4.788 5.030 4.622 4.328 4.041 3.699 3.415 3.393
0.00039019 -1.60000 10.03743 0.7680528760 2.4070153236    0.767  0.156  3.8063  4.344    1  0.000  0.530     0.00     0.00 -1 -1.38e-13      0.00 8.558e-01 1.439e-01 4.711e-05 1.296e-05 1.185e-04 -1.000 2.637e-04 4.379 4.650 4.888 4.490 4.202 3.920 3.586 3.308 3.287
0.00039019 -1.60000 10.03743 0.7754120231 2.4098110199    0.775  0.207  3.8091  4.308    1  0.000  0.530     0.00     0.00 -1  -1.6e-13      0.00 8.572e-01 1.426e-01 4.696e-05 1.293e-05 1.182e-04 -1.000 2.590e-04 4.251 4.516 4.748 4.359 4.077 3.801 3.473 3.200 3.181
0.00039019 -1.60000 10.03743 0.7821471691 2.4123167992    0.781  0.257  3.8114  4.271    1  0.000  0.529     0.00     0.00 -1 -1.87e-13      0.00 8.583e-01 1.415e-01 4.684e-05 1.290e-05 1.180e-04 -1.000 2.459e-04 4.127 4.388 4.613 4.232 3.954 3.682 3.360 3.092 3.074
0.00039019 -1.60000 10.03743 0.7883100510 2.4145665169    0.787  0.306  3.8132  4.233    1  0.000  0.529     0.00     0.00 -1 -2.17e-13      0.00 8.589e-01 1.408e-01 4.681e-05 1.289e-05 1.180e-04 -1.000 2.756e-04 4.005 4.264 4.483 4.107 3.834 3.565 3.247 2.983 2.965
0.00039019 -1.60000 10.03743 0.7940508723 2.4166259766    0.793  0.354  3.8143  4.192    1  0.000  0.529     0.00     0.00 -1 -2.54e-13      0.00 8.585e-01 1.412e-01 4.703e-05 1.296e-05 1.186e-04 -1.000 3.019e-04 3.884 4.143 4.355 3.984 3.713 3.446 3.131 2.870 2.853
0.00039019 -1.60000 10.03743 0.7979840040 2.4180173874    0.797  0.389  3.8149  4.162    1  0.000  0.529     0.00     0.00 -1 -2.84e-13      0.00 8.580e-01 1.417e-01 4.723e-05 1.301e-05 1.191e-04 -1.000 3.159e-04 3.798 4.057 4.265 3.896 3.627 3.362 3.047 2.788 2.771
0.00039019 -1.60000 10.03743 0.7994754314 2.4185409546    0.798  0.403  3.8148  4.148    1  0.000  0.529     0.00     0.00 -1 -2.99e-13      0.00 8.578e-01 1.419e-01 4.732e-05 1.304e-05 1.193e-04 -1.000 3.181e-04 3.762 4.022 4.228 3.859 3.590 3.325 3.010 2.751 2.733
0.00039019 -1.60000 10.03743 0.8000000119 2.4187245369    0.799  0.409  3.8147  4.143    1  0.000  0.529     0.00     0.00 -1 -3.05e-13      0.00 8.577e-01 1.420e-01 4.735e-05 1.305e-05 1.194e-04 -1.000 3.188e-04 3.749 4.009 4.215 3.846 3.577 3.311 2.997 2.738 2.720
0.00039019 -1.60000 10.03743 0.8051563501 2.4205145836    0.804  0.462  3.8135  4.087    1  0.000  0.529     0.00     0.00 -1 -3.64e-13      0.00 8.560e-01 1.437e-01 4.787e-05 1.319e-05 1.207e-04 -1.000 3.217e-04 3.615 3.881 4.082 3.712 3.441 3.174 2.857 2.596 2.578
0.00039019 -1.60000 10.03743 0.8095709085 2.4220261574    0.808  0.515  3.8103  4.023    1  0.000  0.529     0.00     0.00 -1 -4.41e-13      0.00 8.546e-01 1.451e-01 4.831e-05 1.331e-05 1.218e-04 -1.000 3.241e-04 3.482 3.759 3.957 3.579 3.303 3.032 2.707 2.440 2.421
0.00039019 -1.60000 10.03743 0.8103173375 2.4222800732    0.809  0.525  3.8094  4.010    1  0.000  0.529     0.00     0.00 -1 -4.61e-13      0.00 8.543e-01 1.453e-01 4.838e-05 1.333e-05 1.219e-04 -1.000 3.245e-04 3.457 3.737 3.935 3.555 3.277 3.005 2.678 2.410 2.390
0.00039019 -1.60000 10.03743 0.8110210299 2.4225187302    0.810  0.536  3.8082  3.996    1  0.000  0.529     0.00     0.00 -1  -4.8e-13      0.00 8.541e-01 1.456e-01 4.845e-05 1.335e-05 1.221e-04 -1.000 3.249e-04 3.431 3.715 3.913 3.530 3.250 2.976 2.646 2.376 2.355
0.00039019 -1.60000 10.03743 0.8133851886 2.4233171940    0.812  0.572  3.8032  3.940    2  0.000  0.529     0.00     0.00 -1 -5.53e-13      0.00 8.534e-01 1.463e-01 4.868e-05 1.341e-05 1.227e-04 -1.000 3.262e-04 3.340 3.640 3.837 3.441 3.153 2.871 2.530 2.250 2.227
0.00039019 -1.60000 10.03743 0.8151867390 2.4239220619    0.814  0.604  3.7972  3.885    2  0.000  0.529     0.00     0.00 -1 -6.33e-13      0.00 8.528e-01 1.469e-01 4.886e-05 1.346e-05 1.231e-04 -1.000 3.272e-04 3.260 3.581 3.778 3.366 3.067 2.775 2.420 2.129 2.104
0.00039019 -1.60000 10.03743 0.8165923357 2.4243919849    0.815  0.632  3.7900  3.829    2  0.000  0.529     0.00     0.00 -1  -7.2e-13      0.00 8.523e-01 1.473e-01 4.900e-05 1.350e-05 1.235e-04 -1.000 3.280e-04 3.190 3.538 3.734 3.301 2.989 2.686 2.314 2.010 1.980
0.00039019 -1.60000 10.03743 0.8177229166 2.4247684479    0.816  0.657  3.7823  3.774    2  0.000  0.530     0.00     0.00 -1 -8.11e-13      0.00 8.442e-01 1.554e-01 5.153e-05 1.419e-05 1.297e-04 -1.000 3.239e-04 3.128 3.510 3.702 3.247 2.921 2.605 2.216 1.897 1.864
0.00039019 -1.60000 10.03743 0.8186643720 2.4250812531    0.817  0.678  3.7745  3.722    2  0.000  0.531     0.00     0.00 -1 -9.06e-13      0.00 8.291e-01 1.705e-01 5.567e-05 1.530e-05 1.397e-04 -1.000 3.119e-04 3.074 3.496 3.680 3.201 2.860 2.532 2.124 1.791 1.753
0.00039019 -1.60000 10.03743 0.8194844127 2.4253528118    0.818  0.699  3.7671  3.672    2  0.000  0.533     0.00     0.00 -1 -1.01e-12      0.00 8.082e-01 1.915e-01 6.058e-05 1.662e-05 1.515e-04 -1.000 3.393e-04 3.023 3.486 3.662 3.158 2.803 2.463 2.038 1.691 1.648
0.00039019 -1.60000 10.03743 0.8202408552 2.4256029129    0.818  0.722  3.7598  3.621    2  0.000  0.535     0.00     0.00 -1 -1.12e-12      0.00 7.904e-01 2.092e-01 6.465e-05 1.771e-05 1.611e-04 -1.000 3.496e-04 2.966 3.472 3.638 3.110 2.742 2.389 1.948 1.588 1.540
0.00039019 -1.60000 10.03743 0.8210001588 2.4258532524    0.819  0.752  3.7528  3.563    2  0.000  0.536     0.00     0.00 -1 -1.29e-12      0.00 7.789e-01 2.207e-01 6.729e-05 1.841e-05 1.675e-04 -1.000 3.777e-04 2.890 3.445 3.596 3.044 2.663 2.299 1.841 1.469 1.416
0.00039019 -1.60000 10.03743 0.8215938807 2.4260487556    0.820  0.784  3.7481  3.512    2  0.000  0.536     0.00     0.00 -1 -1.47e-12      0.00 7.733e-01 2.263e-01 6.860e-05 1.876e-05 1.706e-04 -1.000 3.866e-04 2.809 3.398 3.538 2.971 2.581 2.209 1.739 1.359 1.303
0.00039019 -1.60000 10.03743 0.8221815228 2.4262418747    0.820  0.823  3.7441  3.458    2  0.000  0.536     0.00     0.00 -1 -1.71e-12      0.00 7.693e-01 2.303e-01 6.952e-05 1.901e-05 1.728e-04 -1.000 3.458e-04 2.714 3.333 3.463 2.882 2.484 2.105 1.626 1.239 1.179
0.00039019 -1.60000 10.03743 0.8223673105 2.4263029099    0.820  0.837  3.7431  3.439    2  0.000  0.537     0.00     0.00 -1 -1.81e-12      0.00 7.684e-01 2.312e-01 6.972e-05 1.906e-05 1.733e-04 -1.000 3.558e-04 2.677 3.303 3.430 2.846 2.447 2.067 1.585 1.196 1.135
0.00039019 -1.60000 10.03743 0.8228659034 2.4264664650    0.821  0.879  3.7407  3.388    3  0.000  0.537     0.00     0.00 -1  -2.1e-12      0.00 7.660e-01 2.336e-01 7.020e-05 1.919e-05 1.744e-04 -1.000 4.105e-04 2.573 3.219 3.339 2.747 2.343 1.959 1.471 1.077 1.015
0.00039019 -1.60000 10.03743 0.8234111667 2.4266450405    0.821  0.928  3.7383  3.330    3  0.000  0.537     0.00     0.00 -1 -2.51e-12      0.00 7.637e-01 2.359e-01 7.062e-05 1.930e-05 1.754e-04 -1.000 3.994e-04 2.451 3.118 3.229 2.629 2.221 1.833 1.338 0.939 0.875
0.00039019 -1.60000 10.03743 0.8238741159 2.4267964363    0.822  0.973  3.7365  3.278    3  0.000  0.537     0.00     0.00 -1 -2.96e-12      0.00 7.618e-01 2.378e-01 7.091e-05 1.938e-05 1.761e-04 -1.000 3.991e-04 2.338 3.022 3.126 2.520 2.109 1.718 1.217 0.814 0.750
0.00039019 -1.60000 10.03743 0.8243164420 2.4269409180    0.822  1.019  3.7348  3.225    3  0.000  0.537     0.00     0.00 -1  -3.5e-12      0.00 7.601e-01 2.395e-01 7.114e-05 1.945e-05 1.767e-04 -1.000 4.188e-04 2.223 2.922 3.020 2.408 1.994 1.600 1.095 0.687 0.622
0.00039019 -1.60000 10.03743 0.8247657418 2.4270875454    0.822  1.069  3.7331  3.168    3  0.000  0.537     0.00     0.00 -1 -4.19e-12      0.00 7.583e-01 2.413e-01 7.132e-05 1.951e-05 1.772e-04 -1.000 4.055e-04 2.097 2.811 2.903 2.286 1.869 1.472 0.961 0.549 0.484
0.00039019 -1.60000 10.03743 0.8251786232 2.4272220135    0.823  1.119  3.7315  3.112    3  0.000  0.536     0.00     0.00 -1 -5.01e-12      0.00 7.566e-01 2.430e-01 7.139e-05 1.958e-05 1.776e-04 -1.000 3.960e-04 1.972 2.700 2.786 2.164 1.745 1.346 0.830 0.413 0.347
0.00039019 -1.60000 10.03743 0.8255492449 2.4273426533    0.823  1.168  3.7300  3.058    3  0.000  0.535     0.00     0.00 -1 -5.97e-12      0.00 7.551e-01 2.445e-01 7.135e-05 1.968e-05 1.780e-04 -1.000 3.903e-04 1.851 2.591 2.672 2.046 1.624 1.222 0.702 0.281 0.214
0.00039019 -1.60000 10.03743 0.8258733153 2.4274480343    0.823  1.214  3.7286  3.006    3  0.000  0.533     0.00     0.00 -1 -7.03e-12      0.00 7.538e-01 2.458e-01 7.121e-05 1.982e-05 1.782e-04 -1.000 3.969e-04 1.736 2.490 2.566 1.935 1.510 1.106 0.581 0.156 0.089
0.00039019 -1.60000 10.03743 0.8261889219 2.4275505543    0.823  1.262  3.7271  2.951    3  0.000  0.531     0.00     0.00 -1 -8.38e-12      0.00 7.525e-01 2.471e-01 7.094e-05 2.006e-05 1.784e-04 -1.000 4.177e-04 1.614 2.384 2.452 1.816 1.389 0.983 0.453 0.024 -0.043
0.00039019 -1.60000 10.03743 0.8264917135 2.4276487827    0.824  1.313  3.7254  2.894    3  0.000  0.528     0.00     0.00 -1 -1.01e-11      0.00 7.514e-01 2.482e-01 7.058e-05 2.040e-05 1.786e-04 -1.000 4.059e-04 1.486 2.273 2.333 1.692 1.262 0.853 0.318 -0.114 -0.182
0.00039019 -1.60000 10.03743 0.8267456293 2.4277312756    0.824  1.360  3.7239  2.841    3  0.000  0.525     0.00     0.00 -1 -1.19e-11      0.00 7.506e-01 2.490e-01 7.023e-05 2.077e-05 1.787e-04 -1.000 3.955e-04 1.370 2.172 2.225 1.579 1.146 0.735 0.195 -0.241 -0.310
0.00039019 -1.60000 10.03743 0.8269771338 2.4278063774    0.824  1.406  3.7224  2.789    3  0.000  0.522     0.00     0.00 -1 -1.41e-11      0.00 7.498e-01 2.497e-01 6.988e-05 2.115e-05 1.788e-04 -1.000 4.162e-04 1.254 2.071 2.118 1.466 1.031 0.618 0.074 -0.367 -0.436
0.00039019 -1.60000 10.03743 0.8271949291 2.4278767109    0.824  1.454  3.7208  2.735    3  0.000  0.519     0.00     0.00 -1 -1.67e-11      0.00 7.493e-01 2.503e-01 6.956e-05 2.149e-05 1.789e-04 -1.000 4.073e-04 1.136 1.969 2.009 1.352 0.914 0.498 -0.051 -0.496 -0.566
0.00039019 -1.60000 10.03743 0.8273873925 2.4279391766    0.824  1.499  3.7191  2.683    3  0.000  0.518     0.00     0.00 -1 -1.97e-11      0.00 7.489e-01 2.507e-01 6.934e-05 2.175e-05 1.789e-04 -1.000 4.013e-04 1.022 1.872 1.905 1.242 0.801 0.382 -0.172 -0.620 -0.691
0.00039019 -1.60000 10.03743 0.8275704384 2.4279983044    0.824  1.546  3.7175  2.629    3  0.000  0.516     0.00     0.00 -1 -2.34e-11      0.00 7.486e-01 2.510e-01 6.917e-05 2.195e-05 1.790e-04 -1.000 4.102e-04 0.904 1.771 1.797 1.128 0.684 0.262 -0.297 -0.750 -0.821
0.00039019 -1.60000 10.03743 0.8277318478 2.4280505180    0.824  1.592  3.7158  2.577    3  0.000  0.515     0.00     0.00 -1 -2.75e-11      0.00 7.484e-01 2.512e-01 6.906e-05 2.209e-05 1.790e-04 -1.000 4.189e-04 0.790 1.675 1.694 1.019 0.572 0.147 -0.417 -0.875 -0.947
0.00039019 -1.60000 10.03743 0.8278754354 2.4280970097    0.824  1.636  3.7141  2.526    3  0.000  0.515     0.00     0.00 -1 -3.23e-11      0.00 7.483e-01 2.513e-01 6.900e-05 2.216e-05 1.790e-04 -1.000 4.188e-04 0.680 1.583 1.595 0.913 0.463 0.036 -0.534 -0.996 -1.069
0.00039019 -1.60000 10.03743 0.8280122280 2.4281411171    0.824  1.681  3.7124  2.474    3  0.000  0.515     0.00     0.00 -1 -3.81e-11      0.00 7.483e-01 2.513e-01 6.898e-05 2.218e-05 1.790e-04 -1.000 4.188e-04 0.566 1.489 1.492 0.804 0.350 -0.080 -0.655 -1.121 -1.195
0.00039019 -1.60000 10.03743 0.8281360865 2.4281811714    0.824  1.726  3.7106  2.422    3  0.000  0.515     0.00     0.00 -1 -4.49e-11      0.00 7.483e-01 2.513e-01 6.898e-05 2.219e-05 1.790e-04 -1.000 4.188e-04 0.454 1.399 1.392 0.695 0.238 -0.195 -0.775 -1.245 -1.319
0.00039019 -1.60000 10.03743 0.8282451630 2.4282164574    0.824  1.769  3.7089  2.372    3  0.000  0.515     0.00     0.00 -1 -5.25e-11      0.00 7.483e-01 2.513e-01 6.897e-05 2.220e-05 1.790e-04 -1.000 4.188e-04 0.347 1.316 1.297 0.593 0.132 -0.305 -0.889 -1.364 -1.439
0.00039019 -1.60000 10.03743 0.8283453584 2.4282488823    0.823  1.812  3.7071  2.322    3  0.000  0.515     0.00     0.00 -1 -6.13e-11      0.00 7.482e-01 2.513e-01 6.897e-05 2.220e-05 1.790e-04 -1.000 4.188e-04 0.241 1.234 1.203 0.491 0.027 -0.413 -1.003 -1.481 -1.557
0.00039019 -1.60000 10.03743 0.8284422755 2.4282801151    0.823  1.856  3.7053  2.270    3  0.000  0.515     0.00     0.00 -1 -7.21e-11      0.00 7.482e-01 2.513e-01 6.896e-05 2.221e-05 1.790e-04 -1.000 4.188e-04 0.129 1.148 1.106 0.385 -0.083 -0.526 -1.121 -1.604 -1.681
0.00039019 -1.60000 10.03743 0.8285271525 2.4283075333    0.823  1.898  3.7035  2.221    3  0.000  0.515     0.00     0.00 -1 -8.41e-11      0.00 7.482e-01 2.513e-01 6.896e-05 2.221e-05 1.790e-04 -1.000 4.188e-04 0.025 1.068 1.014 0.286 -0.187 -0.633 -1.234 -1.721 -1.798
0.00039019 -1.60000 10.03743 0.8286051750 2.4283325672    0.823  1.940  3.7017  2.172    3  0.000  0.515     0.00     0.00 -1 -9.79e-11      0.00 7.482e-01 2.514e-01 6.896e-05 2.222e-05 1.790e-04 -1.000 4.188e-04 -0.079 0.990 0.924 0.187 -0.289 -0.739 -1.344 -1.837 -1.914
0.00039019 -1.60000 10.03743 0.8286790848 2.4283564091    0.822  1.982  3.6998  2.123    3  0.000  0.515     0.00     0.00 -1 -1.14e-10      0.00 7.482e-01 2.514e-01 6.895e-05 2.222e-05 1.791e-04 -1.000 4.187e-04 -0.184 0.911 0.834 0.088 -0.393 -0.845 -1.457 -1.954 -2.032
0.00039019 -1.60000 10.03743 0.8287441134 2.4283773899    0.822  2.021  3.6980  2.076    3  0.000  0.515     0.00     0.00 -1 -1.32e-10      0.00 7.482e-01 2.514e-01 6.895e-05 2.222e-05 1.791e-04 -1.000 4.188e-04 -0.281 0.840 0.751 -0.004 -0.488 -0.945 -1.562 -2.063 -2.142
0.00039019 -1.60000 10.03743 0.8288068175 2.4283976555    0.822  2.059  3.6963  2.031    3  0.000  0.514     0.00     0.00 -1 -1.52e-10      0.00 7.482e-01 2.514e-01 6.895e-05 2.223e-05 1.791e-04 -1.000 4.188e-04 -0.376 0.771 0.671 -0.093 -0.581 -1.041 -1.663 -2.170 -2.249
0.00039019 -1.60000 10.03743 0.8288717866 2.4284186363    0.821  2.093  3.6947  1.991    3  0.000  0.514     0.00     0.00 -1 -1.72e-10      0.00 7.482e-01 2.514e-01 6.895e-05 2.223e-05 1.791e-04 -1.000 4.188e-04 -0.461 0.710 0.599 -0.173 -0.665 -1.127 -1.754 -2.265 -2.345
0.00039019 -1.60000 10.03743 0.8289299607 2.4284372330    0.821  2.117  3.6937  1.962    3  0.000  0.514     0.00     0.00 -1 -1.88e-10      0.00 7.482e-01 2.514e-01 6.894e-05 2.224e-05 1.791e-04 -1.000 4.188e-04 -0.522 0.668 0.548 -0.229 -0.724 -1.188 -1.819 -2.333 -2.413
0.00039019 -1.60000 10.03743 0.8289769888 2.4284524918    0.821  2.101  3.6947  1.982    3  0.000  0.514     0.00     0.00 -1 -1.79e-10      0.00 7.482e-01 2.514e-01 6.894e-05 2.224e-05 1.791e-04 -1.000 4.188e-04 -0.482 0.691 0.578 -0.193 -0.686 -1.148 -1.775 -2.286 -2.366
0.00039019 -1.60000 10.03743 0.8289832473 2.4284546375    0.821  2.099  3.6949  1.985    3  0.000  0.514     0.00     0.00 -1 -1.78e-10      0.00 7.482e-01 2.514e-01 6.894e-05 2.224e-05 1.791e-04 -1.000 4.188e-04 -0.477 0.694 0.582 -0.189 -0.680 -1.142 -1.769 -2.279 -2.360
0.00039019 -1.60000 10.03743 0.8290153742 2.4284648895    0.820  2.125  3.6936  1.953    3  0.000  0.514     0.00     0.00 -1 -1.94e-10      0.00 7.482e-01 2.514e-01 6.894e-05 2.224e-05 1.791e-04 -1.000 4.188e-04 -0.543 0.649 0.527 -0.251 -0.745 -1.210 -1.841 -2.355 -2.435
0.00039019 -1.60000 10.03743 0.8290642500 2.4284806252    0.820  2.167  3.6915  1.902    3  0.000  0.514     0.00     0.00 -1 -2.26e-10      0.00 7.482e-01 2.514e-01 6.894e-05 2.224e-05 1.791e-04 -1.000 4.188e-04 -0.649 0.580 0.440 -0.349 -0.849 -1.317 -1.955 -2.475 -2.556
0.00039019 -1.60000 10.03743 0.8291097283 2.4284951687    0.819  2.209  3.6894  1.852    3  0.000  0.514     0.00     0.00 -1 -2.64e-10      0.00 7.482e-01 2.514e-01 6.894e-05 2.225e-05 1.791e-04 -1.000 4.188e-04 -0.754 0.512 0.355 -0.446 -0.951 -1.424 -2.069 -2.594 -2.677
0.00039019 -1.60000 10.03743 0.8291516304 2.4285087585    0.819  2.251  3.6873  1.802    3  0.000  0.514     0.00     0.00 -1 -3.08e-10      0.00 7.482e-01 2.514e-01 6.893e-05 2.225e-05 1.791e-04 -1.000 4.188e-04 -0.857 0.448 0.272 -0.541 -1.052 -1.528 -2.181 -2.713 -2.796
0.00039019 -1.60000 10.03743 0.8291884661 2.4285206795    0.818  2.290  3.6853  1.754    3  0.000  0.514     0.00     0.00 -1 -3.56e-10      0.00 7.482e-01 2.514e-01 6.893e-05 2.225e-05 1.791e-04 -1.000 4.188e-04 -0.955 0.408 0.199 -0.633 -1.149 -1.629 -2.289 -2.827 -2.909
0.00039019 -1.60000 10.03743 0.8292243481 2.4285321236    0.818  2.331  3.6832  1.705    3  0.000  0.514     0.00     0.00 -1 -4.14e-10      0.00 7.482e-01 2.514e-01 6.893e-05 2.225e-05 1.791e-04 -1.000 4.188e-04 -1.057 0.377 0.127 -0.729 -1.252 -1.735 -2.402 -2.946 -3.027
0.00039019 -1.60000 10.03743 0.8292559385 2.4285423756    0.817  2.369  3.6810  1.657    3  0.000  0.514     0.00     0.00 -1 -4.78e-10      0.00 7.482e-01 2.514e-01 6.893e-05 2.225e-05 1.791e-04 -1.000 4.188e-04 -1.153 0.349 0.061 -0.818 -1.348 -1.835 -2.508 -3.059 -3.139
0.00039019 -1.60000 10.03743 0.8292865157 2.4285521507    0.817  2.409  3.6789  1.609    3  0.000  0.514     0.00     0.00 -1 -5.54e-10      0.00 7.482e-01 2.514e-01 6.893e-05 2.226e-05 1.791e-04 -1.000 4.188e-04 -1.252 0.318 -0.007 -0.909 -1.447 -1.938 -2.618 -3.174 -3.253
0.00039019 -1.60000 10.03743 0.8293137550 2.4285609722    0.816  2.447  3.6767  1.562    3  0.000  0.514     0.00     0.00 -1 -6.39e-10      0.00 7.482e-01 2.514e-01 6.893e-05 2.226e-05 1.791e-04 -1.000 4.188e-04 -1.347 0.298 -0.068 -0.995 -1.540 -2.035 -2.723 -3.285 -3.363
0.00039019 -1.60000 10.03743 0.8293454051 2.4285712242    0.815  2.494  3.6741  1.503    3  0.000  0.514     0.00     0.00 -1 -7.62e-10      0.00 7.482e-01 2.514e-01 6.893e-05 2.226e-05 1.791e-04 -1.000 4.188e-04 -1.465 0.275 -0.142 -1.101 -1.657 -2.157 -2.853 -3.423 -3.500
0.00039019 -1.60000 10.03743 0.8293735385 2.4285802841    0.814  2.540  3.6714  1.446    3  0.000  0.514     0.00     0.00 -1 -9.04e-10      0.00 7.482e-01 2.514e-01 6.893e-05 2.226e-05 1.791e-04 -1.000 4.188e-04 -1.580 0.198 -0.230 -1.198 -1.761 -2.269 -2.975 -3.554 -3.634
0.00039019 -1.60000 10.03743 0.8293956518 2.4285874367    0.813  2.578  3.6692  1.398    3  0.000  0.514     0.00     0.00 -1 -1.05e-09      0.00 7.482e-01 2.514e-01 6.892e-05 2.226e-05 1.791e-04 -1.000 4.188e-04 -1.676 0.188 -0.286 -1.281 -1.854 -2.367 -3.082 -3.666 -3.745
0.00039019 -1.60000 10.03743 0.8294191360 2.4285948277    0.812  2.622  3.6665  1.343    3  0.000  0.514     0.00     0.00 -1 -1.23e-09      0.00 7.482e-01 2.514e-01 6.892e-05 2.226e-05 1.791e-04 -1.000 4.188e-04 -1.785 0.187 -0.345 -1.375 -1.960 -2.479 -3.203 -3.795 -3.874
0.00039019 -1.60000 10.03743 0.8294379711 2.4286010265    0.811  2.660  3.6642  1.296    3  0.000  0.514     0.00     0.00 -1 -1.42e-09      0.00 7.482e-01 2.514e-01 6.892e-05 2.226e-05 1.791e-04 -1.000 4.188e-04 -1.880 0.190 -0.394 -1.455 -2.050 -2.575 -3.308 -3.905 -3.984
0.00039019 -1.60000 10.03743 0.8294578195 2.4286074638    0.809  2.702  3.6615  1.242    3  0.000  0.514     0.00     0.00 -1 -1.67e-09      0.00 7.482e-01 2.514e-01 6.892e-05 2.227e-05 1.791e-04 -1.000 4.188e-04 -1.985 0.204 -0.443 -1.543 -2.151 -2.684 -3.426 -4.030 -4.109
0.00039019 -1.60000 10.03743 0.8294768333 2.4286134243    0.808  2.746  3.6588  1.186    3  0.000  0.514     0.00     0.00 -1 -1.97e-09      0.00 7.482e-01 2.514e-01 6.892e-05 2.227e-05 1.791e-04 -1.000 4.188e-04 -2.095 0.230 -0.489 -1.632 -2.255 -2.795 -3.548 -4.160 -4.238
0.00039019 -1.60000 10.03743 0.8294945359 2.4286191463    0.806  2.790  3.6559  1.130    3  0.000  0.514     0.00     0.00 -1 -2.32e-09      0.00 7.482e-01 2.514e-01 6.892e-05 2.227e-05 1.791e-04 -1.000 4.188e-04 -2.205 0.235 -0.541 -1.718 -2.355 -2.903 -3.668 -4.289 -4.367
0.00039019 -1.60000 10.03743 0.8295099139 2.4286241531    0.804  2.831  3.6533  1.078    3  0.000  0.514     0.00     0.00 -1 -2.72e-09      0.00 7.482e-01 2.514e-01 6.892e-05 2.227e-05 1.791e-04 -1.000 4.188e-04 -2.307 0.231 -0.593 -1.799 -2.447 -3.004 -3.779 -4.408 -4.488
0.00039019 -1.60000 10.03743 0.8295250535 2.4286289215    0.802  2.874  3.6505  1.023    3  0.000  0.514     0.00     0.00 -1  -3.2e-09      0.00 7.482e-01 2.514e-01 6.892e-05 2.227e-05 1.791e-04 -1.000 4.188e-04 -2.414 0.228 -0.647 -1.883 -2.544 -3.109 -3.896 -4.534 -4.615
0.00039019 -1.60000 10.03743 0.8295381665 2.4286332130    0.800  2.913  3.6477  0.971    3  0.000  0.514     0.00     0.00 -1 -3.72e-09      0.00 7.482e-01 2.514e-01 6.892e-05 2.227e-05 1.791e-04 -1.000 4.188e-04 -2.513 0.237 -0.691 -1.957 -2.632 -3.205 -4.005 -4.651 -4.734
0.00039019 -1.60000 10.03743 0.8295508027 2.4286372662    0.798  2.954  3.6450  0.918    3  0.000  0.514     0.00     0.00 -1 -4.36e-09      0.00 7.482e-01 2.514e-01 6.892e-05 2.227e-05 1.791e-04 -1.000 4.188e-04 -2.616 0.251 -0.732 -2.032 -2.722 -3.305 -4.117 -4.772 -4.856
0.00039019 -1.60000 10.03743 0.8295626640 2.4286410809    0.795  2.996  3.6421  0.864    3  0.000  0.514     0.00     0.00 -1 -5.11e-09      0.00 7.482e-01 2.514e-01 6.892e-05 2.227e-05 1.791e-04 -1.000 4.188e-04 -2.719 0.273 -0.770 -2.106 -2.811 -3.404 -4.229 -4.893 -4.979
0.00039019 -1.60000 10.03743 0.8295730948 2.4286444187    0.793  3.034  3.6394  0.813    3  0.000  0.514     0.00     0.00 -1 -5.93e-09      0.00 7.482e-01 2.514e-01 6.892e-05 2.227e-05 1.791e-04 -1.000 4.188e-04 -2.815 0.295 -0.804 -2.173 -2.894 -3.496 -4.334 -5.007 -5.094
0.00039019 -1.60000 10.03743 0.8295831084 2.4286477566    0.790  3.073  3.6367  0.761    3  0.000  0.514     0.00     0.00 -1 -6.89e-09      0.00 7.482e-01 2.514e-01 6.892e-05 2.227e-05 1.791e-04 -1.000 4.188e-04 -2.913 0.318 -0.839 -2.241 -2.977 -3.590 -4.441 -5.122 -5.211
0.00039019 -1.60000 10.03743 0.8295925260 2.4286506176    0.787  3.112  3.6339  0.709    3  0.000  0.514     0.00     0.00 -1 -8.03e-09      0.00 7.481e-01 2.514e-01 6.892e-05 2.227e-05 1.791e-04 -1.000 4.188e-04 -3.011 0.346 -0.869 -2.307 -3.059 -3.682 -4.547 -5.238 -5.329
0.00039019 -1.60000 10.03743 0.8296011090 2.4286534786    0.783  3.150  3.6312  0.659    3  0.000  0.514     0.00     0.00 -1 -9.29e-09      0.00 7.481e-01 2.514e-01 6.892e-05 2.227e-05 1.791e-04 -1.000 4.188e-04 -3.105 0.374 -0.899 -2.370 -3.138 -3.771 -4.649 -5.349 -5.442
0.00039019 -1.60000 10.03743 0.8296096325 2.4286561012    0.779  3.190  3.6284  0.606    3  0.000  0.514     0.00     0.00 -1 -1.09e-08      0.00 7.481e-01 2.514e-01 6.892e-05 2.227e-05 1.791e-04 -1.000 4.188e-04 -3.204 0.403 -0.929 -2.435 -3.220 -3.864 -4.756 -5.466 -5.560
0.00039019 -1.60000 10.03743 0.8296172619 2.4286587238    0.775  3.227  3.6257  0.556    3  0.000  0.514     0.00     0.00 -1 -1.26e-08      0.00 7.481e-01 2.514e-01 6.892e-05 2.227e-05 1.791e-04 -1.000 4.188e-04 -3.297 0.436 -0.955 -2.494 -3.296 -3.951 -4.857 -5.576 -5.672
0.00039019 -1.60000 10.03743 0.8296246529 2.4286611080    0.771  3.264  3.6230  0.505    3  0.000  0.514     0.00     0.00 -1 -1.45e-08      0.00 7.481e-01 2.514e-01 6.892e-05 2.227e-05 1.791e-04 -1.000 4.188e-04 -3.390 0.469 -0.979 -2.553 -3.372 -4.037 -4.957 -5.686 -5.784
0.00039019 -1.60000 10.03743 0.8296308517 2.4286630154    0.766  3.294  3.6209  0.465    3  0.000  0.514     0.00     0.00 -1 -1.65e-08      0.00 7.481e-01 2.514e-01 6.891e-05 2.228e-05 1.791e-04 -1.000 4.188e-04 -3.464 0.501 -0.993 -2.596 -3.431 -4.106 -5.037 -5.773 -5.873
0.00039019 -1.60000 10.03743 0.8296308517 2.4286630154    0.766  1.733  3.7781  2.654    4  0.000  0.526     0.00     0.00 -1    -1e-30      0.00 7.453e-01 2.543e-01 7.186e-05 2.103e-05 1.824e-04 -1.000 4.188e-04 0.438 0.889 0.970 0.530 0.210 -0.102 -0.502 -0.819 -0.855
0.00039019 -1.60000 10.03743 0.8296798468 2.4286787510    0.766  1.752  3.7738  2.618    4  0.000  0.526     0.00     0.00 -1    -1e-30      0.00 7.453e-01 2.543e-01 7.186e-05 2.103e-05 1.824e-04 -1.000 4.188e-04 0.391 0.864 0.944 0.490 0.161 -0.159 -0.570 -0.898 -0.936
0.00039019 -1.60000 10.03743 0.8297297359 2.4286947250    0.766  1.754  3.7737  2.615    4  0.000  0.526     0.00     0.00 -1    -1e-30      0.00 7.453e-01 2.543e-01 7.186e-05 2.103e-05 1.824e-04 -1.000 4.188e-04 0.384 0.858 0.938 0.484 0.155 -0.166 -0.577 -0.905 -0.943
0.00039019 -1.60000 10.03743 0.8297804594 2.4287111759    0.767  1.755  3.7741  2.616    4  0.000  0.526     0.00     0.00 -1    -1e-30      0.00 7.453e-01 2.543e-01 7.186e-05 2.103e-05 1.824e-04 -1.000 4.188e-04 0.381 0.854 0.933 0.480 0.152 -0.168 -0.578 -0.905 -0.942
0.00039019 -1.60000 10.03743 0.8298306465 2.4287271500    0.767  1.756  3.7748  2.618    4  0.000  0.526     0.00     0.00 -1    -1e-30      0.00 7.453e-01 2.543e-01 7.186e-05 2.103e-05 1.824e-04 -1.000 4.188e-04 0.380 0.849 0.928 0.477 0.151 -0.168 -0.576 -0.901 -0.939
0.00039019 -1.60000 10.03743 0.8298825622 2.4287438393    0.767  1.756  3.7757  2.621    4  0.000  0.526     0.00     0.00 -1    -1e-30      0.00 7.453e-01 2.543e-01 7.186e-05 2.103e-05 1.824e-04 -1.000 4.189e-04 0.380 0.844 0.923 0.475 0.151 -0.166 -0.572 -0.895 -0.932
0.00039019 -1.60000 10.03743 0.8299331069 2.4287602901    0.767  1.756  3.7767  2.626    4  0.000  0.526     0.00     0.00 -1    -1e-30      0.00 7.453e-01 2.543e-01 7.186e-05 2.103e-05 1.824e-04 -1.000 4.188e-04 0.380 0.839 0.918 0.474 0.151 -0.163 -0.567 -0.887 -0.924
0.00039019 -1.60000 10.03743 0.8299875855 2.4287776947    0.767  1.755  3.7780  2.631    4  0.000  0.526     0.00     0.00 -1    -1e-30      0.00 7.453e-01 2.543e-01 7.186e-05 2.103e-05 1.824e-04 -1.000 4.189e-04 0.382 0.835 0.913 0.473 0.153 -0.160 -0.559 -0.876 -0.913
0.00039019 -1.60000 10.03743 0.8300387263 2.4287941456    0.767  1.755  3.7793  2.637    4  0.000  0.526     0.00     0.00 -1    -1e-30      0.00 7.453e-01 2.543e-01 7.186e-05 2.103e-05 1.824e-04 -1.000 4.188e-04 0.384 0.830 0.908 0.472 0.155 -0.155 -0.552 -0.865 -0.901
0.00039019 -1.60000 10.03743 0.8300916553 2.4288110733    0.767  1.754  3.7806  2.643    4  0.000  0.526     0.00     0.00 -1    -1e-30      0.00 7.453e-01 2.543e-01 7.186e-05 2.103e-05 1.824e-04 -1.000 4.189e-04 0.386 0.826 0.903 0.472 0.157 -0.151 -0.544 -0.854 -0.890
0.00039019 -1.60000 10.03743 0.8301417232 2.4288272858    0.767  1.753  3.7817  2.648    4  0.000  0.526     0.00     0.00 -1    -1e-30      0.00 7.453e-01 2.543e-01 7.186e-05 2.103e-05 1.824e-04 -1.000 4.188e-04 0.387 0.824 0.899 0.472 0.159 -0.147 -0.537 -0.845 -0.880
0.00039019 -1.60000 10.03743 0.8301962018 2.4288446903    0.767  1.753  3.7828  2.654    4  0.000  0.526     0.00     0.00 -1    -1e-30      0.00 7.453e-01 2.543e-01 7.186e-05 2.103e-05 1.824e-04 -1.000 4.188e-04 0.389 0.821 0.895 0.471 0.161 -0.143 -0.530 -0.836 -0.870
0.00039019 -1.60000 10.03743 0.8302509189 2.4288623333    0.767  1.752  3.7837  2.658    4  0.000  0.526     0.00     0.00 -1    -1e-30      0.00 7.453e-01 2.543e-01 7.186e-05 2.103e-05 1.824e-04 -1.000 4.188e-04 0.390 0.819 0.892 0.471 0.162 -0.140 -0.525 -0.828 -0.862
0.00039019 -1.60000 10.03743 0.8303028345 2.4288790226    0.767  1.752  3.7845  2.661    4  0.000  0.526     0.00     0.00 -1    -1e-30      0.00 7.453e-01 2.543e-01 7.186e-05 2.103e-05 1.824e-04 -1.000 4.189e-04 0.391 0.817 0.889 0.470 0.163 -0.138 -0.521 -0.823 -0.856
0.00039019 -1.60000 10.03743 0.8303545713 2.4288954735    0.767  1.752  3.7849  2.663    4  0.000  0.526     0.00     0.00 -1    -1e-30      0.00 7.453e-01 2.543e-01 7.186e-05 2.103e-05 1.824e-04 -1.000 4.188e-04 0.391 0.815 0.887 0.469 0.163 -0.137 -0.519 -0.819 -0.853
0.00039019 -1.60000 10.03743 0.8303605914 2.4288976192    0.767  1.752  3.7849  2.663    4  0.000  0.526     0.00     0.00 -1    -1e-30      0.00 7.453e-01 2.543e-01 7.186e-05 2.103e-05 1.824e-04 -1.000 4.188e-04 0.391 0.815 0.887 0.469 0.163 -0.137 -0.519 -0.819 -0.853
0.00039019 -1.60000 10.03743 0.8303660154 2.4288992882    0.767  1.752  3.7849  2.663    4  0.000  0.526     0.00     0.00 -1    -1e-30      0.00 7.453e-01 2.543e-01 7.186e-05 2.103e-05 1.824e-04 -1.000 4.188e-04 0.391 0.815 0.887 0.469 0.163 -0.137 -0.519 -0.819 -0.853
0.00039019 -1.60000 10.03743 0.8304156065 2.4289152622    0.767  1.752  3.7849  2.663    4  0.000  0.526     0.00     0.00 -1    -1e-30      0.00 7.453e-01 2.543e-01 7.186e-05 2.103e-05 1.824e-04 -1.000 4.188e-04 0.390 0.814 0.886 0.468 0.162 -0.138 -0.520 -0.820 -0.854
0.00039019 -1.60000 10.03743 0.8304677606 2.4289319515    0.767  1.753  3.7846  2.661    4  0.000  0.526     0.00     0.00 -1    -1e-30      0.00 7.453e-01 2.543e-01 7.186e-05 2.103e-05 1.824e-04 -1.000 4.188e-04 0.388 0.814 0.885 0.467 0.161 -0.140 -0.523 -0.824 -0.858
0.00039019 -1.60000 10.03743 0.8305196762 2.4289486408    0.767  1.754  3.7840  2.657    4  0.000  0.526     0.00     0.00 -1    -1e-30      0.00 7.453e-01 2.543e-01 7.186e-05 2.103e-05 1.824e-04 -1.000 4.188e-04 0.386 0.814 0.886 0.466 0.158 -0.144 -0.528 -0.831 -0.865
0.00039019 -1.60000 10.03743 0.8305711150 2.4289650917    0.767  1.755  3.7829  2.651    4  0.000  0.526     0.00     0.00 -1    -1e-30      0.00 7.453e-01 2.543e-01 7.186e-05 2.103e-05 1.824e-04 -1.000 4.188e-04 0.382 0.814 0.888 0.464 0.154 -0.150 -0.537 -0.842 -0.876
0.00039019 -1.60000 10.03743 0.8306208849 2.4289810658    0.767  1.757  3.7816  2.645    4  0.000  0.526     0.00     0.00 -1    -1e-30      0.00 7.453e-01 2.543e-01 7.186e-05 2.103e-05 1.824e-04 -1.000 4.188e-04 0.378 0.815 0.890 0.462 0.150 -0.156 -0.547 -0.855 -0.890
0.00039019 -1.60000 10.03743 0.8306713700 2.4289972782    0.768  1.759  3.7798  2.635    4  0.000  0.526     0.00     0.00 -1    -1e-30      0.00 7.453e-01 2.543e-01 7.186e-05 2.103e-05 1.824e-04 -1.000 4.189e-04 0.372 0.816 0.893 0.460 0.144 -0.166 -0.561 -0.873 -0.909
0.00039019 -1.60000 10.03743 0.8307226896 2.4290137291    0.768  1.762  3.7778  2.625    4  0.000  0.526     0.00     0.00 -1    -1e-30      0.00 7.453e-01 2.543e-01 7.186e-05 2.103e-05 1.824e-04 -1.000 4.189e-04 0.366 0.820 0.898 0.458 0.137 -0.176 -0.576 -0.894 -0.930
0.00039019 -1.60000 10.03743 0.8307474852 2.4290215969    0.768  1.763  3.7768  2.619    4  0.000  0.526     0.00     0.00 -1    -1e-30      0.00 7.453e-01 2.543e-01 7.186e-05 2.103e-05 1.824e-04 -1.000 4.188e-04 0.363 0.822 0.899 0.456 0.134 -0.181 -0.584 -0.904 -0.941
0.00039019 -1.60000 10.03743 0.8307555914 2.4290242195    0.768  1.763  3.7763  2.617    4  0.000  0.526     0.00     0.00 -1    -1e-30      0.00 7.453e-01 2.543e-01 7.186e-05 2.103e-05 1.824e-04 -1.000 4.188e-04 0.361 0.823 0.900 0.455 0.132 -0.183 -0.588 -0.909 -0.946
0.00039019 -1.60000 10.03743 0.8308031559 2.4290394783    0.768  1.767  3.7737  2.603    4  0.000  0.526     0.00     0.00 -1    -1e-30      0.00 7.453e-01 2.543e-01 7.186e-05 2.103e-05 1.824e-04 -1.000 4.188e-04 0.353 0.828 0.906 0.452 0.123 -0.197 -0.608 -0.936 -0.974
0.00039019 -1.60000 10.03743 0.8308495283 2.4290542603    0.768  1.770  3.7711  2.589    4  0.000  0.526     0.00     0.00 -1    -1e-30      0.00 7.453e-01 2.543e-01 7.186e-05 2.103e-05 1.824e-04 -1.000 4.188e-04 0.344 0.832 0.911 0.448 0.114 -0.211 -0.629 -0.964 -1.003
0.00039019 -1.60000 10.03743 0.8308991194 2.4290702343    0.768  1.774  3.7683  2.574    4  0.000  0.526     0.00     0.00 -1    -1e-30      0.00 7.453e-01 2.543e-01 7.186e-05 2.103e-05 1.824e-04 -1.000 4.189e-04 0.334 0.836 0.915 0.443 0.104 -0.227 -0.652 -0.994 -1.033
0.00039019 -1.60000 10.03743 0.8309462667 2.4290852547    0.768  1.779  3.7657  2.559    4  0.000  0.526     0.00     0.00 -1    -1e-30      0.00 7.453e-01 2.543e-01 7.186e-05 2.103e-05 1.824e-04 -1.000 4.189e-04 0.323 0.838 0.918 0.437 0.093 -0.243 -0.675 -1.022 -1.064
0.00039019 -1.60000 10.03743 0.8309915066 2.4290997982    0.768  1.783  3.7633  2.545    4  0.000  0.526     0.00     0.00 -1    -1e-30      0.00 7.453e-01 2.543e-01 7.186e-05 2.103e-05 1.824e-04 -1.000 4.188e-04 0.312 0.839 0.919 0.431 0.081 -0.258 -0.697 -1.050 -1.092
0.00039019 -1.60000 10.03743 0.8310381174 2.4291148186    0.768  1.788  3.7611  2.532    4  0.000  0.526     0.00     0.00 -1    -1e-30      0.00 7.453e-01 2.543e-01 7.186e-05 2.103e-05 1.824e-04 -1.000 4.188e-04 0.299 0.837 0.919 0.423 0.069 -0.274 -0.719 -1.076 -1.120
0.00039019 -1.60000 10.03743 0.8310839534 2.4291293621    0.768  1.793  3.7592  2.519    4  0.000  0.526     0.00     0.00 -1    -1e-30      0.00 7.453e-01 2.543e-01 7.186e-05 2.103e-05 1.824e-04 -1.000 4.188e-04 0.287 0.835 0.917 0.414 0.056 -0.290 -0.740 -1.102 -1.147
0.00039019 -1.60000 10.03743 0.8311302066 2.4291443825    0.768  1.799  3.7573  2.506    4  0.000  0.526     0.00     0.00 -1    -1e-30      0.00 7.453e-01 2.543e-01 7.186e-05 2.103e-05 1.824e-04 -1.000 4.188e-04 0.273 0.833 0.914 0.404 0.043 -0.307 -0.762 -1.128 -1.174
0.00039019 -1.60000 10.03743 0.8311765790 2.4291591644    0.768  1.805  3.7554  2.492    4  0.000  0.526     0.00     0.00 -1    -1e-30      0.00 7.453e-01 2.543e-01 7.186e-05 2.103e-05 1.824e-04 -1.000 4.187e-04 0.257 0.829 0.909 0.392 0.027 -0.326 -0.786 -1.157 -1.203
0.00039019 -1.60000 10.03743 0.8312232494 2.4291741848    0.768  1.812  3.7536  2.478    4  0.000  0.526     0.00     0.00 -1    -1e-30      0.00 7.453e-01 2.543e-01 7.186e-05 2.103e-05 1.824e-04 -1.000 4.188e-04 0.240 0.822 0.901 0.378 0.010 -0.347 -0.811 -1.186 -1.234
0.00039019 -1.60000 10.03743 0.8312324882 2.4291770458    0.768  1.811  3.7543  2.481    4  0.000  0.526     0.00     0.00 -1    -1e-30      0.00 7.453e-01 2.543e-01 7.186e-05 2.103e-05 1.824e-04 -1.000 4.189e-04 0.242 0.821 0.900 0.380 0.012 -0.343 -0.806 -1.179 -1.227
0.00039019 -1.60000 10.03743 0.8312803507 2.4291923046    0.768  1.824  3.7506  2.453    4  0.000  0.526     0.00     0.00 -1    -1e-30      0.00 7.453e-01 2.543e-01 7.186e-05 2.103e-05 1.824e-04 -1.000 4.189e-04 0.209 0.810 0.888 0.354 -0.021 -0.383 -0.855 -1.237 -1.286
0.00039019 -1.60000 10.03743 0.8313274980 2.4292075634    0.768  1.842  3.7466  2.420    4  0.000  0.526     0.00     0.00 -1    -1e-30      0.00 7.453e-01 2.543e-01 7.186e-05 2.103e-05 1.824e-04 -1.000 4.188e-04 0.165 0.792 0.865 0.317 -0.065 -0.435 -0.916 -1.306 -1.358
0.00039019 -1.60000 10.03743 0.8313671350 2.4292201996    0.768  1.874  3.7405  2.363    4  0.000  0.526     0.00     0.00 -1    -1e-30      0.00 7.453e-01 2.543e-01 7.186e-05 2.103e-05 1.824e-04 -1.000 4.188e-04 0.084 0.754 0.819 0.249 -0.145 -0.525 -1.022 -1.424 -1.481
0.00039019 -1.60000 10.03743 0.8313886523 2.4292271137    0.768  1.911  3.7344  2.302    4  0.000  0.526     0.00     0.00 -1    -1e-30      0.00 7.453e-01 2.543e-01 7.186e-05 2.103e-05 1.824e-04 -1.000 4.189e-04 -0.008 0.716 0.764 0.169 -0.238 -0.628 -1.142 -1.557 -1.617
0.00039019 -1.60000 10.03743 0.8313983679 2.4292302132    0.768  1.949  3.7288  2.242    4  0.000  0.526     0.00     0.00 -1    -1e-30      0.00 7.453e-01 2.543e-01 7.186e-05 2.103e-05 1.824e-04 -1.000 4.188e-04 -0.103 0.672 0.703 0.086 -0.332 -0.732 -1.260 -1.688 -1.751
0.00039019 -1.60000 10.03743 0.8314027190 2.4292316437    0.768  1.987  3.7240  2.185    4  0.000  0.526     0.00     0.00 -1    -1e-30      0.00 7.453e-01 2.543e-01 7.186e-05 2.103e-05 1.824e-04 -1.000 4.188e-04 -0.196 0.628 0.641 0.004 -0.424 -0.832 -1.373 -1.812 -1.877
0.00039019 -1.60000 10.03743 0.8314047456 2.4292321205    0.768  2.022  3.7200  2.134    4  0.000  0.526     0.00     0.00 -1    -1e-30      0.00 7.453e-01 2.543e-01 7.186e-05 2.103e-05 1.824e-04 -1.000 4.188e-04 -0.285 0.581 0.579 -0.075 -0.511 -0.926 -1.479 -1.927 -1.994
0.00039019 -1.60000 10.03743 0.8314055800 2.4292323589    0.768  2.043  3.7178  2.103    7  0.000  0.526     0.00     0.00 -1    -1e-30      0.00 7.453e-01 2.543e-01 7.186e-05 2.103e-05 1.824e-04 -1.000 4.188e-04 -0.339 0.553 0.541 -0.122 -0.564 -0.983 -1.541 -1.995 -2.063
0.00039019 -1.60000 10.03743 0.8314061761 2.4292325974    0.768  2.066  3.7157  2.072    7  0.000  0.526     0.00     0.00 -1    -1e-30      0.00 7.453e-01 2.543e-01 7.186e-05 2.103e-05 1.824e-04 -1.000 4.188e-04 -0.396 0.520 0.498 -0.174 -0.620 -1.043 -1.607 -2.065 -2.134
0.00039019 -1.60000 10.03743 0.8314073682 2.4292330742    0.768  2.112  3.7119  2.011    7  0.000  0.526     0.00     0.00 -1    -1e-30      0.00 7.453e-01 2.543e-01 7.186e-05 2.103e-05 1.824e-04 -1.000 4.188e-04 -0.509 0.451 0.412 -0.278 -0.731 -1.161 -1.737 -2.204 -2.274
0.00039019 -1.60000 10.03743 0.8314082623 2.4292333126    0.768  2.146  3.7092  1.966    7  0.000  0.526     0.00     0.00 -1    -1e-30      0.00 7.453e-01 2.543e-01 7.186e-05 2.103e-05 1.824e-04 -1.000 4.188e-04 -0.595 0.401 0.347 -0.356 -0.816 -1.251 -1.834 -2.308 -2.379
0.00039019 -1.60000 10.03743 0.8314092159 2.4292335510    0.768  2.172  3.7073  1.933    7  0.000  0.526     0.00     0.00 -1    -1e-30      0.00 7.453e-01 2.543e-01 7.186e-05 2.103e-05 1.824e-04 -1.000 4.188e-04 -0.660 0.364 0.298 -0.415 -0.879 -1.317 -1.907 -2.385 -2.458
0.00039019 -1.60000 10.03743 0.8314114213 2.4292342663    0.768  2.181  3.7067  1.921    7  0.000  0.526     0.00     0.00 -1    -1e-30      0.00 7.453e-01 2.543e-01 7.186e-05 2.103e-05 1.824e-04 -1.000 4.188e-04 -0.683 0.350 0.280 -0.436 -0.902 -1.341 -1.932 -2.412 -2.485
0.00039019 -1.60000 10.03743 0.8314132690 2.4292349815    0.768  2.162  3.7082  1.946    7  0.000  0.526     0.00     0.00 -1    -1e-30      0.00 7.453e-01 2.543e-01 7.186e-05 2.103e-05 1.824e-04 -1.000 4.188e-04 -0.636 0.375 0.315 -0.394 -0.856 -1.292 -1.879 -2.355 -2.427
0.00039019 -1.60000 10.03743 0.8314203620 2.4292371273    0.768  2.137  3.7102  1.980    7  0.000  0.526     0.00     0.00 -1    -1e-30      0.00 7.453e-01 2.543e-01 7.186e-05 2.103e-05 1.824e-04 -1.000 4.188e-04 -0.572 0.411 0.363 -0.336 -0.793 -1.226 -1.806 -2.278 -2.349
0.00039019 -1.60000 10.03743 0.8314505219 2.4292469025    0.768  2.170  3.7073  1.935    7  0.000  0.526     0.00     0.00 -1    -1e-30      0.00 7.453e-01 2.543e-01 7.186e-05 2.103e-05 1.824e-04 -1.000 4.189e-04 -0.654 0.370 0.304 -0.409 -0.873 -1.312 -1.901 -2.380 -2.452
0.00039019 -1.60000 10.03743 0.8314687610 2.4292526245    0.768  2.208  3.7042  1.884    7  0.000  0.526     0.00     0.00 -1    -1e-30      0.00 7.453e-01 2.543e-01 7.186e-05 2.103e-05 1.824e-04 -1.000 4.188e-04 -0.751 0.318 0.232 -0.496 -0.968 -1.412 -2.010 -2.497 -2.571
0.00039019 -1.60000 10.03743 0.8314828873 2.4292571545    0.768  2.245  3.7015  1.837    7  0.000  0.526     0.00     0.00 -1    -1e-30      0.00 7.453e-01 2.543e-01 7.186e-05 2.103e-05 1.824e-04 -1.000 4.188e-04 -0.842 0.267 0.164 -0.579 -1.057 -1.506 -2.113 -2.607 -2.683
0.00039019 -1.60000 10.03743 0.8314995170 2.4292626381    0.768  2.287  3.6984  1.782    7  0.000  0.526     0.00     0.00 -1    -1e-30      0.00 7.453e-01 2.543e-01 7.186e-05 2.103e-05 1.824e-04 -1.000 4.188e-04 -0.949 0.209 0.084 -0.675 -1.160 -1.616 -2.233 -2.735 -2.812
0.00039019 -1.60000 10.03743 0.8315154910 2.4292676449    0.768  2.330  3.6954  1.727    7  0.000  0.526     0.00     0.00 -1    -1e-30      0.00 7.453e-01 2.543e-01 7.186e-05 2.103e-05 1.824e-04 -1.000 4.188e-04 -1.054 0.152 0.006 -0.770 -1.263 -1.724 -2.351 -2.861 -2.939
0.00039019 -1.60000 10.03743 0.8315297961 2.4292721748    0.768  2.371  3.6925  1.675    7  0.000  0.526     0.00     0.00 -1    -1e-30      0.00 7.453e-01 2.543e-01 7.186e-05 2.103e-05 1.824e-04 -1.000 4.115e-04 -1.157 0.097 -0.071 -0.863 -1.362 -1.829 -2.465 -2.984 -3.063
0.00039019 -1.60000 10.03743 0.8315425515 2.4292762280    0.769  2.412  3.6896  1.622    7  0.000  0.526     0.00     0.00 -1    -1e-30      0.00 7.453e-01 2.543e-01 7.184e-05 2.103e-05 1.824e-04 -1.000 4.120e-04 -1.260 0.043 -0.146 -0.954 -1.461 -1.933 -2.579 -3.106 -3.186
0.00039019 -1.60000 10.03743 0.8315538764 2.4292800426    0.769  2.453  3.6868  1.570    7  0.000  0.525     0.00     0.00 -1    -1e-30      0.00 7.453e-01 2.543e-01 7.176e-05 2.106e-05 1.824e-04 -1.000 4.111e-04 -1.362 -0.007 -0.219 -1.044 -1.558 -2.036 -2.692 -3.228 -3.309
0.00039019 -1.60000 10.03743 0.8315641880 2.4292831421    0.769  2.494  3.6839  1.518    7  0.000  0.522     0.00     0.00 -1    -1e-30      0.00 7.453e-01 2.543e-01 7.149e-05 2.122e-05 1.824e-04 -1.000 4.119e-04 -1.464 0.004 -0.276 -1.140 -1.664 -2.147 -2.811 -3.354 -3.433
0.00039019 -1.60000 10.03743 0.8315734863 2.4292862415    0.769  2.535  3.6810  1.465    7  0.000  0.516     0.00     0.00 -1    -1e-30      0.00 7.452e-01 2.544e-01 7.081e-05 2.178e-05 1.824e-04 -1.000 4.188e-04 -1.567 -0.061 -0.352 -1.228 -1.759 -2.248 -2.923 -3.475 -3.556
0.00039019 -1.60000 10.03743 0.8315818906 2.4292888641    0.769  2.575  3.6781  1.413    7  0.000  0.507     0.00     0.00 -1    -1e-30      0.00 7.452e-01 2.544e-01 6.957e-05 2.311e-05 1.824e-04 -1.000 4.173e-04 -1.669 -0.072 -0.412 -1.317 -1.859 -2.354 -3.038 -3.597 -3.678
0.00039019 -1.60000 10.03743 0.8315896392 2.4292914867    0.769  2.616  3.6752  1.361    7  0.000  0.495     0.00     0.00 -1    -1e-30      0.00 7.451e-01 2.545e-01 6.804e-05 2.493e-05 1.824e-04 -1.000 4.134e-04 -1.770 -0.075 -0.467 -1.405 -1.958 -2.459 -3.153 -3.720 -3.800
0.00039019 -1.60000 10.03743 0.8315968513 2.4292936325    0.769  2.657  3.6723  1.308    7  0.000  0.484     0.00     0.00 -1    -1e-30      0.00 7.450e-01 2.546e-01 6.655e-05 2.675e-05 1.824e-04 -1.000 4.138e-04 -1.872 -0.069 -0.518 -1.491 -2.056 -2.564 -3.268 -3.843 -3.922
0.00039019 -1.60000 10.03743 0.8316037059 2.4292957783    0.769  2.697  3.6693  1.256    7  0.000  0.475     0.00     0.00 -1    -1e-30      0.00 7.449e-01 2.547e-01 6.521e-05 2.840e-05 1.824e-04 -1.000 4.176e-04 -1.974 -0.055 -0.565 -1.576 -2.154 -2.670 -3.384 -3.966 -4.044
0.00039019 -1.60000 10.03743 0.8316103816 2.4292979240    0.769  2.738  3.6663  1.203    7  0.000  0.466     0.00     0.00 -1    -1e-30      0.00 7.448e-01 2.548e-01 6.407e-05 2.980e-05 1.824e-04 -1.000 4.134e-04 -2.075 -0.031 -0.608 -1.659 -2.251 -2.774 -3.498 -4.088 -4.167
0.00039019 -1.60000 10.03743 0.8316168189 2.4293000698    0.769  2.779  3.6633  1.150    7  0.000  0.459     0.00     0.00 -1    -1e-30      0.00 7.447e-01 2.549e-01 6.309e-05 3.101e-05 1.824e-04 -1.000 4.125e-04 -2.177 0.000 -0.647 -1.741 -2.347 -2.878 -3.614 -4.212 -4.290
0.00039019 -1.60000 10.03743 0.8316227198 2.4293019772    0.769  2.819  3.6603  1.097    7  0.000  0.453     0.00     0.00 -1    -1e-30      0.00 7.446e-01 2.550e-01 6.223e-05 3.207e-05 1.823e-04 -1.000 4.188e-04 -2.279 0.042 -0.681 -1.821 -2.443 -2.982 -3.730 -4.335 -4.413
0.00039019 -1.60000 10.03743 0.8316281438 2.4293036461    0.769  2.861  3.6571  1.043    7  0.000  0.448     0.00     0.00 -1    -1e-30      0.00 7.444e-01 2.551e-01 6.148e-05 3.299e-05 1.823e-04 -1.000 4.188e-04 -2.382 0.087 -0.713 -1.899 -2.538 -3.086 -3.846 -4.461 -4.539
0.00039019 -1.60000 10.03743 0.8316329122 2.4293053150    0.769  2.903  3.6539  0.988    7  0.000  0.443     0.00     0.00 -1    -1e-30      0.00 7.443e-01 2.553e-01 6.081e-05 3.382e-05 1.822e-04 -1.000 4.188e-04 -2.488 0.098 -0.758 -1.978 -2.631 -3.189 -3.963 -4.588 -4.667
0.00039019 -1.60000 10.03743 0.8316366076 2.4293065071    0.769  2.944  3.6507  0.935    7  0.000  0.439     0.00     0.00 -1    -1e-30      0.00 7.442e-01 2.554e-01 6.027e-05 3.450e-05 1.821e-04 -1.000 4.188e-04 -2.589 0.119 -0.794 -2.051 -2.720 -3.288 -4.075 -4.710 -4.790
0.00039019 -1.60000 10.03743 0.8316397071 2.4293074608    0.769  2.983  3.6477  0.884    7  0.000  0.437     0.00     0.00 -1    -1e-30      0.00 7.440e-01 2.555e-01 5.981e-05 3.510e-05 1.819e-04 -1.000 4.188e-04 -2.686 0.143 -0.828 -2.120 -2.804 -3.382 -4.183 -4.827 -4.909
0.00039019 -1.60000 10.03743 0.8316427469 2.4293084145    0.769  3.023  3.6444  0.830    7  0.000  0.434     0.00     0.00 -1    -1e-30      0.00 7.439e-01 2.557e-01 5.944e-05 3.563e-05 1.818e-04 -1.000 4.188e-04 -2.789 0.174 -0.860 -2.190 -2.891 -3.480 -4.296 -4.950 -5.034
0.00039019 -1.60000 10.03743 0.8316454887 2.4293091297    0.769  3.063  3.6412  0.777    7  0.000  0.433     0.00     0.00 -1    -1e-30      0.00 7.438e-01 2.558e-01 5.915e-05 3.608e-05 1.815e-04 -1.000 4.188e-04 -2.888 0.208 -0.889 -2.257 -2.975 -3.575 -4.405 -5.070 -5.156
0.00039019 -1.60000 10.03743 0.8316480517 2.4293100834    0.769  3.113  3.6371  0.711    7  0.000  0.432     0.00     0.00 -1    -1e-30      0.00 7.437e-01 2.559e-01 5.890e-05 3.653e-05 1.813e-04 -1.000 4.188e-04 -3.013 0.254 -0.923 -2.338 -3.078 -3.693 -4.542 -5.221 -5.310
0.00039019 -1.60000 10.03743 0.8316482902 2.4293100834    0.769  3.135  3.6352  0.682    7  0.000  0.431     0.00     0.00 -1    -1e-30      0.00 7.437e-01 2.559e-01 5.888e-05 3.657e-05 1.813e-04 -1.000 4.188e-04 -3.067 0.278 -0.935 -2.372 -3.123 -3.744 -4.603 -5.288 -5.377
0.00039019 -1.60000 10.03743 0.8316484094 2.4293100834    0.769  3.153  3.6337  0.657    7  0.000  0.430     0.00     0.00 -1    -1e-30      0.00 7.436e-01 2.560e-01 5.856e-05 3.731e-05 1.808e-04 -1.000 4.185e-04 -3.113 0.299 -0.945 -2.400 -3.159 -3.786 -4.652 -5.343 -5.434
0.00039019 -1.60000 10.03743 0.8316487074 2.4293103218    0.769  3.181  3.6313  0.620    7  0.000  0.430     0.00     0.00 -1    -1e-30      0.00 7.434e-01 2.562e-01 5.837e-05 3.786e-05 1.805e-04 -1.000 4.176e-04 -3.183 0.329 -0.962 -2.444 -3.217 -3.852 -4.730 -5.428 -5.520
0.00039019 -1.60000 10.03743 0.8316491842 2.4293103218    0.769  3.224  3.6277  0.562    7  0.000  0.428     0.00     0.00 -1    -1e-30      0.00 7.432e-01 2.564e-01 5.799e-05 3.877e-05 1.799e-04 -1.000 4.188e-04 -3.291 0.378 -0.985 -2.509 -3.303 -3.951 -4.847 -5.558 -5.653
0.00039019 -1.60000 10.03743 0.8316493630 2.4293105602    0.769  3.235  3.6268  0.548    7  0.549  0.428     0.00     0.00 -1    -1e-30      0.00 7.432e-01 2.564e-01 5.785e-05 3.908e-05 1.797e-04 -1.000 4.188e-04 -3.318 0.391 -0.990 -2.525 -3.324 -3.976 -4.876 -5.590 -5.686
0.00039019 -1.60000 10.03743 0.8316494226 2.4293105602    0.769  3.235  3.6269  0.549    7  0.549  0.428     0.00     0.00 -1    -1e-30      0.00 7.431e-01 2.565e-01 5.782e-05 3.916e-05 1.796e-04 -1.000 4.188e-04 -3.316 0.389 -0.991 -2.525 -3.323 -3.974 -4.874 -5.588 -5.684
0.00039019 -1.60000 10.03743 0.8316494823 2.4293105602    0.769  3.414  3.6091  0.298    8  0.549  0.390    89.80    43.78  1 -1.17e-06      0.00 7.290e-01 2.706e-01 6.375e-05 5.931e-05 2.177e-04 -1.000 3.690e-04 -3.766 0.741 -0.972 -2.720 -3.638 -4.368 -5.367 -6.145 -6.258
0.00039019 -1.60000 10.03743 0.8316495419 2.4293105602    0.768  3.272  3.6187  0.479    8  0.549  0.390    60.82    31.24  1 -6.08e-07      0.00 7.290e-01 2.706e-01 6.375e-05 5.931e-05 2.177e-04 -1.000 3.690e-04 -3.409 0.605 -0.908 -2.520 -3.362 -4.042 -4.984 -5.730 -5.832
0.00039019 -1.60000 10.03743 0.8316496015 2.4293105602    0.767  3.130  3.6316  0.671    8  0.549  0.390    40.15    21.80  1 -3.12e-07      0.00 7.290e-01 2.706e-01 6.375e-05 5.931e-05 2.177e-04 -1.000 3.690e-04 -3.055 0.402 -0.860 -2.325 -3.090 -3.722 -4.598 -5.297 -5.389
0.00039019 -1.60000 10.03743 0.8316497803 2.4293105602    0.765  2.931  3.6497  0.942    8  0.549  0.390    22.40    13.15  1 -1.18e-07      0.00 7.290e-01 2.706e-01 6.375e-05 5.931e-05 2.177e-04 -1.000 3.690e-04 -2.557 0.171 -0.750 -2.012 -2.684 -3.254 -4.045 -4.684 -4.765
0.00039019 -1.60000 10.03743 0.8316499591 2.4293105602    0.762  2.936  3.6491  0.933    8  0.549  0.390    22.84    13.35  1 -1.23e-07      0.00 7.290e-01 2.706e-01 6.375e-05 5.931e-05 2.177e-04 -1.000 3.691e-04 -2.570 0.180 -0.752 -2.020 -2.694 -3.266 -4.060 -4.700 -4.782
0.00039019 -1.60000 10.03743 0.8316502571 2.4293107986    0.758  3.029  3.6406  0.804    8  0.550  0.390    30.18    16.94  1 -1.98e-07      0.00 7.290e-01 2.706e-01 6.375e-05 5.931e-05 2.177e-04 -1.000 3.691e-04 -2.802 0.286 -0.804 -2.169 -2.886 -3.486 -4.319 -4.987 -5.073
0.00039019 -1.60000 10.03743 0.8316505551 2.4293107986    0.754  3.180  3.6267  0.594    8  0.550  0.390    47.46    24.98  1 -4.19e-07      0.00 7.290e-01 2.706e-01 6.375e-05 5.931e-05 2.177e-04 -1.000 3.690e-04 -3.180 0.487 -0.872 -2.393 -3.186 -3.836 -4.736 -5.453 -5.549
0.00039019 -1.60000 10.03743 0.8316509724 2.4293110371    0.749  3.312  3.6146  0.411    8  0.550  0.390    70.44    35.02  1 -7.93e-07      0.00 7.290e-01 2.706e-01 6.375e-05 5.931e-05 2.177e-04 -1.000 3.690e-04 -3.509 0.703 -0.891 -2.557 -3.429 -4.129 -5.095 -5.855 -5.962
0.00039019 -1.60000 10.03743 0.8316513896 2.4293110371    0.743  3.399  3.6065  0.289    8  0.551  0.390    91.80    43.84  1 -1.21e-06      0.00 7.290e-01 2.706e-01 6.375e-05 5.931e-05 2.177e-04 -1.000 3.690e-04 -3.727 0.867 -0.879 -2.647 -3.578 -4.318 -5.330 -6.120 -6.236
0.00039019 -1.60000 10.03743 0.8316519260 2.4293112755    0.737  3.446  3.6020  0.219    8  0.551  0.390   106.77    49.70  1 -1.55e-06      0.00 7.290e-01 2.706e-01 6.375e-05 5.931e-05 2.177e-04 -1.000 3.690e-04 -3.846 0.966 -0.866 -2.692 -3.657 -4.420 -5.459 -6.265 -6.386
0.00039019 -1.60000 10.03743 0.8316524625 2.4293115139    0.730  3.471  3.5996  0.181    8  0.552  0.390   116.14    53.14  1 -1.78e-06      0.00 7.290e-01 2.706e-01 6.375e-05 5.931e-05 2.177e-04 -1.000 3.690e-04 -3.908 1.024 -0.854 -2.712 -3.696 -4.472 -5.525 -6.341 -6.465
0.00039019 -1.60000 10.03743 0.8316530585 2.4293117523    0.722  3.487  3.5984  0.155    8  0.552  0.390   122.91    55.44  0 -1.98e-06      0.00 7.290e-01 2.706e-01 6.375e-05 5.931e-05 2.177e-04 -1.000 3.690e-04 -3.948 1.053 -0.851 -2.727 -3.724 -4.507 -5.568 -6.388 -6.514
0.00039019 -1.60000 10.03743 0.8316553831 2.4293124676    0.554 -9.999  4.0000  1.705    9  0.554  0.000     0.00     0.00 -1    -1e-30      0.00 7.290e-01 2.706e-01 6.375e-05 5.931e-05 2.177e-04 -1.000 3.690e-04 29.767 29.792 30.043 30.092 30.085 30.077 30.122 30.118 30.133
#isochrone terminated
