# File generated by CMD 3.3 (http://stev.oapd.inaf.it/cmd) on Fri Nov 20 18:09:33 CET 2020
# isochrones based on PARSEC release v1.2S +  COLIBRI S_35
# Basic references: Bressan et al. (2012), MNRAS, 427, 127 + Chen et al. (2014, 2015), MNRAS, 444, 2525 + MNRAS, 452, 1068 + Tang et al. (2014), MNRAS, 445, 4287 + Marigo et al. (2017), ApJ, 835, 77 + Pastorelli al. (2019), MNRAS in press
# Thermal pulse cycles included 
# On RGB, assumed Reimers mass loss with efficiency eta=0.2
# Photometric system: JWST NIRCam wide+verywide+medium filters, Vegamags
# Using OBC version of bolometric corrections as detailed in Marigo et al. (2008, A&A 482, 883) and Girardi et al. (2008, PASP 120, 583
# O-rich circumstellar dpmod60alox40 dust from Groenewegen (2006)
# C-rich circumstellar AMCSIC15 dust from Groenewegen (2006)
# IMF: Kroupa (2001, 2002) + Kroupa et al. (2013) canonical two-part-power law IMF corrected for unresolved binaries 
# Kind of output: isochrone tables
# Zini     MH   logAge Mini        int_IMF         Mass   logL    logTe  logg  label   McoreTP C_O  period0 period1 pmode  Mloss  tau1m   X   Y   Xc  Xn  Xo  Cexcess  Z 	 mbolmag  F070Wmag  F090Wmag  F115Wmag  F150Wmag  F200Wmag  F277Wmag  F356Wmag  F444Wmag  F150W2mag  F322W2mag  F140Mmag  F162Mmag  F182Mmag  F210Mmag  F250Mmag  F300Mmag  F335Mmag  F360Mmag  F410Mmag  F430Mmag  F460Mmag  F480Mmag  F150WS60mag
0.00010274 -2.18000 10.07918 0.0996102020 1.1678420305    0.100 -2.797  3.5560  5.409    1  0.000  0.545     0.00     0.00 -1 -1.26e-16      0.00 7.454e-01 2.545e-01 1.868e-05 5.040e-06 4.571e-05 -1.000 1.039e-04 11.762 11.626 10.815 10.233 9.653 9.387 9.232 9.024 8.963 9.754 9.138 9.781 9.479 9.424 9.345 9.286 9.186 9.063 8.996 8.942 8.949 8.995 8.954 9.578
0.00010274 -2.18000 10.07918 0.1094385907 1.2454377413    0.109 -2.639  3.5729  5.358    1  0.000  0.545     0.00     0.00 -1 -1.83e-16      0.00 7.436e-01 2.563e-01 1.868e-05 5.040e-06 4.572e-05 -1.000 1.039e-04 11.367 11.163 10.422 9.873 9.306 9.030 8.887 8.701 8.642 9.401 8.803 9.434 9.133 9.066 8.990 8.936 8.847 8.739 8.675 8.622 8.629 8.671 8.637 9.232
0.00010274 -2.18000 10.07918 0.1290953606 1.3764675856    0.129 -2.395  3.5957  5.277    1  0.000  0.545     0.00     0.00 -1 -3.25e-16      0.00 7.406e-01 2.593e-01 1.868e-05 5.040e-06 4.572e-05 -1.000 1.039e-04 10.757 10.444 9.787 9.290 8.748 8.506 8.405 8.204 8.145 8.849 8.314 8.877 8.580 8.534 8.474 8.444 8.377 8.242 8.175 8.125 8.131 8.168 8.154 8.677
0.00010274 -2.18000 10.07918 0.1487521678 1.4838291407    0.148 -2.231  3.6072  5.221    1  0.000  0.545     0.00     0.00 -1  -4.7e-16      0.00 7.387e-01 2.612e-01 1.868e-05 5.040e-06 4.572e-05 -1.000 1.039e-04 10.347 10.008 9.384 8.909 8.374 8.123 8.019 7.851 7.799 8.470 7.944 8.502 8.206 8.151 8.092 8.055 7.995 7.882 7.827 7.783 7.786 7.818 7.806 8.302
0.00010274 -2.18000 10.07918 0.1684089303 1.5741690397    0.168 -2.104  3.6146  5.177    1  0.000  0.545     0.00     0.00 -1 -6.24e-16      0.00 7.379e-01 2.620e-01 1.868e-05 5.040e-06 4.572e-05 -1.000 1.038e-04 10.030 9.679 9.072 8.610 8.079 7.821 7.710 7.567 7.521 8.172 7.646 8.206 7.912 7.849 7.791 7.745 7.686 7.594 7.547 7.507 7.509 7.537 7.524 8.008
0.00010274 -2.18000 10.07918 0.2077224851 1.7194390297    0.207 -1.899  3.6256  5.108    1  0.000  0.545     0.00     0.00 -1 -9.72e-16      0.00 7.374e-01 2.624e-01 1.868e-05 5.040e-06 4.572e-05 -1.000 1.040e-04 9.519 9.150 8.571 8.128 7.603 7.338 7.215 7.108 7.070 7.693 7.168 7.728 7.439 7.366 7.308 7.249 7.191 7.128 7.095 7.061 7.062 7.082 7.070 7.533
0.00010274 -2.18000 10.07918 0.2568644583 1.8574451208    0.256 -1.711  3.6357  5.052    1  0.000  0.545     0.00     0.00 -1 -1.44e-15      0.00 7.377e-01 2.622e-01 1.868e-05 5.041e-06 4.572e-05 -1.000 1.039e-04 9.047 8.662 8.106 7.680 7.169 6.909 6.787 6.697 6.663 7.258 6.747 7.290 7.010 6.936 6.881 6.819 6.763 6.713 6.686 6.655 6.656 6.672 6.660 7.101
0.00010274 -2.18000 10.07918 0.3060064018 1.9647884369    0.305 -1.565  3.6441  5.016    1  0.000  0.545     0.00     0.00 -1 -1.92e-15      0.00 7.377e-01 2.622e-01 1.867e-05 5.041e-06 4.572e-05 -1.000 1.038e-04 8.683 8.283 7.747 7.336 6.836 6.583 6.462 6.384 6.353 6.924 6.427 6.954 6.682 6.609 6.556 6.492 6.439 6.398 6.374 6.346 6.346 6.360 6.349 6.770
0.00010274 -2.18000 10.07918 0.3551483452 2.0517756939    0.355 -1.442  3.6520  4.990    1  0.000  0.544     0.00     0.00 -1 -2.44e-15      0.00 7.387e-01 2.612e-01 1.866e-05 5.042e-06 4.572e-05 -1.000 1.039e-04 8.376 7.963 7.446 7.049 6.559 6.312 6.194 6.126 6.098 6.647 6.164 6.674 6.408 6.338 6.287 6.223 6.173 6.139 6.117 6.092 6.092 6.104 6.094 6.495
0.00010274 -2.18000 10.07918 0.4042902589 2.1243727207    0.404 -1.321  3.6604  4.959    1  0.000  0.545     0.00     0.00 -1 -3.13e-15      0.00 7.501e-01 2.498e-01 1.868e-05 5.040e-06 4.571e-05 -1.000 1.039e-04 8.072 7.650 7.153 6.769 6.289 6.051 5.938 5.877 5.852 6.378 5.912 6.401 6.142 6.075 6.027 5.966 5.918 5.889 5.870 5.847 5.847 5.857 5.848 6.226
0.00010274 -2.18000 10.07918 0.4534322321 2.1863186359    0.453 -1.174  3.6737  4.915    1  0.000  0.545     0.00     0.00 -1 -4.36e-15      0.00 7.507e-01 2.492e-01 1.868e-05 5.040e-06 4.571e-05 -1.000 1.039e-04 7.706 7.273 6.805 6.442 5.978 5.755 5.652 5.601 5.578 6.067 5.629 6.086 5.837 5.776 5.734 5.676 5.634 5.610 5.595 5.575 5.574 5.581 5.575 5.917
0.00010274 -2.18000 10.07918 0.5025742054 2.2400922775    0.502 -1.010  3.6885  4.855    1  0.000  0.545     0.00     0.00 -1 -6.47e-15      0.00 7.525e-01 2.474e-01 1.856e-05 5.009e-06 4.543e-05 -1.000 1.040e-04 7.295 6.857 6.421 6.079 5.631 5.426 5.334 5.292 5.273 5.723 5.316 5.735 5.497 5.444 5.407 5.356 5.319 5.300 5.288 5.271 5.270 5.274 5.270 5.574
0.00010274 -2.18000 10.07918 0.5517161489 2.2850742340    0.551 -0.809  3.7078  4.772    1  0.000  0.544     0.00     0.00 -1 -1.08e-14      0.00 7.850e-01 2.149e-01 1.627e-05 4.394e-06 3.987e-05 -1.000 9.941e-05 6.794 6.360 5.962 5.646 5.220 5.037 4.960 4.929 4.912 5.313 4.946 5.317 5.095 5.050 5.021 4.978 4.949 4.935 4.926 4.912 4.911 4.910 4.909 5.166
0.00010274 -2.18000 10.07918 0.6008580327 2.3217020035    0.600 -0.603  3.7324  4.701    1  0.000  0.544     0.00     0.00 -1  -1.8e-14      0.00 7.980e-01 2.020e-01 1.540e-05 4.161e-06 3.778e-05 -1.000 5.674e-05 6.278 5.867 5.514 5.229 4.830 4.673 4.615 4.596 4.583 4.924 4.607 4.920 4.716 4.682 4.662 4.628 4.609 4.600 4.594 4.584 4.583 4.578 4.582 4.781
0.00010274 -2.18000 10.07918 0.6072512865 2.3259687424    0.607 -0.575  3.7361  4.693    1  0.000  0.544     0.00     0.00 -1 -1.93e-14      0.00 8.001e-01 1.999e-01 1.526e-05 4.124e-06 3.744e-05 -1.000 2.064e-05 6.208 5.801 5.455 5.174 4.778 4.626 4.571 4.553 4.541 4.873 4.563 4.867 4.666 4.634 4.615 4.583 4.565 4.557 4.551 4.543 4.541 4.536 4.540 4.730
0.00010274 -2.18000 10.07918 0.6183416843 2.3331301212    0.618 -0.525  3.7427  4.677    1  0.000  0.543     0.00     0.00 -1 -2.18e-14      0.00 8.038e-01 1.961e-01 1.501e-05 4.056e-06 3.683e-05 -1.000 1.032e-04 6.083 5.687 5.351 5.079 4.690 4.544 4.494 4.479 4.468 4.785 4.487 4.777 4.580 4.552 4.534 4.505 4.489 4.483 4.477 4.470 4.468 4.463 4.467 4.643
0.00010274 -2.18000 10.07918 0.6282258630 2.3392679691    0.628 -0.481  3.7485  4.662    1  0.000  0.543     0.00     0.00 -1 -2.44e-14      0.00 8.074e-01 1.926e-01 1.477e-05 3.993e-06 3.626e-05 -1.000 6.115e-05 5.972 5.584 5.259 4.993 4.610 4.470 4.424 4.412 4.402 4.705 4.419 4.695 4.503 4.477 4.462 4.434 4.421 4.415 4.411 4.403 4.402 4.397 4.401 4.564
0.00010274 -2.18000 10.07918 0.6378235221 2.3450193405    0.638 -0.437  3.7540  4.648    1  0.000  0.543     0.00     0.00 -1 -2.24e-14      0.00 8.110e-01 1.889e-01 1.453e-05 3.928e-06 3.568e-05 -1.000 2.992e-05 5.862 5.484 5.168 4.909 4.532 4.398 4.356 4.345 4.337 4.627 4.351 4.615 4.427 4.404 4.390 4.365 4.353 4.348 4.344 4.337 4.337 4.332 4.336 4.487
0.00010274 -2.18000 10.07918 0.6491330862 2.3515458107    0.649 -0.385  3.7605  4.629    1  0.000  0.543     0.00     0.00 -1 -1.66e-14      0.00 8.155e-01 1.844e-01 1.423e-05 3.848e-06 3.496e-05 -1.000 6.202e-05 5.732 5.364 5.059 4.807 4.438 4.311 4.273 4.265 4.257 4.533 4.269 4.519 4.337 4.316 4.304 4.281 4.271 4.267 4.264 4.258 4.257 4.252 4.256 4.395
0.00010274 -2.18000 10.07918 0.6499999762 2.3520355225    0.650 -0.381  3.7610  4.627    1  0.000  0.543     0.00     0.00 -1 -3.14e-14      0.00 8.159e-01 1.840e-01 1.421e-05 3.841e-06 3.491e-05 -1.000 1.035e-04 5.722 5.355 5.050 4.800 4.431 4.304 4.267 4.259 4.251 4.526 4.263 4.512 4.330 4.309 4.297 4.274 4.265 4.261 4.258 4.252 4.251 4.246 4.250 4.387
0.00010274 -2.18000 10.07918 0.6585924029 2.3568072319    0.658 -0.340  3.7657  4.612    1  0.000  0.542     0.00     0.00 -1 -3.49e-14      0.00 8.203e-01 1.796e-01 1.391e-05 3.763e-06 3.421e-05 -1.000 1.039e-04 5.621 5.262 4.965 4.720 4.357 4.234 4.200 4.194 4.187 4.451 4.198 4.436 4.257 4.239 4.228 4.207 4.199 4.196 4.193 4.187 4.187 4.182 4.186 4.314
0.00010274 -2.18000 10.07918 0.6688260436 2.3623070717    0.669 -0.291  3.7712  4.591    1  0.000  0.542     0.00     0.00 -1 -3.97e-14      0.00 8.258e-01 1.740e-01 1.354e-05 3.664e-06 3.332e-05 -1.000 1.031e-04 5.498 5.149 4.861 4.622 4.266 4.150 4.119 4.114 4.107 4.360 4.117 4.344 4.170 4.154 4.144 4.125 4.118 4.116 4.113 4.108 4.107 4.103 4.107 4.225
0.00010274 -2.18000 10.07918 0.6785604358 2.3673617840    0.678 -0.244  3.7763  4.570    1  0.000  0.541     0.00     0.00 -1 -4.41e-14      0.00 8.315e-01 1.684e-01 1.316e-05 3.564e-06 3.241e-05 -1.000 1.022e-04 5.379 5.039 4.759 4.526 4.177 4.066 4.038 4.034 4.028 4.271 4.036 4.253 4.083 4.069 4.061 4.043 4.038 4.036 4.033 4.029 4.028 4.024 4.028 4.137
0.00010274 -2.18000 10.07918 0.6878532171 2.3720340729    0.688 -0.197  3.7812  4.549    1  0.000  0.541     0.00     0.00 -1 -4.73e-14      0.00 8.372e-01 1.627e-01 1.278e-05 3.462e-06 3.150e-05 -1.000 1.009e-04 5.262 4.930 4.658 4.431 4.089 3.982 3.957 3.954 3.949 4.182 3.956 4.162 3.997 3.985 3.978 3.962 3.958 3.956 3.954 3.950 3.949 3.945 3.949 4.049
0.00010274 -2.18000 10.07918 0.6960998178 2.3760604858    0.696 -0.154  3.7855  4.528    1  0.000  0.540     0.00     0.00 -1 -3.29e-15      0.00 8.427e-01 1.573e-01 1.242e-05 3.365e-06 3.063e-05 -1.000 4.138e-05 5.154 4.829 4.565 4.342 4.007 3.905 3.882 3.879 3.874 4.099 3.881 4.079 3.918 3.907 3.901 3.885 3.883 3.881 3.879 3.875 3.874 3.870 3.874 3.968
0.00010274 -2.18000 10.07918 0.6999999881 2.3779268265    0.700 -0.133  3.7875  4.518    1  0.000  0.540     0.00     0.00 -1 -6.07e-14      0.00 8.454e-01 1.546e-01 1.224e-05 3.318e-06 3.021e-05 -1.000 8.628e-06 5.102 4.781 4.519 4.300 3.967 3.867 3.845 3.843 3.837 4.059 3.844 4.038 3.879 3.869 3.863 3.848 3.846 3.845 3.842 3.838 3.837 3.833 3.837 3.929
0.00010274 -2.18000 10.07918 0.7090265155 2.3821556568    0.709 -0.082  3.7919  4.490    1  0.000  0.538     0.00     0.00 -1 -6.99e-14      0.00 8.503e-01 1.496e-01 1.192e-05 3.242e-06 2.954e-05 -1.000 2.004e-05 4.976 4.662 4.408 4.193 3.867 3.772 3.752 3.751 3.745 3.959 3.751 3.937 3.783 3.774 3.769 3.755 3.753 3.752 3.750 3.746 3.745 3.741 3.745 3.831
0.00010274 -2.18000 10.07918 0.7175177336 2.3860223293    0.717 -0.033  3.7960  4.462    1  0.000  0.536     0.00     0.00 -1 -8.05e-14      0.00 8.544e-01 1.455e-01 1.168e-05 3.184e-06 2.903e-05 -1.000 6.807e-05 4.852 4.544 4.297 4.087 3.768 3.677 3.658 3.657 3.652 3.859 3.658 3.835 3.686 3.679 3.673 3.661 3.660 3.659 3.657 3.653 3.652 3.648 3.652 3.733
0.00010274 -2.18000 10.07918 0.7258983850 2.3897368908    0.725  0.019  3.8000  4.431    1  0.000  0.534     0.00     0.00 -1 -9.35e-14      0.00 8.580e-01 1.420e-01 1.148e-05 3.137e-06 2.863e-05 -1.000 3.958e-05 4.721 4.420 4.179 3.975 3.663 3.575 3.557 3.557 3.552 3.752 3.557 3.728 3.583 3.577 3.572 3.560 3.559 3.558 3.556 3.552 3.552 3.548 3.552 3.628
0.00010274 -2.18000 10.07918 0.7330936193 2.3928480148    0.733  0.067  3.8033  4.401    1  0.000  0.533     0.00     0.00 -1 -1.07e-13      0.00 8.607e-01 1.392e-01 1.132e-05 3.103e-06 2.835e-05 -1.000 4.882e-05 4.603 4.307 4.071 3.871 3.565 3.481 3.464 3.464 3.458 3.654 3.464 3.628 3.487 3.482 3.478 3.467 3.466 3.465 3.463 3.459 3.458 3.454 3.458 3.531
0.00010274 -2.18000 10.07918 0.7400622368 2.3957951069    0.739  0.116  3.8064  4.369    1  0.000  0.531     0.00     0.00 -1 -9.07e-14      0.00 8.631e-01 1.368e-01 1.120e-05 3.075e-06 2.811e-05 -1.000 1.022e-04 4.480 4.189 3.958 3.762 3.462 3.380 3.365 3.364 3.359 3.550 3.365 3.523 3.386 3.382 3.377 3.367 3.367 3.366 3.363 3.359 3.359 3.355 3.359 3.429
0.00010274 -2.18000 10.07918 0.7470293641 2.3986783028    0.746  0.169  3.8094  4.331    1  0.000  0.530     0.00     0.00 -1 -1.93e-14      0.00 8.653e-01 1.346e-01 1.108e-05 3.050e-06 2.789e-05 -1.000 1.032e-04 4.347 4.059 3.834 3.641 3.348 3.268 3.254 3.253 3.249 3.434 3.254 3.407 3.274 3.270 3.266 3.256 3.256 3.255 3.252 3.249 3.248 3.245 3.249 3.315
0.00010274 -2.18000 10.07918 0.7500000000 2.3998889923    0.749  0.193  3.8106  4.315    1  0.000  0.529     0.00     0.00 -1 -1.56e-13      0.00 8.662e-01 1.337e-01 1.104e-05 3.040e-06 2.781e-05 -1.000 1.037e-04 4.289 4.002 3.779 3.588 3.297 3.219 3.204 3.204 3.199 3.383 3.204 3.355 3.224 3.220 3.216 3.206 3.206 3.205 3.203 3.199 3.199 3.195 3.199 3.265
0.00010274 -2.18000 10.07918 0.7512781024 2.4004065990    0.751  0.203  3.8112  4.308    1  0.000  0.529     0.00     0.00 -1 -1.61e-13      0.00 8.662e-01 1.337e-01 1.104e-05 3.042e-06 2.783e-05 -1.000 1.038e-04 4.263 3.978 3.756 3.565 3.275 3.198 3.183 3.183 3.178 3.361 3.183 3.334 3.203 3.199 3.195 3.186 3.185 3.184 3.182 3.178 3.178 3.174 3.178 3.244
0.00010274 -2.18000 10.07918 0.7593911290 2.4036448002    0.759  0.275  3.8148  4.254    1  0.000  0.529     0.00     0.00 -1    -2e-13      0.00 8.665e-01 1.335e-01 1.109e-05 3.057e-06 2.796e-05 -1.000 7.138e-06 4.083 3.802 3.586 3.400 3.118 3.043 3.030 3.029 3.025 3.202 3.029 3.174 3.048 3.045 3.041 3.032 3.032 3.031 3.028 3.025 3.024 3.021 3.024 3.087
0.00010274 -2.18000 10.07918 0.7647747993 2.4057500362    0.764  0.327  3.8168  4.213    1  0.000  0.528     0.00     0.00 -1 -2.37e-13      0.00 8.665e-01 1.334e-01 1.112e-05 3.066e-06 2.807e-05 -1.000 9.093e-05 3.952 3.673 3.461 3.277 2.999 2.926 2.913 2.913 2.908 3.082 2.913 3.054 2.931 2.928 2.924 2.915 2.915 2.914 2.912 2.908 2.908 2.904 2.908 2.969
0.00010274 -2.18000 10.07918 0.7698792219 2.4077148438    0.769  0.380  3.8182  4.169    1  0.000  0.528     0.00     0.00 -1  -2.8e-13      0.00 8.654e-01 1.345e-01 1.123e-05 3.095e-06 2.833e-05 -1.000 1.000e-04 3.821 3.543 3.333 3.152 2.877 2.806 2.793 2.792 2.788 2.960 2.792 2.931 2.811 2.807 2.803 2.795 2.795 2.794 2.792 2.788 2.788 2.784 2.787 2.848
0.00010274 -2.18000 10.07918 0.7740525007 2.4092991352    0.773  0.426  3.8188  4.127    1  0.000  0.528     0.00     0.00 -1 -3.28e-13      0.00 8.642e-01 1.357e-01 1.133e-05 3.124e-06 2.860e-05 -1.000 9.996e-05 3.705 3.427 3.218 3.038 2.765 2.694 2.681 2.680 2.676 2.847 2.680 2.818 2.699 2.695 2.691 2.683 2.683 2.682 2.679 2.676 2.675 2.672 2.675 2.735
0.00010274 -2.18000 10.07918 0.7755205631 2.4098517895    0.774  0.445  3.8184  4.108    1  0.000  0.528     0.00     0.00 -1 -3.49e-13      0.00 8.637e-01 1.362e-01 1.137e-05 3.134e-06 2.869e-05 -1.000 9.997e-05 3.658 3.379 3.170 2.989 2.715 2.644 2.631 2.630 2.626 2.797 2.631 2.769 2.649 2.646 2.642 2.633 2.633 2.632 2.630 2.626 2.626 2.622 2.626 2.686
0.00010274 -2.18000 10.07918 0.7795096636 2.4113414288    0.778  0.499  3.8164  4.048    1  0.000  0.528     0.00     0.00 -1 -4.22e-13      0.00 8.626e-01 1.373e-01 1.147e-05 3.163e-06 2.895e-05 -1.000 9.997e-05 3.522 3.239 3.027 2.844 2.567 2.494 2.480 2.479 2.475 2.649 2.480 2.621 2.499 2.495 2.491 2.483 2.482 2.481 2.479 2.475 2.475 2.471 2.475 2.537
0.00010274 -2.18000 10.07918 0.7823012471 2.4123735428    0.781  0.542  3.8135  3.995    1  0.000  0.528     0.00     0.00 -1 -4.94e-13      0.00 8.617e-01 1.382e-01 1.154e-05 3.182e-06 2.913e-05 -1.000 9.996e-05 3.416 3.127 2.911 2.724 2.442 2.366 2.353 2.351 2.347 2.525 2.352 2.498 2.373 2.368 2.364 2.355 2.354 2.353 2.351 2.347 2.347 2.343 2.346 2.411
0.00010274 -2.18000 10.07918 0.7828965187 2.4125924110    0.782  0.551  3.8128  3.983    1  0.000  0.528     0.00     0.00 -1 -5.12e-13      0.00 8.615e-01 1.384e-01 1.156e-05 3.186e-06 2.917e-05 -1.000 9.996e-05 3.392 3.102 2.885 2.696 2.413 2.337 2.323 2.322 2.317 2.497 2.323 2.469 2.344 2.339 2.335 2.326 2.325 2.324 2.321 2.318 2.317 2.313 2.317 2.382
0.00010274 -2.18000 10.07918 0.7834794521 2.4128065109    0.782  0.562  3.8114  3.967    1  0.000  0.528     0.00     0.00 -1 -5.35e-13      0.00 8.614e-01 1.385e-01 1.157e-05 3.190e-06 2.921e-05 -1.000 9.996e-05 3.364 3.072 2.853 2.663 2.377 2.300 2.286 2.284 2.279 2.461 2.285 2.434 2.307 2.301 2.297 2.288 2.287 2.286 2.284 2.280 2.279 2.275 2.279 2.346
0.00010274 -2.18000 10.07918 0.7854402661 2.4135239124    0.784  0.602  3.8056  3.904    2  0.000  0.528     0.00     0.00 -1 -6.29e-13      0.00 8.608e-01 1.391e-01 1.162e-05 3.204e-06 2.933e-05 -1.000 9.990e-05 3.264 2.963 2.734 2.536 2.240 2.158 2.143 2.141 2.136 2.326 2.142 2.300 2.166 2.159 2.155 2.145 2.144 2.143 2.140 2.136 2.136 2.131 2.135 2.207
0.00010274 -2.18000 10.07918 0.7869411707 2.4140703678    0.785  0.638  3.7985  3.841    2  0.000  0.528     0.00     0.00 -1 -7.34e-13      0.00 8.604e-01 1.395e-01 1.166e-05 3.214e-06 2.943e-05 -1.000 1.000e-04 3.175 2.863 2.623 2.416 2.106 2.018 2.001 1.999 1.993 2.195 2.000 2.170 2.027 2.019 2.015 2.004 2.002 2.001 1.998 1.994 1.993 1.989 1.993 2.072
0.00010274 -2.18000 10.07918 0.7881169915 2.4144966602    0.787  0.671  3.7902  3.776    2  0.000  0.528     0.00     0.00 -1 -8.52e-13      0.00 8.600e-01 1.399e-01 1.169e-05 3.223e-06 2.951e-05 -1.000 9.863e-05 3.093 2.770 2.516 2.298 1.973 1.876 1.858 1.855 1.849 2.064 1.857 2.040 1.888 1.878 1.873 1.862 1.859 1.857 1.855 1.850 1.849 1.845 1.849 1.936
0.00010274 -2.18000 10.07918 0.7890652418 2.4148395061    0.787  0.701  3.7811  3.710    2  0.000  0.528     0.00     0.00 -1 -9.84e-13      0.00 8.563e-01 1.436e-01 1.195e-05 3.295e-06 3.016e-05 -1.000 5.154e-05 3.018 2.683 2.414 2.184 1.841 1.736 1.716 1.713 1.706 1.935 1.714 1.914 1.750 1.738 1.733 1.720 1.716 1.715 1.712 1.707 1.706 1.701 1.705 1.801
0.00010274 -2.18000 10.07918 0.7898609042 2.4151263237    0.788  0.729  3.7723  3.647    2  0.000  0.530     0.00     0.00 -1 -1.13e-12      0.00 8.391e-01 1.608e-01 1.303e-05 3.584e-06 3.276e-05 -1.000 2.921e-05 2.947 2.601 2.317 2.075 1.716 1.602 1.580 1.576 1.568 1.812 1.578 1.794 1.619 1.605 1.599 1.584 1.580 1.578 1.575 1.569 1.568 1.563 1.567 1.674
0.00010274 -2.18000 10.07918 0.7905629277 2.4153788090    0.789  0.759  3.7642  3.585    2  0.000  0.533     0.00     0.00 -1  -1.3e-12      0.00 8.120e-01 1.880e-01 1.467e-05 4.026e-06 3.670e-05 -1.000 5.697e-05 2.873 2.518 2.220 1.967 1.593 1.471 1.446 1.442 1.434 1.691 1.444 1.675 1.490 1.474 1.467 1.451 1.446 1.444 1.440 1.435 1.434 1.429 1.433 1.548
0.00010274 -2.18000 10.07918 0.7911857963 2.4156024456    0.789  0.791  3.7572  3.525    2  0.000  0.535     0.00     0.00 -1  -1.5e-12      0.00 7.926e-01 2.073e-01 1.584e-05 4.338e-06 3.949e-05 -1.000 9.161e-05 2.792 2.430 2.120 1.857 1.469 1.340 1.313 1.308 1.300 1.570 1.311 1.555 1.362 1.343 1.336 1.319 1.313 1.310 1.306 1.301 1.300 1.295 1.299 1.423
0.00010274 -2.18000 10.07918 0.7918026447 2.4158236980    0.790  0.832  3.7510  3.460    2  0.000  0.536     0.00     0.00 -1 -1.77e-12      0.00 7.810e-01 2.189e-01 1.654e-05 4.526e-06 4.117e-05 -1.000 1.033e-04 2.690 2.321 2.000 1.729 1.330 1.194 1.165 1.159 1.150 1.431 1.163 1.419 1.218 1.198 1.189 1.171 1.165 1.161 1.158 1.151 1.150 1.145 1.149 1.282
0.00010274 -2.18000 10.07918 0.7922896147 2.4159977436    0.790  0.872  3.7470  3.404    2  0.000  0.536     0.00     0.00 -1 -2.07e-12      0.00 7.755e-01 2.243e-01 1.688e-05 4.615e-06 4.197e-05 -1.000 1.039e-04 2.591 2.217 1.889 1.612 1.206 1.067 1.036 1.029 1.020 1.308 1.033 1.298 1.092 1.070 1.061 1.042 1.035 1.032 1.028 1.022 1.020 1.015 1.019 1.157
0.00010274 -2.18000 10.07918 0.7926225066 2.4161169529    0.791  0.902  3.7446  3.364    2  0.000  0.536     0.00     0.00 -1 -2.32e-12      0.00 7.728e-01 2.271e-01 1.704e-05 4.659e-06 4.236e-05 -1.000 1.039e-04 2.515 2.139 1.807 1.527 1.117 0.974 0.943 0.935 0.927 1.219 0.940 1.209 1.001 0.978 0.969 0.950 0.942 0.938 0.934 0.928 0.927 0.922 0.926 1.067
0.00010274 -2.18000 10.07918 0.7929185033 2.4162225723    0.791  0.932  3.7430  3.328    3  0.000  0.537     0.00     0.00 -1 -2.59e-12      0.00 7.710e-01 2.289e-01 1.714e-05 4.685e-06 4.260e-05 -1.000 1.028e-04 2.440 2.062 1.727 1.445 1.031 0.887 0.855 0.848 0.839 1.134 0.852 1.125 0.914 0.891 0.881 0.862 0.854 0.850 0.847 0.840 0.839 0.834 0.838 0.981
0.00010274 -2.18000 10.07918 0.7933066487 2.4163610935    0.791  0.974  3.7409  3.278    3  0.000  0.537     0.00     0.00 -1 -3.02e-12      0.00 7.689e-01 2.310e-01 1.725e-05 4.715e-06 4.286e-05 -1.000 6.592e-05 2.336 1.956 1.618 1.333 0.915 0.769 0.737 0.729 0.720 1.019 0.733 1.010 0.797 0.773 0.763 0.744 0.736 0.732 0.728 0.721 0.720 0.715 0.719 0.864
0.00010274 -2.18000 10.07918 0.7936975956 2.4165003300    0.792  1.018  3.7390  3.227    3  0.000  0.537     0.00     0.00 -1 -3.54e-12      0.00 7.670e-01 2.329e-01 1.734e-05 4.740e-06 4.308e-05 -1.000 4.238e-05 2.226 1.844 1.503 1.214 0.793 0.645 0.613 0.604 0.595 0.897 0.609 0.889 0.673 0.649 0.639 0.620 0.611 0.607 0.603 0.597 0.596 0.590 0.594 0.741
0.00010274 -2.18000 10.07918 0.7940720916 2.4166336060    0.792  1.062  3.7374  3.176    3  0.000  0.537     0.00     0.00 -1 -4.17e-12      0.00 7.653e-01 2.346e-01 1.742e-05 4.760e-06 4.326e-05 -1.000 1.005e-04 2.114 1.731 1.386 1.096 0.671 0.521 0.489 0.480 0.471 0.776 0.485 0.768 0.550 0.526 0.516 0.496 0.487 0.483 0.479 0.472 0.471 0.466 0.470 0.619
0.00010274 -2.18000 10.07918 0.7944700718 2.4167752266    0.792  1.113  3.7356  3.118    3  0.000  0.537     0.00     0.00 -1    -5e-12      0.00 7.637e-01 2.362e-01 1.748e-05 4.779e-06 4.343e-05 -1.000 1.039e-04 1.988 1.602 1.255 0.962 0.534 0.382 0.349 0.340 0.331 0.639 0.345 0.631 0.411 0.386 0.376 0.356 0.348 0.343 0.339 0.332 0.331 0.326 0.330 0.481
0.00010274 -2.18000 10.07918 0.7948040366 2.4168937206    0.792  1.159  3.7341  3.067    3  0.000  0.537     0.00     0.00 -1 -5.89e-12      0.00 7.623e-01 2.376e-01 1.753e-05 4.792e-06 4.355e-05 -1.000 1.039e-04 1.873 1.487 1.137 0.842 0.411 0.257 0.224 0.215 0.206 0.516 0.220 0.509 0.287 0.261 0.251 0.231 0.222 0.218 0.214 0.207 0.206 0.201 0.204 0.357
0.00010274 -2.18000 10.07918 0.7951418757 2.4170136452    0.793  1.208  3.7326  3.011    3  0.000  0.537     0.00     0.00 -1 -7.05e-12      0.00 7.611e-01 2.389e-01 1.757e-05 4.804e-06 4.365e-05 -1.000 5.938e-05 1.749 1.362 1.009 0.711 0.277 0.122 0.088 0.079 0.070 0.382 0.084 0.376 0.152 0.126 0.116 0.096 0.086 0.082 0.078 0.071 0.070 0.065 0.068 0.223
0.00010274 -2.18000 10.07918 0.7954733372 2.4171311855    0.793  1.262  3.7309  2.951    3  0.000  0.537     0.00     0.00 -1 -8.53e-12      0.00 7.598e-01 2.402e-01 1.760e-05 4.815e-06 4.374e-05 -1.000 7.026e-05 1.616 1.227 0.872 0.571 0.133 -0.023 -0.057 -0.066 -0.076 0.240 -0.061 0.234 0.007 -0.019 -0.029 -0.049 -0.059 -0.063 -0.067 -0.074 -0.076 -0.081 -0.077 0.079
0.00010274 -2.18000 10.07918 0.7957408428 2.4172258377    0.793  1.308  3.7295  2.899    3  0.000  0.536     0.00     0.00 -1 -1.01e-11      0.00 7.588e-01 2.411e-01 1.762e-05 4.824e-06 4.380e-05 -1.000 9.882e-05 1.499 1.108 0.750 0.448 0.007 -0.151 -0.185 -0.195 -0.204 0.113 -0.190 0.109 -0.120 -0.147 -0.157 -0.178 -0.187 -0.192 -0.196 -0.203 -0.204 -0.209 -0.206 -0.047
0.00010274 -2.18000 10.07918 0.7959988713 2.4173171520    0.793  1.358  3.7280  2.844    3  0.000  0.536     0.00     0.00 -1  -1.2e-11      0.00 7.579e-01 2.420e-01 1.763e-05 4.833e-06 4.386e-05 -1.000 1.038e-04 1.376 0.984 0.623 0.318 -0.125 -0.285 -0.319 -0.329 -0.338 -0.018 -0.323 -0.023 -0.253 -0.280 -0.291 -0.311 -0.321 -0.326 -0.330 -0.337 -0.338 -0.343 -0.340 -0.180
0.00010274 -2.18000 10.07918 0.7962307334 2.4173991680    0.793  1.406  3.7265  2.790    3  0.000  0.535     0.00     0.00 -1 -1.43e-11      0.00 7.570e-01 2.429e-01 1.762e-05 4.844e-06 4.390e-05 -1.000 1.039e-04 1.256 0.863 0.499 0.192 -0.254 -0.416 -0.450 -0.460 -0.470 -0.147 -0.455 -0.151 -0.384 -0.411 -0.422 -0.442 -0.453 -0.457 -0.461 -0.468 -0.470 -0.475 -0.471 -0.310
0.00010274 -2.18000 10.07918 0.7964407206 2.4174733162    0.793  1.453  3.7250  2.736    3  0.000  0.535     0.00     0.00 -1  -1.7e-11      0.00 7.564e-01 2.435e-01 1.762e-05 4.855e-06 4.394e-05 -1.000 1.037e-04 1.137 0.742 0.376 0.066 -0.383 -0.546 -0.581 -0.591 -0.600 -0.276 -0.585 -0.279 -0.513 -0.541 -0.552 -0.573 -0.583 -0.588 -0.592 -0.599 -0.601 -0.606 -0.602 -0.439
0.00010274 -2.18000 10.07918 0.7966286540 2.4175398350    0.793  1.500  3.7235  2.683    3  0.000  0.534     0.00     0.00 -1 -2.01e-11      0.00 7.559e-01 2.440e-01 1.761e-05 4.866e-06 4.397e-05 -1.000 1.038e-04 1.020 0.624 0.255 -0.057 -0.509 -0.674 -0.709 -0.719 -0.729 -0.402 -0.713 -0.404 -0.641 -0.669 -0.680 -0.701 -0.711 -0.716 -0.720 -0.727 -0.729 -0.734 -0.730 -0.565
0.00010274 -2.18000 10.07918 0.7968065143 2.4176025391    0.793  1.548  3.7219  2.629    3  0.000  0.533     0.00     0.00 -1 -2.39e-11      0.00 7.554e-01 2.445e-01 1.759e-05 4.879e-06 4.399e-05 -1.000 1.039e-04 0.899 0.502 0.130 -0.184 -0.640 -0.806 -0.841 -0.852 -0.861 -0.532 -0.846 -0.533 -0.772 -0.801 -0.812 -0.833 -0.844 -0.849 -0.853 -0.860 -0.862 -0.866 -0.863 -0.697
0.00010274 -2.18000 10.07918 0.7969644070 2.4176583290    0.793  1.595  3.7203  2.575    3  0.000  0.533     0.00     0.00 -1 -2.84e-11      0.00 7.551e-01 2.448e-01 1.758e-05 4.890e-06 4.401e-05 -1.000 1.038e-04 0.781 0.384 0.008 -0.308 -0.767 -0.935 -0.971 -0.982 -0.991 -0.659 -0.976 -0.660 -0.901 -0.931 -0.941 -0.963 -0.974 -0.978 -0.983 -0.990 -0.992 -0.996 -0.993 -0.825
0.00010274 -2.18000 10.07918 0.7971047163 2.4177076817    0.793  1.641  3.7188  2.523    3  0.000  0.532     0.00     0.00 -1 -3.35e-11      0.00 7.549e-01 2.450e-01 1.757e-05 4.898e-06 4.401e-05 -1.000 1.039e-04 0.667 0.269 -0.110 -0.429 -0.891 -1.061 -1.097 -1.107 -1.117 -0.782 -1.101 -0.783 -1.026 -1.056 -1.067 -1.089 -1.099 -1.104 -1.109 -1.116 -1.117 -1.121 -1.118 -0.949
0.00010274 -2.18000 10.07918 0.7972318530 2.4177525043    0.793  1.686  3.7173  2.472    3  0.000  0.532     0.00     0.00 -1 -3.94e-11      0.00 7.547e-01 2.452e-01 1.756e-05 4.904e-06 4.402e-05 -1.000 9.876e-05 0.554 0.155 -0.227 -0.547 -1.013 -1.184 -1.221 -1.232 -1.241 -0.904 -1.225 -0.904 -1.149 -1.180 -1.191 -1.212 -1.223 -1.229 -1.233 -1.241 -1.242 -1.245 -1.242 -1.071
0.00010274 -2.18000 10.07918 0.7973510623 2.4177947044    0.793  1.732  3.7157  2.419    3  0.000  0.532     0.00     0.00 -1 -4.65e-11      0.00 7.547e-01 2.452e-01 1.755e-05 4.907e-06 4.402e-05 -1.000 1.040e-04 0.439 0.038 -0.346 -0.669 -1.138 -1.311 -1.348 -1.359 -1.369 -1.029 -1.353 -1.028 -1.275 -1.306 -1.318 -1.339 -1.351 -1.356 -1.361 -1.368 -1.369 -1.373 -1.370 -1.197
0.00010274 -2.18000 10.07918 0.7974563241 2.4178316593    0.793  1.777  3.7141  2.369    3  0.000  0.532     0.00     0.00 -1 -5.47e-11      0.00 7.546e-01 2.453e-01 1.755e-05 4.908e-06 4.403e-05 -1.000 1.039e-04 0.328 -0.074 -0.462 -0.787 -1.259 -1.434 -1.471 -1.482 -1.492 -1.149 -1.476 -1.148 -1.397 -1.429 -1.440 -1.462 -1.474 -1.479 -1.484 -1.492 -1.493 -1.496 -1.493 -1.318
0.00010274 -2.18000 10.07918 0.7975535393 2.4178659916    0.792  1.821  3.7125  2.318    3  0.000  0.532     0.00     0.00 -1 -6.42e-11      0.00 7.546e-01 2.453e-01 1.755e-05 4.908e-06 4.403e-05 -1.000 1.040e-04 0.217 -0.187 -0.577 -0.905 -1.380 -1.556 -1.594 -1.605 -1.615 -1.270 -1.599 -1.268 -1.520 -1.551 -1.563 -1.585 -1.597 -1.602 -1.607 -1.615 -1.616 -1.619 -1.616 -1.440
0.00010274 -2.18000 10.07918 0.7976428270 2.4178974628    0.792  1.866  3.7109  2.267    3  0.000  0.532     0.00     0.00 -1 -7.55e-11      0.00 7.546e-01 2.453e-01 1.755e-05 4.909e-06 4.403e-05 -1.000 1.040e-04 0.106 -0.298 -0.692 -1.023 -1.500 -1.679 -1.717 -1.729 -1.738 -1.390 -1.722 -1.388 -1.642 -1.674 -1.686 -1.708 -1.720 -1.726 -1.730 -1.738 -1.739 -1.742 -1.739 -1.561
0.00010274 -2.18000 10.07918 0.7977221012 2.4179253578    0.792  1.908  3.7093  2.218    3  0.000  0.532     0.00     0.00 -1 -8.41e-11      0.00 7.546e-01 2.453e-01 1.755e-05 4.909e-06 4.403e-05 -1.000 1.040e-04 -0.000 -0.406 -0.803 -1.136 -1.616 -1.797 -1.835 -1.847 -1.857 -1.506 -1.841 -1.503 -1.759 -1.792 -1.803 -1.826 -1.838 -1.844 -1.849 -1.857 -1.858 -1.860 -1.858 -1.678
0.00010274 -2.18000 10.07918 0.7977954149 2.4179511070    0.792  1.951  3.7078  2.169    3  0.000  0.532     0.00     0.00 -1 -9.58e-11      0.00 7.546e-01 2.453e-01 1.755e-05 4.909e-06 4.403e-05 -1.000 1.039e-04 -0.107 -0.513 -0.913 -1.248 -1.732 -1.914 -1.953 -1.965 -1.975 -1.622 -1.958 -1.617 -1.876 -1.909 -1.921 -1.944 -1.956 -1.962 -1.967 -1.975 -1.976 -1.977 -1.976 -1.794
0.00010274 -2.18000 10.07918 0.7978658080 2.4179759026    0.791  1.995  3.7061  2.118    3  0.000  0.532     0.00     0.00 -1 -1.12e-10      0.00 7.546e-01 2.453e-01 1.755e-05 4.909e-06 4.403e-05 -1.000 1.039e-04 -0.217 -0.624 -1.027 -1.366 -1.853 -2.037 -2.075 -2.088 -2.098 -1.742 -2.081 -1.737 -1.998 -2.031 -2.043 -2.066 -2.079 -2.085 -2.090 -2.098 -2.099 -2.100 -2.098 -1.915
0.00010274 -2.18000 10.07918 0.7979261279 2.4179971218    0.791  2.036  3.7045  2.071    3  0.000  0.532     0.00     0.00 -1  -1.3e-10      0.00 7.546e-01 2.453e-01 1.755e-05 4.909e-06 4.403e-05 -1.000 1.038e-04 -0.319 -0.726 -1.133 -1.474 -1.965 -2.150 -2.190 -2.202 -2.212 -1.854 -2.196 -1.848 -2.111 -2.145 -2.157 -2.180 -2.193 -2.199 -2.204 -2.213 -2.213 -2.214 -2.213 -2.028
0.00010274 -2.18000 10.07918 0.7979817986 2.4180166721    0.791  2.077  3.7030  2.023    3  0.000  0.532     0.00     0.00 -1 -1.51e-10      0.00 7.546e-01 2.453e-01 1.755e-05 4.909e-06 4.403e-05 -1.000 1.039e-04 -0.421 -0.829 -1.239 -1.582 -2.076 -2.264 -2.303 -2.316 -2.325 -1.965 -2.309 -1.958 -2.224 -2.258 -2.271 -2.294 -2.307 -2.313 -2.318 -2.326 -2.327 -2.327 -2.326 -2.139
0.00010274 -2.18000 10.07918 0.7980350852 2.4180355072    0.790  2.119  3.7014  1.975    3  0.000  0.532     0.00     0.00 -1 -1.77e-10      0.00 7.546e-01 2.453e-01 1.755e-05 4.909e-06 4.403e-05 -1.000 1.039e-04 -0.527 -0.935 -1.348 -1.694 -2.191 -2.381 -2.421 -2.434 -2.443 -2.080 -2.427 -2.072 -2.340 -2.375 -2.388 -2.411 -2.424 -2.430 -2.436 -2.444 -2.444 -2.445 -2.443 -2.255
0.00010274 -2.18000 10.07918 0.7980815768 2.4180517197    0.790  2.158  3.6998  1.928    3  0.000  0.532     0.00     0.00 -1 -2.05e-10      0.00 7.546e-01 2.453e-01 1.755e-05 4.909e-06 4.403e-05 -1.000 1.040e-04 -0.626 -1.035 -1.452 -1.800 -2.301 -2.492 -2.532 -2.546 -2.555 -2.189 -2.538 -2.181 -2.451 -2.486 -2.499 -2.522 -2.536 -2.542 -2.548 -2.556 -2.556 -2.556 -2.555 -2.365
0.00010274 -2.18000 10.07918 0.7981251478 2.4180672169    0.789  2.198  3.6982  1.882    3  0.000  0.532     0.00     0.00 -1 -2.37e-10      0.00 7.546e-01 2.453e-01 1.755e-05 4.910e-06 4.403e-05 -1.000 1.039e-04 -0.724 -1.134 -1.554 -1.905 -2.408 -2.601 -2.642 -2.656 -2.664 -2.296 -2.648 -2.287 -2.560 -2.596 -2.609 -2.632 -2.646 -2.652 -2.658 -2.666 -2.666 -2.666 -2.665 -2.473
0.00010274 -2.18000 10.07918 0.7981704473 2.4180829525    0.789  2.235  3.6968  1.839    3  0.000  0.532     0.00     0.00 -1 -2.72e-10      0.00 7.546e-01 2.453e-01 1.755e-05 4.910e-06 4.403e-05 -1.000 1.039e-04 -0.817 -1.227 -1.650 -2.004 -2.510 -2.704 -2.745 -2.759 -2.768 -2.398 -2.751 -2.388 -2.662 -2.699 -2.712 -2.735 -2.749 -2.756 -2.761 -2.770 -2.770 -2.769 -2.769 -2.575
0.00010274 -2.18000 10.07918 0.7982206345 2.4181005955    0.788  2.265  3.6956  1.803    3  0.000  0.532     0.00     0.00 -1 -3.06e-10      0.00 7.546e-01 2.453e-01 1.755e-05 4.910e-06 4.403e-05 -1.000 1.039e-04 -0.894 -1.305 -1.730 -2.085 -2.594 -2.790 -2.831 -2.845 -2.854 -2.482 -2.837 -2.471 -2.748 -2.784 -2.797 -2.821 -2.835 -2.842 -2.847 -2.856 -2.856 -2.855 -2.854 -2.660
0.00010274 -2.18000 10.07918 0.7982443571 2.4181089401    0.787  2.260  3.6960  1.811    3  0.000  0.532     0.00     0.00 -1 -3.02e-10      0.00 7.546e-01 2.453e-01 1.755e-05 4.910e-06 4.403e-05 -1.000 1.039e-04 -0.879 -1.290 -1.715 -2.070 -2.578 -2.773 -2.814 -2.828 -2.837 -2.465 -2.820 -2.455 -2.731 -2.767 -2.780 -2.804 -2.818 -2.825 -2.830 -2.839 -2.838 -2.838 -2.837 -2.643
0.00010274 -2.18000 10.07918 0.7982501984 2.4181110859    0.787  2.267  3.6957  1.803    3  0.000  0.532     0.00     0.00 -1 -3.09e-10      0.00 7.546e-01 2.453e-01 1.755e-05 4.910e-06 4.403e-05 -1.000 1.039e-04 -0.896 -1.307 -1.733 -2.088 -2.596 -2.792 -2.833 -2.847 -2.856 -2.484 -2.839 -2.474 -2.750 -2.786 -2.799 -2.823 -2.837 -2.844 -2.849 -2.858 -2.858 -2.857 -2.856 -2.662
0.00010274 -2.18000 10.07918 0.7982826829 2.4181225300    0.787  2.307  3.6940  1.756    3  0.000  0.532     0.00     0.00 -1 -3.55e-10      0.00 7.546e-01 2.453e-01 1.755e-05 4.910e-06 4.403e-05 -1.000 1.040e-04 -0.996 -1.408 -1.837 -2.195 -2.706 -2.904 -2.946 -2.960 -2.968 -2.594 -2.952 -2.583 -2.861 -2.898 -2.912 -2.935 -2.950 -2.957 -2.962 -2.971 -2.970 -2.968 -2.968 -2.773
0.00010274 -2.18000 10.07918 0.7983154655 2.4181339741    0.786  2.349  3.6924  1.706    3  0.000  0.532     0.00     0.00 -1 -4.15e-10      0.00 7.546e-01 2.453e-01 1.755e-05 4.910e-06 4.403e-05 -1.000 1.039e-04 -1.103 -1.515 -1.947 -2.308 -2.823 -3.023 -3.065 -3.080 -3.088 -2.711 -3.072 -2.699 -2.979 -3.017 -3.030 -3.054 -3.070 -3.076 -3.082 -3.091 -3.090 -3.087 -3.087 -2.890
0.00010274 -2.18000 10.07918 0.7983433008 2.4181437492    0.785  2.388  3.6907  1.660    3  0.000  0.532     0.00     0.00 -1 -4.78e-10      0.00 7.546e-01 2.453e-01 1.755e-05 4.910e-06 4.403e-05 -1.000 1.038e-04 -1.200 -1.611 -2.048 -2.411 -2.930 -3.131 -3.174 -3.189 -3.197 -2.817 -3.181 -2.804 -3.087 -3.125 -3.139 -3.163 -3.179 -3.186 -3.191 -3.200 -3.199 -3.195 -3.196 -2.998
0.00010274 -2.18000 10.07918 0.7983707190 2.4181535244    0.785  2.428  3.6889  1.612    3  0.000  0.532     0.00     0.00 -1 -5.56e-10      0.00 7.546e-01 2.453e-01 1.755e-05 4.910e-06 4.403e-05 -1.000 1.039e-04 -1.301 -1.712 -2.153 -2.519 -3.042 -3.245 -3.289 -3.304 -3.311 -2.929 -3.296 -2.915 -3.201 -3.240 -3.253 -3.277 -3.294 -3.300 -3.306 -3.315 -3.314 -3.308 -3.309 -3.110
0.00010274 -2.18000 10.07918 0.7983962893 2.4181623459    0.784  2.469  3.6872  1.564    3  0.000  0.532     0.00     0.00 -1 -6.45e-10      0.00 7.546e-01 2.453e-01 1.755e-05 4.910e-06 4.403e-05 -1.000 1.039e-04 -1.402 -1.814 -2.258 -2.627 -3.154 -3.359 -3.403 -3.418 -3.425 -3.040 -3.410 -3.026 -3.314 -3.353 -3.367 -3.391 -3.408 -3.415 -3.421 -3.430 -3.428 -3.421 -3.423 -3.223
0.00010274 -2.18000 10.07918 0.7984186411 2.4181702137    0.783  2.507  3.6855  1.519    3  0.000  0.532     0.00     0.00 -1 -7.42e-10      0.00 7.546e-01 2.453e-01 1.755e-05 4.910e-06 4.404e-05 -1.000 1.038e-04 -1.497 -1.908 -2.357 -2.729 -3.259 -3.466 -3.510 -3.526 -3.532 -3.145 -3.517 -3.130 -3.421 -3.460 -3.474 -3.498 -3.515 -3.522 -3.528 -3.538 -3.535 -3.528 -3.530 -3.328
0.00010274 -2.18000 10.07918 0.7984408736 2.4181780815    0.782  2.547  3.6837  1.471    3  0.000  0.532     0.00     0.00 -1 -8.62e-10      0.00 7.546e-01 2.453e-01 1.755e-05 4.910e-06 4.404e-05 -1.000 1.039e-04 -1.598 -2.009 -2.462 -2.837 -3.371 -3.580 -3.625 -3.641 -3.647 -3.257 -3.632 -3.241 -3.534 -3.574 -3.588 -3.613 -3.630 -3.637 -3.643 -3.653 -3.650 -3.641 -3.644 -3.441
0.00010274 -2.18000 10.07918 0.7984605432 2.4181849957    0.781  2.585  3.6821  1.426    3  0.000  0.532     0.00     0.00 -1 -9.92e-10      0.00 7.546e-01 2.453e-01 1.755e-05 4.910e-06 4.404e-05 -1.000 1.039e-04 -1.693 -2.104 -2.561 -2.939 -3.476 -3.687 -3.732 -3.749 -3.754 -3.362 -3.740 -3.345 -3.641 -3.681 -3.696 -3.720 -3.738 -3.745 -3.751 -3.761 -3.758 -3.748 -3.751 -3.547
0.00010274 -2.18000 10.07918 0.7984788418 2.4181914330    0.780  2.623  3.6803  1.381    3  0.000  0.532     0.00     0.00 -1 -1.14e-09      0.00 7.546e-01 2.453e-01 1.755e-05 4.910e-06 4.404e-05 -1.000 1.038e-04 -1.787 -2.198 -2.659 -3.040 -3.581 -3.794 -3.839 -3.857 -3.861 -3.466 -3.847 -3.449 -3.746 -3.788 -3.803 -3.827 -3.845 -3.853 -3.859 -3.869 -3.865 -3.854 -3.857 -3.652
0.00010274 -2.18000 10.07918 0.7984963655 2.4181976318    0.779  2.661  3.6785  1.334    3  0.000  0.532     0.00     0.00 -1 -1.32e-09      0.00 7.546e-01 2.453e-01 1.755e-05 4.910e-06 4.404e-05 -1.000 1.040e-04 -1.883 -2.293 -2.758 -3.143 -3.688 -3.903 -3.949 -3.967 -3.970 -3.573 -3.957 -3.554 -3.854 -3.896 -3.912 -3.935 -3.955 -3.962 -3.969 -3.978 -3.975 -3.961 -3.965 -3.759
0.00010274 -2.18000 10.07918 0.7985152006 2.4182040691    0.778  2.706  3.6766  1.281    3  0.000  0.532     0.00     0.00 -1 -1.55e-09      0.00 7.546e-01 2.453e-01 1.755e-05 4.910e-06 4.404e-05 -1.000 1.038e-04 -1.994 -2.403 -2.874 -3.262 -3.811 -4.028 -4.074 -4.093 -4.095 -3.695 -4.083 -3.676 -3.979 -4.022 -4.037 -4.061 -4.081 -4.089 -4.095 -4.105 -4.101 -4.085 -4.089 -3.883
0.00010274 -2.18000 10.07918 0.7985303402 2.4182095528    0.776  2.744  3.6746  1.235    3  0.000  0.532     0.00     0.00 -1 -1.79e-09      0.00 7.546e-01 2.453e-01 1.755e-05 4.910e-06 4.404e-05 -1.000 1.039e-04 -2.090 -2.497 -2.973 -3.365 -3.918 -4.138 -4.184 -4.203 -4.205 -3.802 -4.193 -3.782 -4.088 -4.131 -4.147 -4.170 -4.191 -4.199 -4.206 -4.216 -4.211 -4.193 -4.198 -3.991
0.00010274 -2.18000 10.07918 0.7985459566 2.4182150364    0.775  2.786  3.6727  1.183    3  0.000  0.532     0.00     0.00 -1  -2.1e-09      0.00 7.546e-01 2.453e-01 1.755e-05 4.910e-06 4.404e-05 -1.000 1.039e-04 -2.196 -2.602 -3.083 -3.479 -4.036 -4.258 -4.305 -4.325 -4.325 -3.920 -4.314 -3.899 -4.207 -4.251 -4.267 -4.290 -4.312 -4.320 -4.327 -4.337 -4.332 -4.311 -4.317 -4.110
0.00010274 -2.18000 10.07918 0.7985588312 2.4182195663    0.773  2.824  3.6709  1.138    3  0.000  0.532     0.00     0.00 -1 -2.41e-09      0.00 7.545e-01 2.453e-01 1.755e-05 4.910e-06 4.404e-05 -1.000 1.038e-04 -2.289 -2.695 -3.181 -3.579 -4.141 -4.364 -4.412 -4.432 -4.432 -4.024 -4.421 -4.002 -4.313 -4.357 -4.374 -4.396 -4.419 -4.428 -4.434 -4.444 -4.439 -4.416 -4.422 -4.215
0.00010274 -2.18000 10.07918 0.7985719442 2.4182240963    0.771  2.864  3.6688  1.088    3  0.000  0.532     0.00     0.00 -1 -2.81e-09      0.00 7.545e-01 2.453e-01 1.755e-05 4.911e-06 4.404e-05 -1.000 1.040e-04 -2.391 -2.795 -3.287 -3.689 -4.255 -4.481 -4.529 -4.550 -4.549 -4.138 -4.538 -4.116 -4.429 -4.474 -4.491 -4.513 -4.537 -4.546 -4.552 -4.563 -4.557 -4.531 -4.538 -4.330
0.00010274 -2.18000 10.07918 0.7985828519 2.4182279110    0.769  2.900  3.6671  1.044    3  0.000  0.532     0.00     0.00 -1 -3.21e-09      0.00 7.545e-01 2.453e-01 1.755e-05 4.911e-06 4.404e-05 -1.000 1.039e-04 -2.481 -2.884 -3.380 -3.786 -4.355 -4.583 -4.632 -4.652 -4.650 -4.238 -4.641 -4.215 -4.531 -4.576 -4.593 -4.615 -4.640 -4.648 -4.655 -4.665 -4.659 -4.630 -4.638 -4.431
0.00010274 -2.18000 10.07918 0.7985942960 2.4182319641    0.767  2.940  3.6650  0.995    3  0.000  0.532     0.00     0.00 -1 -3.74e-09      0.00 7.545e-01 2.454e-01 1.755e-05 4.911e-06 4.404e-05 -1.000 1.039e-04 -2.581 -2.981 -3.484 -3.894 -4.468 -4.699 -4.747 -4.769 -4.766 -4.351 -4.757 -4.326 -4.645 -4.691 -4.708 -4.729 -4.756 -4.765 -4.771 -4.782 -4.775 -4.743 -4.751 -4.544
0.00010274 -2.18000 10.07918 0.7986058593 2.4182360172    0.765  2.984  3.6628  0.941    3  0.000  0.532     0.00     0.00 -1  -4.4e-09      0.00 7.545e-01 2.454e-01 1.755e-05 4.911e-06 4.404e-05 -1.000 1.039e-04 -2.689 -3.087 -3.596 -4.011 -4.590 -4.823 -4.872 -4.895 -4.890 -4.472 -4.882 -4.447 -4.768 -4.816 -4.833 -4.853 -4.882 -4.890 -4.897 -4.908 -4.900 -4.864 -4.874 -4.667
0.00010274 -2.18000 10.07918 0.7986152768 2.4182393551    0.762  3.021  3.6609  0.894    3  0.000  0.532     0.00     0.00 -1 -5.08e-09      0.00 7.545e-01 2.454e-01 1.755e-05 4.911e-06 4.404e-05 -1.000 1.038e-04 -2.783 -3.179 -3.694 -4.113 -4.697 -4.932 -4.981 -5.005 -4.998 -4.578 -4.991 -4.552 -4.876 -4.924 -4.942 -4.960 -4.991 -5.000 -5.007 -5.018 -5.009 -4.970 -4.981 -4.774
0.00010274 -2.18000 10.07918 0.7986233830 2.4182422161    0.760  3.055  3.6590  0.851    3  0.000  0.532     0.00     0.00 -1 -5.77e-09      0.00 7.545e-01 2.454e-01 1.755e-05 4.911e-06 4.404e-05 -1.000 1.039e-04 -2.868 -3.261 -3.783 -4.205 -4.793 -5.030 -5.079 -5.104 -5.096 -4.674 -5.090 -4.647 -4.973 -5.022 -5.040 -5.058 -5.091 -5.099 -5.107 -5.118 -5.109 -5.065 -5.078 -4.871
0.00010274 -2.18000 10.07918 0.7986317277 2.4182450771    0.757  3.092  3.6572  0.805    3  0.000  0.532     0.00     0.00 -1 -6.64e-09      0.00 7.545e-01 2.454e-01 1.755e-05 4.911e-06 4.404e-05 -1.000 1.040e-04 -2.961 -3.352 -3.879 -4.305 -4.897 -5.136 -5.185 -5.211 -5.202 -4.778 -5.197 -4.751 -5.078 -5.128 -5.146 -5.163 -5.198 -5.206 -5.214 -5.225 -5.215 -5.169 -5.182 -4.975
0.00010274 -2.18000 10.07918 0.7986402512 2.4182481766    0.754  3.132  3.6549  0.754    3  0.000  0.532     0.00     0.00 -1 -7.74e-09      0.00 7.545e-01 2.454e-01 1.755e-05 4.911e-06 4.404e-05 -1.000 1.039e-04 -3.061 -3.449 -3.984 -4.415 -5.012 -5.253 -5.303 -5.330 -5.319 -4.892 -5.315 -4.864 -5.195 -5.244 -5.264 -5.279 -5.316 -5.325 -5.332 -5.344 -5.333 -5.282 -5.297 -5.091
0.00010274 -2.18000 10.07918 0.7986474037 2.4182505608    0.750  3.168  3.6530  0.709    3  0.000  0.532     0.00     0.00 -1 -8.88e-09      0.00 7.545e-01 2.454e-01 1.755e-05 4.911e-06 4.404e-05 -1.000 1.039e-04 -3.151 -3.534 -4.076 -4.512 -5.113 -5.357 -5.406 -5.435 -5.423 -4.993 -5.419 -4.964 -5.297 -5.348 -5.368 -5.381 -5.420 -5.429 -5.437 -5.449 -5.438 -5.383 -5.399 -5.193
0.00010274 -2.18000 10.07918 0.7986546159 2.4182531834    0.747  3.206  3.6509  0.661    3  0.000  0.532     0.00     0.00 -1 -1.02e-08      0.00 7.545e-01 2.454e-01 1.755e-05 4.911e-06 4.404e-05 -1.000 1.039e-04 -3.244 -3.622 -4.171 -4.612 -5.218 -5.465 -5.514 -5.544 -5.531 -5.098 -5.527 -5.068 -5.404 -5.456 -5.476 -5.487 -5.530 -5.539 -5.547 -5.559 -5.547 -5.488 -5.505 -5.299
0.00010274 -2.18000 10.07918 0.7986613512 2.4182555676    0.743  3.240  3.6490  0.617    3  0.000  0.532     0.00     0.00 -1 -1.17e-08      0.00 7.545e-01 2.454e-01 1.755e-05 4.911e-06 4.404e-05 -1.000 1.039e-04 -3.329 -3.702 -4.258 -4.704 -5.315 -5.564 -5.613 -5.645 -5.629 -5.195 -5.627 -5.163 -5.502 -5.555 -5.575 -5.584 -5.630 -5.639 -5.647 -5.660 -5.647 -5.583 -5.601 -5.396
0.00010274 -2.18000 10.07918 0.7986631989 2.4182560444    0.741  3.248  3.6485  0.606    3  0.000  0.532     0.00     0.00 -1 -1.22e-08      0.00 7.545e-01 2.454e-01 1.755e-05 4.911e-06 4.404e-05 -1.000 1.039e-04 -3.351 -3.722 -4.281 -4.727 -5.340 -5.589 -5.638 -5.670 -5.655 -5.219 -5.652 -5.188 -5.527 -5.580 -5.601 -5.609 -5.655 -5.664 -5.673 -5.685 -5.673 -5.608 -5.626 -5.421
0.00010274 -2.18000 10.07918 0.7986631989 2.4182560444    0.741  1.658  3.9454  3.383    4  0.000  0.533     0.00     0.00 -1    -1e-30      0.00 7.561e-01 2.438e-01 1.754e-05 4.871e-06 4.387e-05 -1.000 1.038e-04 0.624 0.652 0.609 0.591 0.572 0.559 0.554 0.553 0.549 0.575 0.554 0.577 0.563 0.558 0.559 0.558 0.552 0.554 0.554 0.549 0.548 0.548 0.548 0.569
0.00010274 -2.18000 10.07918 0.7986639142 2.4182562828    0.741  1.666  3.9414  3.360    4  0.000  0.533     0.00     0.00 -1    -1e-30      0.00 7.561e-01 2.438e-01 1.754e-05 4.871e-06 4.387e-05 -1.000 1.038e-04 0.606 0.617 0.570 0.548 0.526 0.511 0.505 0.504 0.500 0.530 0.505 0.532 0.516 0.510 0.511 0.510 0.503 0.505 0.505 0.501 0.499 0.499 0.499 0.522
0.00010274 -2.18000 10.07918 0.7987124920 2.4182734489    0.741  1.686  3.9309  3.298    4  0.000  0.533     0.00     0.00 -1    -1e-30      0.00 7.561e-01 2.438e-01 1.754e-05 4.871e-06 4.387e-05 -1.000 1.038e-04 0.556 0.524 0.466 0.434 0.402 0.384 0.377 0.375 0.370 0.410 0.376 0.410 0.390 0.383 0.384 0.381 0.374 0.376 0.375 0.371 0.369 0.368 0.369 0.397
0.00010274 -2.18000 10.07918 0.7987596989 2.4182898998    0.741  1.686  3.9311  3.298    4  0.000  0.533     0.00     0.00 -1    -1e-30      0.00 7.561e-01 2.438e-01 1.754e-05 4.871e-06 4.387e-05 -1.000 1.039e-04 0.555 0.524 0.466 0.435 0.403 0.384 0.377 0.375 0.370 0.410 0.376 0.410 0.390 0.384 0.384 0.382 0.375 0.377 0.376 0.371 0.370 0.369 0.369 0.398
0.00010274 -2.18000 10.07918 0.7988070250 2.4183065891    0.741  1.686  3.9313  3.299    4  0.000  0.533     0.00     0.00 -1    -1e-30      0.00 7.561e-01 2.438e-01 1.754e-05 4.871e-06 4.387e-05 -1.000 1.038e-04 0.555 0.525 0.468 0.436 0.405 0.386 0.379 0.377 0.372 0.412 0.378 0.412 0.392 0.386 0.386 0.384 0.377 0.378 0.378 0.373 0.372 0.371 0.371 0.400
0.00010274 -2.18000 10.07918 0.7988548279 2.4183235168    0.741  1.686  3.9314  3.300    4  0.000  0.533     0.00     0.00 -1    -1e-30      0.00 7.561e-01 2.438e-01 1.754e-05 4.871e-06 4.387e-05 -1.000 1.038e-04 0.555 0.525 0.468 0.436 0.405 0.387 0.380 0.378 0.373 0.412 0.379 0.412 0.393 0.386 0.387 0.384 0.377 0.379 0.378 0.374 0.372 0.371 0.372 0.400
0.00010274 -2.18000 10.07918 0.7989040017 2.4183406830    0.741  1.686  3.9312  3.299    4  0.000  0.533     0.00     0.00 -1    -1e-30      0.00 7.561e-01 2.438e-01 1.754e-05 4.871e-06 4.387e-05 -1.000 1.039e-04 0.555 0.524 0.466 0.435 0.403 0.385 0.377 0.376 0.371 0.410 0.377 0.410 0.390 0.384 0.384 0.382 0.375 0.377 0.376 0.371 0.370 0.369 0.370 0.398
0.00010274 -2.18000 10.07918 0.7989526987 2.4183578491    0.741  1.686  3.9307  3.296    4  0.000  0.533     0.00     0.00 -1    -1e-30      0.00 7.561e-01 2.438e-01 1.754e-05 4.871e-06 4.387e-05 -1.000 1.037e-04 0.554 0.521 0.463 0.431 0.399 0.380 0.373 0.371 0.366 0.406 0.372 0.406 0.386 0.380 0.380 0.377 0.370 0.372 0.371 0.367 0.366 0.364 0.365 0.394
0.00010274 -2.18000 10.07918 0.7989982367 2.4183738232    0.741  1.687  3.9299  3.293    4  0.000  0.533     0.00     0.00 -1    -1e-30      0.00 7.561e-01 2.438e-01 1.754e-05 4.871e-06 4.387e-05 -1.000 1.039e-04 0.553 0.517 0.458 0.425 0.392 0.373 0.366 0.364 0.359 0.400 0.365 0.400 0.379 0.373 0.373 0.370 0.363 0.365 0.364 0.360 0.359 0.357 0.358 0.387
0.00010274 -2.18000 10.07918 0.7990474701 2.4183909893    0.741  1.688  3.9288  3.288    4  0.000  0.533     0.00     0.00 -1    -1e-30      0.00 7.561e-01 2.438e-01 1.754e-05 4.871e-06 4.387e-05 -1.000 1.039e-04 0.551 0.511 0.451 0.417 0.383 0.364 0.356 0.354 0.349 0.391 0.355 0.391 0.370 0.363 0.363 0.361 0.354 0.355 0.354 0.350 0.349 0.347 0.348 0.378
0.00010274 -2.18000 10.07918 0.7990928292 2.4184069633    0.742  1.688  3.9274  3.281    4  0.000  0.533     0.00     0.00 -1    -1e-30      0.00 7.561e-01 2.438e-01 1.754e-05 4.871e-06 4.387e-05 -1.000 1.038e-04 0.549 0.504 0.442 0.406 0.371 0.351 0.343 0.341 0.336 0.379 0.342 0.379 0.357 0.351 0.351 0.348 0.341 0.342 0.341 0.337 0.336 0.334 0.335 0.365
0.00010274 -2.18000 10.07918 0.7991387248 2.4184229374    0.742  1.690  3.9256  3.273    4  0.000  0.533     0.00     0.00 -1    -1e-30      0.00 7.561e-01 2.438e-01 1.754e-05 4.871e-06 4.387e-05 -1.000 1.038e-04 0.546 0.494 0.430 0.393 0.355 0.334 0.327 0.324 0.319 0.364 0.326 0.363 0.341 0.334 0.334 0.331 0.324 0.326 0.325 0.320 0.319 0.317 0.318 0.350
0.00010274 -2.18000 10.07918 0.7991869450 2.4184398651    0.742  1.691  3.9233  3.262    4  0.000  0.533     0.00     0.00 -1    -1e-30      0.00 7.561e-01 2.438e-01 1.754e-05 4.871e-06 4.387e-05 -1.000 1.038e-04 0.542 0.481 0.415 0.375 0.335 0.313 0.305 0.303 0.297 0.345 0.304 0.343 0.320 0.313 0.313 0.310 0.303 0.304 0.303 0.298 0.297 0.296 0.296 0.329
0.00010274 -2.18000 10.07918 0.7992371321 2.4184575081    0.742  1.693  3.9204  3.249    4  0.000  0.533     0.00     0.00 -1    -1e-30      0.00 7.561e-01 2.438e-01 1.754e-05 4.871e-06 4.387e-05 -1.000 1.038e-04 0.537 0.464 0.395 0.353 0.310 0.287 0.278 0.275 0.270 0.321 0.277 0.318 0.294 0.287 0.286 0.283 0.276 0.277 0.276 0.271 0.270 0.268 0.269 0.304
0.00010274 -2.18000 10.07918 0.7992838621 2.4184739590    0.742  1.696  3.9173  3.234    4  0.000  0.533     0.00     0.00 -1    -1e-30      0.00 7.561e-01 2.438e-01 1.754e-05 4.871e-06 4.387e-05 -1.000 1.038e-04 0.531 0.447 0.375 0.329 0.281 0.257 0.248 0.246 0.240 0.294 0.247 0.291 0.265 0.258 0.257 0.253 0.246 0.247 0.246 0.241 0.240 0.238 0.239 0.275
0.00010274 -2.18000 10.07918 0.7993310094 2.4184904099    0.742  1.698  3.9136  3.216    4  0.000  0.533     0.00     0.00 -1    -1e-30      0.00 7.561e-01 2.438e-01 1.754e-05 4.871e-06 4.387e-05 -1.000 1.038e-04 0.525 0.428 0.351 0.301 0.248 0.223 0.214 0.211 0.205 0.262 0.212 0.259 0.231 0.223 0.223 0.219 0.211 0.212 0.211 0.206 0.205 0.203 0.204 0.242
0.00010274 -2.18000 10.07918 0.7993805408 2.4185078144    0.742  1.701  3.9091  3.195    4  0.000  0.533     0.00     0.00 -1    -1e-30      0.00 7.561e-01 2.438e-01 1.754e-05 4.871e-06 4.387e-05 -1.000 1.038e-04 0.517 0.404 0.323 0.268 0.209 0.182 0.172 0.169 0.163 0.225 0.171 0.220 0.190 0.182 0.181 0.177 0.170 0.171 0.169 0.164 0.163 0.161 0.162 0.201
0.00010274 -2.18000 10.07918 0.7994272709 2.4185240269    0.742  1.705  3.9044  3.173    4  0.000  0.533     0.00     0.00 -1    -1e-30      0.00 7.561e-01 2.438e-01 1.754e-05 4.871e-06 4.387e-05 -1.000 1.038e-04 0.509 0.380 0.293 0.233 0.167 0.139 0.128 0.125 0.119 0.185 0.127 0.180 0.147 0.139 0.138 0.134 0.126 0.127 0.125 0.120 0.119 0.117 0.118 0.159
0.00010274 -2.18000 10.07918 0.7994742990 2.4185404778    0.742  1.708  3.8990  3.148    4  0.000  0.533     0.00     0.00 -1    -1e-30      0.00 7.561e-01 2.438e-01 1.754e-05 4.871e-06 4.387e-05 -1.000 1.039e-04 0.499 0.353 0.261 0.194 0.120 0.089 0.078 0.075 0.069 0.141 0.077 0.134 0.098 0.090 0.088 0.084 0.076 0.077 0.075 0.070 0.069 0.067 0.068 0.111
0.00010274 -2.18000 10.07918 0.7995226383 2.4185574055    0.742  1.712  3.8931  3.120    4  0.000  0.533     0.00     0.00 -1    -1e-30      0.00 7.561e-01 2.438e-01 1.754e-05 4.871e-06 4.387e-05 -1.000 1.039e-04 0.489 0.324 0.224 0.151 0.067 0.034 0.023 0.019 0.013 0.091 0.022 0.082 0.043 0.035 0.033 0.028 0.020 0.021 0.019 0.014 0.013 0.011 0.012 0.057
0.00010274 -2.18000 10.07918 0.7995722294 2.4185748100    0.742  1.717  3.8862  3.088    4  0.000  0.533     0.00     0.00 -1    -1e-30      0.00 7.561e-01 2.438e-01 1.754e-05 4.871e-06 4.387e-05 -1.000 1.039e-04 0.477 0.293 0.185 0.103 0.007 -0.030 -0.041 -0.044 -0.050 0.034 -0.042 0.024 -0.019 -0.028 -0.031 -0.036 -0.043 -0.043 -0.044 -0.050 -0.051 -0.053 -0.051 -0.005
0.00010274 -2.18000 10.07918 0.7996184826 2.4185910225    0.742  1.722  3.8793  3.056    4  0.000  0.533     0.00     0.00 -1    -1e-30      0.00 7.561e-01 2.438e-01 1.754e-05 4.871e-06 4.387e-05 -1.000 1.038e-04 0.465 0.261 0.146 0.055 -0.054 -0.093 -0.105 -0.108 -0.115 -0.022 -0.106 -0.035 -0.083 -0.092 -0.094 -0.099 -0.107 -0.107 -0.109 -0.114 -0.115 -0.117 -0.116 -0.067
0.00010274 -2.18000 10.07918 0.7996228337 2.4185926914    0.742  1.722  3.8787  3.053    4  0.000  0.533     0.00     0.00 -1    -1e-30      0.00 7.561e-01 2.438e-01 1.754e-05 4.871e-06 4.387e-05 -1.000 1.039e-04 0.464 0.258 0.142 0.050 -0.060 -0.100 -0.111 -0.114 -0.121 -0.028 -0.112 -0.040 -0.089 -0.099 -0.101 -0.106 -0.113 -0.113 -0.115 -0.120 -0.121 -0.123 -0.122 -0.073
0.00010274 -2.18000 10.07918 0.7996305823 2.4185953140    0.742  1.723  3.8776  3.048    4  0.000  0.533     0.00     0.00 -1    -1e-30      0.00 7.561e-01 2.438e-01 1.754e-05 4.871e-06 4.387e-05 -1.000 1.039e-04 0.462 0.253 0.136 0.042 -0.070 -0.110 -0.122 -0.125 -0.131 -0.037 -0.123 -0.050 -0.099 -0.109 -0.111 -0.116 -0.124 -0.123 -0.125 -0.130 -0.131 -0.134 -0.132 -0.083
0.00010274 -2.18000 10.07918 0.7996761799 2.4186112881    0.742  1.728  3.8709  3.016    4  0.000  0.533     0.00     0.00 -1    -1e-30      0.00 7.561e-01 2.438e-01 1.754e-05 4.871e-06 4.387e-05 -1.000 1.037e-04 0.450 0.226 0.100 -0.002 -0.128 -0.171 -0.183 -0.187 -0.193 -0.091 -0.185 -0.106 -0.160 -0.170 -0.172 -0.178 -0.185 -0.185 -0.187 -0.192 -0.193 -0.196 -0.195 -0.142
0.00010274 -2.18000 10.07918 0.7997207046 2.4186267853    0.742  1.733  3.8639  2.983    4  0.000  0.533     0.00     0.00 -1    -1e-30      0.00 7.561e-01 2.438e-01 1.754e-05 4.871e-06 4.387e-05 -1.000 1.038e-04 0.438 0.197 0.062 -0.050 -0.190 -0.237 -0.249 -0.253 -0.259 -0.148 -0.251 -0.165 -0.226 -0.236 -0.238 -0.244 -0.251 -0.251 -0.253 -0.258 -0.259 -0.262 -0.261 -0.205
0.00010274 -2.18000 10.07918 0.7997682095 2.4186434746    0.742  1.738  3.8558  2.946    4  0.000  0.533     0.00     0.00 -1    -1e-30      0.00 7.561e-01 2.438e-01 1.754e-05 4.871e-06 4.387e-05 -1.000 1.039e-04 0.424 0.168 0.021 -0.101 -0.259 -0.310 -0.323 -0.327 -0.333 -0.212 -0.325 -0.231 -0.299 -0.309 -0.311 -0.318 -0.325 -0.325 -0.327 -0.332 -0.333 -0.337 -0.335 -0.277
0.00010274 -2.18000 10.07918 0.7998135090 2.4186592102    0.742  1.744  3.8475  2.907    4  0.000  0.533     0.00     0.00 -1    -1e-30      0.00 7.561e-01 2.438e-01 1.754e-05 4.871e-06 4.387e-05 -1.000 1.039e-04 0.410 0.138 -0.021 -0.155 -0.331 -0.386 -0.400 -0.403 -0.410 -0.279 -0.402 -0.298 -0.375 -0.385 -0.388 -0.395 -0.401 -0.402 -0.404 -0.409 -0.410 -0.414 -0.412 -0.350
0.00010274 -2.18000 10.07918 0.7998569012 2.4186744690    0.742  1.750  3.8393  2.868    4  0.000  0.533     0.00     0.00 -1    -1e-30      0.00 7.561e-01 2.438e-01 1.754e-05 4.871e-06 4.387e-05 -1.000 1.037e-04 0.395 0.109 -0.062 -0.207 -0.402 -0.462 -0.476 -0.480 -0.487 -0.344 -0.478 -0.365 -0.450 -0.461 -0.464 -0.471 -0.478 -0.478 -0.481 -0.486 -0.486 -0.491 -0.488 -0.423
0.00010274 -2.18000 10.07918 0.7999016643 2.4186902046    0.742  1.756  3.8308  2.828    4  0.000  0.533     0.00     0.00 -1    -1e-30      0.00 7.561e-01 2.438e-01 1.754e-05 4.871e-06 4.387e-05 -1.000 1.038e-04 0.379 0.080 -0.104 -0.260 -0.474 -0.540 -0.555 -0.559 -0.566 -0.411 -0.557 -0.434 -0.528 -0.539 -0.542 -0.550 -0.556 -0.557 -0.560 -0.565 -0.565 -0.570 -0.567 -0.498
0.00010274 -2.18000 10.07918 0.7999455929 2.4187054634    0.742  1.763  3.8225  2.788    4  0.000  0.533     0.00     0.00 -1    -1e-30      0.00 7.561e-01 2.438e-01 1.754e-05 4.871e-06 4.387e-05 -1.000 1.037e-04 0.364 0.052 -0.145 -0.313 -0.546 -0.617 -0.633 -0.637 -0.644 -0.478 -0.635 -0.501 -0.605 -0.616 -0.619 -0.628 -0.634 -0.635 -0.638 -0.643 -0.644 -0.648 -0.645 -0.572
0.00010274 -2.18000 10.07918 0.7999899983 2.4187209606    0.743  1.769  3.8145  2.750    4  0.000  0.533     0.00     0.00 -1    -1e-30      0.00 7.561e-01 2.438e-01 1.754e-05 4.871e-06 4.387e-05 -1.000 1.038e-04 0.347 0.025 -0.185 -0.364 -0.615 -0.692 -0.709 -0.713 -0.720 -0.543 -0.711 -0.566 -0.679 -0.691 -0.694 -0.704 -0.710 -0.711 -0.714 -0.719 -0.720 -0.724 -0.721 -0.643
0.00010274 -2.18000 10.07918 0.8000344634 2.4187366962    0.743  1.776  3.8071  2.713    4  0.000  0.533     0.00     0.00 -1    -1e-30      0.00 7.561e-01 2.438e-01 1.754e-05 4.871e-06 4.387e-05 -1.000 1.037e-04 0.331 -0.002 -0.223 -0.412 -0.680 -0.763 -0.780 -0.785 -0.791 -0.604 -0.782 -0.627 -0.749 -0.762 -0.765 -0.775 -0.781 -0.783 -0.786 -0.790 -0.791 -0.796 -0.793 -0.710
0.00010274 -2.18000 10.07918 0.8000792265 2.4187521935    0.743  1.784  3.7987  2.672    4  0.000  0.533     0.00     0.00 -1    -1e-30      0.00 7.561e-01 2.438e-01 1.754e-05 4.871e-06 4.387e-05 -1.000 1.038e-04 0.310 -0.033 -0.268 -0.469 -0.755 -0.845 -0.863 -0.868 -0.875 -0.675 -0.865 -0.698 -0.830 -0.844 -0.847 -0.858 -0.864 -0.866 -0.869 -0.874 -0.875 -0.880 -0.876 -0.788
0.00010274 -2.18000 10.07918 0.8000881076 2.4187552929    0.743  1.785  3.7972  2.664    4  0.000  0.533     0.00     0.00 -1    -1e-30      0.00 7.561e-01 2.438e-01 1.754e-05 4.871e-06 4.387e-05 -1.000 1.039e-04 0.307 -0.038 -0.276 -0.479 -0.769 -0.860 -0.878 -0.883 -0.890 -0.688 -0.881 -0.711 -0.845 -0.859 -0.862 -0.873 -0.879 -0.881 -0.884 -0.889 -0.890 -0.895 -0.891 -0.802
0.00010274 -2.18000 10.07918 0.8001340628 2.4187715054    0.743  1.795  3.7890  2.621    4  0.000  0.533     0.00     0.00 -1    -1e-30      0.00 7.561e-01 2.438e-01 1.754e-05 4.871e-06 4.387e-05 -1.000 1.037e-04 0.281 -0.072 -0.324 -0.538 -0.847 -0.944 -0.964 -0.969 -0.976 -0.762 -0.966 -0.784 -0.928 -0.943 -0.947 -0.959 -0.965 -0.967 -0.970 -0.975 -0.976 -0.981 -0.978 -0.882
0.00010274 -2.18000 10.07918 0.8001792431 2.4187872410    0.743  1.810  3.7791  2.567    4  0.000  0.533     0.00     0.00 -1    -1e-30      0.00 7.561e-01 2.438e-01 1.754e-05 4.871e-06 4.387e-05 -1.000 1.038e-04 0.244 -0.120 -0.388 -0.617 -0.948 -1.054 -1.075 -1.081 -1.088 -0.858 -1.077 -0.879 -1.036 -1.053 -1.057 -1.069 -1.076 -1.079 -1.082 -1.087 -1.088 -1.093 -1.090 -0.986
0.00010274 -2.18000 10.07918 0.8002173305 2.4188005924    0.743  1.836  3.7664  2.490    4  0.000  0.533     0.00     0.00 -1    -1e-30      0.00 7.561e-01 2.438e-01 1.754e-05 4.871e-06 4.387e-05 -1.000 1.038e-04 0.179 -0.197 -0.487 -0.734 -1.093 -1.211 -1.234 -1.241 -1.249 -0.998 -1.237 -1.016 -1.191 -1.209 -1.214 -1.228 -1.235 -1.238 -1.242 -1.247 -1.248 -1.254 -1.250 -1.136
0.00010274 -2.18000 10.07918 0.8002379537 2.4188077450    0.743  1.868  3.7549  2.413    4  0.000  0.533     0.00     0.00 -1    -1e-30      0.00 7.561e-01 2.438e-01 1.754e-05 4.871e-06 4.387e-05 -1.000 1.038e-04 0.101 -0.285 -0.595 -0.859 -1.242 -1.371 -1.397 -1.405 -1.413 -1.144 -1.400 -1.158 -1.349 -1.370 -1.375 -1.390 -1.398 -1.402 -1.406 -1.412 -1.413 -1.419 -1.415 -1.288
0.00010274 -2.18000 10.07918 0.8002472520 2.4188110828    0.743  1.899  3.7458  2.345    4  0.000  0.533     0.00     0.00 -1    -1e-30      0.00 7.561e-01 2.438e-01 1.754e-05 4.871e-06 4.387e-05 -1.000 1.038e-04 0.022 -0.371 -0.697 -0.975 -1.378 -1.516 -1.543 -1.552 -1.561 -1.276 -1.547 -1.288 -1.491 -1.514 -1.520 -1.537 -1.545 -1.549 -1.553 -1.560 -1.561 -1.567 -1.563 -1.426
0.00010274 -2.18000 10.07918 0.8002514243 2.4188125134    0.743  1.933  3.7381  2.281    4  0.000  0.533     0.00     0.00 -1    -1e-30      0.00 7.561e-01 2.438e-01 1.754e-05 4.871e-06 4.387e-05 -1.000 1.037e-04 -0.062 -0.460 -0.800 -1.089 -1.508 -1.655 -1.684 -1.693 -1.703 -1.405 -1.688 -1.414 -1.628 -1.652 -1.660 -1.677 -1.686 -1.690 -1.694 -1.701 -1.702 -1.708 -1.705 -1.560
0.00010274 -2.18000 10.07918 0.8002533913 2.4188132286    0.743  1.965  3.7323  2.225    4  0.000  0.533     0.00     0.00 -1    -1e-30      0.00 7.561e-01 2.438e-01 1.754e-05 4.871e-06 4.387e-05 -1.000 1.038e-04 -0.141 -0.543 -0.894 -1.192 -1.623 -1.776 -1.807 -1.816 -1.826 -1.518 -1.811 -1.525 -1.747 -1.773 -1.781 -1.799 -1.809 -1.814 -1.818 -1.825 -1.826 -1.832 -1.828 -1.677
0.00010274 -2.18000 10.07918 0.8002541661 2.4188134670    0.743  1.985  3.7292  2.193    7  0.000  0.533     0.00     0.00 -1    -1e-30      0.00 7.561e-01 2.438e-01 1.754e-05 4.871e-06 4.387e-05 -1.000 1.038e-04 -0.192 -0.595 -0.952 -1.254 -1.692 -1.848 -1.880 -1.890 -1.900 -1.586 -1.884 -1.591 -1.818 -1.845 -1.853 -1.872 -1.882 -1.887 -1.891 -1.898 -1.900 -1.905 -1.902 -1.747
0.00010274 -2.18000 10.07918 0.8002544045 2.4188134670    0.743  1.994  3.7281  2.179    7  0.000  0.533     0.00     0.00 -1    -1e-30      0.00 7.561e-01 2.438e-01 1.754e-05 4.871e-06 4.387e-05 -1.000 1.037e-04 -0.215 -0.618 -0.978 -1.282 -1.722 -1.879 -1.911 -1.921 -1.931 -1.616 -1.916 -1.621 -1.849 -1.876 -1.885 -1.904 -1.914 -1.918 -1.923 -1.930 -1.931 -1.937 -1.933 -1.777
0.00010274 -2.18000 10.07918 0.8002553582 2.4188139439    0.743  2.034  3.7239  2.123    7  0.000  0.533     0.00     0.00 -1    -1e-30      0.00 7.561e-01 2.438e-01 1.754e-05 4.871e-06 4.387e-05 -1.000 1.038e-04 -0.315 -0.721 -1.088 -1.399 -1.848 -2.010 -2.042 -2.053 -2.063 -1.740 -2.047 -1.743 -1.978 -2.006 -2.015 -2.035 -2.045 -2.050 -2.054 -2.062 -2.063 -2.069 -2.065 -1.904
0.00010274 -2.18000 10.07918 0.8002561927 2.4188141823    0.743  2.073  3.7203  2.069    7  0.000  0.533     0.00     0.00 -1    -1e-30      0.00 7.561e-01 2.438e-01 1.754e-05 4.871e-06 4.387e-05 -1.000 1.039e-04 -0.413 -0.820 -1.195 -1.510 -1.967 -2.133 -2.167 -2.178 -2.188 -1.859 -2.172 -1.860 -2.100 -2.129 -2.139 -2.159 -2.170 -2.175 -2.179 -2.187 -2.188 -2.193 -2.190 -2.024
0.00010274 -2.18000 10.07918 0.8002569675 2.4188144207    0.743  2.113  3.7171  2.017    7  0.000  0.533     0.00     0.00 -1    -1e-30      0.00 7.561e-01 2.438e-01 1.754e-05 4.871e-06 4.387e-05 -1.000 1.038e-04 -0.511 -0.920 -1.301 -1.622 -2.085 -2.255 -2.289 -2.301 -2.311 -1.976 -2.295 -1.976 -2.221 -2.251 -2.260 -2.281 -2.292 -2.298 -2.302 -2.310 -2.311 -2.316 -2.313 -2.143
0.00010274 -2.18000 10.07918 0.8002578020 2.4188146591    0.743  2.149  3.7144  1.969    7  0.000  0.533     0.00     0.00 -1    -1e-30      0.00 7.561e-01 2.438e-01 1.754e-05 4.871e-06 4.387e-05 -1.000 1.037e-04 -0.604 -1.013 -1.400 -1.725 -2.193 -2.366 -2.402 -2.413 -2.424 -2.084 -2.407 -2.083 -2.332 -2.362 -2.372 -2.393 -2.405 -2.410 -2.415 -2.423 -2.424 -2.428 -2.425 -2.253
0.00010274 -2.18000 10.07918 0.8002592325 2.4188151360    0.743  2.173  3.7130  1.940    7  0.000  0.533     0.00     0.00 -1    -1e-30      0.00 7.561e-01 2.438e-01 1.754e-05 4.871e-06 4.387e-05 -1.000 1.039e-04 -0.662 -1.073 -1.462 -1.789 -2.261 -2.435 -2.471 -2.483 -2.493 -2.151 -2.477 -2.150 -2.400 -2.431 -2.441 -2.463 -2.474 -2.480 -2.485 -2.493 -2.494 -2.497 -2.495 -2.321
0.00010274 -2.18000 10.07918 0.8002616763 2.4188160896    0.743  2.153  3.7145  1.966    7  0.000  0.533     0.00     0.00 -1    -1e-30      0.00 7.561e-01 2.438e-01 1.754e-05 4.871e-06 4.387e-05 -1.000 1.039e-04 -0.613 -1.023 -1.409 -1.734 -2.202 -2.375 -2.410 -2.422 -2.432 -2.093 -2.416 -2.092 -2.340 -2.371 -2.381 -2.402 -2.413 -2.419 -2.423 -2.431 -2.432 -2.436 -2.434 -2.261
0.00010274 -2.18000 10.07918 0.8002776504 2.4188215733    0.743  2.143  3.7148  1.977    7  0.000  0.533     0.00     0.00 -1    -1e-30      0.00 7.561e-01 2.438e-01 1.754e-05 4.871e-06 4.387e-05 -1.000 1.039e-04 -0.587 -0.997 -1.382 -1.707 -2.174 -2.347 -2.382 -2.394 -2.404 -2.066 -2.388 -2.065 -2.312 -2.343 -2.353 -2.374 -2.386 -2.391 -2.396 -2.404 -2.405 -2.408 -2.406 -2.234
0.00010274 -2.18000 10.07918 0.8002926111 2.4188268185    0.743  2.174  3.7123  1.936    7  0.000  0.533     0.00     0.00 -1    -1e-30      0.00 7.561e-01 2.438e-01 1.754e-05 4.871e-06 4.387e-05 -1.000 1.038e-04 -0.664 -1.075 -1.466 -1.794 -2.267 -2.442 -2.478 -2.490 -2.501 -2.158 -2.484 -2.156 -2.407 -2.438 -2.448 -2.470 -2.482 -2.487 -2.492 -2.500 -2.501 -2.504 -2.502 -2.327
0.00010274 -2.18000 10.07918 0.8003107905 2.4188332558    0.743  2.221  3.7091  1.876    7  0.000  0.533     0.00     0.00 -1    -1e-30      0.00 7.561e-01 2.438e-01 1.754e-05 4.871e-06 4.387e-05 -1.000 1.039e-04 -0.782 -1.194 -1.592 -1.925 -2.405 -2.584 -2.621 -2.633 -2.643 -2.295 -2.626 -2.291 -2.547 -2.579 -2.590 -2.612 -2.624 -2.630 -2.635 -2.643 -2.644 -2.647 -2.645 -2.466
0.00010274 -2.18000 10.07918 0.8003281951 2.4188392162    0.743  2.263  3.7064  1.823    7  0.000  0.533     0.00     0.00 -1    -1e-30      0.00 7.561e-01 2.438e-01 1.754e-05 4.871e-06 4.387e-05 -1.000 1.037e-04 -0.887 -1.300 -1.703 -2.041 -2.526 -2.708 -2.746 -2.759 -2.769 -2.416 -2.752 -2.411 -2.670 -2.703 -2.715 -2.737 -2.750 -2.755 -2.761 -2.769 -2.769 -2.772 -2.770 -2.588
0.00010274 -2.18000 10.07918 0.8003442287 2.4188449383    0.743  2.304  3.7038  1.772    7  0.000  0.533     0.00     0.00 -1    -1e-30      0.00 7.561e-01 2.438e-01 1.754e-05 4.871e-06 4.387e-05 -1.000 1.038e-04 -0.991 -1.405 -1.813 -2.155 -2.645 -2.830 -2.869 -2.882 -2.891 -2.534 -2.874 -2.528 -2.791 -2.825 -2.837 -2.859 -2.872 -2.878 -2.884 -2.892 -2.892 -2.894 -2.893 -2.708
0.00010274 -2.18000 10.07918 0.8003585935 2.4188499451    0.743  2.346  3.7014  1.721    7  0.000  0.533     0.00     0.00 -1    -1e-30      0.00 7.561e-01 2.438e-01 1.754e-05 4.872e-06 4.387e-05 -1.000 1.037e-04 -1.094 -1.509 -1.922 -2.268 -2.763 -2.951 -2.990 -3.004 -3.013 -2.652 -2.996 -2.645 -2.911 -2.946 -2.958 -2.980 -2.994 -3.000 -3.005 -3.014 -3.014 -3.015 -3.014 -2.827
0.00010274 -2.18000 10.07918 0.8003713489 2.4188542366    0.743  2.387  3.6990  1.670    7  0.000  0.533     0.00     0.00 -1    -1e-30      0.00 7.561e-01 2.438e-01 1.752e-05 4.874e-06 4.387e-05 -1.000 1.026e-04 -1.198 -1.613 -2.032 -2.381 -2.881 -3.072 -3.112 -3.125 -3.134 -2.769 -3.118 -2.761 -3.031 -3.066 -3.079 -3.101 -3.115 -3.122 -3.127 -3.136 -3.136 -3.136 -3.136 -2.945
0.00010274 -2.18000 10.07918 0.8003825545 2.4188582897    0.743  2.428  3.6967  1.620    7  0.000  0.531     0.00     0.00 -1    -1e-30      0.00 7.561e-01 2.438e-01 1.747e-05 4.896e-06 4.388e-05 -1.000 9.909e-05 -1.301 -1.717 -2.140 -2.493 -2.998 -3.191 -3.232 -3.246 -3.255 -2.886 -3.238 -2.877 -3.150 -3.186 -3.198 -3.222 -3.236 -3.242 -3.248 -3.256 -3.256 -3.256 -3.256 -3.063
0.00010274 -2.18000 10.07918 0.8003924489 2.4188616276    0.743  2.469  3.6945  1.570    7  0.000  0.525     0.00     0.00 -1    -1e-30      0.00 7.561e-01 2.438e-01 1.726e-05 5.044e-06 4.388e-05 -1.000 9.626e-05 -1.403 -1.819 -2.247 -2.604 -3.114 -3.310 -3.351 -3.365 -3.374 -3.002 -3.357 -2.991 -3.268 -3.305 -3.317 -3.340 -3.355 -3.362 -3.367 -3.376 -3.376 -3.375 -3.374 -3.180
0.00010274 -2.18000 10.07918 0.8004014492 2.4188649654    0.743  2.510  3.6922  1.520    7  0.000  0.511     0.00     0.00 -1    -1e-30      0.00 7.560e-01 2.439e-01 1.681e-05 5.523e-06 4.389e-05 -1.000 1.025e-04 -1.506 -1.921 -2.355 -2.715 -3.230 -3.428 -3.470 -3.485 -3.493 -3.117 -3.477 -3.106 -3.386 -3.423 -3.436 -3.459 -3.475 -3.481 -3.487 -3.496 -3.495 -3.493 -3.493 -3.297
0.00010274 -2.18000 10.07918 0.8004095554 2.4188675880    0.743  2.551  3.6900  1.470    7  0.000  0.493     0.00     0.00 -1    -1e-30      0.00 7.558e-01 2.441e-01 1.626e-05 6.190e-06 4.390e-05 -1.000 1.039e-04 -1.607 -2.023 -2.461 -2.825 -3.345 -3.546 -3.588 -3.604 -3.611 -3.232 -3.595 -3.219 -3.502 -3.541 -3.554 -3.577 -3.593 -3.600 -3.606 -3.615 -3.613 -3.609 -3.610 -3.413
0.00010274 -2.18000 10.07918 0.8004171252 2.4188704491    0.743  2.591  3.6878  1.421    7  0.000  0.478     0.00     0.00 -1    -1e-30      0.00 7.556e-01 2.443e-01 1.574e-05 6.820e-06 4.391e-05 -1.000 1.038e-04 -1.709 -2.124 -2.568 -2.935 -3.459 -3.663 -3.706 -3.722 -3.729 -3.346 -3.713 -3.332 -3.619 -3.657 -3.671 -3.695 -3.711 -3.718 -3.724 -3.733 -3.731 -3.726 -3.727 -3.528
0.00010274 -2.18000 10.07918 0.8004240990 2.4188728333    0.743  2.632  3.6856  1.371    7  0.000  0.464     0.00     0.00 -1    -1e-30      0.00 7.554e-01 2.445e-01 1.529e-05 7.377e-06 4.392e-05 -1.000 1.031e-04 -1.810 -2.225 -2.674 -3.046 -3.575 -3.781 -3.824 -3.841 -3.847 -3.461 -3.832 -3.446 -3.735 -3.775 -3.789 -3.813 -3.830 -3.837 -3.843 -3.852 -3.850 -3.843 -3.845 -3.643
0.00010274 -2.18000 10.07918 0.8004306555 2.4188749790    0.743  2.672  3.6834  1.322    7  0.000  0.452     0.00     0.00 -1    -1e-30      0.00 7.552e-01 2.447e-01 1.492e-05 7.847e-06 4.393e-05 -1.000 1.025e-04 -1.911 -2.326 -2.780 -3.156 -3.689 -3.897 -3.942 -3.958 -3.964 -3.574 -3.949 -3.559 -3.851 -3.891 -3.905 -3.930 -3.947 -3.954 -3.960 -3.970 -3.967 -3.959 -3.961 -3.758
0.00010274 -2.18000 10.07918 0.8004369736 2.4188773632    0.743  2.713  3.6812  1.273    7  0.000  0.442     0.00     0.00 -1    -1e-30      0.00 7.549e-01 2.450e-01 1.459e-05 8.256e-06 4.393e-05 -1.000 1.039e-04 -2.012 -2.426 -2.886 -3.265 -3.803 -4.014 -4.059 -4.076 -4.082 -3.688 -4.067 -3.672 -3.967 -4.008 -4.023 -4.047 -4.065 -4.072 -4.078 -4.088 -4.085 -4.075 -4.078 -3.873
0.00010274 -2.18000 10.07918 0.8004429936 2.4188792706    0.743  2.753  3.6790  1.224    7  0.000  0.434     0.00     0.00 -1    -1e-30      0.00 7.547e-01 2.452e-01 1.430e-05 8.610e-06 4.392e-05 -1.000 1.039e-04 -2.113 -2.526 -2.991 -3.375 -3.917 -4.131 -4.176 -4.194 -4.198 -3.802 -4.184 -3.785 -4.083 -4.125 -4.140 -4.164 -4.183 -4.190 -4.196 -4.206 -4.203 -4.190 -4.194 -3.988
0.00010274 -2.18000 10.07918 0.8004487157 2.4188814163    0.743  2.794  3.6768  1.174    7  0.000  0.426     0.00     0.00 -1    -1e-30      0.00 7.544e-01 2.455e-01 1.404e-05 8.926e-06 4.389e-05 -1.000 1.039e-04 -2.216 -2.627 -3.099 -3.486 -4.034 -4.250 -4.296 -4.314 -4.317 -3.918 -4.304 -3.900 -4.201 -4.243 -4.259 -4.282 -4.303 -4.310 -4.317 -4.326 -4.323 -4.307 -4.311 -4.105
0.00010274 -2.18000 10.07918 0.8004537225 2.4188830853    0.743  2.836  3.6744  1.123    7  0.000  0.420     0.00     0.00 -1    -1e-30      0.00 7.541e-01 2.458e-01 1.382e-05 9.207e-06 4.384e-05 -1.000 1.038e-04 -2.320 -2.730 -3.207 -3.599 -4.152 -4.371 -4.417 -4.436 -4.438 -4.036 -4.426 -4.016 -4.321 -4.364 -4.380 -4.403 -4.424 -4.432 -4.439 -4.449 -4.444 -4.426 -4.431 -4.224
0.00010274 -2.18000 10.07918 0.8004578948 2.4188845158    0.743  2.877  3.6721  1.073    7  0.000  0.415     0.00     0.00 -1    -1e-30      0.00 7.539e-01 2.460e-01 1.364e-05 9.459e-06 4.376e-05 -1.000 1.038e-04 -2.422 -2.831 -3.314 -3.711 -4.268 -4.490 -4.537 -4.556 -4.557 -4.152 -4.545 -4.131 -4.439 -4.483 -4.499 -4.522 -4.544 -4.552 -4.559 -4.569 -4.564 -4.542 -4.548 -4.341
0.00010274 -2.18000 10.07918 0.8004614711 2.4188859463    0.743  2.918  3.6698  1.022    7  0.000  0.411     0.00     0.00 -1    -1e-30      0.00 7.536e-01 2.463e-01 1.348e-05 9.711e-06 4.365e-05 -1.000 1.033e-04 -2.525 -2.932 -3.422 -3.822 -4.385 -4.609 -4.657 -4.677 -4.677 -4.268 -4.666 -4.246 -4.558 -4.602 -4.619 -4.641 -4.665 -4.673 -4.679 -4.690 -4.684 -4.660 -4.666 -4.459
0.00010274 -2.18000 10.07918 0.8004646897 2.4188868999    0.743  2.958  3.6675  0.973    7  0.000  0.409     0.00     0.00 -1    -1e-30      0.00 7.534e-01 2.465e-01 1.335e-05 9.964e-06 4.350e-05 -1.000 9.350e-05 -2.624 -3.030 -3.526 -3.931 -4.499 -4.726 -4.774 -4.795 -4.793 -4.382 -4.783 -4.359 -4.674 -4.719 -4.735 -4.757 -4.782 -4.791 -4.797 -4.808 -4.801 -4.774 -4.781 -4.574
0.00010274 -2.18000 10.07918 0.8004679680 2.4188880920    0.743  2.998  3.6651  0.923    7  0.000  0.407     0.00     0.00 -1    -1e-30      0.00 7.531e-01 2.468e-01 1.324e-05 1.020e-05 4.335e-05 -1.000 1.038e-04 -2.725 -3.127 -3.631 -4.041 -4.614 -4.844 -4.892 -4.914 -4.911 -4.497 -4.902 -4.472 -4.790 -4.836 -4.853 -4.874 -4.901 -4.910 -4.917 -4.927 -4.920 -4.888 -4.897 -4.690
0.00010274 -2.18000 10.07918 0.8004710078 2.4188890457    0.743  3.043  3.6625  0.868    7  0.000  0.406     0.00     0.00 -1    -1e-30      0.00 7.529e-01 2.470e-01 1.315e-05 1.044e-05 4.318e-05 -1.000 1.039e-04 -2.837 -3.236 -3.748 -4.163 -4.742 -4.975 -5.024 -5.047 -5.042 -4.624 -5.034 -4.599 -4.920 -4.967 -4.985 -5.004 -5.034 -5.042 -5.049 -5.060 -5.052 -5.016 -5.026 -4.819
0.00010274 -2.18000 10.07918 0.8004723787 2.4188897610    0.743  3.067  3.6610  0.838    7  0.000  0.405     0.00     0.00 -1    -1e-30      0.00 7.527e-01 2.472e-01 1.308e-05 1.067e-05 4.302e-05 -1.000 1.039e-04 -2.898 -3.295 -3.812 -4.230 -4.813 -5.047 -5.096 -5.120 -5.114 -4.694 -5.106 -4.669 -4.991 -5.039 -5.057 -5.076 -5.107 -5.115 -5.122 -5.134 -5.125 -5.085 -5.097 -4.890
0.00010274 -2.18000 10.07918 0.8004728556 2.4188897610    0.743  3.045  3.6624  0.865    7  0.000  0.405     0.00     0.00 -1    -1e-30      0.00 7.525e-01 2.473e-01 1.305e-05 1.079e-05 4.293e-05 -1.000 1.039e-04 -2.843 -3.242 -3.754 -4.170 -4.749 -4.982 -5.031 -5.054 -5.049 -4.631 -5.041 -4.606 -4.927 -4.974 -4.992 -5.011 -5.041 -5.050 -5.057 -5.068 -5.060 -5.023 -5.033 -4.826
0.00010274 -2.18000 10.07918 0.8004729152 2.4188897610    0.743  3.043  3.6625  0.868    7  0.000  0.405     0.00     0.00 -1    -1e-30      0.00 7.525e-01 2.473e-01 1.304e-05 1.079e-05 4.293e-05 -1.000 1.038e-04 -2.838 -3.237 -3.749 -4.164 -4.743 -4.976 -5.025 -5.048 -5.043 -4.625 -5.035 -4.600 -4.921 -4.968 -4.986 -5.005 -5.035 -5.043 -5.050 -5.061 -5.053 -5.017 -5.027 -4.820
0.00010274 -2.18000 10.07918 0.8004729748 2.4188897610    0.743  3.046  3.6623  0.865    7  0.000  0.405     0.00     0.00 -1    -1e-30      0.00 7.525e-01 2.474e-01 1.304e-05 1.080e-05 4.292e-05 -1.000 1.039e-04 -2.844 -3.243 -3.755 -4.171 -4.750 -4.983 -5.032 -5.055 -5.050 -4.632 -5.042 -4.607 -4.928 -4.975 -4.993 -5.012 -5.042 -5.050 -5.058 -5.069 -5.060 -5.023 -5.034 -4.827
0.00010274 -2.18000 10.07918 0.8004730940 2.4188899994    0.743  3.061  3.6614  0.845    7  0.000  0.405     0.00     0.00 -1    -1e-30      0.00 7.525e-01 2.474e-01 1.304e-05 1.080e-05 4.292e-05 -1.000 1.039e-04 -2.883 -3.281 -3.796 -4.214 -4.795 -5.029 -5.078 -5.102 -5.096 -4.677 -5.088 -4.651 -4.973 -5.021 -5.039 -5.058 -5.088 -5.097 -5.104 -5.115 -5.107 -5.068 -5.079 -4.872
0.00010274 -2.18000 10.07918 0.8004732132 2.4188899994    0.743  3.073  3.6606  0.830    7  0.000  0.405     0.00     0.00 -1    -1e-30      0.00 7.525e-01 2.474e-01 1.304e-05 1.081e-05 4.292e-05 -1.000 1.038e-04 -2.914 -3.310 -3.828 -4.247 -4.830 -5.065 -5.114 -5.138 -5.132 -4.712 -5.124 -4.686 -5.009 -5.057 -5.075 -5.093 -5.125 -5.133 -5.141 -5.152 -5.143 -5.103 -5.114 -4.907
0.00010274 -2.18000 10.07918 0.8004733324 2.4188899994    0.743  3.093  3.6594  0.805    7  0.000  0.405     0.00     0.00 -1    -1e-30      0.00 7.525e-01 2.474e-01 1.304e-05 1.082e-05 4.290e-05 -1.000 1.038e-04 -2.963 -3.358 -3.879 -4.301 -4.887 -5.123 -5.172 -5.197 -5.189 -4.768 -5.183 -4.742 -5.066 -5.115 -5.133 -5.151 -5.183 -5.192 -5.199 -5.211 -5.201 -5.159 -5.171 -4.964
0.00010274 -2.18000 10.07918 0.8004735708 2.4188899994    0.743  3.134  3.6568  0.755    7  0.000  0.404     0.00     0.00 -1    -1e-30      0.00 7.522e-01 2.477e-01 1.292e-05 1.121e-05 4.262e-05 -1.000 1.038e-04 -3.064 -3.455 -3.985 -4.412 -5.004 -5.243 -5.292 -5.318 -5.309 -4.885 -5.303 -4.857 -5.185 -5.234 -5.253 -5.270 -5.304 -5.313 -5.321 -5.332 -5.322 -5.275 -5.289 -5.082
0.00010274 -2.18000 10.07918 0.8004738688 2.4188902378    0.743  3.186  3.6534  0.689    7  0.000  0.403     0.00     0.00 -1    -1e-30      0.00 7.517e-01 2.482e-01 1.281e-05 1.165e-05 4.229e-05 -1.000 1.039e-04 -3.195 -3.581 -4.122 -4.556 -5.156 -5.399 -5.449 -5.477 -5.465 -5.036 -5.461 -5.008 -5.340 -5.390 -5.410 -5.424 -5.462 -5.471 -5.479 -5.491 -5.480 -5.426 -5.442 -5.236
0.00010274 -2.18000 10.07918 0.8004744053 2.4188902378    0.743  3.235  3.6502  0.627    7  0.549  0.403     0.00     0.00 -1    -1e-30      0.00 7.513e-01 2.486e-01 1.270e-05 1.207e-05 4.196e-05 -1.000 1.038e-04 -3.317 -3.693 -4.246 -4.688 -5.296 -5.543 -5.593 -5.623 -5.609 -5.176 -5.606 -5.146 -5.483 -5.534 -5.555 -5.565 -5.608 -5.618 -5.626 -5.638 -5.626 -5.565 -5.583 -5.377
0.00010274 -2.18000 10.07918 0.8004747033 2.4188904762    0.743  3.285  3.6401  0.536    7  0.549  0.399     0.00     0.00 -1 -9.25e-20      0.00 7.460e-01 2.538e-01 2.432e-05 2.307e-05 8.211e-05 -1.000 1.646e-04 -3.443 -3.788 -4.375 -4.842 -5.479 -5.741 -5.788 -5.827 -5.804 -5.357 -5.804 -5.320 -5.674 -5.731 -5.753 -5.749 -5.811 -5.820 -5.829 -5.842 -5.827 -5.744 -5.766 -5.563
0.00010274 -2.18000 10.07918 0.8004747629 2.4188904762    0.743  3.414  3.6091  0.283    8  0.549  0.390    92.82    44.32  1  -1.3e-06      0.00 7.290e-01 2.706e-01 6.375e-05 5.931e-05 2.177e-04 -1.000 3.690e-04 -3.766 -3.950 -4.661 -5.220 -5.960 -6.279 -6.314 -6.380 -6.344 -5.835 -6.344 -5.772 -6.185 -6.265 -6.296 -6.246 -6.361 -6.372 -6.382 -6.402 -6.380 -6.249 -6.279 -6.058
0.00010274 -2.18000 10.07918 0.8004748225 2.4188904762    0.743  3.291  3.6163  0.435    8  0.549  0.390    66.92    33.40  1 -7.41e-07      0.00 7.290e-01 2.706e-01 6.375e-05 5.931e-05 2.177e-04 -1.000 3.690e-04 -3.458 -3.692 -4.362 -4.896 -5.613 -5.919 -5.957 -6.015 -5.980 -5.488 -5.982 -5.432 -5.832 -5.906 -5.934 -5.896 -5.997 -6.007 -6.017 -6.035 -6.014 -5.891 -5.921 -5.709
0.00010274 -2.18000 10.07918 0.8004748821 2.4188904762    0.742  3.147  3.6295  0.632    8  0.549  0.390    43.73    23.11  1 -3.75e-07      0.00 7.290e-01 2.706e-01 6.375e-05 5.931e-05 2.177e-04 -1.000 3.690e-04 -3.096 -3.398 -4.012 -4.507 -5.181 -5.463 -5.506 -5.552 -5.524 -5.057 -5.526 -5.012 -5.387 -5.452 -5.477 -5.458 -5.536 -5.545 -5.555 -5.570 -5.552 -5.450 -5.476 -5.271
0.00010274 -2.18000 10.07918 0.8004750013 2.4188904762    0.741  2.925  3.6496  0.933    8  0.549  0.390    22.83    13.17  1 -1.27e-07      0.00 7.290e-01 2.706e-01 6.375e-05 5.931e-05 2.177e-04 -1.000 3.690e-04 -2.543 -2.913 -3.457 -3.900 -4.516 -4.767 -4.816 -4.846 -4.831 -4.395 -4.828 -4.362 -4.704 -4.758 -4.778 -4.787 -4.832 -4.840 -4.848 -4.860 -4.848 -4.787 -4.804 -4.597
0.00010274 -2.18000 10.07918 0.8004751801 2.4188907146    0.740  2.930  3.6492  0.926    8  0.549  0.390    23.22    13.35  1 -1.31e-07      0.00 7.290e-01 2.706e-01 6.375e-05 5.931e-05 2.177e-04 -1.000 3.690e-04 -2.556 -2.924 -3.470 -3.914 -4.531 -4.783 -4.832 -4.862 -4.847 -4.410 -4.845 -4.377 -4.720 -4.774 -4.794 -4.803 -4.848 -4.856 -4.864 -4.877 -4.864 -4.802 -4.819 -4.613
0.00010274 -2.18000 10.07918 0.8004754186 2.4188907146    0.738  2.999  3.6428  0.830    8  0.550  0.390    28.54    15.93  1 -1.87e-07      0.00 7.290e-01 2.706e-01 6.375e-05 5.931e-05 2.177e-04 -1.000 3.690e-04 -2.728 -3.079 -3.646 -4.105 -4.740 -5.001 -5.048 -5.083 -5.063 -4.618 -5.063 -4.581 -4.934 -4.991 -5.013 -5.013 -5.068 -5.077 -5.086 -5.099 -5.084 -5.009 -5.029 -4.824
0.00010274 -2.18000 10.07918 0.8004757166 2.4188907146    0.736  3.155  3.6286  0.617    8  0.550  0.390    45.24    23.68  1    -4e-07      0.00 7.290e-01 2.706e-01 6.375e-05 5.931e-05 2.177e-04 -1.000 3.690e-04 -3.117 -3.414 -4.032 -4.530 -5.207 -5.490 -5.533 -5.580 -5.551 -5.083 -5.553 -5.037 -5.414 -5.478 -5.504 -5.484 -5.563 -5.573 -5.582 -5.598 -5.579 -5.476 -5.502 -5.297
0.00010274 -2.18000 10.07918 0.8004760742 2.4188909531    0.734  3.296  3.6157  0.422    8  0.550  0.390    68.89    33.99  1 -7.87e-07      0.00 7.290e-01 2.706e-01 6.375e-05 5.931e-05 2.177e-04 -1.000 3.690e-04 -3.471 -3.700 -4.373 -4.910 -5.629 -5.936 -5.973 -6.032 -5.997 -5.504 -5.999 -5.447 -5.849 -5.923 -5.951 -5.912 -6.014 -6.024 -6.035 -6.052 -6.031 -5.908 -5.937 -5.725
0.00010274 -2.18000 10.07918 0.8004764318 2.4188909531    0.731  3.391  3.6069  0.291    8  0.551  0.390    91.53    43.35  1 -1.23e-06      0.00 7.290e-01 2.706e-01 6.375e-05 5.931e-05 2.177e-04 -1.000 3.690e-04 -3.708 -3.879 -4.596 -5.162 -5.910 -6.235 -6.269 -6.336 -6.300 -5.786 -6.299 -5.719 -6.139 -6.221 -6.252 -6.200 -6.317 -6.328 -6.339 -6.358 -6.336 -6.204 -6.234 -6.010
0.00010274 -2.18000 10.07918 0.8004769087 2.4188911915    0.728  3.444  3.6021  0.217    8  0.551  0.390   107.38    49.62  1 -1.59e-06      0.00 7.290e-01 2.706e-01 6.375e-05 5.931e-05 2.177e-04 -1.000 3.690e-04 -3.839 -3.974 -4.718 -5.300 -6.064 -6.400 -6.433 -6.504 -6.468 -5.941 -6.465 -5.868 -6.299 -6.385 -6.419 -6.359 -6.484 -6.496 -6.507 -6.528 -6.505 -6.368 -6.399 -6.167
0.00010274 -2.18000 10.07918 0.8004773855 2.4188914299    0.725  3.470  3.5996  0.178    8  0.552  0.390   116.82    53.21  1 -1.81e-06      0.00 7.290e-01 2.706e-01 6.375e-05 5.931e-05 2.177e-04 -1.000 3.690e-04 -3.906 -4.021 -4.779 -5.371 -6.143 -6.485 -6.516 -6.590 -6.554 -6.020 -6.550 -5.944 -6.381 -6.469 -6.503 -6.441 -6.569 -6.582 -6.594 -6.615 -6.591 -6.453 -6.484 -6.247
0.00010274 -2.18000 10.07918 0.8004779220 2.4188916683    0.721  3.487  3.5984  0.154    8  0.552  0.390   123.07    55.46  0 -1.99e-06      0.00 7.290e-01 2.706e-01 6.375e-05 5.931e-05 2.177e-04 -1.000 3.690e-04 -3.948 -4.054 -4.819 -5.415 -6.191 -6.535 -6.566 -6.642 -6.606 -6.069 -6.601 -5.991 -6.430 -6.520 -6.554 -6.490 -6.620 -6.633 -6.646 -6.667 -6.643 -6.503 -6.534 -6.295
0.00010274 -2.18000 10.07918 0.8004800677 2.4188923836    0.554 -9.999  4.0000  1.705    9  0.554  0.000     0.00     0.00 -1    -1e-30      0.00 7.290e-01 2.706e-01 6.375e-05 5.931e-05 2.177e-04 -1.000 3.690e-04 29.767 30.072 30.058 30.105 30.109 30.111 30.110 30.115 30.111 30.106 30.112 30.115 30.095 30.103 30.115 30.116 30.111 30.116 30.116 30.110 30.110 30.108 30.112 30.106
#isochrone terminated
