# File generated by CMD 3.3 (http://stev.oapd.inaf.it/cmd) on Tue Sep 15 16:11:15 CEST 2020
# isochrones based on PARSEC release v1.2S +  COLIBRI S_35
# Basic references: Bressan et al. (2012), MNRAS, 427, 127 + Chen et al. (2014, 2015), MNRAS, 444, 2525 + MNRAS, 452, 1068 + Tang et al. (2014), MNRAS, 445, 4287 + Marigo et al. (2017), ApJ, 835, 77 + Pastorelli al. (2019), MNRAS in press
# Thermal pulse cycles included 
# On RGB, assumed Reimers mass loss with efficiency eta=0.2
# Photometric system: JWST NIRCam wide+verywide+medium filters, Vegamags
# Using YBC version of bolometric corrections as in Chen et al. (2019)
# O-rich circumstellar dpmod60alox40 dust from Groenewegen (2006)
# C-rich circumstellar AMCSIC15 dust from Groenewegen (2006)
# IMF: Kroupa (2001, 2002) + Kroupa et al. (2013) canonical two-part-power law IMF corrected for unresolved binaries 
# Kind of output: isochrone tables
# Zini     MH   logAge Mini        int_IMF         Mass   logL    logTe  logg  label   McoreTP C_O  period0 period1 pmode  Mloss  tau1m   X   Y   Xc  Xn  Xo  Cexcess  Z 	 mbolmag  F070Wmag  F090Wmag  F115Wmag  F150Wmag  F200Wmag  F277Wmag  F356Wmag  F444Wmag  F150W2mag  F322W2mag  F140Mmag  F162Mmag  F182Mmag  F210Mmag  F250Mmag  F300Mmag  F335Mmag  F360Mmag  F410Mmag  F430Mmag  F460Mmag  F480Mmag  F150WS60mag
0.00011527 -2.13000 10.07918 0.0979499072 1.1537494659    0.098 -2.866  3.5443  5.424    1  0.000  0.545     0.00     0.00 -1 -1.06e-16      0.00 7.460e-01 2.539e-01 2.167e-05 5.846e-06 5.302e-05 -1.000 1.205e-04 11.936 11.753 10.853 10.284 9.824 9.708 9.470 9.199 9.101 9.950 9.346 9.887 9.749 9.733 9.678 9.569 9.378 9.237 9.174 9.110 9.098 9.092 9.077 9.790
0.00011527 -2.13000 10.07918 0.1078079492 1.2332048416    0.107 -2.670  3.5680  5.362    1  0.000  0.545     0.00     0.00 -1 -1.71e-16      0.00 7.439e-01 2.559e-01 2.167e-05 5.846e-06 5.302e-05 -1.000 1.205e-04 11.444 11.178 10.410 9.874 9.373 9.201 8.998 8.785 8.697 9.491 8.901 9.460 9.263 9.227 9.171 9.076 8.927 8.818 8.763 8.705 8.694 8.688 8.676 9.324
0.00011527 -2.13000 10.07918 0.1275240183 1.3669745922    0.127 -2.417  3.5922  5.280    1  0.000  0.545     0.00     0.00 -1 -3.09e-16      0.00 7.409e-01 2.590e-01 2.167e-05 5.846e-06 5.302e-05 -1.000 1.205e-04 10.812 10.491 9.814 9.317 8.796 8.573 8.403 8.244 8.173 8.901 8.332 8.904 8.657 8.599 8.544 8.464 8.350 8.271 8.227 8.179 8.170 8.166 8.155 8.736
0.00011527 -2.13000 10.07918 0.1472401023 1.4762414694    0.147 -2.250  3.6042  5.223    1  0.000  0.545     0.00     0.00 -1 -4.52e-16      0.00 7.390e-01 2.609e-01 2.167e-05 5.846e-06 5.302e-05 -1.000 1.205e-04 10.394 10.052 9.410 8.933 8.411 8.166 8.010 7.877 7.815 8.508 7.950 8.525 8.261 8.193 8.137 8.062 7.965 7.900 7.862 7.819 7.812 7.809 7.800 8.346
0.00011527 -2.13000 10.07918 0.1669561714 1.5679714680    0.166 -2.119  3.6119  5.178    1  0.000  0.545     0.00     0.00 -1 -6.03e-16      0.00 7.380e-01 2.619e-01 2.167e-05 5.846e-06 5.302e-05 -1.000 1.206e-04 10.068 9.714 9.093 8.629 8.108 7.853 7.704 7.587 7.531 8.201 7.652 8.225 7.954 7.881 7.824 7.751 7.665 7.608 7.574 7.535 7.528 7.527 7.518 8.042
0.00011527 -2.13000 10.07918 0.2063883394 1.7151124477    0.206 -1.912  3.6231  5.108    1  0.000  0.545     0.00     0.00 -1 -9.46e-16      0.00 7.375e-01 2.623e-01 2.167e-05 5.846e-06 5.302e-05 -1.000 1.205e-04 9.551 9.179 8.587 8.142 7.625 7.363 7.222 7.125 7.077 7.715 7.179 7.744 7.469 7.391 7.334 7.263 7.189 7.143 7.115 7.080 7.074 7.074 7.065 7.558
0.00011527 -2.13000 10.07918 0.2556785345 1.8545303345    0.255 -1.722  3.6334  5.052    1  0.000  0.545     0.00     0.00 -1 -1.41e-15      0.00 7.378e-01 2.621e-01 2.166e-05 5.847e-06 5.302e-05 -1.000 1.205e-04 9.074 8.687 8.120 7.691 7.182 6.921 6.786 6.704 6.662 7.270 6.750 7.301 7.027 6.949 6.893 6.822 6.757 6.719 6.695 6.664 6.659 6.658 6.651 7.116
0.00011527 -2.13000 10.07918 0.3049687445 1.9627587795    0.305 -1.574  3.6419  5.016    1  0.000  0.545     0.00     0.00 -1 -1.89e-15      0.00 7.378e-01 2.621e-01 2.166e-05 5.847e-06 5.302e-05 -1.000 1.205e-04 8.706 8.305 7.759 7.345 6.844 6.587 6.458 6.385 6.347 6.931 6.426 6.961 6.690 6.614 6.560 6.491 6.431 6.398 6.377 6.348 6.344 6.344 6.337 6.778
0.00011527 -2.13000 10.07918 0.3542589247 2.0503430367    0.354 -1.451  3.6499  4.989    1  0.000  0.544     0.00     0.00 -1  -2.4e-15      0.00 7.386e-01 2.613e-01 2.164e-05 5.848e-06 5.302e-05 -1.000 1.204e-04 8.397 7.985 7.458 7.056 6.564 6.314 6.190 6.123 6.089 6.652 6.161 6.679 6.414 6.340 6.288 6.221 6.166 6.136 6.116 6.090 6.086 6.086 6.080 6.500
0.00011527 -2.13000 10.07918 0.4035491049 2.1233644485    0.403 -1.328  3.6584  4.958    1  0.000  0.545     0.00     0.00 -1 -3.09e-15      0.00 7.501e-01 2.498e-01 2.167e-05 5.846e-06 5.302e-05 -1.000 1.205e-04 8.091 7.668 7.161 6.772 6.291 6.049 5.931 5.870 5.838 6.378 5.904 6.403 6.143 6.073 6.024 5.960 5.909 5.882 5.864 5.839 5.836 5.836 5.830 6.228
0.00011527 -2.13000 10.07918 0.4528392553 2.1856238842    0.452 -1.180  3.6722  4.914    1  0.000  0.545     0.00     0.00 -1 -4.31e-15      0.00 7.507e-01 2.492e-01 2.167e-05 5.846e-06 5.302e-05 -1.000 1.204e-04 7.720 7.284 6.807 6.440 5.975 5.748 5.640 5.588 5.559 6.064 5.617 6.083 5.834 5.770 5.726 5.666 5.621 5.598 5.582 5.560 5.557 5.556 5.552 5.915
0.00011527 -2.13000 10.07918 0.5021294355 2.2396388054    0.502 -1.014  3.6876  4.855    1  0.000  0.545     0.00     0.00 -1 -6.42e-15      0.00 7.522e-01 2.477e-01 2.157e-05 5.819e-06 5.278e-05 -1.000 1.205e-04 7.305 6.860 6.416 6.072 5.627 5.417 5.321 5.276 5.251 5.716 5.301 5.730 5.493 5.436 5.397 5.343 5.304 5.285 5.271 5.252 5.250 5.247 5.245 5.569
0.00011527 -2.13000 10.07918 0.5514196754 2.2848303318    0.551 -0.812  3.7071  4.772    1  0.000  0.544     0.00     0.00 -1 -1.07e-14      0.00 7.850e-01 2.149e-01 1.888e-05 5.097e-06 4.625e-05 -1.000 9.960e-05 6.800 6.355 5.950 5.635 5.215 5.027 4.944 4.909 4.888 5.304 4.929 5.311 5.091 5.043 5.011 4.964 4.932 4.916 4.905 4.889 4.887 4.882 4.883 5.162
0.00011527 -2.13000 10.07918 0.6007097960 2.3216018677    0.600 -0.605  3.7319  4.701    1  0.000  0.544     0.00     0.00 -1 -1.79e-14      0.00 7.978e-01 2.021e-01 1.788e-05 4.830e-06 4.385e-05 -1.000 7.381e-05 6.284 5.852 5.494 5.213 4.825 4.664 4.597 4.572 4.555 4.914 4.586 4.912 4.714 4.676 4.651 4.612 4.589 4.577 4.569 4.558 4.555 4.549 4.552 4.777
0.00011527 -2.13000 10.07918 0.6073135138 2.3260097504    0.607 -0.576  3.7358  4.692    1  0.000  0.544     0.00     0.00 -1 -1.93e-14      0.00 8.000e-01 2.000e-01 1.772e-05 4.786e-06 4.346e-05 -1.000 4.503e-05 6.210 5.782 5.431 5.155 4.772 4.616 4.551 4.527 4.511 4.861 4.541 4.857 4.663 4.627 4.603 4.566 4.543 4.532 4.525 4.514 4.511 4.505 4.508 4.725
0.00011527 -2.13000 10.07918 0.6184114814 2.3331742287    0.618 -0.527  3.7423  4.677    1  0.000  0.543     0.00     0.00 -1 -2.18e-14      0.00 8.037e-01 1.962e-01 1.743e-05 4.709e-06 4.276e-05 -1.000 1.170e-04 6.086 5.665 5.325 5.058 4.683 4.534 4.474 4.452 4.438 4.772 4.464 4.766 4.577 4.544 4.522 4.487 4.466 4.457 4.450 4.440 4.438 4.431 4.435 4.638
0.00011527 -2.13000 10.07918 0.6283012629 2.3393139839    0.628 -0.482  3.7481  4.662    1  0.000  0.543     0.00     0.00 -1 -2.43e-14      0.00 8.072e-01 1.927e-01 1.715e-05 4.637e-06 4.211e-05 -1.000 8.351e-05 5.975 5.561 5.232 4.972 4.603 4.460 4.405 4.386 4.373 4.693 4.396 4.684 4.500 4.469 4.449 4.417 4.398 4.390 4.384 4.375 4.373 4.367 4.370 4.559
0.00011527 -2.13000 10.07918 0.6379033923 2.3450663090    0.638 -0.438  3.7537  4.647    1  0.000  0.543     0.00     0.00 -1 -9.76e-15      0.00 8.108e-01 1.891e-01 1.688e-05 4.563e-06 4.145e-05 -1.000 5.677e-05 5.866 5.461 5.142 4.888 4.525 4.388 4.337 4.321 4.309 4.614 4.330 4.605 4.424 4.396 4.378 4.348 4.332 4.324 4.319 4.311 4.309 4.303 4.307 4.482
0.00011527 -2.13000 10.07918 0.6492170691 2.3515934944    0.649 -0.386  3.7601  4.629    1  0.000  0.543     0.00     0.00 -1 -1.76e-14      0.00 8.152e-01 1.847e-01 1.654e-05 4.473e-06 4.064e-05 -1.000 7.570e-05 5.735 5.342 5.034 4.788 4.431 4.301 4.255 4.242 4.232 4.521 4.249 4.509 4.333 4.308 4.292 4.264 4.251 4.245 4.240 4.233 4.232 4.227 4.231 4.389
0.00011527 -2.13000 10.07918 0.6499999762 2.3520355225    0.650 -0.383  3.7606  4.628    1  0.000  0.543     0.00     0.00 -1 -3.13e-14      0.00 8.155e-01 1.843e-01 1.652e-05 4.466e-06 4.058e-05 -1.000 1.182e-04 5.726 5.333 5.027 4.781 4.425 4.295 4.249 4.237 4.227 4.514 4.244 4.502 4.326 4.301 4.286 4.259 4.245 4.240 4.235 4.228 4.226 4.221 4.225 4.382
0.00011527 -2.13000 10.07918 0.6586697698 2.3568496704    0.658 -0.342  3.7653  4.611    1  0.000  0.542     0.00     0.00 -1 -3.48e-14      0.00 8.199e-01 1.800e-01 1.618e-05 4.377e-06 3.978e-05 -1.000 1.205e-04 5.624 5.240 4.942 4.701 4.350 4.225 4.183 4.172 4.163 4.440 4.178 4.426 4.254 4.231 4.217 4.192 4.180 4.175 4.171 4.164 4.163 4.158 4.162 4.308
0.00011527 -2.13000 10.07918 0.6688961983 2.3623440266    0.669 -0.293  3.7708  4.591    1  0.000  0.542     0.00     0.00 -1 -3.95e-14      0.00 8.254e-01 1.745e-01 1.576e-05 4.265e-06 3.877e-05 -1.000 1.165e-04 5.502 5.128 4.839 4.604 4.259 4.140 4.102 4.093 4.085 4.349 4.098 4.333 4.165 4.145 4.132 4.109 4.100 4.096 4.092 4.086 4.085 4.080 4.084 4.218
0.00011527 -2.13000 10.07918 0.6786239147 2.3673942089    0.678 -0.245  3.7759  4.570    1  0.000  0.541     0.00     0.00 -1 -4.05e-14      0.00 8.310e-01 1.689e-01 1.533e-05 4.151e-06 3.775e-05 -1.000 1.115e-04 5.383 5.020 4.738 4.509 4.168 4.054 4.021 4.014 4.006 4.258 4.017 4.241 4.077 4.059 4.048 4.027 4.019 4.016 4.012 4.007 4.006 4.001 4.005 4.129
0.00011527 -2.13000 10.07918 0.6879103780 2.3720624447    0.688 -0.199  3.7808  4.549    1  0.000  0.541     0.00     0.00 -1 -3.43e-14      0.00 8.366e-01 1.633e-01 1.490e-05 4.036e-06 3.672e-05 -1.000 1.047e-04 5.266 4.913 4.639 4.414 4.079 3.971 3.940 3.935 3.928 4.169 3.938 4.151 3.990 3.974 3.965 3.946 3.940 3.937 3.934 3.928 3.927 3.923 3.927 4.041
0.00011527 -2.13000 10.07918 0.6961514950 2.3760855198    0.696 -0.155  3.7851  4.528    1  0.000  0.541     0.00     0.00 -1 -3.81e-15      0.00 8.420e-01 1.580e-01 1.449e-05 3.927e-06 3.575e-05 -1.000 6.278e-05 5.159 4.814 4.548 4.328 3.998 3.894 3.866 3.862 3.856 4.088 3.864 4.068 3.911 3.897 3.888 3.871 3.866 3.864 3.861 3.856 3.855 3.851 3.855 3.960
0.00011527 -2.13000 10.07918 0.6999999285 2.3779268265    0.700 -0.135  3.7870  4.518    1  0.000  0.540     0.00     0.00 -1 -6.04e-14      0.00 8.446e-01 1.554e-01 1.429e-05 3.875e-06 3.528e-05 -1.000 4.165e-05 5.108 4.767 4.504 4.287 3.959 3.857 3.831 3.827 3.821 4.049 3.829 4.028 3.873 3.860 3.852 3.835 3.831 3.829 3.826 3.821 3.821 3.816 3.820 3.922
0.00011527 -2.13000 10.07918 0.7090682983 2.3821749687    0.709 -0.085  3.7914  4.491    1  0.000  0.538     0.00     0.00 -1 -6.95e-14      0.00 8.496e-01 1.503e-01 1.391e-05 3.783e-06 3.446e-05 -1.000 4.792e-05 4.982 4.650 4.395 4.182 3.860 3.763 3.739 3.737 3.731 3.950 3.738 3.928 3.777 3.766 3.758 3.743 3.740 3.739 3.736 3.732 3.731 3.726 3.731 3.824
0.00011527 -2.13000 10.07918 0.7175545692 2.3860387802    0.717 -0.035  3.7955  4.463    1  0.000  0.536     0.00     0.00 -1    -8e-14      0.00 8.538e-01 1.461e-01 1.361e-05 3.711e-06 3.384e-05 -1.000 8.461e-05 4.857 4.534 4.286 4.078 3.762 3.669 3.647 3.646 3.640 3.851 3.646 3.828 3.680 3.671 3.665 3.651 3.648 3.647 3.645 3.640 3.640 3.636 3.640 3.726
0.00011527 -2.13000 10.07918 0.7259311080 2.3897511959    0.725  0.017  3.7995  4.432    1  0.000  0.534     0.00     0.00 -1 -9.28e-14      0.00 8.575e-01 1.425e-01 1.336e-05 3.652e-06 3.333e-05 -1.000 5.002e-05 4.728 4.412 4.171 3.967 3.657 3.568 3.549 3.548 3.542 3.745 3.548 3.721 3.578 3.570 3.564 3.552 3.550 3.549 3.547 3.543 3.542 3.538 3.542 3.623
0.00011527 -2.13000 10.07918 0.7331234217 2.3928608894    0.733  0.064  3.8028  4.402    1  0.000  0.533     0.00     0.00 -1 -1.06e-13      0.00 8.603e-01 1.397e-01 1.318e-05 3.610e-06 3.297e-05 -1.000 5.767e-05 4.610 4.301 4.065 3.865 3.560 3.475 3.457 3.456 3.451 3.648 3.456 3.623 3.483 3.476 3.471 3.459 3.458 3.458 3.455 3.451 3.451 3.447 3.451 3.527
0.00011527 -2.13000 10.07918 0.7400895953 2.3958065510    0.739  0.113  3.8059  4.370    1  0.000  0.531     0.00     0.00 -1  -9.5e-14      0.00 8.627e-01 1.372e-01 1.302e-05 3.575e-06 3.267e-05 -1.000 1.115e-04 4.488 4.184 3.953 3.757 3.458 3.375 3.359 3.358 3.353 3.545 3.359 3.519 3.383 3.377 3.372 3.361 3.361 3.360 3.358 3.354 3.353 3.349 3.353 3.425
0.00011527 -2.13000 10.07918 0.7470547557 2.3986887932    0.746  0.166  3.8089  4.333    1  0.000  0.530     0.00     0.00 -1 -1.87e-14      0.00 8.649e-01 1.349e-01 1.288e-05 3.545e-06 3.241e-05 -1.000 1.166e-04 4.356 4.057 3.831 3.638 3.345 3.265 3.250 3.249 3.244 3.431 3.249 3.404 3.271 3.266 3.262 3.252 3.252 3.251 3.249 3.245 3.244 3.240 3.244 3.313
0.00011527 -2.13000 10.07918 0.7500000000 2.3998889923    0.749  0.189  3.8101  4.316    1  0.000  0.529     0.00     0.00 -1 -1.54e-13      0.00 8.659e-01 1.340e-01 1.282e-05 3.533e-06 3.231e-05 -1.000 1.197e-04 4.298 4.001 3.777 3.586 3.295 3.216 3.201 3.201 3.196 3.380 3.201 3.354 3.222 3.218 3.213 3.203 3.203 3.202 3.200 3.196 3.196 3.192 3.196 3.263
0.00011527 -2.13000 10.07918 0.7513016462 2.4004161358    0.751  0.199  3.8107  4.309    1  0.000  0.529     0.00     0.00 -1 -1.59e-13      0.00 8.659e-01 1.340e-01 1.283e-05 3.535e-06 3.233e-05 -1.000 1.200e-04 4.273 3.977 3.754 3.563 3.273 3.195 3.181 3.180 3.175 3.359 3.180 3.332 3.201 3.197 3.192 3.183 3.182 3.182 3.179 3.176 3.175 3.171 3.175 3.242
0.00011527 -2.13000 10.07918 0.7594036460 2.4036495686    0.759  0.270  3.8142  4.257    1  0.000  0.529     0.00     0.00 -1 -1.98e-13      0.00 8.663e-01 1.337e-01 1.288e-05 3.549e-06 3.247e-05 -1.000 2.325e-05 4.095 3.803 3.587 3.401 3.117 3.043 3.029 3.029 3.024 3.202 3.029 3.174 3.048 3.044 3.040 3.031 3.031 3.030 3.028 3.024 3.024 3.020 3.024 3.087
0.00011527 -2.13000 10.07918 0.7647798061 2.4057519436    0.764  0.322  3.8162  4.216    1  0.000  0.529     0.00     0.00 -1 -2.33e-13      0.00 8.663e-01 1.336e-01 1.291e-05 3.559e-06 3.258e-05 -1.000 9.252e-05 3.965 3.676 3.463 3.279 3.000 2.927 2.914 2.914 2.909 3.084 2.914 3.056 2.933 2.929 2.925 2.916 2.916 2.915 2.913 2.909 2.909 2.905 2.909 2.971
0.00011527 -2.13000 10.07918 0.7698769569 2.4077138901    0.769  0.374  3.8176  4.173    1  0.000  0.528     0.00     0.00 -1 -2.75e-13      0.00 8.653e-01 1.346e-01 1.303e-05 3.591e-06 3.287e-05 -1.000 1.000e-04 3.836 3.548 3.337 3.156 2.880 2.809 2.796 2.795 2.790 2.963 2.795 2.935 2.814 2.810 2.806 2.797 2.797 2.796 2.794 2.791 2.790 2.786 2.790 2.851
0.00011527 -2.13000 10.07918 0.7740441561 2.4092960358    0.773  0.419  3.8182  4.131    1  0.000  0.528     0.00     0.00 -1 -3.21e-13      0.00 8.641e-01 1.358e-01 1.314e-05 3.624e-06 3.317e-05 -1.000 1.000e-04 3.721 3.433 3.224 3.043 2.770 2.698 2.685 2.685 2.680 2.852 2.685 2.824 2.703 2.699 2.696 2.687 2.687 2.686 2.684 2.680 2.680 2.676 2.680 2.741
0.00011527 -2.13000 10.07918 0.7755442858 2.4098608494    0.774  0.438  3.8178  4.112    1  0.000  0.528     0.00     0.00 -1 -3.42e-13      0.00 8.637e-01 1.362e-01 1.319e-05 3.636e-06 3.328e-05 -1.000 1.000e-04 3.674 3.385 3.176 2.995 2.720 2.649 2.636 2.635 2.630 2.802 2.635 2.774 2.654 2.650 2.646 2.638 2.637 2.636 2.634 2.631 2.630 2.626 2.630 2.691
0.00011527 -2.13000 10.07918 0.7796202898 2.4113824368    0.778  0.493  3.8158  4.052    1  0.000  0.528     0.00     0.00 -1 -4.14e-13      0.00 8.625e-01 1.374e-01 1.330e-05 3.668e-06 3.358e-05 -1.000 1.000e-04 3.538 3.245 3.033 2.849 2.571 2.498 2.485 2.484 2.479 2.654 2.484 2.626 2.504 2.499 2.496 2.487 2.487 2.485 2.483 2.479 2.479 2.475 2.479 2.542
0.00011527 -2.13000 10.07918 0.7824724913 2.4124364853    0.781  0.536  3.8130  3.999    1  0.000  0.528     0.00     0.00 -1 -4.85e-13      0.00 8.616e-01 1.383e-01 1.339e-05 3.690e-06 3.378e-05 -1.000 1.000e-04 3.431 3.133 2.916 2.729 2.446 2.370 2.357 2.356 2.351 2.530 2.356 2.502 2.377 2.372 2.368 2.359 2.358 2.357 2.355 2.351 2.351 2.347 2.350 2.416
0.00011527 -2.13000 10.07918 0.7830806971 2.4126601219    0.782  0.545  3.8123  3.987    1  0.000  0.528     0.00     0.00 -1 -5.03e-13      0.00 8.615e-01 1.384e-01 1.340e-05 3.695e-06 3.383e-05 -1.000 1.000e-04 3.406 3.107 2.889 2.701 2.417 2.341 2.327 2.326 2.321 2.501 2.326 2.474 2.348 2.342 2.338 2.329 2.328 2.327 2.325 2.321 2.321 2.316 2.320 2.387
0.00011527 -2.13000 10.07918 0.7836714983 2.4128770828    0.782  0.556  3.8110  3.971    1  0.000  0.528     0.00     0.00 -1 -5.26e-13      0.00 8.613e-01 1.386e-01 1.342e-05 3.700e-06 3.387e-05 -1.000 1.000e-04 3.379 3.077 2.857 2.667 2.381 2.304 2.290 2.288 2.283 2.466 2.289 2.439 2.311 2.305 2.301 2.292 2.291 2.290 2.288 2.284 2.283 2.279 2.283 2.351
0.00011527 -2.13000 10.07918 0.7856592536 2.4136037827    0.784  0.596  3.8053  3.909    2  0.000  0.528     0.00     0.00 -1 -6.16e-13      0.00 8.607e-01 1.392e-01 1.348e-05 3.715e-06 3.401e-05 -1.000 1.000e-04 3.280 2.968 2.738 2.541 2.246 2.163 2.147 2.145 2.140 2.331 2.146 2.305 2.172 2.164 2.160 2.150 2.148 2.147 2.144 2.140 2.140 2.136 2.139 2.213
0.00011527 -2.13000 10.07918 0.7871810198 2.4141573906    0.786  0.632  3.7983  3.847    2  0.000  0.528     0.00     0.00 -1 -7.18e-13      0.00 8.603e-01 1.396e-01 1.352e-05 3.727e-06 3.412e-05 -1.000 1.000e-04 3.191 2.867 2.627 2.421 2.113 2.023 2.006 2.003 1.998 2.201 2.005 2.176 2.035 2.025 2.020 2.009 2.007 2.005 2.002 1.998 1.998 1.993 1.997 2.079
0.00011527 -2.13000 10.07918 0.7883733511 2.4145894051    0.787  0.664  3.7901  3.782    2  0.000  0.528     0.00     0.00 -1 -8.33e-13      0.00 8.599e-01 1.400e-01 1.356e-05 3.739e-06 3.423e-05 -1.000 1.010e-04 3.110 2.773 2.519 2.303 1.981 1.883 1.863 1.859 1.853 2.070 1.861 2.048 1.898 1.885 1.879 1.867 1.863 1.861 1.859 1.854 1.853 1.849 1.852 1.945
0.00011527 -2.13000 10.07918 0.7893350124 2.4149367809    0.788  0.694  3.7811  3.717    2  0.000  0.528     0.00     0.00 -1 -9.61e-13      0.00 8.561e-01 1.438e-01 1.388e-05 3.825e-06 3.500e-05 -1.000 6.366e-05 3.035 2.685 2.416 2.189 1.852 1.745 1.721 1.717 1.710 1.943 1.719 1.923 1.763 1.748 1.740 1.726 1.721 1.719 1.716 1.711 1.710 1.705 1.709 1.813
0.00011527 -2.13000 10.07918 0.7901419997 2.4152274132    0.788  0.722  3.7724  3.654    2  0.000  0.530     0.00     0.00 -1  -1.1e-12      0.00 8.391e-01 1.609e-01 1.512e-05 4.160e-06 3.801e-05 -1.000 4.557e-05 2.965 2.602 2.319 2.081 1.730 1.614 1.586 1.581 1.573 1.823 1.584 1.805 1.636 1.618 1.609 1.592 1.586 1.583 1.580 1.574 1.573 1.568 1.573 1.689
0.00011527 -2.13000 10.07918 0.7908540368 2.4154834747    0.789  0.751  3.7644  3.594    2  0.000  0.533     0.00     0.00 -1 -1.26e-12      0.00 8.117e-01 1.882e-01 1.705e-05 4.677e-06 4.265e-05 -1.000 7.364e-05 2.893 2.519 2.222 1.974 1.611 1.486 1.455 1.448 1.440 1.705 1.452 1.689 1.512 1.491 1.480 1.461 1.453 1.450 1.446 1.441 1.440 1.435 1.439 1.568
0.00011527 -2.13000 10.07918 0.7914857864 2.4157099724    0.790  0.783  3.7573  3.534    2  0.000  0.535     0.00     0.00 -1 -1.45e-12      0.00 7.925e-01 2.074e-01 1.839e-05 5.036e-06 4.585e-05 -1.000 9.847e-05 2.813 2.431 2.122 1.865 1.491 1.359 1.323 1.315 1.307 1.586 1.320 1.573 1.388 1.364 1.352 1.331 1.321 1.317 1.314 1.307 1.307 1.302 1.306 1.447
0.00011527 -2.13000 10.07918 0.7921115756 2.4159340858    0.790  0.823  3.7511  3.469    2  0.000  0.536     0.00     0.00 -1 -1.72e-12      0.00 7.809e-01 2.189e-01 1.919e-05 5.251e-06 4.777e-05 -1.000 1.177e-04 2.712 2.323 2.003 1.738 1.355 1.216 1.177 1.167 1.158 1.450 1.172 1.439 1.249 1.222 1.209 1.185 1.174 1.169 1.165 1.159 1.158 1.152 1.157 1.309
0.00011527 -2.13000 10.07918 0.7926056385 2.4161107540    0.791  0.863  3.7471  3.413    2  0.000  0.536     0.00     0.00 -1    -2e-12      0.00 7.755e-01 2.244e-01 1.958e-05 5.354e-06 4.868e-05 -1.000 1.205e-04 2.613 2.220 1.892 1.622 1.233 1.090 1.048 1.037 1.027 1.329 1.043 1.319 1.125 1.096 1.082 1.057 1.045 1.040 1.035 1.028 1.027 1.022 1.026 1.186
0.00011527 -2.13000 10.07918 0.7929433584 2.4162313938    0.791  0.893  3.7446  3.374    2  0.000  0.536     0.00     0.00 -1 -2.25e-12      0.00 7.727e-01 2.272e-01 1.977e-05 5.405e-06 4.914e-05 -1.000 1.205e-04 2.538 2.142 1.811 1.538 1.145 0.999 0.955 0.943 0.933 1.241 0.950 1.232 1.035 1.005 0.990 0.965 0.952 0.946 0.942 0.934 0.933 0.928 0.932 1.097
0.00011527 -2.13000 10.07918 0.7932426929 2.4163382053    0.791  0.923  3.7430  3.337    3  0.000  0.537     0.00     0.00 -1 -2.51e-12      0.00 7.709e-01 2.289e-01 1.989e-05 5.436e-06 4.942e-05 -1.000 1.146e-04 2.463 2.065 1.731 1.455 1.060 0.912 0.868 0.855 0.845 1.156 0.862 1.147 0.949 0.919 0.903 0.877 0.864 0.858 0.853 0.846 0.845 0.840 0.844 1.012
0.00011527 -2.13000 10.07918 0.7936351895 2.4164781570    0.792  0.964  3.7409  3.288    3  0.000  0.537     0.00     0.00 -1 -2.92e-12      0.00 7.688e-01 2.311e-01 2.002e-05 5.471e-06 4.973e-05 -1.000 8.707e-05 2.360 1.961 1.622 1.344 0.945 0.794 0.749 0.736 0.726 1.041 0.743 1.033 0.832 0.801 0.785 0.759 0.745 0.739 0.734 0.727 0.726 0.721 0.725 0.896
0.00011527 -2.13000 10.07918 0.7940306067 2.4166188240    0.792  1.008  3.7390  3.237    3  0.000  0.537     0.00     0.00 -1 -3.43e-12      0.00 7.669e-01 2.330e-01 2.012e-05 5.500e-06 4.999e-05 -1.000 6.977e-05 2.250 1.849 1.508 1.226 0.823 0.671 0.625 0.612 0.602 0.920 0.619 0.913 0.710 0.678 0.662 0.635 0.621 0.615 0.610 0.602 0.601 0.597 0.600 0.774
0.00011527 -2.13000 10.07918 0.7944093347 2.4167535305    0.792  1.053  3.7374  3.185    3  0.000  0.537     0.00     0.00 -1 -4.03e-12      0.00 7.652e-01 2.347e-01 2.021e-05 5.524e-06 5.020e-05 -1.000 1.177e-04 2.138 1.737 1.392 1.108 0.702 0.547 0.501 0.487 0.477 0.799 0.495 0.792 0.586 0.555 0.538 0.511 0.497 0.491 0.486 0.478 0.477 0.472 0.476 0.652
0.00011527 -2.13000 10.07918 0.7948118448 2.4168965816    0.793  1.104  3.7356  3.128    3  0.000  0.537     0.00     0.00 -1 -4.84e-12      0.00 7.635e-01 2.364e-01 2.029e-05 5.545e-06 5.040e-05 -1.000 1.205e-04 2.011 1.610 1.262 0.974 0.564 0.408 0.361 0.347 0.337 0.662 0.355 0.656 0.448 0.415 0.398 0.371 0.357 0.351 0.346 0.338 0.337 0.333 0.336 0.514
0.00011527 -2.13000 10.07918 0.7951496243 2.4170162678    0.793  1.149  3.7341  3.076    3  0.000  0.537     0.00     0.00 -1  -5.7e-12      0.00 7.622e-01 2.377e-01 2.035e-05 5.561e-06 5.053e-05 -1.000 1.205e-04 1.897 1.495 1.144 0.855 0.441 0.283 0.236 0.222 0.212 0.539 0.230 0.534 0.323 0.290 0.273 0.246 0.231 0.225 0.220 0.213 0.212 0.208 0.211 0.390
0.00011527 -2.13000 10.07918 0.7954912782 2.4171373844    0.793  1.199  3.7326  3.021    3  0.000  0.537     0.00     0.00 -1 -6.82e-12      0.00 7.609e-01 2.391e-01 2.039e-05 5.575e-06 5.065e-05 -1.000 8.334e-05 1.772 1.370 1.017 0.724 0.307 0.147 0.100 0.086 0.076 0.405 0.094 0.401 0.188 0.155 0.137 0.110 0.095 0.089 0.084 0.077 0.076 0.072 0.075 0.255
0.00011527 -2.13000 10.07918 0.7958265543 2.4172561169    0.793  1.252  3.7310  2.961    3  0.000  0.537     0.00     0.00 -1 -8.25e-12      0.00 7.595e-01 2.404e-01 2.043e-05 5.588e-06 5.076e-05 -1.000 9.236e-05 1.640 1.237 0.880 0.585 0.164 0.003 -0.045 -0.059 -0.069 0.263 -0.051 0.259 0.044 0.010 -0.007 -0.034 -0.049 -0.056 -0.061 -0.068 -0.069 -0.073 -0.070 0.112
0.00011527 -2.13000 10.07918 0.7960970998 2.4173519611    0.793  1.299  3.7295  2.908    3  0.000  0.536     0.00     0.00 -1 -9.77e-12      0.00 7.585e-01 2.414e-01 2.045e-05 5.599e-06 5.084e-05 -1.000 1.162e-04 1.522 1.119 0.760 0.462 0.038 -0.125 -0.173 -0.187 -0.197 0.138 -0.179 0.134 -0.083 -0.117 -0.134 -0.162 -0.177 -0.184 -0.189 -0.197 -0.197 -0.201 -0.198 -0.014
0.00011527 -2.13000 10.07918 0.7963581085 2.4174442291    0.793  1.348  3.7280  2.853    3  0.000  0.536     0.00     0.00 -1 -1.16e-11      0.00 7.576e-01 2.423e-01 2.045e-05 5.611e-06 5.090e-05 -1.000 1.205e-04 1.400 0.995 0.634 0.334 -0.093 -0.258 -0.306 -0.320 -0.330 0.007 -0.312 0.004 -0.215 -0.250 -0.267 -0.295 -0.311 -0.317 -0.322 -0.330 -0.331 -0.334 -0.331 -0.146
0.00011527 -2.13000 10.07918 0.7965925932 2.4175269604    0.794  1.396  3.7265  2.799    3  0.000  0.535     0.00     0.00 -1 -1.38e-11      0.00 7.568e-01 2.431e-01 2.044e-05 5.625e-06 5.095e-05 -1.000 1.204e-04 1.280 0.875 0.510 0.208 -0.222 -0.388 -0.436 -0.451 -0.461 -0.122 -0.443 -0.124 -0.345 -0.380 -0.398 -0.425 -0.441 -0.448 -0.453 -0.461 -0.462 -0.465 -0.462 -0.275
0.00011527 -2.13000 10.07918 0.7968049645 2.4176020622    0.794  1.444  3.7250  2.746    3  0.000  0.534     0.00     0.00 -1 -1.64e-11      0.00 7.561e-01 2.438e-01 2.043e-05 5.640e-06 5.099e-05 -1.000 1.198e-04 1.161 0.756 0.388 0.084 -0.349 -0.517 -0.566 -0.581 -0.591 -0.249 -0.573 -0.251 -0.474 -0.510 -0.527 -0.555 -0.571 -0.578 -0.583 -0.591 -0.592 -0.595 -0.592 -0.403
0.00011527 -2.13000 10.07918 0.7969951034 2.4176690578    0.794  1.490  3.7235  2.693    3  0.000  0.534     0.00     0.00 -1 -1.94e-11      0.00 7.555e-01 2.443e-01 2.041e-05 5.655e-06 5.102e-05 -1.000 1.201e-04 1.044 0.638 0.268 -0.039 -0.475 -0.644 -0.693 -0.709 -0.718 -0.374 -0.700 -0.376 -0.601 -0.636 -0.654 -0.682 -0.698 -0.705 -0.710 -0.719 -0.719 -0.722 -0.719 -0.529
0.00011527 -2.13000 10.07918 0.7971749902 2.4177324772    0.794  1.539  3.7219  2.639    3  0.000  0.533     0.00     0.00 -1 -2.31e-11      0.00 7.551e-01 2.448e-01 2.039e-05 5.673e-06 5.105e-05 -1.000 1.205e-04 0.923 0.517 0.144 -0.165 -0.604 -0.776 -0.825 -0.840 -0.850 -0.503 -0.832 -0.504 -0.732 -0.768 -0.786 -0.814 -0.830 -0.837 -0.842 -0.851 -0.851 -0.854 -0.851 -0.659
0.00011527 -2.13000 10.07918 0.7973347306 2.4177889824    0.794  1.586  3.7203  2.585    3  0.000  0.532     0.00     0.00 -1 -2.74e-11      0.00 7.547e-01 2.451e-01 2.037e-05 5.689e-06 5.107e-05 -1.000 1.204e-04 0.805 0.399 0.024 -0.288 -0.731 -0.904 -0.954 -0.969 -0.979 -0.630 -0.961 -0.630 -0.860 -0.896 -0.914 -0.942 -0.959 -0.966 -0.971 -0.979 -0.980 -0.982 -0.980 -0.787
0.00011527 -2.13000 10.07918 0.7974766493 2.4178388119    0.793  1.632  3.7188  2.533    3  0.000  0.532     0.00     0.00 -1 -3.23e-11      0.00 7.545e-01 2.454e-01 2.036e-05 5.701e-06 5.108e-05 -1.000 1.205e-04 0.691 0.285 -0.093 -0.408 -0.854 -1.029 -1.079 -1.094 -1.104 -0.752 -1.086 -0.752 -0.984 -1.021 -1.039 -1.067 -1.084 -1.091 -1.096 -1.105 -1.105 -1.107 -1.105 -0.910
0.00011527 -2.13000 10.07918 0.7976052761 2.4178841114    0.793  1.677  3.7173  2.482    3  0.000  0.531     0.00     0.00 -1 -3.81e-11      0.00 7.544e-01 2.455e-01 2.035e-05 5.709e-06 5.109e-05 -1.000 1.168e-04 0.579 0.172 -0.209 -0.526 -0.975 -1.152 -1.202 -1.218 -1.227 -0.873 -1.209 -0.872 -1.106 -1.144 -1.162 -1.190 -1.207 -1.214 -1.220 -1.228 -1.229 -1.230 -1.228 -1.032
0.00011527 -2.13000 10.07918 0.7977257967 2.4179265499    0.793  1.722  3.7157  2.430    3  0.000  0.531     0.00     0.00 -1  -4.5e-11      0.00 7.543e-01 2.456e-01 2.034e-05 5.713e-06 5.109e-05 -1.000 1.205e-04 0.464 0.057 -0.328 -0.647 -1.100 -1.278 -1.329 -1.345 -1.355 -0.997 -1.336 -0.996 -1.232 -1.270 -1.289 -1.317 -1.334 -1.341 -1.347 -1.356 -1.356 -1.357 -1.355 -1.157
0.00011527 -2.13000 10.07918 0.7978322506 2.4179639816    0.793  1.767  3.7141  2.379    3  0.000  0.531     0.00     0.00 -1 -5.28e-11      0.00 7.543e-01 2.456e-01 2.034e-05 5.715e-06 5.109e-05 -1.000 1.206e-04 0.353 -0.055 -0.442 -0.764 -1.221 -1.401 -1.452 -1.468 -1.477 -1.118 -1.459 -1.116 -1.354 -1.392 -1.411 -1.440 -1.457 -1.464 -1.470 -1.479 -1.479 -1.480 -1.478 -1.278
0.00011527 -2.13000 10.07918 0.7979305983 2.4179987907    0.793  1.811  3.7125  2.328    3  0.000  0.531     0.00     0.00 -1  -6.2e-11      0.00 7.543e-01 2.456e-01 2.034e-05 5.715e-06 5.110e-05 -1.000 1.206e-04 0.242 -0.167 -0.557 -0.882 -1.341 -1.523 -1.574 -1.591 -1.600 -1.238 -1.582 -1.235 -1.476 -1.515 -1.533 -1.562 -1.580 -1.587 -1.593 -1.602 -1.602 -1.602 -1.601 -1.399
0.00011527 -2.13000 10.07918 0.7980208993 2.4180305004    0.793  1.856  3.7109  2.277    3  0.000  0.531     0.00     0.00 -1 -7.28e-11      0.00 7.543e-01 2.456e-01 2.034e-05 5.716e-06 5.110e-05 -1.000 1.206e-04 0.131 -0.278 -0.671 -0.999 -1.462 -1.645 -1.697 -1.714 -1.723 -1.358 -1.704 -1.355 -1.598 -1.637 -1.656 -1.685 -1.703 -1.710 -1.716 -1.725 -1.725 -1.724 -1.723 -1.520
0.00011527 -2.13000 10.07918 0.7981011271 2.4180586338    0.792  1.898  3.7093  2.228    3  0.000  0.531     0.00     0.00 -1 -6.96e-11      0.00 7.543e-01 2.456e-01 2.034e-05 5.716e-06 5.110e-05 -1.000 1.206e-04 0.025 -0.385 -0.781 -1.111 -1.578 -1.763 -1.815 -1.832 -1.841 -1.474 -1.823 -1.470 -1.715 -1.754 -1.774 -1.803 -1.821 -1.828 -1.834 -1.843 -1.843 -1.842 -1.841 -1.637
0.00011527 -2.13000 10.07918 0.7981752753 2.4180846214    0.792  1.940  3.7078  2.179    3  0.000  0.531     0.00     0.00 -1  -7.3e-11      0.00 7.543e-01 2.456e-01 2.034e-05 5.716e-06 5.110e-05 -1.000 1.205e-04 -0.081 -0.491 -0.890 -1.223 -1.693 -1.880 -1.933 -1.950 -1.958 -1.588 -1.940 -1.584 -1.831 -1.871 -1.891 -1.920 -1.938 -1.946 -1.952 -1.961 -1.960 -1.959 -1.958 -1.752
0.00011527 -2.13000 10.07918 0.7982465029 2.4181096554    0.792  1.985  3.7061  2.129    3  0.000  0.531     0.00     0.00 -1 -8.45e-11      0.00 7.543e-01 2.456e-01 2.034e-05 5.716e-06 5.110e-05 -1.000 1.206e-04 -0.191 -0.601 -1.004 -1.339 -1.813 -2.002 -2.055 -2.073 -2.081 -1.708 -2.063 -1.703 -1.953 -1.994 -2.013 -2.043 -2.061 -2.069 -2.075 -2.084 -2.083 -2.080 -2.080 -1.873
0.00011527 -2.13000 10.07918 0.7983074784 2.4181311131    0.791  2.025  3.7045  2.081    3  0.000  0.531     0.00     0.00 -1  -9.9e-11      0.00 7.543e-01 2.456e-01 2.034e-05 5.716e-06 5.110e-05 -1.000 1.205e-04 -0.293 -0.703 -1.109 -1.447 -1.925 -2.116 -2.169 -2.187 -2.194 -1.819 -2.177 -1.813 -2.066 -2.107 -2.127 -2.156 -2.175 -2.183 -2.189 -2.198 -2.197 -2.193 -2.193 -1.985
0.00011527 -2.13000 10.07918 0.7983638644 2.4181509018    0.791  2.066  3.7030  2.034    3  0.000  0.531     0.00     0.00 -1 -1.16e-10      0.00 7.543e-01 2.456e-01 2.034e-05 5.717e-06 5.110e-05 -1.000 1.204e-04 -0.395 -0.804 -1.214 -1.555 -2.036 -2.229 -2.282 -2.300 -2.307 -1.930 -2.290 -1.923 -2.178 -2.220 -2.239 -2.269 -2.288 -2.296 -2.302 -2.311 -2.310 -2.305 -2.306 -2.097
0.00011527 -2.13000 10.07918 0.7984177470 2.4181699753    0.791  2.108  3.7014  1.986    3  0.000  0.531     0.00     0.00 -1 -1.36e-10      0.00 7.542e-01 2.456e-01 2.034e-05 5.717e-06 5.110e-05 -1.000 1.205e-04 -0.499 -0.909 -1.322 -1.665 -2.150 -2.345 -2.399 -2.417 -2.424 -2.044 -2.407 -2.036 -2.294 -2.336 -2.356 -2.386 -2.405 -2.413 -2.419 -2.428 -2.426 -2.421 -2.422 -2.212
0.00011527 -2.13000 10.07918 0.7984647751 2.4181864262    0.790  2.147  3.6997  1.940    3  0.000  0.531     0.00     0.00 -1 -1.58e-10      0.00 7.542e-01 2.456e-01 2.034e-05 5.717e-06 5.110e-05 -1.000 1.205e-04 -0.597 -1.008 -1.423 -1.770 -2.258 -2.455 -2.509 -2.527 -2.534 -2.152 -2.517 -2.143 -2.403 -2.445 -2.466 -2.496 -2.515 -2.523 -2.530 -2.539 -2.537 -2.531 -2.532 -2.320
0.00011527 -2.13000 10.07918 0.7985087633 2.4182019234    0.790  2.186  3.6982  1.895    3  0.000  0.531     0.00     0.00 -1 -1.84e-10      0.00 7.542e-01 2.456e-01 2.034e-05 5.717e-06 5.110e-05 -1.000 1.205e-04 -0.694 -1.105 -1.523 -1.872 -2.364 -2.562 -2.617 -2.636 -2.642 -2.257 -2.625 -2.248 -2.510 -2.553 -2.573 -2.603 -2.623 -2.632 -2.638 -2.647 -2.645 -2.638 -2.640 -2.426
0.00011527 -2.13000 10.07918 0.7985545993 2.4182178974    0.789  2.222  3.6968  1.852    3  0.000  0.531     0.00     0.00 -1 -2.12e-10      0.00 7.542e-01 2.456e-01 2.034e-05 5.717e-06 5.110e-05 -1.000 1.205e-04 -0.785 -1.196 -1.617 -1.969 -2.463 -2.663 -2.718 -2.737 -2.743 -2.356 -2.727 -2.347 -2.610 -2.654 -2.674 -2.705 -2.725 -2.733 -2.740 -2.749 -2.747 -2.739 -2.741 -2.526
0.00011527 -2.13000 10.07918 0.7986053824 2.4182357788    0.788  2.253  3.6956  1.817    3  0.000  0.531     0.00     0.00 -1  -2.4e-10      0.00 7.542e-01 2.456e-01 2.034e-05 5.717e-06 5.110e-05 -1.000 1.205e-04 -0.861 -1.272 -1.696 -2.049 -2.546 -2.748 -2.803 -2.822 -2.828 -2.439 -2.812 -2.429 -2.694 -2.738 -2.759 -2.789 -2.810 -2.818 -2.825 -2.834 -2.832 -2.824 -2.825 -2.610
0.00011527 -2.13000 10.07918 0.7986304760 2.4182446003    0.788  2.246  3.6961  1.825    3  0.000  0.531     0.00     0.00 -1 -2.37e-10      0.00 7.542e-01 2.457e-01 2.034e-05 5.717e-06 5.110e-05 -1.000 1.205e-04 -0.846 -1.256 -1.680 -2.032 -2.528 -2.729 -2.784 -2.803 -2.809 -2.421 -2.792 -2.411 -2.676 -2.719 -2.740 -2.770 -2.791 -2.799 -2.805 -2.815 -2.813 -2.805 -2.806 -2.591
0.00011527 -2.13000 10.07918 0.7986364961 2.4182467461    0.788  2.253  3.6958  1.817    3  0.000  0.531     0.00     0.00 -1 -2.43e-10      0.00 7.542e-01 2.457e-01 2.034e-05 5.717e-06 5.110e-05 -1.000 1.206e-04 -0.863 -1.273 -1.697 -2.050 -2.547 -2.748 -2.803 -2.823 -2.828 -2.440 -2.812 -2.430 -2.695 -2.739 -2.759 -2.790 -2.810 -2.818 -2.825 -2.834 -2.832 -2.824 -2.826 -2.610
0.00011527 -2.13000 10.07918 0.7986698747 2.4182584286    0.787  2.293  3.6941  1.769    3  0.000  0.531     0.00     0.00 -1 -2.81e-10      0.00 7.542e-01 2.457e-01 2.034e-05 5.717e-06 5.110e-05 -1.000 1.206e-04 -0.964 -1.374 -1.802 -2.157 -2.658 -2.861 -2.917 -2.936 -2.942 -2.550 -2.925 -2.539 -2.807 -2.851 -2.872 -2.903 -2.924 -2.932 -2.939 -2.948 -2.945 -2.936 -2.939 -2.722
0.00011527 -2.13000 10.07918 0.7987035513 2.4182703495    0.787  2.336  3.6924  1.719    3  0.000  0.531     0.00     0.00 -1  -3.3e-10      0.00 7.542e-01 2.457e-01 2.034e-05 5.718e-06 5.110e-05 -1.000 1.204e-04 -1.071 -1.482 -1.913 -2.271 -2.775 -2.981 -3.037 -3.057 -3.062 -2.668 -3.045 -2.656 -2.926 -2.971 -2.992 -3.023 -3.044 -3.052 -3.059 -3.069 -3.066 -3.055 -3.058 -2.840
0.00011527 -2.13000 10.07918 0.7987322211 2.4182803631    0.786  2.375  3.6906  1.673    3  0.000  0.531     0.00     0.00 -1 -3.83e-10      0.00 7.542e-01 2.457e-01 2.034e-05 5.718e-06 5.110e-05 -1.000 1.205e-04 -1.168 -1.579 -2.013 -2.375 -2.883 -3.090 -3.146 -3.167 -3.171 -2.775 -3.155 -2.762 -3.035 -3.080 -3.102 -3.132 -3.154 -3.162 -3.169 -3.179 -3.176 -3.164 -3.167 -2.948
0.00011527 -2.13000 10.07918 0.7987603545 2.4182901382    0.785  2.416  3.6888  1.624    3  0.000  0.531     0.00     0.00 -1 -4.47e-10      0.00 7.542e-01 2.457e-01 2.034e-05 5.718e-06 5.110e-05 -1.000 1.206e-04 -1.270 -1.680 -2.119 -2.484 -2.996 -3.205 -3.262 -3.282 -3.286 -2.887 -3.271 -2.874 -3.149 -3.195 -3.217 -3.247 -3.269 -3.278 -3.285 -3.295 -3.291 -3.279 -3.282 -3.062
0.00011527 -2.13000 10.07918 0.7987866402 2.4182994366    0.785  2.457  3.6871  1.576    3  0.000  0.531     0.00     0.00 -1 -5.21e-10      0.00 7.542e-01 2.457e-01 2.034e-05 5.718e-06 5.110e-05 -1.000 1.206e-04 -1.373 -1.782 -2.224 -2.592 -3.108 -3.320 -3.376 -3.397 -3.401 -2.999 -3.386 -2.985 -3.263 -3.310 -3.331 -3.362 -3.384 -3.393 -3.400 -3.410 -3.406 -3.393 -3.396 -3.175
0.00011527 -2.13000 10.07918 0.7988096476 2.4183075428    0.784  2.495  3.6853  1.530    3  0.000  0.531     0.00     0.00 -1 -6.03e-10      0.00 7.542e-01 2.457e-01 2.034e-05 5.718e-06 5.110e-05 -1.000 1.204e-04 -1.468 -1.880 -2.326 -2.696 -3.217 -3.429 -3.485 -3.506 -3.509 -3.107 -3.494 -3.093 -3.373 -3.419 -3.440 -3.471 -3.493 -3.501 -3.508 -3.519 -3.515 -3.500 -3.504 -3.284
0.00011527 -2.13000 10.07918 0.7988324165 2.4183156490    0.783  2.536  3.6835  1.482    3  0.000  0.531     0.00     0.00 -1 -7.02e-10      0.00 7.542e-01 2.457e-01 2.034e-05 5.718e-06 5.111e-05 -1.000 1.206e-04 -1.570 -1.979 -2.429 -2.804 -3.328 -3.543 -3.600 -3.622 -3.624 -3.218 -3.610 -3.203 -3.487 -3.533 -3.555 -3.585 -3.608 -3.617 -3.624 -3.634 -3.630 -3.614 -3.619 -3.396
0.00011527 -2.13000 10.07918 0.7988526225 2.4183225632    0.782  2.574  3.6818  1.436    3  0.000  0.531     0.00     0.00 -1 -8.12e-10      0.00 7.542e-01 2.457e-01 2.034e-05 5.718e-06 5.111e-05 -1.000 1.205e-04 -1.666 -2.077 -2.531 -2.908 -3.437 -3.652 -3.709 -3.731 -3.734 -3.326 -3.719 -3.310 -3.596 -3.642 -3.664 -3.694 -3.717 -3.726 -3.733 -3.744 -3.739 -3.722 -3.727 -3.505
0.00011527 -2.13000 10.07918 0.7988715172 2.4183292389    0.781  2.613  3.6800  1.390    3  0.000  0.531     0.00     0.00 -1 -9.39e-10      0.00 7.542e-01 2.457e-01 2.034e-05 5.718e-06 5.111e-05 -1.000 1.206e-04 -1.762 -2.174 -2.632 -3.012 -3.545 -3.762 -3.819 -3.840 -3.843 -3.433 -3.828 -3.417 -3.705 -3.752 -3.773 -3.803 -3.827 -3.836 -3.843 -3.854 -3.849 -3.830 -3.836 -3.614
0.00011527 -2.13000 10.07918 0.7988894582 2.4183354378    0.780  2.651  3.6782  1.343    3  0.000  0.531     0.00     0.00 -1 -1.09e-09      0.00 7.542e-01 2.457e-01 2.034e-05 5.718e-06 5.111e-05 -1.000 1.206e-04 -1.859 -2.272 -2.734 -3.117 -3.655 -3.872 -3.929 -3.951 -3.953 -3.542 -3.939 -3.526 -3.816 -3.863 -3.884 -3.914 -3.937 -3.946 -3.954 -3.965 -3.959 -3.939 -3.945 -3.724
0.00011527 -2.13000 10.07918 0.7989088297 2.4183423519    0.778  2.697  3.6761  1.289    3  0.000  0.531     0.00     0.00 -1 -1.29e-09      0.00 7.542e-01 2.457e-01 2.034e-05 5.718e-06 5.111e-05 -1.000 1.205e-04 -1.971 -2.385 -2.853 -3.240 -3.782 -4.001 -4.057 -4.080 -4.080 -3.669 -4.067 -3.652 -3.945 -3.991 -4.012 -4.042 -4.066 -4.075 -4.082 -4.093 -4.088 -4.064 -4.072 -3.852
0.00011527 -2.13000 10.07918 0.7989243865 2.4183478355    0.777  2.735  3.6741  1.242    3  0.000  0.531     0.00     0.00 -1 -1.49e-09      0.00 7.542e-01 2.457e-01 2.034e-05 5.718e-06 5.111e-05 -1.000 1.205e-04 -2.068 -2.483 -2.955 -3.346 -3.893 -4.113 -4.169 -4.192 -4.192 -3.779 -4.179 -3.762 -4.057 -4.103 -4.124 -4.153 -4.178 -4.187 -4.194 -4.206 -4.199 -4.173 -4.182 -3.964
0.00011527 -2.13000 10.07918 0.7989404202 2.4183533192    0.775  2.778  3.6721  1.189    3  0.000  0.531     0.00     0.00 -1 -1.76e-09      0.00 7.542e-01 2.457e-01 2.034e-05 5.718e-06 5.111e-05 -1.000 1.205e-04 -2.176 -2.591 -3.069 -3.463 -4.016 -4.236 -4.293 -4.315 -4.314 -3.900 -4.303 -3.883 -4.180 -4.227 -4.247 -4.276 -4.301 -4.310 -4.318 -4.330 -4.323 -4.293 -4.303 -4.087
0.00011527 -2.13000 10.07918 0.7989536524 2.4183580875    0.774  2.816  3.6703  1.143    3  0.000  0.531     0.00     0.00 -1 -2.03e-09      0.00 7.542e-01 2.457e-01 2.034e-05 5.718e-06 5.111e-05 -1.000 1.205e-04 -2.271 -2.686 -3.170 -3.567 -4.124 -4.345 -4.402 -4.425 -4.422 -4.007 -4.412 -3.990 -4.290 -4.336 -4.357 -4.385 -4.410 -4.419 -4.427 -4.439 -4.432 -4.399 -4.410 -4.196
0.00011527 -2.13000 10.07918 0.7989671230 2.4183628559    0.772  2.858  3.6680  1.092    3  0.000  0.531     0.00     0.00 -1 -2.37e-09      0.00 7.542e-01 2.457e-01 2.034e-05 5.718e-06 5.111e-05 -1.000 1.205e-04 -2.374 -2.790 -3.279 -3.681 -4.244 -4.466 -4.522 -4.546 -4.542 -4.126 -4.533 -4.108 -4.411 -4.457 -4.478 -4.505 -4.532 -4.540 -4.548 -4.561 -4.552 -4.515 -4.528 -4.316
0.00011527 -2.13000 10.07918 0.7989783287 2.4183666706    0.770  2.894  3.6663  1.047    3  0.000  0.531     0.00     0.00 -1 -2.72e-09      0.00 7.542e-01 2.457e-01 2.034e-05 5.718e-06 5.111e-05 -1.000 1.206e-04 -2.466 -2.881 -3.376 -3.781 -4.348 -4.571 -4.627 -4.651 -4.646 -4.229 -4.637 -4.211 -4.516 -4.562 -4.582 -4.609 -4.636 -4.645 -4.653 -4.666 -4.657 -4.617 -4.631 -4.421
0.00011527 -2.13000 10.07918 0.7989901304 2.4183709621    0.768  2.935  3.6641  0.996    3  0.000  0.531     0.00     0.00 -1 -3.18e-09      0.00 7.542e-01 2.457e-01 2.034e-05 5.718e-06 5.111e-05 -1.000 1.206e-04 -2.568 -2.982 -3.484 -3.894 -4.466 -4.691 -4.746 -4.770 -4.764 -4.347 -4.757 -4.328 -4.636 -4.682 -4.702 -4.727 -4.756 -4.765 -4.773 -4.786 -4.776 -4.732 -4.747 -4.540
0.00011527 -2.13000 10.07918 0.7990019917 2.4183750153    0.765  2.980  3.6618  0.942    3  0.000  0.531     0.00     0.00 -1 -3.77e-09      0.00 7.542e-01 2.457e-01 2.034e-05 5.718e-06 5.111e-05 -1.000 1.205e-04 -2.679 -3.092 -3.603 -4.017 -4.594 -4.820 -4.875 -4.900 -4.892 -4.474 -4.886 -4.455 -4.765 -4.811 -4.831 -4.855 -4.885 -4.894 -4.902 -4.915 -4.906 -4.856 -4.874 -4.669
0.00011527 -2.13000 10.07918 0.7990117073 2.4183783531    0.763  3.018  3.6597  0.893    3  0.000  0.531     0.00     0.00 -1 -4.37e-09      0.00 7.542e-01 2.457e-01 2.034e-05 5.718e-06 5.111e-05 -1.000 1.205e-04 -2.775 -3.187 -3.706 -4.124 -4.707 -4.934 -4.988 -5.014 -5.004 -4.585 -4.999 -4.567 -4.879 -4.925 -4.945 -4.967 -4.999 -5.008 -5.016 -5.030 -5.019 -4.965 -4.984 -4.782
0.00011527 -2.13000 10.07918 0.7990199924 2.4183814526    0.760  3.053  3.6578  0.849    3  0.000  0.531     0.00     0.00 -1 -4.99e-09      0.00 7.542e-01 2.457e-01 2.034e-05 5.718e-06 5.111e-05 -1.000 1.205e-04 -2.863 -3.272 -3.798 -4.221 -4.809 -5.037 -5.090 -5.117 -5.106 -4.686 -5.102 -4.667 -4.981 -5.028 -5.048 -5.068 -5.102 -5.111 -5.119 -5.133 -5.122 -5.064 -5.085 -4.884
0.00011527 -2.13000 10.07918 0.7990285754 2.4183843136    0.758  3.091  3.6558  0.802    3  0.000  0.531     0.00     0.00 -1 -5.77e-09      0.00 7.542e-01 2.457e-01 2.034e-05 5.718e-06 5.111e-05 -1.000 1.206e-04 -2.957 -3.362 -3.896 -4.324 -4.916 -5.147 -5.200 -5.228 -5.216 -4.793 -5.212 -4.773 -5.090 -5.138 -5.158 -5.176 -5.213 -5.222 -5.230 -5.244 -5.233 -5.171 -5.193 -4.992
0.00011527 -2.13000 10.07918 0.7990373373 2.4183874130    0.754  3.132  3.6535  0.749    3  0.000  0.531     0.00     0.00 -1 -6.76e-09      0.00 7.542e-01 2.457e-01 2.034e-05 5.718e-06 5.111e-05 -1.000 1.205e-04 -3.061 -3.460 -4.002 -4.436 -5.034 -5.268 -5.321 -5.350 -5.337 -4.910 -5.334 -4.889 -5.210 -5.258 -5.279 -5.294 -5.335 -5.344 -5.353 -5.367 -5.355 -5.289 -5.312 -5.111
0.00011527 -2.13000 10.07918 0.7990447283 2.4183900356    0.751  3.169  3.6514  0.702    3  0.000  0.531     0.00     0.00 -1  -7.8e-09      0.00 7.542e-01 2.457e-01 2.034e-05 5.718e-06 5.111e-05 -1.000 1.206e-04 -3.153 -3.547 -4.098 -4.536 -5.139 -5.376 -5.429 -5.459 -5.445 -5.015 -5.442 -4.993 -5.317 -5.366 -5.387 -5.400 -5.444 -5.453 -5.462 -5.476 -5.463 -5.395 -5.418 -5.217
0.00011527 -2.13000 10.07918 0.7990521193 2.4183926582    0.747  3.208  3.6492  0.652    3  0.000  0.531     0.00     0.00 -1 -9.05e-09      0.00 7.542e-01 2.457e-01 2.034e-05 5.718e-06 5.111e-05 -1.000 1.205e-04 -3.250 -3.638 -4.197 -4.640 -5.248 -5.488 -5.541 -5.573 -5.557 -5.125 -5.555 -5.101 -5.428 -5.479 -5.500 -5.511 -5.558 -5.567 -5.576 -5.590 -5.577 -5.504 -5.529 -5.327
0.00011527 -2.13000 10.07918 0.7990590334 2.4183950424    0.743  3.243  3.6472  0.606    3  0.000  0.531     0.00     0.00 -1 -1.04e-08      0.00 7.542e-01 2.457e-01 2.034e-05 5.719e-06 5.111e-05 -1.000 1.205e-04 -3.339 -3.720 -4.288 -4.736 -5.350 -5.592 -5.645 -5.678 -5.661 -5.225 -5.659 -5.200 -5.531 -5.583 -5.604 -5.613 -5.663 -5.672 -5.681 -5.696 -5.682 -5.606 -5.631 -5.429
0.00011527 -2.13000 10.07918 0.7990609407 2.4183957577    0.741  3.252  3.6467  0.594    3  0.000  0.531     0.00     0.00 -1 -1.08e-08      0.00 7.542e-01 2.457e-01 2.034e-05 5.719e-06 5.111e-05 -1.000 1.205e-04 -3.361 -3.741 -4.310 -4.760 -5.375 -5.619 -5.671 -5.705 -5.688 -5.251 -5.686 -5.225 -5.557 -5.609 -5.630 -5.638 -5.689 -5.698 -5.707 -5.722 -5.708 -5.632 -5.657 -5.455
0.00011527 -2.13000 10.07918 0.7990609407 2.4183957577    0.741  1.662  3.9334  3.331    4  0.000  0.533     0.00     0.00 -1    -1e-30      0.00 7.558e-01 2.441e-01 2.033e-05 5.668e-06 5.092e-05 -1.000 1.204e-04 0.614 0.584 0.529 0.500 0.471 0.453 0.446 0.445 0.440 0.477 0.446 0.477 0.459 0.452 0.453 0.451 0.444 0.446 0.445 0.441 0.439 0.438 0.439 0.466
0.00011527 -2.13000 10.07918 0.7990616560 2.4183959961    0.741  1.670  3.9289  3.305    4  0.000  0.533     0.00     0.00 -1    -1e-30      0.00 7.558e-01 2.441e-01 2.033e-05 5.668e-06 5.092e-05 -1.000 1.204e-04 0.595 0.546 0.487 0.453 0.420 0.400 0.393 0.391 0.386 0.427 0.392 0.427 0.407 0.400 0.400 0.397 0.390 0.392 0.391 0.387 0.385 0.384 0.385 0.414
0.00011527 -2.13000 10.07918 0.7991114855 2.4184134007    0.741  1.689  3.9194  3.249    4  0.000  0.533     0.00     0.00 -1    -1e-30      0.00 7.558e-01 2.441e-01 2.033e-05 5.668e-06 5.092e-05 -1.000 1.205e-04 0.548 0.464 0.394 0.351 0.306 0.283 0.274 0.272 0.266 0.317 0.273 0.315 0.291 0.283 0.282 0.279 0.272 0.273 0.272 0.267 0.266 0.264 0.265 0.300
0.00011527 -2.13000 10.07918 0.7991600037 2.4184303284    0.741  1.689  3.9197  3.250    4  0.000  0.533     0.00     0.00 -1    -1e-30      0.00 7.558e-01 2.441e-01 2.033e-05 5.668e-06 5.092e-05 -1.000 1.205e-04 0.547 0.464 0.395 0.352 0.308 0.285 0.276 0.274 0.268 0.319 0.275 0.317 0.292 0.285 0.284 0.281 0.274 0.275 0.274 0.269 0.268 0.266 0.267 0.302
0.00011527 -2.13000 10.07918 0.7992085814 2.4184474945    0.741  1.689  3.9201  3.251    4  0.000  0.533     0.00     0.00 -1    -1e-30      0.00 7.558e-01 2.441e-01 2.033e-05 5.668e-06 5.092e-05 -1.000 1.204e-04 0.547 0.466 0.397 0.354 0.311 0.288 0.279 0.277 0.271 0.322 0.278 0.320 0.295 0.288 0.287 0.284 0.277 0.278 0.277 0.272 0.271 0.269 0.270 0.304
0.00011527 -2.13000 10.07918 0.7992576957 2.4184646606    0.741  1.689  3.9204  3.252    4  0.000  0.533     0.00     0.00 -1    -1e-30      0.00 7.558e-01 2.441e-01 2.033e-05 5.668e-06 5.092e-05 -1.000 1.205e-04 0.547 0.467 0.398 0.356 0.313 0.290 0.281 0.279 0.273 0.323 0.280 0.321 0.297 0.290 0.289 0.286 0.279 0.280 0.279 0.274 0.273 0.271 0.272 0.306
0.00011527 -2.13000 10.07918 0.7993081212 2.4184823036    0.741  1.689  3.9204  3.252    4  0.000  0.533     0.00     0.00 -1    -1e-30      0.00 7.558e-01 2.441e-01 2.033e-05 5.668e-06 5.092e-05 -1.000 1.204e-04 0.547 0.467 0.398 0.356 0.312 0.290 0.281 0.279 0.273 0.323 0.280 0.321 0.297 0.290 0.289 0.286 0.279 0.280 0.279 0.274 0.273 0.271 0.272 0.306
0.00011527 -2.13000 10.07918 0.7993581891 2.4184999466    0.741  1.689  3.9202  3.251    4  0.000  0.533     0.00     0.00 -1    -1e-30      0.00 7.558e-01 2.441e-01 2.033e-05 5.668e-06 5.092e-05 -1.000 1.204e-04 0.547 0.465 0.396 0.354 0.310 0.288 0.279 0.277 0.271 0.321 0.278 0.319 0.295 0.288 0.287 0.284 0.276 0.278 0.277 0.272 0.271 0.269 0.270 0.304
0.00011527 -2.13000 10.07918 0.7994049788 2.4185163975    0.741  1.690  3.9198  3.249    4  0.000  0.533     0.00     0.00 -1    -1e-30      0.00 7.558e-01 2.441e-01 2.033e-05 5.668e-06 5.092e-05 -1.000 1.205e-04 0.546 0.463 0.393 0.350 0.306 0.283 0.275 0.272 0.267 0.317 0.274 0.315 0.291 0.283 0.283 0.280 0.272 0.273 0.272 0.268 0.266 0.265 0.266 0.300
0.00011527 -2.13000 10.07918 0.7994554639 2.4185340405    0.741  1.690  3.9190  3.246    4  0.000  0.533     0.00     0.00 -1    -1e-30      0.00 7.558e-01 2.441e-01 2.033e-05 5.668e-06 5.092e-05 -1.000 1.204e-04 0.544 0.459 0.388 0.345 0.300 0.276 0.268 0.265 0.260 0.311 0.267 0.309 0.284 0.276 0.276 0.273 0.265 0.266 0.265 0.261 0.259 0.258 0.259 0.293
0.00011527 -2.13000 10.07918 0.7995020747 2.4185502529    0.741  1.691  3.9179  3.241    4  0.000  0.533     0.00     0.00 -1    -1e-30      0.00 7.558e-01 2.441e-01 2.033e-05 5.668e-06 5.092e-05 -1.000 1.205e-04 0.542 0.453 0.381 0.336 0.290 0.266 0.257 0.255 0.249 0.302 0.256 0.299 0.274 0.266 0.265 0.262 0.255 0.256 0.255 0.250 0.249 0.247 0.248 0.283
0.00011527 -2.13000 10.07918 0.7995492220 2.4185667038    0.741  1.692  3.9164  3.234    4  0.000  0.533     0.00     0.00 -1    -1e-30      0.00 7.558e-01 2.441e-01 2.033e-05 5.668e-06 5.092e-05 -1.000 1.204e-04 0.540 0.445 0.372 0.325 0.277 0.252 0.243 0.241 0.235 0.289 0.242 0.286 0.260 0.252 0.252 0.248 0.241 0.242 0.241 0.236 0.235 0.233 0.234 0.270
0.00011527 -2.13000 10.07918 0.7995987535 2.4185841084    0.742  1.694  3.9144  3.224    4  0.000  0.533     0.00     0.00 -1    -1e-30      0.00 7.558e-01 2.441e-01 2.033e-05 5.668e-06 5.092e-05 -1.000 1.204e-04 0.536 0.434 0.359 0.310 0.259 0.234 0.225 0.222 0.216 0.272 0.223 0.269 0.242 0.234 0.233 0.230 0.222 0.223 0.222 0.217 0.216 0.214 0.215 0.252
0.00011527 -2.13000 10.07918 0.7996501923 2.4186022282    0.742  1.695  3.9119  3.212    4  0.000  0.533     0.00     0.00 -1    -1e-30      0.00 7.558e-01 2.441e-01 2.033e-05 5.668e-06 5.092e-05 -1.000 1.204e-04 0.531 0.421 0.342 0.291 0.236 0.210 0.201 0.198 0.192 0.251 0.199 0.247 0.218 0.210 0.209 0.206 0.198 0.199 0.198 0.193 0.191 0.190 0.191 0.229
0.00011527 -2.13000 10.07918 0.7996982336 2.4186189175    0.742  1.697  3.9089  3.198    4  0.000  0.533     0.00     0.00 -1    -1e-30      0.00 7.558e-01 2.441e-01 2.033e-05 5.668e-06 5.092e-05 -1.000 1.204e-04 0.526 0.405 0.324 0.269 0.210 0.183 0.173 0.170 0.164 0.226 0.172 0.222 0.192 0.183 0.182 0.178 0.171 0.172 0.170 0.165 0.164 0.162 0.163 0.203
0.00011527 -2.13000 10.07918 0.7997462153 2.4186358452    0.742  1.700  3.9055  3.182    4  0.000  0.533     0.00     0.00 -1    -1e-30      0.00 7.558e-01 2.441e-01 2.033e-05 5.668e-06 5.092e-05 -1.000 1.204e-04 0.520 0.388 0.302 0.244 0.180 0.151 0.141 0.138 0.132 0.197 0.140 0.192 0.160 0.151 0.150 0.146 0.138 0.139 0.138 0.133 0.132 0.130 0.131 0.172
0.00011527 -2.13000 10.07918 0.7997967005 2.4186534882    0.742  1.703  3.9013  3.162    4  0.000  0.533     0.00     0.00 -1    -1e-30      0.00 7.558e-01 2.441e-01 2.033e-05 5.668e-06 5.092e-05 -1.000 1.205e-04 0.513 0.366 0.276 0.213 0.142 0.112 0.102 0.098 0.092 0.162 0.100 0.156 0.121 0.113 0.111 0.107 0.099 0.100 0.098 0.093 0.092 0.090 0.091 0.134
0.00011527 -2.13000 10.07918 0.7998443246 2.4186701775    0.742  1.706  3.8967  3.141    4  0.000  0.533     0.00     0.00 -1    -1e-30      0.00 7.558e-01 2.441e-01 2.033e-05 5.668e-06 5.092e-05 -1.000 1.204e-04 0.505 0.344 0.249 0.180 0.102 0.071 0.060 0.056 0.050 0.124 0.058 0.117 0.080 0.071 0.070 0.065 0.057 0.058 0.056 0.051 0.050 0.048 0.049 0.093
0.00011527 -2.13000 10.07918 0.7998922467 2.4186868668    0.742  1.709  3.8916  3.117    4  0.000  0.533     0.00     0.00 -1    -1e-30      0.00 7.558e-01 2.441e-01 2.033e-05 5.668e-06 5.092e-05 -1.000 1.204e-04 0.496 0.319 0.218 0.143 0.057 0.023 0.012 0.008 0.002 0.081 0.010 0.073 0.033 0.024 0.022 0.017 0.009 0.010 0.008 0.003 0.002 -0.000 0.001 0.047
0.00011527 -2.13000 10.07918 0.7999415398 2.4187040329    0.742  1.713  3.8858  3.090    4  0.000  0.533     0.00     0.00 -1    -1e-30      0.00 7.558e-01 2.441e-01 2.033e-05 5.668e-06 5.092e-05 -1.000 1.205e-04 0.486 0.292 0.185 0.102 0.005 -0.031 -0.042 -0.046 -0.052 0.033 -0.044 0.023 -0.021 -0.030 -0.032 -0.037 -0.045 -0.044 -0.046 -0.051 -0.052 -0.054 -0.053 -0.006
0.00011527 -2.13000 10.07918 0.7999920249 2.4187216759    0.742  1.718  3.8791  3.059    4  0.000  0.533     0.00     0.00 -1    -1e-30      0.00 7.558e-01 2.441e-01 2.033e-05 5.668e-06 5.092e-05 -1.000 1.204e-04 0.475 0.263 0.147 0.056 -0.053 -0.092 -0.104 -0.107 -0.114 -0.021 -0.106 -0.034 -0.082 -0.092 -0.094 -0.099 -0.106 -0.106 -0.108 -0.113 -0.114 -0.116 -0.115 -0.066
0.00011527 -2.13000 10.07918 0.8000391126 2.4187381268    0.742  1.723  3.8724  3.027    4  0.000  0.533     0.00     0.00 -1    -1e-30      0.00 7.558e-01 2.441e-01 2.033e-05 5.668e-06 5.092e-05 -1.000 1.204e-04 0.463 0.234 0.110 0.010 -0.113 -0.155 -0.167 -0.170 -0.177 -0.076 -0.168 -0.090 -0.144 -0.154 -0.156 -0.162 -0.169 -0.169 -0.170 -0.176 -0.177 -0.179 -0.178 -0.126
0.00011527 -2.13000 10.07918 0.8000435829 2.4187397957    0.742  1.723  3.8717  3.024    4  0.000  0.533     0.00     0.00 -1    -1e-30      0.00 7.558e-01 2.441e-01 2.033e-05 5.668e-06 5.092e-05 -1.000 1.204e-04 0.462 0.232 0.106 0.006 -0.118 -0.161 -0.173 -0.176 -0.183 -0.082 -0.174 -0.096 -0.150 -0.160 -0.162 -0.168 -0.175 -0.175 -0.176 -0.182 -0.183 -0.185 -0.184 -0.132
0.00011527 -2.13000 10.07918 0.8000515699 2.4187426567    0.742  1.724  3.8706  3.019    4  0.000  0.533     0.00     0.00 -1    -1e-30      0.00 7.558e-01 2.441e-01 2.033e-05 5.668e-06 5.092e-05 -1.000 1.204e-04 0.460 0.227 0.100 -0.002 -0.128 -0.171 -0.183 -0.187 -0.193 -0.091 -0.185 -0.105 -0.160 -0.171 -0.173 -0.178 -0.185 -0.185 -0.187 -0.192 -0.193 -0.196 -0.194 -0.142
0.00011527 -2.13000 10.07918 0.8000986576 2.4187591076    0.742  1.729  3.8639  2.987    4  0.000  0.533     0.00     0.00 -1    -1e-30      0.00 7.558e-01 2.441e-01 2.033e-05 5.668e-06 5.092e-05 -1.000 1.204e-04 0.449 0.200 0.064 -0.047 -0.187 -0.233 -0.245 -0.249 -0.256 -0.145 -0.247 -0.162 -0.222 -0.233 -0.235 -0.240 -0.247 -0.247 -0.249 -0.255 -0.255 -0.258 -0.257 -0.202
0.00011527 -2.13000 10.07918 0.8001445532 2.4187750816    0.742  1.733  3.8568  2.954    4  0.000  0.533     0.00     0.00 -1    -1e-30      0.00 7.558e-01 2.441e-01 2.033e-05 5.668e-06 5.092e-05 -1.000 1.204e-04 0.437 0.174 0.028 -0.092 -0.248 -0.298 -0.310 -0.314 -0.321 -0.202 -0.312 -0.219 -0.286 -0.297 -0.299 -0.305 -0.312 -0.312 -0.314 -0.320 -0.320 -0.324 -0.322 -0.265
0.00011527 -2.13000 10.07918 0.8001936078 2.4187922478    0.742  1.739  3.8488  2.917    4  0.000  0.533     0.00     0.00 -1    -1e-30      0.00 7.558e-01 2.441e-01 2.033e-05 5.668e-06 5.092e-05 -1.000 1.204e-04 0.423 0.145 -0.012 -0.143 -0.317 -0.371 -0.385 -0.388 -0.395 -0.265 -0.386 -0.285 -0.360 -0.371 -0.373 -0.380 -0.386 -0.386 -0.389 -0.394 -0.395 -0.399 -0.396 -0.335
0.00011527 -2.13000 10.07918 0.8002403378 2.4188084602    0.742  1.745  3.8406  2.878    4  0.000  0.533     0.00     0.00 -1    -1e-30      0.00 7.558e-01 2.441e-01 2.033e-05 5.668e-06 5.092e-05 -1.000 1.205e-04 0.408 0.116 -0.053 -0.196 -0.387 -0.447 -0.461 -0.464 -0.471 -0.331 -0.462 -0.351 -0.435 -0.446 -0.448 -0.456 -0.462 -0.463 -0.465 -0.470 -0.471 -0.475 -0.473 -0.408
0.00011527 -2.13000 10.07918 0.8002851009 2.4188241959    0.742  1.750  3.8326  2.840    4  0.000  0.533     0.00     0.00 -1    -1e-30      0.00 7.558e-01 2.441e-01 2.033e-05 5.668e-06 5.092e-05 -1.000 1.204e-04 0.394 0.088 -0.093 -0.246 -0.456 -0.520 -0.535 -0.539 -0.546 -0.394 -0.537 -0.416 -0.508 -0.519 -0.522 -0.530 -0.536 -0.537 -0.539 -0.544 -0.545 -0.550 -0.547 -0.478
0.00011527 -2.13000 10.07918 0.8003312945 2.4188404083    0.742  1.757  3.8244  2.801    4  0.000  0.533     0.00     0.00 -1    -1e-30      0.00 7.558e-01 2.441e-01 2.033e-05 5.668e-06 5.092e-05 -1.000 1.204e-04 0.378 0.061 -0.133 -0.298 -0.526 -0.596 -0.612 -0.616 -0.623 -0.460 -0.614 -0.483 -0.583 -0.596 -0.598 -0.607 -0.613 -0.614 -0.616 -0.622 -0.622 -0.627 -0.624 -0.551
0.00011527 -2.13000 10.07918 0.8003766537 2.4188561440    0.742  1.763  3.8164  2.763    4  0.000  0.533     0.00     0.00 -1    -1e-30      0.00 7.558e-01 2.441e-01 2.033e-05 5.668e-06 5.092e-05 -1.000 1.204e-04 0.363 0.034 -0.173 -0.348 -0.595 -0.671 -0.687 -0.691 -0.698 -0.524 -0.689 -0.547 -0.657 -0.670 -0.673 -0.682 -0.688 -0.689 -0.692 -0.697 -0.697 -0.702 -0.699 -0.622
0.00011527 -2.13000 10.07918 0.8004224896 2.4188721180    0.742  1.769  3.8088  2.726    4  0.000  0.533     0.00     0.00 -1    -1e-30      0.00 7.558e-01 2.441e-01 2.033e-05 5.668e-06 5.092e-05 -1.000 1.204e-04 0.347 0.008 -0.211 -0.397 -0.661 -0.743 -0.760 -0.764 -0.771 -0.586 -0.762 -0.609 -0.728 -0.742 -0.745 -0.755 -0.761 -0.762 -0.765 -0.770 -0.771 -0.776 -0.772 -0.690
0.00011527 -2.13000 10.07918 0.8004683256 2.4188883305    0.742  1.776  3.8017  2.692    4  0.000  0.533     0.00     0.00 -1    -1e-30      0.00 7.558e-01 2.441e-01 2.033e-05 5.668e-06 5.092e-05 -1.000 1.204e-04 0.330 -0.017 -0.247 -0.444 -0.723 -0.811 -0.829 -0.834 -0.841 -0.645 -0.831 -0.668 -0.795 -0.810 -0.814 -0.823 -0.830 -0.832 -0.835 -0.840 -0.840 -0.845 -0.842 -0.754
0.00011527 -2.13000 10.07918 0.8005145192 2.4189043045    0.743  1.784  3.7939  2.652    4  0.000  0.533     0.00     0.00 -1    -1e-30      0.00 7.558e-01 2.441e-01 2.033e-05 5.668e-06 5.092e-05 -1.000 1.205e-04 0.309 -0.047 -0.290 -0.498 -0.794 -0.890 -0.909 -0.914 -0.921 -0.713 -0.911 -0.735 -0.872 -0.888 -0.893 -0.903 -0.910 -0.912 -0.915 -0.920 -0.921 -0.926 -0.922 -0.828
0.00011527 -2.13000 10.07918 0.8005236983 2.4189076424    0.743  1.784  3.7931  2.649    4  0.000  0.533     0.00     0.00 -1    -1e-30      0.00 7.558e-01 2.441e-01 2.033e-05 5.668e-06 5.092e-05 -1.000 1.205e-04 0.309 -0.048 -0.292 -0.501 -0.799 -0.895 -0.914 -0.920 -0.927 -0.717 -0.917 -0.739 -0.877 -0.894 -0.898 -0.909 -0.916 -0.918 -0.920 -0.926 -0.926 -0.931 -0.928 -0.833
0.00011527 -2.13000 10.07918 0.8005711436 2.4189240932    0.743  1.795  3.7851  2.606    4  0.000  0.533     0.00     0.00 -1    -1e-30      0.00 7.558e-01 2.441e-01 2.033e-05 5.668e-06 5.092e-05 -1.000 1.204e-04 0.282 -0.083 -0.340 -0.561 -0.876 -0.980 -1.001 -1.007 -1.014 -0.791 -1.003 -0.812 -0.960 -0.978 -0.983 -0.995 -1.002 -1.005 -1.007 -1.013 -1.014 -1.019 -1.015 -0.913
0.00011527 -2.13000 10.07918 0.8006178141 2.4189405441    0.743  1.811  3.7758  2.553    4  0.000  0.533     0.00     0.00 -1    -1e-30      0.00 7.558e-01 2.441e-01 2.033e-05 5.668e-06 5.092e-05 -1.000 1.205e-04 0.243 -0.130 -0.404 -0.638 -0.974 -1.087 -1.109 -1.115 -1.123 -0.885 -1.112 -0.905 -1.065 -1.085 -1.091 -1.103 -1.111 -1.113 -1.116 -1.122 -1.123 -1.128 -1.124 -1.013
0.00011527 -2.13000 10.07918 0.8006570339 2.4189541340    0.743  1.837  3.7639  2.479    4  0.000  0.533     0.00     0.00 -1    -1e-30      0.00 7.558e-01 2.441e-01 2.033e-05 5.668e-06 5.092e-05 -1.000 1.205e-04 0.177 -0.205 -0.500 -0.751 -1.114 -1.239 -1.265 -1.271 -1.279 -1.020 -1.267 -1.037 -1.214 -1.236 -1.243 -1.258 -1.266 -1.269 -1.272 -1.278 -1.279 -1.284 -1.280 -1.157
0.00011527 -2.13000 10.07918 0.8006783724 2.4189615250    0.743  1.869  3.7532  2.405    4  0.000  0.533     0.00     0.00 -1    -1e-30      0.00 7.558e-01 2.441e-01 2.033e-05 5.668e-06 5.092e-05 -1.000 1.205e-04 0.098 -0.292 -0.606 -0.872 -1.257 -1.393 -1.423 -1.430 -1.439 -1.160 -1.426 -1.174 -1.364 -1.390 -1.399 -1.416 -1.425 -1.428 -1.432 -1.438 -1.439 -1.444 -1.440 -1.303
0.00011527 -2.13000 10.07918 0.8006879687 2.4189648628    0.743  1.901  3.7445  2.338    4  0.000  0.533     0.00     0.00 -1    -1e-30      0.00 7.558e-01 2.441e-01 2.033e-05 5.668e-06 5.092e-05 -1.000 1.204e-04 0.017 -0.377 -0.707 -0.986 -1.388 -1.534 -1.567 -1.576 -1.584 -1.289 -1.571 -1.300 -1.501 -1.529 -1.540 -1.559 -1.569 -1.573 -1.577 -1.583 -1.584 -1.590 -1.586 -1.437
0.00011527 -2.13000 10.07918 0.8006922603 2.4189662933    0.743  1.935  3.7370  2.274    4  0.000  0.533     0.00     0.00 -1    -1e-30      0.00 7.558e-01 2.441e-01 2.033e-05 5.668e-06 5.092e-05 -1.000 1.204e-04 -0.067 -0.466 -0.810 -1.099 -1.515 -1.670 -1.706 -1.716 -1.725 -1.415 -1.711 -1.423 -1.634 -1.664 -1.677 -1.697 -1.709 -1.713 -1.717 -1.724 -1.725 -1.730 -1.726 -1.567
0.00011527 -2.13000 10.07918 0.8006942868 2.4189670086    0.743  1.968  3.7313  2.218    4  0.000  0.533     0.00     0.00 -1    -1e-30      0.00 7.558e-01 2.441e-01 2.033e-05 5.668e-06 5.092e-05 -1.000 1.204e-04 -0.149 -0.552 -0.906 -1.204 -1.631 -1.792 -1.831 -1.842 -1.851 -1.530 -1.836 -1.536 -1.754 -1.786 -1.799 -1.821 -1.834 -1.839 -1.843 -1.850 -1.851 -1.856 -1.853 -1.684
0.00011527 -2.13000 10.07918 0.8006951213 2.4189674854    0.743  1.989  3.7283  2.185    7  0.000  0.533     0.00     0.00 -1    -1e-30      0.00 7.558e-01 2.441e-01 2.033e-05 5.668e-06 5.092e-05 -1.000 1.204e-04 -0.202 -0.606 -0.966 -1.268 -1.701 -1.865 -1.905 -1.917 -1.926 -1.599 -1.910 -1.604 -1.826 -1.859 -1.873 -1.895 -1.909 -1.914 -1.918 -1.926 -1.927 -1.931 -1.928 -1.755
0.00011527 -2.13000 10.07918 0.8006953597 2.4189674854    0.743  1.998  3.7272  2.172    7  0.000  0.533     0.00     0.00 -1    -1e-30      0.00 7.558e-01 2.441e-01 2.033e-05 5.668e-06 5.092e-05 -1.000 1.204e-04 -0.225 -0.629 -0.991 -1.295 -1.730 -1.895 -1.936 -1.948 -1.957 -1.628 -1.941 -1.632 -1.855 -1.889 -1.903 -1.926 -1.939 -1.945 -1.949 -1.957 -1.957 -1.962 -1.958 -1.784
0.00011527 -2.13000 10.07918 0.8006963134 2.4189677238    0.743  2.038  3.7231  2.115    7  0.000  0.533     0.00     0.00 -1    -1e-30      0.00 7.558e-01 2.441e-01 2.033e-05 5.668e-06 5.092e-05 -1.000 1.204e-04 -0.326 -0.733 -1.102 -1.412 -1.856 -2.025 -2.068 -2.080 -2.090 -1.753 -2.073 -1.755 -1.984 -2.019 -2.033 -2.057 -2.072 -2.077 -2.082 -2.089 -2.090 -2.094 -2.091 -1.911
0.00011527 -2.13000 10.07918 0.8006971478 2.4189682007    0.743  2.078  3.7196  2.061    7  0.000  0.533     0.00     0.00 -1    -1e-30      0.00 7.558e-01 2.441e-01 2.033e-05 5.668e-06 5.092e-05 -1.000 1.204e-04 -0.424 -0.832 -1.208 -1.524 -1.974 -2.148 -2.191 -2.204 -2.214 -1.871 -2.197 -1.872 -2.105 -2.141 -2.156 -2.181 -2.196 -2.201 -2.206 -2.214 -2.214 -2.217 -2.215 -2.031
0.00011527 -2.13000 10.07918 0.8006979823 2.4189684391    0.743  2.115  3.7166  2.012    7  0.000  0.533     0.00     0.00 -1    -1e-30      0.00 7.558e-01 2.441e-01 2.033e-05 5.668e-06 5.092e-05 -1.000 1.204e-04 -0.519 -0.927 -1.309 -1.630 -2.086 -2.263 -2.308 -2.322 -2.330 -1.982 -2.314 -1.982 -2.219 -2.256 -2.272 -2.297 -2.312 -2.318 -2.323 -2.331 -2.332 -2.333 -2.331 -2.144
0.00011527 -2.13000 10.07918 0.8006988168 2.4189686775    0.743  2.150  3.7140  1.967    7  0.000  0.533     0.00     0.00 -1    -1e-30      0.00 7.558e-01 2.441e-01 2.033e-05 5.668e-06 5.092e-05 -1.000 1.204e-04 -0.605 -1.014 -1.401 -1.725 -2.187 -2.366 -2.412 -2.427 -2.435 -2.082 -2.419 -2.081 -2.322 -2.359 -2.375 -2.401 -2.417 -2.423 -2.428 -2.437 -2.437 -2.438 -2.436 -2.245
0.00011527 -2.13000 10.07918 0.8007002473 2.4189691544    0.743  2.172  3.7127  1.939    7  0.000  0.533     0.00     0.00 -1    -1e-30      0.00 7.558e-01 2.441e-01 2.033e-05 5.668e-06 5.092e-05 -1.000 1.204e-04 -0.660 -1.071 -1.460 -1.787 -2.251 -2.432 -2.478 -2.493 -2.502 -2.146 -2.485 -2.144 -2.386 -2.424 -2.441 -2.467 -2.483 -2.489 -2.495 -2.503 -2.503 -2.504 -2.502 -2.309
0.00011527 -2.13000 10.07918 0.8007027507 2.4189701080    0.743  2.152  3.7142  1.965    7  0.000  0.533     0.00     0.00 -1    -1e-30      0.00 7.558e-01 2.441e-01 2.033e-05 5.668e-06 5.092e-05 -1.000 1.205e-04 -0.611 -1.021 -1.407 -1.731 -2.192 -2.372 -2.418 -2.432 -2.441 -2.088 -2.424 -2.086 -2.327 -2.364 -2.381 -2.407 -2.422 -2.429 -2.434 -2.442 -2.442 -2.443 -2.441 -2.250
0.00011527 -2.13000 10.07918 0.8007189631 2.4189758301    0.743  2.142  3.7145  1.977    7  0.000  0.533     0.00     0.00 -1    -1e-30      0.00 7.558e-01 2.441e-01 2.033e-05 5.668e-06 5.092e-05 -1.000 1.204e-04 -0.585 -0.994 -1.380 -1.704 -2.164 -2.343 -2.389 -2.403 -2.412 -2.059 -2.395 -2.058 -2.299 -2.336 -2.352 -2.378 -2.394 -2.400 -2.405 -2.413 -2.413 -2.414 -2.412 -2.222
0.00011527 -2.13000 10.07918 0.8007342219 2.4189810753    0.743  2.171  3.7122  1.938    7  0.000  0.533     0.00     0.00 -1    -1e-30      0.00 7.558e-01 2.441e-01 2.033e-05 5.668e-06 5.092e-05 -1.000 1.204e-04 -0.659 -1.069 -1.460 -1.787 -2.252 -2.433 -2.480 -2.495 -2.504 -2.147 -2.487 -2.144 -2.388 -2.426 -2.443 -2.469 -2.485 -2.492 -2.497 -2.505 -2.505 -2.506 -2.504 -2.310
0.00011527 -2.13000 10.07918 0.8007527590 2.4189875126    0.743  2.218  3.7089  1.878    7  0.000  0.533     0.00     0.00 -1    -1e-30      0.00 7.558e-01 2.441e-01 2.033e-05 5.668e-06 5.092e-05 -1.000 1.205e-04 -0.775 -1.187 -1.584 -1.916 -2.388 -2.573 -2.621 -2.637 -2.645 -2.282 -2.628 -2.278 -2.526 -2.565 -2.582 -2.610 -2.626 -2.633 -2.639 -2.647 -2.647 -2.646 -2.645 -2.447
0.00011527 -2.13000 10.07918 0.8007704020 2.4189937115    0.743  2.261  3.7061  1.824    7  0.000  0.533     0.00     0.00 -1    -1e-30      0.00 7.558e-01 2.441e-01 2.033e-05 5.668e-06 5.092e-05 -1.000 1.204e-04 -0.884 -1.296 -1.699 -2.035 -2.512 -2.701 -2.750 -2.766 -2.774 -2.406 -2.757 -2.401 -2.653 -2.693 -2.710 -2.738 -2.755 -2.763 -2.768 -2.777 -2.776 -2.775 -2.774 -2.573
0.00011527 -2.13000 10.07918 0.8007866740 2.4189994335    0.743  2.304  3.7035  1.771    7  0.000  0.533     0.00     0.00 -1    -1e-30      0.00 7.558e-01 2.441e-01 2.033e-05 5.668e-06 5.092e-05 -1.000 1.204e-04 -0.990 -1.403 -1.811 -2.152 -2.634 -2.826 -2.876 -2.893 -2.901 -2.528 -2.883 -2.522 -2.777 -2.817 -2.836 -2.864 -2.882 -2.889 -2.895 -2.904 -2.903 -2.900 -2.900 -2.695
0.00011527 -2.13000 10.07918 0.8008013368 2.4190044403    0.743  2.346  3.7010  1.719    7  0.000  0.533     0.00     0.00 -1    -1e-30      0.00 7.558e-01 2.441e-01 2.033e-05 5.669e-06 5.092e-05 -1.000 1.200e-04 -1.095 -1.508 -1.921 -2.266 -2.753 -2.948 -2.999 -3.016 -3.024 -2.646 -3.006 -2.639 -2.898 -2.939 -2.958 -2.986 -3.005 -3.012 -3.018 -3.027 -3.026 -3.022 -3.023 -2.815
0.00011527 -2.13000 10.07918 0.8008143306 2.4190089703    0.743  2.388  3.6986  1.668    7  0.000  0.532     0.00     0.00 -1    -1e-30      0.00 7.558e-01 2.441e-01 2.032e-05 5.671e-06 5.092e-05 -1.000 1.134e-04 -1.199 -1.612 -2.030 -2.379 -2.871 -3.069 -3.121 -3.139 -3.145 -2.764 -3.129 -2.756 -3.018 -3.060 -3.079 -3.108 -3.127 -3.135 -3.141 -3.150 -3.148 -3.143 -3.144 -2.934
0.00011527 -2.13000 10.07918 0.8008257151 2.4190130234    0.743  2.429  3.6962  1.617    7  0.000  0.531     0.00     0.00 -1    -1e-30      0.00 7.558e-01 2.441e-01 2.026e-05 5.693e-06 5.092e-05 -1.000 1.141e-04 -1.302 -1.715 -2.138 -2.491 -2.988 -3.188 -3.241 -3.259 -3.265 -2.880 -3.249 -2.871 -3.136 -3.179 -3.199 -3.228 -3.247 -3.255 -3.261 -3.270 -3.268 -3.262 -3.263 -3.052
0.00011527 -2.13000 10.07918 0.8008357882 2.4190165997    0.743  2.470  3.6940  1.567    7  0.000  0.525     0.00     0.00 -1    -1e-30      0.00 7.557e-01 2.442e-01 2.005e-05 5.839e-06 5.092e-05 -1.000 1.080e-04 -1.404 -1.817 -2.245 -2.601 -3.103 -3.306 -3.359 -3.378 -3.384 -2.995 -3.368 -2.985 -3.254 -3.297 -3.317 -3.346 -3.366 -3.374 -3.380 -3.390 -3.387 -3.379 -3.381 -3.168
0.00011527 -2.13000 10.07918 0.8008449674 2.4190196991    0.743  2.511  3.6917  1.517    7  0.000  0.512     0.00     0.00 -1    -1e-30      0.00 7.556e-01 2.442e-01 1.958e-05 6.323e-06 5.093e-05 -1.000 1.182e-04 -1.507 -1.919 -2.351 -2.712 -3.219 -3.425 -3.478 -3.498 -3.503 -3.111 -3.487 -3.099 -3.371 -3.415 -3.435 -3.465 -3.485 -3.493 -3.500 -3.509 -3.507 -3.497 -3.499 -3.284
0.00011527 -2.13000 10.07918 0.8008531928 2.4190225601    0.743  2.551  3.6894  1.467    7  0.000  0.495     0.00     0.00 -1    -1e-30      0.00 7.555e-01 2.444e-01 1.898e-05 7.038e-06 5.094e-05 -1.000 1.205e-04 -1.608 -2.020 -2.457 -2.821 -3.334 -3.542 -3.596 -3.616 -3.620 -3.225 -3.605 -3.212 -3.487 -3.532 -3.553 -3.582 -3.603 -3.612 -3.618 -3.628 -3.625 -3.614 -3.617 -3.400
0.00011527 -2.13000 10.07918 0.8008608818 2.4190251827    0.743  2.592  3.6872  1.418    7  0.000  0.480     0.00     0.00 -1    -1e-30      0.00 7.554e-01 2.445e-01 1.840e-05 7.749e-06 5.095e-05 -1.000 1.206e-04 -1.709 -2.120 -2.563 -2.931 -3.448 -3.659 -3.714 -3.734 -3.738 -3.339 -3.723 -3.324 -3.603 -3.649 -3.670 -3.700 -3.721 -3.730 -3.737 -3.747 -3.743 -3.731 -3.734 -3.514
0.00011527 -2.13000 10.07918 0.8008679748 2.4190278053    0.743  2.632  3.6849  1.368    7  0.000  0.466     0.00     0.00 -1    -1e-30      0.00 7.551e-01 2.447e-01 1.789e-05 8.381e-06 5.096e-05 -1.000 1.162e-04 -1.811 -2.222 -2.669 -3.041 -3.563 -3.776 -3.832 -3.853 -3.857 -3.453 -3.841 -3.438 -3.720 -3.767 -3.788 -3.818 -3.840 -3.849 -3.855 -3.866 -3.862 -3.848 -3.852 -3.631
0.00011527 -2.13000 10.07918 0.8008746505 2.4190299511    0.743  2.672  3.6827  1.319    7  0.000  0.455     0.00     0.00 -1    -1e-30      0.00 7.549e-01 2.450e-01 1.746e-05 8.917e-06 5.097e-05 -1.000 1.138e-04 -1.911 -2.324 -2.776 -3.152 -3.679 -3.893 -3.949 -3.971 -3.974 -3.568 -3.959 -3.553 -3.838 -3.884 -3.905 -3.935 -3.957 -3.966 -3.973 -3.983 -3.979 -3.964 -3.969 -3.747
0.00011527 -2.13000 10.07918 0.8008810878 2.4190323353    0.743  2.713  3.6805  1.270    7  0.000  0.445     0.00     0.00 -1    -1e-30      0.00 7.547e-01 2.452e-01 1.707e-05 9.389e-06 5.097e-05 -1.000 1.205e-04 -2.013 -2.427 -2.884 -3.264 -3.796 -4.012 -4.068 -4.089 -4.092 -3.684 -4.077 -3.669 -3.956 -4.002 -4.023 -4.053 -4.076 -4.085 -4.092 -4.102 -4.098 -4.081 -4.087 -3.865
0.00011527 -2.13000 10.07918 0.8008872271 2.4190344810    0.743  2.753  3.6782  1.221    7  0.000  0.436     0.00     0.00 -1    -1e-30      0.00 7.545e-01 2.454e-01 1.675e-05 9.795e-06 5.097e-05 -1.000 1.206e-04 -2.113 -2.528 -2.991 -3.375 -3.912 -4.129 -4.185 -4.207 -4.209 -3.800 -4.195 -3.783 -4.074 -4.120 -4.140 -4.170 -4.193 -4.202 -4.210 -4.220 -4.215 -4.196 -4.202 -3.982
0.00011527 -2.13000 10.07918 0.8008930087 2.4190363884    0.743  2.794  3.6759  1.170    7  0.000  0.429     0.00     0.00 -1    -1e-30      0.00 7.542e-01 2.457e-01 1.645e-05 1.016e-05 5.094e-05 -1.000 1.205e-04 -2.215 -2.631 -3.100 -3.488 -4.031 -4.249 -4.305 -4.327 -4.328 -3.917 -4.315 -3.900 -4.193 -4.239 -4.260 -4.289 -4.313 -4.322 -4.329 -4.341 -4.335 -4.312 -4.320 -4.101
0.00011527 -2.13000 10.07918 0.8008980751 2.4190382957    0.743  2.836  3.6736  1.120    7  0.000  0.422     0.00     0.00 -1    -1e-30      0.00 7.539e-01 2.459e-01 1.620e-05 1.047e-05 5.089e-05 -1.000 1.205e-04 -2.319 -2.735 -3.211 -3.602 -4.151 -4.370 -4.426 -4.449 -4.449 -4.036 -4.436 -4.019 -4.315 -4.361 -4.381 -4.411 -4.435 -4.444 -4.451 -4.463 -4.457 -4.430 -4.439 -4.222
0.00011527 -2.13000 10.07918 0.8009023666 2.4190397263    0.743  2.877  3.6712  1.069    7  0.000  0.418     0.00     0.00 -1    -1e-30      0.00 7.537e-01 2.462e-01 1.599e-05 1.076e-05 5.081e-05 -1.000 1.204e-04 -2.422 -2.839 -3.321 -3.717 -4.271 -4.491 -4.547 -4.570 -4.568 -4.155 -4.557 -4.138 -4.436 -4.482 -4.502 -4.531 -4.556 -4.565 -4.573 -4.584 -4.577 -4.546 -4.557 -4.342
0.00011527 -2.13000 10.07918 0.8009060025 2.4190409184    0.743  2.918  3.6688  1.018    7  0.000  0.414     0.00     0.00 -1    -1e-30      0.00 7.534e-01 2.464e-01 1.581e-05 1.103e-05 5.070e-05 -1.000 1.176e-04 -2.524 -2.941 -3.430 -3.830 -4.391 -4.612 -4.668 -4.691 -4.688 -4.273 -4.678 -4.256 -4.557 -4.603 -4.623 -4.651 -4.677 -4.686 -4.694 -4.706 -4.698 -4.663 -4.675 -4.463
0.00011527 -2.13000 10.07918 0.8009092808 2.4190421104    0.743  2.957  3.6664  0.969    7  0.000  0.411     0.00     0.00 -1    -1e-30      0.00 7.532e-01 2.467e-01 1.565e-05 1.130e-05 5.055e-05 -1.000 1.057e-04 -2.624 -3.040 -3.537 -3.941 -4.507 -4.730 -4.786 -4.809 -4.805 -4.389 -4.796 -4.371 -4.675 -4.721 -4.741 -4.768 -4.795 -4.804 -4.812 -4.824 -4.816 -4.776 -4.790 -4.580
0.00011527 -2.13000 10.07918 0.8009126186 2.4190433025    0.743  2.999  3.6639  0.918    7  0.000  0.409     0.00     0.00 -1    -1e-30      0.00 7.530e-01 2.469e-01 1.553e-05 1.156e-05 5.040e-05 -1.000 1.205e-04 -2.726 -3.142 -3.647 -4.057 -4.628 -4.852 -4.908 -4.932 -4.926 -4.509 -4.918 -4.491 -4.797 -4.844 -4.863 -4.889 -4.918 -4.927 -4.935 -4.948 -4.938 -4.893 -4.909 -4.702
0.00011527 -2.13000 10.07918 0.8009157181 2.4190444946    0.743  3.043  3.6612  0.863    7  0.000  0.408     0.00     0.00 -1    -1e-30      0.00 7.527e-01 2.472e-01 1.543e-05 1.182e-05 5.023e-05 -1.000 1.205e-04 -2.838 -3.252 -3.767 -4.183 -4.760 -4.986 -5.041 -5.066 -5.058 -4.639 -5.052 -4.621 -4.931 -4.977 -4.997 -5.020 -5.051 -5.060 -5.068 -5.082 -5.072 -5.021 -5.039 -4.835
0.00011527 -2.13000 10.07918 0.8009170890 2.4190449715    0.743  3.065  3.6599  0.835    7  0.000  0.407     0.00     0.00 -1    -1e-30      0.00 7.525e-01 2.474e-01 1.535e-05 1.204e-05 5.007e-05 -1.000 1.205e-04 -2.893 -3.306 -3.826 -4.245 -4.826 -5.052 -5.106 -5.132 -5.123 -4.704 -5.118 -4.686 -4.997 -5.043 -5.063 -5.085 -5.117 -5.126 -5.135 -5.148 -5.138 -5.084 -5.103 -4.900
0.00011527 -2.13000 10.07918 0.8009175658 2.4190449715    0.743  3.049  3.6609  0.855    7  0.000  0.407     0.00     0.00 -1    -1e-30      0.00 7.524e-01 2.475e-01 1.532e-05 1.215e-05 4.999e-05 -1.000 1.205e-04 -2.853 -3.267 -3.783 -4.199 -4.778 -5.003 -5.058 -5.084 -5.075 -4.657 -5.069 -4.638 -4.948 -4.995 -5.014 -5.038 -5.069 -5.078 -5.086 -5.099 -5.089 -5.038 -5.056 -4.852
0.00011527 -2.13000 10.07918 0.8009176254 2.4190449715    0.743  3.047  3.6610  0.857    7  0.000  0.407     0.00     0.00 -1    -1e-30      0.00 7.524e-01 2.475e-01 1.532e-05 1.215e-05 4.999e-05 -1.000 1.205e-04 -2.848 -3.262 -3.778 -4.194 -4.773 -4.998 -5.053 -5.079 -5.070 -4.652 -5.064 -4.634 -4.943 -4.990 -5.009 -5.033 -5.064 -5.073 -5.081 -5.094 -5.084 -5.033 -5.051 -4.847
0.00011527 -2.13000 10.07918 0.8009176850 2.4190449715    0.743  3.048  3.6609  0.856    7  0.000  0.407     0.00     0.00 -1    -1e-30      0.00 7.524e-01 2.475e-01 1.532e-05 1.216e-05 4.998e-05 -1.000 1.205e-04 -2.851 -3.265 -3.781 -4.197 -4.776 -5.001 -5.056 -5.082 -5.073 -4.655 -5.067 -4.636 -4.946 -4.993 -5.012 -5.036 -5.067 -5.076 -5.084 -5.097 -5.087 -5.036 -5.054 -4.850
0.00011527 -2.13000 10.07918 0.8009178042 2.4190452099    0.743  3.062  3.6601  0.839    7  0.000  0.407     0.00     0.00 -1    -1e-30      0.00 7.524e-01 2.475e-01 1.531e-05 1.217e-05 4.998e-05 -1.000 1.204e-04 -2.886 -3.299 -3.819 -4.237 -4.817 -5.043 -5.098 -5.124 -5.114 -4.696 -5.109 -4.677 -4.988 -5.035 -5.054 -5.077 -5.109 -5.118 -5.126 -5.140 -5.129 -5.076 -5.095 -4.892
0.00011527 -2.13000 10.07918 0.8009179235 2.4190452099    0.743  3.073  3.6594  0.826    7  0.000  0.407     0.00     0.00 -1    -1e-30      0.00 7.524e-01 2.475e-01 1.531e-05 1.217e-05 4.998e-05 -1.000 1.205e-04 -2.912 -3.325 -3.847 -4.266 -4.849 -5.075 -5.129 -5.155 -5.146 -4.727 -5.141 -4.708 -5.020 -5.066 -5.086 -5.108 -5.141 -5.149 -5.158 -5.172 -5.161 -5.106 -5.126 -4.924
0.00011527 -2.13000 10.07918 0.8009180427 2.4190452099    0.743  3.093  3.6581  0.801    7  0.000  0.407     0.00     0.00 -1    -1e-30      0.00 7.524e-01 2.475e-01 1.531e-05 1.219e-05 4.996e-05 -1.000 1.205e-04 -2.962 -3.373 -3.901 -4.323 -4.909 -5.136 -5.190 -5.216 -5.206 -4.786 -5.201 -4.768 -5.081 -5.127 -5.147 -5.167 -5.201 -5.210 -5.219 -5.233 -5.222 -5.164 -5.185 -4.984
0.00011527 -2.13000 10.07918 0.8009182811 2.4190452099    0.743  3.127  3.6560  0.758    7  0.000  0.406     0.00     0.00 -1    -1e-30      0.00 7.521e-01 2.478e-01 1.521e-05 1.252e-05 4.972e-05 -1.000 1.205e-04 -3.047 -3.453 -3.988 -4.415 -5.006 -5.236 -5.289 -5.318 -5.306 -4.883 -5.302 -4.863 -5.180 -5.227 -5.247 -5.265 -5.303 -5.311 -5.320 -5.334 -5.323 -5.261 -5.283 -5.082
0.00011527 -2.13000 10.07918 0.8009186387 2.4190454483    0.743  3.178  3.6526  0.693    7  0.000  0.406     0.00     0.00 -1    -1e-30      0.00 7.517e-01 2.482e-01 1.508e-05 1.297e-05 4.939e-05 -1.000 1.205e-04 -3.175 -3.573 -4.120 -4.556 -5.155 -5.390 -5.443 -5.473 -5.459 -5.032 -5.456 -5.010 -5.332 -5.381 -5.401 -5.416 -5.458 -5.467 -5.476 -5.490 -5.478 -5.411 -5.434 -5.232
0.00011527 -2.13000 10.07918 0.8009191751 2.4190456867    0.743  3.230  3.6491  0.628    7  0.549  0.405     0.00     0.00 -1    -1e-30      0.00 7.512e-01 2.486e-01 1.494e-05 1.350e-05 4.899e-05 -1.000 1.205e-04 -3.304 -3.692 -4.253 -4.696 -5.305 -5.544 -5.597 -5.629 -5.614 -5.181 -5.611 -5.157 -5.484 -5.535 -5.556 -5.567 -5.614 -5.623 -5.632 -5.647 -5.633 -5.560 -5.585 -5.383
0.00011527 -2.13000 10.07918 0.8009194732 2.4190456867    0.743  3.414  3.6091  0.283    8  0.549  0.390    92.82    44.32  1  -1.3e-06      0.00 7.290e-01 2.706e-01 6.375e-05 5.931e-05 2.177e-04 -1.000 3.690e-04 -3.766 -3.955 -4.676 -5.234 -5.971 -6.286 -6.327 -6.388 -6.357 -5.845 -6.354 -5.784 -6.196 -6.272 -6.303 -6.263 -6.369 -6.380 -6.391 -6.411 -6.390 -6.266 -6.297 -6.069
0.00011527 -2.13000 10.07918 0.8009195328 2.4190456867    0.743  3.290  3.6165  0.437    8  0.549  0.390    66.58    33.25  1 -7.35e-07      0.00 7.290e-01 2.706e-01 6.375e-05 5.931e-05 2.177e-04 -1.000 3.690e-04 -3.454 -3.694 -4.372 -4.905 -5.619 -5.920 -5.963 -6.017 -5.987 -5.493 -5.987 -5.439 -5.836 -5.907 -5.935 -5.905 -6.000 -6.009 -6.020 -6.038 -6.018 -5.901 -5.932 -5.714
0.00011527 -2.13000 10.07918 0.8009195924 2.4190456867    0.742  3.145  3.6297  0.634    8  0.549  0.390    43.51    23.01  1 -3.72e-07      0.00 7.290e-01 2.706e-01 6.375e-05 5.931e-05 2.177e-04 -1.000 3.690e-04 -3.092 -3.404 -4.024 -4.517 -5.188 -5.464 -5.511 -5.555 -5.530 -5.062 -5.530 -5.021 -5.390 -5.452 -5.477 -5.464 -5.539 -5.548 -5.558 -5.574 -5.556 -5.457 -5.485 -5.276
0.00011527 -2.13000 10.07918 0.8009197116 2.4190456867    0.741  2.926  3.6496  0.933    8  0.549  0.390    22.87    13.18  1 -1.28e-07      0.00 7.290e-01 2.706e-01 6.375e-05 5.931e-05 2.177e-04 -1.000 3.690e-04 -2.544 -2.930 -3.476 -3.917 -4.530 -4.773 -4.824 -4.855 -4.839 -4.406 -4.838 -4.381 -4.712 -4.763 -4.784 -4.795 -4.841 -4.849 -4.857 -4.872 -4.858 -4.788 -4.811 -4.609
0.00011527 -2.13000 10.07918 0.8009199500 2.4190459251    0.740  2.931  3.6491  0.925    8  0.549  0.390    23.26    13.36  1 -1.32e-07      0.00 7.290e-01 2.706e-01 6.375e-05 5.931e-05 2.177e-04 -1.000 3.690e-04 -2.557 -2.941 -3.488 -3.931 -4.545 -4.789 -4.840 -4.871 -4.855 -4.421 -4.854 -4.396 -4.727 -4.779 -4.801 -4.811 -4.857 -4.865 -4.874 -4.888 -4.875 -4.804 -4.827 -4.625
0.00011527 -2.13000 10.07918 0.8009201884 2.4190459251    0.738  3.002  3.6426  0.826    8  0.550  0.390    28.78    16.04  1 -1.89e-07      0.00 7.290e-01 2.706e-01 6.375e-05 5.931e-05 2.177e-04 -1.000 3.690e-04 -2.735 -3.099 -3.669 -4.128 -4.760 -5.014 -5.065 -5.100 -5.081 -4.636 -5.080 -4.605 -4.949 -5.004 -5.027 -5.030 -5.085 -5.093 -5.102 -5.117 -5.102 -5.022 -5.047 -4.843
0.00011527 -2.13000 10.07918 0.8009204865 2.4190459251    0.736  3.157  3.6284  0.613    8  0.550  0.390    45.58    23.83  1 -4.05e-07      0.00 7.290e-01 2.706e-01 6.375e-05 5.931e-05 2.177e-04 -1.000 3.690e-04 -3.123 -3.429 -4.054 -4.551 -5.226 -5.504 -5.551 -5.596 -5.570 -5.100 -5.571 -5.058 -5.429 -5.492 -5.518 -5.503 -5.580 -5.589 -5.599 -5.615 -5.597 -5.495 -5.524 -5.315
0.00011527 -2.13000 10.07918 0.8009208441 2.4190461636    0.734  3.298  3.6155  0.420    8  0.550  0.390    69.22    34.13  1 -7.93e-07      0.00 7.290e-01 2.706e-01 6.375e-05 5.931e-05 2.177e-04 -1.000 3.691e-04 -3.475 -3.708 -4.392 -4.928 -5.645 -5.948 -5.990 -6.045 -6.015 -5.519 -6.014 -5.464 -5.863 -5.935 -5.963 -5.932 -6.028 -6.037 -6.048 -6.067 -6.047 -5.929 -5.959 -5.740
0.00011527 -2.13000 10.07918 0.8009212613 2.4190464020    0.731  3.392  3.6069  0.290    8  0.551  0.390    91.74    43.43  1 -1.24e-06      0.00 7.290e-01 2.706e-01 6.375e-05 5.931e-05 2.177e-04 -1.000 3.690e-04 -3.710 -3.885 -4.613 -5.178 -5.924 -6.245 -6.284 -6.347 -6.315 -5.798 -6.312 -5.734 -6.152 -6.230 -6.262 -6.220 -6.328 -6.338 -6.350 -6.370 -6.349 -6.223 -6.254 -6.023
0.00011527 -2.13000 10.07918 0.8009216785 2.4190464020    0.728  3.444  3.6021  0.216    8  0.551  0.390   107.47    49.66  1 -1.59e-06      0.00 7.290e-01 2.706e-01 6.375e-05 5.931e-05 2.177e-04 -1.000 3.690e-04 -3.840 -3.977 -4.733 -5.315 -6.077 -6.409 -6.446 -6.514 -6.481 -5.952 -6.477 -5.882 -6.311 -6.394 -6.427 -6.379 -6.493 -6.505 -6.517 -6.538 -6.516 -6.387 -6.418 -6.179
0.00011527 -2.13000 10.07918 0.8009222150 2.4190466404    0.725  3.470  3.5996  0.178    8  0.552  0.390   116.85    53.22  1 -1.82e-06      0.00 7.290e-01 2.706e-01 6.375e-05 5.931e-05 2.177e-04 -1.000 3.690e-04 -3.906 -4.024 -4.794 -5.384 -6.155 -6.493 -6.529 -6.599 -6.567 -6.031 -6.561 -5.957 -6.392 -6.477 -6.511 -6.460 -6.578 -6.590 -6.603 -6.624 -6.603 -6.470 -6.502 -6.259
0.00011527 -2.13000 10.07918 0.8009227514 2.4190468788    0.721  3.487  3.5984  0.154    8  0.552  0.390   123.07    55.46  0 -1.99e-06      0.00 7.290e-01 2.706e-01 6.375e-05 5.931e-05 2.177e-04 -1.000 3.690e-04 -3.948 -4.056 -4.833 -5.428 -6.202 -6.543 -6.579 -6.651 -6.619 -6.078 -6.611 -6.003 -6.441 -6.528 -6.562 -6.509 -6.628 -6.641 -6.654 -6.676 -6.654 -6.521 -6.552 -6.307
0.00011527 -2.13000 10.07918 0.8009248972 2.4190475941    0.554 -9.999  4.0000  1.705    9  0.554  0.000     0.00     0.00 -1    -1e-30      0.00 7.290e-01 2.706e-01 6.375e-05 5.931e-05 2.177e-04 -1.000 3.690e-04 29.767 30.064 30.049 30.097 30.101 30.103 30.102 30.107 30.103 30.098 30.104 30.107 30.087 30.095 30.108 30.108 30.104 30.108 30.108 30.103 30.103 30.101 30.105 30.098
#isochrone terminated
