# File generated by CMD 3.4 (http://stev.oapd.inaf.it/cmd) on Fri Apr  2 18:02:34 CEST 2021
# isochrones based on PARSEC release v1.2S +  COLIBRI S_37 + S_35 + PR16
# Basic references: Bressan et al. (2012), MNRAS, 427, 127 + Chen et al. (2014, 2015), MNRAS, 444, 2525 + MNRAS, 452, 1068 + Tang et al. (2014), MNRAS, 445, 4287 + Marigo et al. (2017), ApJ, 835, 77 + Pastorelli al. (2019), MNRAS, 485, 5666 + Pastorelli al. (2020), MNRAS, in press
# Thermal pulse cycles included 
# On RGB, assumed Reimers mass loss with efficiency eta=0.2
# LPV periods and growth rates added cf. Trabucchi et al. (2019)
# Photometric system: HST/WFC3 wide filters (UVIS1+IR, final throughputs)
# Using YBC version of bolometric corrections as in Chen et al. (2019)
# O-rich circumstellar dpmod60alox40 dust from Groenewegen (2006)
# C-rich circumstellar AMCSIC15 dust from Groenewegen (2006)
# IMF: Kroupa (2001, 2002) + Kroupa et al. (2013) canonical two-part-power law IMF corrected for unresolved binaries 
# Kind of output: isochrone tables
# Zini     MH   logAge Mini        int_IMF         Mass   logL    logTe  logg  label   McoreTP C_O  period0  period1  period2  period3  period4  pmode  Mloss  tau1m   X   Y   Xc  Xn  Xo  Cexcess  Z 	 mbolmag  F218W1mag  F225W1mag  F275W1mag  F336Wmag  F390Wmag  F438Wmag  F475Wmag  F555Wmag  F606Wmag  F625Wmag  F775Wmag  F814Wmag  F105Wmag  F110Wmag  F125Wmag  F140Wmag  F160Wmag
0.00011527 -2.13000 10.07918 0.0979499072 1.1537494659    0.098 -2.866  3.5443  5.424    1  0.000  0.545     0.00     0.00     0.00     0.00     0.00 -1 -1.06e-16      0.00 7.460e-01 2.539e-01 2.167e-05 5.846e-06 5.302e-05 -1.000 1.205e-04 11.936 20.858 20.429 20.280 16.468 16.122 15.097 14.234 13.364 12.747 12.395 11.337 11.182 10.508 10.328 10.109 9.925 9.794
0.00011527 -2.13000 10.07918 0.1078079492 1.2332048416    0.107 -2.670  3.5680  5.362    1  0.000  0.545     0.00     0.00     0.00     0.00     0.00 -1 -1.71e-16      0.00 7.439e-01 2.559e-01 2.167e-05 5.846e-06 5.302e-05 -1.000 1.205e-04 11.444 19.850 19.466 18.549 15.260 14.871 14.114 13.390 12.633 12.050 11.717 10.844 10.711 10.087 9.912 9.701 9.498 9.332
0.00011527 -2.13000 10.07918 0.1275240183 1.3669745922    0.127 -2.417  3.5922  5.280    1  0.000  0.545     0.00     0.00     0.00     0.00     0.00 -1 -3.09e-16      0.00 7.409e-01 2.590e-01 2.167e-05 5.846e-06 5.302e-05 -1.000 1.205e-04 10.812 18.591 18.067 16.783 13.969 13.626 13.064 12.440 11.796 11.270 10.965 10.207 10.089 9.517 9.352 9.151 8.939 8.748
0.00011527 -2.13000 10.07918 0.1472401023 1.4762414694    0.147 -2.250  3.6042  5.223    1  0.000  0.545     0.00     0.00     0.00     0.00     0.00 -1 -4.52e-16      0.00 7.390e-01 2.609e-01 2.167e-05 5.846e-06 5.302e-05 -1.000 1.205e-04 10.394 17.858 17.249 15.884 13.253 12.958 12.468 11.883 11.287 10.791 10.502 9.784 9.673 9.127 8.966 8.771 8.558 8.361
0.00011527 -2.13000 10.07918 0.1669561714 1.5679714680    0.166 -2.119  3.6119  5.178    1  0.000  0.545     0.00     0.00     0.00     0.00     0.00 -1 -6.03e-16      0.00 7.380e-01 2.619e-01 2.167e-05 5.846e-06 5.302e-05 -1.000 1.206e-04 10.068 17.336 16.676 15.266 12.743 12.485 12.037 11.474 10.906 10.429 10.150 9.455 9.348 8.819 8.662 8.470 8.257 8.057
0.00011527 -2.13000 10.07918 0.2063883394 1.7151124477    0.206 -1.912  3.6231  5.108    1  0.000  0.545     0.00     0.00     0.00     0.00     0.00 -1 -9.46e-16      0.00 7.375e-01 2.623e-01 2.167e-05 5.846e-06 5.302e-05 -1.000 1.205e-04 9.551 16.499 15.780 14.340 11.973 11.772 11.378 10.842 10.310 9.859 9.595 8.931 8.830 8.325 8.173 7.986 7.775 7.574
0.00011527 -2.13000 10.07918 0.2556785345 1.8545303345    0.255 -1.722  3.6334  5.052    1  0.000  0.545     0.00     0.00     0.00     0.00     0.00 -1 -1.41e-15      0.00 7.378e-01 2.621e-01 2.166e-05 5.847e-06 5.302e-05 -1.000 1.205e-04 9.074 15.699 14.944 13.501 11.276 11.130 10.781 10.267 9.765 9.337 9.085 8.449 8.352 7.869 7.721 7.539 7.331 7.131
0.00011527 -2.13000 10.07918 0.3049687445 1.9627587795    0.305 -1.574  3.6419  5.016    1  0.000  0.545     0.00     0.00     0.00     0.00     0.00 -1 -1.89e-15      0.00 7.378e-01 2.621e-01 2.166e-05 5.847e-06 5.302e-05 -1.000 1.205e-04 8.706 15.079 14.298 12.848 10.731 10.633 10.318 9.822 9.343 8.932 8.690 8.075 7.982 7.518 7.374 7.195 6.991 6.794
0.00011527 -2.13000 10.07918 0.3542589247 2.0503430367    0.354 -1.451  3.6499  4.989    1  0.000  0.544     0.00     0.00     0.00     0.00     0.00 -1  -2.4e-15      0.00 7.386e-01 2.613e-01 2.164e-05 5.848e-06 5.302e-05 -1.000 1.204e-04 8.397 14.563 13.757 12.291 10.264 10.212 9.927 9.447 8.986 8.591 8.357 7.762 7.673 7.225 7.084 6.910 6.709 6.515
0.00011527 -2.13000 10.07918 0.4035491049 2.1233644485    0.403 -1.328  3.6584  4.958    1  0.000  0.545     0.00     0.00     0.00     0.00     0.00 -1 -3.09e-15      0.00 7.501e-01 2.498e-01 2.167e-05 5.846e-06 5.302e-05 -1.000 1.205e-04 8.091 14.013 13.189 11.721 9.794 9.790 9.538 9.074 8.633 8.253 8.028 7.453 7.367 6.937 6.800 6.630 6.432 6.242
0.00011527 -2.13000 10.07918 0.4528392553 2.1856238842    0.452 -1.180  3.6722  4.914    1  0.000  0.545     0.00     0.00     0.00     0.00     0.00 -1 -4.31e-15      0.00 7.507e-01 2.492e-01 2.167e-05 5.846e-06 5.302e-05 -1.000 1.204e-04 7.720 13.185 12.356 10.923 9.164 9.238 9.040 8.603 8.192 7.836 7.625 7.080 7.000 6.597 6.466 6.302 6.112 5.928
0.00011527 -2.13000 10.07918 0.5021294355 2.2396388054    0.502 -1.014  3.6876  4.855    1  0.000  0.545     0.00     0.00     0.00     0.00     0.00 -1 -6.42e-15      0.00 7.522e-01 2.477e-01 2.157e-05 5.819e-06 5.278e-05 -1.000 1.205e-04 7.305 12.241 11.427 10.056 8.478 8.633 8.493 8.088 7.709 7.378 7.180 6.668 6.595 6.222 6.097 5.941 5.758 5.582
0.00011527 -2.13000 10.07918 0.5514196754 2.2848303318    0.551 -0.812  3.7071  4.772    1  0.000  0.544     0.00     0.00     0.00     0.00     0.00 -1 -1.07e-14      0.00 7.850e-01 2.149e-01 1.888e-05 5.097e-06 4.625e-05 -1.000 9.960e-05 6.800 10.974 10.240 9.017 7.663 7.909 7.837 7.476 7.134 6.831 6.650 6.178 6.112 5.775 5.658 5.511 5.338 5.172
0.00011527 -2.13000 10.07918 0.6007097960 2.3216018677    0.600 -0.605  3.7319  4.701    1  0.000  0.544     0.00     0.00     0.00     0.00     0.00 -1 -1.79e-14      0.00 7.978e-01 2.021e-01 1.788e-05 4.830e-06 4.385e-05 -1.000 7.381e-05 6.284 9.497 8.909 7.916 6.823 7.158 7.157 6.848 6.551 6.280 6.117 5.692 5.634 5.341 5.234 5.097 4.938 4.786
0.00011527 -2.13000 10.07918 0.6073135138 2.3260097504    0.607 -0.576  3.7358  4.692    1  0.000  0.544     0.00     0.00     0.00     0.00     0.00 -1 -1.93e-14      0.00 8.000e-01 2.000e-01 1.772e-05 4.786e-06 4.346e-05 -1.000 4.503e-05 6.210 9.285 8.720 7.763 6.707 7.054 7.061 6.760 6.469 6.203 6.043 5.625 5.568 5.282 5.176 5.041 4.883 4.734
0.00011527 -2.13000 10.07918 0.6184114814 2.3331742287    0.618 -0.527  3.7423  4.677    1  0.000  0.543     0.00     0.00     0.00     0.00     0.00 -1 -2.18e-14      0.00 8.037e-01 1.962e-01 1.743e-05 4.709e-06 4.276e-05 -1.000 1.170e-04 6.086 8.923 8.399 7.505 6.514 6.879 6.901 6.612 6.332 6.074 5.919 5.512 5.457 5.182 5.078 4.946 4.792 4.646
0.00011527 -2.13000 10.07918 0.6283012629 2.3393139839    0.628 -0.482  3.7481  4.662    1  0.000  0.543     0.00     0.00     0.00     0.00     0.00 -1 -2.43e-14      0.00 8.072e-01 1.927e-01 1.715e-05 4.637e-06 4.211e-05 -1.000 8.351e-05 5.975 8.594 8.110 7.276 6.346 6.725 6.759 6.481 6.210 5.959 5.808 5.413 5.360 5.094 4.992 4.862 4.710 4.567
0.00011527 -2.13000 10.07918 0.6379033923 2.3450663090    0.638 -0.438  3.7537  4.647    1  0.000  0.543     0.00     0.00     0.00     0.00     0.00 -1 -9.76e-15      0.00 8.108e-01 1.891e-01 1.688e-05 4.563e-06 4.145e-05 -1.000 5.677e-05 5.866 8.290 7.841 7.060 6.185 6.577 6.621 6.353 6.091 5.848 5.701 5.316 5.265 5.008 4.908 4.780 4.630 4.489
0.00011527 -2.13000 10.07918 0.6492170691 2.3515934944    0.649 -0.386  3.7601  4.629    1  0.000  0.543     0.00     0.00     0.00     0.00     0.00 -1 -1.76e-14      0.00 8.152e-01 1.847e-01 1.654e-05 4.473e-06 4.064e-05 -1.000 7.570e-05 5.735 7.944 7.531 6.809 5.995 6.403 6.459 6.203 5.952 5.717 5.574 5.201 5.152 4.905 4.807 4.681 4.534 4.396
0.00011527 -2.13000 10.07918 0.6499999762 2.3520355225    0.650 -0.383  3.7606  4.628    1  0.000  0.543     0.00     0.00     0.00     0.00     0.00 -1 -3.13e-14      0.00 8.155e-01 1.843e-01 1.652e-05 4.466e-06 4.058e-05 -1.000 1.182e-04 5.726 7.921 7.511 6.793 5.983 6.392 6.448 6.193 5.942 5.708 5.566 5.193 5.145 4.898 4.800 4.674 4.527 4.389
0.00011527 -2.13000 10.07918 0.6586697698 2.3568496704    0.658 -0.342  3.7653  4.611    1  0.000  0.542     0.00     0.00     0.00     0.00     0.00 -1 -3.48e-14      0.00 8.199e-01 1.800e-01 1.618e-05 4.377e-06 3.978e-05 -1.000 1.205e-04 5.624 7.679 7.293 6.613 5.846 6.263 6.325 6.078 5.835 5.606 5.468 5.103 5.056 4.816 4.720 4.596 4.451 4.315
0.00011527 -2.13000 10.07918 0.6688961983 2.3623440266    0.669 -0.293  3.7708  4.591    1  0.000  0.542     0.00     0.00     0.00     0.00     0.00 -1 -3.95e-14      0.00 8.254e-01 1.745e-01 1.576e-05 4.265e-06 3.877e-05 -1.000 1.165e-04 5.502 7.400 7.040 6.403 5.684 6.110 6.179 5.942 5.706 5.485 5.350 4.995 4.949 4.717 4.622 4.501 4.358 4.225
0.00011527 -2.13000 10.07918 0.6786239147 2.3673942089    0.678 -0.245  3.7759  4.570    1  0.000  0.541     0.00     0.00     0.00     0.00     0.00 -1 -4.05e-14      0.00 8.310e-01 1.689e-01 1.533e-05 4.151e-06 3.775e-05 -1.000 1.115e-04 5.383 7.148 6.810 6.209 5.533 5.965 6.040 5.811 5.583 5.367 5.235 4.889 4.845 4.620 4.527 4.407 4.266 4.135
0.00011527 -2.13000 10.07918 0.6879103780 2.3720624447    0.688 -0.199  3.7808  4.549    1  0.000  0.541     0.00     0.00     0.00     0.00     0.00 -1 -3.43e-14      0.00 8.366e-01 1.633e-01 1.490e-05 4.036e-06 3.672e-05 -1.000 1.047e-04 5.266 6.910 6.590 6.023 5.387 5.824 5.903 5.682 5.462 5.252 5.123 4.785 4.742 4.524 4.432 4.314 4.175 4.046
0.00011527 -2.13000 10.07918 0.6961514950 2.3760855198    0.696 -0.155  3.7851  4.528    1  0.000  0.541     0.00     0.00     0.00     0.00     0.00 -1 -3.81e-15      0.00 8.420e-01 1.580e-01 1.449e-05 3.927e-06 3.575e-05 -1.000 6.278e-05 5.159 6.705 6.401 5.862 5.258 5.697 5.778 5.564 5.350 5.145 5.020 4.690 4.648 4.436 4.345 4.229 4.092 3.966
0.00011527 -2.13000 10.07918 0.6999999285 2.3779268265    0.700 -0.135  3.7870  4.518    1  0.000  0.540     0.00     0.00     0.00     0.00     0.00 -1 -6.04e-14      0.00 8.446e-01 1.554e-01 1.429e-05 3.875e-06 3.528e-05 -1.000 4.165e-05 5.108 6.610 6.313 5.786 5.197 5.637 5.719 5.508 5.297 5.095 4.971 4.644 4.603 4.394 4.304 4.188 4.053 3.927
0.00011527 -2.13000 10.07918 0.7090682983 2.3821749687    0.709 -0.085  3.7914  4.491    1  0.000  0.538     0.00     0.00     0.00     0.00     0.00 -1 -6.95e-14      0.00 8.496e-01 1.503e-01 1.391e-05 3.783e-06 3.446e-05 -1.000 4.792e-05 4.982 6.391 6.109 5.608 5.052 5.491 5.576 5.372 5.167 4.970 4.849 4.530 4.490 4.288 4.199 4.085 3.952 3.829
0.00011527 -2.13000 10.07918 0.7175545692 2.3860387802    0.717 -0.035  3.7955  4.463    1  0.000  0.536     0.00     0.00     0.00     0.00     0.00 -1    -8e-14      0.00 8.538e-01 1.461e-01 1.361e-05 3.711e-06 3.384e-05 -1.000 8.461e-05 4.857 6.189 5.920 5.442 4.915 5.350 5.435 5.237 5.038 4.847 4.729 4.417 4.378 4.181 4.095 3.982 3.851 3.731
0.00011527 -2.13000 10.07918 0.7259311080 2.3897511959    0.725  0.017  3.7995  4.432    1  0.000  0.534     0.00     0.00     0.00     0.00     0.00 -1 -9.28e-14      0.00 8.575e-01 1.425e-01 1.336e-05 3.652e-06 3.333e-05 -1.000 5.002e-05 4.728 5.985 5.729 5.274 4.774 5.204 5.289 5.098 4.904 4.717 4.602 4.297 4.260 4.069 3.984 3.873 3.745 3.627
0.00011527 -2.13000 10.07918 0.7331234217 2.3928608894    0.733  0.064  3.8028  4.402    1  0.000  0.533     0.00     0.00     0.00     0.00     0.00 -1 -1.06e-13      0.00 8.603e-01 1.397e-01 1.318e-05 3.610e-06 3.297e-05 -1.000 5.767e-05 4.610 5.814 5.567 5.129 4.651 5.074 5.157 4.971 4.782 4.599 4.487 4.188 4.152 3.965 3.881 3.772 3.646 3.531
0.00011527 -2.13000 10.07918 0.7400895953 2.3958065510    0.739  0.113  3.8059  4.370    1  0.000  0.531     0.00     0.00     0.00     0.00     0.00 -1  -9.5e-14      0.00 8.627e-01 1.372e-01 1.302e-05 3.575e-06 3.267e-05 -1.000 1.115e-04 4.488 5.645 5.406 4.985 4.526 4.940 5.022 4.840 4.656 4.477 4.366 4.073 4.038 3.856 3.774 3.666 3.542 3.429
0.00011527 -2.13000 10.07918 0.7470547557 2.3986887932    0.746  0.166  3.8089  4.333    1  0.000  0.530     0.00     0.00     0.00     0.00     0.00 -1 -1.87e-14      0.00 8.649e-01 1.349e-01 1.288e-05 3.545e-06 3.241e-05 -1.000 1.166e-04 4.356 5.469 5.238 4.832 4.392 4.797 4.876 4.700 4.519 4.344 4.236 3.948 3.914 3.736 3.655 3.549 3.427 3.317
0.00011527 -2.13000 10.07918 0.7500000000 2.3998889923    0.749  0.189  3.8101  4.316    1  0.000  0.529     0.00     0.00     0.00     0.00     0.00 -1 -1.54e-13      0.00 8.659e-01 1.340e-01 1.282e-05 3.533e-06 3.231e-05 -1.000 1.197e-04 4.298 5.394 5.167 4.767 4.334 4.735 4.813 4.638 4.460 4.286 4.179 3.893 3.859 3.683 3.603 3.497 3.377 3.267
0.00011527 -2.13000 10.07918 0.7513016462 2.4004161358    0.751  0.199  3.8107  4.309    1  0.000  0.529     0.00     0.00     0.00     0.00     0.00 -1 -1.59e-13      0.00 8.659e-01 1.340e-01 1.283e-05 3.535e-06 3.233e-05 -1.000 1.200e-04 4.273 5.361 5.135 4.738 4.309 4.707 4.785 4.611 4.433 4.260 4.153 3.869 3.835 3.660 3.580 3.475 3.355 3.245
0.00011527 -2.13000 10.07918 0.7594036460 2.4036495686    0.759  0.270  3.8142  4.257    1  0.000  0.529     0.00     0.00     0.00     0.00     0.00 -1 -1.98e-13      0.00 8.663e-01 1.337e-01 1.288e-05 3.549e-06 3.247e-05 -1.000 2.325e-05 4.095 5.144 4.926 4.545 4.135 4.516 4.590 4.422 4.249 4.080 3.976 3.699 3.666 3.496 3.417 3.314 3.197 3.091
0.00011527 -2.13000 10.07918 0.7647798061 2.4057519436    0.764  0.322  3.8162  4.216    1  0.000  0.529     0.00     0.00     0.00     0.00     0.00 -1 -2.33e-13      0.00 8.663e-01 1.336e-01 1.291e-05 3.559e-06 3.258e-05 -1.000 9.252e-05 3.965 4.996 4.783 4.410 4.010 4.380 4.451 4.285 4.115 3.949 3.846 3.573 3.540 3.373 3.296 3.194 3.078 2.974
0.00011527 -2.13000 10.07918 0.7698769569 2.4077138901    0.769  0.374  3.8176  4.173    1  0.000  0.528     0.00     0.00     0.00     0.00     0.00 -1 -2.75e-13      0.00 8.653e-01 1.346e-01 1.303e-05 3.591e-06 3.287e-05 -1.000 1.000e-04 3.836 4.854 4.645 4.278 3.885 4.244 4.313 4.150 3.982 3.818 3.716 3.446 3.414 3.249 3.172 3.071 2.957 2.855
0.00011527 -2.13000 10.07918 0.7740441561 2.4092960358    0.773  0.419  3.8182  4.131    1  0.000  0.528     0.00     0.00     0.00     0.00     0.00 -1 -3.21e-13      0.00 8.641e-01 1.358e-01 1.314e-05 3.624e-06 3.317e-05 -1.000 1.000e-04 3.721 4.738 4.530 4.166 3.777 4.127 4.194 4.031 3.865 3.702 3.601 3.332 3.300 3.136 3.059 2.959 2.846 2.744
0.00011527 -2.13000 10.07918 0.7755442858 2.4098608494    0.774  0.438  3.8178  4.112    1  0.000  0.528     0.00     0.00     0.00     0.00     0.00 -1 -3.42e-13      0.00 8.637e-01 1.362e-01 1.319e-05 3.636e-06 3.328e-05 -1.000 1.000e-04 3.674 4.697 4.489 4.124 3.733 4.080 4.147 3.984 3.817 3.654 3.553 3.284 3.252 3.087 3.011 2.910 2.797 2.695
0.00011527 -2.13000 10.07918 0.7796202898 2.4113824368    0.778  0.493  3.8158  4.052    1  0.000  0.528     0.00     0.00     0.00     0.00     0.00 -1 -4.14e-13      0.00 8.625e-01 1.374e-01 1.330e-05 3.668e-06 3.358e-05 -1.000 1.000e-04 3.538 4.588 4.378 4.007 3.608 3.949 4.013 3.849 3.681 3.517 3.414 3.142 3.110 2.942 2.865 2.764 2.649 2.545
0.00011527 -2.13000 10.07918 0.7824724913 2.4124364853    0.781  0.536  3.8130  3.999    1  0.000  0.528     0.00     0.00     0.00     0.00     0.00 -1 -4.85e-13      0.00 8.616e-01 1.383e-01 1.339e-05 3.690e-06 3.378e-05 -1.000 1.000e-04 3.431 4.517 4.302 3.922 3.512 3.849 3.913 3.747 3.576 3.409 3.305 3.028 2.996 2.824 2.745 2.642 2.525 2.420
0.00011527 -2.13000 10.07918 0.7830806971 2.4126601219    0.782  0.545  3.8123  3.987    1  0.000  0.528     0.00     0.00     0.00     0.00     0.00 -1 -5.03e-13      0.00 8.615e-01 1.384e-01 1.340e-05 3.695e-06 3.383e-05 -1.000 1.000e-04 3.406 4.504 4.287 3.904 3.490 3.827 3.891 3.724 3.552 3.384 3.280 3.002 2.969 2.796 2.717 2.614 2.496 2.390
0.00011527 -2.13000 10.07918 0.7836714983 2.4128770828    0.782  0.556  3.8110  3.971    1  0.000  0.528     0.00     0.00     0.00     0.00     0.00 -1 -5.26e-13      0.00 8.613e-01 1.386e-01 1.342e-05 3.700e-06 3.387e-05 -1.000 1.000e-04 3.379 4.495 4.276 3.887 3.466 3.803 3.868 3.699 3.526 3.356 3.251 2.972 2.938 2.763 2.684 2.580 2.461 2.354
0.00011527 -2.13000 10.07918 0.7856592536 2.4136037827    0.784  0.596  3.8053  3.909    2  0.000  0.528     0.00     0.00     0.00     0.00     0.00 -1 -6.16e-13      0.00 8.607e-01 1.392e-01 1.348e-05 3.715e-06 3.401e-05 -1.000 1.000e-04 3.280 4.484 4.250 3.836 3.384 3.723 3.787 3.611 3.432 3.256 3.148 2.859 2.824 2.640 2.558 2.451 2.329 2.218
0.00011527 -2.13000 10.07918 0.7871810198 2.4141573906    0.786  0.632  3.7983  3.847    2  0.000  0.528     0.00     0.00     0.00     0.00     0.00 -1 -7.18e-13      0.00 8.603e-01 1.396e-01 1.352e-05 3.727e-06 3.412e-05 -1.000 1.000e-04 3.191 4.502 4.251 3.805 3.315 3.658 3.723 3.539 3.350 3.167 3.054 2.754 2.717 2.523 2.438 2.327 2.200 2.084
0.00011527 -2.13000 10.07918 0.7883733511 2.4145894051    0.787  0.664  3.7901  3.782    2  0.000  0.528     0.00     0.00     0.00     0.00     0.00 -1 -8.33e-13      0.00 8.599e-01 1.400e-01 1.356e-05 3.739e-06 3.423e-05 -1.000 1.010e-04 3.110 4.556 4.283 3.797 3.261 3.609 3.674 3.478 3.279 3.087 2.969 2.655 2.615 2.409 2.320 2.205 2.072 1.950
0.00011527 -2.13000 10.07918 0.7893350124 2.4149367809    0.788  0.694  3.7811  3.717    2  0.000  0.528     0.00     0.00     0.00     0.00     0.00 -1 -9.61e-13      0.00 8.561e-01 1.438e-01 1.388e-05 3.825e-06 3.500e-05 -1.000 6.366e-05 3.035 4.640 4.341 3.809 3.221 3.573 3.636 3.428 3.218 3.015 2.891 2.561 2.519 2.299 2.207 2.088 1.948 1.819
0.00011527 -2.13000 10.07918 0.7901419997 2.4152274132    0.788  0.722  3.7724  3.654    2  0.000  0.530     0.00     0.00     0.00     0.00     0.00 -1  -1.1e-12      0.00 8.391e-01 1.609e-01 1.512e-05 4.160e-06 3.801e-05 -1.000 4.557e-05 2.965 4.752 4.423 3.839 3.192 3.544 3.602 3.381 3.159 2.947 2.817 2.473 2.428 2.195 2.099 1.976 1.831 1.696
0.00011527 -2.13000 10.07918 0.7908540368 2.4154834747    0.789  0.751  3.7644  3.594    2  0.000  0.533     0.00     0.00     0.00     0.00     0.00 -1 -1.26e-12      0.00 8.117e-01 1.882e-01 1.705e-05 4.677e-06 4.265e-05 -1.000 7.364e-05 2.893 4.859 4.499 3.864 3.160 3.511 3.565 3.331 3.099 2.877 2.742 2.384 2.337 2.093 1.993 1.866 1.716 1.575
0.00011527 -2.13000 10.07918 0.7914857864 2.4157099724    0.790  0.783  3.7573  3.534    2  0.000  0.535     0.00     0.00     0.00     0.00     0.00 -1 -1.45e-12      0.00 7.925e-01 2.074e-01 1.839e-05 5.036e-06 4.585e-05 -1.000 9.847e-05 2.813 4.947 4.559 3.877 3.122 3.469 3.518 3.273 3.031 2.801 2.661 2.292 2.242 1.987 1.884 1.754 1.599 1.454
0.00011527 -2.13000 10.07918 0.7921115756 2.4159340858    0.790  0.823  3.7511  3.469    2  0.000  0.536     0.00     0.00     0.00     0.00     0.00 -1 -1.72e-12      0.00 7.809e-01 2.189e-01 1.919e-05 5.251e-06 4.777e-05 -1.000 1.177e-04 2.712 5.008 4.592 3.866 3.064 3.404 3.447 3.192 2.941 2.703 2.560 2.179 2.128 1.862 1.758 1.624 1.466 1.317
0.00011527 -2.13000 10.07918 0.7926056385 2.4161107540    0.791  0.863  3.7471  3.413    2  0.000  0.536     0.00     0.00     0.00     0.00     0.00 -1    -2e-12      0.00 7.755e-01 2.244e-01 1.958e-05 5.354e-06 4.868e-05 -1.000 1.205e-04 2.613 5.026 4.590 3.833 2.997 3.331 3.369 3.107 2.850 2.608 2.461 2.073 2.021 1.749 1.642 1.507 1.346 1.195
0.00011527 -2.13000 10.07918 0.7929433584 2.4162313938    0.791  0.893  3.7446  3.374    2  0.000  0.536     0.00     0.00     0.00     0.00     0.00 -1 -2.25e-12      0.00 7.727e-01 2.272e-01 1.977e-05 5.405e-06 4.914e-05 -1.000 1.205e-04 2.538 5.022 4.574 3.798 2.942 3.272 3.306 3.041 2.780 2.535 2.387 1.995 1.941 1.665 1.557 1.421 1.259 1.105
0.00011527 -2.13000 10.07918 0.7932426929 2.4163382053    0.791  0.923  3.7430  3.337    3  0.000  0.537     0.00     0.00     0.00     0.00     0.00 -1 -2.51e-12      0.00 7.709e-01 2.289e-01 1.989e-05 5.436e-06 4.942e-05 -1.000 1.146e-04 2.463 4.995 4.538 3.749 2.880 3.206 3.239 2.971 2.707 2.461 2.312 1.917 1.863 1.584 1.475 1.338 1.175 1.020
0.00011527 -2.13000 10.07918 0.7936351895 2.4164781570    0.792  0.964  3.7409  3.288    3  0.000  0.537     0.00     0.00     0.00     0.00     0.00 -1 -2.92e-12      0.00 7.688e-01 2.311e-01 2.002e-05 5.471e-06 4.973e-05 -1.000 8.707e-05 2.360 4.951 4.484 3.679 2.794 3.116 3.146 2.874 2.608 2.359 2.209 1.810 1.756 1.473 1.364 1.226 1.061 0.905
0.00011527 -2.13000 10.07918 0.7940306067 2.4166188240    0.792  1.008  3.7390  3.237    3  0.000  0.537     0.00     0.00     0.00     0.00     0.00 -1 -3.43e-12      0.00 7.669e-01 2.330e-01 2.012e-05 5.500e-06 4.999e-05 -1.000 6.977e-05 2.250 4.897 4.422 3.602 2.702 3.019 3.046 2.771 2.503 2.251 2.100 1.698 1.643 1.357 1.246 1.107 0.941 0.783
0.00011527 -2.13000 10.07918 0.7944093347 2.4167535305    0.792  1.053  3.7374  3.185    3  0.000  0.537     0.00     0.00     0.00     0.00     0.00 -1 -4.03e-12      0.00 7.652e-01 2.347e-01 2.021e-05 5.524e-06 5.020e-05 -1.000 1.177e-04 2.138 4.837 4.353 3.520 2.607 2.918 2.942 2.665 2.394 2.141 1.989 1.584 1.528 1.239 1.128 0.988 0.820 0.661
0.00011527 -2.13000 10.07918 0.7948118448 2.4168965816    0.793  1.104  3.7356  3.128    3  0.000  0.537     0.00     0.00     0.00     0.00     0.00 -1 -4.84e-12      0.00 7.635e-01 2.364e-01 2.029e-05 5.545e-06 5.040e-05 -1.000 1.205e-04 2.011 4.764 4.271 3.424 2.498 2.803 2.825 2.545 2.272 2.017 1.864 1.456 1.399 1.107 0.995 0.853 0.684 0.523
0.00011527 -2.13000 10.07918 0.7951496243 2.4170162678    0.793  1.149  3.7341  3.076    3  0.000  0.537     0.00     0.00     0.00     0.00     0.00 -1  -5.7e-12      0.00 7.622e-01 2.377e-01 2.035e-05 5.561e-06 5.053e-05 -1.000 1.205e-04 1.897 4.696 4.196 3.337 2.399 2.699 2.718 2.436 2.161 1.905 1.751 1.340 1.283 0.988 0.875 0.733 0.562 0.399
0.00011527 -2.13000 10.07918 0.7954912782 2.4171373844    0.793  1.199  3.7326  3.021    3  0.000  0.537     0.00     0.00     0.00     0.00     0.00 -1 -6.82e-12      0.00 7.609e-01 2.391e-01 2.039e-05 5.575e-06 5.065e-05 -1.000 8.334e-05 1.772 4.618 4.110 3.239 2.290 2.585 2.601 2.317 2.040 1.782 1.627 1.215 1.157 0.859 0.745 0.601 0.429 0.265
0.00011527 -2.13000 10.07918 0.7958265543 2.4172561169    0.793  1.252  3.7310  2.961    3  0.000  0.537     0.00     0.00     0.00     0.00     0.00 -1 -8.25e-12      0.00 7.595e-01 2.404e-01 2.043e-05 5.588e-06 5.076e-05 -1.000 9.236e-05 1.640 4.538 4.021 3.137 2.175 2.463 2.477 2.190 1.911 1.651 1.495 1.080 1.022 0.721 0.606 0.461 0.287 0.122
0.00011527 -2.13000 10.07918 0.7960970998 2.4173519611    0.793  1.299  3.7295  2.908    3  0.000  0.536     0.00     0.00     0.00     0.00     0.00 -1 -9.77e-12      0.00 7.585e-01 2.414e-01 2.045e-05 5.599e-06 5.084e-05 -1.000 1.162e-04 1.522 4.470 3.946 3.049 2.074 2.356 2.367 2.078 1.797 1.536 1.379 0.961 0.903 0.599 0.483 0.338 0.162 -0.004
0.00011527 -2.13000 10.07918 0.7963581085 2.4174442291    0.793  1.348  3.7280  2.853    3  0.000  0.536     0.00     0.00     0.00     0.00     0.00 -1 -1.16e-11      0.00 7.576e-01 2.423e-01 2.045e-05 5.611e-06 5.090e-05 -1.000 1.205e-04 1.400 4.401 3.867 2.957 1.970 2.244 2.252 1.960 1.677 1.415 1.257 0.837 0.778 0.471 0.355 0.209 0.032 -0.136
0.00011527 -2.13000 10.07918 0.7965925932 2.4175269604    0.794  1.396  3.7265  2.799    3  0.000  0.535     0.00     0.00     0.00     0.00     0.00 -1 -1.38e-11      0.00 7.568e-01 2.431e-01 2.044e-05 5.625e-06 5.095e-05 -1.000 1.204e-04 1.280 4.333 3.791 2.868 1.867 2.135 2.140 1.846 1.561 1.296 1.138 0.715 0.656 0.346 0.229 0.082 -0.096 -0.265
0.00011527 -2.13000 10.07918 0.7968049645 2.4176020622    0.794  1.444  3.7250  2.746    3  0.000  0.534     0.00     0.00     0.00     0.00     0.00 -1 -1.64e-11      0.00 7.561e-01 2.438e-01 2.043e-05 5.640e-06 5.099e-05 -1.000 1.198e-04 1.161 4.269 3.717 2.780 1.767 2.027 2.029 1.732 1.445 1.180 1.020 0.595 0.535 0.223 0.105 -0.043 -0.222 -0.393
0.00011527 -2.13000 10.07918 0.7969951034 2.4176690578    0.794  1.490  3.7235  2.693    3  0.000  0.534     0.00     0.00     0.00     0.00     0.00 -1 -1.94e-11      0.00 7.555e-01 2.443e-01 2.041e-05 5.655e-06 5.102e-05 -1.000 1.201e-04 1.044 4.203 3.643 2.693 1.667 1.921 1.920 1.621 1.332 1.065 0.905 0.477 0.416 0.101 -0.018 -0.166 -0.347 -0.519
0.00011527 -2.13000 10.07918 0.7971749902 2.4177324772    0.794  1.539  3.7219  2.639    3  0.000  0.533     0.00     0.00     0.00     0.00     0.00 -1 -2.31e-11      0.00 7.551e-01 2.448e-01 2.039e-05 5.673e-06 5.105e-05 -1.000 1.205e-04 0.923 4.136 3.566 2.603 1.563 1.811 1.808 1.506 1.215 0.946 0.785 0.355 0.294 -0.024 -0.144 -0.293 -0.475 -0.649
0.00011527 -2.13000 10.07918 0.7973347306 2.4177889824    0.794  1.586  3.7203  2.585    3  0.000  0.532     0.00     0.00     0.00     0.00     0.00 -1 -2.74e-11      0.00 7.547e-01 2.451e-01 2.037e-05 5.689e-06 5.107e-05 -1.000 1.204e-04 0.805 4.073 3.494 2.516 1.462 1.705 1.699 1.395 1.101 0.831 0.669 0.236 0.174 -0.147 -0.267 -0.418 -0.601 -0.776
0.00011527 -2.13000 10.07918 0.7974766493 2.4178388119    0.793  1.632  3.7188  2.533    3  0.000  0.532     0.00     0.00     0.00     0.00     0.00 -1 -3.23e-11      0.00 7.545e-01 2.454e-01 2.036e-05 5.701e-06 5.108e-05 -1.000 1.205e-04 0.691 4.016 3.427 2.434 1.366 1.602 1.594 1.287 0.991 0.719 0.556 0.121 0.059 -0.265 -0.387 -0.538 -0.723 -0.899
0.00011527 -2.13000 10.07918 0.7976052761 2.4178841114    0.793  1.677  3.7173  2.482    3  0.000  0.531     0.00     0.00     0.00     0.00     0.00 -1 -3.81e-11      0.00 7.544e-01 2.455e-01 2.035e-05 5.709e-06 5.109e-05 -1.000 1.168e-04 0.579 3.966 3.367 2.358 1.274 1.503 1.491 1.181 0.883 0.609 0.445 0.007 -0.056 -0.382 -0.505 -0.657 -0.843 -1.021
0.00011527 -2.13000 10.07918 0.7977257967 2.4179265499    0.793  1.722  3.7157  2.430    3  0.000  0.531     0.00     0.00     0.00     0.00     0.00 -1  -4.5e-11      0.00 7.543e-01 2.456e-01 2.034e-05 5.713e-06 5.109e-05 -1.000 1.205e-04 0.464 3.931 3.319 2.289 1.184 1.403 1.386 1.073 0.772 0.496 0.331 -0.110 -0.173 -0.503 -0.626 -0.779 -0.967 -1.146
0.00011527 -2.13000 10.07918 0.7978322506 2.4179639816    0.793  1.767  3.7141  2.379    3  0.000  0.531     0.00     0.00     0.00     0.00     0.00 -1 -5.28e-11      0.00 7.543e-01 2.456e-01 2.034e-05 5.715e-06 5.109e-05 -1.000 1.206e-04 0.353 3.898 3.273 2.223 1.098 1.307 1.286 0.969 0.665 0.387 0.221 -0.223 -0.286 -0.619 -0.743 -0.897 -1.086 -1.267
0.00011527 -2.13000 10.07918 0.7979305983 2.4179987907    0.793  1.811  3.7125  2.328    3  0.000  0.531     0.00     0.00     0.00     0.00     0.00 -1  -6.2e-11      0.00 7.543e-01 2.456e-01 2.034e-05 5.715e-06 5.110e-05 -1.000 1.206e-04 0.242 3.863 3.226 2.155 1.011 1.210 1.185 0.865 0.558 0.278 0.111 -0.335 -0.400 -0.735 -0.860 -1.015 -1.206 -1.388
0.00011527 -2.13000 10.07918 0.7980208993 2.4180305004    0.793  1.856  3.7109  2.277    3  0.000  0.531     0.00     0.00     0.00     0.00     0.00 -1 -7.28e-11      0.00 7.543e-01 2.456e-01 2.034e-05 5.716e-06 5.110e-05 -1.000 1.206e-04 0.131 3.832 3.182 2.090 0.925 1.115 1.086 0.761 0.452 0.170 0.002 -0.448 -0.513 -0.851 -0.977 -1.133 -1.325 -1.509
0.00011527 -2.13000 10.07918 0.7981011271 2.4180586338    0.792  1.898  3.7093  2.228    3  0.000  0.531     0.00     0.00     0.00     0.00     0.00 -1 -6.96e-11      0.00 7.543e-01 2.456e-01 2.034e-05 5.716e-06 5.110e-05 -1.000 1.206e-04 0.025 3.806 3.143 2.030 0.843 1.024 0.991 0.663 0.351 0.066 -0.103 -0.556 -0.621 -0.963 -1.090 -1.247 -1.440 -1.625
0.00011527 -2.13000 10.07918 0.7981752753 2.4180846214    0.792  1.940  3.7078  2.179    3  0.000  0.531     0.00     0.00     0.00     0.00     0.00 -1  -7.3e-11      0.00 7.543e-01 2.456e-01 2.034e-05 5.716e-06 5.110e-05 -1.000 1.205e-04 -0.081 3.782 3.105 1.970 0.763 0.934 0.896 0.564 0.249 -0.037 -0.207 -0.663 -0.729 -1.074 -1.201 -1.359 -1.554 -1.741
0.00011527 -2.13000 10.07918 0.7982465029 2.4181096554    0.792  1.985  3.7061  2.129    3  0.000  0.531     0.00     0.00     0.00     0.00     0.00 -1 -8.45e-11      0.00 7.543e-01 2.456e-01 2.034e-05 5.716e-06 5.110e-05 -1.000 1.206e-04 -0.191 3.760 3.068 1.910 0.680 0.842 0.799 0.463 0.144 -0.144 -0.316 -0.774 -0.841 -1.189 -1.318 -1.477 -1.673 -1.861
0.00011527 -2.13000 10.07918 0.7983074784 2.4181311131    0.791  2.025  3.7045  2.081    3  0.000  0.531     0.00     0.00     0.00     0.00     0.00 -1  -9.9e-11      0.00 7.543e-01 2.456e-01 2.034e-05 5.716e-06 5.110e-05 -1.000 1.205e-04 -0.293 3.742 3.037 1.856 0.604 0.757 0.709 0.369 0.048 -0.243 -0.416 -0.877 -0.945 -1.296 -1.426 -1.585 -1.783 -1.973
0.00011527 -2.13000 10.07918 0.7983638644 2.4181509018    0.791  2.066  3.7030  2.034    3  0.000  0.531     0.00     0.00     0.00     0.00     0.00 -1 -1.16e-10      0.00 7.543e-01 2.456e-01 2.034e-05 5.717e-06 5.110e-05 -1.000 1.204e-04 -0.395 3.723 3.004 1.801 0.528 0.672 0.620 0.276 -0.049 -0.341 -0.515 -0.980 -1.048 -1.402 -1.533 -1.694 -1.893 -2.085
0.00011527 -2.13000 10.07918 0.7984177470 2.4181699753    0.791  2.108  3.7014  1.986    3  0.000  0.531     0.00     0.00     0.00     0.00     0.00 -1 -1.36e-10      0.00 7.542e-01 2.456e-01 2.034e-05 5.717e-06 5.110e-05 -1.000 1.205e-04 -0.499 3.707 2.973 1.746 0.451 0.585 0.528 0.179 -0.148 -0.443 -0.618 -1.086 -1.154 -1.512 -1.644 -1.805 -2.006 -2.199
0.00011527 -2.13000 10.07918 0.7984647751 2.4181864262    0.790  2.147  3.6997  1.940    3  0.000  0.531     0.00     0.00     0.00     0.00     0.00 -1 -1.58e-10      0.00 7.542e-01 2.456e-01 2.034e-05 5.717e-06 5.110e-05 -1.000 1.205e-04 -0.597 3.708 2.960 1.707 0.384 0.506 0.444 0.090 -0.241 -0.538 -0.715 -1.186 -1.255 -1.615 -1.748 -1.911 -2.113 -2.308
0.00011527 -2.13000 10.07918 0.7985087633 2.4182019234    0.790  2.186  3.6982  1.895    3  0.000  0.531     0.00     0.00     0.00     0.00     0.00 -1 -1.84e-10      0.00 7.542e-01 2.456e-01 2.034e-05 5.717e-06 5.110e-05 -1.000 1.205e-04 -0.694 3.708 2.946 1.668 0.320 0.428 0.360 0.002 -0.332 -0.632 -0.810 -1.284 -1.353 -1.717 -1.850 -2.014 -2.218 -2.414
0.00011527 -2.13000 10.07918 0.7985545993 2.4182178974    0.789  2.222  3.6968  1.852    3  0.000  0.531     0.00     0.00     0.00     0.00     0.00 -1 -2.12e-10      0.00 7.542e-01 2.456e-01 2.034e-05 5.717e-06 5.110e-05 -1.000 1.205e-04 -0.785 3.707 2.932 1.631 0.259 0.355 0.282 -0.080 -0.418 -0.720 -0.899 -1.376 -1.446 -1.813 -1.947 -2.111 -2.316 -2.513
0.00011527 -2.13000 10.07918 0.7986053824 2.4182357788    0.788  2.253  3.6956  1.817    3  0.000  0.531     0.00     0.00     0.00     0.00     0.00 -1  -2.4e-10      0.00 7.542e-01 2.456e-01 2.034e-05 5.717e-06 5.110e-05 -1.000 1.205e-04 -0.861 3.705 2.921 1.600 0.208 0.294 0.216 -0.150 -0.490 -0.794 -0.974 -1.453 -1.524 -1.893 -2.027 -2.193 -2.398 -2.597
0.00011527 -2.13000 10.07918 0.7986304760 2.4182446003    0.788  2.246  3.6961  1.825    3  0.000  0.531     0.00     0.00     0.00     0.00     0.00 -1 -2.37e-10      0.00 7.542e-01 2.457e-01 2.034e-05 5.717e-06 5.110e-05 -1.000 1.205e-04 -0.846 3.694 2.914 1.600 0.215 0.304 0.228 -0.137 -0.476 -0.779 -0.959 -1.437 -1.507 -1.876 -2.010 -2.175 -2.380 -2.579
0.00011527 -2.13000 10.07918 0.7986364961 2.4182467461    0.788  2.253  3.6958  1.817    3  0.000  0.531     0.00     0.00     0.00     0.00     0.00 -1 -2.43e-10      0.00 7.542e-01 2.457e-01 2.034e-05 5.717e-06 5.110e-05 -1.000 1.206e-04 -0.863 3.696 2.913 1.594 0.204 0.291 0.213 -0.152 -0.492 -0.796 -0.975 -1.454 -1.525 -1.894 -2.028 -2.193 -2.399 -2.597
0.00011527 -2.13000 10.07918 0.7986698747 2.4182584286    0.787  2.293  3.6941  1.769    3  0.000  0.531     0.00     0.00     0.00     0.00     0.00 -1 -2.81e-10      0.00 7.542e-01 2.457e-01 2.034e-05 5.717e-06 5.110e-05 -1.000 1.206e-04 -0.964 3.702 2.905 1.558 0.139 0.212 0.129 -0.242 -0.587 -0.893 -1.074 -1.556 -1.628 -2.000 -2.135 -2.301 -2.509 -2.709
0.00011527 -2.13000 10.07918 0.7987035513 2.4182703495    0.787  2.336  3.6924  1.719    3  0.000  0.531     0.00     0.00     0.00     0.00     0.00 -1  -3.3e-10      0.00 7.542e-01 2.457e-01 2.034e-05 5.718e-06 5.110e-05 -1.000 1.204e-04 -1.071 3.701 2.890 1.514 0.067 0.126 0.036 -0.340 -0.688 -0.997 -1.179 -1.665 -1.737 -2.113 -2.249 -2.416 -2.625 -2.827
0.00011527 -2.13000 10.07918 0.7987322211 2.4182803631    0.786  2.375  3.6906  1.673    3  0.000  0.531     0.00     0.00     0.00     0.00     0.00 -1 -3.83e-10      0.00 7.542e-01 2.457e-01 2.034e-05 5.718e-06 5.110e-05 -1.000 1.205e-04 -1.168 3.710 2.885 1.482 0.005 0.052 -0.044 -0.426 -0.778 -1.090 -1.274 -1.764 -1.836 -2.215 -2.353 -2.521 -2.731 -2.935
0.00011527 -2.13000 10.07918 0.7987603545 2.4182901382    0.785  2.416  3.6888  1.624    3  0.000  0.531     0.00     0.00     0.00     0.00     0.00 -1 -4.47e-10      0.00 7.542e-01 2.457e-01 2.034e-05 5.718e-06 5.110e-05 -1.000 1.206e-04 -1.270 3.723 2.885 1.451 -0.057 -0.025 -0.128 -0.516 -0.873 -1.187 -1.373 -1.867 -1.940 -2.323 -2.461 -2.631 -2.843 -3.048
0.00011527 -2.13000 10.07918 0.7987866402 2.4182994366    0.785  2.457  3.6871  1.576    3  0.000  0.531     0.00     0.00     0.00     0.00     0.00 -1 -5.21e-10      0.00 7.542e-01 2.457e-01 2.034e-05 5.718e-06 5.110e-05 -1.000 1.206e-04 -1.373 3.731 2.882 1.419 -0.120 -0.102 -0.212 -0.607 -0.968 -1.285 -1.472 -1.970 -2.043 -2.430 -2.570 -2.740 -2.954 -3.161
0.00011527 -2.13000 10.07918 0.7988096476 2.4183075428    0.784  2.495  3.6853  1.530    3  0.000  0.531     0.00     0.00     0.00     0.00     0.00 -1 -6.03e-10      0.00 7.542e-01 2.457e-01 2.034e-05 5.718e-06 5.110e-05 -1.000 1.204e-04 -1.468 3.675 2.861 1.448 -0.133 -0.150 -0.279 -0.687 -1.056 -1.378 -1.568 -2.069 -2.143 -2.533 -2.674 -2.845 -3.061 -3.271
0.00011527 -2.13000 10.07918 0.7988324165 2.4183156490    0.783  2.536  3.6835  1.482    3  0.000  0.531     0.00     0.00     0.00     0.00     0.00 -1 -7.02e-10      0.00 7.542e-01 2.457e-01 2.034e-05 5.718e-06 5.111e-05 -1.000 1.206e-04 -1.570 3.717 2.879 1.409 -0.203 -0.229 -0.362 -0.775 -1.149 -1.474 -1.665 -2.170 -2.246 -2.639 -2.781 -2.954 -3.171 -3.382
0.00011527 -2.13000 10.07918 0.7988526225 2.4183225632    0.782  2.574  3.6818  1.436    3  0.000  0.531     0.00     0.00     0.00     0.00     0.00 -1 -8.12e-10      0.00 7.542e-01 2.457e-01 2.034e-05 5.718e-06 5.111e-05 -1.000 1.205e-04 -1.666 3.702 2.881 1.422 -0.230 -0.283 -0.431 -0.856 -1.237 -1.566 -1.759 -2.269 -2.345 -2.742 -2.885 -3.059 -3.278 -3.491
0.00011527 -2.13000 10.07918 0.7988715172 2.4183292389    0.781  2.613  3.6800  1.390    3  0.000  0.531     0.00     0.00     0.00     0.00     0.00 -1 -9.39e-10      0.00 7.542e-01 2.457e-01 2.034e-05 5.718e-06 5.111e-05 -1.000 1.206e-04 -1.762 3.694 2.893 1.444 -0.250 -0.332 -0.495 -0.933 -1.323 -1.657 -1.853 -2.368 -2.445 -2.845 -2.989 -3.164 -3.386 -3.600
0.00011527 -2.13000 10.07918 0.7988894582 2.4183354378    0.780  2.651  3.6782  1.343    3  0.000  0.531     0.00     0.00     0.00     0.00     0.00 -1 -1.09e-09      0.00 7.542e-01 2.457e-01 2.034e-05 5.718e-06 5.111e-05 -1.000 1.206e-04 -1.859 3.686 2.912 1.473 -0.263 -0.377 -0.558 -1.010 -1.409 -1.749 -1.948 -2.467 -2.545 -2.950 -3.095 -3.271 -3.494 -3.710
0.00011527 -2.13000 10.07918 0.7989088297 2.4183423519    0.778  2.697  3.6761  1.289    3  0.000  0.531     0.00     0.00     0.00     0.00     0.00 -1 -1.29e-09      0.00 7.542e-01 2.457e-01 2.034e-05 5.718e-06 5.111e-05 -1.000 1.205e-04 -1.971 3.682 2.939 1.510 -0.275 -0.426 -0.628 -1.098 -1.508 -1.855 -2.057 -2.583 -2.661 -3.071 -3.217 -3.394 -3.620 -3.838
0.00011527 -2.13000 10.07918 0.7989243865 2.4183478355    0.777  2.735  3.6741  1.242    3  0.000  0.531     0.00     0.00     0.00     0.00     0.00 -1 -1.49e-09      0.00 7.542e-01 2.457e-01 2.034e-05 5.718e-06 5.111e-05 -1.000 1.205e-04 -2.068 3.690 2.978 1.557 -0.273 -0.459 -0.682 -1.170 -1.591 -1.945 -2.151 -2.683 -2.762 -3.176 -3.323 -3.501 -3.729 -3.949
0.00011527 -2.13000 10.07918 0.7989404202 2.4183533192    0.775  2.778  3.6721  1.189    3  0.000  0.531     0.00     0.00     0.00     0.00     0.00 -1 -1.76e-09      0.00 7.542e-01 2.457e-01 2.034e-05 5.718e-06 5.111e-05 -1.000 1.205e-04 -2.176 3.701 3.024 1.609 -0.268 -0.495 -0.741 -1.249 -1.683 -2.045 -2.254 -2.793 -2.873 -3.292 -3.440 -3.620 -3.850 -4.072
0.00011527 -2.13000 10.07918 0.7989536524 2.4183580875    0.774  2.816  3.6703  1.143    3  0.000  0.531     0.00     0.00     0.00     0.00     0.00 -1 -2.03e-09      0.00 7.542e-01 2.457e-01 2.034e-05 5.718e-06 5.111e-05 -1.000 1.205e-04 -2.271 3.714 3.067 1.657 -0.262 -0.523 -0.791 -1.318 -1.764 -2.133 -2.345 -2.891 -2.972 -3.395 -3.544 -3.725 -3.957 -4.181
0.00011527 -2.13000 10.07918 0.7989671230 2.4183628559    0.772  2.858  3.6680  1.092    3  0.000  0.531     0.00     0.00     0.00     0.00     0.00 -1 -2.37e-09      0.00 7.542e-01 2.457e-01 2.034e-05 5.718e-06 5.111e-05 -1.000 1.205e-04 -2.374 3.741 3.139 1.739 -0.230 -0.538 -0.834 -1.386 -1.847 -2.225 -2.443 -2.997 -3.079 -3.507 -3.658 -3.841 -4.075 -4.302
0.00011527 -2.13000 10.07918 0.7989783287 2.4183666706    0.770  2.894  3.6663  1.047    3  0.000  0.531     0.00     0.00     0.00     0.00     0.00 -1 -2.72e-09      0.00 7.542e-01 2.457e-01 2.034e-05 5.718e-06 5.111e-05 -1.000 1.206e-04 -2.466 3.754 3.188 1.795 -0.212 -0.557 -0.876 -1.448 -1.922 -2.308 -2.530 -3.090 -3.173 -3.606 -3.758 -3.941 -4.178 -4.406
0.00011527 -2.13000 10.07918 0.7989901304 2.4183709621    0.768  2.935  3.6641  0.996    3  0.000  0.531     0.00     0.00     0.00     0.00     0.00 -1 -3.18e-09      0.00 7.542e-01 2.457e-01 2.034e-05 5.718e-06 5.111e-05 -1.000 1.206e-04 -2.568 3.788 3.268 1.887 -0.167 -0.561 -0.910 -1.510 -2.001 -2.398 -2.625 -3.195 -3.279 -3.717 -3.871 -4.056 -4.295 -4.525
0.00011527 -2.13000 10.07918 0.7990019917 2.4183750153    0.765  2.980  3.6618  0.942    3  0.000  0.531     0.00     0.00     0.00     0.00     0.00 -1 -3.77e-09      0.00 7.542e-01 2.457e-01 2.034e-05 5.718e-06 5.111e-05 -1.000 1.205e-04 -2.679 3.820 3.351 1.990 -0.111 -0.555 -0.938 -1.573 -2.084 -2.494 -2.727 -3.308 -3.394 -3.838 -3.994 -4.180 -4.421 -4.654
0.00011527 -2.13000 10.07918 0.7990117073 2.4183783531    0.763  3.018  3.6597  0.893    3  0.000  0.531     0.00     0.00     0.00     0.00     0.00 -1 -4.37e-09      0.00 7.542e-01 2.457e-01 2.034e-05 5.718e-06 5.111e-05 -1.000 1.205e-04 -2.775 3.858 3.435 2.098 -0.044 -0.536 -0.951 -1.620 -2.152 -2.576 -2.814 -3.407 -3.494 -3.945 -4.101 -4.289 -4.533 -4.767
0.00011527 -2.13000 10.07918 0.7990199924 2.4183814526    0.760  3.053  3.6578  0.849    3  0.000  0.531     0.00     0.00     0.00     0.00     0.00 -1 -4.99e-09      0.00 7.542e-01 2.457e-01 2.034e-05 5.718e-06 5.111e-05 -1.000 1.205e-04 -2.863 3.890 3.506 2.196 0.016 -0.519 -0.962 -1.661 -2.211 -2.647 -2.892 -3.495 -3.583 -4.040 -4.198 -4.387 -4.633 -4.869
0.00011527 -2.13000 10.07918 0.7990285754 2.4183843136    0.758  3.091  3.6558  0.802    3  0.000  0.531     0.00     0.00     0.00     0.00     0.00 -1 -5.77e-09      0.00 7.542e-01 2.457e-01 2.034e-05 5.718e-06 5.111e-05 -1.000 1.206e-04 -2.957 3.924 3.559 2.245 0.029 -0.534 -0.996 -1.717 -2.281 -2.727 -2.975 -3.588 -3.678 -4.141 -4.300 -4.490 -4.739 -4.977
0.00011527 -2.13000 10.07918 0.7990373373 2.4183874130    0.754  3.132  3.6535  0.749    3  0.000  0.531     0.00     0.00     0.00     0.00     0.00 -1 -6.76e-09      0.00 7.542e-01 2.457e-01 2.034e-05 5.718e-06 5.111e-05 -1.000 1.205e-04 -3.061 3.969 3.626 2.306 0.048 -0.547 -1.030 -1.776 -2.355 -2.812 -3.066 -3.690 -3.781 -4.251 -4.412 -4.604 -4.854 -5.095
0.00011527 -2.13000 10.07918 0.7990447283 2.4183900356    0.751  3.169  3.6514  0.702    3  0.000  0.531     0.00     0.00     0.00     0.00     0.00 -1  -7.8e-09      0.00 7.542e-01 2.457e-01 2.034e-05 5.718e-06 5.111e-05 -1.000 1.206e-04 -3.153 4.009 3.685 2.362 0.067 -0.557 -1.058 -1.828 -2.421 -2.888 -3.146 -3.780 -3.873 -4.349 -4.512 -4.706 -4.958 -5.201
0.00011527 -2.13000 10.07918 0.7990521193 2.4183926582    0.747  3.208  3.6492  0.652    3  0.000  0.531     0.00     0.00     0.00     0.00     0.00 -1 -9.05e-09      0.00 7.542e-01 2.457e-01 2.034e-05 5.718e-06 5.111e-05 -1.000 1.205e-04 -3.250 4.044 3.742 2.420 0.086 -0.569 -1.089 -1.882 -2.490 -2.967 -3.230 -3.874 -3.969 -4.452 -4.616 -4.811 -5.066 -5.311
0.00011527 -2.13000 10.07918 0.7990590334 2.4183950424    0.743  3.243  3.6472  0.606    3  0.000  0.531     0.00     0.00     0.00     0.00     0.00 -1 -1.04e-08      0.00 7.542e-01 2.457e-01 2.034e-05 5.719e-06 5.111e-05 -1.000 1.205e-04 -3.339 4.071 3.790 2.479 0.106 -0.577 -1.115 -1.930 -2.552 -3.039 -3.305 -3.960 -4.056 -4.546 -4.712 -4.908 -5.166 -5.413
0.00011527 -2.13000 10.07918 0.7990609407 2.4183957577    0.741  3.252  3.6467  0.594    3  0.000  0.531     0.00     0.00     0.00     0.00     0.00 -1 -1.08e-08      0.00 7.542e-01 2.457e-01 2.034e-05 5.719e-06 5.111e-05 -1.000 1.205e-04 -3.361 4.077 3.801 2.493 0.111 -0.579 -1.121 -1.942 -2.567 -3.057 -3.325 -3.982 -4.078 -4.569 -4.736 -4.933 -5.191 -5.438
0.00011527 -2.13000 10.07918 0.7990609407 2.4183957577    0.741  1.662  3.9334  3.331    4  0.000  0.533     0.00     0.00     0.00     0.00     0.00 -1    -1e-30      0.00 7.558e-01 2.441e-01 2.033e-05 5.668e-06 5.092e-05 -1.000 1.204e-04 0.614 1.097 1.049 0.972 0.880 0.684 0.670 0.656 0.639 0.620 0.607 0.569 0.557 0.510 0.502 0.490 0.480 0.467
0.00011527 -2.13000 10.07918 0.7990616560 2.4183959961    0.741  1.670  3.9289  3.305    4  0.000  0.533     0.00     0.00     0.00     0.00     0.00 -1    -1e-30      0.00 7.558e-01 2.441e-01 2.033e-05 5.668e-06 5.092e-05 -1.000 1.204e-04 0.595 1.110 1.058 0.973 0.869 0.663 0.646 0.629 0.610 0.587 0.573 0.529 0.517 0.465 0.456 0.442 0.430 0.416
0.00011527 -2.13000 10.07918 0.7991114855 2.4184134007    0.741  1.689  3.9194  3.249    4  0.000  0.533     0.00     0.00     0.00     0.00     0.00 -1    -1e-30      0.00 7.558e-01 2.441e-01 2.033e-05 5.668e-06 5.092e-05 -1.000 1.205e-04 0.548 1.131 1.071 0.968 0.839 0.617 0.596 0.573 0.546 0.517 0.498 0.442 0.428 0.367 0.355 0.336 0.319 0.301
0.00011527 -2.13000 10.07918 0.7991600037 2.4184303284    0.741  1.689  3.9197  3.250    4  0.000  0.533     0.00     0.00     0.00     0.00     0.00 -1    -1e-30      0.00 7.558e-01 2.441e-01 2.033e-05 5.668e-06 5.092e-05 -1.000 1.205e-04 0.547 1.128 1.069 0.966 0.838 0.616 0.595 0.572 0.546 0.517 0.499 0.443 0.429 0.368 0.356 0.337 0.321 0.303
0.00011527 -2.13000 10.07918 0.7992085814 2.4184474945    0.741  1.689  3.9201  3.251    4  0.000  0.533     0.00     0.00     0.00     0.00     0.00 -1    -1e-30      0.00 7.558e-01 2.441e-01 2.033e-05 5.668e-06 5.092e-05 -1.000 1.204e-04 0.547 1.125 1.066 0.965 0.837 0.616 0.595 0.573 0.547 0.518 0.500 0.445 0.430 0.371 0.358 0.340 0.323 0.306
0.00011527 -2.13000 10.07918 0.7992576957 2.4184646606    0.741  1.689  3.9204  3.252    4  0.000  0.533     0.00     0.00     0.00     0.00     0.00 -1    -1e-30      0.00 7.558e-01 2.441e-01 2.033e-05 5.668e-06 5.092e-05 -1.000 1.205e-04 0.547 1.123 1.065 0.964 0.837 0.616 0.595 0.573 0.547 0.519 0.500 0.446 0.432 0.372 0.360 0.342 0.325 0.308
0.00011527 -2.13000 10.07918 0.7993081212 2.4184823036    0.741  1.689  3.9204  3.252    4  0.000  0.533     0.00     0.00     0.00     0.00     0.00 -1    -1e-30      0.00 7.558e-01 2.441e-01 2.033e-05 5.668e-06 5.092e-05 -1.000 1.204e-04 0.547 1.123 1.064 0.963 0.837 0.615 0.595 0.573 0.547 0.519 0.500 0.446 0.431 0.372 0.360 0.342 0.325 0.308
0.00011527 -2.13000 10.07918 0.7993581891 2.4184999466    0.741  1.689  3.9202  3.251    4  0.000  0.533     0.00     0.00     0.00     0.00     0.00 -1    -1e-30      0.00 7.558e-01 2.441e-01 2.033e-05 5.668e-06 5.092e-05 -1.000 1.204e-04 0.547 1.124 1.065 0.964 0.836 0.615 0.594 0.572 0.546 0.518 0.499 0.444 0.430 0.370 0.358 0.340 0.323 0.306
0.00011527 -2.13000 10.07918 0.7994049788 2.4185163975    0.741  1.690  3.9198  3.249    4  0.000  0.533     0.00     0.00     0.00     0.00     0.00 -1    -1e-30      0.00 7.558e-01 2.441e-01 2.033e-05 5.668e-06 5.092e-05 -1.000 1.205e-04 0.546 1.126 1.067 0.965 0.836 0.614 0.593 0.571 0.544 0.516 0.497 0.441 0.427 0.367 0.354 0.336 0.319 0.302
0.00011527 -2.13000 10.07918 0.7994554639 2.4185340405    0.741  1.690  3.9190  3.246    4  0.000  0.533     0.00     0.00     0.00     0.00     0.00 -1    -1e-30      0.00 7.558e-01 2.441e-01 2.033e-05 5.668e-06 5.092e-05 -1.000 1.204e-04 0.544 1.130 1.070 0.966 0.836 0.613 0.592 0.569 0.542 0.513 0.494 0.437 0.423 0.362 0.349 0.330 0.313 0.295
0.00011527 -2.13000 10.07918 0.7995020747 2.4185502529    0.741  1.691  3.9179  3.241    4  0.000  0.533     0.00     0.00     0.00     0.00     0.00 -1    -1e-30      0.00 7.558e-01 2.441e-01 2.033e-05 5.668e-06 5.092e-05 -1.000 1.205e-04 0.542 1.135 1.074 0.968 0.835 0.612 0.591 0.567 0.539 0.509 0.489 0.430 0.416 0.354 0.341 0.321 0.303 0.285
0.00011527 -2.13000 10.07918 0.7995492220 2.4185667038    0.741  1.692  3.9164  3.234    4  0.000  0.533     0.00     0.00     0.00     0.00     0.00 -1    -1e-30      0.00 7.558e-01 2.441e-01 2.033e-05 5.668e-06 5.092e-05 -1.000 1.204e-04 0.540 1.142 1.080 0.971 0.834 0.610 0.589 0.563 0.534 0.503 0.482 0.422 0.407 0.344 0.330 0.309 0.291 0.271
0.00011527 -2.13000 10.07918 0.7995987535 2.4185841084    0.742  1.694  3.9144  3.224    4  0.000  0.533     0.00     0.00     0.00     0.00     0.00 -1    -1e-30      0.00 7.558e-01 2.441e-01 2.033e-05 5.668e-06 5.092e-05 -1.000 1.204e-04 0.536 1.152 1.088 0.975 0.833 0.608 0.586 0.559 0.528 0.495 0.473 0.410 0.395 0.330 0.315 0.293 0.274 0.254
0.00011527 -2.13000 10.07918 0.7996501923 2.4186022282    0.742  1.695  3.9119  3.212    4  0.000  0.533     0.00     0.00     0.00     0.00     0.00 -1    -1e-30      0.00 7.558e-01 2.441e-01 2.033e-05 5.668e-06 5.092e-05 -1.000 1.204e-04 0.531 1.165 1.098 0.981 0.832 0.605 0.582 0.553 0.520 0.485 0.462 0.395 0.379 0.312 0.296 0.273 0.252 0.230
0.00011527 -2.13000 10.07918 0.7996982336 2.4186189175    0.742  1.697  3.9089  3.198    4  0.000  0.533     0.00     0.00     0.00     0.00     0.00 -1    -1e-30      0.00 7.558e-01 2.441e-01 2.033e-05 5.668e-06 5.092e-05 -1.000 1.204e-04 0.526 1.179 1.110 0.987 0.831 0.603 0.579 0.548 0.512 0.474 0.449 0.378 0.362 0.292 0.274 0.250 0.227 0.204
0.00011527 -2.13000 10.07918 0.7997462153 2.4186358452    0.742  1.700  3.9055  3.182    4  0.000  0.533     0.00     0.00     0.00     0.00     0.00 -1    -1e-30      0.00 7.558e-01 2.441e-01 2.033e-05 5.668e-06 5.092e-05 -1.000 1.204e-04 0.520 1.196 1.123 0.993 0.828 0.601 0.577 0.542 0.503 0.462 0.435 0.358 0.341 0.268 0.250 0.222 0.198 0.173
0.00011527 -2.13000 10.07918 0.7997967005 2.4186534882    0.742  1.703  3.9013  3.162    4  0.000  0.533     0.00     0.00     0.00     0.00     0.00 -1    -1e-30      0.00 7.558e-01 2.441e-01 2.033e-05 5.668e-06 5.092e-05 -1.000 1.205e-04 0.513 1.217 1.140 1.001 0.826 0.599 0.575 0.536 0.493 0.448 0.418 0.334 0.317 0.240 0.219 0.189 0.162 0.135
0.00011527 -2.13000 10.07918 0.7998443246 2.4186701775    0.742  1.706  3.8967  3.141    4  0.000  0.533     0.00     0.00     0.00     0.00     0.00 -1    -1e-30      0.00 7.558e-01 2.441e-01 2.033e-05 5.668e-06 5.092e-05 -1.000 1.204e-04 0.505 1.238 1.156 1.008 0.822 0.599 0.575 0.531 0.483 0.433 0.400 0.309 0.291 0.210 0.187 0.154 0.124 0.095
0.00011527 -2.13000 10.07918 0.7998922467 2.4186868668    0.742  1.709  3.8916  3.117    4  0.000  0.533     0.00     0.00     0.00     0.00     0.00 -1    -1e-30      0.00 7.558e-01 2.441e-01 2.033e-05 5.668e-06 5.092e-05 -1.000 1.204e-04 0.496 1.261 1.175 1.016 0.817 0.600 0.576 0.527 0.473 0.417 0.381 0.281 0.262 0.176 0.151 0.114 0.080 0.049
0.00011527 -2.13000 10.07918 0.7999415398 2.4187040329    0.742  1.713  3.8858  3.090    4  0.000  0.533     0.00     0.00     0.00     0.00     0.00 -1    -1e-30      0.00 7.558e-01 2.441e-01 2.033e-05 5.668e-06 5.092e-05 -1.000 1.205e-04 0.486 1.289 1.195 1.023 0.810 0.605 0.582 0.526 0.464 0.402 0.361 0.250 0.231 0.139 0.111 0.070 0.032 -0.003
0.00011527 -2.13000 10.07918 0.7999920249 2.4187216759    0.742  1.718  3.8791  3.059    4  0.000  0.533     0.00     0.00     0.00     0.00     0.00 -1    -1e-30      0.00 7.558e-01 2.441e-01 2.033e-05 5.668e-06 5.092e-05 -1.000 1.204e-04 0.475 1.320 1.217 1.030 0.800 0.611 0.592 0.526 0.455 0.385 0.339 0.216 0.196 0.098 0.066 0.020 -0.024 -0.063
0.00011527 -2.13000 10.07918 0.8000391126 2.4187381268    0.742  1.723  3.8724  3.027    4  0.000  0.533     0.00     0.00     0.00     0.00     0.00 -1    -1e-30      0.00 7.558e-01 2.441e-01 2.033e-05 5.668e-06 5.092e-05 -1.000 1.204e-04 0.463 1.354 1.242 1.038 0.790 0.619 0.602 0.528 0.449 0.370 0.319 0.183 0.161 0.057 0.021 -0.031 -0.079 -0.124
0.00011527 -2.13000 10.07918 0.8000435829 2.4187397957    0.742  1.723  3.8717  3.024    4  0.000  0.533     0.00     0.00     0.00     0.00     0.00 -1    -1e-30      0.00 7.558e-01 2.441e-01 2.033e-05 5.668e-06 5.092e-05 -1.000 1.204e-04 0.462 1.357 1.244 1.039 0.789 0.620 0.603 0.528 0.448 0.368 0.317 0.179 0.158 0.053 0.016 -0.035 -0.085 -0.130
0.00011527 -2.13000 10.07918 0.8000515699 2.4187426567    0.742  1.724  3.8706  3.019    4  0.000  0.533     0.00     0.00     0.00     0.00     0.00 -1    -1e-30      0.00 7.558e-01 2.441e-01 2.033e-05 5.668e-06 5.092e-05 -1.000 1.204e-04 0.460 1.363 1.248 1.040 0.787 0.621 0.605 0.528 0.447 0.366 0.313 0.174 0.152 0.046 0.009 -0.044 -0.094 -0.140
0.00011527 -2.13000 10.07918 0.8000986576 2.4187591076    0.742  1.729  3.8639  2.987    4  0.000  0.533     0.00     0.00     0.00     0.00     0.00 -1    -1e-30      0.00 7.558e-01 2.441e-01 2.033e-05 5.668e-06 5.092e-05 -1.000 1.204e-04 0.449 1.400 1.276 1.049 0.776 0.630 0.617 0.532 0.442 0.352 0.295 0.142 0.119 0.006 -0.035 -0.093 -0.149 -0.199
0.00011527 -2.13000 10.07918 0.8001445532 2.4187750816    0.742  1.733  3.8568  2.954    4  0.000  0.533     0.00     0.00     0.00     0.00     0.00 -1    -1e-30      0.00 7.558e-01 2.441e-01 2.033e-05 5.668e-06 5.092e-05 -1.000 1.204e-04 0.437 1.443 1.307 1.060 0.764 0.639 0.630 0.536 0.438 0.340 0.277 0.110 0.086 -0.034 -0.080 -0.143 -0.206 -0.262
0.00011527 -2.13000 10.07918 0.8001936078 2.4187922478    0.742  1.739  3.8488  2.917    4  0.000  0.533     0.00     0.00     0.00     0.00     0.00 -1    -1e-30      0.00 7.558e-01 2.441e-01 2.033e-05 5.668e-06 5.092e-05 -1.000 1.204e-04 0.423 1.495 1.346 1.073 0.749 0.650 0.646 0.543 0.435 0.327 0.259 0.075 0.050 -0.080 -0.130 -0.200 -0.269 -0.332
0.00011527 -2.13000 10.07918 0.8002403378 2.4188084602    0.742  1.745  3.8406  2.878    4  0.000  0.533     0.00     0.00     0.00     0.00     0.00 -1    -1e-30      0.00 7.558e-01 2.441e-01 2.033e-05 5.668e-06 5.092e-05 -1.000 1.205e-04 0.408 1.553 1.389 1.089 0.735 0.663 0.663 0.551 0.433 0.315 0.240 0.040 0.013 -0.126 -0.182 -0.257 -0.335 -0.405
0.00011527 -2.13000 10.07918 0.8002851009 2.4188241959    0.742  1.750  3.8326  2.840    4  0.000  0.533     0.00     0.00     0.00     0.00     0.00 -1    -1e-30      0.00 7.558e-01 2.441e-01 2.033e-05 5.668e-06 5.092e-05 -1.000 1.204e-04 0.394 1.613 1.434 1.105 0.722 0.676 0.680 0.558 0.431 0.303 0.223 0.007 -0.023 -0.171 -0.231 -0.313 -0.398 -0.475
0.00011527 -2.13000 10.07918 0.8003312945 2.4188404083    0.742  1.757  3.8244  2.801    4  0.000  0.533     0.00     0.00     0.00     0.00     0.00 -1    -1e-30      0.00 7.558e-01 2.441e-01 2.033e-05 5.668e-06 5.092e-05 -1.000 1.204e-04 0.378 1.682 1.486 1.127 0.709 0.691 0.699 0.567 0.429 0.291 0.205 -0.027 -0.058 -0.217 -0.283 -0.370 -0.463 -0.547
0.00011527 -2.13000 10.07918 0.8003766537 2.4188561440    0.742  1.763  3.8164  2.763    4  0.000  0.533     0.00     0.00     0.00     0.00     0.00 -1    -1e-30      0.00 7.558e-01 2.441e-01 2.033e-05 5.668e-06 5.092e-05 -1.000 1.204e-04 0.363 1.755 1.542 1.150 0.699 0.705 0.717 0.575 0.427 0.280 0.188 -0.060 -0.093 -0.262 -0.332 -0.426 -0.526 -0.618
0.00011527 -2.13000 10.07918 0.8004224896 2.4188721180    0.742  1.769  3.8088  2.726    4  0.000  0.533     0.00     0.00     0.00     0.00     0.00 -1    -1e-30      0.00 7.558e-01 2.441e-01 2.033e-05 5.668e-06 5.092e-05 -1.000 1.204e-04 0.347 1.825 1.594 1.171 0.686 0.721 0.736 0.584 0.425 0.269 0.171 -0.092 -0.127 -0.306 -0.381 -0.480 -0.587 -0.685
0.00011527 -2.13000 10.07918 0.8004683256 2.4188883305    0.742  1.776  3.8017  2.692    4  0.000  0.533     0.00     0.00     0.00     0.00     0.00 -1    -1e-30      0.00 7.558e-01 2.441e-01 2.033e-05 5.668e-06 5.092e-05 -1.000 1.204e-04 0.330 1.891 1.642 1.190 0.673 0.736 0.754 0.592 0.424 0.258 0.155 -0.122 -0.159 -0.348 -0.427 -0.530 -0.645 -0.749
0.00011527 -2.13000 10.07918 0.8005145192 2.4189043045    0.743  1.784  3.7939  2.652    4  0.000  0.533     0.00     0.00     0.00     0.00     0.00 -1    -1e-30      0.00 7.558e-01 2.441e-01 2.033e-05 5.668e-06 5.092e-05 -1.000 1.205e-04 0.309 1.971 1.701 1.213 0.660 0.751 0.773 0.598 0.419 0.243 0.134 -0.158 -0.196 -0.397 -0.481 -0.589 -0.711 -0.823
0.00011527 -2.13000 10.07918 0.8005236983 2.4189076424    0.743  1.784  3.7931  2.649    4  0.000  0.533     0.00     0.00     0.00     0.00     0.00 -1    -1e-30      0.00 7.558e-01 2.441e-01 2.033e-05 5.668e-06 5.092e-05 -1.000 1.205e-04 0.309 1.981 1.710 1.218 0.661 0.755 0.778 0.602 0.422 0.245 0.135 -0.158 -0.197 -0.400 -0.483 -0.593 -0.715 -0.827
0.00011527 -2.13000 10.07918 0.8005711436 2.4189240932    0.743  1.795  3.7851  2.606    4  0.000  0.533     0.00     0.00     0.00     0.00     0.00 -1    -1e-30      0.00 7.558e-01 2.441e-01 2.033e-05 5.668e-06 5.092e-05 -1.000 1.204e-04 0.282 2.063 1.769 1.241 0.645 0.766 0.791 0.604 0.412 0.225 0.109 -0.199 -0.241 -0.455 -0.543 -0.657 -0.787 -0.907
0.00011527 -2.13000 10.07918 0.8006178141 2.4189405441    0.743  1.811  3.7758  2.553    4  0.000  0.533     0.00     0.00     0.00     0.00     0.00 -1    -1e-30      0.00 7.558e-01 2.441e-01 2.033e-05 5.668e-06 5.092e-05 -1.000 1.205e-04 0.243 2.166 1.844 1.270 0.627 0.775 0.800 0.599 0.394 0.195 0.073 -0.253 -0.297 -0.526 -0.619 -0.740 -0.878 -1.007
0.00011527 -2.13000 10.07918 0.8006570339 2.4189541340    0.743  1.837  3.7639  2.479    4  0.000  0.533     0.00     0.00     0.00     0.00     0.00 -1    -1e-30      0.00 7.558e-01 2.441e-01 2.033e-05 5.668e-06 5.092e-05 -1.000 1.205e-04 0.177 2.312 1.949 1.309 0.599 0.774 0.797 0.577 0.356 0.142 0.012 -0.337 -0.385 -0.632 -0.733 -0.860 -1.010 -1.150
0.00011527 -2.13000 10.07918 0.8006783724 2.4189615250    0.743  1.869  3.7532  2.405    4  0.000  0.533     0.00     0.00     0.00     0.00     0.00 -1    -1e-30      0.00 7.558e-01 2.441e-01 2.033e-05 5.668e-06 5.092e-05 -1.000 1.205e-04 0.098 2.464 2.058 1.349 0.565 0.758 0.778 0.540 0.303 0.076 -0.062 -0.431 -0.482 -0.747 -0.853 -0.987 -1.146 -1.295
0.00011527 -2.13000 10.07918 0.8006879687 2.4189648628    0.743  1.901  3.7445  2.338    4  0.000  0.533     0.00     0.00     0.00     0.00     0.00 -1    -1e-30      0.00 7.558e-01 2.441e-01 2.033e-05 5.668e-06 5.092e-05 -1.000 1.204e-04 0.017 2.592 2.146 1.376 0.529 0.731 0.746 0.494 0.243 0.006 -0.138 -0.523 -0.576 -0.856 -0.966 -1.105 -1.271 -1.428
0.00011527 -2.13000 10.07918 0.8006922603 2.4189662933    0.743  1.935  3.7370  2.274    4  0.000  0.533     0.00     0.00     0.00     0.00     0.00 -1    -1e-30      0.00 7.558e-01 2.441e-01 2.033e-05 5.668e-06 5.092e-05 -1.000 1.204e-04 -0.067 2.720 2.236 1.405 0.495 0.697 0.705 0.439 0.177 -0.069 -0.219 -0.617 -0.673 -0.966 -1.079 -1.222 -1.394 -1.557
0.00011527 -2.13000 10.07918 0.8006942868 2.4189670086    0.743  1.968  3.7313  2.218    4  0.000  0.533     0.00     0.00     0.00     0.00     0.00 -1    -1e-30      0.00 7.558e-01 2.441e-01 2.033e-05 5.668e-06 5.092e-05 -1.000 1.204e-04 -0.149 2.831 2.314 1.429 0.463 0.658 0.658 0.381 0.110 -0.144 -0.298 -0.707 -0.765 -1.067 -1.184 -1.330 -1.506 -1.674
0.00011527 -2.13000 10.07918 0.8006951213 2.4189674854    0.743  1.989  3.7283  2.185    7  0.000  0.533     0.00     0.00     0.00     0.00     0.00 -1    -1e-30      0.00 7.558e-01 2.441e-01 2.033e-05 5.668e-06 5.092e-05 -1.000 1.204e-04 -0.202 2.888 2.352 1.436 0.440 0.629 0.624 0.341 0.065 -0.193 -0.348 -0.763 -0.822 -1.130 -1.248 -1.395 -1.574 -1.745
0.00011527 -2.13000 10.07918 0.8006953597 2.4189674854    0.743  1.998  3.7272  2.172    7  0.000  0.533     0.00     0.00     0.00     0.00     0.00 -1    -1e-30      0.00 7.558e-01 2.441e-01 2.033e-05 5.668e-06 5.092e-05 -1.000 1.204e-04 -0.225 2.907 2.364 1.436 0.428 0.615 0.609 0.323 0.045 -0.214 -0.370 -0.787 -0.846 -1.156 -1.275 -1.422 -1.602 -1.774
0.00011527 -2.13000 10.07918 0.8006963134 2.4189677238    0.743  2.038  3.7231  2.115    7  0.000  0.533     0.00     0.00     0.00     0.00     0.00 -1    -1e-30      0.00 7.558e-01 2.441e-01 2.033e-05 5.668e-06 5.092e-05 -1.000 1.204e-04 -0.326 2.965 2.395 1.422 0.370 0.547 0.534 0.240 -0.045 -0.310 -0.469 -0.893 -0.954 -1.271 -1.392 -1.542 -1.725 -1.901
0.00011527 -2.13000 10.07918 0.8006971478 2.4189682007    0.743  2.078  3.7196  2.061    7  0.000  0.533     0.00     0.00     0.00     0.00     0.00 -1    -1e-30      0.00 7.558e-01 2.441e-01 2.033e-05 5.668e-06 5.092e-05 -1.000 1.204e-04 -0.424 3.005 2.411 1.400 0.310 0.478 0.458 0.157 -0.134 -0.403 -0.564 -0.995 -1.057 -1.381 -1.503 -1.655 -1.842 -2.020
0.00011527 -2.13000 10.07918 0.8006979823 2.4189684391    0.743  2.115  3.7166  2.012    7  0.000  0.533     0.00     0.00     0.00     0.00     0.00 -1    -1e-30      0.00 7.558e-01 2.441e-01 2.033e-05 5.668e-06 5.092e-05 -1.000 1.204e-04 -0.519 3.045 2.428 1.380 0.254 0.413 0.386 0.078 -0.219 -0.492 -0.656 -1.093 -1.155 -1.485 -1.609 -1.763 -1.951 -2.132
0.00011527 -2.13000 10.07918 0.8006988168 2.4189686775    0.743  2.150  3.7140  1.967    7  0.000  0.533     0.00     0.00     0.00     0.00     0.00 -1    -1e-30      0.00 7.558e-01 2.441e-01 2.033e-05 5.668e-06 5.092e-05 -1.000 1.204e-04 -0.605 3.080 2.443 1.362 0.204 0.351 0.319 0.004 -0.298 -0.574 -0.740 -1.181 -1.245 -1.579 -1.704 -1.859 -2.050 -2.233
0.00011527 -2.13000 10.07918 0.8007002473 2.4189691544    0.743  2.172  3.7127  1.939    7  0.000  0.533     0.00     0.00     0.00     0.00     0.00 -1    -1e-30      0.00 7.558e-01 2.441e-01 2.033e-05 5.668e-06 5.092e-05 -1.000 1.204e-04 -0.660 3.095 2.447 1.347 0.170 0.310 0.274 -0.045 -0.349 -0.628 -0.794 -1.239 -1.303 -1.639 -1.765 -1.921 -2.113 -2.298
0.00011527 -2.13000 10.07918 0.8007027507 2.4189701080    0.743  2.152  3.7142  1.965    7  0.000  0.533     0.00     0.00     0.00     0.00     0.00 -1    -1e-30      0.00 7.558e-01 2.441e-01 2.033e-05 5.668e-06 5.092e-05 -1.000 1.205e-04 -0.611 3.068 2.432 1.353 0.196 0.343 0.311 -0.004 -0.305 -0.581 -0.746 -1.188 -1.252 -1.585 -1.710 -1.865 -2.056 -2.239
0.00011527 -2.13000 10.07918 0.8007189631 2.4189758301    0.743  2.142  3.7145  1.977    7  0.000  0.533     0.00     0.00     0.00     0.00     0.00 -1    -1e-30      0.00 7.558e-01 2.441e-01 2.033e-05 5.668e-06 5.092e-05 -1.000 1.204e-04 -0.585 3.074 2.442 1.367 0.216 0.366 0.335 0.021 -0.279 -0.555 -0.720 -1.161 -1.225 -1.558 -1.683 -1.838 -2.028 -2.211
0.00011527 -2.13000 10.07918 0.8007342219 2.4189810753    0.743  2.171  3.7122  1.938    7  0.000  0.533     0.00     0.00     0.00     0.00     0.00 -1    -1e-30      0.00 7.558e-01 2.441e-01 2.033e-05 5.668e-06 5.092e-05 -1.000 1.204e-04 -0.659 3.117 2.465 1.359 0.177 0.316 0.279 -0.041 -0.346 -0.625 -0.792 -1.238 -1.302 -1.639 -1.766 -1.922 -2.114 -2.299
0.00011527 -2.13000 10.07918 0.8007527590 2.4189875126    0.743  2.218  3.7089  1.878    7  0.000  0.533     0.00     0.00     0.00     0.00     0.00 -1    -1e-30      0.00 7.558e-01 2.441e-01 2.033e-05 5.668e-06 5.092e-05 -1.000 1.205e-04 -0.775 3.166 2.488 1.337 0.110 0.233 0.187 -0.141 -0.453 -0.737 -0.906 -1.358 -1.424 -1.767 -1.895 -2.053 -2.248 -2.435
0.00011527 -2.13000 10.07918 0.8007704020 2.4189937115    0.743  2.261  3.7061  1.824    7  0.000  0.533     0.00     0.00     0.00     0.00     0.00 -1    -1e-30      0.00 7.558e-01 2.441e-01 2.033e-05 5.668e-06 5.092e-05 -1.000 1.204e-04 -0.884 3.211 2.508 1.317 0.049 0.156 0.102 -0.234 -0.552 -0.840 -1.011 -1.469 -1.536 -1.884 -2.014 -2.173 -2.371 -2.560
0.00011527 -2.13000 10.07918 0.8007866740 2.4189994335    0.743  2.304  3.7035  1.771    7  0.000  0.533     0.00     0.00     0.00     0.00     0.00 -1    -1e-30      0.00 7.558e-01 2.441e-01 2.033e-05 5.668e-06 5.092e-05 -1.000 1.204e-04 -0.990 3.249 2.524 1.294 -0.013 0.079 0.017 -0.326 -0.650 -0.941 -1.115 -1.578 -1.646 -2.000 -2.130 -2.291 -2.491 -2.683
0.00011527 -2.13000 10.07918 0.8008013368 2.4190044403    0.743  2.346  3.7010  1.719    7  0.000  0.533     0.00     0.00     0.00     0.00     0.00 -1    -1e-30      0.00 7.558e-01 2.441e-01 2.033e-05 5.669e-06 5.092e-05 -1.000 1.200e-04 -1.095 3.283 2.536 1.269 -0.076 0.003 -0.066 -0.417 -0.746 -1.041 -1.217 -1.685 -1.754 -2.112 -2.244 -2.407 -2.608 -2.803
0.00011527 -2.13000 10.07918 0.8008143306 2.4190089703    0.743  2.388  3.6986  1.668    7  0.000  0.532     0.00     0.00     0.00     0.00     0.00 -1    -1e-30      0.00 7.558e-01 2.441e-01 2.032e-05 5.671e-06 5.092e-05 -1.000 1.134e-04 -1.199 3.316 2.549 1.246 -0.136 -0.073 -0.149 -0.507 -0.841 -1.140 -1.318 -1.791 -1.861 -2.224 -2.357 -2.521 -2.725 -2.922
0.00011527 -2.13000 10.07918 0.8008257151 2.4190130234    0.743  2.429  3.6962  1.617    7  0.000  0.531     0.00     0.00     0.00     0.00     0.00 -1    -1e-30      0.00 7.558e-01 2.441e-01 2.026e-05 5.693e-06 5.092e-05 -1.000 1.141e-04 -1.302 3.349 2.564 1.224 -0.194 -0.146 -0.231 -0.595 -0.935 -1.238 -1.418 -1.896 -1.966 -2.334 -2.469 -2.634 -2.840 -3.039
0.00011527 -2.13000 10.07918 0.8008357882 2.4190165997    0.743  2.470  3.6940  1.567    7  0.000  0.525     0.00     0.00     0.00     0.00     0.00 -1    -1e-30      0.00 7.557e-01 2.442e-01 2.005e-05 5.839e-06 5.092e-05 -1.000 1.080e-04 -1.404 3.381 2.578 1.203 -0.252 -0.219 -0.311 -0.683 -1.028 -1.335 -1.516 -1.999 -2.070 -2.443 -2.579 -2.746 -2.954 -3.155
0.00011527 -2.13000 10.07918 0.8008449674 2.4190196991    0.743  2.511  3.6917  1.517    7  0.000  0.512     0.00     0.00     0.00     0.00     0.00 -1    -1e-30      0.00 7.556e-01 2.442e-01 1.958e-05 6.323e-06 5.093e-05 -1.000 1.182e-04 -1.507 3.412 2.591 1.180 -0.311 -0.293 -0.392 -0.772 -1.122 -1.432 -1.616 -2.103 -2.175 -2.552 -2.690 -2.858 -3.068 -3.271
0.00011527 -2.13000 10.07918 0.8008531928 2.4190225601    0.743  2.551  3.6894  1.467    7  0.000  0.495     0.00     0.00     0.00     0.00     0.00 -1    -1e-30      0.00 7.555e-01 2.444e-01 1.898e-05 7.038e-06 5.094e-05 -1.000 1.205e-04 -1.608 3.446 2.610 1.163 -0.366 -0.364 -0.471 -0.858 -1.214 -1.528 -1.713 -2.206 -2.279 -2.661 -2.799 -2.968 -3.181 -3.386
0.00011527 -2.13000 10.07918 0.8008608818 2.4190251827    0.743  2.592  3.6872  1.418    7  0.000  0.480     0.00     0.00     0.00     0.00     0.00 -1    -1e-30      0.00 7.554e-01 2.445e-01 1.840e-05 7.749e-06 5.095e-05 -1.000 1.206e-04 -1.709 3.486 2.639 1.156 -0.416 -0.431 -0.548 -0.943 -1.305 -1.623 -1.810 -2.308 -2.382 -2.769 -2.909 -3.079 -3.293 -3.501
0.00011527 -2.13000 10.07918 0.8008679748 2.4190278053    0.743  2.632  3.6849  1.368    7  0.000  0.466     0.00     0.00     0.00     0.00     0.00 -1    -1e-30      0.00 7.551e-01 2.447e-01 1.789e-05 8.381e-06 5.096e-05 -1.000 1.162e-04 -1.811 3.510 2.663 1.163 -0.454 -0.492 -0.621 -1.027 -1.396 -1.719 -1.908 -2.412 -2.486 -2.878 -3.019 -3.191 -3.407 -3.617
0.00011527 -2.13000 10.07918 0.8008746505 2.4190299511    0.743  2.672  3.6827  1.319    7  0.000  0.455     0.00     0.00     0.00     0.00     0.00 -1    -1e-30      0.00 7.549e-01 2.450e-01 1.746e-05 8.917e-06 5.097e-05 -1.000 1.138e-04 -1.911 3.510 2.685 1.200 -0.466 -0.538 -0.685 -1.106 -1.485 -1.814 -2.007 -2.516 -2.591 -2.987 -3.130 -3.303 -3.521 -3.733
0.00011527 -2.13000 10.07918 0.8008810878 2.4190323353    0.743  2.713  3.6805  1.270    7  0.000  0.445     0.00     0.00     0.00     0.00     0.00 -1    -1e-30      0.00 7.547e-01 2.452e-01 1.707e-05 9.389e-06 5.097e-05 -1.000 1.205e-04 -2.013 3.514 2.714 1.244 -0.473 -0.579 -0.747 -1.185 -1.575 -1.910 -2.106 -2.621 -2.697 -3.098 -3.241 -3.416 -3.637 -3.851
0.00011527 -2.13000 10.07918 0.8008872271 2.4190344810    0.743  2.753  3.6782  1.221    7  0.000  0.436     0.00     0.00     0.00     0.00     0.00 -1    -1e-30      0.00 7.545e-01 2.454e-01 1.675e-05 9.795e-06 5.097e-05 -1.000 1.206e-04 -2.113 3.522 2.754 1.297 -0.470 -0.614 -0.803 -1.260 -1.661 -2.003 -2.203 -2.724 -2.802 -3.207 -3.352 -3.528 -3.751 -3.968
0.00011527 -2.13000 10.07918 0.8008930087 2.4190363884    0.743  2.794  3.6759  1.170    7  0.000  0.429     0.00     0.00     0.00     0.00     0.00 -1    -1e-30      0.00 7.542e-01 2.457e-01 1.645e-05 1.016e-05 5.094e-05 -1.000 1.205e-04 -2.215 3.536 2.805 1.359 -0.459 -0.644 -0.856 -1.333 -1.748 -2.098 -2.301 -2.830 -2.908 -3.319 -3.465 -3.642 -3.868 -4.087
0.00011527 -2.13000 10.07918 0.8008980751 2.4190382957    0.743  2.836  3.6736  1.120    7  0.000  0.422     0.00     0.00     0.00     0.00     0.00 -1    -1e-30      0.00 7.539e-01 2.459e-01 1.620e-05 1.047e-05 5.089e-05 -1.000 1.205e-04 -2.319 3.559 2.865 1.430 -0.440 -0.667 -0.906 -1.405 -1.834 -2.193 -2.401 -2.937 -3.016 -3.432 -3.580 -3.758 -3.987 -4.208
0.00011527 -2.13000 10.07918 0.8009023666 2.4190397263    0.743  2.877  3.6712  1.069    7  0.000  0.418     0.00     0.00     0.00     0.00     0.00 -1    -1e-30      0.00 7.537e-01 2.462e-01 1.599e-05 1.076e-05 5.081e-05 -1.000 1.204e-04 -2.422 3.589 2.935 1.509 -0.413 -0.684 -0.950 -1.474 -1.918 -2.286 -2.498 -3.043 -3.123 -3.545 -3.694 -3.874 -4.105 -4.328
0.00011527 -2.13000 10.07918 0.8009060025 2.4190409184    0.743  2.918  3.6688  1.018    7  0.000  0.414     0.00     0.00     0.00     0.00     0.00 -1    -1e-30      0.00 7.534e-01 2.464e-01 1.581e-05 1.103e-05 5.070e-05 -1.000 1.176e-04 -2.524 3.623 3.015 1.598 -0.375 -0.693 -0.989 -1.539 -1.999 -2.378 -2.595 -3.148 -3.230 -3.657 -3.808 -3.989 -4.223 -4.448
0.00011527 -2.13000 10.07918 0.8009092808 2.4190421104    0.743  2.957  3.6664  0.969    7  0.000  0.411     0.00     0.00     0.00     0.00     0.00 -1    -1e-30      0.00 7.532e-01 2.467e-01 1.565e-05 1.130e-05 5.055e-05 -1.000 1.057e-04 -2.624 3.658 3.102 1.701 -0.322 -0.690 -1.017 -1.597 -2.075 -2.465 -2.687 -3.250 -3.334 -3.766 -3.919 -4.102 -4.338 -4.566
0.00011527 -2.13000 10.07918 0.8009126186 2.4190433025    0.743  2.999  3.6639  0.918    7  0.000  0.409     0.00     0.00     0.00     0.00     0.00 -1    -1e-30      0.00 7.530e-01 2.469e-01 1.553e-05 1.156e-05 5.040e-05 -1.000 1.205e-04 -2.726 3.701 3.199 1.820 -0.253 -0.674 -1.036 -1.650 -2.149 -2.552 -2.781 -3.356 -3.441 -3.880 -4.034 -4.218 -4.457 -4.687
0.00011527 -2.13000 10.07918 0.8009157181 2.4190444946    0.743  3.043  3.6612  0.863    7  0.000  0.408     0.00     0.00     0.00     0.00     0.00 -1    -1e-30      0.00 7.527e-01 2.472e-01 1.543e-05 1.182e-05 5.023e-05 -1.000 1.205e-04 -2.838 3.755 3.311 1.958 -0.167 -0.646 -1.047 -1.703 -2.226 -2.646 -2.882 -3.470 -3.557 -4.004 -4.159 -4.346 -4.587 -4.820
0.00011527 -2.13000 10.07918 0.8009170890 2.4190449715    0.743  3.065  3.6599  0.835    7  0.000  0.407     0.00     0.00     0.00     0.00     0.00 -1    -1e-30      0.00 7.525e-01 2.474e-01 1.535e-05 1.204e-05 5.007e-05 -1.000 1.205e-04 -2.893 3.785 3.369 2.032 -0.119 -0.627 -1.049 -1.726 -2.263 -2.691 -2.931 -3.527 -3.614 -4.065 -4.221 -4.409 -4.652 -4.885
0.00011527 -2.13000 10.07918 0.8009175658 2.4190449715    0.743  3.049  3.6609  0.855    7  0.000  0.407     0.00     0.00     0.00     0.00     0.00 -1    -1e-30      0.00 7.524e-01 2.475e-01 1.532e-05 1.215e-05 4.999e-05 -1.000 1.205e-04 -2.853 3.763 3.326 1.977 -0.154 -0.641 -1.048 -1.709 -2.236 -2.658 -2.895 -3.485 -3.572 -4.020 -4.176 -4.362 -4.604 -4.837
0.00011527 -2.13000 10.07918 0.8009176254 2.4190449715    0.743  3.047  3.6610  0.857    7  0.000  0.407     0.00     0.00     0.00     0.00     0.00 -1    -1e-30      0.00 7.524e-01 2.475e-01 1.532e-05 1.215e-05 4.999e-05 -1.000 1.205e-04 -2.848 3.761 3.322 1.972 -0.158 -0.642 -1.048 -1.707 -2.233 -2.654 -2.891 -3.481 -3.568 -4.016 -4.171 -4.358 -4.600 -4.832
0.00011527 -2.13000 10.07918 0.8009176850 2.4190449715    0.743  3.048  3.6609  0.856    7  0.000  0.407     0.00     0.00     0.00     0.00     0.00 -1    -1e-30      0.00 7.524e-01 2.475e-01 1.532e-05 1.216e-05 4.998e-05 -1.000 1.205e-04 -2.851 3.763 3.326 1.976 -0.155 -0.641 -1.047 -1.708 -2.235 -2.656 -2.894 -3.484 -3.570 -4.018 -4.174 -4.361 -4.603 -4.835
0.00011527 -2.13000 10.07918 0.8009178042 2.4190452099    0.743  3.062  3.6601  0.839    7  0.000  0.407     0.00     0.00     0.00     0.00     0.00 -1    -1e-30      0.00 7.524e-01 2.475e-01 1.531e-05 1.217e-05 4.998e-05 -1.000 1.204e-04 -2.886 3.782 3.362 2.022 -0.125 -0.629 -1.049 -1.723 -2.258 -2.685 -2.925 -3.519 -3.607 -4.057 -4.213 -4.401 -4.643 -4.877
0.00011527 -2.13000 10.07918 0.8009179235 2.4190452099    0.743  3.073  3.6594  0.826    7  0.000  0.407     0.00     0.00     0.00     0.00     0.00 -1    -1e-30      0.00 7.524e-01 2.475e-01 1.531e-05 1.217e-05 4.998e-05 -1.000 1.205e-04 -2.912 3.794 3.388 2.059 -0.101 -0.620 -1.049 -1.734 -2.275 -2.706 -2.948 -3.546 -3.634 -4.086 -4.243 -4.431 -4.674 -4.909
0.00011527 -2.13000 10.07918 0.8009180427 2.4190452099    0.743  3.093  3.6581  0.801    7  0.000  0.407     0.00     0.00     0.00     0.00     0.00 -1    -1e-30      0.00 7.524e-01 2.475e-01 1.531e-05 1.219e-05 4.996e-05 -1.000 1.205e-04 -2.962 3.819 3.440 2.133 -0.051 -0.598 -1.047 -1.753 -2.307 -2.746 -2.991 -3.597 -3.686 -4.142 -4.300 -4.488 -4.733 -4.969
0.00011527 -2.13000 10.07918 0.8009182811 2.4190452099    0.743  3.127  3.6560  0.758    7  0.000  0.406     0.00     0.00     0.00     0.00     0.00 -1    -1e-30      0.00 7.521e-01 2.478e-01 1.521e-05 1.252e-05 4.972e-05 -1.000 1.205e-04 -3.047 3.867 3.508 2.196 -0.026 -0.602 -1.069 -1.797 -2.365 -2.814 -3.064 -3.679 -3.769 -4.232 -4.392 -4.582 -4.829 -5.067
0.00011527 -2.13000 10.07918 0.8009186387 2.4190454483    0.743  3.178  3.6526  0.693    7  0.000  0.406     0.00     0.00     0.00     0.00     0.00 -1    -1e-30      0.00 7.517e-01 2.482e-01 1.508e-05 1.297e-05 4.939e-05 -1.000 1.205e-04 -3.175 3.943 3.614 2.295 0.015 -0.604 -1.100 -1.864 -2.453 -2.917 -3.174 -3.805 -3.897 -4.370 -4.532 -4.725 -4.976 -5.217
0.00011527 -2.13000 10.07918 0.8009191751 2.4190456867    0.743  3.230  3.6491  0.628    7  0.523  0.405     0.00     0.00     0.00     0.00     0.00 -1    -1e-30      0.00 7.512e-01 2.486e-01 1.494e-05 1.350e-05 4.899e-05 -1.000 1.205e-04 -3.304 4.016 3.720 2.401 0.060 -0.603 -1.128 -1.927 -2.539 -3.019 -3.282 -3.929 -4.024 -4.508 -4.672 -4.867 -5.122 -5.367
0.00011527 -2.13000 10.07918 0.8009194732 2.4190456867    0.743  3.240  3.6460  0.605    8  0.521  0.419    47.53    26.44    17.47    13.85    11.24  1 -4.22e-07      0.00 7.511e-01 2.488e-01 1.559e-05 1.365e-05 4.944e-05 -1.000 1.478e-04 -3.331 4.124 3.851 2.543 0.152 -0.539 -1.083 -1.906 -2.532 -3.023 -3.291 -3.950 -4.046 -4.539 -4.706 -4.904 -5.163 -5.411
0.00011527 -2.13000 10.07918 0.8009195328 2.4190456867    0.741  3.023  3.6599  0.877    8  0.521  0.420    26.76    16.16    10.91     8.59     6.96  1 -1.78e-07      0.00 7.511e-01 2.488e-01 1.559e-05 1.365e-05 4.944e-05 -1.000 1.478e-04 -2.787 3.853 3.429 2.090 -0.053 -0.547 -0.962 -1.631 -2.163 -2.588 -2.826 -3.419 -3.506 -3.957 -4.113 -4.300 -4.544 -4.778
0.00011527 -2.13000 10.07918 0.8009196520 2.4190456867    0.739  2.867  3.6697  1.071    8  0.521  0.420    17.99    11.37     7.80     6.11     4.95  2 -1.01e-07      0.00 7.511e-01 2.488e-01 1.559e-05 1.365e-05 4.944e-05 -1.000 1.478e-04 -2.397 3.671 3.040 1.624 -0.322 -0.612 -0.892 -1.430 -1.882 -2.255 -2.470 -3.019 -3.100 -3.525 -3.675 -3.856 -4.088 -4.313
0.00011527 -2.13000 10.07918 0.8009198904 2.4190459251    0.733  2.647  3.6834  1.342    8  0.521  0.420    10.48     6.95     4.88     3.79     3.07  3 -4.97e-08      0.00 7.511e-01 2.488e-01 1.559e-05 1.365e-05 4.944e-05 -1.000 1.478e-04 -1.848 3.535 2.703 1.214 -0.434 -0.494 -0.634 -1.051 -1.426 -1.753 -1.944 -2.451 -2.527 -2.921 -3.063 -3.236 -3.454 -3.665
0.00011527 -2.13000 10.07918 0.8009201884 2.4190459251    0.726  2.651  3.6830  1.332    8  0.522  0.420    10.65     7.06     4.95     3.85     3.11  3 -5.08e-08      0.00 7.511e-01 2.488e-01 1.559e-05 1.365e-05 4.944e-05 -1.000 1.478e-04 -1.857 3.546 2.718 1.232 -0.426 -0.492 -0.636 -1.055 -1.433 -1.761 -1.953 -2.461 -2.537 -2.932 -3.074 -3.247 -3.465 -3.677
0.00011527 -2.13000 10.07918 0.8009205461 2.4190461636    0.717  2.724  3.6781  1.234    8  0.522  0.420    12.88     8.40     5.84     4.56     3.69  2 -6.48e-08      0.00 7.511e-01 2.488e-01 1.559e-05 1.365e-05 4.944e-05 -1.000 1.478e-04 -2.040 3.588 2.820 1.365 -0.400 -0.541 -0.730 -1.186 -1.588 -1.930 -2.130 -2.651 -2.729 -3.134 -3.279 -3.455 -3.678 -3.895
0.00011527 -2.13000 10.07918 0.8009210229 2.4190461636    0.706  2.909  3.6662  0.995    8  0.522  0.420    20.78    12.89     8.78     6.90     5.59  2 -1.24e-07      0.00 7.511e-01 2.488e-01 1.559e-05 1.365e-05 4.944e-05 -1.000 1.478e-04 -2.501 3.769 3.212 1.814 -0.207 -0.570 -0.896 -1.475 -1.953 -2.342 -2.564 -3.127 -3.210 -3.643 -3.796 -3.979 -4.216 -4.444
0.00011527 -2.13000 10.07918 0.8009215593 2.4190464020    0.693  3.077  3.6552  0.775    8  0.522  0.420    32.75    19.10    12.79    10.12     8.20  1 -2.38e-07      0.00 7.511e-01 2.488e-01 1.559e-05 1.365e-05 4.944e-05 -1.000 1.478e-04 -2.923 4.010 3.653 2.338 0.108 -0.468 -0.937 -1.667 -2.237 -2.687 -2.937 -3.553 -3.644 -4.108 -4.268 -4.459 -4.708 -4.947
0.00011527 -2.13000 10.07918 0.8009221554 2.4190466404    0.679  3.189  3.6478  0.624    8  0.523  0.420    44.97    24.93    16.48    13.10    10.63  1 -3.86e-07      0.00 7.511e-01 2.488e-01 1.559e-05 1.365e-05 4.944e-05 -1.000 1.478e-04 -3.202 4.171 3.884 2.568 0.207 -0.466 -0.998 -1.806 -2.423 -2.907 -3.172 -3.824 -3.919 -4.407 -4.573 -4.769 -5.025 -5.272
0.00011527 -2.13000 10.07918 0.8009228706 2.4190468788    0.664  3.248  3.6436  0.538    8  0.523  0.420    54.04    28.97    19.01    15.16    12.29  1 -5.14e-07      0.00 7.511e-01 2.488e-01 1.559e-05 1.365e-05 4.944e-05 -1.000 1.478e-04 -3.350 4.248 3.998 2.715 0.279 -0.450 -1.016 -1.870 -2.515 -3.019 -3.293 -3.966 -4.064 -4.565 -4.734 -4.934 -5.195 -5.446
0.00011527 -2.13000 10.07918 0.8009236455 2.4190471172    0.647  3.275  3.6414  0.491    8  0.524  0.420    59.67    31.31    20.47    16.35    13.26  1 -6.01e-07      0.00 7.511e-01 2.488e-01 1.559e-05 1.365e-05 4.944e-05 -1.000 1.478e-04 -3.417 4.297 4.062 2.806 0.332 -0.425 -1.009 -1.889 -2.550 -3.066 -3.345 -4.029 -4.129 -4.638 -4.809 -5.010 -5.274 -5.527
0.00011527 -2.13000 10.07918 0.8009244800 2.4190473557    0.629  3.289  3.6432  0.472    8  0.524  0.419    62.04    32.18    20.99    16.80    13.62  1 -6.87e-07      0.00 7.511e-01 2.488e-01 1.559e-05 1.365e-05 4.944e-05 -1.000 1.478e-04 -3.452 4.216 3.972 2.710 0.259 -0.490 -1.068 -1.940 -2.597 -3.111 -3.388 -4.069 -4.168 -4.672 -4.841 -5.041 -5.302 -5.553
0.00011527 -2.13000 10.07918 0.8009283543 2.4190487862    0.526 -9.999  4.0000  1.882    9  0.526  0.000     0.00     0.00     0.00     0.00     0.00 -1    -1e-30      0.00 7.511e-01 2.488e-01 1.559e-05 1.365e-05 4.944e-05 -1.000 1.478e-04 29.767 29.823 29.806 29.815 29.879 29.917 30.050 30.059 30.070 30.062 30.065 30.070 30.058 30.084 30.088 30.101 30.102 30.098
#isochrone terminated
