# File generated by CMD 3.3 (http://stev.oapd.inaf.it/cmd) on Fri Nov 20 18:09:45 CET 2020
# isochrones based on PARSEC release v1.2S +  COLIBRI S_35
# Basic references: Bressan et al. (2012), MNRAS, 427, 127 + Chen et al. (2014, 2015), MNRAS, 444, 2525 + MNRAS, 452, 1068 + Tang et al. (2014), MNRAS, 445, 4287 + Marigo et al. (2017), ApJ, 835, 77 + Pastorelli al. (2019), MNRAS in press
# Thermal pulse cycles included 
# On RGB, assumed Reimers mass loss with efficiency eta=0.2
# Photometric system: JWST NIRCam wide+verywide+medium filters, Vegamags
# Using OBC version of bolometric corrections as detailed in Marigo et al. (2008, A&A 482, 883) and Girardi et al. (2008, PASP 120, 583
# O-rich circumstellar dpmod60alox40 dust from Groenewegen (2006)
# C-rich circumstellar AMCSIC15 dust from Groenewegen (2006)
# IMF: Kroupa (2001, 2002) + Kroupa et al. (2013) canonical two-part-power law IMF corrected for unresolved binaries 
# Kind of output: isochrone tables
# Zini     MH   logAge Mini        int_IMF         Mass   logL    logTe  logg  label   McoreTP C_O  period0 period1 pmode  Mloss  tau1m   X   Y   Xc  Xn  Xo  Cexcess  Z 	 mbolmag  F070Wmag  F090Wmag  F115Wmag  F150Wmag  F200Wmag  F277Wmag  F356Wmag  F444Wmag  F150W2mag  F322W2mag  F140Mmag  F162Mmag  F182Mmag  F210Mmag  F250Mmag  F300Mmag  F335Mmag  F360Mmag  F410Mmag  F430Mmag  F460Mmag  F480Mmag  F150WS60mag
0.00011527 -2.13000 10.07918 0.0979499072 1.1537494659    0.098 -2.866  3.5443  5.424    1  0.000  0.545     0.00     0.00 -1 -1.06e-16      0.00 7.460e-01 2.539e-01 2.167e-05 5.846e-06 5.302e-05 -1.000 1.205e-04 11.936 11.855 10.985 10.377 9.794 9.546 9.385 9.150 9.090 9.902 9.279 9.922 9.623 9.581 9.503 9.444 9.332 9.191 9.121 9.066 9.075 9.124 9.080 9.721
0.00011527 -2.13000 10.07918 0.1078079492 1.2332048416    0.107 -2.670  3.5680  5.362    1  0.000  0.545     0.00     0.00 -1 -1.71e-16      0.00 7.439e-01 2.559e-01 2.167e-05 5.846e-06 5.302e-05 -1.000 1.205e-04 11.444 11.262 10.503 9.945 9.373 9.092 8.944 8.760 8.702 9.467 8.861 9.502 9.199 9.130 9.052 8.994 8.903 8.797 8.734 8.681 8.689 8.731 8.694 9.298
0.00011527 -2.13000 10.07918 0.1275240183 1.3669745922    0.127 -2.417  3.5922  5.280    1  0.000  0.545     0.00     0.00 -1 -3.09e-16      0.00 7.409e-01 2.590e-01 2.167e-05 5.846e-06 5.302e-05 -1.000 1.205e-04 10.812 10.519 9.846 9.338 8.791 8.542 8.439 8.234 8.175 8.890 8.346 8.921 8.620 8.572 8.508 8.478 8.410 8.274 8.205 8.153 8.160 8.201 8.184 8.719
0.00011527 -2.13000 10.07918 0.1472401023 1.4762414694    0.147 -2.250  3.6042  5.223    1  0.000  0.545     0.00     0.00 -1 -4.52e-16      0.00 7.390e-01 2.609e-01 2.167e-05 5.846e-06 5.302e-05 -1.000 1.205e-04 10.394 10.060 9.428 8.948 8.410 8.159 8.063 7.883 7.830 8.507 7.982 8.540 8.239 8.187 8.127 8.097 8.039 7.917 7.857 7.811 7.816 7.851 7.839 8.338
0.00011527 -2.13000 10.07918 0.1669561714 1.5679714680    0.166 -2.119  3.6119  5.178    1  0.000  0.545     0.00     0.00 -1 -6.03e-16      0.00 7.380e-01 2.619e-01 2.167e-05 5.846e-06 5.302e-05 -1.000 1.206e-04 10.068 9.723 9.110 8.643 8.108 7.849 7.745 7.593 7.545 8.201 7.677 8.237 7.938 7.877 7.818 7.779 7.723 7.622 7.571 7.529 7.533 7.564 7.551 8.036
0.00011527 -2.13000 10.07918 0.2063883394 1.7151124477    0.206 -1.912  3.6231  5.108    1  0.000  0.545     0.00     0.00 -1 -9.46e-16      0.00 7.375e-01 2.623e-01 2.167e-05 5.846e-06 5.302e-05 -1.000 1.205e-04 9.551 9.187 8.601 8.153 7.626 7.360 7.243 7.128 7.089 7.716 7.192 7.752 7.460 7.389 7.330 7.276 7.219 7.150 7.113 7.078 7.080 7.103 7.090 7.555
0.00011527 -2.13000 10.07918 0.2556785345 1.8545303345    0.255 -1.722  3.6334  5.052    1  0.000  0.545     0.00     0.00 -1 -1.41e-15      0.00 7.378e-01 2.621e-01 2.166e-05 5.847e-06 5.302e-05 -1.000 1.205e-04 9.074 8.693 8.132 7.702 7.185 6.923 6.802 6.709 6.675 7.274 6.761 7.308 7.024 6.950 6.894 6.834 6.779 6.726 6.698 6.666 6.667 6.686 6.674 7.116
0.00011527 -2.13000 10.07918 0.3049687445 1.9627587795    0.305 -1.574  3.6419  5.016    1  0.000  0.545     0.00     0.00 -1 -1.89e-15      0.00 7.378e-01 2.621e-01 2.166e-05 5.847e-06 5.302e-05 -1.000 1.205e-04 8.706 8.310 7.769 7.354 6.848 6.592 6.472 6.393 6.362 6.937 6.437 6.968 6.692 6.618 6.565 6.503 6.450 6.407 6.383 6.354 6.355 6.371 6.360 6.782
0.00011527 -2.13000 10.07918 0.3542589247 2.0503430367    0.354 -1.451  3.6499  4.989    1  0.000  0.544     0.00     0.00 -1  -2.4e-15      0.00 7.386e-01 2.613e-01 2.164e-05 5.848e-06 5.302e-05 -1.000 1.204e-04 8.397 7.988 7.467 7.065 6.570 6.320 6.203 6.133 6.106 6.658 6.173 6.686 6.416 6.346 6.294 6.232 6.182 6.146 6.125 6.099 6.100 6.113 6.103 6.504
0.00011527 -2.13000 10.07918 0.4035491049 2.1233644485    0.403 -1.328  3.6584  4.958    1  0.000  0.545     0.00     0.00 -1 -3.09e-15      0.00 7.501e-01 2.498e-01 2.167e-05 5.846e-06 5.302e-05 -1.000 1.205e-04 8.091 7.671 7.170 6.782 6.297 6.056 5.944 5.882 5.858 6.386 5.917 6.411 6.148 6.080 6.032 5.971 5.924 5.894 5.875 5.852 5.852 5.864 5.855 6.233
0.00011527 -2.13000 10.07918 0.4528392553 2.1856238842    0.452 -1.180  3.6722  4.914    1  0.000  0.545     0.00     0.00 -1 -4.31e-15      0.00 7.507e-01 2.492e-01 2.167e-05 5.846e-06 5.302e-05 -1.000 1.204e-04 7.720 7.288 6.818 6.451 5.982 5.758 5.654 5.603 5.582 6.072 5.632 6.091 5.839 5.778 5.736 5.679 5.637 5.613 5.597 5.577 5.577 5.587 5.580 5.921
0.00011527 -2.13000 10.07918 0.5021294355 2.2396388054    0.502 -1.014  3.6876  4.855    1  0.000  0.545     0.00     0.00 -1 -6.42e-15      0.00 7.522e-01 2.477e-01 2.157e-05 5.819e-06 5.278e-05 -1.000 1.205e-04 7.305 6.866 6.429 6.085 5.634 5.427 5.336 5.295 5.276 5.726 5.318 5.738 5.498 5.445 5.409 5.357 5.321 5.303 5.290 5.273 5.273 5.278 5.274 5.576
0.00011527 -2.13000 10.07918 0.5514196754 2.2848303318    0.551 -0.812  3.7071  4.772    1  0.000  0.544     0.00     0.00 -1 -1.07e-14      0.00 7.850e-01 2.149e-01 1.888e-05 5.097e-06 4.625e-05 -1.000 9.960e-05 6.800 6.365 5.967 5.650 5.221 5.037 4.961 4.930 4.914 5.314 4.948 5.319 5.095 5.051 5.022 4.979 4.950 4.936 4.927 4.913 4.913 4.913 4.912 5.167
0.00011527 -2.13000 10.07918 0.6007097960 2.3216018677    0.600 -0.605  3.7319  4.701    1  0.000  0.544     0.00     0.00 -1 -1.79e-14      0.00 7.978e-01 2.021e-01 1.788e-05 4.830e-06 4.385e-05 -1.000 7.381e-05 6.284 5.870 5.517 5.232 4.831 4.674 4.616 4.597 4.584 4.925 4.608 4.921 4.716 4.683 4.663 4.629 4.610 4.601 4.595 4.585 4.584 4.580 4.583 4.782
0.00011527 -2.13000 10.07918 0.6073135138 2.3260097504    0.607 -0.576  3.7358  4.692    1  0.000  0.544     0.00     0.00 -1 -1.93e-14      0.00 8.000e-01 2.000e-01 1.772e-05 4.786e-06 4.346e-05 -1.000 4.503e-05 6.210 5.802 5.455 5.175 4.778 4.625 4.571 4.553 4.541 4.873 4.563 4.867 4.666 4.634 4.615 4.582 4.565 4.557 4.551 4.542 4.541 4.536 4.540 4.730
0.00011527 -2.13000 10.07918 0.6184114814 2.3331742287    0.618 -0.527  3.7423  4.677    1  0.000  0.543     0.00     0.00 -1 -2.18e-14      0.00 8.037e-01 1.962e-01 1.743e-05 4.709e-06 4.276e-05 -1.000 1.170e-04 6.086 5.688 5.352 5.079 4.690 4.543 4.494 4.479 4.468 4.784 4.487 4.777 4.580 4.551 4.534 4.504 4.489 4.482 4.477 4.469 4.468 4.463 4.467 4.643
0.00011527 -2.13000 10.07918 0.6283012629 2.3393139839    0.628 -0.482  3.7481  4.662    1  0.000  0.543     0.00     0.00 -1 -2.43e-14      0.00 8.072e-01 1.927e-01 1.715e-05 4.637e-06 4.211e-05 -1.000 8.351e-05 5.975 5.585 5.260 4.994 4.610 4.470 4.424 4.412 4.402 4.705 4.419 4.695 4.503 4.477 4.461 4.434 4.420 4.415 4.410 4.403 4.402 4.397 4.401 4.564
0.00011527 -2.13000 10.07918 0.6379033923 2.3450663090    0.638 -0.438  3.7537  4.647    1  0.000  0.543     0.00     0.00 -1 -9.76e-15      0.00 8.108e-01 1.891e-01 1.688e-05 4.563e-06 4.145e-05 -1.000 5.677e-05 5.866 5.485 5.169 4.909 4.532 4.398 4.356 4.345 4.337 4.627 4.351 4.615 4.427 4.404 4.390 4.365 4.353 4.348 4.344 4.338 4.337 4.332 4.336 4.487
0.00011527 -2.13000 10.07918 0.6492170691 2.3515934944    0.649 -0.386  3.7601  4.629    1  0.000  0.543     0.00     0.00 -1 -1.76e-14      0.00 8.152e-01 1.847e-01 1.654e-05 4.473e-06 4.064e-05 -1.000 7.570e-05 5.735 5.366 5.060 4.808 4.439 4.311 4.273 4.265 4.257 4.533 4.270 4.520 4.337 4.316 4.304 4.281 4.271 4.268 4.264 4.258 4.257 4.252 4.257 4.395
0.00011527 -2.13000 10.07918 0.6499999762 2.3520355225    0.650 -0.383  3.7606  4.628    1  0.000  0.543     0.00     0.00 -1 -3.13e-14      0.00 8.155e-01 1.843e-01 1.652e-05 4.466e-06 4.058e-05 -1.000 1.182e-04 5.726 5.357 5.052 4.801 4.432 4.305 4.267 4.259 4.252 4.527 4.264 4.513 4.330 4.310 4.298 4.275 4.266 4.262 4.258 4.252 4.252 4.247 4.251 4.389
0.00011527 -2.13000 10.07918 0.6586697698 2.3568496704    0.658 -0.342  3.7653  4.611    1  0.000  0.542     0.00     0.00 -1 -3.48e-14      0.00 8.199e-01 1.800e-01 1.618e-05 4.377e-06 3.978e-05 -1.000 1.205e-04 5.624 5.263 4.966 4.720 4.358 4.235 4.201 4.194 4.187 4.452 4.198 4.437 4.258 4.239 4.228 4.207 4.199 4.197 4.193 4.188 4.187 4.182 4.187 4.315
0.00011527 -2.13000 10.07918 0.6688961983 2.3623440266    0.669 -0.293  3.7708  4.591    1  0.000  0.542     0.00     0.00 -1 -3.95e-14      0.00 8.254e-01 1.745e-01 1.576e-05 4.265e-06 3.877e-05 -1.000 1.165e-04 5.502 5.151 4.862 4.623 4.267 4.150 4.120 4.114 4.108 4.361 4.117 4.345 4.170 4.154 4.145 4.125 4.119 4.116 4.113 4.108 4.108 4.103 4.107 4.225
0.00011527 -2.13000 10.07918 0.6786239147 2.3673942089    0.678 -0.245  3.7759  4.570    1  0.000  0.541     0.00     0.00 -1 -4.05e-14      0.00 8.310e-01 1.689e-01 1.533e-05 4.151e-06 3.775e-05 -1.000 1.115e-04 5.383 5.041 4.761 4.528 4.178 4.067 4.039 4.035 4.029 4.272 4.037 4.254 4.084 4.070 4.062 4.044 4.039 4.037 4.034 4.030 4.029 4.024 4.029 4.138
0.00011527 -2.13000 10.07918 0.6879103780 2.3720624447    0.688 -0.199  3.7808  4.549    1  0.000  0.541     0.00     0.00 -1 -3.43e-14      0.00 8.366e-01 1.633e-01 1.490e-05 4.036e-06 3.672e-05 -1.000 1.047e-04 5.266 4.932 4.660 4.433 4.090 3.983 3.959 3.955 3.950 4.183 3.957 4.164 3.998 3.986 3.979 3.963 3.959 3.957 3.955 3.950 3.949 3.945 3.950 4.050
0.00011527 -2.13000 10.07918 0.6961514950 2.3760855198    0.696 -0.155  3.7851  4.528    1  0.000  0.541     0.00     0.00 -1 -3.81e-15      0.00 8.420e-01 1.580e-01 1.449e-05 3.927e-06 3.575e-05 -1.000 6.278e-05 5.159 4.832 4.567 4.344 4.008 3.906 3.883 3.881 3.875 4.101 3.882 4.080 3.919 3.909 3.902 3.886 3.884 3.882 3.880 3.876 3.875 3.871 3.875 3.970
0.00011527 -2.13000 10.07918 0.6999999285 2.3779268265    0.700 -0.135  3.7870  4.518    1  0.000  0.540     0.00     0.00 -1 -6.04e-14      0.00 8.446e-01 1.554e-01 1.429e-05 3.875e-06 3.528e-05 -1.000 4.165e-05 5.108 4.785 4.522 4.302 3.969 3.869 3.846 3.845 3.839 4.061 3.846 4.040 3.881 3.871 3.865 3.850 3.848 3.846 3.844 3.840 3.839 3.835 3.839 3.931
0.00011527 -2.13000 10.07918 0.7090682983 2.3821749687    0.709 -0.085  3.7914  4.491    1  0.000  0.538     0.00     0.00 -1 -6.95e-14      0.00 8.496e-01 1.503e-01 1.391e-05 3.783e-06 3.446e-05 -1.000 4.792e-05 4.982 4.666 4.411 4.196 3.870 3.774 3.753 3.752 3.747 3.961 3.753 3.939 3.785 3.776 3.770 3.757 3.755 3.754 3.752 3.748 3.747 3.743 3.747 3.833
0.00011527 -2.13000 10.07918 0.7175545692 2.3860387802    0.717 -0.035  3.7955  4.463    1  0.000  0.536     0.00     0.00 -1    -8e-14      0.00 8.538e-01 1.461e-01 1.361e-05 3.711e-06 3.384e-05 -1.000 8.461e-05 4.857 4.548 4.300 4.090 3.771 3.679 3.660 3.659 3.654 3.862 3.660 3.838 3.688 3.681 3.676 3.663 3.662 3.661 3.659 3.655 3.654 3.650 3.654 3.735
0.00011527 -2.13000 10.07918 0.7259311080 2.3897511959    0.725  0.017  3.7995  4.432    1  0.000  0.534     0.00     0.00 -1 -9.28e-14      0.00 8.575e-01 1.425e-01 1.336e-05 3.652e-06 3.333e-05 -1.000 5.002e-05 4.728 4.425 4.183 3.978 3.666 3.578 3.560 3.560 3.554 3.756 3.560 3.731 3.586 3.580 3.575 3.563 3.562 3.561 3.559 3.555 3.554 3.550 3.554 3.631
0.00011527 -2.13000 10.07918 0.7331234217 2.3928608894    0.733  0.064  3.8028  4.402    1  0.000  0.533     0.00     0.00 -1 -1.06e-13      0.00 8.603e-01 1.397e-01 1.318e-05 3.610e-06 3.297e-05 -1.000 5.767e-05 4.610 4.312 4.076 3.875 3.569 3.484 3.467 3.467 3.461 3.657 3.467 3.632 3.491 3.486 3.481 3.469 3.469 3.468 3.466 3.462 3.461 3.457 3.461 3.535
0.00011527 -2.13000 10.07918 0.7400895953 2.3958065510    0.739  0.113  3.8059  4.370    1  0.000  0.531     0.00     0.00 -1  -9.5e-14      0.00 8.627e-01 1.372e-01 1.302e-05 3.575e-06 3.267e-05 -1.000 1.115e-04 4.488 4.194 3.963 3.766 3.466 3.384 3.368 3.368 3.363 3.554 3.368 3.527 3.390 3.386 3.381 3.371 3.370 3.369 3.367 3.363 3.363 3.359 3.363 3.433
0.00011527 -2.13000 10.07918 0.7470547557 2.3986887932    0.746  0.166  3.8089  4.333    1  0.000  0.530     0.00     0.00 -1 -1.87e-14      0.00 8.649e-01 1.349e-01 1.288e-05 3.545e-06 3.241e-05 -1.000 1.166e-04 4.356 4.066 3.840 3.647 3.352 3.273 3.258 3.258 3.253 3.439 3.258 3.412 3.278 3.275 3.270 3.260 3.260 3.259 3.257 3.253 3.253 3.249 3.253 3.320
0.00011527 -2.13000 10.07918 0.7500000000 2.3998889923    0.749  0.189  3.8101  4.316    1  0.000  0.529     0.00     0.00 -1 -1.54e-13      0.00 8.659e-01 1.340e-01 1.282e-05 3.533e-06 3.231e-05 -1.000 1.197e-04 4.298 4.010 3.786 3.594 3.302 3.224 3.209 3.209 3.204 3.388 3.209 3.361 3.229 3.226 3.221 3.212 3.211 3.210 3.208 3.204 3.204 3.200 3.204 3.270
0.00011527 -2.13000 10.07918 0.7513016462 2.4004161358    0.751  0.199  3.8107  4.309    1  0.000  0.529     0.00     0.00 -1 -1.59e-13      0.00 8.659e-01 1.340e-01 1.283e-05 3.535e-06 3.233e-05 -1.000 1.200e-04 4.273 3.985 3.763 3.571 3.281 3.203 3.188 3.188 3.183 3.367 3.188 3.339 3.208 3.205 3.200 3.191 3.190 3.189 3.187 3.183 3.183 3.179 3.183 3.249
0.00011527 -2.13000 10.07918 0.7594036460 2.4036495686    0.759  0.270  3.8142  4.257    1  0.000  0.529     0.00     0.00 -1 -1.98e-13      0.00 8.663e-01 1.337e-01 1.288e-05 3.549e-06 3.247e-05 -1.000 2.325e-05 4.095 3.811 3.595 3.408 3.125 3.050 3.036 3.036 3.031 3.209 3.036 3.181 3.055 3.052 3.047 3.038 3.038 3.037 3.035 3.031 3.031 3.027 3.031 3.094
0.00011527 -2.13000 10.07918 0.7647798061 2.4057519436    0.764  0.322  3.8162  4.216    1  0.000  0.529     0.00     0.00 -1 -2.33e-13      0.00 8.663e-01 1.336e-01 1.291e-05 3.559e-06 3.258e-05 -1.000 9.252e-05 3.965 3.684 3.471 3.287 3.008 2.935 2.921 2.921 2.916 3.091 2.921 3.063 2.939 2.936 2.932 2.923 2.923 2.922 2.920 2.917 2.916 2.912 2.916 2.978
0.00011527 -2.13000 10.07918 0.7698769569 2.4077138901    0.769  0.374  3.8176  4.173    1  0.000  0.528     0.00     0.00 -1 -2.75e-13      0.00 8.653e-01 1.346e-01 1.303e-05 3.591e-06 3.287e-05 -1.000 1.000e-04 3.836 3.556 3.345 3.163 2.888 2.816 2.803 2.802 2.798 2.970 2.802 2.942 2.821 2.817 2.813 2.805 2.805 2.804 2.801 2.798 2.797 2.794 2.797 2.858
0.00011527 -2.13000 10.07918 0.7740441561 2.4092960358    0.773  0.419  3.8182  4.131    1  0.000  0.528     0.00     0.00 -1 -3.21e-13      0.00 8.641e-01 1.358e-01 1.314e-05 3.624e-06 3.317e-05 -1.000 1.000e-04 3.721 3.441 3.232 3.051 2.777 2.706 2.692 2.692 2.687 2.859 2.692 2.831 2.710 2.707 2.703 2.694 2.694 2.693 2.691 2.688 2.687 2.683 2.687 2.747
0.00011527 -2.13000 10.07918 0.7755442858 2.4098608494    0.774  0.438  3.8178  4.112    1  0.000  0.528     0.00     0.00 -1 -3.42e-13      0.00 8.637e-01 1.362e-01 1.319e-05 3.636e-06 3.328e-05 -1.000 1.000e-04 3.674 3.393 3.184 3.002 2.727 2.656 2.643 2.642 2.637 2.810 2.642 2.782 2.661 2.657 2.653 2.645 2.645 2.644 2.641 2.638 2.637 2.633 2.637 2.698
0.00011527 -2.13000 10.07918 0.7796202898 2.4113824368    0.778  0.493  3.8158  4.052    1  0.000  0.528     0.00     0.00 -1 -4.14e-13      0.00 8.625e-01 1.374e-01 1.330e-05 3.668e-06 3.358e-05 -1.000 1.000e-04 3.538 3.253 3.041 2.856 2.579 2.505 2.492 2.491 2.486 2.661 2.492 2.634 2.511 2.507 2.503 2.494 2.494 2.493 2.490 2.487 2.486 2.482 2.486 2.549
0.00011527 -2.13000 10.07918 0.7824724913 2.4124364853    0.781  0.536  3.8130  3.999    1  0.000  0.528     0.00     0.00 -1 -4.85e-13      0.00 8.616e-01 1.383e-01 1.339e-05 3.690e-06 3.378e-05 -1.000 1.000e-04 3.431 3.141 2.924 2.736 2.453 2.378 2.364 2.363 2.358 2.537 2.363 2.510 2.384 2.379 2.375 2.366 2.365 2.364 2.362 2.358 2.358 2.354 2.358 2.423
0.00011527 -2.13000 10.07918 0.7830806971 2.4126601219    0.782  0.545  3.8123  3.987    1  0.000  0.528     0.00     0.00 -1 -5.03e-13      0.00 8.615e-01 1.384e-01 1.340e-05 3.695e-06 3.383e-05 -1.000 1.000e-04 3.406 3.115 2.897 2.708 2.424 2.348 2.334 2.333 2.328 2.508 2.334 2.481 2.354 2.350 2.346 2.336 2.336 2.335 2.332 2.328 2.328 2.324 2.328 2.394
0.00011527 -2.13000 10.07918 0.7836714983 2.4128770828    0.782  0.556  3.8110  3.971    1  0.000  0.528     0.00     0.00 -1 -5.26e-13      0.00 8.613e-01 1.386e-01 1.342e-05 3.700e-06 3.387e-05 -1.000 1.000e-04 3.379 3.086 2.866 2.675 2.389 2.311 2.297 2.296 2.291 2.473 2.297 2.446 2.318 2.313 2.309 2.300 2.299 2.298 2.295 2.291 2.291 2.287 2.291 2.358
0.00011527 -2.13000 10.07918 0.7856592536 2.4136037827    0.784  0.596  3.8053  3.909    2  0.000  0.528     0.00     0.00 -1 -6.16e-13      0.00 8.607e-01 1.392e-01 1.348e-05 3.715e-06 3.401e-05 -1.000 1.000e-04 3.280 2.977 2.748 2.550 2.253 2.171 2.156 2.154 2.149 2.340 2.155 2.313 2.179 2.172 2.168 2.158 2.157 2.156 2.153 2.149 2.149 2.144 2.148 2.221
0.00011527 -2.13000 10.07918 0.7871810198 2.4141573906    0.786  0.632  3.7983  3.847    2  0.000  0.528     0.00     0.00 -1 -7.18e-13      0.00 8.603e-01 1.396e-01 1.352e-05 3.727e-06 3.412e-05 -1.000 1.000e-04 3.191 2.878 2.637 2.430 2.121 2.032 2.015 2.013 2.008 2.209 2.014 2.184 2.042 2.033 2.029 2.018 2.017 2.015 2.012 2.008 2.008 2.003 2.007 2.086
0.00011527 -2.13000 10.07918 0.7883733511 2.4145894051    0.787  0.664  3.7901  3.782    2  0.000  0.528     0.00     0.00 -1 -8.33e-13      0.00 8.599e-01 1.400e-01 1.356e-05 3.739e-06 3.423e-05 -1.000 1.010e-04 3.110 2.785 2.531 2.314 1.988 1.892 1.874 1.871 1.865 2.079 1.872 2.056 1.904 1.893 1.889 1.877 1.875 1.873 1.870 1.866 1.865 1.860 1.864 1.951
0.00011527 -2.13000 10.07918 0.7893350124 2.4149367809    0.788  0.694  3.7811  3.717    2  0.000  0.528     0.00     0.00 -1 -9.61e-13      0.00 8.561e-01 1.438e-01 1.388e-05 3.825e-06 3.500e-05 -1.000 6.366e-05 3.035 2.699 2.430 2.200 1.858 1.753 1.733 1.730 1.723 1.952 1.731 1.931 1.767 1.755 1.750 1.737 1.733 1.732 1.729 1.724 1.723 1.718 1.722 1.818
0.00011527 -2.13000 10.07918 0.7901419997 2.4152274132    0.788  0.722  3.7724  3.654    2  0.000  0.530     0.00     0.00 -1  -1.1e-12      0.00 8.391e-01 1.609e-01 1.512e-05 4.160e-06 3.801e-05 -1.000 4.557e-05 2.965 2.618 2.335 2.093 1.734 1.621 1.598 1.594 1.587 1.831 1.596 1.812 1.638 1.623 1.617 1.603 1.598 1.596 1.593 1.588 1.587 1.582 1.586 1.692
0.00011527 -2.13000 10.07918 0.7908540368 2.4154834747    0.789  0.751  3.7644  3.594    2  0.000  0.533     0.00     0.00 -1 -1.26e-12      0.00 8.117e-01 1.882e-01 1.705e-05 4.677e-06 4.265e-05 -1.000 7.364e-05 2.893 2.536 2.239 1.987 1.613 1.491 1.466 1.462 1.454 1.711 1.464 1.694 1.510 1.494 1.487 1.471 1.466 1.464 1.460 1.455 1.454 1.449 1.453 1.568
0.00011527 -2.13000 10.07918 0.7914857864 2.4157099724    0.790  0.783  3.7573  3.534    2  0.000  0.535     0.00     0.00 -1 -1.45e-12      0.00 7.925e-01 2.074e-01 1.839e-05 5.036e-06 4.585e-05 -1.000 9.847e-05 2.813 2.449 2.140 1.877 1.490 1.362 1.334 1.329 1.321 1.590 1.332 1.576 1.383 1.365 1.357 1.340 1.334 1.331 1.328 1.322 1.321 1.316 1.320 1.444
0.00011527 -2.13000 10.07918 0.7921115756 2.4159340858    0.790  0.823  3.7511  3.469    2  0.000  0.536     0.00     0.00 -1 -1.72e-12      0.00 7.809e-01 2.189e-01 1.919e-05 5.251e-06 4.777e-05 -1.000 1.177e-04 2.712 2.341 2.021 1.750 1.351 1.217 1.187 1.181 1.173 1.453 1.185 1.441 1.240 1.220 1.212 1.193 1.187 1.184 1.180 1.174 1.173 1.168 1.172 1.304
0.00011527 -2.13000 10.07918 0.7926056385 2.4161107540    0.791  0.863  3.7471  3.413    2  0.000  0.536     0.00     0.00 -1    -2e-12      0.00 7.755e-01 2.244e-01 1.958e-05 5.354e-06 4.868e-05 -1.000 1.205e-04 2.613 2.238 1.911 1.634 1.229 1.089 1.059 1.051 1.043 1.331 1.056 1.320 1.115 1.093 1.084 1.065 1.058 1.054 1.050 1.044 1.043 1.038 1.042 1.180
0.00011527 -2.13000 10.07918 0.7929433584 2.4162313938    0.791  0.893  3.7446  3.374    2  0.000  0.536     0.00     0.00 -1 -2.25e-12      0.00 7.727e-01 2.272e-01 1.977e-05 5.405e-06 4.914e-05 -1.000 1.205e-04 2.538 2.160 1.829 1.549 1.139 0.997 0.966 0.958 0.950 1.242 0.963 1.232 1.023 1.001 0.992 0.972 0.965 0.961 0.957 0.951 0.950 0.945 0.949 1.089
0.00011527 -2.13000 10.07918 0.7932426929 2.4163382053    0.791  0.923  3.7430  3.337    3  0.000  0.537     0.00     0.00 -1 -2.51e-12      0.00 7.709e-01 2.289e-01 1.989e-05 5.436e-06 4.942e-05 -1.000 1.146e-04 2.463 2.083 1.749 1.467 1.054 0.910 0.878 0.871 0.862 1.157 0.875 1.147 0.937 0.914 0.904 0.885 0.877 0.873 0.870 0.863 0.862 0.857 0.861 1.004
0.00011527 -2.13000 10.07918 0.7936351895 2.4164781570    0.792  0.964  3.7409  3.288    3  0.000  0.537     0.00     0.00 -1 -2.92e-12      0.00 7.688e-01 2.311e-01 2.002e-05 5.471e-06 4.973e-05 -1.000 8.707e-05 2.360 1.978 1.640 1.355 0.938 0.792 0.760 0.752 0.743 1.041 0.756 1.032 0.820 0.796 0.786 0.767 0.759 0.755 0.751 0.744 0.743 0.738 0.742 0.887
0.00011527 -2.13000 10.07918 0.7940306067 2.4166188240    0.792  1.008  3.7390  3.237    3  0.000  0.537     0.00     0.00 -1 -3.43e-12      0.00 7.669e-01 2.330e-01 2.012e-05 5.500e-06 4.999e-05 -1.000 6.977e-05 2.250 1.866 1.525 1.237 0.816 0.668 0.636 0.628 0.619 0.920 0.632 0.912 0.696 0.672 0.662 0.643 0.634 0.631 0.627 0.620 0.619 0.614 0.617 0.765
0.00011527 -2.13000 10.07918 0.7944093347 2.4167535305    0.792  1.053  3.7374  3.185    3  0.000  0.537     0.00     0.00 -1 -4.03e-12      0.00 7.652e-01 2.347e-01 2.021e-05 5.524e-06 5.020e-05 -1.000 1.177e-04 2.138 1.753 1.409 1.118 0.694 0.545 0.512 0.503 0.494 0.799 0.508 0.791 0.573 0.549 0.539 0.519 0.510 0.506 0.502 0.496 0.495 0.489 0.493 0.642
0.00011527 -2.13000 10.07918 0.7948118448 2.4168965816    0.793  1.104  3.7356  3.128    3  0.000  0.537     0.00     0.00 -1 -4.84e-12      0.00 7.635e-01 2.364e-01 2.029e-05 5.545e-06 5.040e-05 -1.000 1.205e-04 2.011 1.624 1.278 0.984 0.557 0.405 0.372 0.364 0.354 0.662 0.368 0.654 0.434 0.409 0.399 0.379 0.371 0.367 0.362 0.356 0.355 0.349 0.353 0.504
0.00011527 -2.13000 10.07918 0.7951496243 2.4170162678    0.793  1.149  3.7341  3.076    3  0.000  0.537     0.00     0.00 -1  -5.7e-12      0.00 7.622e-01 2.377e-01 2.035e-05 5.561e-06 5.053e-05 -1.000 1.205e-04 1.897 1.509 1.160 0.864 0.433 0.280 0.247 0.238 0.229 0.539 0.243 0.532 0.310 0.285 0.274 0.255 0.245 0.241 0.237 0.230 0.229 0.224 0.228 0.380
0.00011527 -2.13000 10.07918 0.7954912782 2.4171373844    0.793  1.199  3.7326  3.021    3  0.000  0.537     0.00     0.00 -1 -6.82e-12      0.00 7.609e-01 2.391e-01 2.039e-05 5.575e-06 5.065e-05 -1.000 8.334e-05 1.772 1.384 1.031 0.734 0.299 0.145 0.111 0.102 0.093 0.405 0.107 0.399 0.175 0.149 0.139 0.119 0.110 0.105 0.101 0.094 0.093 0.088 0.092 0.246
0.00011527 -2.13000 10.07918 0.7958265543 2.4172561169    0.793  1.252  3.7310  2.961    3  0.000  0.537     0.00     0.00 -1 -8.25e-12      0.00 7.595e-01 2.404e-01 2.043e-05 5.588e-06 5.076e-05 -1.000 9.236e-05 1.640 1.249 0.894 0.594 0.157 0.000 -0.034 -0.043 -0.052 0.263 -0.038 0.257 0.031 0.004 -0.006 -0.026 -0.036 -0.040 -0.044 -0.051 -0.052 -0.057 -0.054 0.102
0.00011527 -2.13000 10.07918 0.7960970998 2.4173519611    0.793  1.299  3.7295  2.908    3  0.000  0.536     0.00     0.00 -1 -9.77e-12      0.00 7.585e-01 2.414e-01 2.045e-05 5.599e-06 5.084e-05 -1.000 1.162e-04 1.522 1.131 0.773 0.470 0.030 -0.128 -0.162 -0.171 -0.181 0.136 -0.166 0.131 -0.097 -0.123 -0.134 -0.154 -0.164 -0.168 -0.173 -0.180 -0.181 -0.186 -0.182 -0.024
0.00011527 -2.13000 10.07918 0.7963581085 2.4174442291    0.793  1.348  3.7280  2.853    3  0.000  0.536     0.00     0.00 -1 -1.16e-11      0.00 7.576e-01 2.423e-01 2.045e-05 5.611e-06 5.090e-05 -1.000 1.205e-04 1.400 1.006 0.646 0.341 -0.102 -0.261 -0.296 -0.305 -0.315 0.005 -0.300 0.000 -0.230 -0.257 -0.267 -0.288 -0.298 -0.302 -0.307 -0.314 -0.315 -0.320 -0.316 -0.157
0.00011527 -2.13000 10.07918 0.7965925932 2.4175269604    0.794  1.396  3.7265  2.799    3  0.000  0.535     0.00     0.00 -1 -1.38e-11      0.00 7.568e-01 2.431e-01 2.044e-05 5.625e-06 5.095e-05 -1.000 1.204e-04 1.280 0.885 0.521 0.215 -0.231 -0.392 -0.427 -0.437 -0.446 -0.124 -0.431 -0.128 -0.360 -0.388 -0.398 -0.419 -0.429 -0.434 -0.438 -0.445 -0.447 -0.451 -0.448 -0.287
0.00011527 -2.13000 10.07918 0.7968049645 2.4176020622    0.794  1.444  3.7250  2.746    3  0.000  0.534     0.00     0.00 -1 -1.64e-11      0.00 7.561e-01 2.438e-01 2.043e-05 5.640e-06 5.099e-05 -1.000 1.198e-04 1.161 0.765 0.398 0.089 -0.360 -0.523 -0.557 -0.567 -0.577 -0.253 -0.562 -0.256 -0.490 -0.518 -0.529 -0.550 -0.560 -0.564 -0.569 -0.576 -0.577 -0.582 -0.578 -0.416
0.00011527 -2.13000 10.07918 0.7969951034 2.4176690578    0.794  1.490  3.7235  2.693    3  0.000  0.534     0.00     0.00 -1 -1.94e-11      0.00 7.555e-01 2.443e-01 2.041e-05 5.655e-06 5.102e-05 -1.000 1.201e-04 1.044 0.647 0.277 -0.034 -0.486 -0.650 -0.685 -0.695 -0.705 -0.378 -0.690 -0.381 -0.617 -0.646 -0.656 -0.677 -0.688 -0.692 -0.697 -0.704 -0.705 -0.710 -0.706 -0.542
0.00011527 -2.13000 10.07918 0.7971749902 2.4177324772    0.794  1.539  3.7219  2.639    3  0.000  0.533     0.00     0.00 -1 -2.31e-11      0.00 7.551e-01 2.448e-01 2.039e-05 5.673e-06 5.105e-05 -1.000 1.205e-04 0.923 0.525 0.153 -0.161 -0.616 -0.782 -0.818 -0.828 -0.838 -0.508 -0.822 -0.510 -0.749 -0.778 -0.788 -0.810 -0.820 -0.825 -0.830 -0.837 -0.838 -0.842 -0.839 -0.673
0.00011527 -2.13000 10.07918 0.7973347306 2.4177889824    0.794  1.586  3.7203  2.585    3  0.000  0.532     0.00     0.00 -1 -2.74e-11      0.00 7.547e-01 2.451e-01 2.037e-05 5.689e-06 5.107e-05 -1.000 1.204e-04 0.805 0.406 0.031 -0.285 -0.744 -0.911 -0.947 -0.958 -0.967 -0.635 -0.952 -0.636 -0.877 -0.907 -0.918 -0.939 -0.950 -0.955 -0.959 -0.966 -0.968 -0.971 -0.968 -0.801
0.00011527 -2.13000 10.07918 0.7974766493 2.4178388119    0.793  1.632  3.7188  2.533    3  0.000  0.532     0.00     0.00 -1 -3.23e-11      0.00 7.545e-01 2.454e-01 2.036e-05 5.701e-06 5.108e-05 -1.000 1.205e-04 0.691 0.291 -0.087 -0.405 -0.867 -1.037 -1.073 -1.083 -1.093 -0.759 -1.077 -0.759 -1.002 -1.032 -1.043 -1.065 -1.075 -1.080 -1.085 -1.092 -1.093 -1.097 -1.094 -0.925
0.00011527 -2.13000 10.07918 0.7976052761 2.4178841114    0.793  1.677  3.7173  2.482    3  0.000  0.531     0.00     0.00 -1 -3.81e-11      0.00 7.544e-01 2.455e-01 2.035e-05 5.709e-06 5.109e-05 -1.000 1.168e-04 0.579 0.178 -0.203 -0.524 -0.989 -1.160 -1.196 -1.207 -1.217 -0.880 -1.201 -0.880 -1.125 -1.155 -1.167 -1.188 -1.199 -1.204 -1.209 -1.216 -1.217 -1.221 -1.218 -1.047
0.00011527 -2.13000 10.07918 0.7977257967 2.4179265499    0.793  1.722  3.7157  2.430    3  0.000  0.531     0.00     0.00 -1  -4.5e-11      0.00 7.543e-01 2.456e-01 2.034e-05 5.713e-06 5.109e-05 -1.000 1.205e-04 0.464 0.062 -0.323 -0.646 -1.114 -1.287 -1.323 -1.335 -1.344 -1.005 -1.328 -1.004 -1.251 -1.282 -1.293 -1.315 -1.326 -1.332 -1.336 -1.344 -1.345 -1.348 -1.345 -1.173
0.00011527 -2.13000 10.07918 0.7978322506 2.4179639816    0.793  1.767  3.7141  2.379    3  0.000  0.531     0.00     0.00 -1 -5.28e-11      0.00 7.543e-01 2.456e-01 2.034e-05 5.715e-06 5.109e-05 -1.000 1.206e-04 0.353 -0.050 -0.438 -0.763 -1.234 -1.409 -1.446 -1.458 -1.467 -1.125 -1.451 -1.123 -1.373 -1.404 -1.416 -1.438 -1.449 -1.455 -1.460 -1.467 -1.468 -1.470 -1.468 -1.294
0.00011527 -2.13000 10.07918 0.7979305983 2.4179987907    0.793  1.811  3.7125  2.328    3  0.000  0.531     0.00     0.00 -1  -6.2e-11      0.00 7.543e-01 2.456e-01 2.034e-05 5.715e-06 5.110e-05 -1.000 1.206e-04 0.242 -0.163 -0.553 -0.881 -1.355 -1.532 -1.569 -1.581 -1.590 -1.245 -1.574 -1.243 -1.495 -1.527 -1.538 -1.560 -1.572 -1.578 -1.583 -1.590 -1.591 -1.593 -1.591 -1.415
0.00011527 -2.13000 10.07918 0.7980208993 2.4180305004    0.793  1.856  3.7109  2.277    3  0.000  0.531     0.00     0.00 -1 -7.28e-11      0.00 7.543e-01 2.456e-01 2.034e-05 5.716e-06 5.110e-05 -1.000 1.206e-04 0.131 -0.274 -0.668 -0.998 -1.476 -1.654 -1.692 -1.704 -1.713 -1.366 -1.697 -1.363 -1.617 -1.649 -1.661 -1.683 -1.695 -1.701 -1.706 -1.713 -1.714 -1.716 -1.714 -1.536
0.00011527 -2.13000 10.07918 0.7981011271 2.4180586338    0.792  1.898  3.7093  2.228    3  0.000  0.531     0.00     0.00 -1 -6.96e-11      0.00 7.543e-01 2.456e-01 2.034e-05 5.716e-06 5.110e-05 -1.000 1.206e-04 0.025 -0.382 -0.778 -1.111 -1.592 -1.772 -1.810 -1.822 -1.832 -1.482 -1.816 -1.478 -1.734 -1.767 -1.779 -1.801 -1.813 -1.819 -1.824 -1.832 -1.832 -1.834 -1.832 -1.653
0.00011527 -2.13000 10.07918 0.7981752753 2.4180846214    0.792  1.940  3.7078  2.179    3  0.000  0.531     0.00     0.00 -1  -7.3e-11      0.00 7.543e-01 2.456e-01 2.034e-05 5.716e-06 5.110e-05 -1.000 1.205e-04 -0.081 -0.488 -0.888 -1.224 -1.707 -1.889 -1.927 -1.940 -1.949 -1.597 -1.933 -1.592 -1.851 -1.884 -1.896 -1.918 -1.931 -1.937 -1.942 -1.950 -1.950 -1.951 -1.950 -1.769
0.00011527 -2.13000 10.07918 0.7982465029 2.4181096554    0.792  1.985  3.7061  2.129    3  0.000  0.531     0.00     0.00 -1 -8.45e-11      0.00 7.543e-01 2.456e-01 2.034e-05 5.716e-06 5.110e-05 -1.000 1.206e-04 -0.191 -0.599 -1.002 -1.340 -1.827 -2.011 -2.050 -2.063 -2.072 -1.717 -2.056 -1.712 -1.972 -2.006 -2.018 -2.041 -2.054 -2.059 -2.065 -2.073 -2.073 -2.074 -2.072 -1.890
0.00011527 -2.13000 10.07918 0.7983074784 2.4181311131    0.791  2.025  3.7045  2.081    3  0.000  0.531     0.00     0.00 -1  -9.9e-11      0.00 7.543e-01 2.456e-01 2.034e-05 5.716e-06 5.110e-05 -1.000 1.205e-04 -0.293 -0.701 -1.108 -1.449 -1.939 -2.125 -2.164 -2.177 -2.186 -1.828 -2.170 -1.822 -2.086 -2.120 -2.132 -2.154 -2.168 -2.173 -2.179 -2.187 -2.187 -2.187 -2.186 -2.002
0.00011527 -2.13000 10.07918 0.7983638644 2.4181509018    0.791  2.066  3.7030  2.034    3  0.000  0.531     0.00     0.00 -1 -1.16e-10      0.00 7.543e-01 2.456e-01 2.034e-05 5.717e-06 5.110e-05 -1.000 1.204e-04 -0.395 -0.803 -1.213 -1.556 -2.050 -2.237 -2.277 -2.290 -2.299 -1.939 -2.283 -1.932 -2.198 -2.232 -2.245 -2.267 -2.281 -2.287 -2.292 -2.300 -2.300 -2.300 -2.299 -2.113
0.00011527 -2.13000 10.07918 0.7984177470 2.4181699753    0.791  2.108  3.7014  1.986    3  0.000  0.531     0.00     0.00 -1 -1.36e-10      0.00 7.542e-01 2.456e-01 2.034e-05 5.717e-06 5.110e-05 -1.000 1.205e-04 -0.499 -0.909 -1.322 -1.668 -2.165 -2.354 -2.394 -2.407 -2.415 -2.053 -2.400 -2.046 -2.314 -2.348 -2.361 -2.384 -2.397 -2.403 -2.409 -2.417 -2.417 -2.417 -2.416 -2.228
0.00011527 -2.13000 10.07918 0.7984647751 2.4181864262    0.790  2.147  3.6997  1.940    3  0.000  0.531     0.00     0.00 -1 -1.58e-10      0.00 7.542e-01 2.456e-01 2.034e-05 5.717e-06 5.110e-05 -1.000 1.205e-04 -0.597 -1.007 -1.424 -1.772 -2.273 -2.464 -2.504 -2.518 -2.526 -2.161 -2.510 -2.153 -2.423 -2.458 -2.471 -2.494 -2.508 -2.514 -2.520 -2.528 -2.528 -2.527 -2.526 -2.337
0.00011527 -2.13000 10.07918 0.7985087633 2.4182019234    0.790  2.186  3.6982  1.895    3  0.000  0.531     0.00     0.00 -1 -1.84e-10      0.00 7.542e-01 2.456e-01 2.034e-05 5.717e-06 5.110e-05 -1.000 1.205e-04 -0.694 -1.105 -1.525 -1.876 -2.379 -2.572 -2.612 -2.626 -2.634 -2.267 -2.618 -2.258 -2.530 -2.566 -2.579 -2.602 -2.616 -2.623 -2.628 -2.636 -2.636 -2.635 -2.634 -2.444
0.00011527 -2.13000 10.07918 0.7985545993 2.4182178974    0.789  2.222  3.6968  1.852    3  0.000  0.531     0.00     0.00 -1 -2.12e-10      0.00 7.542e-01 2.456e-01 2.034e-05 5.717e-06 5.110e-05 -1.000 1.205e-04 -0.785 -1.197 -1.619 -1.973 -2.479 -2.673 -2.714 -2.728 -2.736 -2.367 -2.720 -2.357 -2.631 -2.667 -2.681 -2.704 -2.718 -2.725 -2.730 -2.739 -2.738 -2.737 -2.736 -2.544
0.00011527 -2.13000 10.07918 0.7986053824 2.4182357788    0.788  2.253  3.6956  1.817    3  0.000  0.531     0.00     0.00 -1  -2.4e-10      0.00 7.542e-01 2.456e-01 2.034e-05 5.717e-06 5.110e-05 -1.000 1.205e-04 -0.861 -1.273 -1.699 -2.054 -2.562 -2.758 -2.799 -2.813 -2.821 -2.450 -2.805 -2.440 -2.716 -2.752 -2.766 -2.789 -2.803 -2.810 -2.815 -2.824 -2.823 -2.821 -2.821 -2.628
0.00011527 -2.13000 10.07918 0.7986304760 2.4182446003    0.788  2.246  3.6961  1.825    3  0.000  0.531     0.00     0.00 -1 -2.37e-10      0.00 7.542e-01 2.457e-01 2.034e-05 5.717e-06 5.110e-05 -1.000 1.205e-04 -0.846 -1.258 -1.682 -2.036 -2.544 -2.739 -2.780 -2.794 -2.802 -2.432 -2.786 -2.422 -2.697 -2.733 -2.747 -2.770 -2.784 -2.791 -2.796 -2.805 -2.804 -2.803 -2.802 -2.609
0.00011527 -2.13000 10.07918 0.7986364961 2.4182467461    0.788  2.253  3.6958  1.817    3  0.000  0.531     0.00     0.00 -1 -2.43e-10      0.00 7.542e-01 2.457e-01 2.034e-05 5.717e-06 5.110e-05 -1.000 1.206e-04 -0.863 -1.275 -1.700 -2.055 -2.563 -2.758 -2.800 -2.814 -2.822 -2.450 -2.806 -2.440 -2.716 -2.752 -2.766 -2.789 -2.804 -2.810 -2.816 -2.824 -2.824 -2.822 -2.822 -2.628
0.00011527 -2.13000 10.07918 0.7986698747 2.4182584286    0.787  2.293  3.6941  1.769    3  0.000  0.531     0.00     0.00 -1 -2.81e-10      0.00 7.542e-01 2.457e-01 2.034e-05 5.717e-06 5.110e-05 -1.000 1.206e-04 -0.964 -1.376 -1.804 -2.162 -2.674 -2.871 -2.913 -2.928 -2.935 -2.561 -2.919 -2.550 -2.828 -2.865 -2.879 -2.902 -2.917 -2.924 -2.930 -2.938 -2.937 -2.934 -2.934 -2.740
0.00011527 -2.13000 10.07918 0.7987035513 2.4182703495    0.787  2.336  3.6924  1.719    3  0.000  0.531     0.00     0.00 -1  -3.3e-10      0.00 7.542e-01 2.457e-01 2.034e-05 5.718e-06 5.110e-05 -1.000 1.204e-04 -1.071 -1.483 -1.916 -2.276 -2.792 -2.991 -3.033 -3.048 -3.055 -2.679 -3.040 -2.667 -2.948 -2.985 -2.999 -3.022 -3.038 -3.044 -3.050 -3.059 -3.058 -3.053 -3.054 -2.859
0.00011527 -2.13000 10.07918 0.7987322211 2.4182803631    0.786  2.375  3.6906  1.673    3  0.000  0.531     0.00     0.00 -1 -3.83e-10      0.00 7.542e-01 2.457e-01 2.034e-05 5.718e-06 5.110e-05 -1.000 1.205e-04 -1.168 -1.581 -2.017 -2.380 -2.899 -3.101 -3.144 -3.159 -3.165 -2.786 -3.150 -2.774 -3.057 -3.095 -3.109 -3.132 -3.148 -3.155 -3.161 -3.169 -3.168 -3.162 -3.163 -2.967
0.00011527 -2.13000 10.07918 0.7987603545 2.4182901382    0.785  2.416  3.6888  1.624    3  0.000  0.531     0.00     0.00 -1 -4.47e-10      0.00 7.542e-01 2.457e-01 2.034e-05 5.718e-06 5.110e-05 -1.000 1.206e-04 -1.270 -1.683 -2.123 -2.489 -3.013 -3.216 -3.259 -3.275 -3.281 -2.899 -3.266 -2.886 -3.171 -3.210 -3.224 -3.247 -3.264 -3.271 -3.277 -3.286 -3.284 -3.277 -3.278 -3.081
0.00011527 -2.13000 10.07918 0.7987866402 2.4182994366    0.785  2.457  3.6871  1.576    3  0.000  0.531     0.00     0.00 -1 -5.21e-10      0.00 7.542e-01 2.457e-01 2.034e-05 5.718e-06 5.110e-05 -1.000 1.206e-04 -1.373 -1.785 -2.229 -2.598 -3.125 -3.331 -3.374 -3.390 -3.396 -3.012 -3.381 -2.997 -3.285 -3.325 -3.339 -3.362 -3.379 -3.386 -3.392 -3.401 -3.399 -3.391 -3.393 -3.194
0.00011527 -2.13000 10.07918 0.7988096476 2.4183075428    0.784  2.495  3.6853  1.530    3  0.000  0.531     0.00     0.00 -1 -6.03e-10      0.00 7.542e-01 2.457e-01 2.034e-05 5.718e-06 5.110e-05 -1.000 1.204e-04 -1.468 -1.880 -2.328 -2.701 -3.232 -3.439 -3.483 -3.499 -3.504 -3.118 -3.490 -3.102 -3.393 -3.433 -3.447 -3.471 -3.488 -3.495 -3.501 -3.510 -3.507 -3.498 -3.501 -3.301
0.00011527 -2.13000 10.07918 0.7988324165 2.4183156490    0.783  2.536  3.6835  1.482    3  0.000  0.531     0.00     0.00 -1 -7.02e-10      0.00 7.542e-01 2.457e-01 2.034e-05 5.718e-06 5.111e-05 -1.000 1.206e-04 -1.570 -1.982 -2.434 -2.810 -3.344 -3.554 -3.598 -3.614 -3.619 -3.230 -3.606 -3.214 -3.508 -3.548 -3.562 -3.586 -3.604 -3.610 -3.617 -3.626 -3.623 -3.613 -3.615 -3.414
0.00011527 -2.13000 10.07918 0.7988526225 2.4183225632    0.782  2.574  3.6818  1.436    3  0.000  0.531     0.00     0.00 -1 -8.12e-10      0.00 7.542e-01 2.457e-01 2.034e-05 5.718e-06 5.111e-05 -1.000 1.205e-04 -1.666 -2.078 -2.534 -2.913 -3.451 -3.663 -3.707 -3.724 -3.728 -3.337 -3.715 -3.320 -3.616 -3.656 -3.671 -3.695 -3.713 -3.720 -3.726 -3.736 -3.732 -3.721 -3.724 -3.522
0.00011527 -2.13000 10.07918 0.7988715172 2.4183292389    0.781  2.613  3.6800  1.390    3  0.000  0.531     0.00     0.00 -1 -9.39e-10      0.00 7.542e-01 2.457e-01 2.034e-05 5.718e-06 5.111e-05 -1.000 1.206e-04 -1.762 -2.172 -2.634 -3.015 -3.558 -3.771 -3.816 -3.833 -3.837 -3.443 -3.824 -3.425 -3.723 -3.765 -3.780 -3.803 -3.822 -3.829 -3.836 -3.845 -3.841 -3.828 -3.832 -3.628
0.00011527 -2.13000 10.07918 0.7988894582 2.4183354378    0.780  2.651  3.6782  1.343    3  0.000  0.531     0.00     0.00 -1 -1.09e-09      0.00 7.542e-01 2.457e-01 2.034e-05 5.718e-06 5.111e-05 -1.000 1.206e-04 -1.859 -2.268 -2.734 -3.119 -3.665 -3.881 -3.926 -3.944 -3.947 -3.550 -3.935 -3.532 -3.832 -3.874 -3.890 -3.913 -3.933 -3.940 -3.947 -3.956 -3.952 -3.936 -3.941 -3.737
0.00011527 -2.13000 10.07918 0.7989088297 2.4183423519    0.778  2.697  3.6761  1.289    3  0.000  0.531     0.00     0.00 -1 -1.29e-09      0.00 7.542e-01 2.457e-01 2.034e-05 5.718e-06 5.111e-05 -1.000 1.205e-04 -1.971 -2.380 -2.851 -3.240 -3.791 -4.009 -4.055 -4.073 -4.075 -3.675 -4.063 -3.656 -3.959 -4.002 -4.018 -4.041 -4.062 -4.069 -4.076 -4.085 -4.081 -4.062 -4.067 -3.863
0.00011527 -2.13000 10.07918 0.7989243865 2.4183478355    0.777  2.735  3.6741  1.242    3  0.000  0.531     0.00     0.00 -1 -1.49e-09      0.00 7.542e-01 2.457e-01 2.034e-05 5.718e-06 5.111e-05 -1.000 1.205e-04 -2.068 -2.476 -2.952 -3.345 -3.900 -4.120 -4.166 -4.185 -4.186 -3.784 -4.175 -3.763 -4.069 -4.113 -4.129 -4.152 -4.174 -4.181 -4.188 -4.198 -4.192 -4.172 -4.177 -3.972
0.00011527 -2.13000 10.07918 0.7989404202 2.4183533192    0.775  2.778  3.6721  1.189    3  0.000  0.531     0.00     0.00 -1 -1.76e-09      0.00 7.542e-01 2.457e-01 2.034e-05 5.718e-06 5.111e-05 -1.000 1.205e-04 -2.176 -2.582 -3.064 -3.461 -4.020 -4.242 -4.289 -4.309 -4.308 -3.903 -4.298 -3.882 -4.191 -4.235 -4.251 -4.274 -4.297 -4.305 -4.311 -4.321 -4.316 -4.292 -4.298 -4.093
0.00011527 -2.13000 10.07918 0.7989536524 2.4183580875    0.774  2.816  3.6703  1.143    3  0.000  0.531     0.00     0.00 -1 -2.03e-09      0.00 7.542e-01 2.457e-01 2.034e-05 5.718e-06 5.111e-05 -1.000 1.205e-04 -2.271 -2.676 -3.163 -3.563 -4.126 -4.350 -4.398 -4.418 -4.417 -4.009 -4.407 -3.987 -4.299 -4.343 -4.360 -4.382 -4.406 -4.414 -4.420 -4.430 -4.424 -4.399 -4.406 -4.200
0.00011527 -2.13000 10.07918 0.7989671230 2.4183628559    0.772  2.858  3.6680  1.092    3  0.000  0.531     0.00     0.00 -1 -2.37e-09      0.00 7.542e-01 2.457e-01 2.034e-05 5.718e-06 5.111e-05 -1.000 1.205e-04 -2.374 -2.778 -3.271 -3.675 -4.243 -4.470 -4.518 -4.539 -4.537 -4.126 -4.527 -4.103 -4.418 -4.463 -4.480 -4.502 -4.527 -4.535 -4.541 -4.552 -4.545 -4.516 -4.524 -4.318
0.00011527 -2.13000 10.07918 0.7989783287 2.4183666706    0.770  2.894  3.6663  1.047    3  0.000  0.531     0.00     0.00 -1 -2.72e-09      0.00 7.542e-01 2.457e-01 2.034e-05 5.718e-06 5.111e-05 -1.000 1.206e-04 -2.466 -2.868 -3.366 -3.773 -4.345 -4.574 -4.622 -4.644 -4.640 -4.228 -4.632 -4.204 -4.521 -4.567 -4.584 -4.604 -4.631 -4.639 -4.646 -4.657 -4.649 -4.618 -4.626 -4.421
0.00011527 -2.13000 10.07918 0.7989901304 2.4183709621    0.768  2.935  3.6641  0.996    3  0.000  0.531     0.00     0.00 -1 -3.18e-09      0.00 7.542e-01 2.457e-01 2.034e-05 5.718e-06 5.111e-05 -1.000 1.206e-04 -2.568 -2.967 -3.471 -3.883 -4.461 -4.693 -4.741 -4.763 -4.758 -4.343 -4.750 -4.318 -4.638 -4.685 -4.702 -4.722 -4.750 -4.759 -4.765 -4.776 -4.768 -4.732 -4.742 -4.537
0.00011527 -2.13000 10.07918 0.7990019917 2.4183750153    0.765  2.980  3.6618  0.942    3  0.000  0.531     0.00     0.00 -1 -3.77e-09      0.00 7.542e-01 2.457e-01 2.034e-05 5.718e-06 5.111e-05 -1.000 1.205e-04 -2.679 -3.076 -3.587 -4.003 -4.585 -4.820 -4.868 -4.892 -4.885 -4.467 -4.878 -4.441 -4.764 -4.812 -4.830 -4.848 -4.879 -4.887 -4.894 -4.905 -4.896 -4.857 -4.868 -4.663
0.00011527 -2.13000 10.07918 0.7990117073 2.4183783531    0.763  3.018  3.6597  0.893    3  0.000  0.531     0.00     0.00 -1 -4.37e-09      0.00 7.542e-01 2.457e-01 2.034e-05 5.718e-06 5.111e-05 -1.000 1.205e-04 -2.775 -3.169 -3.687 -4.108 -4.695 -4.932 -4.980 -5.005 -4.997 -4.577 -4.991 -4.550 -4.875 -4.924 -4.942 -4.959 -4.992 -5.000 -5.008 -5.019 -5.009 -4.966 -4.978 -4.773
0.00011527 -2.13000 10.07918 0.7990199924 2.4183814526    0.760  3.053  3.6578  0.849    3  0.000  0.531     0.00     0.00 -1 -4.99e-09      0.00 7.542e-01 2.457e-01 2.034e-05 5.718e-06 5.111e-05 -1.000 1.205e-04 -2.863 -3.254 -3.778 -4.203 -4.794 -5.033 -5.082 -5.107 -5.098 -4.675 -5.093 -4.648 -4.976 -5.025 -5.043 -5.059 -5.094 -5.102 -5.110 -5.121 -5.111 -5.064 -5.077 -4.872
0.00011527 -2.13000 10.07918 0.7990285754 2.4183843136    0.758  3.091  3.6558  0.802    3  0.000  0.531     0.00     0.00 -1 -5.77e-09      0.00 7.542e-01 2.457e-01 2.034e-05 5.718e-06 5.111e-05 -1.000 1.206e-04 -2.957 -3.346 -3.877 -4.306 -4.902 -5.142 -5.191 -5.218 -5.207 -4.782 -5.203 -4.754 -5.084 -5.134 -5.153 -5.168 -5.204 -5.213 -5.221 -5.232 -5.221 -5.171 -5.185 -4.980
0.00011527 -2.13000 10.07918 0.7990373373 2.4183874130    0.754  3.132  3.6535  0.749    3  0.000  0.531     0.00     0.00 -1 -6.76e-09      0.00 7.542e-01 2.457e-01 2.034e-05 5.718e-06 5.111e-05 -1.000 1.205e-04 -3.061 -3.446 -3.985 -4.419 -5.019 -5.263 -5.312 -5.340 -5.328 -4.900 -5.324 -4.871 -5.204 -5.254 -5.274 -5.287 -5.326 -5.335 -5.343 -5.355 -5.343 -5.288 -5.303 -5.099
0.00011527 -2.13000 10.07918 0.7990447283 2.4183900356    0.751  3.169  3.6514  0.702    3  0.000  0.531     0.00     0.00 -1  -7.8e-09      0.00 7.542e-01 2.457e-01 2.034e-05 5.718e-06 5.111e-05 -1.000 1.206e-04 -3.153 -3.533 -4.079 -4.518 -5.124 -5.371 -5.419 -5.449 -5.435 -5.004 -5.432 -4.974 -5.310 -5.362 -5.382 -5.392 -5.435 -5.444 -5.452 -5.464 -5.452 -5.392 -5.409 -5.205
0.00011527 -2.13000 10.07918 0.7990521193 2.4183926582    0.747  3.208  3.6492  0.652    3  0.000  0.531     0.00     0.00 -1 -9.05e-09      0.00 7.542e-01 2.457e-01 2.034e-05 5.718e-06 5.111e-05 -1.000 1.205e-04 -3.250 -3.623 -4.177 -4.622 -5.234 -5.483 -5.531 -5.563 -5.547 -5.113 -5.545 -5.082 -5.421 -5.474 -5.494 -5.502 -5.548 -5.557 -5.565 -5.578 -5.565 -5.500 -5.518 -5.315
0.00011527 -2.13000 10.07918 0.7990590334 2.4183950424    0.743  3.243  3.6472  0.606    3  0.000  0.531     0.00     0.00 -1 -1.04e-08      0.00 7.542e-01 2.457e-01 2.034e-05 5.719e-06 5.111e-05 -1.000 1.205e-04 -3.339 -3.706 -4.268 -4.718 -5.335 -5.587 -5.635 -5.668 -5.650 -5.214 -5.649 -5.182 -5.524 -5.577 -5.598 -5.603 -5.653 -5.662 -5.670 -5.683 -5.670 -5.601 -5.620 -5.417
0.00011527 -2.13000 10.07918 0.7990609407 2.4183957577    0.741  3.252  3.6467  0.594    3  0.000  0.531     0.00     0.00 -1 -1.08e-08      0.00 7.542e-01 2.457e-01 2.034e-05 5.719e-06 5.111e-05 -1.000 1.205e-04 -3.361 -3.727 -4.291 -4.742 -5.360 -5.613 -5.661 -5.694 -5.677 -5.239 -5.675 -5.207 -5.550 -5.603 -5.624 -5.629 -5.679 -5.688 -5.697 -5.710 -5.696 -5.626 -5.645 -5.442
0.00011527 -2.13000 10.07918 0.7990609407 2.4183957577    0.741  1.662  3.9334  3.331    4  0.000  0.533     0.00     0.00 -1    -1e-30      0.00 7.558e-01 2.441e-01 2.033e-05 5.668e-06 5.092e-05 -1.000 1.204e-04 0.614 0.592 0.537 0.507 0.478 0.460 0.453 0.452 0.447 0.484 0.453 0.485 0.466 0.460 0.460 0.458 0.451 0.453 0.452 0.448 0.447 0.445 0.446 0.473
0.00011527 -2.13000 10.07918 0.7990616560 2.4183959961    0.741  1.670  3.9289  3.305    4  0.000  0.533     0.00     0.00 -1    -1e-30      0.00 7.558e-01 2.441e-01 2.033e-05 5.668e-06 5.092e-05 -1.000 1.204e-04 0.595 0.555 0.495 0.461 0.426 0.407 0.400 0.398 0.393 0.435 0.399 0.434 0.413 0.407 0.407 0.404 0.397 0.399 0.398 0.394 0.392 0.391 0.392 0.421
0.00011527 -2.13000 10.07918 0.7991114855 2.4184134007    0.741  1.689  3.9194  3.249    4  0.000  0.533     0.00     0.00 -1    -1e-30      0.00 7.558e-01 2.441e-01 2.033e-05 5.668e-06 5.092e-05 -1.000 1.205e-04 0.548 0.471 0.402 0.358 0.313 0.290 0.281 0.279 0.273 0.325 0.280 0.322 0.297 0.290 0.290 0.286 0.279 0.280 0.279 0.274 0.273 0.271 0.272 0.307
0.00011527 -2.13000 10.07918 0.7991600037 2.4184303284    0.741  1.689  3.9197  3.250    4  0.000  0.533     0.00     0.00 -1    -1e-30      0.00 7.558e-01 2.441e-01 2.033e-05 5.668e-06 5.092e-05 -1.000 1.205e-04 0.547 0.472 0.402 0.359 0.315 0.292 0.283 0.280 0.275 0.326 0.282 0.324 0.299 0.292 0.291 0.288 0.281 0.282 0.281 0.276 0.275 0.273 0.274 0.309
0.00011527 -2.13000 10.07918 0.7992085814 2.4184474945    0.741  1.689  3.9201  3.251    4  0.000  0.533     0.00     0.00 -1    -1e-30      0.00 7.558e-01 2.441e-01 2.033e-05 5.668e-06 5.092e-05 -1.000 1.204e-04 0.547 0.473 0.404 0.361 0.318 0.295 0.286 0.283 0.278 0.329 0.285 0.327 0.302 0.295 0.294 0.291 0.284 0.285 0.284 0.279 0.278 0.276 0.277 0.312
0.00011527 -2.13000 10.07918 0.7992576957 2.4184646606    0.741  1.689  3.9204  3.252    4  0.000  0.533     0.00     0.00 -1    -1e-30      0.00 7.558e-01 2.441e-01 2.033e-05 5.668e-06 5.092e-05 -1.000 1.205e-04 0.547 0.474 0.406 0.363 0.320 0.297 0.288 0.286 0.280 0.331 0.287 0.328 0.304 0.297 0.296 0.293 0.286 0.287 0.286 0.281 0.280 0.278 0.279 0.314
0.00011527 -2.13000 10.07918 0.7993081212 2.4184823036    0.741  1.689  3.9204  3.252    4  0.000  0.533     0.00     0.00 -1    -1e-30      0.00 7.558e-01 2.441e-01 2.033e-05 5.668e-06 5.092e-05 -1.000 1.204e-04 0.547 0.474 0.406 0.363 0.319 0.297 0.288 0.286 0.280 0.331 0.287 0.328 0.304 0.297 0.296 0.293 0.286 0.287 0.286 0.281 0.280 0.278 0.279 0.314
0.00011527 -2.13000 10.07918 0.7993581891 2.4184999466    0.741  1.689  3.9202  3.251    4  0.000  0.533     0.00     0.00 -1    -1e-30      0.00 7.558e-01 2.441e-01 2.033e-05 5.668e-06 5.092e-05 -1.000 1.204e-04 0.547 0.473 0.404 0.361 0.317 0.295 0.286 0.283 0.278 0.329 0.285 0.326 0.302 0.295 0.294 0.291 0.284 0.285 0.284 0.279 0.278 0.276 0.277 0.311
0.00011527 -2.13000 10.07918 0.7994049788 2.4185163975    0.741  1.690  3.9198  3.249    4  0.000  0.533     0.00     0.00 -1    -1e-30      0.00 7.558e-01 2.441e-01 2.033e-05 5.668e-06 5.092e-05 -1.000 1.205e-04 0.546 0.470 0.401 0.357 0.313 0.290 0.282 0.279 0.274 0.325 0.280 0.322 0.298 0.290 0.290 0.286 0.279 0.280 0.279 0.274 0.273 0.272 0.273 0.307
0.00011527 -2.13000 10.07918 0.7994554639 2.4185340405    0.741  1.690  3.9190  3.246    4  0.000  0.533     0.00     0.00 -1    -1e-30      0.00 7.558e-01 2.441e-01 2.033e-05 5.668e-06 5.092e-05 -1.000 1.204e-04 0.544 0.466 0.396 0.352 0.307 0.284 0.275 0.272 0.267 0.318 0.274 0.316 0.291 0.284 0.283 0.280 0.272 0.273 0.272 0.267 0.266 0.265 0.266 0.301
0.00011527 -2.13000 10.07918 0.7995020747 2.4185502529    0.741  1.691  3.9179  3.241    4  0.000  0.533     0.00     0.00 -1    -1e-30      0.00 7.558e-01 2.441e-01 2.033e-05 5.668e-06 5.092e-05 -1.000 1.205e-04 0.542 0.460 0.389 0.343 0.297 0.273 0.264 0.261 0.256 0.309 0.263 0.306 0.281 0.273 0.273 0.269 0.262 0.263 0.262 0.257 0.256 0.254 0.255 0.290
0.00011527 -2.13000 10.07918 0.7995492220 2.4185667038    0.741  1.692  3.9164  3.234    4  0.000  0.533     0.00     0.00 -1    -1e-30      0.00 7.558e-01 2.441e-01 2.033e-05 5.668e-06 5.092e-05 -1.000 1.204e-04 0.540 0.452 0.379 0.332 0.284 0.259 0.250 0.248 0.242 0.296 0.249 0.293 0.267 0.260 0.259 0.255 0.248 0.249 0.248 0.243 0.242 0.240 0.241 0.277
0.00011527 -2.13000 10.07918 0.7995987535 2.4185841084    0.742  1.694  3.9144  3.224    4  0.000  0.533     0.00     0.00 -1    -1e-30      0.00 7.558e-01 2.441e-01 2.033e-05 5.668e-06 5.092e-05 -1.000 1.204e-04 0.536 0.442 0.366 0.317 0.266 0.241 0.232 0.229 0.223 0.280 0.230 0.276 0.249 0.241 0.240 0.237 0.229 0.230 0.229 0.224 0.223 0.221 0.222 0.259
0.00011527 -2.13000 10.07918 0.7996501923 2.4186022282    0.742  1.695  3.9119  3.212    4  0.000  0.533     0.00     0.00 -1    -1e-30      0.00 7.558e-01 2.441e-01 2.033e-05 5.668e-06 5.092e-05 -1.000 1.204e-04 0.531 0.428 0.350 0.298 0.243 0.217 0.208 0.205 0.199 0.258 0.206 0.254 0.225 0.217 0.217 0.213 0.205 0.206 0.205 0.200 0.199 0.197 0.198 0.236
0.00011527 -2.13000 10.07918 0.7996982336 2.4186189175    0.742  1.697  3.9089  3.198    4  0.000  0.533     0.00     0.00 -1    -1e-30      0.00 7.558e-01 2.441e-01 2.033e-05 5.668e-06 5.092e-05 -1.000 1.204e-04 0.526 0.413 0.331 0.276 0.217 0.190 0.180 0.177 0.172 0.233 0.179 0.228 0.198 0.191 0.189 0.186 0.178 0.179 0.177 0.172 0.171 0.169 0.170 0.210
0.00011527 -2.13000 10.07918 0.7997462153 2.4186358452    0.742  1.700  3.9055  3.182    4  0.000  0.533     0.00     0.00 -1    -1e-30      0.00 7.558e-01 2.441e-01 2.033e-05 5.668e-06 5.092e-05 -1.000 1.204e-04 0.520 0.394 0.309 0.251 0.187 0.158 0.148 0.145 0.139 0.204 0.147 0.199 0.167 0.159 0.158 0.154 0.146 0.146 0.145 0.140 0.139 0.137 0.138 0.179
0.00011527 -2.13000 10.07918 0.7997967005 2.4186534882    0.742  1.703  3.9013  3.162    4  0.000  0.533     0.00     0.00 -1    -1e-30      0.00 7.558e-01 2.441e-01 2.033e-05 5.668e-06 5.092e-05 -1.000 1.205e-04 0.513 0.374 0.284 0.220 0.149 0.119 0.109 0.106 0.100 0.169 0.107 0.162 0.128 0.120 0.118 0.114 0.106 0.107 0.106 0.101 0.099 0.097 0.098 0.140
0.00011527 -2.13000 10.07918 0.7998443246 2.4186701775    0.742  1.706  3.8967  3.141    4  0.000  0.533     0.00     0.00 -1    -1e-30      0.00 7.558e-01 2.441e-01 2.033e-05 5.668e-06 5.092e-05 -1.000 1.204e-04 0.505 0.352 0.256 0.187 0.109 0.078 0.067 0.064 0.058 0.131 0.066 0.124 0.087 0.078 0.076 0.072 0.064 0.065 0.064 0.058 0.057 0.055 0.056 0.100
0.00011527 -2.13000 10.07918 0.7998922467 2.4186868668    0.742  1.709  3.8916  3.117    4  0.000  0.533     0.00     0.00 -1    -1e-30      0.00 7.558e-01 2.441e-01 2.033e-05 5.668e-06 5.092e-05 -1.000 1.204e-04 0.496 0.326 0.225 0.150 0.064 0.030 0.019 0.016 0.009 0.088 0.018 0.079 0.040 0.031 0.029 0.024 0.016 0.017 0.016 0.010 0.009 0.007 0.008 0.054
0.00011527 -2.13000 10.07918 0.7999415398 2.4187040329    0.742  1.713  3.8858  3.090    4  0.000  0.533     0.00     0.00 -1    -1e-30      0.00 7.558e-01 2.441e-01 2.033e-05 5.668e-06 5.092e-05 -1.000 1.205e-04 0.486 0.300 0.192 0.110 0.013 -0.024 -0.035 -0.038 -0.045 0.041 -0.036 0.030 -0.014 -0.023 -0.025 -0.030 -0.037 -0.037 -0.038 -0.044 -0.045 -0.047 -0.046 0.001
0.00011527 -2.13000 10.07918 0.7999920249 2.4187216759    0.742  1.718  3.8791  3.059    4  0.000  0.533     0.00     0.00 -1    -1e-30      0.00 7.558e-01 2.441e-01 2.033e-05 5.668e-06 5.092e-05 -1.000 1.204e-04 0.475 0.270 0.154 0.063 -0.046 -0.086 -0.097 -0.100 -0.107 -0.014 -0.098 -0.027 -0.075 -0.084 -0.087 -0.092 -0.099 -0.099 -0.100 -0.106 -0.107 -0.109 -0.108 -0.059
0.00011527 -2.13000 10.07918 0.8000391126 2.4187381268    0.742  1.723  3.8724  3.027    4  0.000  0.533     0.00     0.00 -1    -1e-30      0.00 7.558e-01 2.441e-01 2.033e-05 5.668e-06 5.092e-05 -1.000 1.204e-04 0.463 0.242 0.118 0.018 -0.106 -0.148 -0.160 -0.163 -0.170 -0.069 -0.161 -0.083 -0.137 -0.147 -0.149 -0.154 -0.162 -0.162 -0.163 -0.169 -0.170 -0.172 -0.171 -0.119
0.00011527 -2.13000 10.07918 0.8000435829 2.4187397957    0.742  1.723  3.8717  3.024    4  0.000  0.533     0.00     0.00 -1    -1e-30      0.00 7.558e-01 2.441e-01 2.033e-05 5.668e-06 5.092e-05 -1.000 1.204e-04 0.462 0.239 0.114 0.013 -0.111 -0.154 -0.166 -0.169 -0.176 -0.074 -0.167 -0.089 -0.143 -0.153 -0.155 -0.160 -0.168 -0.168 -0.169 -0.175 -0.176 -0.178 -0.177 -0.125
0.00011527 -2.13000 10.07918 0.8000515699 2.4187426567    0.742  1.724  3.8706  3.019    4  0.000  0.533     0.00     0.00 -1    -1e-30      0.00 7.558e-01 2.441e-01 2.033e-05 5.668e-06 5.092e-05 -1.000 1.204e-04 0.460 0.235 0.108 0.006 -0.121 -0.164 -0.176 -0.180 -0.186 -0.083 -0.178 -0.098 -0.153 -0.163 -0.165 -0.171 -0.178 -0.178 -0.180 -0.185 -0.186 -0.189 -0.188 -0.135
0.00011527 -2.13000 10.07918 0.8000986576 2.4187591076    0.742  1.729  3.8639  2.987    4  0.000  0.533     0.00     0.00 -1    -1e-30      0.00 7.558e-01 2.441e-01 2.033e-05 5.668e-06 5.092e-05 -1.000 1.204e-04 0.449 0.207 0.072 -0.039 -0.180 -0.226 -0.238 -0.242 -0.248 -0.138 -0.240 -0.155 -0.215 -0.225 -0.227 -0.233 -0.240 -0.240 -0.242 -0.247 -0.248 -0.251 -0.250 -0.195
0.00011527 -2.13000 10.07918 0.8001445532 2.4187750816    0.742  1.733  3.8568  2.954    4  0.000  0.533     0.00     0.00 -1    -1e-30      0.00 7.558e-01 2.441e-01 2.033e-05 5.668e-06 5.092e-05 -1.000 1.204e-04 0.437 0.182 0.036 -0.085 -0.240 -0.290 -0.303 -0.307 -0.313 -0.194 -0.305 -0.212 -0.279 -0.290 -0.292 -0.298 -0.305 -0.305 -0.307 -0.312 -0.313 -0.317 -0.315 -0.257
0.00011527 -2.13000 10.07918 0.8001936078 2.4187922478    0.742  1.739  3.8488  2.917    4  0.000  0.533     0.00     0.00 -1    -1e-30      0.00 7.558e-01 2.441e-01 2.033e-05 5.668e-06 5.092e-05 -1.000 1.204e-04 0.423 0.153 -0.005 -0.136 -0.309 -0.364 -0.378 -0.381 -0.388 -0.258 -0.379 -0.278 -0.353 -0.363 -0.366 -0.373 -0.379 -0.379 -0.381 -0.387 -0.387 -0.391 -0.389 -0.329
0.00011527 -2.13000 10.07918 0.8002403378 2.4188084602    0.742  1.745  3.8406  2.878    4  0.000  0.533     0.00     0.00 -1    -1e-30      0.00 7.558e-01 2.441e-01 2.033e-05 5.668e-06 5.092e-05 -1.000 1.205e-04 0.408 0.124 -0.045 -0.188 -0.380 -0.440 -0.453 -0.457 -0.464 -0.323 -0.455 -0.344 -0.428 -0.438 -0.441 -0.449 -0.455 -0.456 -0.458 -0.463 -0.463 -0.468 -0.465 -0.401
0.00011527 -2.13000 10.07918 0.8002851009 2.4188241959    0.742  1.750  3.8326  2.840    4  0.000  0.533     0.00     0.00 -1    -1e-30      0.00 7.558e-01 2.441e-01 2.033e-05 5.668e-06 5.092e-05 -1.000 1.204e-04 0.394 0.097 -0.085 -0.238 -0.448 -0.513 -0.527 -0.532 -0.538 -0.387 -0.529 -0.409 -0.501 -0.512 -0.515 -0.523 -0.529 -0.530 -0.532 -0.537 -0.538 -0.542 -0.540 -0.471
0.00011527 -2.13000 10.07918 0.8003312945 2.4188404083    0.742  1.757  3.8244  2.801    4  0.000  0.533     0.00     0.00 -1    -1e-30      0.00 7.558e-01 2.441e-01 2.033e-05 5.668e-06 5.092e-05 -1.000 1.204e-04 0.378 0.069 -0.125 -0.291 -0.519 -0.589 -0.604 -0.609 -0.615 -0.453 -0.606 -0.475 -0.577 -0.588 -0.591 -0.600 -0.606 -0.607 -0.610 -0.614 -0.615 -0.620 -0.617 -0.544
0.00011527 -2.13000 10.07918 0.8003766537 2.4188561440    0.742  1.763  3.8164  2.763    4  0.000  0.533     0.00     0.00 -1    -1e-30      0.00 7.558e-01 2.441e-01 2.033e-05 5.668e-06 5.092e-05 -1.000 1.204e-04 0.363 0.042 -0.165 -0.341 -0.587 -0.663 -0.679 -0.684 -0.690 -0.516 -0.681 -0.539 -0.650 -0.662 -0.665 -0.674 -0.681 -0.682 -0.685 -0.689 -0.690 -0.695 -0.692 -0.615
0.00011527 -2.13000 10.07918 0.8004224896 2.4188721180    0.742  1.769  3.8088  2.726    4  0.000  0.533     0.00     0.00 -1    -1e-30      0.00 7.558e-01 2.441e-01 2.033e-05 5.668e-06 5.092e-05 -1.000 1.204e-04 0.347 0.015 -0.203 -0.390 -0.654 -0.735 -0.752 -0.757 -0.763 -0.579 -0.754 -0.602 -0.721 -0.734 -0.738 -0.747 -0.753 -0.755 -0.758 -0.762 -0.763 -0.768 -0.765 -0.684
0.00011527 -2.13000 10.07918 0.8004683256 2.4188883305    0.742  1.776  3.8017  2.692    4  0.000  0.533     0.00     0.00 -1    -1e-30      0.00 7.558e-01 2.441e-01 2.033e-05 5.668e-06 5.092e-05 -1.000 1.204e-04 0.330 -0.010 -0.240 -0.436 -0.716 -0.803 -0.821 -0.826 -0.833 -0.637 -0.823 -0.661 -0.789 -0.802 -0.806 -0.816 -0.822 -0.824 -0.827 -0.832 -0.833 -0.838 -0.834 -0.748
0.00011527 -2.13000 10.07918 0.8005145192 2.4189043045    0.743  1.784  3.7939  2.652    4  0.000  0.533     0.00     0.00 -1    -1e-30      0.00 7.558e-01 2.441e-01 2.033e-05 5.668e-06 5.092e-05 -1.000 1.205e-04 0.309 -0.041 -0.284 -0.491 -0.789 -0.882 -0.901 -0.906 -0.913 -0.706 -0.904 -0.729 -0.867 -0.881 -0.885 -0.896 -0.902 -0.904 -0.907 -0.912 -0.913 -0.918 -0.914 -0.823
0.00011527 -2.13000 10.07918 0.8005236983 2.4189076424    0.743  1.784  3.7931  2.649    4  0.000  0.533     0.00     0.00 -1    -1e-30      0.00 7.558e-01 2.441e-01 2.033e-05 5.668e-06 5.092e-05 -1.000 1.205e-04 0.309 -0.041 -0.285 -0.494 -0.793 -0.887 -0.906 -0.912 -0.919 -0.710 -0.909 -0.733 -0.872 -0.886 -0.890 -0.901 -0.907 -0.909 -0.913 -0.918 -0.918 -0.923 -0.920 -0.827
0.00011527 -2.13000 10.07918 0.8005711436 2.4189240932    0.743  1.795  3.7851  2.606    4  0.000  0.533     0.00     0.00 -1    -1e-30      0.00 7.558e-01 2.441e-01 2.033e-05 5.668e-06 5.092e-05 -1.000 1.204e-04 0.282 -0.077 -0.334 -0.554 -0.872 -0.973 -0.993 -0.998 -1.005 -0.785 -0.995 -0.806 -0.956 -0.971 -0.975 -0.987 -0.993 -0.996 -0.999 -1.004 -1.005 -1.010 -1.007 -0.908
0.00011527 -2.13000 10.07918 0.8006178141 2.4189405441    0.743  1.811  3.7758  2.553    4  0.000  0.533     0.00     0.00 -1    -1e-30      0.00 7.558e-01 2.441e-01 2.033e-05 5.668e-06 5.092e-05 -1.000 1.205e-04 0.243 -0.125 -0.398 -0.632 -0.970 -1.079 -1.100 -1.107 -1.114 -0.879 -1.103 -0.899 -1.061 -1.078 -1.082 -1.095 -1.102 -1.105 -1.108 -1.113 -1.114 -1.119 -1.116 -1.009
0.00011527 -2.13000 10.07918 0.8006570339 2.4189541340    0.743  1.837  3.7639  2.479    4  0.000  0.533     0.00     0.00 -1    -1e-30      0.00 7.558e-01 2.441e-01 2.033e-05 5.668e-06 5.092e-05 -1.000 1.205e-04 0.177 -0.202 -0.496 -0.746 -1.110 -1.230 -1.254 -1.261 -1.269 -1.015 -1.257 -1.032 -1.210 -1.229 -1.234 -1.248 -1.255 -1.259 -1.262 -1.268 -1.269 -1.275 -1.271 -1.153
0.00011527 -2.13000 10.07918 0.8006783724 2.4189615250    0.743  1.869  3.7532  2.405    4  0.000  0.533     0.00     0.00 -1    -1e-30      0.00 7.558e-01 2.441e-01 2.033e-05 5.668e-06 5.092e-05 -1.000 1.205e-04 0.098 -0.290 -0.603 -0.869 -1.256 -1.387 -1.413 -1.420 -1.429 -1.157 -1.416 -1.171 -1.364 -1.385 -1.391 -1.406 -1.414 -1.418 -1.422 -1.428 -1.429 -1.435 -1.431 -1.303
0.00011527 -2.13000 10.07918 0.8006879687 2.4189648628    0.743  1.901  3.7445  2.338    4  0.000  0.533     0.00     0.00 -1    -1e-30      0.00 7.558e-01 2.441e-01 2.033e-05 5.668e-06 5.092e-05 -1.000 1.204e-04 0.017 -0.377 -0.706 -0.985 -1.390 -1.530 -1.558 -1.566 -1.576 -1.289 -1.562 -1.300 -1.505 -1.528 -1.535 -1.551 -1.560 -1.564 -1.568 -1.574 -1.575 -1.581 -1.578 -1.440
0.00011527 -2.13000 10.07918 0.8006922603 2.4189662933    0.743  1.935  3.7370  2.274    4  0.000  0.533     0.00     0.00 -1    -1e-30      0.00 7.558e-01 2.441e-01 2.033e-05 5.668e-06 5.092e-05 -1.000 1.204e-04 -0.067 -0.467 -0.810 -1.099 -1.521 -1.668 -1.698 -1.707 -1.717 -1.417 -1.702 -1.426 -1.641 -1.665 -1.673 -1.691 -1.700 -1.704 -1.708 -1.715 -1.716 -1.722 -1.718 -1.573
0.00011527 -2.13000 10.07918 0.8006942868 2.4189670086    0.743  1.968  3.7313  2.218    4  0.000  0.533     0.00     0.00 -1    -1e-30      0.00 7.558e-01 2.441e-01 2.033e-05 5.668e-06 5.092e-05 -1.000 1.204e-04 -0.149 -0.553 -0.906 -1.204 -1.638 -1.791 -1.822 -1.832 -1.842 -1.532 -1.827 -1.538 -1.762 -1.788 -1.796 -1.815 -1.825 -1.829 -1.833 -1.840 -1.842 -1.847 -1.844 -1.691
0.00011527 -2.13000 10.07918 0.8006951213 2.4189674854    0.743  1.989  3.7283  2.185    7  0.000  0.533     0.00     0.00 -1    -1e-30      0.00 7.558e-01 2.441e-01 2.033e-05 5.668e-06 5.092e-05 -1.000 1.204e-04 -0.202 -0.607 -0.965 -1.269 -1.708 -1.865 -1.897 -1.907 -1.917 -1.602 -1.901 -1.607 -1.835 -1.862 -1.870 -1.889 -1.899 -1.904 -1.908 -1.916 -1.917 -1.922 -1.919 -1.763
0.00011527 -2.13000 10.07918 0.8006953597 2.4189674854    0.743  1.998  3.7272  2.172    7  0.000  0.533     0.00     0.00 -1    -1e-30      0.00 7.558e-01 2.441e-01 2.033e-05 5.668e-06 5.092e-05 -1.000 1.204e-04 -0.225 -0.630 -0.991 -1.296 -1.738 -1.896 -1.928 -1.938 -1.948 -1.631 -1.932 -1.636 -1.865 -1.893 -1.901 -1.920 -1.930 -1.935 -1.939 -1.947 -1.948 -1.954 -1.950 -1.793
0.00011527 -2.13000 10.07918 0.8006963134 2.4189677238    0.743  2.038  3.7231  2.115    7  0.000  0.533     0.00     0.00 -1    -1e-30      0.00 7.558e-01 2.441e-01 2.033e-05 5.668e-06 5.092e-05 -1.000 1.204e-04 -0.326 -0.734 -1.103 -1.414 -1.864 -2.027 -2.060 -2.071 -2.081 -1.757 -2.065 -1.760 -1.996 -2.024 -2.033 -2.053 -2.063 -2.068 -2.072 -2.080 -2.081 -2.087 -2.083 -1.921
0.00011527 -2.13000 10.07918 0.8006971478 2.4189682007    0.743  2.078  3.7196  2.061    7  0.000  0.533     0.00     0.00 -1    -1e-30      0.00 7.558e-01 2.441e-01 2.033e-05 5.668e-06 5.092e-05 -1.000 1.204e-04 -0.424 -0.834 -1.209 -1.526 -1.984 -2.151 -2.184 -2.196 -2.206 -1.875 -2.190 -1.877 -2.118 -2.147 -2.156 -2.177 -2.188 -2.193 -2.197 -2.205 -2.206 -2.210 -2.208 -2.041
0.00011527 -2.13000 10.07918 0.8006979823 2.4189684391    0.743  2.115  3.7166  2.012    7  0.000  0.533     0.00     0.00 -1    -1e-30      0.00 7.558e-01 2.441e-01 2.033e-05 5.668e-06 5.092e-05 -1.000 1.204e-04 -0.519 -0.929 -1.311 -1.632 -2.096 -2.266 -2.301 -2.313 -2.323 -1.987 -2.307 -1.987 -2.233 -2.263 -2.272 -2.293 -2.304 -2.310 -2.314 -2.322 -2.323 -2.327 -2.324 -2.155
0.00011527 -2.13000 10.07918 0.8006988168 2.4189686775    0.743  2.150  3.7140  1.967    7  0.000  0.533     0.00     0.00 -1    -1e-30      0.00 7.558e-01 2.441e-01 2.033e-05 5.668e-06 5.092e-05 -1.000 1.204e-04 -0.605 -1.016 -1.403 -1.728 -2.197 -2.370 -2.406 -2.417 -2.428 -2.088 -2.411 -2.087 -2.336 -2.366 -2.376 -2.397 -2.409 -2.414 -2.419 -2.427 -2.428 -2.431 -2.429 -2.257
0.00011527 -2.13000 10.07918 0.8007002473 2.4189691544    0.743  2.172  3.7127  1.939    7  0.000  0.533     0.00     0.00 -1    -1e-30      0.00 7.558e-01 2.441e-01 2.033e-05 5.668e-06 5.092e-05 -1.000 1.204e-04 -0.660 -1.072 -1.462 -1.789 -2.261 -2.436 -2.472 -2.484 -2.494 -2.152 -2.477 -2.150 -2.401 -2.432 -2.442 -2.463 -2.475 -2.481 -2.485 -2.493 -2.494 -2.497 -2.495 -2.321
0.00011527 -2.13000 10.07918 0.8007027507 2.4189701080    0.743  2.152  3.7142  1.965    7  0.000  0.533     0.00     0.00 -1    -1e-30      0.00 7.558e-01 2.441e-01 2.033e-05 5.668e-06 5.092e-05 -1.000 1.205e-04 -0.611 -1.022 -1.409 -1.734 -2.203 -2.376 -2.411 -2.423 -2.433 -2.094 -2.417 -2.093 -2.341 -2.372 -2.382 -2.403 -2.414 -2.420 -2.424 -2.432 -2.433 -2.437 -2.434 -2.262
0.00011527 -2.13000 10.07918 0.8007189631 2.4189758301    0.743  2.142  3.7145  1.977    7  0.000  0.533     0.00     0.00 -1    -1e-30      0.00 7.558e-01 2.441e-01 2.033e-05 5.668e-06 5.092e-05 -1.000 1.204e-04 -0.585 -0.996 -1.382 -1.706 -2.174 -2.347 -2.382 -2.394 -2.404 -2.065 -2.388 -2.065 -2.312 -2.343 -2.353 -2.374 -2.386 -2.391 -2.396 -2.404 -2.405 -2.408 -2.406 -2.234
0.00011527 -2.13000 10.07918 0.8007342219 2.4189810753    0.743  2.171  3.7122  1.938    7  0.000  0.533     0.00     0.00 -1    -1e-30      0.00 7.558e-01 2.441e-01 2.033e-05 5.668e-06 5.092e-05 -1.000 1.204e-04 -0.659 -1.071 -1.461 -1.790 -2.262 -2.438 -2.474 -2.486 -2.496 -2.153 -2.480 -2.151 -2.402 -2.434 -2.444 -2.465 -2.477 -2.483 -2.488 -2.496 -2.496 -2.499 -2.497 -2.323
0.00011527 -2.13000 10.07918 0.8007527590 2.4189875126    0.743  2.218  3.7089  1.878    7  0.000  0.533     0.00     0.00 -1    -1e-30      0.00 7.558e-01 2.441e-01 2.033e-05 5.668e-06 5.092e-05 -1.000 1.205e-04 -0.775 -1.189 -1.586 -1.919 -2.399 -2.578 -2.615 -2.627 -2.637 -2.289 -2.621 -2.286 -2.542 -2.574 -2.584 -2.606 -2.619 -2.624 -2.629 -2.637 -2.638 -2.640 -2.639 -2.460
0.00011527 -2.13000 10.07918 0.8007704020 2.4189937115    0.743  2.261  3.7061  1.824    7  0.000  0.533     0.00     0.00 -1    -1e-30      0.00 7.558e-01 2.441e-01 2.033e-05 5.668e-06 5.092e-05 -1.000 1.204e-04 -0.884 -1.298 -1.701 -2.039 -2.524 -2.707 -2.744 -2.757 -2.767 -2.414 -2.750 -2.409 -2.669 -2.702 -2.713 -2.735 -2.748 -2.754 -2.759 -2.767 -2.768 -2.769 -2.768 -2.586
0.00011527 -2.13000 10.07918 0.8007866740 2.4189994335    0.743  2.304  3.7035  1.771    7  0.000  0.533     0.00     0.00 -1    -1e-30      0.00 7.558e-01 2.441e-01 2.033e-05 5.668e-06 5.092e-05 -1.000 1.204e-04 -0.990 -1.405 -1.814 -2.156 -2.647 -2.832 -2.871 -2.884 -2.893 -2.536 -2.877 -2.530 -2.793 -2.827 -2.839 -2.861 -2.874 -2.880 -2.886 -2.894 -2.894 -2.895 -2.894 -2.710
0.00011527 -2.13000 10.07918 0.8008013368 2.4190044403    0.743  2.346  3.7010  1.719    7  0.000  0.533     0.00     0.00 -1    -1e-30      0.00 7.558e-01 2.441e-01 2.033e-05 5.669e-06 5.092e-05 -1.000 1.200e-04 -1.095 -1.510 -1.924 -2.270 -2.766 -2.954 -2.994 -3.007 -3.016 -2.655 -3.000 -2.648 -2.915 -2.949 -2.961 -2.984 -2.998 -3.004 -3.009 -3.017 -3.018 -3.018 -3.017 -2.830
0.00011527 -2.13000 10.07918 0.8008143306 2.4190089703    0.743  2.388  3.6986  1.668    7  0.000  0.532     0.00     0.00 -1    -1e-30      0.00 7.558e-01 2.441e-01 2.032e-05 5.671e-06 5.092e-05 -1.000 1.134e-04 -1.199 -1.615 -2.034 -2.384 -2.885 -3.076 -3.116 -3.130 -3.139 -2.773 -3.122 -2.765 -3.036 -3.071 -3.083 -3.106 -3.120 -3.126 -3.132 -3.140 -3.140 -3.140 -3.139 -2.950
0.00011527 -2.13000 10.07918 0.8008257151 2.4190130234    0.743  2.429  3.6962  1.617    7  0.000  0.531     0.00     0.00 -1    -1e-30      0.00 7.558e-01 2.441e-01 2.026e-05 5.693e-06 5.092e-05 -1.000 1.141e-04 -1.302 -1.719 -2.143 -2.496 -3.002 -3.196 -3.237 -3.251 -3.259 -2.890 -3.243 -2.881 -3.155 -3.191 -3.203 -3.226 -3.241 -3.247 -3.253 -3.261 -3.261 -3.260 -3.260 -3.068
0.00011527 -2.13000 10.07918 0.8008357882 2.4190165997    0.743  2.470  3.6940  1.567    7  0.000  0.525     0.00     0.00 -1    -1e-30      0.00 7.557e-01 2.442e-01 2.005e-05 5.839e-06 5.092e-05 -1.000 1.080e-04 -1.404 -1.821 -2.250 -2.607 -3.118 -3.315 -3.356 -3.370 -3.378 -3.006 -3.362 -2.995 -3.273 -3.309 -3.322 -3.345 -3.360 -3.367 -3.373 -3.381 -3.380 -3.378 -3.378 -3.185
0.00011527 -2.13000 10.07918 0.8008449674 2.4190196991    0.743  2.511  3.6917  1.517    7  0.000  0.512     0.00     0.00 -1    -1e-30      0.00 7.556e-01 2.442e-01 1.958e-05 6.323e-06 5.093e-05 -1.000 1.182e-04 -1.507 -1.923 -2.357 -2.718 -3.234 -3.434 -3.475 -3.490 -3.497 -3.122 -3.482 -3.110 -3.391 -3.428 -3.441 -3.464 -3.480 -3.487 -3.492 -3.501 -3.500 -3.496 -3.497 -3.301
0.00011527 -2.13000 10.07918 0.8008531928 2.4190225601    0.743  2.551  3.6894  1.467    7  0.000  0.495     0.00     0.00 -1    -1e-30      0.00 7.555e-01 2.444e-01 1.898e-05 7.038e-06 5.094e-05 -1.000 1.205e-04 -1.608 -2.024 -2.463 -2.829 -3.349 -3.551 -3.594 -3.609 -3.616 -3.236 -3.600 -3.223 -3.507 -3.546 -3.559 -3.582 -3.598 -3.605 -3.611 -3.620 -3.618 -3.613 -3.614 -3.417
0.00011527 -2.13000 10.07918 0.8008608818 2.4190251827    0.743  2.592  3.6872  1.418    7  0.000  0.480     0.00     0.00 -1    -1e-30      0.00 7.554e-01 2.445e-01 1.840e-05 7.749e-06 5.095e-05 -1.000 1.206e-04 -1.709 -2.125 -2.570 -2.939 -3.464 -3.668 -3.711 -3.727 -3.733 -3.351 -3.719 -3.337 -3.624 -3.663 -3.676 -3.700 -3.717 -3.723 -3.730 -3.739 -3.736 -3.729 -3.731 -3.533
0.00011527 -2.13000 10.07918 0.8008679748 2.4190278053    0.743  2.632  3.6849  1.368    7  0.000  0.466     0.00     0.00 -1    -1e-30      0.00 7.551e-01 2.447e-01 1.789e-05 8.381e-06 5.096e-05 -1.000 1.162e-04 -1.811 -2.226 -2.677 -3.049 -3.579 -3.786 -3.830 -3.846 -3.852 -3.465 -3.837 -3.450 -3.741 -3.780 -3.794 -3.818 -3.835 -3.842 -3.848 -3.858 -3.855 -3.846 -3.849 -3.648
0.00011527 -2.13000 10.07918 0.8008746505 2.4190299511    0.743  2.672  3.6827  1.319    7  0.000  0.455     0.00     0.00 -1    -1e-30      0.00 7.549e-01 2.450e-01 1.746e-05 8.917e-06 5.097e-05 -1.000 1.138e-04 -1.911 -2.327 -2.782 -3.159 -3.694 -3.903 -3.947 -3.964 -3.969 -3.579 -3.955 -3.563 -3.856 -3.897 -3.911 -3.935 -3.953 -3.960 -3.966 -3.976 -3.972 -3.962 -3.965 -3.763
0.00011527 -2.13000 10.07918 0.8008810878 2.4190323353    0.743  2.713  3.6805  1.270    7  0.000  0.445     0.00     0.00 -1    -1e-30      0.00 7.547e-01 2.452e-01 1.707e-05 9.389e-06 5.097e-05 -1.000 1.205e-04 -2.013 -2.427 -2.888 -3.269 -3.808 -4.020 -4.065 -4.083 -4.087 -3.693 -4.073 -3.676 -3.973 -4.014 -4.029 -4.052 -4.071 -4.078 -4.085 -4.094 -4.091 -4.078 -4.082 -3.879
0.00011527 -2.13000 10.07918 0.8008872271 2.4190344810    0.743  2.753  3.6782  1.221    7  0.000  0.436     0.00     0.00 -1    -1e-30      0.00 7.545e-01 2.454e-01 1.675e-05 9.795e-06 5.097e-05 -1.000 1.206e-04 -2.113 -2.526 -2.993 -3.378 -3.922 -4.137 -4.182 -4.200 -4.203 -3.807 -4.190 -3.789 -4.089 -4.131 -4.146 -4.169 -4.189 -4.196 -4.203 -4.212 -4.208 -4.193 -4.197 -3.994
0.00011527 -2.13000 10.07918 0.8008930087 2.4190363884    0.743  2.794  3.6759  1.170    7  0.000  0.429     0.00     0.00 -1    -1e-30      0.00 7.542e-01 2.457e-01 1.645e-05 1.016e-05 5.094e-05 -1.000 1.205e-04 -2.215 -2.627 -3.100 -3.489 -4.038 -4.256 -4.302 -4.320 -4.322 -3.923 -4.310 -3.904 -4.207 -4.249 -4.265 -4.288 -4.309 -4.316 -4.323 -4.332 -4.328 -4.310 -4.315 -4.110
0.00011527 -2.13000 10.07918 0.8008980751 2.4190382957    0.743  2.836  3.6736  1.120    7  0.000  0.422     0.00     0.00 -1    -1e-30      0.00 7.539e-01 2.459e-01 1.620e-05 1.047e-05 5.089e-05 -1.000 1.205e-04 -2.319 -2.729 -3.208 -3.602 -4.156 -4.376 -4.423 -4.442 -4.443 -4.040 -4.431 -4.020 -4.326 -4.370 -4.385 -4.408 -4.430 -4.438 -4.444 -4.454 -4.449 -4.428 -4.434 -4.229
0.00011527 -2.13000 10.07918 0.8009023666 2.4190397263    0.743  2.877  3.6712  1.069    7  0.000  0.418     0.00     0.00 -1    -1e-30      0.00 7.537e-01 2.462e-01 1.599e-05 1.076e-05 5.081e-05 -1.000 1.204e-04 -2.422 -2.830 -3.315 -3.713 -4.273 -4.496 -4.543 -4.563 -4.562 -4.157 -4.552 -4.135 -4.445 -4.489 -4.505 -4.528 -4.551 -4.559 -4.565 -4.576 -4.570 -4.545 -4.552 -4.347
0.00011527 -2.13000 10.07918 0.8009060025 2.4190409184    0.743  2.918  3.6688  1.018    7  0.000  0.414     0.00     0.00 -1    -1e-30      0.00 7.534e-01 2.464e-01 1.581e-05 1.103e-05 5.070e-05 -1.000 1.176e-04 -2.524 -2.930 -3.422 -3.825 -4.390 -4.616 -4.664 -4.684 -4.682 -4.273 -4.673 -4.251 -4.564 -4.609 -4.625 -4.647 -4.672 -4.680 -4.686 -4.697 -4.690 -4.663 -4.670 -4.465
0.00011527 -2.13000 10.07918 0.8009092808 2.4190421104    0.743  2.957  3.6664  0.969    7  0.000  0.411     0.00     0.00 -1    -1e-30      0.00 7.532e-01 2.467e-01 1.565e-05 1.130e-05 5.055e-05 -1.000 1.057e-04 -2.624 -3.028 -3.526 -3.934 -4.504 -4.733 -4.781 -4.802 -4.799 -4.387 -4.790 -4.363 -4.680 -4.725 -4.742 -4.763 -4.789 -4.798 -4.805 -4.815 -4.808 -4.776 -4.785 -4.580
0.00011527 -2.13000 10.07918 0.8009126186 2.4190433025    0.743  2.999  3.6639  0.918    7  0.000  0.409     0.00     0.00 -1    -1e-30      0.00 7.530e-01 2.469e-01 1.553e-05 1.156e-05 5.040e-05 -1.000 1.205e-04 -2.726 -3.127 -3.633 -4.046 -4.622 -4.853 -4.902 -4.924 -4.919 -4.504 -4.911 -4.480 -4.799 -4.846 -4.863 -4.882 -4.911 -4.920 -4.927 -4.938 -4.929 -4.894 -4.903 -4.698
0.00011527 -2.13000 10.07918 0.8009157181 2.4190444946    0.743  3.043  3.6612  0.863    7  0.000  0.408     0.00     0.00 -1    -1e-30      0.00 7.527e-01 2.472e-01 1.543e-05 1.182e-05 5.023e-05 -1.000 1.205e-04 -2.838 -3.235 -3.750 -4.168 -4.750 -4.984 -5.033 -5.057 -5.050 -4.632 -5.043 -4.606 -4.929 -4.977 -4.994 -5.012 -5.044 -5.052 -5.060 -5.071 -5.062 -5.021 -5.032 -4.827
0.00011527 -2.13000 10.07918 0.8009170890 2.4190449715    0.743  3.065  3.6599  0.835    7  0.000  0.407     0.00     0.00 -1    -1e-30      0.00 7.525e-01 2.474e-01 1.535e-05 1.204e-05 5.007e-05 -1.000 1.205e-04 -2.893 -3.288 -3.807 -4.228 -4.813 -5.049 -5.098 -5.123 -5.115 -4.695 -5.109 -4.668 -4.993 -5.041 -5.059 -5.076 -5.109 -5.118 -5.125 -5.136 -5.127 -5.084 -5.096 -4.891
0.00011527 -2.13000 10.07918 0.8009175658 2.4190449715    0.743  3.049  3.6609  0.855    7  0.000  0.407     0.00     0.00 -1    -1e-30      0.00 7.524e-01 2.475e-01 1.532e-05 1.215e-05 4.999e-05 -1.000 1.205e-04 -2.853 -3.249 -3.765 -4.184 -4.767 -5.002 -5.050 -5.074 -5.067 -4.649 -5.061 -4.623 -4.946 -4.994 -5.012 -5.029 -5.061 -5.070 -5.077 -5.088 -5.079 -5.038 -5.049 -4.844
0.00011527 -2.13000 10.07918 0.8009176254 2.4190449715    0.743  3.047  3.6610  0.857    7  0.000  0.407     0.00     0.00 -1    -1e-30      0.00 7.524e-01 2.475e-01 1.532e-05 1.215e-05 4.999e-05 -1.000 1.205e-04 -2.848 -3.245 -3.761 -4.179 -4.762 -4.997 -5.045 -5.070 -5.062 -4.644 -5.056 -4.618 -4.941 -4.989 -5.007 -5.025 -5.056 -5.065 -5.072 -5.083 -5.074 -5.033 -5.044 -4.839
0.00011527 -2.13000 10.07918 0.8009176850 2.4190449715    0.743  3.048  3.6609  0.856    7  0.000  0.407     0.00     0.00 -1    -1e-30      0.00 7.524e-01 2.475e-01 1.532e-05 1.216e-05 4.998e-05 -1.000 1.205e-04 -2.851 -3.248 -3.763 -4.182 -4.765 -5.000 -5.048 -5.073 -5.065 -4.647 -5.059 -4.621 -4.944 -4.992 -5.010 -5.028 -5.059 -5.068 -5.075 -5.086 -5.077 -5.036 -5.047 -4.842
0.00011527 -2.13000 10.07918 0.8009178042 2.4190452099    0.743  3.062  3.6601  0.839    7  0.000  0.407     0.00     0.00 -1    -1e-30      0.00 7.524e-01 2.475e-01 1.531e-05 1.217e-05 4.998e-05 -1.000 1.204e-04 -2.886 -3.281 -3.800 -4.220 -4.805 -5.041 -5.089 -5.114 -5.106 -4.687 -5.100 -4.660 -4.985 -5.033 -5.051 -5.068 -5.101 -5.109 -5.117 -5.128 -5.118 -5.076 -5.088 -4.883
0.00011527 -2.13000 10.07918 0.8009179235 2.4190452099    0.743  3.073  3.6594  0.826    7  0.000  0.407     0.00     0.00 -1    -1e-30      0.00 7.524e-01 2.475e-01 1.531e-05 1.217e-05 4.998e-05 -1.000 1.205e-04 -2.912 -3.307 -3.828 -4.249 -4.836 -5.072 -5.121 -5.146 -5.138 -4.717 -5.132 -4.691 -5.016 -5.064 -5.082 -5.099 -5.132 -5.141 -5.148 -5.159 -5.150 -5.106 -5.118 -4.913
0.00011527 -2.13000 10.07918 0.8009180427 2.4190452099    0.743  3.093  3.6581  0.801    7  0.000  0.407     0.00     0.00 -1    -1e-30      0.00 7.524e-01 2.475e-01 1.531e-05 1.219e-05 4.996e-05 -1.000 1.205e-04 -2.962 -3.356 -3.880 -4.304 -4.894 -5.131 -5.180 -5.206 -5.197 -4.775 -5.191 -4.748 -5.075 -5.123 -5.142 -5.158 -5.192 -5.201 -5.209 -5.220 -5.210 -5.163 -5.177 -4.972
0.00011527 -2.13000 10.07918 0.8009182811 2.4190452099    0.743  3.127  3.6560  0.758    7  0.000  0.406     0.00     0.00 -1    -1e-30      0.00 7.521e-01 2.478e-01 1.521e-05 1.252e-05 4.972e-05 -1.000 1.205e-04 -3.047 -3.437 -3.968 -4.397 -4.991 -5.231 -5.280 -5.307 -5.297 -4.872 -5.292 -4.844 -5.173 -5.223 -5.242 -5.257 -5.293 -5.302 -5.310 -5.321 -5.311 -5.260 -5.275 -5.070
0.00011527 -2.13000 10.07918 0.8009186387 2.4190454483    0.743  3.178  3.6526  0.693    7  0.000  0.406     0.00     0.00 -1    -1e-30      0.00 7.517e-01 2.482e-01 1.508e-05 1.297e-05 4.939e-05 -1.000 1.205e-04 -3.175 -3.559 -4.102 -4.538 -5.141 -5.385 -5.434 -5.463 -5.450 -5.021 -5.446 -4.991 -5.325 -5.376 -5.396 -5.408 -5.448 -5.457 -5.465 -5.477 -5.466 -5.408 -5.425 -5.220
0.00011527 -2.13000 10.07918 0.8009191751 2.4190456867    0.743  3.230  3.6491  0.628    7  0.549  0.405     0.00     0.00 -1    -1e-30      0.00 7.512e-01 2.486e-01 1.494e-05 1.350e-05 4.899e-05 -1.000 1.205e-04 -3.304 -3.677 -4.233 -4.678 -5.290 -5.539 -5.587 -5.619 -5.603 -5.169 -5.601 -5.138 -5.477 -5.529 -5.550 -5.558 -5.604 -5.613 -5.621 -5.634 -5.621 -5.556 -5.574 -5.371
0.00011527 -2.13000 10.07918 0.8009194732 2.4190456867    0.743  3.414  3.6091  0.283    8  0.549  0.390    92.82    44.32  1  -1.3e-06      0.00 7.290e-01 2.706e-01 6.375e-05 5.931e-05 2.177e-04 -1.000 3.690e-04 -3.766 -3.950 -4.661 -5.220 -5.960 -6.279 -6.314 -6.380 -6.344 -5.835 -6.344 -5.772 -6.185 -6.265 -6.296 -6.246 -6.361 -6.372 -6.382 -6.402 -6.380 -6.249 -6.279 -6.058
0.00011527 -2.13000 10.07918 0.8009195328 2.4190456867    0.743  3.290  3.6165  0.437    8  0.549  0.390    66.58    33.25  1 -7.35e-07      0.00 7.290e-01 2.706e-01 6.375e-05 5.931e-05 2.177e-04 -1.000 3.690e-04 -3.454 -3.689 -4.357 -4.892 -5.608 -5.914 -5.951 -6.009 -5.974 -5.483 -5.977 -5.427 -5.827 -5.901 -5.929 -5.890 -5.991 -6.001 -6.012 -6.029 -6.008 -5.885 -5.915 -5.703
0.00011527 -2.13000 10.07918 0.8009195924 2.4190456867    0.742  3.145  3.6297  0.634    8  0.549  0.390    43.51    23.01  1 -3.72e-07      0.00 7.290e-01 2.706e-01 6.375e-05 5.931e-05 2.177e-04 -1.000 3.690e-04 -3.092 -3.394 -4.008 -4.502 -5.176 -5.458 -5.501 -5.547 -5.518 -5.052 -5.521 -5.007 -5.382 -5.446 -5.471 -5.452 -5.531 -5.540 -5.549 -5.565 -5.546 -5.444 -5.470 -5.266
0.00011527 -2.13000 10.07918 0.8009197116 2.4190456867    0.741  2.926  3.6496  0.933    8  0.549  0.390    22.87    13.18  1 -1.28e-07      0.00 7.290e-01 2.706e-01 6.375e-05 5.931e-05 2.177e-04 -1.000 3.690e-04 -2.544 -2.914 -3.458 -3.901 -4.517 -4.769 -4.817 -4.847 -4.832 -4.397 -4.830 -4.364 -4.706 -4.760 -4.780 -4.788 -4.833 -4.841 -4.850 -4.862 -4.849 -4.787 -4.804 -4.599
0.00011527 -2.13000 10.07918 0.8009199500 2.4190459251    0.740  2.931  3.6491  0.925    8  0.549  0.390    23.26    13.36  1 -1.32e-07      0.00 7.290e-01 2.706e-01 6.375e-05 5.931e-05 2.177e-04 -1.000 3.690e-04 -2.557 -2.926 -3.471 -3.915 -4.533 -4.785 -4.833 -4.863 -4.848 -4.412 -4.846 -4.379 -4.722 -4.775 -4.796 -4.804 -4.849 -4.858 -4.866 -4.878 -4.865 -4.802 -4.819 -4.614
0.00011527 -2.13000 10.07918 0.8009201884 2.4190459251    0.738  3.002  3.6426  0.826    8  0.550  0.390    28.78    16.04  1 -1.89e-07      0.00 7.290e-01 2.706e-01 6.375e-05 5.931e-05 2.177e-04 -1.000 3.690e-04 -2.735 -3.085 -3.653 -4.113 -4.748 -5.010 -5.056 -5.092 -5.071 -4.626 -5.072 -4.589 -4.943 -5.000 -5.022 -5.021 -5.077 -5.086 -5.095 -5.108 -5.093 -5.016 -5.037 -4.832
0.00011527 -2.13000 10.07918 0.8009204865 2.4190459251    0.736  3.157  3.6284  0.613    8  0.550  0.390    45.58    23.83  1 -4.05e-07      0.00 7.290e-01 2.706e-01 6.375e-05 5.931e-05 2.177e-04 -1.000 3.690e-04 -3.123 -3.420 -4.038 -4.537 -5.214 -5.498 -5.541 -5.588 -5.558 -5.090 -5.561 -5.044 -5.422 -5.486 -5.512 -5.491 -5.571 -5.581 -5.590 -5.606 -5.587 -5.483 -5.509 -5.305
0.00011527 -2.13000 10.07918 0.8009208441 2.4190461636    0.734  3.298  3.6155  0.420    8  0.550  0.390    69.22    34.13  1 -7.93e-07      0.00 7.290e-01 2.706e-01 6.375e-05 5.931e-05 2.177e-04 -1.000 3.691e-04 -3.475 -3.703 -4.377 -4.914 -5.634 -5.941 -5.978 -6.037 -6.002 -5.509 -6.004 -5.451 -5.853 -5.928 -5.956 -5.916 -6.019 -6.029 -6.040 -6.057 -6.036 -5.912 -5.942 -5.730
0.00011527 -2.13000 10.07918 0.8009212613 2.4190464020    0.731  3.392  3.6069  0.290    8  0.551  0.390    91.74    43.43  1 -1.24e-06      0.00 7.290e-01 2.706e-01 6.375e-05 5.931e-05 2.177e-04 -1.000 3.690e-04 -3.710 -3.880 -4.598 -5.164 -5.912 -6.237 -6.271 -6.338 -6.302 -5.788 -6.302 -5.721 -6.141 -6.223 -6.255 -6.202 -6.319 -6.330 -6.341 -6.361 -6.338 -6.206 -6.237 -6.012
0.00011527 -2.13000 10.07918 0.8009216785 2.4190464020    0.728  3.444  3.6021  0.216    8  0.551  0.390   107.47    49.66  1 -1.59e-06      0.00 7.290e-01 2.706e-01 6.375e-05 5.931e-05 2.177e-04 -1.000 3.690e-04 -3.840 -3.974 -4.718 -5.301 -6.065 -6.401 -6.433 -6.505 -6.469 -5.942 -6.466 -5.869 -6.300 -6.386 -6.420 -6.360 -6.485 -6.497 -6.508 -6.529 -6.506 -6.369 -6.400 -6.168
0.00011527 -2.13000 10.07918 0.8009222150 2.4190466404    0.725  3.470  3.5996  0.178    8  0.552  0.390   116.85    53.22  1 -1.82e-06      0.00 7.290e-01 2.706e-01 6.375e-05 5.931e-05 2.177e-04 -1.000 3.690e-04 -3.906 -4.021 -4.779 -5.371 -6.143 -6.485 -6.516 -6.591 -6.555 -6.021 -6.550 -5.944 -6.381 -6.469 -6.504 -6.441 -6.569 -6.582 -6.594 -6.615 -6.592 -6.453 -6.484 -6.247
0.00011527 -2.13000 10.07918 0.8009227514 2.4190468788    0.721  3.487  3.5984  0.154    8  0.552  0.390   123.07    55.46  0 -1.99e-06      0.00 7.290e-01 2.706e-01 6.375e-05 5.931e-05 2.177e-04 -1.000 3.690e-04 -3.948 -4.054 -4.819 -5.415 -6.190 -6.535 -6.566 -6.642 -6.606 -6.068 -6.601 -5.991 -6.430 -6.520 -6.554 -6.490 -6.620 -6.633 -6.646 -6.667 -6.644 -6.504 -6.535 -6.295
0.00011527 -2.13000 10.07918 0.8009248972 2.4190475941    0.554 -9.999  4.0000  1.705    9  0.554  0.000     0.00     0.00 -1    -1e-30      0.00 7.290e-01 2.706e-01 6.375e-05 5.931e-05 2.177e-04 -1.000 3.690e-04 29.767 30.072 30.057 30.104 30.108 30.110 30.110 30.115 30.111 30.106 30.112 30.115 30.095 30.103 30.115 30.115 30.111 30.115 30.115 30.110 30.110 30.108 30.112 30.105
#isochrone terminated
