# File generated by CMD 3.3 (http://stev.oapd.inaf.it/cmd) on Mon Apr  6 22:17:00 CEST 2020
# isochrones based on PARSEC release v1.2S +  COLIBRI S_35
# Basic references: Bressan et al. (2012), MNRAS, 427, 127 + Chen et al. (2014, 2015), MNRAS, 444, 2525 + MNRAS, 452, 1068 + Tang et al. (2014), MNRAS, 445, 4287 + Marigo et al. (2017), ApJ, 835, 77 + Pastorelli al. (2019), MNRAS in press
# Thermal pulse cycles included 
# On RGB, assumed Reimers mass loss with efficiency eta=0.2
# Photometric system: <i>UBVRIJHK</i> (cf. Maiz-Apellaniz 2006 + Bessell 1990)
# Using YBC version of bolometric corrections as in Chen et al. (2019)
# O-rich circumstellar dpmod60alox40 dust from Groenewegen (2006)
# C-rich circumstellar AMCSIC15 dust from Groenewegen (2006)
# IMF: Kroupa (2001, 2002) + Kroupa et al. (2013) canonical two-part-power law IMF corrected for unresolved binaries 
# Kind of output: isochrone tables
# Zini     MH   logAge Mini        int_IMF         Mass   logL    logTe  logg  label   McoreTP C_O  period0 period1 pmode  Mloss  tau1m   X   Y   Xc  Xn  Xo  Cexcess  Z 	 mbolmag  Umag    Bmag    Vmag    Rmag    Imag    Jmag    Hmag    Kmag
0.00011527 -2.13000 10.07918 0.0979499072 1.1537494659    0.098 -2.866  3.5443  5.424    1  0.000  0.545     0.00     0.00 -1 -1.06e-16      0.00 7.460e-01 2.539e-01 2.167e-05 5.846e-06 5.302e-05 -1.000 1.205e-04 11.936 16.615 14.949 13.273 12.132 11.174 10.151 9.786 9.678
0.00011527 -2.13000 10.07918 0.1078079492 1.2332048416    0.107 -2.670  3.5680  5.362    1  0.000  0.545     0.00     0.00 -1 -1.71e-16      0.00 7.439e-01 2.559e-01 2.167e-05 5.846e-06 5.302e-05 -1.000 1.205e-04 11.444 15.320 14.018 12.543 11.517 10.706 9.745 9.301 9.172
0.00011527 -2.13000 10.07918 0.1275240183 1.3669745922    0.127 -2.417  3.5922  5.280    1  0.000  0.545     0.00     0.00 -1 -3.09e-16      0.00 7.409e-01 2.590e-01 2.167e-05 5.846e-06 5.302e-05 -1.000 1.205e-04 10.812 13.995 12.995 11.705 10.802 10.085 9.196 8.696 8.548
0.00011527 -2.13000 10.07918 0.1472401023 1.4762414694    0.147 -2.250  3.6042  5.223    1  0.000  0.545     0.00     0.00 -1 -4.52e-16      0.00 7.390e-01 2.609e-01 2.167e-05 5.846e-06 5.302e-05 -1.000 1.205e-04 10.394 13.281 12.407 11.196 10.351 9.669 8.816 8.300 8.143
0.00011527 -2.13000 10.07918 0.1669561714 1.5679714680    0.166 -2.119  3.6119  5.178    1  0.000  0.545     0.00     0.00 -1 -6.03e-16      0.00 7.380e-01 2.619e-01 2.167e-05 5.846e-06 5.302e-05 -1.000 1.206e-04 10.068 12.776 11.980 10.815 10.006 9.345 8.515 7.993 7.830
0.00011527 -2.13000 10.07918 0.2063883394 1.7151124477    0.206 -1.912  3.6231  5.108    1  0.000  0.545     0.00     0.00 -1 -9.46e-16      0.00 7.375e-01 2.623e-01 2.167e-05 5.846e-06 5.302e-05 -1.000 1.205e-04 9.551 12.016 11.324 10.220 9.460 8.827 8.030 7.507 7.341
0.00011527 -2.13000 10.07918 0.2556785345 1.8545303345    0.255 -1.722  3.6334  5.052    1  0.000  0.545     0.00     0.00 -1 -1.41e-15      0.00 7.378e-01 2.621e-01 2.166e-05 5.847e-06 5.302e-05 -1.000 1.205e-04 9.074 11.330 10.730 9.676 8.959 8.350 7.583 7.065 6.901
0.00011527 -2.13000 10.07918 0.3049687445 1.9627587795    0.305 -1.574  3.6419  5.016    1  0.000  0.545     0.00     0.00 -1 -1.89e-15      0.00 7.378e-01 2.621e-01 2.166e-05 5.847e-06 5.302e-05 -1.000 1.205e-04 8.706 10.796 10.269 9.254 8.570 7.981 7.240 6.729 6.570
0.00011527 -2.13000 10.07918 0.3542589247 2.0503430367    0.354 -1.451  3.6499  4.989    1  0.000  0.544     0.00     0.00 -1  -2.4e-15      0.00 7.386e-01 2.613e-01 2.164e-05 5.848e-06 5.302e-05 -1.000 1.204e-04 8.397 10.341 9.880 8.899 8.242 7.671 6.954 6.452 6.298
0.00011527 -2.13000 10.07918 0.4035491049 2.1233644485    0.403 -1.328  3.6584  4.958    1  0.000  0.545     0.00     0.00 -1 -3.09e-15      0.00 7.501e-01 2.498e-01 2.167e-05 5.846e-06 5.302e-05 -1.000 1.205e-04 8.091 9.882 9.493 8.547 7.919 7.366 6.673 6.182 6.036
0.00011527 -2.13000 10.07918 0.4528392553 2.1856238842    0.452 -1.180  3.6722  4.914    1  0.000  0.545     0.00     0.00 -1 -4.31e-15      0.00 7.507e-01 2.492e-01 2.167e-05 5.846e-06 5.302e-05 -1.000 1.204e-04 7.720 9.271 8.997 8.109 7.524 7.000 6.345 5.873 5.739
0.00011527 -2.13000 10.07918 0.5021294355 2.2396388054    0.502 -1.014  3.6876  4.855    1  0.000  0.545     0.00     0.00 -1 -6.42e-15      0.00 7.522e-01 2.477e-01 2.157e-05 5.819e-06 5.278e-05 -1.000 1.205e-04 7.305 8.607 8.453 7.629 7.088 6.595 5.983 5.531 5.412
0.00011527 -2.13000 10.07918 0.5514196754 2.2848303318    0.551 -0.812  3.7071  4.772    1  0.000  0.544     0.00     0.00 -1 -1.07e-14      0.00 7.850e-01 2.149e-01 1.888e-05 5.097e-06 4.625e-05 -1.000 9.960e-05 6.800 7.819 7.803 7.060 6.569 6.113 5.552 5.129 5.028
0.00011527 -2.13000 10.07918 0.6007097960 2.3216018677    0.600 -0.605  3.7319  4.701    1  0.000  0.544     0.00     0.00 -1 -1.79e-14      0.00 7.978e-01 2.021e-01 1.788e-05 4.830e-06 4.385e-05 -1.000 7.381e-05 6.284 7.008 7.128 6.484 6.048 5.636 5.138 4.752 4.671
0.00011527 -2.13000 10.07918 0.6073135138 2.3260097504    0.607 -0.576  3.7358  4.692    1  0.000  0.544     0.00     0.00 -1 -1.93e-14      0.00 8.000e-01 2.000e-01 1.772e-05 4.786e-06 4.346e-05 -1.000 4.503e-05 6.210 6.896 7.034 6.404 5.976 5.570 5.081 4.702 4.623
0.00011527 -2.13000 10.07918 0.6184114814 2.3331742287    0.618 -0.527  3.7423  4.677    1  0.000  0.543     0.00     0.00 -1 -2.18e-14      0.00 8.037e-01 1.962e-01 1.743e-05 4.709e-06 4.276e-05 -1.000 1.170e-04 6.086 6.709 6.875 6.269 5.854 5.460 4.986 4.616 4.542
0.00011527 -2.13000 10.07918 0.6283012629 2.3393139839    0.628 -0.482  3.7481  4.662    1  0.000  0.543     0.00     0.00 -1 -2.43e-14      0.00 8.072e-01 1.927e-01 1.715e-05 4.637e-06 4.211e-05 -1.000 8.351e-05 5.975 6.546 6.734 6.149 5.746 5.363 4.902 4.538 4.470
0.00011527 -2.13000 10.07918 0.6379033923 2.3450663090    0.638 -0.438  3.7537  4.647    1  0.000  0.543     0.00     0.00 -1 -9.76e-15      0.00 8.108e-01 1.891e-01 1.688e-05 4.563e-06 4.145e-05 -1.000 5.677e-05 5.866 6.390 6.597 6.033 5.642 5.268 4.819 4.462 4.400
0.00011527 -2.13000 10.07918 0.6492170691 2.3515934944    0.649 -0.386  3.7601  4.629    1  0.000  0.543     0.00     0.00 -1 -1.76e-14      0.00 8.152e-01 1.847e-01 1.654e-05 4.473e-06 4.064e-05 -1.000 7.570e-05 5.735 6.207 6.436 5.895 5.518 5.156 4.720 4.371 4.314
0.00011527 -2.13000 10.07918 0.6499999762 2.3520355225    0.650 -0.383  3.7606  4.628    1  0.000  0.543     0.00     0.00 -1 -3.13e-14      0.00 8.155e-01 1.843e-01 1.652e-05 4.466e-06 4.058e-05 -1.000 1.182e-04 5.726 6.195 6.426 5.886 5.510 5.148 4.714 4.365 4.308
0.00011527 -2.13000 10.07918 0.6586697698 2.3568496704    0.658 -0.342  3.7653  4.611    1  0.000  0.542     0.00     0.00 -1 -3.48e-14      0.00 8.199e-01 1.800e-01 1.618e-05 4.377e-06 3.978e-05 -1.000 1.205e-04 5.624 6.061 6.304 5.781 5.414 5.060 4.635 4.292 4.240
0.00011527 -2.13000 10.07918 0.6688961983 2.3623440266    0.669 -0.293  3.7708  4.591    1  0.000  0.542     0.00     0.00 -1 -3.95e-14      0.00 8.254e-01 1.745e-01 1.576e-05 4.265e-06 3.877e-05 -1.000 1.165e-04 5.502 5.904 6.159 5.655 5.298 4.953 4.540 4.203 4.156
0.00011527 -2.13000 10.07918 0.6786239147 2.3673942089    0.678 -0.245  3.7759  4.570    1  0.000  0.541     0.00     0.00 -1 -4.05e-14      0.00 8.310e-01 1.689e-01 1.533e-05 4.151e-06 3.775e-05 -1.000 1.115e-04 5.383 5.755 6.021 5.533 5.186 4.849 4.446 4.115 4.072
0.00011527 -2.13000 10.07918 0.6879103780 2.3720624447    0.688 -0.199  3.7808  4.549    1  0.000  0.541     0.00     0.00 -1 -3.43e-14      0.00 8.366e-01 1.633e-01 1.490e-05 4.036e-06 3.672e-05 -1.000 1.047e-04 5.266 5.612 5.886 5.414 5.076 4.747 4.353 4.028 3.990
0.00011527 -2.13000 10.07918 0.6961514950 2.3760855198    0.696 -0.155  3.7851  4.528    1  0.000  0.541     0.00     0.00 -1 -3.81e-15      0.00 8.420e-01 1.580e-01 1.449e-05 3.927e-06 3.575e-05 -1.000 6.278e-05 5.159 5.484 5.762 5.304 4.974 4.653 4.268 3.949 3.914
0.00011527 -2.13000 10.07918 0.6999999285 2.3779268265    0.700 -0.135  3.7870  4.518    1  0.000  0.540     0.00     0.00 -1 -6.04e-14      0.00 8.446e-01 1.554e-01 1.429e-05 3.875e-06 3.528e-05 -1.000 4.165e-05 5.108 5.424 5.703 5.252 4.926 4.608 4.227 3.911 3.877
0.00011527 -2.13000 10.07918 0.7090682983 2.3821749687    0.709 -0.085  3.7914  4.491    1  0.000  0.538     0.00     0.00 -1 -6.95e-14      0.00 8.496e-01 1.503e-01 1.391e-05 3.783e-06 3.446e-05 -1.000 4.792e-05 4.982 5.280 5.561 5.123 4.806 4.496 4.124 3.815 3.784
0.00011527 -2.13000 10.07918 0.7175545692 2.3860387802    0.717 -0.035  3.7955  4.463    1  0.000  0.536     0.00     0.00 -1    -8e-14      0.00 8.538e-01 1.461e-01 1.361e-05 3.711e-06 3.384e-05 -1.000 8.461e-05 4.857 5.141 5.421 4.997 4.688 4.384 4.021 3.718 3.691
0.00011527 -2.13000 10.07918 0.7259311080 2.3897511959    0.725  0.017  3.7995  4.432    1  0.000  0.534     0.00     0.00 -1 -9.28e-14      0.00 8.575e-01 1.425e-01 1.336e-05 3.652e-06 3.333e-05 -1.000 5.002e-05 4.728 4.998 5.276 4.864 4.563 4.266 3.912 3.616 3.591
0.00011527 -2.13000 10.07918 0.7331234217 2.3928608894    0.733  0.064  3.8028  4.402    1  0.000  0.533     0.00     0.00 -1 -1.06e-13      0.00 8.603e-01 1.397e-01 1.318e-05 3.610e-06 3.297e-05 -1.000 5.767e-05 4.610 4.872 5.145 4.744 4.449 4.158 3.811 3.521 3.498
0.00011527 -2.13000 10.07918 0.7400895953 2.3958065510    0.739  0.113  3.8059  4.370    1  0.000  0.531     0.00     0.00 -1  -9.5e-14      0.00 8.627e-01 1.372e-01 1.302e-05 3.575e-06 3.267e-05 -1.000 1.115e-04 4.488 4.743 5.011 4.619 4.330 4.044 3.704 3.421 3.399
0.00011527 -2.13000 10.07918 0.7470547557 2.3986887932    0.746  0.166  3.8089  4.333    1  0.000  0.530     0.00     0.00 -1 -1.87e-14      0.00 8.649e-01 1.349e-01 1.288e-05 3.545e-06 3.241e-05 -1.000 1.166e-04 4.356 4.605 4.866 4.483 4.201 3.920 3.587 3.309 3.290
0.00011527 -2.13000 10.07918 0.7500000000 2.3998889923    0.749  0.189  3.8101  4.316    1  0.000  0.529     0.00     0.00 -1 -1.54e-13      0.00 8.659e-01 1.340e-01 1.282e-05 3.533e-06 3.231e-05 -1.000 1.197e-04 4.298 4.545 4.803 4.424 4.144 3.866 3.535 3.260 3.241
0.00011527 -2.13000 10.07918 0.7513016462 2.4004161358    0.751  0.199  3.8107  4.309    1  0.000  0.529     0.00     0.00 -1 -1.59e-13      0.00 8.659e-01 1.340e-01 1.283e-05 3.535e-06 3.233e-05 -1.000 1.200e-04 4.273 4.519 4.775 4.398 4.119 3.842 3.513 3.239 3.220
0.00011527 -2.13000 10.07918 0.7594036460 2.4036495686    0.759  0.270  3.8142  4.257    1  0.000  0.529     0.00     0.00 -1 -1.98e-13      0.00 8.663e-01 1.337e-01 1.288e-05 3.549e-06 3.247e-05 -1.000 2.325e-05 4.095 4.337 4.582 4.215 3.943 3.673 3.352 3.085 3.068
0.00011527 -2.13000 10.07918 0.7647798061 2.4057519436    0.764  0.322  3.8162  4.216    1  0.000  0.529     0.00     0.00 -1 -2.33e-13      0.00 8.663e-01 1.336e-01 1.291e-05 3.559e-06 3.258e-05 -1.000 9.252e-05 3.965 4.206 4.443 4.082 3.814 3.548 3.231 2.970 2.953
0.00011527 -2.13000 10.07918 0.7698769569 2.4077138901    0.769  0.374  3.8176  4.173    1  0.000  0.528     0.00     0.00 -1 -2.75e-13      0.00 8.653e-01 1.346e-01 1.303e-05 3.591e-06 3.287e-05 -1.000 1.000e-04 3.836 4.076 4.306 3.950 3.685 3.421 3.109 2.851 2.834
0.00011527 -2.13000 10.07918 0.7740441561 2.4092960358    0.773  0.419  3.8182  4.131    1  0.000  0.528     0.00     0.00 -1 -3.21e-13      0.00 8.641e-01 1.358e-01 1.314e-05 3.624e-06 3.317e-05 -1.000 1.000e-04 3.721 3.963 4.187 3.833 3.570 3.308 2.996 2.740 2.724
0.00011527 -2.13000 10.07918 0.7755442858 2.4098608494    0.774  0.438  3.8178  4.112    1  0.000  0.528     0.00     0.00 -1 -3.42e-13      0.00 8.637e-01 1.362e-01 1.319e-05 3.636e-06 3.328e-05 -1.000 1.000e-04 3.674 3.918 4.140 3.785 3.522 3.259 2.947 2.691 2.674
0.00011527 -2.13000 10.07918 0.7796202898 2.4113824368    0.778  0.493  3.8158  4.052    1  0.000  0.528     0.00     0.00 -1 -4.14e-13      0.00 8.625e-01 1.374e-01 1.330e-05 3.668e-06 3.358e-05 -1.000 1.000e-04 3.538 3.789 4.006 3.649 3.383 3.118 2.801 2.541 2.523
0.00011527 -2.13000 10.07918 0.7824724913 2.4124364853    0.781  0.536  3.8130  3.999    1  0.000  0.528     0.00     0.00 -1 -4.85e-13      0.00 8.616e-01 1.383e-01 1.339e-05 3.690e-06 3.378e-05 -1.000 1.000e-04 3.431 3.689 3.905 3.543 3.272 3.003 2.679 2.414 2.396
0.00011527 -2.13000 10.07918 0.7830806971 2.4126601219    0.782  0.545  3.8123  3.987    1  0.000  0.528     0.00     0.00 -1 -5.03e-13      0.00 8.615e-01 1.384e-01 1.340e-05 3.695e-06 3.383e-05 -1.000 1.000e-04 3.406 3.667 3.883 3.519 3.247 2.976 2.651 2.385 2.366
0.00011527 -2.13000 10.07918 0.7836714983 2.4128770828    0.782  0.556  3.8110  3.971    1  0.000  0.528     0.00     0.00 -1 -5.26e-13      0.00 8.613e-01 1.386e-01 1.342e-05 3.700e-06 3.387e-05 -1.000 1.000e-04 3.379 3.643 3.859 3.492 3.218 2.945 2.617 2.348 2.329
0.00011527 -2.13000 10.07918 0.7856592536 2.4136037827    0.784  0.596  3.8053  3.909    2  0.000  0.528     0.00     0.00 -1 -6.16e-13      0.00 8.607e-01 1.392e-01 1.348e-05 3.715e-06 3.401e-05 -1.000 1.000e-04 3.280 3.560 3.778 3.396 3.112 2.830 2.489 2.209 2.187
0.00011527 -2.13000 10.07918 0.7871810198 2.4141573906    0.786  0.632  3.7983  3.847    2  0.000  0.528     0.00     0.00 -1 -7.18e-13      0.00 8.603e-01 1.396e-01 1.352e-05 3.727e-06 3.412e-05 -1.000 1.000e-04 3.191 3.492 3.712 3.312 3.016 2.723 2.366 2.072 2.047
0.00011527 -2.13000 10.07918 0.7883733511 2.4145894051    0.787  0.664  3.7901  3.782    2  0.000  0.528     0.00     0.00 -1 -8.33e-13      0.00 8.599e-01 1.400e-01 1.356e-05 3.739e-06 3.423e-05 -1.000 1.010e-04 3.110 3.439 3.660 3.238 2.927 2.621 2.244 1.935 1.906
0.00011527 -2.13000 10.07918 0.7893350124 2.4149367809    0.788  0.694  3.7811  3.717    2  0.000  0.528     0.00     0.00 -1 -9.61e-13      0.00 8.561e-01 1.438e-01 1.388e-05 3.825e-06 3.500e-05 -1.000 6.366e-05 3.035 3.400 3.620 3.173 2.845 2.524 2.127 1.801 1.766
0.00011527 -2.13000 10.07918 0.7901419997 2.4152274132    0.788  0.722  3.7724  3.654    2  0.000  0.530     0.00     0.00 -1  -1.1e-12      0.00 8.391e-01 1.609e-01 1.512e-05 4.160e-06 3.801e-05 -1.000 4.557e-05 2.965 3.370 3.584 3.111 2.768 2.432 2.015 1.674 1.634
0.00011527 -2.13000 10.07918 0.7908540368 2.4154834747    0.789  0.751  3.7644  3.594    2  0.000  0.533     0.00     0.00 -1 -1.26e-12      0.00 8.117e-01 1.882e-01 1.705e-05 4.677e-06 4.265e-05 -1.000 7.364e-05 2.893 3.338 3.545 3.048 2.690 2.341 1.906 1.551 1.505
0.00011527 -2.13000 10.07918 0.7914857864 2.4157099724    0.790  0.783  3.7573  3.534    2  0.000  0.535     0.00     0.00 -1 -1.45e-12      0.00 7.925e-01 2.074e-01 1.839e-05 5.036e-06 4.585e-05 -1.000 9.847e-05 2.813 3.298 3.497 2.977 2.606 2.246 1.794 1.427 1.376
0.00011527 -2.13000 10.07918 0.7921115756 2.4159340858    0.790  0.823  3.7511  3.469    2  0.000  0.536     0.00     0.00 -1 -1.72e-12      0.00 7.809e-01 2.189e-01 1.919e-05 5.251e-06 4.777e-05 -1.000 1.177e-04 2.712 3.237 3.424 2.884 2.502 2.131 1.665 1.288 1.232
0.00011527 -2.13000 10.07918 0.7926056385 2.4161107540    0.791  0.863  3.7471  3.413    2  0.000  0.536     0.00     0.00 -1    -2e-12      0.00 7.755e-01 2.244e-01 1.958e-05 5.354e-06 4.868e-05 -1.000 1.205e-04 2.613 3.167 3.345 2.792 2.402 2.024 1.548 1.164 1.105
0.00011527 -2.13000 10.07918 0.7929433584 2.4162313938    0.791  0.893  3.7446  3.374    2  0.000  0.536     0.00     0.00 -1 -2.25e-12      0.00 7.727e-01 2.272e-01 1.977e-05 5.405e-06 4.914e-05 -1.000 1.205e-04 2.538 3.110 3.282 2.721 2.326 1.944 1.462 1.074 1.013
0.00011527 -2.13000 10.07918 0.7932426929 2.4163382053    0.791  0.923  3.7430  3.337    3  0.000  0.537     0.00     0.00 -1 -2.51e-12      0.00 7.709e-01 2.289e-01 1.989e-05 5.436e-06 4.942e-05 -1.000 1.146e-04 2.463 3.047 3.214 2.648 2.250 1.866 1.379 0.988 0.926
0.00011527 -2.13000 10.07918 0.7936351895 2.4164781570    0.792  0.964  3.7409  3.288    3  0.000  0.537     0.00     0.00 -1 -2.92e-12      0.00 7.688e-01 2.311e-01 2.002e-05 5.471e-06 4.973e-05 -1.000 8.707e-05 2.360 2.959 3.121 2.548 2.147 1.759 1.267 0.871 0.808
0.00011527 -2.13000 10.07918 0.7940306067 2.4166188240    0.792  1.008  3.7390  3.237    3  0.000  0.537     0.00     0.00 -1 -3.43e-12      0.00 7.669e-01 2.330e-01 2.012e-05 5.500e-06 4.999e-05 -1.000 6.977e-05 2.250 2.864 3.020 2.442 2.037 1.645 1.148 0.749 0.684
0.00011527 -2.13000 10.07918 0.7944093347 2.4167535305    0.792  1.053  3.7374  3.185    3  0.000  0.537     0.00     0.00 -1 -4.03e-12      0.00 7.652e-01 2.347e-01 2.021e-05 5.524e-06 5.020e-05 -1.000 1.177e-04 2.138 2.766 2.917 2.333 1.925 1.531 1.029 0.626 0.560
0.00011527 -2.13000 10.07918 0.7948118448 2.4168965816    0.793  1.104  3.7356  3.128    3  0.000  0.537     0.00     0.00 -1 -4.84e-12      0.00 7.635e-01 2.364e-01 2.029e-05 5.545e-06 5.040e-05 -1.000 1.205e-04 2.011 2.654 2.798 2.210 1.799 1.402 0.895 0.487 0.421
0.00011527 -2.13000 10.07918 0.7951496243 2.4170162678    0.793  1.149  3.7341  3.076    3  0.000  0.537     0.00     0.00 -1  -5.7e-12      0.00 7.622e-01 2.377e-01 2.035e-05 5.561e-06 5.053e-05 -1.000 1.205e-04 1.897 2.552 2.692 2.099 1.685 1.286 0.774 0.363 0.296
0.00011527 -2.13000 10.07918 0.7954912782 2.4171373844    0.793  1.199  3.7326  3.021    3  0.000  0.537     0.00     0.00 -1 -6.82e-12      0.00 7.609e-01 2.391e-01 2.039e-05 5.575e-06 5.065e-05 -1.000 8.334e-05 1.772 2.440 2.575 1.977 1.561 1.160 0.643 0.227 0.160
0.00011527 -2.13000 10.07918 0.7958265543 2.4172561169    0.793  1.252  3.7310  2.961    3  0.000  0.537     0.00     0.00 -1 -8.25e-12      0.00 7.595e-01 2.404e-01 2.043e-05 5.588e-06 5.076e-05 -1.000 9.236e-05 1.640 2.321 2.450 1.848 1.429 1.025 0.503 0.084 0.015
0.00011527 -2.13000 10.07918 0.7960970998 2.4173519611    0.793  1.299  3.7295  2.908    3  0.000  0.536     0.00     0.00 -1 -9.77e-12      0.00 7.585e-01 2.414e-01 2.045e-05 5.599e-06 5.084e-05 -1.000 1.162e-04 1.522 2.217 2.339 1.733 1.312 0.905 0.380 -0.043 -0.112
0.00011527 -2.13000 10.07918 0.7963581085 2.4174442291    0.793  1.348  3.7280  2.853    3  0.000  0.536     0.00     0.00 -1 -1.16e-11      0.00 7.576e-01 2.423e-01 2.045e-05 5.611e-06 5.090e-05 -1.000 1.205e-04 1.400 2.109 2.224 1.613 1.189 0.780 0.251 -0.176 -0.245
0.00011527 -2.13000 10.07918 0.7965925932 2.4175269604    0.794  1.396  3.7265  2.799    3  0.000  0.535     0.00     0.00 -1 -1.38e-11      0.00 7.568e-01 2.431e-01 2.044e-05 5.625e-06 5.095e-05 -1.000 1.204e-04 1.280 2.003 2.112 1.496 1.070 0.658 0.124 -0.305 -0.375
0.00011527 -2.13000 10.07918 0.7968049645 2.4176020622    0.794  1.444  3.7250  2.746    3  0.000  0.534     0.00     0.00 -1 -1.64e-11      0.00 7.561e-01 2.438e-01 2.043e-05 5.640e-06 5.099e-05 -1.000 1.198e-04 1.161 1.898 2.001 1.380 0.951 0.537 -0.001 -0.434 -0.505
0.00011527 -2.13000 10.07918 0.7969951034 2.4176690578    0.794  1.490  3.7235  2.693    3  0.000  0.534     0.00     0.00 -1 -1.94e-11      0.00 7.555e-01 2.443e-01 2.041e-05 5.655e-06 5.102e-05 -1.000 1.201e-04 1.044 1.794 1.892 1.267 0.835 0.419 -0.124 -0.561 -0.632
0.00011527 -2.13000 10.07918 0.7971749902 2.4177324772    0.794  1.539  3.7219  2.639    3  0.000  0.533     0.00     0.00 -1 -2.31e-11      0.00 7.551e-01 2.448e-01 2.039e-05 5.673e-06 5.105e-05 -1.000 1.205e-04 0.923 1.687 1.779 1.149 0.715 0.296 -0.251 -0.692 -0.764
0.00011527 -2.13000 10.07918 0.7973347306 2.4177889824    0.794  1.586  3.7203  2.585    3  0.000  0.532     0.00     0.00 -1 -2.74e-11      0.00 7.547e-01 2.451e-01 2.037e-05 5.689e-06 5.107e-05 -1.000 1.204e-04 0.805 1.584 1.669 1.035 0.598 0.176 -0.375 -0.819 -0.892
0.00011527 -2.13000 10.07918 0.7974766493 2.4178388119    0.793  1.632  3.7188  2.533    3  0.000  0.532     0.00     0.00 -1 -3.23e-11      0.00 7.545e-01 2.454e-01 2.036e-05 5.701e-06 5.108e-05 -1.000 1.205e-04 0.691 1.484 1.564 0.924 0.485 0.061 -0.495 -0.944 -1.017
0.00011527 -2.13000 10.07918 0.7976052761 2.4178841114    0.793  1.677  3.7173  2.482    3  0.000  0.531     0.00     0.00 -1 -3.81e-11      0.00 7.544e-01 2.455e-01 2.035e-05 5.709e-06 5.109e-05 -1.000 1.168e-04 0.579 1.388 1.460 0.815 0.373 -0.054 -0.614 -1.066 -1.140
0.00011527 -2.13000 10.07918 0.7977257967 2.4179265499    0.793  1.722  3.7157  2.430    3  0.000  0.531     0.00     0.00 -1  -4.5e-11      0.00 7.543e-01 2.456e-01 2.034e-05 5.713e-06 5.109e-05 -1.000 1.205e-04 0.464 1.293 1.356 0.704 0.258 -0.171 -0.736 -1.192 -1.267
0.00011527 -2.13000 10.07918 0.7978322506 2.4179639816    0.793  1.767  3.7141  2.379    3  0.000  0.531     0.00     0.00 -1 -5.28e-11      0.00 7.543e-01 2.456e-01 2.034e-05 5.715e-06 5.109e-05 -1.000 1.206e-04 0.353 1.201 1.255 0.597 0.148 -0.284 -0.854 -1.313 -1.389
0.00011527 -2.13000 10.07918 0.7979305983 2.4179987907    0.793  1.811  3.7125  2.328    3  0.000  0.531     0.00     0.00 -1  -6.2e-11      0.00 7.543e-01 2.456e-01 2.034e-05 5.715e-06 5.110e-05 -1.000 1.206e-04 0.242 1.109 1.153 0.489 0.037 -0.398 -0.972 -1.435 -1.511
0.00011527 -2.13000 10.07918 0.7980208993 2.4180305004    0.793  1.856  3.7109  2.277    3  0.000  0.531     0.00     0.00 -1 -7.28e-11      0.00 7.543e-01 2.456e-01 2.034e-05 5.716e-06 5.110e-05 -1.000 1.206e-04 0.131 1.018 1.053 0.382 -0.073 -0.511 -1.090 -1.557 -1.634
0.00011527 -2.13000 10.07918 0.7981011271 2.4180586338    0.792  1.898  3.7093  2.228    3  0.000  0.531     0.00     0.00 -1 -6.96e-11      0.00 7.543e-01 2.456e-01 2.034e-05 5.716e-06 5.110e-05 -1.000 1.206e-04 0.025 0.932 0.958 0.280 -0.179 -0.619 -1.203 -1.674 -1.752
0.00011527 -2.13000 10.07918 0.7981752753 2.4180846214    0.792  1.940  3.7078  2.179    3  0.000  0.531     0.00     0.00 -1  -7.3e-11      0.00 7.543e-01 2.456e-01 2.034e-05 5.716e-06 5.110e-05 -1.000 1.205e-04 -0.081 0.846 0.863 0.178 -0.284 -0.727 -1.316 -1.791 -1.869
0.00011527 -2.13000 10.07918 0.7982465029 2.4181096554    0.792  1.985  3.7061  2.129    3  0.000  0.531     0.00     0.00 -1 -8.45e-11      0.00 7.543e-01 2.456e-01 2.034e-05 5.716e-06 5.110e-05 -1.000 1.206e-04 -0.191 0.759 0.765 0.073 -0.393 -0.839 -1.433 -1.912 -1.991
0.00011527 -2.13000 10.07918 0.7983074784 2.4181311131    0.791  2.025  3.7045  2.081    3  0.000  0.531     0.00     0.00 -1  -9.9e-11      0.00 7.543e-01 2.456e-01 2.034e-05 5.716e-06 5.110e-05 -1.000 1.205e-04 -0.293 0.678 0.675 -0.025 -0.494 -0.943 -1.542 -2.025 -2.105
0.00011527 -2.13000 10.07918 0.7983638644 2.4181509018    0.791  2.066  3.7030  2.034    3  0.000  0.531     0.00     0.00 -1 -1.16e-10      0.00 7.543e-01 2.456e-01 2.034e-05 5.717e-06 5.110e-05 -1.000 1.204e-04 -0.395 0.597 0.585 -0.122 -0.594 -1.046 -1.650 -2.137 -2.218
0.00011527 -2.13000 10.07918 0.7984177470 2.4181699753    0.791  2.108  3.7014  1.986    3  0.000  0.531     0.00     0.00 -1 -1.36e-10      0.00 7.542e-01 2.456e-01 2.034e-05 5.717e-06 5.110e-05 -1.000 1.205e-04 -0.499 0.514 0.492 -0.222 -0.698 -1.153 -1.761 -2.253 -2.334
0.00011527 -2.13000 10.07918 0.7984647751 2.4181864262    0.790  2.147  3.6997  1.940    3  0.000  0.531     0.00     0.00 -1 -1.58e-10      0.00 7.542e-01 2.456e-01 2.034e-05 5.717e-06 5.110e-05 -1.000 1.205e-04 -0.597 0.442 0.407 -0.315 -0.795 -1.253 -1.866 -2.362 -2.444
0.00011527 -2.13000 10.07918 0.7985087633 2.4182019234    0.790  2.186  3.6982  1.895    3  0.000  0.531     0.00     0.00 -1 -1.84e-10      0.00 7.542e-01 2.456e-01 2.034e-05 5.717e-06 5.110e-05 -1.000 1.205e-04 -0.694 0.370 0.323 -0.407 -0.891 -1.352 -1.970 -2.469 -2.552
0.00011527 -2.13000 10.07918 0.7985545993 2.4182178974    0.789  2.222  3.6968  1.852    3  0.000  0.531     0.00     0.00 -1 -2.12e-10      0.00 7.542e-01 2.456e-01 2.034e-05 5.717e-06 5.110e-05 -1.000 1.205e-04 -0.785 0.302 0.244 -0.494 -0.981 -1.445 -2.067 -2.569 -2.653
0.00011527 -2.13000 10.07918 0.7986053824 2.4182357788    0.788  2.253  3.6956  1.817    3  0.000  0.531     0.00     0.00 -1  -2.4e-10      0.00 7.542e-01 2.456e-01 2.034e-05 5.717e-06 5.110e-05 -1.000 1.205e-04 -0.861 0.246 0.178 -0.566 -1.057 -1.522 -2.148 -2.653 -2.738
0.00011527 -2.13000 10.07918 0.7986304760 2.4182446003    0.788  2.246  3.6961  1.825    3  0.000  0.531     0.00     0.00 -1 -2.37e-10      0.00 7.542e-01 2.457e-01 2.034e-05 5.717e-06 5.110e-05 -1.000 1.205e-04 -0.846 0.254 0.189 -0.552 -1.041 -1.506 -2.130 -2.634 -2.719
0.00011527 -2.13000 10.07918 0.7986364961 2.4182467461    0.788  2.253  3.6958  1.817    3  0.000  0.531     0.00     0.00 -1 -2.43e-10      0.00 7.542e-01 2.457e-01 2.034e-05 5.717e-06 5.110e-05 -1.000 1.206e-04 -0.863 0.242 0.175 -0.568 -1.058 -1.524 -2.149 -2.654 -2.738
0.00011527 -2.13000 10.07918 0.7986698747 2.4182584286    0.787  2.293  3.6941  1.769    3  0.000  0.531     0.00     0.00 -1 -2.81e-10      0.00 7.542e-01 2.457e-01 2.034e-05 5.717e-06 5.110e-05 -1.000 1.206e-04 -0.964 0.170 0.089 -0.664 -1.157 -1.626 -2.257 -2.766 -2.851
0.00011527 -2.13000 10.07918 0.7987035513 2.4182703495    0.787  2.336  3.6924  1.719    3  0.000  0.531     0.00     0.00 -1  -3.3e-10      0.00 7.542e-01 2.457e-01 2.034e-05 5.718e-06 5.110e-05 -1.000 1.204e-04 -1.071 0.091 -0.004 -0.766 -1.264 -1.736 -2.372 -2.885 -2.971
0.00011527 -2.13000 10.07918 0.7987322211 2.4182803631    0.786  2.375  3.6906  1.673    3  0.000  0.531     0.00     0.00 -1 -3.83e-10      0.00 7.542e-01 2.457e-01 2.034e-05 5.718e-06 5.110e-05 -1.000 1.205e-04 -1.168 0.022 -0.086 -0.857 -1.359 -1.835 -2.476 -2.994 -3.080
0.00011527 -2.13000 10.07918 0.7987603545 2.4182901382    0.785  2.416  3.6888  1.624    3  0.000  0.531     0.00     0.00 -1 -4.47e-10      0.00 7.542e-01 2.457e-01 2.034e-05 5.718e-06 5.110e-05 -1.000 1.206e-04 -1.270 -0.048 -0.171 -0.952 -1.460 -1.939 -2.585 -3.108 -3.195
0.00011527 -2.13000 10.07918 0.7987866402 2.4182994366    0.785  2.457  3.6871  1.576    3  0.000  0.531     0.00     0.00 -1 -5.21e-10      0.00 7.542e-01 2.457e-01 2.034e-05 5.718e-06 5.110e-05 -1.000 1.206e-04 -1.373 -0.118 -0.256 -1.048 -1.560 -2.042 -2.695 -3.221 -3.310
0.00011527 -2.13000 10.07918 0.7988096476 2.4183075428    0.784  2.495  3.6853  1.530    3  0.000  0.531     0.00     0.00 -1 -6.03e-10      0.00 7.542e-01 2.457e-01 2.034e-05 5.718e-06 5.110e-05 -1.000 1.204e-04 -1.468 -0.148 -0.325 -1.138 -1.657 -2.143 -2.800 -3.332 -3.419
0.00011527 -2.13000 10.07918 0.7988324165 2.4183156490    0.783  2.536  3.6835  1.482    3  0.000  0.531     0.00     0.00 -1 -7.02e-10      0.00 7.542e-01 2.457e-01 2.034e-05 5.718e-06 5.111e-05 -1.000 1.206e-04 -1.570 -0.223 -0.409 -1.232 -1.755 -2.245 -2.908 -3.445 -3.533
0.00011527 -2.13000 10.07918 0.7988526225 2.4183225632    0.782  2.574  3.6818  1.436    3  0.000  0.531     0.00     0.00 -1 -8.12e-10      0.00 7.542e-01 2.457e-01 2.034e-05 5.718e-06 5.111e-05 -1.000 1.205e-04 -1.666 -0.263 -0.480 -1.321 -1.850 -2.344 -3.013 -3.554 -3.642
0.00011527 -2.13000 10.07918 0.7988715172 2.4183292389    0.781  2.613  3.6800  1.390    3  0.000  0.531     0.00     0.00 -1 -9.39e-10      0.00 7.542e-01 2.457e-01 2.034e-05 5.718e-06 5.111e-05 -1.000 1.206e-04 -1.762 -0.296 -0.547 -1.409 -1.946 -2.444 -3.118 -3.663 -3.751
0.00011527 -2.13000 10.07918 0.7988894582 2.4183354378    0.780  2.651  3.6782  1.343    3  0.000  0.531     0.00     0.00 -1 -1.09e-09      0.00 7.542e-01 2.457e-01 2.034e-05 5.718e-06 5.111e-05 -1.000 1.206e-04 -1.859 -0.323 -0.612 -1.497 -2.041 -2.544 -3.224 -3.774 -3.862
0.00011527 -2.13000 10.07918 0.7989088297 2.4183423519    0.778  2.697  3.6761  1.289    3  0.000  0.531     0.00     0.00 -1 -1.29e-09      0.00 7.542e-01 2.457e-01 2.034e-05 5.718e-06 5.111e-05 -1.000 1.205e-04 -1.971 -0.352 -0.687 -1.599 -2.153 -2.661 -3.348 -3.903 -3.990
0.00011527 -2.13000 10.07918 0.7989243865 2.4183478355    0.777  2.735  3.6741  1.242    3  0.000  0.531     0.00     0.00 -1 -1.49e-09      0.00 7.542e-01 2.457e-01 2.034e-05 5.718e-06 5.111e-05 -1.000 1.205e-04 -2.068 -0.364 -0.744 -1.685 -2.248 -2.761 -3.455 -4.015 -4.102
0.00011527 -2.13000 10.07918 0.7989404202 2.4183533192    0.775  2.778  3.6721  1.189    3  0.000  0.531     0.00     0.00 -1 -1.76e-09      0.00 7.542e-01 2.457e-01 2.034e-05 5.718e-06 5.111e-05 -1.000 1.205e-04 -2.176 -0.376 -0.807 -1.780 -2.353 -2.873 -3.573 -4.138 -4.225
0.00011527 -2.13000 10.07918 0.7989536524 2.4183580875    0.774  2.816  3.6703  1.143    3  0.000  0.531     0.00     0.00 -1 -2.03e-09      0.00 7.542e-01 2.457e-01 2.034e-05 5.718e-06 5.111e-05 -1.000 1.205e-04 -2.271 -0.383 -0.862 -1.863 -2.447 -2.972 -3.678 -4.248 -4.334
0.00011527 -2.13000 10.07918 0.7989671230 2.4183628559    0.772  2.858  3.6680  1.092    3  0.000  0.531     0.00     0.00 -1 -2.37e-09      0.00 7.542e-01 2.457e-01 2.034e-05 5.718e-06 5.111e-05 -1.000 1.205e-04 -2.374 -0.370 -0.910 -1.950 -2.546 -3.079 -3.793 -4.369 -4.454
0.00011527 -2.13000 10.07918 0.7989783287 2.4183666706    0.770  2.894  3.6663  1.047    3  0.000  0.531     0.00     0.00 -1 -2.72e-09      0.00 7.542e-01 2.457e-01 2.034e-05 5.718e-06 5.111e-05 -1.000 1.206e-04 -2.466 -0.366 -0.958 -2.028 -2.635 -3.173 -3.894 -4.474 -4.559
0.00011527 -2.13000 10.07918 0.7989901304 2.4183709621    0.768  2.935  3.6641  0.996    3  0.000  0.531     0.00     0.00 -1 -3.18e-09      0.00 7.542e-01 2.457e-01 2.034e-05 5.718e-06 5.111e-05 -1.000 1.206e-04 -2.568 -0.338 -0.998 -2.111 -2.733 -3.279 -4.008 -4.594 -4.678
0.00011527 -2.13000 10.07918 0.7990019917 2.4183750153    0.765  2.980  3.6618  0.942    3  0.000  0.531     0.00     0.00 -1 -3.77e-09      0.00 7.542e-01 2.457e-01 2.034e-05 5.718e-06 5.111e-05 -1.000 1.205e-04 -2.679 -0.298 -1.036 -2.198 -2.838 -3.394 -4.132 -4.723 -4.806
0.00011527 -2.13000 10.07918 0.7990117073 2.4183783531    0.763  3.018  3.6597  0.893    3  0.000  0.531     0.00     0.00 -1 -4.37e-09      0.00 7.542e-01 2.457e-01 2.034e-05 5.718e-06 5.111e-05 -1.000 1.205e-04 -2.775 -0.246 -1.059 -2.270 -2.929 -3.495 -4.241 -4.837 -4.919
0.00011527 -2.13000 10.07918 0.7990199924 2.4183814526    0.760  3.053  3.6578  0.849    3  0.000  0.531     0.00     0.00 -1 -4.99e-09      0.00 7.542e-01 2.457e-01 2.034e-05 5.718e-06 5.111e-05 -1.000 1.205e-04 -2.863 -0.198 -1.078 -2.334 -3.009 -3.584 -4.338 -4.939 -5.021
0.00011527 -2.13000 10.07918 0.7990285754 2.4183843136    0.758  3.091  3.6558  0.802    3  0.000  0.531     0.00     0.00 -1 -5.77e-09      0.00 7.542e-01 2.457e-01 2.034e-05 5.718e-06 5.111e-05 -1.000 1.206e-04 -2.957 -0.194 -1.119 -2.406 -3.096 -3.679 -4.442 -5.048 -5.131
0.00011527 -2.13000 10.07918 0.7990373373 2.4183874130    0.754  3.132  3.6535  0.749    3  0.000  0.531     0.00     0.00 -1 -6.76e-09      0.00 7.542e-01 2.457e-01 2.034e-05 5.718e-06 5.111e-05 -1.000 1.205e-04 -3.061 -0.184 -1.160 -2.484 -3.189 -3.782 -4.555 -5.168 -5.251
0.00011527 -2.13000 10.07918 0.7990447283 2.4183900356    0.751  3.169  3.6514  0.702    3  0.000  0.531     0.00     0.00 -1  -7.8e-09      0.00 7.542e-01 2.457e-01 2.034e-05 5.718e-06 5.111e-05 -1.000 1.206e-04 -3.153 -0.173 -1.196 -2.553 -3.273 -3.874 -4.657 -5.275 -5.359
0.00011527 -2.13000 10.07918 0.7990521193 2.4183926582    0.747  3.208  3.6492  0.652    3  0.000  0.531     0.00     0.00 -1 -9.05e-09      0.00 7.542e-01 2.457e-01 2.034e-05 5.718e-06 5.111e-05 -1.000 1.205e-04 -3.250 -0.163 -1.234 -2.625 -3.360 -3.970 -4.762 -5.386 -5.471
0.00011527 -2.13000 10.07918 0.7990590334 2.4183950424    0.743  3.243  3.6472  0.606    3  0.000  0.531     0.00     0.00 -1 -1.04e-08      0.00 7.542e-01 2.457e-01 2.034e-05 5.719e-06 5.111e-05 -1.000 1.205e-04 -3.339 -0.151 -1.267 -2.689 -3.438 -4.058 -4.859 -5.489 -5.574
0.00011527 -2.13000 10.07918 0.7990609407 2.4183957577    0.741  3.252  3.6467  0.594    3  0.000  0.531     0.00     0.00 -1 -1.08e-08      0.00 7.542e-01 2.457e-01 2.034e-05 5.719e-06 5.111e-05 -1.000 1.205e-04 -3.361 -0.148 -1.275 -2.705 -3.458 -4.080 -4.884 -5.515 -5.600
0.00011527 -2.13000 10.07918 0.7990609407 2.4183957577    0.741  1.662  3.9334  3.331    4  0.000  0.533     0.00     0.00 -1    -1e-30      0.00 7.558e-01 2.441e-01 2.033e-05 5.668e-06 5.092e-05 -1.000 1.204e-04 0.614 0.767 0.695 0.661 0.629 0.586 0.521 0.490 0.482
0.00011527 -2.13000 10.07918 0.7990616560 2.4183959961    0.741  1.670  3.9289  3.305    4  0.000  0.533     0.00     0.00 -1    -1e-30      0.00 7.558e-01 2.441e-01 2.033e-05 5.668e-06 5.092e-05 -1.000 1.204e-04 0.595 0.749 0.671 0.631 0.594 0.545 0.473 0.438 0.429
0.00011527 -2.13000 10.07918 0.7991114855 2.4184134007    0.741  1.689  3.9194  3.249    4  0.000  0.533     0.00     0.00 -1    -1e-30      0.00 7.558e-01 2.441e-01 2.033e-05 5.668e-06 5.092e-05 -1.000 1.205e-04 0.548 0.708 0.620 0.565 0.516 0.455 0.367 0.322 0.312
0.00011527 -2.13000 10.07918 0.7991600037 2.4184303284    0.741  1.689  3.9197  3.250    4  0.000  0.533     0.00     0.00 -1    -1e-30      0.00 7.558e-01 2.441e-01 2.033e-05 5.668e-06 5.092e-05 -1.000 1.205e-04 0.547 0.707 0.619 0.565 0.517 0.456 0.368 0.324 0.313
0.00011527 -2.13000 10.07918 0.7992085814 2.4184474945    0.741  1.689  3.9201  3.251    4  0.000  0.533     0.00     0.00 -1    -1e-30      0.00 7.558e-01 2.441e-01 2.033e-05 5.668e-06 5.092e-05 -1.000 1.204e-04 0.547 0.707 0.619 0.565 0.518 0.458 0.371 0.327 0.316
0.00011527 -2.13000 10.07918 0.7992576957 2.4184646606    0.741  1.689  3.9204  3.252    4  0.000  0.533     0.00     0.00 -1    -1e-30      0.00 7.558e-01 2.441e-01 2.033e-05 5.668e-06 5.092e-05 -1.000 1.205e-04 0.547 0.707 0.619 0.566 0.519 0.459 0.372 0.329 0.318
0.00011527 -2.13000 10.07918 0.7993081212 2.4184823036    0.741  1.689  3.9204  3.252    4  0.000  0.533     0.00     0.00 -1    -1e-30      0.00 7.558e-01 2.441e-01 2.033e-05 5.668e-06 5.092e-05 -1.000 1.204e-04 0.547 0.707 0.619 0.566 0.519 0.459 0.372 0.329 0.318
0.00011527 -2.13000 10.07918 0.7993581891 2.4184999466    0.741  1.689  3.9202  3.251    4  0.000  0.533     0.00     0.00 -1    -1e-30      0.00 7.558e-01 2.441e-01 2.033e-05 5.668e-06 5.092e-05 -1.000 1.204e-04 0.547 0.706 0.618 0.565 0.517 0.458 0.370 0.327 0.316
0.00011527 -2.13000 10.07918 0.7994049788 2.4185163975    0.741  1.690  3.9198  3.249    4  0.000  0.533     0.00     0.00 -1    -1e-30      0.00 7.558e-01 2.441e-01 2.033e-05 5.668e-06 5.092e-05 -1.000 1.205e-04 0.546 0.706 0.617 0.563 0.515 0.455 0.367 0.322 0.312
0.00011527 -2.13000 10.07918 0.7994554639 2.4185340405    0.741  1.690  3.9190  3.246    4  0.000  0.533     0.00     0.00 -1    -1e-30      0.00 7.558e-01 2.441e-01 2.033e-05 5.668e-06 5.092e-05 -1.000 1.204e-04 0.544 0.705 0.616 0.560 0.512 0.450 0.361 0.315 0.305
0.00011527 -2.13000 10.07918 0.7995020747 2.4185502529    0.741  1.691  3.9179  3.241    4  0.000  0.533     0.00     0.00 -1    -1e-30      0.00 7.558e-01 2.441e-01 2.033e-05 5.668e-06 5.092e-05 -1.000 1.205e-04 0.542 0.704 0.614 0.557 0.506 0.443 0.352 0.305 0.295
0.00011527 -2.13000 10.07918 0.7995492220 2.4185667038    0.741  1.692  3.9164  3.234    4  0.000  0.533     0.00     0.00 -1    -1e-30      0.00 7.558e-01 2.441e-01 2.033e-05 5.668e-06 5.092e-05 -1.000 1.204e-04 0.540 0.702 0.612 0.552 0.499 0.434 0.340 0.292 0.281
0.00011527 -2.13000 10.07918 0.7995987535 2.4185841084    0.742  1.694  3.9144  3.224    4  0.000  0.533     0.00     0.00 -1    -1e-30      0.00 7.558e-01 2.441e-01 2.033e-05 5.668e-06 5.092e-05 -1.000 1.204e-04 0.536 0.700 0.609 0.545 0.490 0.422 0.324 0.273 0.262
0.00011527 -2.13000 10.07918 0.7996501923 2.4186022282    0.742  1.695  3.9119  3.212    4  0.000  0.533     0.00     0.00 -1    -1e-30      0.00 7.558e-01 2.441e-01 2.033e-05 5.668e-06 5.092e-05 -1.000 1.204e-04 0.531 0.698 0.605 0.536 0.477 0.406 0.304 0.250 0.238
0.00011527 -2.13000 10.07918 0.7996982336 2.4186189175    0.742  1.697  3.9089  3.198    4  0.000  0.533     0.00     0.00 -1    -1e-30      0.00 7.558e-01 2.441e-01 2.033e-05 5.668e-06 5.092e-05 -1.000 1.204e-04 0.526 0.695 0.602 0.527 0.464 0.388 0.281 0.223 0.211
0.00011527 -2.13000 10.07918 0.7997462153 2.4186358452    0.742  1.700  3.9055  3.182    4  0.000  0.533     0.00     0.00 -1    -1e-30      0.00 7.558e-01 2.441e-01 2.033e-05 5.668e-06 5.092e-05 -1.000 1.204e-04 0.520 0.692 0.599 0.517 0.448 0.367 0.254 0.192 0.179
0.00011527 -2.13000 10.07918 0.7997967005 2.4186534882    0.742  1.703  3.9013  3.162    4  0.000  0.533     0.00     0.00 -1    -1e-30      0.00 7.558e-01 2.441e-01 2.033e-05 5.668e-06 5.092e-05 -1.000 1.205e-04 0.513 0.689 0.596 0.505 0.430 0.342 0.221 0.153 0.140
0.00011527 -2.13000 10.07918 0.7998443246 2.4186701775    0.742  1.706  3.8967  3.141    4  0.000  0.533     0.00     0.00 -1    -1e-30      0.00 7.558e-01 2.441e-01 2.033e-05 5.668e-06 5.092e-05 -1.000 1.204e-04 0.505 0.687 0.595 0.493 0.411 0.316 0.186 0.112 0.098
0.00011527 -2.13000 10.07918 0.7998922467 2.4186868668    0.742  1.709  3.8916  3.117    4  0.000  0.533     0.00     0.00 -1    -1e-30      0.00 7.558e-01 2.441e-01 2.033e-05 5.668e-06 5.092e-05 -1.000 1.204e-04 0.496 0.684 0.596 0.480 0.389 0.286 0.146 0.065 0.051
0.00011527 -2.13000 10.07918 0.7999415398 2.4187040329    0.742  1.713  3.8858  3.090    4  0.000  0.533     0.00     0.00 -1    -1e-30      0.00 7.558e-01 2.441e-01 2.033e-05 5.668e-06 5.092e-05 -1.000 1.205e-04 0.486 0.681 0.600 0.469 0.367 0.254 0.102 0.012 -0.003
0.00011527 -2.13000 10.07918 0.7999920249 2.4187216759    0.742  1.718  3.8791  3.059    4  0.000  0.533     0.00     0.00 -1    -1e-30      0.00 7.558e-01 2.441e-01 2.033e-05 5.668e-06 5.092e-05 -1.000 1.204e-04 0.475 0.679 0.607 0.457 0.342 0.217 0.052 -0.050 -0.065
0.00011527 -2.13000 10.07918 0.8000391126 2.4187381268    0.742  1.723  3.8724  3.027    4  0.000  0.533     0.00     0.00 -1    -1e-30      0.00 7.558e-01 2.441e-01 2.033e-05 5.668e-06 5.092e-05 -1.000 1.204e-04 0.463 0.677 0.615 0.447 0.319 0.182 0.002 -0.112 -0.128
0.00011527 -2.13000 10.07918 0.8000435829 2.4187397957    0.742  1.723  3.8717  3.024    4  0.000  0.533     0.00     0.00 -1    -1e-30      0.00 7.558e-01 2.441e-01 2.033e-05 5.668e-06 5.092e-05 -1.000 1.204e-04 0.462 0.677 0.616 0.446 0.317 0.178 -0.003 -0.117 -0.134
0.00011527 -2.13000 10.07918 0.8000515699 2.4187426567    0.742  1.724  3.8706  3.019    4  0.000  0.533     0.00     0.00 -1    -1e-30      0.00 7.558e-01 2.441e-01 2.033e-05 5.668e-06 5.092e-05 -1.000 1.204e-04 0.460 0.677 0.618 0.444 0.313 0.172 -0.011 -0.128 -0.144
0.00011527 -2.13000 10.07918 0.8000986576 2.4187591076    0.742  1.729  3.8639  2.987    4  0.000  0.533     0.00     0.00 -1    -1e-30      0.00 7.558e-01 2.441e-01 2.033e-05 5.668e-06 5.092e-05 -1.000 1.204e-04 0.449 0.675 0.627 0.436 0.291 0.138 -0.060 -0.189 -0.206
0.00011527 -2.13000 10.07918 0.8001445532 2.4187750816    0.742  1.733  3.8568  2.954    4  0.000  0.533     0.00     0.00 -1    -1e-30      0.00 7.558e-01 2.441e-01 2.033e-05 5.668e-06 5.092e-05 -1.000 1.204e-04 0.437 0.673 0.638 0.429 0.271 0.103 -0.109 -0.253 -0.271
0.00011527 -2.13000 10.07918 0.8001936078 2.4187922478    0.742  1.739  3.8488  2.917    4  0.000  0.533     0.00     0.00 -1    -1e-30      0.00 7.558e-01 2.441e-01 2.033e-05 5.668e-06 5.092e-05 -1.000 1.204e-04 0.423 0.671 0.652 0.423 0.248 0.066 -0.166 -0.326 -0.345
0.00011527 -2.13000 10.07918 0.8002403378 2.4188084602    0.742  1.745  3.8406  2.878    4  0.000  0.533     0.00     0.00 -1    -1e-30      0.00 7.558e-01 2.441e-01 2.033e-05 5.668e-06 5.092e-05 -1.000 1.205e-04 0.408 0.671 0.667 0.417 0.226 0.027 -0.223 -0.401 -0.420
0.00011527 -2.13000 10.07918 0.8002851009 2.4188241959    0.742  1.750  3.8326  2.840    4  0.000  0.533     0.00     0.00 -1    -1e-30      0.00 7.558e-01 2.441e-01 2.033e-05 5.668e-06 5.092e-05 -1.000 1.204e-04 0.394 0.671 0.682 0.412 0.204 -0.009 -0.278 -0.473 -0.494
0.00011527 -2.13000 10.07918 0.8003312945 2.4188404083    0.742  1.757  3.8244  2.801    4  0.000  0.533     0.00     0.00 -1    -1e-30      0.00 7.558e-01 2.441e-01 2.033e-05 5.668e-06 5.092e-05 -1.000 1.204e-04 0.378 0.673 0.698 0.407 0.183 -0.046 -0.335 -0.548 -0.570
0.00011527 -2.13000 10.07918 0.8003766537 2.4188561440    0.742  1.763  3.8164  2.763    4  0.000  0.533     0.00     0.00 -1    -1e-30      0.00 7.558e-01 2.441e-01 2.033e-05 5.668e-06 5.092e-05 -1.000 1.204e-04 0.363 0.675 0.714 0.402 0.162 -0.082 -0.390 -0.621 -0.645
0.00011527 -2.13000 10.07918 0.8004224896 2.4188721180    0.742  1.769  3.8088  2.726    4  0.000  0.533     0.00     0.00 -1    -1e-30      0.00 7.558e-01 2.441e-01 2.033e-05 5.668e-06 5.092e-05 -1.000 1.204e-04 0.347 0.678 0.731 0.397 0.142 -0.117 -0.443 -0.692 -0.717
0.00011527 -2.13000 10.07918 0.8004683256 2.4188883305    0.742  1.776  3.8017  2.692    4  0.000  0.533     0.00     0.00 -1    -1e-30      0.00 7.558e-01 2.441e-01 2.033e-05 5.668e-06 5.092e-05 -1.000 1.204e-04 0.330 0.681 0.747 0.392 0.122 -0.149 -0.493 -0.759 -0.786
0.00011527 -2.13000 10.07918 0.8005145192 2.4189043045    0.743  1.784  3.7939  2.652    4  0.000  0.533     0.00     0.00 -1    -1e-30      0.00 7.558e-01 2.441e-01 2.033e-05 5.668e-06 5.092e-05 -1.000 1.205e-04 0.309 0.684 0.763 0.384 0.098 -0.188 -0.552 -0.835 -0.866
0.00011527 -2.13000 10.07918 0.8005236983 2.4189076424    0.743  1.784  3.7931  2.649    4  0.000  0.533     0.00     0.00 -1    -1e-30      0.00 7.558e-01 2.441e-01 2.033e-05 5.668e-06 5.092e-05 -1.000 1.205e-04 0.309 0.687 0.768 0.386 0.099 -0.189 -0.555 -0.840 -0.871
0.00011527 -2.13000 10.07918 0.8005711436 2.4189240932    0.743  1.795  3.7851  2.606    4  0.000  0.533     0.00     0.00 -1    -1e-30      0.00 7.558e-01 2.441e-01 2.033e-05 5.668e-06 5.092e-05 -1.000 1.204e-04 0.282 0.686 0.779 0.373 0.069 -0.233 -0.619 -0.923 -0.957
0.00011527 -2.13000 10.07918 0.8006178141 2.4189405441    0.743  1.811  3.7758  2.553    4  0.000  0.533     0.00     0.00 -1    -1e-30      0.00 7.558e-01 2.441e-01 2.033e-05 5.668e-06 5.092e-05 -1.000 1.205e-04 0.243 0.684 0.786 0.351 0.029 -0.291 -0.701 -1.027 -1.064
0.00011527 -2.13000 10.07918 0.8006570339 2.4189541340    0.743  1.837  3.7639  2.479    4  0.000  0.533     0.00     0.00 -1    -1e-30      0.00 7.558e-01 2.441e-01 2.033e-05 5.668e-06 5.092e-05 -1.000 1.205e-04 0.177 0.672 0.780 0.308 -0.038 -0.379 -0.820 -1.175 -1.217
0.00011527 -2.13000 10.07918 0.8006783724 2.4189615250    0.743  1.869  3.7532  2.405    4  0.000  0.533     0.00     0.00 -1    -1e-30      0.00 7.558e-01 2.441e-01 2.033e-05 5.668e-06 5.092e-05 -1.000 1.205e-04 0.098 0.650 0.758 0.251 -0.117 -0.477 -0.946 -1.325 -1.374
0.00011527 -2.13000 10.07918 0.8006879687 2.4189648628    0.743  1.901  3.7445  2.338    4  0.000  0.533     0.00     0.00 -1    -1e-30      0.00 7.558e-01 2.441e-01 2.033e-05 5.668e-06 5.092e-05 -1.000 1.204e-04 0.017 0.620 0.725 0.188 -0.197 -0.573 -1.064 -1.461 -1.515
0.00011527 -2.13000 10.07918 0.8006922603 2.4189662933    0.743  1.935  3.7370  2.274    4  0.000  0.533     0.00     0.00 -1    -1e-30      0.00 7.558e-01 2.441e-01 2.033e-05 5.668e-06 5.092e-05 -1.000 1.204e-04 -0.067 0.588 0.681 0.119 -0.281 -0.670 -1.180 -1.594 -1.652
0.00011527 -2.13000 10.07918 0.8006942868 2.4189670086    0.743  1.968  3.7313  2.218    4  0.000  0.533     0.00     0.00 -1    -1e-30      0.00 7.558e-01 2.441e-01 2.033e-05 5.668e-06 5.092e-05 -1.000 1.204e-04 -0.149 0.553 0.633 0.049 -0.363 -0.762 -1.287 -1.714 -1.775
0.00011527 -2.13000 10.07918 0.8006951213 2.4189674854    0.743  1.989  3.7283  2.185    7  0.000  0.533     0.00     0.00 -1    -1e-30      0.00 7.558e-01 2.441e-01 2.033e-05 5.668e-06 5.092e-05 -1.000 1.204e-04 -0.202 0.527 0.599 0.003 -0.414 -0.819 -1.353 -1.785 -1.849
0.00011527 -2.13000 10.07918 0.8006953597 2.4189674854    0.743  1.998  3.7272  2.172    7  0.000  0.533     0.00     0.00 -1    -1e-30      0.00 7.558e-01 2.441e-01 2.033e-05 5.668e-06 5.092e-05 -1.000 1.204e-04 -0.225 0.514 0.582 -0.017 -0.437 -0.843 -1.380 -1.815 -1.879
0.00011527 -2.13000 10.07918 0.8006963134 2.4189677238    0.743  2.038  3.7231  2.115    7  0.000  0.533     0.00     0.00 -1    -1e-30      0.00 7.558e-01 2.441e-01 2.033e-05 5.668e-06 5.092e-05 -1.000 1.204e-04 -0.326 0.452 0.506 -0.110 -0.538 -0.951 -1.499 -1.944 -2.010
0.00011527 -2.13000 10.07918 0.8006971478 2.4189682007    0.743  2.078  3.7196  2.061    7  0.000  0.533     0.00     0.00 -1    -1e-30      0.00 7.558e-01 2.441e-01 2.033e-05 5.668e-06 5.092e-05 -1.000 1.204e-04 -0.424 0.388 0.430 -0.200 -0.635 -1.055 -1.612 -2.065 -2.133
0.00011527 -2.13000 10.07918 0.8006979823 2.4189684391    0.743  2.115  3.7166  2.012    7  0.000  0.533     0.00     0.00 -1    -1e-30      0.00 7.558e-01 2.441e-01 2.033e-05 5.668e-06 5.092e-05 -1.000 1.204e-04 -0.519 0.327 0.357 -0.286 -0.728 -1.153 -1.719 -2.179 -2.249
0.00011527 -2.13000 10.07918 0.8006988168 2.4189686775    0.743  2.150  3.7140  1.967    7  0.000  0.533     0.00     0.00 -1    -1e-30      0.00 7.558e-01 2.441e-01 2.033e-05 5.668e-06 5.092e-05 -1.000 1.204e-04 -0.605 0.271 0.288 -0.366 -0.813 -1.243 -1.816 -2.281 -2.353
0.00011527 -2.13000 10.07918 0.8007002473 2.4189691544    0.743  2.172  3.7127  1.939    7  0.000  0.533     0.00     0.00 -1    -1e-30      0.00 7.558e-01 2.441e-01 2.033e-05 5.668e-06 5.092e-05 -1.000 1.204e-04 -0.660 0.233 0.243 -0.418 -0.868 -1.301 -1.878 -2.346 -2.418
0.00011527 -2.13000 10.07918 0.8007027507 2.4189701080    0.743  2.152  3.7142  1.965    7  0.000  0.533     0.00     0.00 -1    -1e-30      0.00 7.558e-01 2.441e-01 2.033e-05 5.668e-06 5.092e-05 -1.000 1.205e-04 -0.611 0.263 0.281 -0.373 -0.820 -1.249 -1.822 -2.287 -2.358
0.00011527 -2.13000 10.07918 0.8007189631 2.4189758301    0.743  2.142  3.7145  1.977    7  0.000  0.533     0.00     0.00 -1    -1e-30      0.00 7.558e-01 2.441e-01 2.033e-05 5.668e-06 5.092e-05 -1.000 1.204e-04 -0.585 0.285 0.305 -0.347 -0.793 -1.222 -1.794 -2.258 -2.329
0.00011527 -2.13000 10.07918 0.8007342219 2.4189810753    0.743  2.171  3.7122  1.938    7  0.000  0.533     0.00     0.00 -1    -1e-30      0.00 7.558e-01 2.441e-01 2.033e-05 5.668e-06 5.092e-05 -1.000 1.204e-04 -0.659 0.239 0.248 -0.415 -0.866 -1.300 -1.878 -2.347 -2.420
0.00011527 -2.13000 10.07918 0.8007527590 2.4189875126    0.743  2.218  3.7089  1.878    7  0.000  0.533     0.00     0.00 -1    -1e-30      0.00 7.558e-01 2.441e-01 2.033e-05 5.668e-06 5.092e-05 -1.000 1.205e-04 -0.775 0.164 0.155 -0.523 -0.982 -1.422 -2.009 -2.485 -2.560
0.00011527 -2.13000 10.07918 0.8007704020 2.4189937115    0.743  2.261  3.7061  1.824    7  0.000  0.533     0.00     0.00 -1    -1e-30      0.00 7.558e-01 2.441e-01 2.033e-05 5.668e-06 5.092e-05 -1.000 1.204e-04 -0.884 0.095 0.069 -0.623 -1.089 -1.534 -2.129 -2.612 -2.688
0.00011527 -2.13000 10.07918 0.8007866740 2.4189994335    0.743  2.304  3.7035  1.771    7  0.000  0.533     0.00     0.00 -1    -1e-30      0.00 7.558e-01 2.441e-01 2.033e-05 5.668e-06 5.092e-05 -1.000 1.204e-04 -0.990 0.025 -0.017 -0.722 -1.194 -1.644 -2.247 -2.736 -2.814
0.00011527 -2.13000 10.07918 0.8008013368 2.4190044403    0.743  2.346  3.7010  1.719    7  0.000  0.533     0.00     0.00 -1    -1e-30      0.00 7.558e-01 2.441e-01 2.033e-05 5.669e-06 5.092e-05 -1.000 1.200e-04 -1.095 -0.044 -0.102 -0.819 -1.297 -1.752 -2.362 -2.856 -2.936
0.00011527 -2.13000 10.07918 0.8008143306 2.4190089703    0.743  2.388  3.6986  1.668    7  0.000  0.532     0.00     0.00 -1    -1e-30      0.00 7.558e-01 2.441e-01 2.032e-05 5.671e-06 5.092e-05 -1.000 1.134e-04 -1.199 -0.112 -0.186 -0.916 -1.399 -1.859 -2.477 -2.977 -3.057
0.00011527 -2.13000 10.07918 0.8008257151 2.4190130234    0.743  2.429  3.6962  1.617    7  0.000  0.531     0.00     0.00 -1    -1e-30      0.00 7.558e-01 2.441e-01 2.026e-05 5.693e-06 5.092e-05 -1.000 1.141e-04 -1.302 -0.178 -0.269 -1.011 -1.500 -1.965 -2.589 -3.095 -3.177
0.00011527 -2.13000 10.07918 0.8008357882 2.4190165997    0.743  2.470  3.6940  1.567    7  0.000  0.525     0.00     0.00 -1    -1e-30      0.00 7.557e-01 2.442e-01 2.005e-05 5.839e-06 5.092e-05 -1.000 1.080e-04 -1.404 -0.244 -0.351 -1.106 -1.600 -2.069 -2.701 -3.212 -3.295
0.00011527 -2.13000 10.07918 0.8008449674 2.4190196991    0.743  2.511  3.6917  1.517    7  0.000  0.512     0.00     0.00 -1    -1e-30      0.00 7.556e-01 2.442e-01 1.958e-05 6.323e-06 5.093e-05 -1.000 1.182e-04 -1.507 -0.311 -0.433 -1.200 -1.701 -2.174 -2.813 -3.330 -3.414
0.00011527 -2.13000 10.07918 0.8008531928 2.4190225601    0.743  2.551  3.6894  1.467    7  0.000  0.495     0.00     0.00 -1    -1e-30      0.00 7.555e-01 2.444e-01 1.898e-05 7.038e-06 5.094e-05 -1.000 1.205e-04 -1.608 -0.374 -0.513 -1.293 -1.800 -2.278 -2.923 -3.446 -3.531
0.00011527 -2.13000 10.07918 0.8008608818 2.4190251827    0.743  2.592  3.6872  1.418    7  0.000  0.480     0.00     0.00 -1    -1e-30      0.00 7.554e-01 2.445e-01 1.840e-05 7.749e-06 5.095e-05 -1.000 1.206e-04 -1.709 -0.433 -0.591 -1.386 -1.898 -2.381 -3.034 -3.561 -3.648
0.00011527 -2.13000 10.07918 0.8008679748 2.4190278053    0.743  2.632  3.6849  1.368    7  0.000  0.466     0.00     0.00 -1    -1e-30      0.00 7.551e-01 2.447e-01 1.789e-05 8.381e-06 5.096e-05 -1.000 1.162e-04 -1.811 -0.482 -0.666 -1.478 -1.998 -2.485 -3.145 -3.678 -3.766
0.00011527 -2.13000 10.07918 0.8008746505 2.4190299511    0.743  2.672  3.6827  1.319    7  0.000  0.455     0.00     0.00 -1    -1e-30      0.00 7.549e-01 2.450e-01 1.746e-05 8.917e-06 5.097e-05 -1.000 1.138e-04 -1.911 -0.510 -0.733 -1.570 -2.097 -2.590 -3.257 -3.796 -3.883
0.00011527 -2.13000 10.07918 0.8008810878 2.4190323353    0.743  2.713  3.6805  1.270    7  0.000  0.445     0.00     0.00 -1    -1e-30      0.00 7.547e-01 2.452e-01 1.707e-05 9.389e-06 5.097e-05 -1.000 1.205e-04 -2.013 -0.533 -0.798 -1.662 -2.198 -2.697 -3.370 -3.914 -4.001
0.00011527 -2.13000 10.07918 0.8008872271 2.4190344810    0.743  2.753  3.6782  1.221    7  0.000  0.436     0.00     0.00 -1    -1e-30      0.00 7.545e-01 2.454e-01 1.675e-05 9.795e-06 5.097e-05 -1.000 1.206e-04 -2.113 -0.546 -0.858 -1.751 -2.297 -2.801 -3.482 -4.031 -4.118
0.00011527 -2.13000 10.07918 0.8008930087 2.4190363884    0.743  2.794  3.6759  1.170    7  0.000  0.429     0.00     0.00 -1    -1e-30      0.00 7.542e-01 2.457e-01 1.645e-05 1.016e-05 5.094e-05 -1.000 1.205e-04 -2.215 -0.552 -0.916 -1.840 -2.398 -2.908 -3.596 -4.151 -4.238
0.00011527 -2.13000 10.07918 0.8008980751 2.4190382957    0.743  2.836  3.6736  1.120    7  0.000  0.422     0.00     0.00 -1    -1e-30      0.00 7.539e-01 2.459e-01 1.620e-05 1.047e-05 5.089e-05 -1.000 1.205e-04 -2.319 -0.551 -0.970 -1.930 -2.499 -3.016 -3.712 -4.273 -4.359
0.00011527 -2.13000 10.07918 0.8009023666 2.4190397263    0.743  2.877  3.6712  1.069    7  0.000  0.418     0.00     0.00 -1    -1e-30      0.00 7.537e-01 2.462e-01 1.599e-05 1.076e-05 5.081e-05 -1.000 1.204e-04 -2.422 -0.541 -1.020 -2.017 -2.599 -3.123 -3.827 -4.394 -4.479
0.00011527 -2.13000 10.07918 0.8009060025 2.4190409184    0.743  2.918  3.6688  1.018    7  0.000  0.414     0.00     0.00 -1    -1e-30      0.00 7.534e-01 2.464e-01 1.581e-05 1.103e-05 5.070e-05 -1.000 1.176e-04 -2.524 -0.520 -1.065 -2.102 -2.698 -3.230 -3.942 -4.515 -4.600
0.00011527 -2.13000 10.07918 0.8009092808 2.4190421104    0.743  2.957  3.6664  0.969    7  0.000  0.411     0.00     0.00 -1    -1e-30      0.00 7.532e-01 2.467e-01 1.565e-05 1.130e-05 5.055e-05 -1.000 1.057e-04 -2.624 -0.485 -1.100 -2.182 -2.793 -3.334 -4.054 -4.633 -4.717
0.00011527 -2.13000 10.07918 0.8009126186 2.4190433025    0.743  2.999  3.6639  0.918    7  0.000  0.409     0.00     0.00 -1    -1e-30      0.00 7.530e-01 2.469e-01 1.553e-05 1.156e-05 5.040e-05 -1.000 1.205e-04 -2.726 -0.434 -1.128 -2.261 -2.891 -3.441 -4.171 -4.755 -4.839
0.00011527 -2.13000 10.07918 0.8009157181 2.4190444946    0.743  3.043  3.6612  0.863    7  0.000  0.408     0.00     0.00 -1    -1e-30      0.00 7.527e-01 2.472e-01 1.543e-05 1.182e-05 5.023e-05 -1.000 1.205e-04 -2.838 -0.365 -1.151 -2.343 -2.996 -3.557 -4.298 -4.889 -4.971
0.00011527 -2.13000 10.07918 0.8009170890 2.4190449715    0.743  3.065  3.6599  0.835    7  0.000  0.407     0.00     0.00 -1    -1e-30      0.00 7.525e-01 2.474e-01 1.535e-05 1.204e-05 5.007e-05 -1.000 1.205e-04 -2.893 -0.325 -1.158 -2.383 -3.047 -3.615 -4.360 -4.955 -5.037
0.00011527 -2.13000 10.07918 0.8009175658 2.4190449715    0.743  3.049  3.6609  0.855    7  0.000  0.407     0.00     0.00 -1    -1e-30      0.00 7.524e-01 2.475e-01 1.532e-05 1.215e-05 4.999e-05 -1.000 1.205e-04 -2.853 -0.355 -1.153 -2.354 -3.009 -3.573 -4.314 -4.906 -4.989
0.00011527 -2.13000 10.07918 0.8009176254 2.4190449715    0.743  3.047  3.6610  0.857    7  0.000  0.407     0.00     0.00 -1    -1e-30      0.00 7.524e-01 2.475e-01 1.532e-05 1.215e-05 4.999e-05 -1.000 1.205e-04 -2.848 -0.358 -1.152 -2.351 -3.005 -3.568 -4.310 -4.901 -4.984
0.00011527 -2.13000 10.07918 0.8009176850 2.4190449715    0.743  3.048  3.6609  0.856    7  0.000  0.407     0.00     0.00 -1    -1e-30      0.00 7.524e-01 2.475e-01 1.532e-05 1.216e-05 4.998e-05 -1.000 1.205e-04 -2.851 -0.355 -1.152 -2.353 -3.008 -3.571 -4.313 -4.904 -4.987
0.00011527 -2.13000 10.07918 0.8009178042 2.4190452099    0.743  3.062  3.6601  0.839    7  0.000  0.407     0.00     0.00 -1    -1e-30      0.00 7.524e-01 2.475e-01 1.531e-05 1.217e-05 4.998e-05 -1.000 1.204e-04 -2.886 -0.331 -1.157 -2.378 -3.040 -3.607 -4.352 -4.946 -5.029
0.00011527 -2.13000 10.07918 0.8009179235 2.4190452099    0.743  3.073  3.6594  0.826    7  0.000  0.407     0.00     0.00 -1    -1e-30      0.00 7.524e-01 2.475e-01 1.531e-05 1.217e-05 4.998e-05 -1.000 1.205e-04 -2.912 -0.311 -1.161 -2.396 -3.064 -3.635 -4.383 -4.978 -5.060
0.00011527 -2.13000 10.07918 0.8009180427 2.4190452099    0.743  3.093  3.6581  0.801    7  0.000  0.407     0.00     0.00 -1    -1e-30      0.00 7.524e-01 2.475e-01 1.531e-05 1.219e-05 4.996e-05 -1.000 1.205e-04 -2.962 -0.268 -1.165 -2.430 -3.110 -3.686 -4.440 -5.039 -5.120
0.00011527 -2.13000 10.07918 0.8009182811 2.4190452099    0.743  3.127  3.6560  0.758    7  0.000  0.406     0.00     0.00 -1    -1e-30      0.00 7.521e-01 2.478e-01 1.521e-05 1.252e-05 4.972e-05 -1.000 1.205e-04 -3.047 -0.252 -1.194 -2.492 -3.186 -3.770 -4.533 -5.138 -5.220
0.00011527 -2.13000 10.07918 0.8009186387 2.4190454483    0.743  3.178  3.6526  0.693    7  0.000  0.406     0.00     0.00 -1    -1e-30      0.00 7.517e-01 2.482e-01 1.508e-05 1.297e-05 4.939e-05 -1.000 1.205e-04 -3.175 -0.224 -1.236 -2.584 -3.300 -3.898 -4.676 -5.290 -5.373
0.00011527 -2.13000 10.07918 0.8009191751 2.4190456867    0.743  3.230  3.6491  0.628    7  0.549  0.405     0.00     0.00 -1    -1e-30      0.00 7.512e-01 2.486e-01 1.494e-05 1.350e-05 4.899e-05 -1.000 1.205e-04 -3.304 -0.191 -1.275 -2.674 -3.413 -4.026 -4.818 -5.442 -5.527
0.00011527 -2.13000 10.07918 0.8009194732 2.4190456867    0.743  3.414  3.6091  0.283    8  0.549  0.390    92.82    44.32  1  -1.3e-06      0.00 7.290e-01 2.706e-01 6.375e-05 5.931e-05 2.177e-04 -1.000 3.690e-04 -3.766 0.924 -0.755 -2.615 -3.608 -4.386 -5.386 -6.153 -6.263
0.00011527 -2.13000 10.07918 0.8009195328 2.4190456867    0.743  3.290  3.6165  0.437    8  0.549  0.390    66.58    33.25  1 -7.35e-07      0.00 7.290e-01 2.706e-01 6.375e-05 5.931e-05 2.177e-04 -1.000 3.690e-04 -3.454 0.840 -0.705 -2.447 -3.366 -4.098 -5.051 -5.793 -5.898
0.00011527 -2.13000 10.07918 0.8009195924 2.4190456867    0.742  3.145  3.6297  0.634    8  0.549  0.390    43.51    23.01  1 -3.72e-07      0.00 7.290e-01 2.706e-01 6.375e-05 5.931e-05 2.177e-04 -1.000 3.690e-04 -3.092 0.590 -0.721 -2.282 -3.102 -3.772 -4.653 -5.347 -5.443
0.00011527 -2.13000 10.07918 0.8009197116 2.4190456867    0.741  2.926  3.6496  0.933    8  0.549  0.390    22.87    13.18  1 -1.28e-07      0.00 7.290e-01 2.706e-01 6.375e-05 5.931e-05 2.177e-04 -1.000 3.690e-04 -2.544 0.276 -0.661 -1.963 -2.661 -3.253 -4.040 -4.669 -4.755
0.00011527 -2.13000 10.07918 0.8009199500 2.4190459251    0.740  2.931  3.6491  0.925    8  0.549  0.390    23.26    13.36  1 -1.32e-07      0.00 7.290e-01 2.706e-01 6.375e-05 5.931e-05 2.177e-04 -1.000 3.690e-04 -2.557 0.284 -0.662 -1.971 -2.671 -3.265 -4.054 -4.685 -4.771
0.00011527 -2.13000 10.07918 0.8009201884 2.4190459251    0.738  3.002  3.6426  0.826    8  0.550  0.390    28.78    16.04  1 -1.89e-07      0.00 7.290e-01 2.706e-01 6.375e-05 5.931e-05 2.177e-04 -1.000 3.690e-04 -2.735 0.378 -0.690 -2.081 -2.819 -3.437 -4.255 -4.906 -4.996
0.00011527 -2.13000 10.07918 0.8009204865 2.4190459251    0.736  3.157  3.6284  0.613    8  0.550  0.390    45.58    23.83  1 -4.05e-07      0.00 7.290e-01 2.706e-01 6.375e-05 5.931e-05 2.177e-04 -1.000 3.690e-04 -3.123 0.620 -0.715 -2.295 -3.124 -3.800 -4.688 -5.386 -5.483
0.00011527 -2.13000 10.07918 0.8009208441 2.4190461636    0.734  3.298  3.6155  0.420    8  0.550  0.390    69.22    34.13  1 -7.93e-07      0.00 7.290e-01 2.706e-01 6.375e-05 5.931e-05 2.177e-04 -1.000 3.691e-04 -3.475 0.868 -0.694 -2.450 -3.377 -4.115 -5.075 -5.820 -5.925
0.00011527 -2.13000 10.07918 0.8009212613 2.4190464020    0.731  3.392  3.6069  0.290    8  0.551  0.390    91.74    43.43  1 -1.24e-06      0.00 7.290e-01 2.706e-01 6.375e-05 5.931e-05 2.177e-04 -1.000 3.690e-04 -3.710 1.042 -0.658 -2.532 -3.535 -4.319 -5.332 -6.109 -6.221
0.00011527 -2.13000 10.07918 0.8009216785 2.4190464020    0.728  3.444  3.6021  0.216    8  0.551  0.390   107.47    49.66  1 -1.59e-06      0.00 7.290e-01 2.706e-01 6.375e-05 5.931e-05 2.177e-04 -1.000 3.690e-04 -3.840 1.146 -0.628 -2.568 -3.616 -4.429 -5.473 -6.269 -6.385
0.00011527 -2.13000 10.07918 0.8009222150 2.4190466404    0.725  3.470  3.5996  0.178    8  0.552  0.390   116.85    53.22  1 -1.82e-06      0.00 7.290e-01 2.706e-01 6.375e-05 5.931e-05 2.177e-04 -1.000 3.690e-04 -3.906 1.203 -0.609 -2.584 -3.655 -4.484 -5.544 -6.350 -6.470
0.00011527 -2.13000 10.07918 0.8009227514 2.4190468788    0.721  3.487  3.5984  0.154    8  0.552  0.390   123.07    55.46  0 -1.99e-06      0.00 7.290e-01 2.706e-01 6.375e-05 5.931e-05 2.177e-04 -1.000 3.690e-04 -3.948 1.225 -0.607 -2.601 -3.684 -4.521 -5.589 -6.399 -6.520
0.00011527 -2.13000 10.07918 0.8009248972 2.4190475941    0.554 -9.999  4.0000  1.705    9  0.554  0.000     0.00     0.00 -1    -1e-30      0.00 7.290e-01 2.706e-01 6.375e-05 5.931e-05 2.177e-04 -1.000 3.690e-04 29.767 29.807 30.052 30.102 30.095 30.086 30.128 30.124 30.139
#isochrone terminated
