# File generated by CMD 3.3 (http://stev.oapd.inaf.it/cmd) on Tue Sep 15 16:11:07 CEST 2020
# isochrones based on PARSEC release v1.2S +  COLIBRI S_35
# Basic references: Bressan et al. (2012), MNRAS, 427, 127 + Chen et al. (2014, 2015), MNRAS, 444, 2525 + MNRAS, 452, 1068 + Tang et al. (2014), MNRAS, 445, 4287 + Marigo et al. (2017), ApJ, 835, 77 + Pastorelli al. (2019), MNRAS in press
# Thermal pulse cycles included 
# On RGB, assumed Reimers mass loss with efficiency eta=0.2
# Photometric system: JWST NIRCam wide+verywide+medium filters, Vegamags
# Using YBC version of bolometric corrections as in Chen et al. (2019)
# O-rich circumstellar dpmod60alox40 dust from Groenewegen (2006)
# C-rich circumstellar AMCSIC15 dust from Groenewegen (2006)
# IMF: Kroupa (2001, 2002) + Kroupa et al. (2013) canonical two-part-power law IMF corrected for unresolved binaries 
# Kind of output: isochrone tables
# Zini     MH   logAge Mini        int_IMF         Mass   logL    logTe  logg  label   McoreTP C_O  period0 period1 pmode  Mloss  tau1m   X   Y   Xc  Xn  Xo  Cexcess  Z 	 mbolmag  F070Wmag  F090Wmag  F115Wmag  F150Wmag  F200Wmag  F277Wmag  F356Wmag  F444Wmag  F150W2mag  F322W2mag  F140Mmag  F162Mmag  F182Mmag  F210Mmag  F250Mmag  F300Mmag  F335Mmag  F360Mmag  F410Mmag  F430Mmag  F460Mmag  F480Mmag  F150WS60mag
5.27e-05 -2.19174 10.07918 0.1000000015 1.1711064577    0.100 -2.780  3.5588  5.405    1  0.000  0.545     0.00     0.00 -1 -1.31e-16      0.00 7.453e-01 2.546e-01 1.798e-05 4.851e-06 4.400e-05 -1.000 1.000e-04 11.721 11.438 10.632 10.097 9.677 9.579 9.328 9.076 8.977 9.797 9.213 9.724 9.622 9.602 9.553 9.432 9.231 9.109 9.055 8.994 8.977 8.958 8.945 9.651
5.27e-05 -2.19174 10.07918 0.1098214313 1.2482755184    0.109 -2.632  3.5741  5.357    1  0.000  0.545     0.00     0.00 -1 -1.86e-16      0.00 7.435e-01 2.564e-01 1.798e-05 4.851e-06 4.400e-05 -1.000 1.000e-04 11.349 11.035 10.301 9.782 9.322 9.179 8.954 8.743 8.652 9.439 8.858 9.390 9.239 9.204 9.151 9.039 8.874 8.773 8.724 8.667 8.652 8.633 8.622 9.283
5.27e-05 -2.19174 10.07918 0.1294642836 1.3786746264    0.129 -2.390  3.5965  5.277    1  0.000  0.545     0.00     0.00 -1 -3.28e-16      0.00 7.405e-01 2.594e-01 1.798e-05 4.851e-06 4.400e-05 -1.000 1.000e-04 10.744 10.402 9.740 9.253 8.757 8.558 8.371 8.212 8.136 8.865 8.300 8.852 8.637 8.583 8.531 8.437 8.311 8.236 8.196 8.148 8.136 8.122 8.113 8.704
5.27e-05 -2.19174 10.07918 0.1491071582 1.4855960608    0.149 -2.227  3.6079  5.220    1  0.000  0.545     0.00     0.00 -1 -4.75e-16      0.00 7.387e-01 2.612e-01 1.798e-05 4.851e-06 4.400e-05 -1.000 9.996e-05 10.336 9.981 9.349 8.880 8.377 8.154 7.984 7.848 7.782 8.478 7.924 8.482 8.243 8.180 8.127 8.041 7.933 7.870 7.835 7.792 7.782 7.770 7.762 8.319
5.27e-05 -2.19174 10.07918 0.1687500030 1.5756140947    0.168 -2.100  3.6152  5.176    1  0.000  0.545     0.00     0.00 -1 -6.29e-16      0.00 7.378e-01 2.621e-01 1.798e-05 4.851e-06 4.400e-05 -1.000 9.990e-05 10.020 9.656 9.042 8.585 8.082 7.847 7.685 7.564 7.504 8.178 7.631 8.190 7.942 7.874 7.819 7.737 7.640 7.584 7.552 7.512 7.503 7.493 7.485 8.021
5.27e-05 -2.19174 10.07918 0.2080357224 1.7204496861    0.207 -1.896  3.6261  5.107    1  0.000  0.545     0.00     0.00 -1 -9.79e-16      0.00 7.374e-01 2.625e-01 1.798e-05 4.851e-06 4.400e-05 -1.000 1.000e-04 9.511 9.133 8.545 8.106 7.607 7.360 7.208 7.107 7.054 7.698 7.163 7.719 7.461 7.387 7.332 7.253 7.170 7.124 7.097 7.061 7.053 7.044 7.038 7.544
5.27e-05 -2.19174 10.07918 0.2571428716 1.8581268787    0.257 -1.708  3.6362  5.052    1  0.000  0.545     0.00     0.00 -1 -1.45e-15      0.00 7.377e-01 2.622e-01 1.798e-05 4.852e-06 4.400e-05 -1.000 9.999e-05 9.041 8.649 8.085 7.663 7.171 6.921 6.776 6.689 6.642 7.258 6.738 7.283 7.025 6.948 6.892 6.815 6.744 6.705 6.681 6.648 6.641 6.633 6.627 7.108
5.27e-05 -2.19174 10.07918 0.3062500358 1.9652637243    0.306 -1.563  3.6446  5.017    1  0.000  0.545     0.00     0.00 -1 -1.93e-15      0.00 7.377e-01 2.622e-01 1.797e-05 4.852e-06 4.400e-05 -1.000 1.000e-04 8.677 8.273 7.729 7.321 6.838 6.589 6.450 6.372 6.329 6.923 6.416 6.949 6.693 6.617 6.561 6.486 6.421 6.386 6.365 6.334 6.328 6.320 6.315 6.775
5.27e-05 -2.19174 10.07918 0.3553571701 2.0521113873    0.355 -1.440  3.6525  4.990    1  0.000  0.544     0.00     0.00 -1 -2.45e-15      0.00 7.387e-01 2.612e-01 1.796e-05 4.853e-06 4.400e-05 -1.000 9.999e-05 8.371 7.956 7.429 7.034 6.561 6.316 6.183 6.112 6.071 6.645 6.152 6.670 6.417 6.343 6.289 6.216 6.156 6.125 6.104 6.076 6.070 6.062 6.058 6.499
5.27e-05 -2.19174 10.07918 0.4044643044 2.1246092319    0.404 -1.319  3.6608  4.959    1  0.000  0.545     0.00     0.00 -1 -3.14e-15      0.00 7.500e-01 2.499e-01 1.798e-05 4.851e-06 4.400e-05 -1.000 1.000e-04 8.068 7.644 7.135 6.754 6.290 6.052 5.925 5.859 5.821 6.374 5.896 6.397 6.149 6.077 6.026 5.955 5.900 5.871 5.853 5.826 5.820 5.812 5.809 6.229
5.27e-05 -2.19174 10.07918 0.4535714388 2.1864814758    0.453 -1.173  3.6741  4.916    1  0.000  0.545     0.00     0.00 -1 -4.37e-15      0.00 7.507e-01 2.492e-01 1.798e-05 4.851e-06 4.400e-05 -1.000 9.993e-05 7.702 7.267 6.788 6.426 5.977 5.752 5.635 5.578 5.543 6.061 5.610 6.080 5.841 5.774 5.728 5.663 5.614 5.589 5.572 5.549 5.543 5.535 5.533 5.918
5.27e-05 -2.19174 10.07918 0.5026785731 2.2401986122    0.503 -1.009  3.6887  4.855    1  0.000  0.545     0.00     0.00 -1 -6.48e-15      0.00 7.526e-01 2.473e-01 1.786e-05 4.818e-06 4.370e-05 -1.000 1.000e-04 7.293 6.852 6.404 6.063 5.628 5.419 5.315 5.267 5.236 5.714 5.294 5.728 5.497 5.438 5.398 5.339 5.298 5.276 5.262 5.241 5.236 5.228 5.227 5.572
5.27e-05 -2.19174 10.07918 0.5517857671 2.2851314545    0.551 -0.809  3.7080  4.772    1  0.000  0.544     0.00     0.00 -1 -1.08e-14      0.00 7.851e-01 2.148e-01 1.566e-05 4.228e-06 3.837e-05 -1.000 9.948e-05 6.792 6.352 5.944 5.630 5.215 5.027 4.940 4.902 4.877 5.303 4.924 5.310 5.093 5.043 5.010 4.960 4.927 4.910 4.898 4.882 4.878 4.869 4.871 5.163
5.27e-05 -2.19174 10.07918 0.6008928418 2.3217256069    0.600 -0.603  3.7325  4.701    1  0.000  0.544     0.00     0.00 -1  -1.8e-14      0.00 7.980e-01 2.020e-01 1.482e-05 4.004e-06 3.635e-05 -1.000 5.256e-05 6.277 5.852 5.492 5.211 4.825 4.664 4.595 4.569 4.550 4.913 4.583 4.911 4.714 4.676 4.650 4.610 4.586 4.574 4.565 4.553 4.550 4.543 4.546 4.777
5.27e-05 -2.19174 10.07918 0.6072366834 2.3259589672    0.607 -0.575  3.7362  4.693    1  0.000  0.544     0.00     0.00 -1 -1.93e-14      0.00 8.001e-01 1.999e-01 1.469e-05 3.968e-06 3.603e-05 -1.000 1.490e-05 6.207 5.785 5.432 5.156 4.774 4.617 4.551 4.526 4.509 4.863 4.540 4.860 4.665 4.629 4.604 4.566 4.542 4.531 4.523 4.512 4.509 4.501 4.505 4.727
5.27e-05 -2.19174 10.07918 0.6183252931 2.3331196308    0.618 -0.525  3.7428  4.677    1  0.000  0.543     0.00     0.00 -1 -2.18e-14      0.00 8.038e-01 1.961e-01 1.444e-05 3.903e-06 3.544e-05 -1.000 1.000e-04 6.083 5.668 5.328 5.060 4.686 4.535 4.474 4.452 4.437 4.774 4.464 4.768 4.580 4.546 4.523 4.488 4.467 4.457 4.450 4.439 4.437 4.430 4.433 4.640
5.27e-05 -2.19174 10.07918 0.6282081604 2.3392572403    0.628 -0.480  3.7486  4.663    1  0.000  0.543     0.00     0.00 -1 -2.44e-14      0.00 8.074e-01 1.925e-01 1.421e-05 3.841e-06 3.489e-05 -1.000 5.597e-05 5.971 5.565 5.235 4.974 4.606 4.462 4.405 4.386 4.372 4.695 4.397 4.687 4.502 4.471 4.451 4.418 4.399 4.390 4.384 4.375 4.372 4.366 4.370 4.561
5.27e-05 -2.19174 10.07918 0.6378048062 2.3450081348    0.637 -0.437  3.7541  4.648    1  0.000  0.543     0.00     0.00 -1 -2.73e-14      0.00 8.111e-01 1.889e-01 1.398e-05 3.779e-06 3.433e-05 -1.000 2.368e-05 5.862 5.465 5.145 4.890 4.527 4.389 4.338 4.321 4.309 4.617 4.330 4.607 4.426 4.398 4.379 4.349 4.332 4.325 4.319 4.311 4.309 4.303 4.307 4.484
5.27e-05 -2.19174 10.07918 0.6491134167 2.3515348434    0.649 -0.385  3.7606  4.629    1  0.000  0.543     0.00     0.00 -1 -1.64e-14      0.00 8.156e-01 1.844e-01 1.369e-05 3.702e-06 3.363e-05 -1.000 5.877e-05 5.731 5.346 5.038 4.790 4.433 4.302 4.256 4.243 4.232 4.523 4.250 4.511 4.335 4.309 4.293 4.266 4.252 4.246 4.241 4.234 4.232 4.227 4.231 4.391
5.27e-05 -2.19174 10.07918 0.6499999762 2.3520355225    0.650 -0.380  3.7611  4.627    1  0.000  0.543     0.00     0.00 -1 -3.14e-14      0.00 8.159e-01 1.840e-01 1.367e-05 3.695e-06 3.358e-05 -1.000 1.000e-04 5.721 5.337 5.029 4.782 4.426 4.295 4.249 4.237 4.226 4.516 4.244 4.504 4.328 4.302 4.286 4.259 4.246 4.240 4.235 4.228 4.226 4.221 4.225 4.383
5.27e-05 -2.19174 10.07918 0.6585742235 2.3567974567    0.658 -0.340  3.7657  4.612    1  0.000  0.542     0.00     0.00 -1 -3.49e-14      0.00 8.203e-01 1.796e-01 1.338e-05 3.619e-06 3.290e-05 -1.000 1.000e-04 5.620 5.245 4.945 4.704 4.352 4.227 4.184 4.173 4.164 4.442 4.179 4.428 4.256 4.233 4.218 4.193 4.181 4.176 4.172 4.165 4.164 4.159 4.163 4.310
5.27e-05 -2.19174 10.07918 0.6688095927 2.3622982502    0.669 -0.291  3.7713  4.591    1  0.000  0.542     0.00     0.00 -1 -3.97e-14      0.00 8.259e-01 1.740e-01 1.302e-05 3.523e-06 3.204e-05 -1.000 1.001e-04 5.498 5.133 4.842 4.607 4.260 4.141 4.103 4.094 4.086 4.351 4.099 4.335 4.166 4.146 4.134 4.110 4.101 4.097 4.093 4.087 4.086 4.081 4.085 4.220
5.27e-05 -2.19174 10.07918 0.6785455346 2.3673541546    0.678 -0.243  3.7764  4.570    1  0.000  0.541     0.00     0.00 -1  -4.5e-14      0.00 8.316e-01 1.683e-01 1.265e-05 3.426e-06 3.116e-05 -1.000 9.993e-05 5.378 5.024 4.741 4.510 4.169 4.055 4.021 4.013 4.006 4.259 4.017 4.242 4.077 4.059 4.048 4.027 4.019 4.016 4.012 4.007 4.005 4.001 4.005 4.129
5.27e-05 -2.19174 10.07918 0.6878397465 2.3720273972    0.688 -0.196  3.7813  4.549    1  0.000  0.541     0.00     0.00 -1 -5.11e-14      0.00 8.374e-01 1.625e-01 1.228e-05 3.327e-06 3.027e-05 -1.000 9.991e-05 5.261 4.916 4.642 4.416 4.080 3.970 3.940 3.934 3.927 4.170 3.937 4.152 3.990 3.974 3.964 3.945 3.939 3.936 3.933 3.928 3.927 3.922 3.926 4.041
5.27e-05 -2.19174 10.07918 0.6960875988 2.3760545254    0.696 -0.153  3.7856  4.528    1  0.000  0.540     0.00     0.00 -1 -3.18e-15      0.00 8.429e-01 1.571e-01 1.193e-05 3.234e-06 2.943e-05 -1.000 3.627e-05 5.153 4.818 4.550 4.329 3.998 3.893 3.866 3.862 3.855 4.088 3.864 4.069 3.911 3.897 3.888 3.871 3.866 3.864 3.861 3.856 3.855 3.850 3.855 3.960
5.27e-05 -2.19174 10.07918 0.6999999881 2.3779268265    0.700 -0.132  3.7876  4.518    1  0.000  0.540     0.00     0.00 -1 -6.08e-14      0.00 8.456e-01 1.544e-01 1.176e-05 3.188e-06 2.902e-05 -1.000 9.090e-07 5.101 4.770 4.506 4.287 3.959 3.856 3.830 3.826 3.820 4.049 3.828 4.028 3.872 3.859 3.851 3.834 3.830 3.828 3.825 3.820 3.820 3.815 3.819 3.921
5.27e-05 -2.19174 10.07918 0.7090166807 2.3821511269    0.709 -0.082  3.7920  4.490    1  0.000  0.538     0.00     0.00 -1    -7e-14      0.00 8.505e-01 1.495e-01 1.145e-05 3.115e-06 2.838e-05 -1.000 1.346e-05 4.975 4.653 4.397 4.183 3.860 3.762 3.739 3.736 3.730 3.950 3.738 3.928 3.776 3.765 3.758 3.743 3.740 3.738 3.735 3.731 3.730 3.726 3.730 3.824
5.27e-05 -2.19174 10.07918 0.7175090313 2.3860185146    0.717 -0.032  3.7961  4.462    1  0.000  0.536     0.00     0.00 -1 -8.06e-14      0.00 8.545e-01 1.454e-01 1.122e-05 3.060e-06 2.791e-05 -1.000 6.421e-05 4.850 4.537 4.287 4.078 3.761 3.668 3.646 3.645 3.639 3.850 3.646 3.827 3.679 3.670 3.664 3.650 3.648 3.646 3.644 3.640 3.639 3.635 3.639 3.726
5.27e-05 -2.19174 10.07918 0.7258906364 2.3897333145    0.725  0.020  3.8001  4.431    1  0.000  0.534     0.00     0.00 -1 -9.36e-14      0.00 8.581e-01 1.419e-01 1.103e-05 3.016e-06 2.753e-05 -1.000 3.716e-05 4.720 4.414 4.171 3.967 3.656 3.567 3.548 3.546 3.541 3.745 3.547 3.720 3.576 3.569 3.563 3.550 3.549 3.548 3.546 3.542 3.541 3.537 3.541 3.621
5.27e-05 -2.19174 10.07918 0.7330866456 2.3928451538    0.733  0.067  3.8034  4.401    1  0.000  0.533     0.00     0.00 -1 -1.07e-13      0.00 8.608e-01 1.391e-01 1.089e-05 2.984e-06 2.726e-05 -1.000 4.673e-05 4.601 4.302 4.065 3.864 3.559 3.473 3.455 3.454 3.449 3.647 3.455 3.622 3.481 3.474 3.469 3.458 3.457 3.456 3.454 3.450 3.449 3.445 3.449 3.525
5.27e-05 -2.19174 10.07918 0.7400557995 2.3957924843    0.739  0.117  3.8065  4.368    1  0.000  0.531     0.00     0.00 -1 -8.97e-14      0.00 8.632e-01 1.367e-01 1.077e-05 2.957e-06 2.703e-05 -1.000 9.996e-05 4.478 4.184 3.953 3.756 3.456 3.373 3.357 3.356 3.351 3.543 3.356 3.517 3.380 3.374 3.370 3.359 3.358 3.358 3.355 3.352 3.351 3.347 3.351 3.423
5.27e-05 -2.19174 10.07918 0.7470233440 2.3986759186    0.746  0.170  3.8095  4.331    1  0.000  0.530     0.00     0.00 -1 -1.94e-14      0.00 8.654e-01 1.345e-01 1.066e-05 2.934e-06 2.683e-05 -1.000 1.000e-04 4.345 4.056 3.829 3.636 3.341 3.262 3.247 3.246 3.241 3.428 3.246 3.401 3.268 3.263 3.259 3.249 3.249 3.248 3.246 3.242 3.241 3.237 3.241 3.309
5.27e-05 -2.19174 10.07918 0.7500000000 2.3998889923    0.749  0.193  3.8108  4.314    1  0.000  0.529     0.00     0.00 -1 -1.57e-13      0.00 8.663e-01 1.336e-01 1.061e-05 2.925e-06 2.675e-05 -1.000 1.000e-04 4.286 3.999 3.775 3.583 3.290 3.212 3.197 3.197 3.192 3.377 3.197 3.350 3.218 3.213 3.209 3.199 3.199 3.198 3.196 3.192 3.192 3.188 3.192 3.259
5.27e-05 -2.19174 10.07918 0.7512725592 2.4004042149    0.751  0.204  3.8114  4.307    1  0.000  0.529     0.00     0.00 -1 -1.61e-13      0.00 8.663e-01 1.336e-01 1.062e-05 2.927e-06 2.677e-05 -1.000 1.000e-04 4.261 3.975 3.751 3.561 3.269 3.191 3.177 3.176 3.172 3.355 3.177 3.328 3.197 3.193 3.189 3.179 3.179 3.178 3.176 3.172 3.171 3.168 3.171 3.238
5.27e-05 -2.19174 10.07918 0.7593882084 2.4036436081    0.759  0.276  3.8149  4.254    1  0.000  0.529     0.00     0.00 -1 -2.01e-13      0.00 8.666e-01 1.334e-01 1.067e-05 2.941e-06 2.691e-05 -1.000 3.412e-06 4.081 3.799 3.582 3.395 3.111 3.037 3.023 3.023 3.018 3.196 3.023 3.168 3.042 3.038 3.034 3.025 3.025 3.024 3.022 3.018 3.018 3.014 3.018 3.081
5.27e-05 -2.19174 10.07918 0.7647736073 2.4057495594    0.764  0.328  3.8169  4.212    1  0.000  0.528     0.00     0.00 -1 -2.38e-13      0.00 8.666e-01 1.334e-01 1.070e-05 2.951e-06 2.701e-05 -1.000 9.060e-05 3.949 3.669 3.456 3.272 2.992 2.919 2.906 2.906 2.901 3.076 2.906 3.048 2.924 2.920 2.917 2.908 2.908 2.907 2.905 2.901 2.901 2.897 2.901 2.963
5.27e-05 -2.19174 10.07918 0.7698798180 2.4077150822    0.769  0.381  3.8184  4.168    1  0.000  0.528     0.00     0.00 -1 -2.81e-13      0.00 8.655e-01 1.344e-01 1.080e-05 2.978e-06 2.726e-05 -1.000 1.000e-04 3.817 3.539 3.328 3.146 2.870 2.798 2.785 2.785 2.780 2.953 2.785 2.925 2.803 2.800 2.796 2.787 2.787 2.787 2.784 2.781 2.780 2.776 2.780 2.841
5.27e-05 -2.19174 10.07918 0.7740544677 2.4092998505    0.773  0.428  3.8189  4.126    1  0.000  0.528     0.00     0.00 -1 -3.29e-13      0.00 8.642e-01 1.357e-01 1.091e-05 3.007e-06 2.753e-05 -1.000 1.000e-04 3.701 3.422 3.213 3.031 2.757 2.686 2.673 2.672 2.668 2.839 2.673 2.811 2.691 2.687 2.683 2.675 2.675 2.674 2.672 2.668 2.668 2.664 2.667 2.728
5.27e-05 -2.19174 10.07918 0.7755149603 2.4098496437    0.774  0.446  3.8185  4.107    1  0.000  0.528     0.00     0.00 -1 -3.51e-13      0.00 8.638e-01 1.361e-01 1.094e-05 3.017e-06 2.762e-05 -1.000 1.000e-04 3.654 3.374 3.164 2.983 2.708 2.636 2.623 2.623 2.618 2.790 2.623 2.762 2.641 2.637 2.634 2.625 2.625 2.624 2.622 2.618 2.618 2.614 2.618 2.679
5.27e-05 -2.19174 10.07918 0.7794836164 2.4113318920    0.778  0.501  3.8165  4.047    1  0.000  0.528     0.00     0.00 -1 -4.24e-13      0.00 8.626e-01 1.373e-01 1.104e-05 3.044e-06 2.787e-05 -1.000 1.000e-04 3.519 3.235 3.022 2.837 2.559 2.486 2.473 2.472 2.467 2.642 2.472 2.615 2.492 2.487 2.483 2.475 2.474 2.473 2.471 2.467 2.467 2.463 2.467 2.530
5.27e-05 -2.19174 10.07918 0.7822609544 2.4123587608    0.781  0.543  3.8136  3.994    1  0.000  0.528     0.00     0.00 -1 -4.96e-13      0.00 8.617e-01 1.382e-01 1.111e-05 3.063e-06 2.804e-05 -1.000 9.994e-05 3.412 3.123 2.906 2.718 2.435 2.359 2.345 2.344 2.339 2.518 2.344 2.491 2.365 2.360 2.356 2.347 2.347 2.346 2.343 2.339 2.339 2.335 2.339 2.404
5.27e-05 -2.19174 10.07918 0.7828532457 2.4125766754    0.781  0.553  3.8129  3.982    1  0.000  0.528     0.00     0.00 -1 -5.15e-13      0.00 8.616e-01 1.383e-01 1.112e-05 3.067e-06 2.808e-05 -1.000 1.000e-04 3.388 3.098 2.879 2.690 2.406 2.329 2.316 2.315 2.309 2.490 2.315 2.463 2.336 2.331 2.327 2.318 2.317 2.316 2.314 2.310 2.309 2.305 2.309 2.375
5.27e-05 -2.19174 10.07918 0.7834342718 2.4127900600    0.782  0.564  3.8115  3.966    1  0.000  0.528     0.00     0.00 -1 -5.37e-13      0.00 8.614e-01 1.385e-01 1.114e-05 3.071e-06 2.811e-05 -1.000 9.999e-05 3.360 3.068 2.847 2.656 2.370 2.292 2.278 2.277 2.271 2.454 2.277 2.427 2.299 2.293 2.289 2.280 2.279 2.278 2.276 2.272 2.271 2.267 2.271 2.339
5.27e-05 -2.19174 10.07918 0.7853887677 2.4135050774    0.784  0.604  3.8057  3.903    2  0.000  0.528     0.00     0.00 -1 -6.32e-13      0.00 8.608e-01 1.391e-01 1.119e-05 3.084e-06 2.823e-05 -1.000 9.994e-05 3.260 2.957 2.727 2.529 2.232 2.148 2.133 2.131 2.126 2.318 2.132 2.292 2.158 2.150 2.146 2.136 2.134 2.133 2.130 2.126 2.126 2.122 2.125 2.199
5.27e-05 -2.19174 10.07918 0.7868847847 2.4140498638    0.785  0.640  3.7986  3.840    2  0.000  0.528     0.00     0.00 -1 -7.37e-13      0.00 8.604e-01 1.395e-01 1.122e-05 3.094e-06 2.833e-05 -1.000 9.996e-05 3.171 2.856 2.614 2.407 2.098 2.007 1.990 1.987 1.982 2.186 1.989 2.161 2.019 2.009 2.004 1.993 1.991 1.989 1.987 1.982 1.982 1.977 1.981 2.063
5.27e-05 -2.19174 10.07918 0.7880567312 2.4144747257    0.786  0.672  3.7902  3.774    2  0.000  0.528     0.00     0.00 -1 -8.57e-13      0.00 8.600e-01 1.399e-01 1.125e-05 3.102e-06 2.840e-05 -1.000 9.811e-05 3.089 2.761 2.505 2.288 1.964 1.865 1.845 1.841 1.835 2.054 1.843 2.031 1.880 1.867 1.861 1.849 1.845 1.843 1.840 1.836 1.835 1.830 1.834 1.927
5.27e-05 -2.19174 10.07918 0.7890018225 2.4148166180    0.787  0.702  3.7811  3.708    2  0.000  0.528     0.00     0.00 -1  -9.9e-13      0.00 8.564e-01 1.436e-01 1.150e-05 3.170e-06 2.902e-05 -1.000 4.868e-05 3.014 2.672 2.401 2.172 1.833 1.725 1.701 1.696 1.689 1.925 1.699 1.904 1.743 1.728 1.720 1.706 1.701 1.698 1.695 1.690 1.689 1.684 1.688 1.794
5.27e-05 -2.19174 10.07918 0.7897948027 2.4151024818    0.788  0.731  3.7722  3.645    2  0.000  0.530     0.00     0.00 -1 -1.14e-12      0.00 8.391e-01 1.608e-01 1.253e-05 3.449e-06 3.152e-05 -1.000 2.539e-05 2.943 2.588 2.302 2.063 1.710 1.593 1.565 1.559 1.552 1.803 1.562 1.785 1.615 1.596 1.588 1.571 1.564 1.561 1.558 1.552 1.552 1.547 1.551 1.669
5.27e-05 -2.19174 10.07918 0.7904944420 2.4153542519    0.789  0.761  3.7641  3.583    2  0.000  0.533     0.00     0.00 -1 -1.31e-12      0.00 8.120e-01 1.879e-01 1.411e-05 3.872e-06 3.531e-05 -1.000 5.311e-05 2.869 2.503 2.204 1.954 1.589 1.463 1.431 1.424 1.416 1.683 1.428 1.668 1.489 1.468 1.457 1.438 1.430 1.426 1.423 1.417 1.416 1.411 1.415 1.546
5.27e-05 -2.19174 10.07918 0.7911152244 2.4155771732    0.789  0.793  3.7572  3.523    2  0.000  0.535     0.00     0.00 -1 -1.51e-12      0.00 7.927e-01 2.073e-01 1.524e-05 4.174e-06 3.800e-05 -1.000 9.003e-05 2.787 2.413 2.102 1.844 1.468 1.335 1.298 1.290 1.281 1.563 1.295 1.550 1.364 1.340 1.328 1.306 1.296 1.292 1.288 1.282 1.281 1.276 1.280 1.423
5.27e-05 -2.19174 10.07918 0.7917300463 2.4157977104    0.790  0.834  3.7510  3.457    2  0.000  0.536     0.00     0.00 -1 -1.78e-12      0.00 7.810e-01 2.189e-01 1.592e-05 4.356e-06 3.963e-05 -1.000 1.001e-04 2.685 2.303 1.981 1.715 1.330 1.191 1.151 1.140 1.131 1.426 1.146 1.415 1.223 1.197 1.183 1.159 1.148 1.143 1.138 1.132 1.131 1.125 1.129 1.284
5.27e-05 -2.19174 10.07918 0.7922153473 2.4159712791    0.790  0.874  3.7470  3.402    2  0.000  0.536     0.00     0.00 -1 -2.08e-12      0.00 7.756e-01 2.243e-01 1.624e-05 4.441e-06 4.039e-05 -1.000 1.000e-04 2.585 2.199 1.870 1.598 1.208 1.064 1.021 1.009 0.999 1.304 1.016 1.294 1.099 1.070 1.055 1.030 1.018 1.012 1.008 1.001 0.999 0.994 0.998 1.161
5.27e-05 -2.19174 10.07918 0.7925471067 2.4160900116    0.791  0.904  3.7446  3.362    2  0.000  0.536     0.00     0.00 -1 -2.34e-12      0.00 7.728e-01 2.271e-01 1.640e-05 4.484e-06 4.077e-05 -1.000 1.000e-04 2.510 2.121 1.787 1.513 1.119 0.972 0.928 0.916 0.905 1.215 0.923 1.207 1.009 0.979 0.963 0.938 0.924 0.919 0.914 0.907 0.905 0.900 0.904 1.071
5.27e-05 -2.19174 10.07918 0.7928423285 2.4161953926    0.791  0.934  3.7430  3.326    3  0.000  0.537     0.00     0.00 -1 -2.61e-12      0.00 7.710e-01 2.289e-01 1.650e-05 4.509e-06 4.100e-05 -1.000 1.001e-04 2.434 2.044 1.707 1.431 1.034 0.885 0.840 0.827 0.817 1.130 0.835 1.122 0.922 0.892 0.876 0.850 0.836 0.830 0.826 0.818 0.817 0.811 0.815 0.986
5.27e-05 -2.19174 10.07918 0.7932294011 2.4163334370    0.791  0.976  3.7409  3.276    3  0.000  0.537     0.00     0.00 -1 -3.04e-12      0.00 7.690e-01 2.310e-01 1.660e-05 4.538e-06 4.125e-05 -1.000 6.101e-05 2.331 1.938 1.598 1.319 0.919 0.767 0.721 0.708 0.697 1.015 0.716 1.008 0.806 0.775 0.758 0.732 0.717 0.711 0.706 0.699 0.697 0.692 0.696 0.870
5.27e-05 -2.19174 10.07918 0.7936193347 2.4164724350    0.792  1.020  3.7390  3.225    3  0.000  0.537     0.00     0.00 -1 -3.57e-12      0.00 7.671e-01 2.329e-01 1.669e-05 4.562e-06 4.146e-05 -1.000 3.588e-05 2.221 1.827 1.483 1.201 0.797 0.644 0.597 0.584 0.573 0.894 0.591 0.887 0.683 0.651 0.635 0.608 0.593 0.587 0.582 0.574 0.573 0.567 0.571 0.748
5.27e-05 -2.19174 10.07918 0.7939928174 2.4166054726    0.792  1.065  3.7374  3.174    3  0.000  0.537     0.00     0.00 -1  -4.2e-12      0.00 7.654e-01 2.346e-01 1.676e-05 4.581e-06 4.164e-05 -1.000 9.646e-05 2.109 1.714 1.368 1.083 0.676 0.521 0.474 0.460 0.449 0.773 0.467 0.767 0.560 0.528 0.511 0.484 0.469 0.463 0.458 0.450 0.449 0.443 0.447 0.626
5.27e-05 -2.19174 10.07918 0.7943897247 2.4167466164    0.792  1.115  3.7356  3.116    3  0.000  0.537     0.00     0.00 -1 -5.04e-12      0.00 7.637e-01 2.362e-01 1.683e-05 4.599e-06 4.180e-05 -1.000 9.997e-05 1.982 1.587 1.237 0.949 0.539 0.382 0.334 0.320 0.309 0.636 0.328 0.631 0.422 0.389 0.372 0.345 0.330 0.323 0.318 0.310 0.309 0.303 0.307 0.488
5.27e-05 -2.19174 10.07918 0.7947227955 2.4168648720    0.792  1.161  3.7341  3.065    3  0.000  0.537     0.00     0.00 -1 -5.94e-12      0.00 7.624e-01 2.375e-01 1.687e-05 4.611e-06 4.191e-05 -1.000 1.000e-04 1.868 1.473 1.120 0.830 0.416 0.257 0.209 0.195 0.184 0.514 0.203 0.509 0.298 0.265 0.247 0.220 0.205 0.198 0.193 0.185 0.184 0.178 0.182 0.365
5.27e-05 -2.19174 10.07918 0.7950597405 2.4169845581    0.793  1.211  3.7326  3.009    3  0.000  0.537     0.00     0.00 -1  -7.1e-12      0.00 7.611e-01 2.388e-01 1.691e-05 4.623e-06 4.200e-05 -1.000 5.375e-05 1.743 1.348 0.992 0.699 0.282 0.121 0.073 0.059 0.048 0.380 0.067 0.376 0.163 0.129 0.112 0.084 0.069 0.062 0.057 0.049 0.048 0.042 0.046 0.230
5.27e-05 -2.19174 10.07918 0.7953903079 2.4171016216    0.793  1.264  3.7309  2.949    3  0.000  0.537     0.00     0.00 -1 -8.59e-12      0.00 7.598e-01 2.401e-01 1.694e-05 4.634e-06 4.209e-05 -1.000 6.506e-05 1.611 1.214 0.856 0.560 0.139 -0.023 -0.071 -0.086 -0.097 0.238 -0.078 0.234 0.019 -0.015 -0.033 -0.061 -0.076 -0.083 -0.088 -0.096 -0.097 -0.103 -0.099 0.087
5.27e-05 -2.19174 10.07918 0.7956570983 2.4171962738    0.793  1.311  3.7295  2.896    3  0.000  0.536     0.00     0.00 -1 -1.02e-11      0.00 7.588e-01 2.411e-01 1.696e-05 4.642e-06 4.215e-05 -1.000 9.477e-05 1.493 1.096 0.735 0.437 0.013 -0.151 -0.199 -0.214 -0.225 0.113 -0.206 0.109 -0.108 -0.143 -0.160 -0.188 -0.204 -0.211 -0.216 -0.224 -0.225 -0.231 -0.227 -0.039
5.27e-05 -2.19174 10.07918 0.7959144711 2.4172873497    0.793  1.360  3.7280  2.841    3  0.000  0.536     0.00     0.00 -1 -1.21e-11      0.00 7.579e-01 2.420e-01 1.697e-05 4.651e-06 4.221e-05 -1.000 9.994e-05 1.371 0.973 0.609 0.309 -0.118 -0.283 -0.332 -0.348 -0.359 -0.018 -0.339 -0.021 -0.241 -0.275 -0.293 -0.321 -0.337 -0.344 -0.349 -0.358 -0.359 -0.365 -0.361 -0.171
5.27e-05 -2.19174 10.07918 0.7961456180 2.4173691273    0.793  1.408  3.7265  2.787    3  0.000  0.535     0.00     0.00 -1 -1.44e-11      0.00 7.571e-01 2.428e-01 1.696e-05 4.661e-06 4.225e-05 -1.000 9.999e-05 1.251 0.852 0.486 0.183 -0.247 -0.414 -0.463 -0.479 -0.490 -0.147 -0.470 -0.149 -0.371 -0.406 -0.424 -0.452 -0.468 -0.475 -0.480 -0.489 -0.490 -0.496 -0.492 -0.300
5.27e-05 -2.19174 10.07918 0.7963551283 2.4174430370    0.793  1.455  3.7249  2.734    3  0.000  0.535     0.00     0.00 -1 -1.71e-11      0.00 7.565e-01 2.434e-01 1.696e-05 4.671e-06 4.228e-05 -1.000 1.000e-04 1.132 0.733 0.364 0.058 -0.375 -0.544 -0.593 -0.609 -0.620 -0.274 -0.600 -0.276 -0.500 -0.535 -0.553 -0.582 -0.598 -0.605 -0.611 -0.619 -0.620 -0.626 -0.622 -0.429
5.27e-05 -2.19174 10.07918 0.7965425253 2.4175093174    0.793  1.502  3.7235  2.681    3  0.000  0.534     0.00     0.00 -1 -2.03e-11      0.00 7.559e-01 2.440e-01 1.695e-05 4.681e-06 4.231e-05 -1.000 1.000e-04 1.015 0.616 0.244 -0.064 -0.500 -0.671 -0.721 -0.736 -0.748 -0.400 -0.728 -0.401 -0.626 -0.663 -0.681 -0.709 -0.726 -0.733 -0.738 -0.747 -0.748 -0.754 -0.750 -0.555
5.27e-05 -2.19174 10.07918 0.7967199087 2.4175720215    0.793  1.551  3.7219  2.626    3  0.000  0.533     0.00     0.00 -1 -2.41e-11      0.00 7.555e-01 2.444e-01 1.693e-05 4.692e-06 4.233e-05 -1.000 1.000e-04 0.893 0.494 0.119 -0.191 -0.630 -0.803 -0.853 -0.869 -0.880 -0.529 -0.860 -0.530 -0.758 -0.794 -0.813 -0.841 -0.858 -0.865 -0.871 -0.879 -0.880 -0.886 -0.882 -0.685
5.27e-05 -2.19174 10.07918 0.7968773842 2.4176275730    0.793  1.598  3.7203  2.573    3  0.000  0.533     0.00     0.00 -1 -2.86e-11      0.00 7.552e-01 2.447e-01 1.692e-05 4.702e-06 4.235e-05 -1.000 9.994e-05 0.776 0.376 -0.001 -0.314 -0.757 -0.931 -0.982 -0.998 -1.010 -0.656 -0.989 -0.656 -0.886 -0.923 -0.941 -0.970 -0.987 -0.994 -1.000 -1.008 -1.010 -1.015 -1.012 -0.813
5.27e-05 -2.19174 10.07918 0.7970173359 2.4176769257    0.793  1.643  3.7188  2.521    3  0.000  0.532     0.00     0.00 -1 -3.37e-11      0.00 7.550e-01 2.449e-01 1.691e-05 4.710e-06 4.235e-05 -1.000 1.000e-04 0.661 0.262 -0.119 -0.434 -0.881 -1.056 -1.107 -1.123 -1.135 -0.779 -1.114 -0.778 -1.010 -1.048 -1.066 -1.095 -1.112 -1.119 -1.125 -1.134 -1.135 -1.140 -1.137 -0.937
5.27e-05 -2.19174 10.07918 0.7971441150 2.4177217484    0.793  1.689  3.7173  2.470    3  0.000  0.532     0.00     0.00 -1 -3.97e-11      0.00 7.548e-01 2.451e-01 1.690e-05 4.715e-06 4.236e-05 -1.000 9.450e-05 0.549 0.149 -0.235 -0.552 -1.002 -1.179 -1.231 -1.247 -1.259 -0.900 -1.238 -0.899 -1.133 -1.171 -1.190 -1.219 -1.236 -1.243 -1.249 -1.258 -1.259 -1.264 -1.261 -1.059
5.27e-05 -2.19174 10.07918 0.7972629666 2.4177634716    0.793  1.735  3.7157  2.417    3  0.000  0.532     0.00     0.00 -1 -4.69e-11      0.00 7.547e-01 2.452e-01 1.690e-05 4.718e-06 4.237e-05 -1.000 1.000e-04 0.434 0.033 -0.354 -0.674 -1.127 -1.306 -1.358 -1.374 -1.387 -1.025 -1.365 -1.023 -1.259 -1.298 -1.316 -1.346 -1.363 -1.371 -1.377 -1.385 -1.387 -1.392 -1.389 -1.184
5.27e-05 -2.19174 10.07918 0.7973679304 2.4178006649    0.792  1.779  3.7141  2.366    3  0.000  0.532     0.00     0.00 -1 -5.51e-11      0.00 7.547e-01 2.452e-01 1.690e-05 4.719e-06 4.237e-05 -1.000 1.001e-04 0.322 -0.079 -0.469 -0.792 -1.248 -1.429 -1.481 -1.498 -1.510 -1.145 -1.488 -1.142 -1.381 -1.420 -1.439 -1.469 -1.486 -1.494 -1.500 -1.509 -1.510 -1.515 -1.512 -1.305
5.27e-05 -2.19174 10.07918 0.7974649072 2.4178347588    0.792  1.824  3.7125  2.315    3  0.000  0.532     0.00     0.00 -1 -6.47e-11      0.00 7.547e-01 2.452e-01 1.690e-05 4.719e-06 4.237e-05 -1.000 1.001e-04 0.211 -0.191 -0.584 -0.909 -1.369 -1.551 -1.604 -1.621 -1.633 -1.266 -1.611 -1.262 -1.503 -1.543 -1.562 -1.592 -1.609 -1.617 -1.623 -1.632 -1.633 -1.638 -1.635 -1.427
5.27e-05 -2.19174 10.07918 0.7975539565 2.4178659916    0.792  1.868  3.7109  2.264    3  0.000  0.532     0.00     0.00 -1 -7.61e-11      0.00 7.547e-01 2.452e-01 1.690e-05 4.719e-06 4.237e-05 -1.000 1.001e-04 0.100 -0.303 -0.698 -1.026 -1.489 -1.674 -1.726 -1.744 -1.756 -1.386 -1.734 -1.382 -1.625 -1.665 -1.684 -1.714 -1.732 -1.740 -1.746 -1.755 -1.757 -1.761 -1.758 -1.548
5.27e-05 -2.19174 10.07918 0.7976330519 2.4178938866    0.792  1.911  3.7093  2.215    3  0.000  0.532     0.00     0.00 -1 -8.88e-11      0.00 7.547e-01 2.452e-01 1.690e-05 4.719e-06 4.237e-05 -1.000 1.000e-04 -0.006 -0.409 -0.808 -1.139 -1.605 -1.791 -1.845 -1.862 -1.875 -1.501 -1.852 -1.497 -1.742 -1.783 -1.802 -1.832 -1.851 -1.858 -1.865 -1.874 -1.875 -1.879 -1.877 -1.664
5.27e-05 -2.19174 10.07918 0.7977061272 2.4179196358    0.792  1.953  3.7078  2.167    3  0.000  0.532     0.00     0.00 -1 -1.04e-10      0.00 7.547e-01 2.452e-01 1.690e-05 4.719e-06 4.237e-05 -1.000 1.000e-04 -0.113 -0.516 -0.918 -1.251 -1.721 -1.909 -1.962 -1.980 -1.992 -1.616 -1.970 -1.611 -1.859 -1.900 -1.919 -1.950 -1.968 -1.976 -1.982 -1.992 -1.993 -1.997 -1.994 -1.780
5.27e-05 -2.19174 10.07918 0.7977763414 2.4179444313    0.791  1.997  3.7061  2.116    3  0.000  0.532     0.00     0.00 -1 -1.22e-10      0.00 7.547e-01 2.452e-01 1.690e-05 4.720e-06 4.237e-05 -1.000 1.000e-04 -0.223 -0.627 -1.032 -1.368 -1.841 -2.031 -2.085 -2.103 -2.115 -1.736 -2.093 -1.731 -1.981 -2.022 -2.042 -2.073 -2.091 -2.099 -2.105 -2.115 -2.116 -2.119 -2.117 -1.901
5.27e-05 -2.19174 10.07918 0.7978364825 2.4179656506    0.791  2.038  3.7045  2.068    3  0.000  0.532     0.00     0.00 -1 -1.41e-10      0.00 7.547e-01 2.452e-01 1.690e-05 4.720e-06 4.237e-05 -1.000 9.999e-05 -0.325 -0.729 -1.137 -1.476 -1.953 -2.145 -2.199 -2.218 -2.229 -1.848 -2.207 -1.841 -2.094 -2.135 -2.156 -2.187 -2.205 -2.213 -2.220 -2.229 -2.230 -2.233 -2.231 -2.014
5.27e-05 -2.19174 10.07918 0.7978920341 2.4179852009    0.790  2.079  3.7030  2.021    3  0.000  0.532     0.00     0.00 -1 -1.64e-10      0.00 7.547e-01 2.452e-01 1.690e-05 4.720e-06 4.237e-05 -1.000 1.001e-04 -0.428 -0.831 -1.242 -1.584 -2.064 -2.258 -2.312 -2.331 -2.343 -1.959 -2.321 -1.952 -2.206 -2.248 -2.269 -2.300 -2.319 -2.327 -2.333 -2.343 -2.344 -2.346 -2.344 -2.125
5.27e-05 -2.19174 10.07918 0.7979452014 2.4180037975    0.790  2.121  3.7014  1.972    3  0.000  0.532     0.00     0.00 -1 -1.91e-10      0.00 7.547e-01 2.452e-01 1.690e-05 4.720e-06 4.237e-05 -1.000 1.000e-04 -0.533 -0.937 -1.352 -1.695 -2.179 -2.375 -2.430 -2.449 -2.460 -2.074 -2.438 -2.066 -2.323 -2.365 -2.386 -2.417 -2.436 -2.445 -2.451 -2.461 -2.461 -2.464 -2.462 -2.241
5.27e-05 -2.19174 10.07918 0.7979915142 2.4180200100    0.790  2.161  3.6998  1.925    3  0.000  0.532     0.00     0.00 -1 -2.21e-10      0.00 7.547e-01 2.452e-01 1.690e-05 4.720e-06 4.237e-05 -1.000 1.001e-04 -0.632 -1.037 -1.455 -1.801 -2.288 -2.486 -2.541 -2.561 -2.572 -2.183 -2.550 -2.174 -2.433 -2.476 -2.497 -2.528 -2.548 -2.556 -2.563 -2.573 -2.573 -2.575 -2.574 -2.351
5.27e-05 -2.19174 10.07918 0.7980349660 2.4180355072    0.789  2.200  3.6982  1.880    3  0.000  0.532     0.00     0.00 -1 -2.55e-10      0.00 7.547e-01 2.452e-01 1.690e-05 4.720e-06 4.237e-05 -1.000 1.000e-04 -0.731 -1.136 -1.557 -1.906 -2.396 -2.595 -2.651 -2.671 -2.682 -2.290 -2.660 -2.280 -2.542 -2.585 -2.606 -2.638 -2.658 -2.666 -2.673 -2.683 -2.683 -2.685 -2.684 -2.458
5.27e-05 -2.19174 10.07918 0.7980801463 2.4180512428    0.788  2.238  3.6968  1.836    3  0.000  0.532     0.00     0.00 -1 -2.93e-10      0.00 7.547e-01 2.452e-01 1.690e-05 4.720e-06 4.237e-05 -1.000 1.001e-04 -0.824 -1.229 -1.653 -2.004 -2.497 -2.698 -2.755 -2.774 -2.786 -2.391 -2.763 -2.381 -2.644 -2.688 -2.709 -2.741 -2.761 -2.770 -2.777 -2.787 -2.787 -2.789 -2.787 -2.560
5.27e-05 -2.19174 10.07918 0.7981302142 2.4180688858    0.788  2.268  3.6956  1.800    3  0.000  0.532     0.00     0.00 -1 -3.29e-10      0.00 7.547e-01 2.452e-01 1.690e-05 4.720e-06 4.237e-05 -1.000 9.999e-05 -0.901 -1.306 -1.733 -2.086 -2.581 -2.783 -2.840 -2.860 -2.872 -2.475 -2.849 -2.464 -2.729 -2.773 -2.795 -2.827 -2.847 -2.856 -2.863 -2.873 -2.873 -2.874 -2.873 -2.645
5.27e-05 -2.19174 10.07918 0.7981535792 2.4180769920    0.787  2.263  3.6960  1.807    3  0.000  0.532     0.00     0.00 -1 -3.25e-10      0.00 7.547e-01 2.452e-01 1.690e-05 4.720e-06 4.237e-05 -1.000 1.000e-04 -0.887 -1.292 -1.718 -2.071 -2.565 -2.767 -2.824 -2.843 -2.855 -2.459 -2.832 -2.448 -2.713 -2.757 -2.778 -2.810 -2.830 -2.839 -2.846 -2.856 -2.856 -2.858 -2.856 -2.629
5.27e-05 -2.19174 10.07918 0.7981594205 2.4180791378    0.787  2.270  3.6957  1.799    3  0.000  0.532     0.00     0.00 -1 -3.32e-10      0.00 7.547e-01 2.452e-01 1.690e-05 4.720e-06 4.237e-05 -1.000 1.000e-04 -0.904 -1.309 -1.735 -2.089 -2.584 -2.786 -2.843 -2.863 -2.874 -2.477 -2.851 -2.467 -2.732 -2.776 -2.797 -2.829 -2.849 -2.858 -2.865 -2.875 -2.876 -2.877 -2.876 -2.647
5.27e-05 -2.19174 10.07918 0.7981916666 2.4180905819    0.787  2.310  3.6940  1.752    3  0.000  0.532     0.00     0.00 -1 -3.81e-10      0.00 7.547e-01 2.452e-01 1.690e-05 4.720e-06 4.237e-05 -1.000 1.001e-04 -1.004 -1.409 -1.839 -2.195 -2.693 -2.897 -2.955 -2.975 -2.987 -2.587 -2.964 -2.575 -2.843 -2.887 -2.909 -2.941 -2.962 -2.971 -2.977 -2.988 -2.988 -2.989 -2.988 -2.758
5.27e-05 -2.19174 10.07918 0.7982242703 2.4181020260    0.786  2.352  3.6924  1.703    3  0.000  0.532     0.00     0.00 -1 -4.45e-10      0.00 7.547e-01 2.452e-01 1.690e-05 4.720e-06 4.237e-05 -1.000 1.000e-04 -1.111 -1.516 -1.949 -2.308 -2.810 -3.016 -3.073 -3.094 -3.105 -2.703 -3.082 -2.691 -2.961 -3.006 -3.027 -3.060 -3.081 -3.090 -3.096 -3.107 -3.107 -3.107 -3.107 -2.875
5.27e-05 -2.19174 10.07918 0.7982519865 2.4181118011    0.785  2.391  3.6907  1.657    3  0.000  0.532     0.00     0.00 -1 -5.13e-10      0.00 7.546e-01 2.453e-01 1.690e-05 4.721e-06 4.237e-05 -1.000 9.997e-05 -1.207 -1.612 -2.049 -2.410 -2.916 -3.124 -3.182 -3.203 -3.214 -2.809 -3.191 -2.796 -3.068 -3.114 -3.135 -3.168 -3.189 -3.198 -3.205 -3.216 -3.216 -3.216 -3.215 -2.981
5.27e-05 -2.19174 10.07918 0.7982791662 2.4181213379    0.785  2.431  3.6889  1.609    3  0.000  0.532     0.00     0.00 -1 -5.95e-10      0.00 7.546e-01 2.453e-01 1.690e-05 4.721e-06 4.237e-05 -1.000 1.000e-04 -1.308 -1.712 -2.153 -2.518 -3.027 -3.237 -3.296 -3.317 -3.328 -2.920 -3.305 -2.906 -3.181 -3.227 -3.249 -3.282 -3.303 -3.312 -3.320 -3.330 -3.330 -3.329 -3.329 -3.093
5.27e-05 -2.19174 10.07918 0.7983045578 2.4181301594    0.784  2.472  3.6873  1.562    3  0.000  0.532     0.00     0.00 -1  -6.9e-10      0.00 7.546e-01 2.453e-01 1.690e-05 4.721e-06 4.238e-05 -1.000 9.999e-05 -1.409 -1.813 -2.257 -2.625 -3.138 -3.350 -3.409 -3.431 -3.442 -3.030 -3.419 -3.016 -3.293 -3.340 -3.362 -3.395 -3.417 -3.426 -3.433 -3.444 -3.444 -3.442 -3.442 -3.205
5.27e-05 -2.19174 10.07918 0.7983267903 2.4181380272    0.783  2.510  3.6856  1.516    3  0.000  0.532     0.00     0.00 -1 -7.94e-10      0.00 7.546e-01 2.453e-01 1.690e-05 4.721e-06 4.238e-05 -1.000 1.000e-04 -1.504 -1.909 -2.357 -2.727 -3.245 -3.457 -3.516 -3.538 -3.549 -3.136 -3.526 -3.121 -3.401 -3.447 -3.469 -3.503 -3.524 -3.533 -3.540 -3.551 -3.551 -3.550 -3.550 -3.312
5.27e-05 -2.19174 10.07918 0.7983488441 2.4181456566    0.782  2.550  3.6837  1.468    3  0.000  0.532     0.00     0.00 -1 -9.21e-10      0.00 7.546e-01 2.453e-01 1.690e-05 4.721e-06 4.238e-05 -1.000 1.001e-04 -1.604 -2.009 -2.461 -2.834 -3.356 -3.570 -3.630 -3.652 -3.663 -3.247 -3.640 -3.231 -3.513 -3.560 -3.582 -3.616 -3.638 -3.647 -3.654 -3.665 -3.665 -3.663 -3.664 -3.423
5.27e-05 -2.19174 10.07918 0.7983683944 2.4181525707    0.781  2.588  3.6821  1.423    3  0.000  0.532     0.00     0.00 -1 -1.06e-09      0.00 7.546e-01 2.453e-01 1.690e-05 4.721e-06 4.238e-05 -1.000 1.000e-04 -1.699 -2.105 -2.561 -2.937 -3.462 -3.677 -3.738 -3.759 -3.771 -3.352 -3.747 -3.336 -3.620 -3.667 -3.689 -3.724 -3.745 -3.754 -3.762 -3.773 -3.773 -3.771 -3.771 -3.530
5.27e-05 -2.19174 10.07918 0.7983866334 2.4181590080    0.780  2.625  3.6804  1.378    3  0.000  0.532     0.00     0.00 -1 -1.22e-09      0.00 7.546e-01 2.453e-01 1.690e-05 4.721e-06 4.238e-05 -1.000 9.997e-05 -1.793 -2.201 -2.661 -3.039 -3.569 -3.785 -3.845 -3.867 -3.878 -3.458 -3.855 -3.442 -3.728 -3.775 -3.796 -3.832 -3.852 -3.862 -3.869 -3.881 -3.880 -3.877 -3.879 -3.637
5.27e-05 -2.19174 10.07918 0.7984039783 2.4181652069    0.779  2.664  3.6786  1.332    3  0.000  0.532     0.00     0.00 -1  -1.4e-09      0.00 7.546e-01 2.453e-01 1.690e-05 4.721e-06 4.238e-05 -1.000 1.000e-04 -1.889 -2.298 -2.762 -3.144 -3.677 -3.894 -3.955 -3.976 -3.987 -3.565 -3.964 -3.549 -3.837 -3.884 -3.905 -3.942 -3.961 -3.971 -3.979 -3.990 -3.990 -3.986 -3.988 -3.746
5.27e-05 -2.19174 10.07918 0.7984226942 2.4181716442    0.777  2.708  3.6767  1.279    3  0.000  0.532     0.00     0.00 -1 -1.65e-09      0.00 7.546e-01 2.453e-01 1.690e-05 4.721e-06 4.238e-05 -1.000 9.993e-05 -2.000 -2.410 -2.879 -3.264 -3.802 -4.019 -4.080 -4.102 -4.112 -3.689 -4.090 -3.672 -3.963 -4.009 -4.031 -4.068 -4.087 -4.097 -4.104 -4.116 -4.115 -4.110 -4.113 -3.871
5.27e-05 -2.19174 10.07918 0.7984377146 2.4181768894    0.776  2.746  3.6747  1.233    3  0.000  0.532     0.00     0.00 -1  -1.9e-09      0.00 7.546e-01 2.453e-01 1.690e-05 4.721e-06 4.238e-05 -1.000 1.000e-04 -2.095 -2.506 -2.981 -3.369 -3.911 -4.129 -4.191 -4.212 -4.222 -3.797 -4.200 -3.780 -4.073 -4.120 -4.141 -4.179 -4.197 -4.207 -4.214 -4.227 -4.225 -4.218 -4.222 -3.981
5.27e-05 -2.19174 10.07918 0.7984532118 2.4181823730    0.774  2.788  3.6728  1.182    3  0.000  0.532     0.00     0.00 -1 -2.23e-09      0.00 7.546e-01 2.453e-01 1.690e-05 4.721e-06 4.238e-05 -1.000 1.000e-04 -2.200 -2.612 -3.093 -3.484 -4.031 -4.250 -4.312 -4.332 -4.342 -3.916 -4.321 -3.899 -4.194 -4.240 -4.261 -4.301 -4.317 -4.327 -4.335 -4.347 -4.346 -4.336 -4.341 -4.101
5.27e-05 -2.19174 10.07918 0.7984660268 2.4181869030    0.773  2.825  3.6711  1.137    3  0.000  0.532     0.00     0.00 -1 -2.56e-09      0.00 7.546e-01 2.453e-01 1.690e-05 4.721e-06 4.238e-05 -1.000 9.994e-05 -2.294 -2.706 -3.192 -3.586 -4.137 -4.357 -4.419 -4.439 -4.448 -4.022 -4.428 -4.004 -4.302 -4.347 -4.368 -4.408 -4.424 -4.434 -4.442 -4.455 -4.452 -4.440 -4.447 -4.208
5.27e-05 -2.19174 10.07918 0.7984790802 2.4181914330    0.771  2.866  3.6689  1.087    3  0.000  0.532     0.00     0.00 -1 -2.98e-09      0.00 7.546e-01 2.453e-01 1.690e-05 4.721e-06 4.238e-05 -1.000 1.001e-04 -2.395 -2.808 -3.300 -3.698 -4.254 -4.475 -4.538 -4.557 -4.565 -4.138 -4.546 -4.120 -4.420 -4.466 -4.486 -4.527 -4.542 -4.552 -4.560 -4.573 -4.570 -4.555 -4.563 -4.326
5.27e-05 -2.19174 10.07918 0.7984898686 2.4181952477    0.769  2.902  3.6673  1.044    3  0.000  0.532     0.00     0.00 -1  -3.4e-09      0.00 7.546e-01 2.453e-01 1.690e-05 4.721e-06 4.238e-05 -1.000 1.000e-04 -2.484 -2.897 -3.395 -3.796 -4.356 -4.577 -4.640 -4.660 -4.666 -4.238 -4.649 -4.220 -4.522 -4.568 -4.588 -4.630 -4.644 -4.654 -4.662 -4.675 -4.672 -4.654 -4.664 -4.428
5.27e-05 -2.19174 10.07918 0.7985012531 2.4181993008    0.767  2.942  3.6652  0.994    3  0.000  0.532     0.00     0.00 -1 -3.95e-09      0.00 7.546e-01 2.453e-01 1.690e-05 4.721e-06 4.238e-05 -1.000 1.000e-04 -2.584 -2.996 -3.502 -3.906 -4.472 -4.694 -4.757 -4.776 -4.781 -4.353 -4.765 -4.335 -4.640 -4.685 -4.705 -4.747 -4.761 -4.771 -4.779 -4.792 -4.788 -4.767 -4.778 -4.545
5.27e-05 -2.19174 10.07918 0.7985127568 2.4182033539    0.764  2.985  3.6630  0.941    3  0.000  0.532     0.00     0.00 -1 -4.65e-09      0.00 7.546e-01 2.453e-01 1.690e-05 4.721e-06 4.238e-05 -1.000 1.001e-04 -2.692 -3.104 -3.618 -4.026 -4.597 -4.820 -4.883 -4.902 -4.906 -4.477 -4.891 -4.459 -4.766 -4.811 -4.830 -4.873 -4.887 -4.896 -4.905 -4.918 -4.913 -4.888 -4.901 -4.670
5.27e-05 -2.19174 10.07918 0.7985221744 2.4182066917    0.762  3.022  3.6611  0.894    3  0.000  0.532     0.00     0.00 -1 -5.36e-09      0.00 7.546e-01 2.453e-01 1.690e-05 4.721e-06 4.238e-05 -1.000 1.000e-04 -2.785 -3.197 -3.719 -4.131 -4.706 -4.929 -4.993 -5.012 -5.014 -4.585 -5.001 -4.567 -4.876 -4.920 -4.940 -4.984 -4.996 -5.006 -5.014 -5.028 -5.023 -4.994 -5.009 -4.780
5.27e-05 -2.19174 10.07918 0.7985301614 2.4182093143    0.760  3.056  3.6593  0.852    3  0.000  0.532     0.00     0.00 -1 -6.09e-09      0.00 7.546e-01 2.453e-01 1.690e-05 4.721e-06 4.238e-05 -1.000 9.999e-05 -2.869 -3.279 -3.810 -4.226 -4.805 -5.029 -5.093 -5.111 -5.113 -4.683 -5.101 -4.665 -4.976 -5.020 -5.040 -5.083 -5.096 -5.105 -5.114 -5.128 -5.122 -5.090 -5.106 -4.880
5.27e-05 -2.19174 10.07918 0.7985384464 2.4182124138    0.757  3.093  3.6575  0.806    3  0.000  0.532     0.00     0.00 -1    -7e-09      0.00 7.546e-01 2.453e-01 1.690e-05 4.721e-06 4.238e-05 -1.000 1.001e-04 -2.962 -3.368 -3.907 -4.327 -4.911 -5.136 -5.200 -5.219 -5.219 -4.788 -5.208 -4.770 -5.083 -5.127 -5.147 -5.189 -5.203 -5.213 -5.221 -5.236 -5.229 -5.193 -5.211 -4.986
5.27e-05 -2.19174 10.07918 0.7985469103 2.4182152748    0.753  3.132  3.6552  0.756    3  0.000  0.532     0.00     0.00 -1 -8.14e-09      0.00 7.546e-01 2.453e-01 1.690e-05 4.721e-06 4.238e-05 -1.000 1.000e-04 -3.061 -3.462 -4.010 -4.435 -5.024 -5.252 -5.316 -5.336 -5.335 -4.901 -5.325 -4.882 -5.198 -5.243 -5.263 -5.304 -5.320 -5.330 -5.339 -5.354 -5.346 -5.306 -5.325 -5.100
5.27e-05 -2.19174 10.07918 0.7985540628 2.4182178974    0.750  3.168  3.6533  0.711    3  0.000  0.532     0.00     0.00 -1 -9.33e-09      0.00 7.546e-01 2.453e-01 1.690e-05 4.721e-06 4.238e-05 -1.000 1.000e-04 -3.150 -3.546 -4.103 -4.532 -5.125 -5.355 -5.419 -5.441 -5.438 -5.002 -5.429 -4.982 -5.301 -5.346 -5.366 -5.406 -5.425 -5.434 -5.443 -5.458 -5.450 -5.407 -5.427 -5.202
5.27e-05 -2.19174 10.07918 0.7985612154 2.4182202816    0.746  3.205  3.6513  0.663    3  0.000  0.532     0.00     0.00 -1 -1.08e-08      0.00 7.546e-01 2.453e-01 1.690e-05 4.721e-06 4.238e-05 -1.000 1.000e-04 -3.242 -3.634 -4.199 -4.633 -5.231 -5.463 -5.527 -5.550 -5.546 -5.107 -5.537 -5.086 -5.408 -5.454 -5.475 -5.512 -5.533 -5.543 -5.552 -5.567 -5.558 -5.512 -5.533 -5.308
5.27e-05 -2.19174 10.07918 0.7985678911 2.4182226658    0.743  3.239  3.6494  0.620    3  0.000  0.532     0.00     0.00 -1 -1.23e-08      0.00 7.546e-01 2.453e-01 1.690e-05 4.721e-06 4.238e-05 -1.000 1.001e-04 -3.326 -3.713 -4.286 -4.724 -5.327 -5.561 -5.625 -5.648 -5.644 -5.203 -5.636 -5.180 -5.505 -5.552 -5.573 -5.609 -5.632 -5.642 -5.651 -5.667 -5.657 -5.608 -5.630 -5.404
5.27e-05 -2.19174 10.07918 0.7985697389 2.4182233810    0.741  3.247  3.6490  0.609    3  0.000  0.532     0.00     0.00 -1 -1.27e-08      0.00 7.546e-01 2.453e-01 1.690e-05 4.721e-06 4.238e-05 -1.000 1.000e-04 -3.348 -3.733 -4.309 -4.748 -5.352 -5.587 -5.651 -5.674 -5.670 -5.227 -5.661 -5.205 -5.530 -5.577 -5.598 -5.634 -5.658 -5.668 -5.677 -5.693 -5.683 -5.633 -5.655 -5.430
5.27e-05 -2.19174 10.07918 0.7985697389 2.4182233810    0.741  1.658  3.9482  3.395    4  0.000  0.533     0.00     0.00 -1    -1e-30      0.00 7.562e-01 2.437e-01 1.688e-05 4.684e-06 4.222e-05 -1.000 9.993e-05 0.626 0.661 0.620 0.605 0.589 0.576 0.571 0.571 0.566 0.591 0.571 0.593 0.580 0.575 0.576 0.575 0.569 0.572 0.571 0.567 0.566 0.565 0.566 0.586
5.27e-05 -2.19174 10.07918 0.7985704541 2.4182236195    0.741  1.664  3.9443  3.373    4  0.000  0.533     0.00     0.00 -1    -1e-30      0.00 7.562e-01 2.437e-01 1.688e-05 4.684e-06 4.222e-05 -1.000 9.994e-05 0.609 0.627 0.583 0.563 0.544 0.530 0.525 0.524 0.520 0.548 0.524 0.550 0.535 0.529 0.530 0.529 0.523 0.525 0.524 0.520 0.519 0.518 0.519 0.541
5.27e-05 -2.19174 10.07918 0.7986187339 2.4182405472    0.741  1.685  3.9336  3.309    4  0.000  0.533     0.00     0.00 -1    -1e-30      0.00 7.562e-01 2.437e-01 1.688e-05 4.684e-06 4.222e-05 -1.000 9.993e-05 0.558 0.531 0.475 0.446 0.418 0.400 0.393 0.391 0.386 0.424 0.392 0.424 0.405 0.399 0.400 0.397 0.390 0.392 0.391 0.387 0.386 0.384 0.385 0.413
5.27e-05 -2.19174 10.07918 0.7986656427 2.4182569981    0.741  1.685  3.9337  3.310    4  0.000  0.533     0.00     0.00 -1    -1e-30      0.00 7.562e-01 2.437e-01 1.688e-05 4.684e-06 4.222e-05 -1.000 9.999e-05 0.557 0.531 0.475 0.447 0.418 0.400 0.393 0.391 0.386 0.424 0.392 0.425 0.406 0.399 0.400 0.398 0.391 0.392 0.392 0.387 0.386 0.385 0.386 0.413
5.27e-05 -2.19174 10.07918 0.7987126708 2.4182734489    0.741  1.685  3.9339  3.311    4  0.000  0.533     0.00     0.00 -1    -1e-30      0.00 7.562e-01 2.437e-01 1.688e-05 4.684e-06 4.222e-05 -1.000 9.993e-05 0.557 0.532 0.476 0.448 0.419 0.401 0.395 0.393 0.388 0.426 0.394 0.426 0.407 0.401 0.401 0.399 0.392 0.394 0.393 0.389 0.387 0.386 0.387 0.415
5.27e-05 -2.19174 10.07918 0.7987601757 2.4182901382    0.741  1.685  3.9339  3.311    4  0.000  0.533     0.00     0.00 -1    -1e-30      0.00 7.562e-01 2.437e-01 1.688e-05 4.684e-06 4.222e-05 -1.000 9.993e-05 0.557 0.532 0.476 0.448 0.420 0.401 0.395 0.393 0.388 0.426 0.394 0.426 0.407 0.401 0.402 0.399 0.392 0.394 0.393 0.389 0.388 0.387 0.387 0.415
5.27e-05 -2.19174 10.07918 0.7988089919 2.4183073044    0.741  1.685  3.9337  3.309    4  0.000  0.533     0.00     0.00 -1    -1e-30      0.00 7.562e-01 2.437e-01 1.688e-05 4.684e-06 4.222e-05 -1.000 9.993e-05 0.557 0.530 0.475 0.446 0.417 0.399 0.392 0.390 0.385 0.423 0.391 0.424 0.405 0.398 0.399 0.397 0.390 0.391 0.391 0.386 0.385 0.384 0.385 0.412
5.27e-05 -2.19174 10.07918 0.7988574505 2.4183242321    0.741  1.686  3.9331  3.307    4  0.000  0.533     0.00     0.00 -1    -1e-30      0.00 7.562e-01 2.437e-01 1.688e-05 4.684e-06 4.222e-05 -1.000 9.993e-05 0.556 0.527 0.471 0.441 0.412 0.394 0.387 0.385 0.380 0.419 0.386 0.419 0.400 0.393 0.394 0.392 0.385 0.386 0.385 0.381 0.380 0.379 0.379 0.407
5.27e-05 -2.19174 10.07918 0.7989027500 2.4183402061    0.741  1.686  3.9323  3.303    4  0.000  0.533     0.00     0.00 -1    -1e-30      0.00 7.562e-01 2.437e-01 1.688e-05 4.684e-06 4.222e-05 -1.000 9.999e-05 0.555 0.522 0.465 0.435 0.405 0.386 0.379 0.378 0.372 0.412 0.379 0.412 0.392 0.386 0.386 0.384 0.377 0.379 0.378 0.373 0.372 0.371 0.372 0.400
5.27e-05 -2.19174 10.07918 0.7989516258 2.4183573723    0.741  1.687  3.9311  3.298    4  0.000  0.533     0.00     0.00 -1    -1e-30      0.00 7.562e-01 2.437e-01 1.688e-05 4.684e-06 4.222e-05 -1.000 9.991e-05 0.553 0.516 0.458 0.426 0.395 0.376 0.369 0.367 0.362 0.402 0.368 0.402 0.382 0.376 0.376 0.374 0.367 0.368 0.367 0.363 0.362 0.360 0.361 0.390
5.27e-05 -2.19174 10.07918 0.7989966869 2.4183731079    0.742  1.688  3.9297  3.291    4  0.000  0.533     0.00     0.00 -1    -1e-30      0.00 7.562e-01 2.437e-01 1.688e-05 4.684e-06 4.222e-05 -1.000 9.993e-05 0.550 0.508 0.448 0.415 0.382 0.363 0.355 0.353 0.348 0.390 0.355 0.390 0.369 0.362 0.363 0.360 0.353 0.354 0.354 0.349 0.348 0.347 0.347 0.377
5.27e-05 -2.19174 10.07918 0.7990423441 2.4183890820    0.742  1.689  3.9278  3.282    4  0.000  0.533     0.00     0.00 -1    -1e-30      0.00 7.562e-01 2.437e-01 1.688e-05 4.684e-06 4.222e-05 -1.000 9.994e-05 0.547 0.497 0.436 0.401 0.366 0.346 0.338 0.336 0.331 0.374 0.337 0.374 0.352 0.345 0.346 0.343 0.336 0.337 0.336 0.332 0.330 0.329 0.330 0.361
5.27e-05 -2.19174 10.07918 0.7990902662 2.4184060097    0.742  1.691  3.9254  3.271    4  0.000  0.533     0.00     0.00 -1    -1e-30      0.00 7.562e-01 2.437e-01 1.688e-05 4.684e-06 4.222e-05 -1.000 9.993e-05 0.543 0.484 0.420 0.383 0.345 0.324 0.316 0.314 0.308 0.354 0.315 0.353 0.331 0.324 0.324 0.321 0.314 0.315 0.314 0.309 0.308 0.307 0.308 0.339
5.27e-05 -2.19174 10.07918 0.7991400957 2.4184234142    0.742  1.693  3.9225  3.257    4  0.000  0.533     0.00     0.00 -1    -1e-30      0.00 7.562e-01 2.437e-01 1.688e-05 4.684e-06 4.222e-05 -1.000 9.993e-05 0.538 0.468 0.401 0.360 0.319 0.297 0.289 0.286 0.281 0.329 0.287 0.328 0.304 0.297 0.296 0.293 0.286 0.287 0.286 0.282 0.280 0.279 0.280 0.313
5.27e-05 -2.19174 10.07918 0.7991865873 2.4184398651    0.742  1.695  3.9192  3.242    4  0.000  0.533     0.00     0.00 -1    -1e-30      0.00 7.562e-01 2.437e-01 1.688e-05 4.684e-06 4.222e-05 -1.000 9.993e-05 0.532 0.450 0.379 0.336 0.290 0.267 0.258 0.256 0.250 0.302 0.257 0.300 0.275 0.267 0.266 0.263 0.256 0.257 0.256 0.251 0.250 0.248 0.249 0.284
5.27e-05 -2.19174 10.07918 0.7992334962 2.4184560776    0.742  1.698  3.9154  3.224    4  0.000  0.533     0.00     0.00 -1    -1e-30      0.00 7.562e-01 2.437e-01 1.688e-05 4.684e-06 4.222e-05 -1.000 9.993e-05 0.526 0.430 0.355 0.307 0.257 0.232 0.223 0.220 0.215 0.270 0.222 0.267 0.240 0.232 0.232 0.228 0.220 0.222 0.220 0.216 0.214 0.213 0.213 0.250
5.27e-05 -2.19174 10.07918 0.7992828488 2.4184734821    0.742  1.701  3.9109  3.203    4  0.000  0.533     0.00     0.00 -1    -1e-30      0.00 7.562e-01 2.437e-01 1.688e-05 4.684e-06 4.222e-05 -1.000 9.993e-05 0.518 0.406 0.326 0.273 0.217 0.191 0.181 0.178 0.172 0.232 0.180 0.228 0.199 0.191 0.190 0.186 0.178 0.179 0.178 0.173 0.172 0.170 0.171 0.210
5.27e-05 -2.19174 10.07918 0.7993294001 2.4184896946    0.742  1.704  3.9062  3.181    4  0.000  0.533     0.00     0.00 -1    -1e-30      0.00 7.562e-01 2.437e-01 1.688e-05 4.684e-06 4.222e-05 -1.000 9.993e-05 0.509 0.382 0.297 0.238 0.175 0.147 0.137 0.134 0.127 0.192 0.135 0.187 0.156 0.147 0.146 0.142 0.134 0.135 0.134 0.128 0.127 0.125 0.126 0.167
5.27e-05 -2.19174 10.07918 0.7993761301 2.4185061455    0.742  1.708  3.9008  3.155    4  0.000  0.533     0.00     0.00 -1    -1e-30      0.00 7.562e-01 2.437e-01 1.688e-05 4.684e-06 4.222e-05 -1.000 9.993e-05 0.500 0.355 0.263 0.199 0.127 0.097 0.086 0.083 0.077 0.147 0.085 0.141 0.106 0.097 0.096 0.092 0.084 0.084 0.083 0.078 0.076 0.075 0.076 0.118
5.27e-05 -2.19174 10.07918 0.7994242907 2.4185230732    0.742  1.712  3.8948  3.127    4  0.000  0.533     0.00     0.00 -1    -1e-30      0.00 7.562e-01 2.437e-01 1.688e-05 4.684e-06 4.222e-05 -1.000 9.997e-05 0.489 0.325 0.227 0.155 0.074 0.041 0.030 0.027 0.021 0.097 0.029 0.089 0.051 0.042 0.040 0.036 0.028 0.028 0.027 0.022 0.020 0.018 0.019 0.064
5.27e-05 -2.19174 10.07918 0.7994737029 2.4185402393    0.742  1.717  3.8879  3.095    4  0.000  0.533     0.00     0.00 -1    -1e-30      0.00 7.562e-01 2.437e-01 1.688e-05 4.684e-06 4.222e-05 -1.000 9.993e-05 0.478 0.293 0.187 0.106 0.013 -0.022 -0.034 -0.037 -0.044 0.040 -0.035 0.030 -0.012 -0.022 -0.023 -0.028 -0.036 -0.036 -0.037 -0.043 -0.044 -0.046 -0.045 0.002
5.27e-05 -2.19174 10.07918 0.7995197177 2.4185564518    0.742  1.722  3.8810  3.063    4  0.000  0.533     0.00     0.00 -1    -1e-30      0.00 7.562e-01 2.437e-01 1.688e-05 4.684e-06 4.222e-05 -1.000 9.993e-05 0.466 0.262 0.147 0.058 -0.048 -0.086 -0.098 -0.101 -0.108 -0.017 -0.100 -0.029 -0.076 -0.086 -0.088 -0.093 -0.100 -0.100 -0.102 -0.107 -0.108 -0.110 -0.109 -0.060
5.27e-05 -2.19174 10.07918 0.7995240688 2.4185578823    0.742  1.722  3.8803  3.059    4  0.000  0.533     0.00     0.00 -1    -1e-30      0.00 7.562e-01 2.437e-01 1.688e-05 4.684e-06 4.222e-05 -1.000 9.993e-05 0.464 0.259 0.144 0.054 -0.054 -0.093 -0.104 -0.108 -0.114 -0.022 -0.106 -0.034 -0.082 -0.092 -0.094 -0.099 -0.106 -0.106 -0.108 -0.113 -0.114 -0.117 -0.115 -0.066
5.27e-05 -2.19174 10.07918 0.7995317578 2.4185607433    0.742  1.723  3.8792  3.054    4  0.000  0.533     0.00     0.00 -1    -1e-30      0.00 7.562e-01 2.437e-01 1.688e-05 4.684e-06 4.222e-05 -1.000 9.993e-05 0.462 0.254 0.138 0.046 -0.064 -0.103 -0.114 -0.118 -0.124 -0.031 -0.116 -0.044 -0.092 -0.102 -0.104 -0.109 -0.117 -0.116 -0.118 -0.123 -0.124 -0.127 -0.126 -0.076
5.27e-05 -2.19174 10.07918 0.7995770574 2.4185764790    0.742  1.728  3.8726  3.023    4  0.000  0.533     0.00     0.00 -1    -1e-30      0.00 7.562e-01 2.437e-01 1.688e-05 4.684e-06 4.222e-05 -1.000 9.993e-05 0.451 0.226 0.101 0.001 -0.122 -0.164 -0.176 -0.180 -0.186 -0.086 -0.178 -0.100 -0.154 -0.164 -0.166 -0.171 -0.178 -0.178 -0.180 -0.185 -0.186 -0.189 -0.187 -0.136
5.27e-05 -2.19174 10.07918 0.7996212244 2.4185919762    0.742  1.733  3.8655  2.990    4  0.000  0.533     0.00     0.00 -1    -1e-30      0.00 7.562e-01 2.437e-01 1.688e-05 4.684e-06 4.222e-05 -1.000 9.994e-05 0.438 0.198 0.063 -0.046 -0.184 -0.230 -0.242 -0.245 -0.252 -0.143 -0.243 -0.159 -0.219 -0.229 -0.231 -0.237 -0.244 -0.244 -0.246 -0.251 -0.252 -0.255 -0.254 -0.199
5.27e-05 -2.19174 10.07918 0.7996684313 2.4186084270    0.742  1.738  3.8575  2.952    4  0.000  0.533     0.00     0.00 -1    -1e-30      0.00 7.562e-01 2.437e-01 1.688e-05 4.684e-06 4.222e-05 -1.000 9.993e-05 0.424 0.167 0.022 -0.099 -0.254 -0.304 -0.316 -0.320 -0.327 -0.208 -0.318 -0.225 -0.292 -0.303 -0.305 -0.311 -0.318 -0.318 -0.320 -0.325 -0.326 -0.330 -0.328 -0.270
5.27e-05 -2.19174 10.07918 0.7997133732 2.4186241627    0.742  1.744  3.8492  2.913    4  0.000  0.533     0.00     0.00 -1    -1e-30      0.00 7.562e-01 2.437e-01 1.688e-05 4.684e-06 4.222e-05 -1.000 1.000e-04 0.410 0.138 -0.020 -0.152 -0.325 -0.380 -0.393 -0.397 -0.403 -0.274 -0.395 -0.293 -0.368 -0.379 -0.381 -0.388 -0.395 -0.395 -0.397 -0.402 -0.403 -0.407 -0.405 -0.344
5.27e-05 -2.19174 10.07918 0.7997564077 2.4186394215    0.742  1.750  3.8408  2.874    4  0.000  0.533     0.00     0.00 -1    -1e-30      0.00 7.562e-01 2.437e-01 1.688e-05 4.684e-06 4.222e-05 -1.000 9.993e-05 0.395 0.109 -0.061 -0.204 -0.396 -0.456 -0.470 -0.474 -0.481 -0.340 -0.472 -0.360 -0.444 -0.455 -0.458 -0.465 -0.471 -0.472 -0.474 -0.479 -0.480 -0.485 -0.482 -0.417
5.27e-05 -2.19174 10.07918 0.7998008728 2.4186549187    0.742  1.756  3.8323  2.834    4  0.000  0.533     0.00     0.00 -1    -1e-30      0.00 7.562e-01 2.437e-01 1.688e-05 4.684e-06 4.222e-05 -1.000 9.993e-05 0.380 0.080 -0.103 -0.258 -0.469 -0.534 -0.549 -0.553 -0.560 -0.407 -0.551 -0.429 -0.522 -0.534 -0.536 -0.544 -0.550 -0.551 -0.553 -0.559 -0.559 -0.564 -0.561 -0.492
5.27e-05 -2.19174 10.07918 0.7998445034 2.4186701775    0.742  1.762  3.8239  2.794    4  0.000  0.533     0.00     0.00 -1    -1e-30      0.00 7.562e-01 2.437e-01 1.688e-05 4.684e-06 4.222e-05 -1.000 9.993e-05 0.364 0.052 -0.144 -0.311 -0.541 -0.612 -0.628 -0.632 -0.638 -0.474 -0.629 -0.497 -0.599 -0.611 -0.614 -0.623 -0.629 -0.630 -0.632 -0.637 -0.638 -0.643 -0.640 -0.567
5.27e-05 -2.19174 10.07918 0.7998885512 2.4186856747    0.743  1.769  3.8158  2.755    4  0.000  0.533     0.00     0.00 -1    -1e-30      0.00 7.562e-01 2.437e-01 1.688e-05 4.684e-06 4.222e-05 -1.000 9.993e-05 0.348 0.025 -0.184 -0.362 -0.611 -0.688 -0.704 -0.708 -0.715 -0.539 -0.706 -0.562 -0.674 -0.687 -0.690 -0.699 -0.705 -0.706 -0.709 -0.714 -0.715 -0.720 -0.716 -0.639
5.27e-05 -2.19174 10.07918 0.7999327183 2.4187009335    0.743  1.775  3.8083  2.719    4  0.000  0.533     0.00     0.00 -1    -1e-30      0.00 7.562e-01 2.437e-01 1.688e-05 4.684e-06 4.222e-05 -1.000 9.993e-05 0.331 -0.002 -0.222 -0.411 -0.676 -0.759 -0.776 -0.781 -0.788 -0.601 -0.778 -0.624 -0.744 -0.758 -0.762 -0.771 -0.777 -0.779 -0.782 -0.787 -0.788 -0.793 -0.789 -0.706
5.27e-05 -2.19174 10.07918 0.7999771237 2.4187166691    0.743  1.784  3.7999  2.677    4  0.000  0.533     0.00     0.00 -1    -1e-30      0.00 7.562e-01 2.437e-01 1.688e-05 4.684e-06 4.222e-05 -1.000 9.991e-05 0.311 -0.033 -0.267 -0.467 -0.752 -0.842 -0.861 -0.866 -0.873 -0.673 -0.863 -0.695 -0.826 -0.841 -0.845 -0.855 -0.862 -0.864 -0.867 -0.872 -0.873 -0.878 -0.874 -0.784
5.27e-05 -2.19174 10.07918 0.7999859452 2.4187195301    0.743  1.786  3.7981  2.668    4  0.000  0.533     0.00     0.00 -1    -1e-30      0.00 7.562e-01 2.437e-01 1.688e-05 4.684e-06 4.222e-05 -1.000 9.999e-05 0.306 -0.039 -0.276 -0.479 -0.767 -0.860 -0.878 -0.883 -0.890 -0.687 -0.880 -0.710 -0.843 -0.858 -0.862 -0.872 -0.879 -0.881 -0.884 -0.889 -0.890 -0.895 -0.891 -0.800
5.27e-05 -2.19174 10.07918 0.8000315428 2.4187355042    0.743  1.796  3.7900  2.625    4  0.000  0.533     0.00     0.00 -1    -1e-30      0.00 7.562e-01 2.437e-01 1.688e-05 4.684e-06 4.222e-05 -1.000 9.993e-05 0.281 -0.073 -0.324 -0.538 -0.844 -0.944 -0.964 -0.970 -0.977 -0.761 -0.967 -0.782 -0.925 -0.942 -0.947 -0.958 -0.965 -0.968 -0.971 -0.976 -0.977 -0.982 -0.978 -0.880
5.27e-05 -2.19174 10.07918 0.8000764251 2.4187512398    0.743  1.810  3.7799  2.570    4  0.000  0.533     0.00     0.00 -1    -1e-30      0.00 7.562e-01 2.437e-01 1.688e-05 4.684e-06 4.222e-05 -1.000 9.993e-05 0.244 -0.119 -0.387 -0.616 -0.945 -1.054 -1.076 -1.082 -1.090 -0.857 -1.079 -0.877 -1.032 -1.052 -1.057 -1.070 -1.077 -1.080 -1.083 -1.089 -1.090 -1.095 -1.091 -0.983
5.27e-05 -2.19174 10.07918 0.8001142144 2.4187645912    0.743  1.836  3.7669  2.492    4  0.000  0.533     0.00     0.00 -1    -1e-30      0.00 7.562e-01 2.437e-01 1.688e-05 4.684e-06 4.222e-05 -1.000 9.999e-05 0.179 -0.194 -0.485 -0.732 -1.091 -1.213 -1.237 -1.244 -1.252 -0.998 -1.240 -1.015 -1.188 -1.210 -1.217 -1.231 -1.239 -1.242 -1.245 -1.250 -1.251 -1.257 -1.253 -1.133
5.27e-05 -2.19174 10.07918 0.8001347184 2.4187717438    0.743  1.867  3.7553  2.415    4  0.000  0.533     0.00     0.00 -1    -1e-30      0.00 7.562e-01 2.437e-01 1.688e-05 4.684e-06 4.222e-05 -1.000 9.993e-05 0.101 -0.280 -0.592 -0.857 -1.238 -1.373 -1.402 -1.410 -1.418 -1.142 -1.405 -1.156 -1.345 -1.369 -1.378 -1.395 -1.404 -1.407 -1.411 -1.417 -1.418 -1.423 -1.419 -1.284
5.27e-05 -2.19174 10.07918 0.8001438975 2.4187748432    0.743  1.899  3.7461  2.346    4  0.000  0.533     0.00     0.00 -1    -1e-30      0.00 7.562e-01 2.437e-01 1.688e-05 4.684e-06 4.222e-05 -1.000 9.991e-05 0.023 -0.365 -0.693 -0.971 -1.370 -1.515 -1.548 -1.557 -1.566 -1.272 -1.552 -1.283 -1.483 -1.511 -1.521 -1.540 -1.550 -1.554 -1.558 -1.565 -1.566 -1.571 -1.567 -1.419
5.27e-05 -2.19174 10.07918 0.8001480699 2.4187762737    0.743  1.932  3.7383  2.282    4  0.000  0.533     0.00     0.00 -1    -1e-30      0.00 7.562e-01 2.437e-01 1.688e-05 4.684e-06 4.222e-05 -1.000 9.993e-05 -0.060 -0.452 -0.795 -1.083 -1.498 -1.651 -1.688 -1.698 -1.707 -1.398 -1.692 -1.406 -1.616 -1.646 -1.658 -1.679 -1.691 -1.695 -1.699 -1.706 -1.707 -1.713 -1.709 -1.549
5.27e-05 -2.19174 10.07918 0.8001500368 2.4187769890    0.743  1.964  3.7325  2.227    4  0.000  0.533     0.00     0.00 -1    -1e-30      0.00 7.562e-01 2.437e-01 1.688e-05 4.684e-06 4.222e-05 -1.000 9.994e-05 -0.139 -0.535 -0.888 -1.185 -1.611 -1.771 -1.810 -1.821 -1.832 -1.510 -1.815 -1.516 -1.733 -1.765 -1.779 -1.801 -1.814 -1.818 -1.823 -1.830 -1.831 -1.837 -1.833 -1.664
5.27e-05 -2.19174 10.07918 0.8001508117 2.4187772274    0.743  1.984  3.7294  2.195    7  0.000  0.533     0.00     0.00 -1    -1e-30      0.00 7.562e-01 2.437e-01 1.688e-05 4.684e-06 4.222e-05 -1.000 9.991e-05 -0.189 -0.586 -0.946 -1.247 -1.679 -1.842 -1.883 -1.894 -1.905 -1.577 -1.888 -1.582 -1.803 -1.836 -1.850 -1.873 -1.886 -1.891 -1.896 -1.903 -1.905 -1.911 -1.907 -1.733
5.27e-05 -2.19174 10.07918 0.8001510501 2.4187774658    0.743  1.993  3.7283  2.181    7  0.000  0.533     0.00     0.00 -1    -1e-30      0.00 7.562e-01 2.437e-01 1.688e-05 4.684e-06 4.222e-05 -1.000 9.993e-05 -0.212 -0.610 -0.971 -1.275 -1.709 -1.873 -1.914 -1.926 -1.937 -1.607 -1.919 -1.611 -1.834 -1.867 -1.881 -1.904 -1.918 -1.923 -1.928 -1.935 -1.937 -1.942 -1.938 -1.763
5.27e-05 -2.19174 10.07918 0.8001519442 2.4187777042    0.743  2.033  3.7241  2.124    7  0.000  0.533     0.00     0.00 -1    -1e-30      0.00 7.562e-01 2.437e-01 1.688e-05 4.684e-06 4.222e-05 -1.000 9.993e-05 -0.312 -0.712 -1.081 -1.391 -1.833 -2.002 -2.045 -2.057 -2.068 -1.730 -2.050 -1.732 -1.961 -1.995 -2.010 -2.035 -2.049 -2.054 -2.059 -2.067 -2.068 -2.074 -2.070 -1.888
5.27e-05 -2.19174 10.07918 0.8001527786 2.4187779427    0.743  2.072  3.7205  2.070    7  0.000  0.533     0.00     0.00 -1    -1e-30      0.00 7.562e-01 2.437e-01 1.688e-05 4.684e-06 4.222e-05 -1.000 9.993e-05 -0.411 -0.812 -1.188 -1.503 -1.953 -2.126 -2.170 -2.183 -2.194 -1.849 -2.176 -1.850 -2.084 -2.119 -2.134 -2.160 -2.174 -2.180 -2.185 -2.193 -2.194 -2.200 -2.196 -2.009
5.27e-05 -2.19174 10.07918 0.8001536131 2.4187781811    0.743  2.112  3.7172  2.018    7  0.000  0.533     0.00     0.00 -1    -1e-30      0.00 7.562e-01 2.437e-01 1.688e-05 4.684e-06 4.222e-05 -1.000 9.993e-05 -0.510 -0.912 -1.294 -1.615 -2.071 -2.247 -2.293 -2.307 -2.318 -1.966 -2.299 -1.966 -2.204 -2.240 -2.256 -2.282 -2.297 -2.303 -2.308 -2.317 -2.318 -2.323 -2.320 -2.128
5.27e-05 -2.19174 10.07918 0.8001544476 2.4187786579    0.743  2.149  3.7145  1.970    7  0.000  0.533     0.00     0.00 -1    -1e-30      0.00 7.562e-01 2.437e-01 1.688e-05 4.684e-06 4.222e-05 -1.000 9.993e-05 -0.603 -1.006 -1.394 -1.718 -2.179 -2.359 -2.406 -2.421 -2.432 -2.075 -2.412 -2.073 -2.314 -2.352 -2.368 -2.395 -2.411 -2.417 -2.422 -2.431 -2.432 -2.437 -2.434 -2.238
5.27e-05 -2.19174 10.07918 0.8001558185 2.4187791348    0.743  2.173  3.7130  1.940    7  0.000  0.533     0.00     0.00 -1    -1e-30      0.00 7.562e-01 2.437e-01 1.688e-05 4.684e-06 4.222e-05 -1.000 9.993e-05 -0.662 -1.065 -1.456 -1.783 -2.247 -2.428 -2.475 -2.490 -2.502 -2.142 -2.482 -2.139 -2.383 -2.420 -2.437 -2.464 -2.480 -2.487 -2.492 -2.501 -2.502 -2.507 -2.504 -2.305
5.27e-05 -2.19174 10.07918 0.8001582623 2.4187798500    0.743  2.153  3.7146  1.966    7  0.000  0.533     0.00     0.00 -1    -1e-30      0.00 7.562e-01 2.437e-01 1.688e-05 4.684e-06 4.222e-05 -1.000 1.000e-04 -0.613 -1.016 -1.404 -1.728 -2.189 -2.369 -2.415 -2.430 -2.441 -2.085 -2.422 -2.083 -2.324 -2.361 -2.378 -2.404 -2.420 -2.427 -2.432 -2.440 -2.442 -2.447 -2.443 -2.247
5.27e-05 -2.19174 10.07918 0.8001741767 2.4187853336    0.743  2.143  3.7149  1.977    7  0.000  0.533     0.00     0.00 -1    -1e-30      0.00 7.562e-01 2.437e-01 1.688e-05 4.684e-06 4.222e-05 -1.000 9.993e-05 -0.588 -0.990 -1.377 -1.701 -2.162 -2.341 -2.387 -2.402 -2.413 -2.057 -2.394 -2.055 -2.296 -2.334 -2.350 -2.377 -2.392 -2.399 -2.404 -2.412 -2.414 -2.419 -2.415 -2.220
5.27e-05 -2.19174 10.07918 0.8001890779 2.4187905788    0.743  2.174  3.7124  1.936    7  0.000  0.533     0.00     0.00 -1    -1e-30      0.00 7.562e-01 2.437e-01 1.688e-05 4.684e-06 4.222e-05 -1.000 9.993e-05 -0.666 -1.070 -1.462 -1.790 -2.254 -2.437 -2.484 -2.500 -2.511 -2.150 -2.491 -2.147 -2.391 -2.429 -2.446 -2.473 -2.489 -2.496 -2.501 -2.510 -2.511 -2.516 -2.513 -2.313
5.27e-05 -2.19174 10.07918 0.8002071977 2.4187970161    0.743  2.222  3.7091  1.876    7  0.000  0.533     0.00     0.00 -1    -1e-30      0.00 7.562e-01 2.437e-01 1.688e-05 4.684e-06 4.222e-05 -1.000 9.993e-05 -0.784 -1.189 -1.588 -1.920 -2.391 -2.577 -2.626 -2.642 -2.654 -2.286 -2.633 -2.282 -2.530 -2.569 -2.587 -2.615 -2.632 -2.639 -2.644 -2.653 -2.654 -2.659 -2.656 -2.451
5.27e-05 -2.19174 10.07918 0.8002244830 2.4188029766    0.743  2.263  3.7064  1.823    7  0.000  0.533     0.00     0.00 -1    -1e-30      0.00 7.562e-01 2.437e-01 1.688e-05 4.684e-06 4.222e-05 -1.000 9.993e-05 -0.888 -1.294 -1.698 -2.035 -2.511 -2.700 -2.750 -2.767 -2.779 -2.405 -2.758 -2.400 -2.652 -2.692 -2.710 -2.739 -2.756 -2.763 -2.769 -2.778 -2.779 -2.783 -2.781 -2.572
5.27e-05 -2.19174 10.07918 0.8002404571 2.4188086987    0.743  2.305  3.7039  1.772    7  0.000  0.533     0.00     0.00 -1    -1e-30      0.00 7.562e-01 2.437e-01 1.688e-05 4.684e-06 4.222e-05 -1.000 9.993e-05 -0.991 -1.398 -1.807 -2.148 -2.628 -2.820 -2.872 -2.889 -2.901 -2.522 -2.879 -2.516 -2.771 -2.812 -2.830 -2.860 -2.877 -2.885 -2.891 -2.900 -2.901 -2.905 -2.903 -2.690
5.27e-05 -2.19174 10.07918 0.8002547622 2.4188137054    0.743  2.346  3.7015  1.721    7  0.000  0.533     0.00     0.00 -1    -1e-30      0.00 7.562e-01 2.437e-01 1.688e-05 4.685e-06 4.222e-05 -1.000 9.993e-05 -1.094 -1.501 -1.915 -2.260 -2.746 -2.940 -2.992 -3.010 -3.022 -2.639 -3.000 -2.632 -2.890 -2.931 -2.950 -2.980 -2.998 -3.006 -3.012 -3.022 -3.023 -3.026 -3.024 -2.808
5.27e-05 -2.19174 10.07918 0.8002675176 2.4188179970    0.743  2.387  3.6992  1.670    7  0.000  0.533     0.00     0.00 -1    -1e-30      0.00 7.562e-01 2.437e-01 1.687e-05 4.687e-06 4.222e-05 -1.000 9.984e-05 -1.198 -1.605 -2.024 -2.372 -2.863 -3.060 -3.113 -3.131 -3.143 -2.756 -3.121 -2.747 -3.009 -3.051 -3.071 -3.101 -3.119 -3.127 -3.134 -3.143 -3.144 -3.147 -3.145 -2.926
5.27e-05 -2.19174 10.07918 0.8002786636 2.4188220501    0.743  2.428  3.6969  1.620    7  0.000  0.531     0.00     0.00 -1    -1e-30      0.00 7.562e-01 2.437e-01 1.681e-05 4.709e-06 4.222e-05 -1.000 9.558e-05 -1.301 -1.708 -2.132 -2.484 -2.979 -3.179 -3.233 -3.251 -3.263 -2.872 -3.241 -2.862 -3.127 -3.170 -3.189 -3.220 -3.239 -3.247 -3.254 -3.263 -3.264 -3.266 -3.265 -3.042
5.27e-05 -2.19174 10.07918 0.8002885580 2.4188253880    0.743  2.469  3.6946  1.570    7  0.000  0.524     0.00     0.00 -1    -1e-30      0.00 7.561e-01 2.438e-01 1.661e-05 4.858e-06 4.222e-05 -1.000 9.343e-05 -1.403 -1.810 -2.238 -2.594 -3.094 -3.296 -3.351 -3.370 -3.382 -2.986 -3.360 -2.976 -3.244 -3.287 -3.307 -3.338 -3.358 -3.366 -3.373 -3.383 -3.383 -3.385 -3.383 -3.158
5.27e-05 -2.19174 10.07918 0.8002974987 2.4188284874    0.743  2.510  3.6924  1.520    7  0.000  0.510     0.00     0.00 -1    -1e-30      0.00 7.560e-01 2.439e-01 1.616e-05 5.336e-06 4.223e-05 -1.000 9.887e-05 -1.506 -1.912 -2.345 -2.705 -3.209 -3.415 -3.470 -3.489 -3.501 -3.102 -3.478 -3.090 -3.361 -3.405 -3.426 -3.457 -3.477 -3.485 -3.492 -3.502 -3.502 -3.503 -3.502 -3.274
5.27e-05 -2.19174 10.07918 0.8003055453 2.4188313484    0.743  2.551  3.6902  1.471    7  0.000  0.493     0.00     0.00 -1    -1e-30      0.00 7.559e-01 2.440e-01 1.562e-05 5.990e-06 4.224e-05 -1.000 9.999e-05 -1.607 -2.014 -2.452 -2.815 -3.324 -3.531 -3.588 -3.608 -3.619 -3.216 -3.596 -3.202 -3.477 -3.522 -3.543 -3.574 -3.594 -3.603 -3.610 -3.620 -3.620 -3.621 -3.620 -3.390
5.27e-05 -2.19174 10.07918 0.8003130555 2.4188339710    0.743  2.591  3.6880  1.421    7  0.000  0.477     0.00     0.00 -1    -1e-30      0.00 7.557e-01 2.442e-01 1.512e-05 6.603e-06 4.225e-05 -1.000 9.996e-05 -1.709 -2.114 -2.557 -2.924 -3.438 -3.648 -3.705 -3.726 -3.737 -3.329 -3.714 -3.315 -3.592 -3.638 -3.659 -3.691 -3.712 -3.721 -3.728 -3.738 -3.739 -3.738 -3.738 -3.504
5.27e-05 -2.19174 10.07918 0.8003200293 2.4188363552    0.743  2.632  3.6858  1.372    7  0.000  0.463     0.00     0.00 -1    -1e-30      0.00 7.555e-01 2.444e-01 1.469e-05 7.140e-06 4.227e-05 -1.000 9.999e-05 -1.810 -2.215 -2.663 -3.034 -3.551 -3.764 -3.823 -3.844 -3.855 -3.443 -3.832 -3.428 -3.708 -3.755 -3.776 -3.809 -3.830 -3.839 -3.846 -3.857 -3.857 -3.856 -3.856 -3.619
5.27e-05 -2.19174 10.07918 0.8003265858 2.4188387394    0.743  2.672  3.6836  1.323    7  0.000  0.452     0.00     0.00 -1    -1e-30      0.00 7.553e-01 2.446e-01 1.432e-05 7.596e-06 4.228e-05 -1.000 1.000e-04 -1.911 -2.318 -2.771 -3.145 -3.667 -3.882 -3.940 -3.961 -3.973 -3.558 -3.950 -3.542 -3.825 -3.872 -3.893 -3.927 -3.947 -3.957 -3.964 -3.975 -3.975 -3.974 -3.974 -3.735
5.27e-05 -2.19174 10.07918 0.8003328443 2.4188408852    0.743  2.713  3.6814  1.274    7  0.000  0.442     0.00     0.00 -1    -1e-30      0.00 7.550e-01 2.449e-01 1.400e-05 7.990e-06 4.227e-05 -1.000 9.996e-05 -2.012 -2.421 -2.879 -3.256 -3.784 -3.999 -4.058 -4.079 -4.091 -3.673 -4.067 -3.657 -3.943 -3.989 -4.010 -4.045 -4.065 -4.074 -4.082 -4.093 -4.093 -4.091 -4.092 -3.852
5.27e-05 -2.19174 10.07918 0.8003389239 2.4188430309    0.743  2.753  3.6792  1.224    7  0.000  0.433     0.00     0.00 -1    -1e-30      0.00 7.548e-01 2.451e-01 1.372e-05 8.333e-06 4.227e-05 -1.000 1.000e-04 -2.113 -2.524 -2.987 -3.368 -3.901 -4.117 -4.176 -4.197 -4.209 -3.789 -4.186 -3.773 -4.061 -4.107 -4.128 -4.164 -4.183 -4.193 -4.200 -4.212 -4.211 -4.208 -4.210 -3.970
5.27e-05 -2.19174 10.07918 0.8003445864 2.4188449383    0.743  2.794  3.6770  1.174    7  0.000  0.425     0.00     0.00 -1    -1e-30      0.00 7.545e-01 2.454e-01 1.348e-05 8.638e-06 4.224e-05 -1.000 1.000e-04 -2.216 -2.627 -3.097 -3.482 -4.019 -4.236 -4.296 -4.317 -4.328 -3.907 -4.306 -3.890 -4.181 -4.227 -4.247 -4.284 -4.303 -4.312 -4.320 -4.332 -4.331 -4.326 -4.329 -4.089
5.27e-05 -2.19174 10.07918 0.8003495336 2.4188468456    0.743  2.836  3.6747  1.124    7  0.000  0.419     0.00     0.00 -1    -1e-30      0.00 7.542e-01 2.457e-01 1.326e-05 8.909e-06 4.219e-05 -1.000 9.996e-05 -2.320 -2.732 -3.209 -3.597 -4.140 -4.358 -4.419 -4.439 -4.449 -4.026 -4.428 -4.009 -4.302 -4.348 -4.369 -4.407 -4.424 -4.434 -4.442 -4.454 -4.453 -4.446 -4.450 -4.210
5.27e-05 -2.19174 10.07918 0.8003537059 2.4188482761    0.743  2.877  3.6724  1.073    7  0.000  0.414     0.00     0.00 -1    -1e-30      0.00 7.539e-01 2.460e-01 1.309e-05 9.155e-06 4.211e-05 -1.000 1.000e-04 -2.423 -2.836 -3.319 -3.711 -4.259 -4.478 -4.540 -4.560 -4.569 -4.145 -4.549 -4.127 -4.423 -4.469 -4.489 -4.529 -4.545 -4.555 -4.563 -4.575 -4.573 -4.563 -4.569 -4.330
5.27e-05 -2.19174 10.07918 0.8003572822 2.4188494682    0.743  2.918  3.6700  1.023    7  0.000  0.411     0.00     0.00 -1    -1e-30      0.00 7.537e-01 2.462e-01 1.293e-05 9.401e-06 4.199e-05 -1.000 9.996e-05 -2.525 -2.940 -3.430 -3.826 -4.379 -4.599 -4.661 -4.681 -4.689 -4.263 -4.670 -4.246 -4.544 -4.590 -4.610 -4.651 -4.666 -4.675 -4.683 -4.696 -4.694 -4.680 -4.688 -4.451
5.27e-05 -2.19174 10.07918 0.8003604412 2.4188506603    0.743  2.958  3.6677  0.974    7  0.000  0.408     0.00     0.00 -1    -1e-30      0.00 7.534e-01 2.465e-01 1.280e-05 9.649e-06 4.184e-05 -1.000 9.073e-05 -2.625 -3.039 -3.537 -3.937 -4.496 -4.716 -4.779 -4.798 -4.805 -4.379 -4.788 -4.361 -4.662 -4.707 -4.727 -4.769 -4.783 -4.793 -4.801 -4.814 -4.811 -4.794 -4.803 -4.568
5.27e-05 -2.19174 10.07918 0.8003637791 2.4188516140    0.743  2.998  3.6654  0.924    7  0.000  0.406     0.00     0.00 -1    -1e-30      0.00 7.532e-01 2.467e-01 1.270e-05 9.884e-06 4.169e-05 -1.000 1.001e-04 -2.726 -3.139 -3.646 -4.051 -4.615 -4.836 -4.899 -4.919 -4.924 -4.496 -4.908 -4.479 -4.782 -4.827 -4.847 -4.890 -4.903 -4.913 -4.921 -4.935 -4.931 -4.910 -4.921 -4.688
5.27e-05 -2.19174 10.07918 0.8003667593 2.4188528061    0.743  3.043  3.6628  0.869    7  0.000  0.405     0.00     0.00 -1    -1e-30      0.00 7.529e-01 2.470e-01 1.262e-05 1.012e-05 4.153e-05 -1.000 9.993e-05 -2.837 -3.250 -3.767 -4.177 -4.747 -4.969 -5.033 -5.052 -5.055 -4.627 -5.041 -4.609 -4.915 -4.960 -4.980 -5.023 -5.036 -5.046 -5.054 -5.068 -5.063 -5.038 -5.051 -4.820
5.27e-05 -2.19174 10.07918 0.8003681302 2.4188532829    0.743  3.066  3.6613  0.840    7  0.000  0.404     0.00     0.00 -1    -1e-30      0.00 7.527e-01 2.472e-01 1.255e-05 1.035e-05 4.136e-05 -1.000 9.997e-05 -2.895 -3.308 -3.831 -4.243 -4.816 -5.039 -5.103 -5.122 -5.125 -4.696 -5.111 -4.678 -4.986 -5.030 -5.050 -5.094 -5.106 -5.116 -5.124 -5.138 -5.133 -5.105 -5.120 -4.890
5.27e-05 -2.19174 10.07918 0.8003686070 2.4188532829    0.743  3.045  3.6627  0.867    7  0.000  0.404     0.00     0.00 -1    -1e-30      0.00 7.526e-01 2.473e-01 1.251e-05 1.047e-05 4.127e-05 -1.000 9.999e-05 -2.842 -3.254 -3.772 -4.182 -4.752 -4.974 -5.038 -5.057 -5.060 -4.632 -5.046 -4.614 -4.920 -4.965 -4.985 -5.028 -5.041 -5.051 -5.059 -5.073 -5.068 -5.043 -5.056 -4.825
5.27e-05 -2.19174 10.07918 0.8003686666 2.4188535213    0.743  3.042  3.6628  0.870    7  0.000  0.404     0.00     0.00 -1    -1e-30      0.00 7.526e-01 2.473e-01 1.251e-05 1.047e-05 4.127e-05 -1.000 1.000e-04 -2.836 -3.249 -3.766 -4.175 -4.745 -4.967 -5.031 -5.050 -5.054 -4.625 -5.039 -4.607 -4.914 -4.958 -4.978 -5.021 -5.034 -5.044 -5.053 -5.066 -5.062 -5.036 -5.050 -4.819
5.27e-05 -2.19174 10.07918 0.8003687263 2.4188535213    0.743  3.045  3.6627  0.867    7  0.000  0.404     0.00     0.00 -1    -1e-30      0.00 7.526e-01 2.473e-01 1.251e-05 1.048e-05 4.127e-05 -1.000 9.996e-05 -2.842 -3.255 -3.773 -4.182 -4.752 -4.974 -5.038 -5.057 -5.061 -4.632 -5.047 -4.614 -4.921 -4.966 -4.985 -5.029 -5.042 -5.051 -5.060 -5.074 -5.069 -5.043 -5.057 -4.826
5.27e-05 -2.19174 10.07918 0.8003688455 2.4188535213    0.743  3.061  3.6617  0.847    7  0.000  0.404     0.00     0.00 -1    -1e-30      0.00 7.526e-01 2.473e-01 1.251e-05 1.048e-05 4.126e-05 -1.000 9.999e-05 -2.883 -3.295 -3.817 -4.228 -4.801 -5.023 -5.087 -5.106 -5.109 -4.680 -5.095 -4.662 -4.970 -5.014 -5.034 -5.078 -5.090 -5.100 -5.109 -5.123 -5.117 -5.090 -5.104 -4.874
5.27e-05 -2.19174 10.07918 0.8003689051 2.4188535213    0.743  3.072  3.6610  0.833    7  0.000  0.404     0.00     0.00 -1    -1e-30      0.00 7.526e-01 2.473e-01 1.251e-05 1.048e-05 4.126e-05 -1.000 9.997e-05 -2.909 -3.321 -3.846 -4.259 -4.833 -5.055 -5.119 -5.138 -5.141 -4.712 -5.128 -4.694 -5.002 -5.047 -5.066 -5.110 -5.122 -5.132 -5.141 -5.155 -5.149 -5.121 -5.135 -4.906
5.27e-05 -2.19174 10.07918 0.8003690839 2.4188535213    0.743  3.097  3.6594  0.801    7  0.000  0.404     0.00     0.00 -1    -1e-30      0.00 7.526e-01 2.473e-01 1.250e-05 1.050e-05 4.125e-05 -1.000 1.000e-04 -2.973 -3.384 -3.916 -4.332 -4.910 -5.133 -5.197 -5.216 -5.218 -4.788 -5.206 -4.770 -5.080 -5.124 -5.144 -5.188 -5.200 -5.210 -5.219 -5.233 -5.227 -5.195 -5.211 -4.984
5.27e-05 -2.19174 10.07918 0.8003692627 2.4188535213    0.743  3.136  3.6570  0.753    7  0.000  0.403     0.00     0.00 -1    -1e-30      0.00 7.522e-01 2.477e-01 1.238e-05 1.091e-05 4.095e-05 -1.000 9.999e-05 -3.070 -3.475 -4.018 -4.440 -5.024 -5.249 -5.313 -5.332 -5.332 -4.901 -5.321 -4.882 -5.196 -5.240 -5.259 -5.302 -5.316 -5.326 -5.335 -5.349 -5.342 -5.306 -5.324 -5.099
5.27e-05 -2.19174 10.07918 0.8003696203 2.4188537598    0.743  3.190  3.6535  0.685    7  0.000  0.403     0.00     0.00 -1    -1e-30      0.00 7.517e-01 2.482e-01 1.227e-05 1.135e-05 4.061e-05 -1.000 1.001e-04 -3.205 -3.602 -4.159 -4.588 -5.180 -5.410 -5.474 -5.495 -5.493 -5.057 -5.483 -5.037 -5.355 -5.401 -5.421 -5.461 -5.479 -5.489 -5.498 -5.513 -5.505 -5.462 -5.482 -5.257
5.27e-05 -2.19174 10.07918 0.8003701568 2.4188539982    0.743  3.237  3.6504  0.625    7  0.549  0.403     0.00     0.00 -1    -1e-30      0.00 7.513e-01 2.486e-01 1.217e-05 1.175e-05 4.030e-05 -1.000 9.999e-05 -3.324 -3.713 -4.283 -4.719 -5.319 -5.552 -5.616 -5.639 -5.635 -5.195 -5.626 -5.173 -5.496 -5.543 -5.563 -5.600 -5.623 -5.632 -5.642 -5.657 -5.648 -5.600 -5.622 -5.396
5.27e-05 -2.19174 10.07918 0.8003704548 2.4188539982    0.743  3.414  3.6091  0.283    8  0.549  0.390    92.82    44.32  1  -1.3e-06      0.00 7.290e-01 2.706e-01 6.375e-05 5.931e-05 2.177e-04 -1.000 3.690e-04 -3.766 -3.949 -4.695 -5.248 -5.980 -6.285 -6.340 -6.390 -6.367 -5.851 -6.362 -5.794 -6.203 -6.271 -6.301 -6.288 -6.371 -6.381 -6.393 -6.413 -6.396 -6.290 -6.321 -6.077
5.27e-05 -2.19174 10.07918 0.8003705144 2.4188539982    0.743  3.292  3.6163  0.434    8  0.549  0.390    67.00    33.43  1 -7.42e-07      0.00 7.290e-01 2.706e-01 6.375e-05 5.931e-05 2.177e-04 -1.000 3.690e-04 -3.459 -3.694 -4.395 -4.923 -5.633 -5.926 -5.982 -6.026 -6.005 -5.504 -6.001 -5.454 -5.848 -5.912 -5.941 -5.935 -6.008 -6.018 -6.029 -6.048 -6.031 -5.934 -5.964 -5.727
5.27e-05 -2.19174 10.07918 0.8003705740 2.4188539982    0.742  3.147  3.6295  0.632    8  0.549  0.390    43.78    23.13  1 -3.76e-07      0.00 7.290e-01 2.706e-01 6.375e-05 5.931e-05 2.177e-04 -1.000 3.690e-04 -3.097 -3.408 -4.045 -4.533 -5.198 -5.468 -5.528 -5.563 -5.547 -5.071 -5.543 -5.033 -5.398 -5.456 -5.481 -5.493 -5.546 -5.555 -5.565 -5.582 -5.568 -5.490 -5.517 -5.286
5.27e-05 -2.19174 10.07918 0.8003706932 2.4188542366    0.741  2.925  3.6497  0.933    8  0.549  0.390    22.82    13.16  1 -1.27e-07      0.00 7.290e-01 2.706e-01 6.375e-05 5.931e-05 2.177e-04 -1.000 3.690e-04 -2.543 -2.927 -3.484 -3.921 -4.529 -4.767 -4.830 -4.853 -4.847 -4.405 -4.840 -4.380 -4.709 -4.757 -4.779 -4.813 -4.838 -4.846 -4.855 -4.870 -4.861 -4.812 -4.832 -4.607
5.27e-05 -2.19174 10.07918 0.8003709316 2.4188542366    0.740  2.930  3.6492  0.926    8  0.549  0.390    23.21    13.34  1 -1.31e-07      0.00 7.290e-01 2.706e-01 6.375e-05 5.931e-05 2.177e-04 -1.000 3.690e-04 -2.555 -2.938 -3.497 -3.935 -4.544 -4.783 -4.846 -4.869 -4.863 -4.420 -4.856 -4.395 -4.724 -4.774 -4.795 -4.829 -4.854 -4.863 -4.871 -4.887 -4.877 -4.827 -4.848 -4.623
5.27e-05 -2.19174 10.07918 0.8003711700 2.4188542366    0.738  2.999  3.6429  0.831    8  0.550  0.390    28.49    15.90  1 -1.86e-07      0.00 7.290e-01 2.706e-01 6.375e-05 5.931e-05 2.177e-04 -1.000 3.690e-04 -2.727 -3.091 -3.673 -4.126 -4.752 -5.000 -5.063 -5.089 -5.080 -4.627 -5.074 -4.598 -4.938 -4.989 -5.012 -5.040 -5.073 -5.082 -5.091 -5.107 -5.096 -5.038 -5.061 -4.833
5.27e-05 -2.19174 10.07918 0.8003714681 2.4188544750    0.736  3.154  3.6287  0.618    8  0.550  0.390    45.15    23.64  1 -3.99e-07      0.00 7.290e-01 2.706e-01 6.375e-05 5.931e-05 2.177e-04 -1.000 3.690e-04 -3.115 -3.421 -4.062 -4.552 -5.221 -5.491 -5.552 -5.587 -5.571 -5.094 -5.567 -5.054 -5.421 -5.479 -5.505 -5.516 -5.570 -5.579 -5.589 -5.607 -5.592 -5.512 -5.540 -5.308
5.27e-05 -2.19174 10.07918 0.8003717661 2.4188544750    0.734  3.296  3.6157  0.423    8  0.550  0.390    68.81    33.96  1 -7.85e-07      0.00 7.290e-01 2.706e-01 6.375e-05 5.931e-05 2.177e-04 -1.000 3.690e-04 -3.470 -3.700 -4.404 -4.935 -5.646 -5.940 -5.996 -6.041 -6.020 -5.518 -6.016 -5.467 -5.862 -5.927 -5.956 -5.949 -6.023 -6.032 -6.044 -6.063 -6.046 -5.948 -5.978 -5.740
5.27e-05 -2.19174 10.07918 0.8003721833 2.4188547134    0.731  3.391  3.6070  0.291    8  0.551  0.390    91.48    43.33  1 -1.23e-06      0.00 7.290e-01 2.706e-01 6.375e-05 5.931e-05 2.177e-04 -1.000 3.690e-04 -3.708 -3.876 -4.629 -5.189 -5.930 -6.241 -6.295 -6.346 -6.323 -5.802 -6.317 -5.741 -6.156 -6.226 -6.257 -6.241 -6.326 -6.337 -6.349 -6.370 -6.352 -6.244 -6.275 -6.029
5.27e-05 -2.19174 10.07918 0.8003726602 2.4188547134    0.728  3.444  3.6021  0.217    8  0.551  0.390   107.35    49.62  1 -1.58e-06      0.00 7.290e-01 2.706e-01 6.375e-05 5.931e-05 2.177e-04 -1.000 3.690e-04 -3.839 -3.967 -4.749 -5.328 -6.087 -6.408 -6.459 -6.515 -6.491 -5.958 -6.484 -5.892 -6.319 -6.392 -6.425 -6.402 -6.494 -6.506 -6.518 -6.540 -6.521 -6.409 -6.440 -6.188
5.27e-05 -2.19174 10.07918 0.8003731370 2.4188549519    0.725  3.470  3.5996  0.178    8  0.552  0.390   116.82    53.21  1 -1.81e-06      0.00 7.290e-01 2.706e-01 6.375e-05 5.931e-05 2.177e-04 -1.000 3.690e-04 -3.906 -4.012 -4.810 -5.398 -6.166 -6.493 -6.543 -6.601 -6.577 -6.038 -6.569 -5.969 -6.402 -6.477 -6.511 -6.484 -6.580 -6.592 -6.604 -6.627 -6.608 -6.493 -6.524 -6.269
5.27e-05 -2.19174 10.07918 0.8003736734 2.4188551903    0.721  3.487  3.5984  0.154    8  0.552  0.390   123.07    55.46  0 -1.99e-06      0.00 7.290e-01 2.706e-01 6.375e-05 5.931e-05 2.177e-04 -1.000 3.690e-04 -3.948 -4.043 -4.850 -5.442 -6.214 -6.544 -6.593 -6.652 -6.628 -6.086 -6.620 -6.016 -6.451 -6.528 -6.561 -6.534 -6.630 -6.643 -6.655 -6.679 -6.659 -6.543 -6.575 -6.318
5.27e-05 -2.19174 10.07918 0.8003757596 2.4188559055    0.554 -9.999  4.0000  1.705    9  0.554  0.000     0.00     0.00 -1    -1e-30      0.00 7.290e-01 2.706e-01 6.375e-05 5.931e-05 2.177e-04 -1.000 3.690e-04 29.767 30.069 30.053 30.100 30.104 30.105 30.105 30.110 30.106 30.101 30.107 30.110 30.090 30.098 30.110 30.111 30.106 30.111 30.111 30.105 30.105 30.103 30.107 30.101
#isochrone terminated
